0	0.652801345790388	0.736979826180773	0.539442300659935	0	0	0	0	0	0	0	0	0	0	0	0	0	0	0	0	0	0	0	0	0	0	0	0	0	0	0	0	0	0	0	0	0	0	0	0	0	0	0.758320388810161	0.546703935972773	0.512018380606658	0	0	0	0	0	0	0	0	0	0	0	0	0	0	0	0	0	0	0	0	0	0	0	0	0	0	0	0	0	0	0	0	0	0	0	0	0	0	0	0	0	0	0	0	0
0.769981431958812	0	0.551396904348201	0.989632372058644	0.861409047005427	0	0	0	0	0	0	0	0	0	0	0	0	0	0	0	0	0	0	0	0	0	0	0	0	0	0	0	0	0	0	0	0	0	0	0	0	0	0	0.743852207944691	0.647036770649712	0	0	0	0	0	0	0	0	0	0	0	0	0	0	0	0	0	0	0	0	0	0	0	0	0	0	0	0	0	0	0	0	0	0	0	0	0	0	0	0	0	0	0	0	0
0.59456916230219	0.70089038846502	0	0.62935855058933	0.577954031326721	0.968878700484226	0	0	0	0	0	0	0	0	0	0	0	0	0	0	0	0	0	0	0	0	0	0	0	0	0	0	0	0	0	0	0	0	0	0	0	0	0	0	0.968012741903261	0	0	0	0	0	0	0	0	0	0	0	0	0	0	0	0	0	0	0	0	0	0	0	0	0	0	0	0	0	0	0	0	0	0	0	0	0	0	0	0	0	0	0	0	0
0.526038982202978	0.873045331068928	0.523174014193929	0	0.81081634448132	0.824262384533656	0.63843432737297	0	0	0	0	0	0	0	0	0	0	0	0	0	0	0	0	0	0	0	0	0	0	0	0	0	0	0	0	0	0	0	0	0	0	0	0	0	0	0	0	0	0	0	0	0	0	0	0	0	0	0	0	0	0	0	0	0	0	0	0	0	0	0	0	0	0	0	0	0	0	0	0	0	0	0	0	0	0	0	0	0	0	0
0	0.934390297530527	0.68288480826017	0.530805481719021	0	0.707765249055526	0.87343997270832	0.832419053635972	0	0	0	0	0	0	0	0	0	0	0	0	0	0	0	0	0	0	0	0	0	0	0	0	0	0	0	0	0	0	0	0	0	0	0	0	0	0	0	0	0	0	0	0	0	0	0	0	0	0	0	0	0	0	0	0	0	0	0	0	0	0	0	0	0	0	0	0	0	0	0	0	0	0	0	0	0	0	0	0	0	0
0	0	0.742150353071844	0.570351735735518	0.89187345190607	0	0.523369373083198	0.98087199429683	0.608088926897575	0	0	0	0	0	0	0	0	0	0	0	0	0	0	0	0	0	0	0	0	0	0	0	0	0	0	0	0	0	0	0	0	0	0	0	0	0	0	0	0	0	0	0	0	0	0	0	0	0	0	0	0	0	0	0	0	0	0	0	0	0	0	0	0	0	0	0	0	0	0	0	0	0	0	0	0	0	0	0	0	0
0	0	0	0.753122560831996	0.851149617843072	0.847886759923952	0	0.664947515838173	0.738371649784841	0.845354436845121	0	0	0	0	0	0	0	0	0	0	0	0	0	0	0	0	0	0	0	0	0	0	0	0	0	0	0	0	0	0	0	0	0	0	0	0	0	0	0	0	0	0	0	0	0	0	0	0	0	0	0	0	0	0	0	0	0	0	0	0	0	0	0	0	0	0	0	0	0	0	0	0	0	0	0	0	0	0	0	0
0	0	0	0	0.70445406495825	0.816234641802874	0.812300611118122	0	0.912068028478967	0.611528832730667	0.749004484015087	0	0	0	0	0	0	0	0	0	0	0	0	0	0	0	0	0	0	0	0	0	0	0	0	0	0	0	0	0	0	0	0	0	0	0	0	0	0	0	0	0	0	0	0	0	0	0	0	0	0	0	0	0	0	0	0	0	0	0	0	0	0	0	0	0	0	0	0	0	0	0	0	0	0	0	0	0	0	0
0	0	0	0	0	0.715275594613398	0.656900888469433	0.818580688505607	0	0.83173873280748	0.624440173313245	0.75612680779215	0	0	0	0	0	0	0	0	0	0	0	0	0	0	0	0	0	0	0	0	0	0	0	0	0	0	0	0	0	0	0	0	0	0	0	0	0	0	0	0	0	0	0	0	0	0	0	0	0	0	0	0	0	0	0	0	0	0	0	0	0	0	0	0	0	0	0	0	0	0	0	0	0	0	0	0	0	0
0	0	0	0	0	0	0.651465358948518	0.94638807966535	0.912289597083157	0	0.769513253268101	0.876468237330661	0.875891936977869	0	0	0	0	0	0	0	0	0	0	0	0	0	0	0	0	0	0	0	0	0	0	0	0	0	0	0	0	0	0	0	0	0	0	0	0	0	0	0	0	0	0	0	0	0	0	0	0	0	0	0	0	0	0	0	0	0	0	0	0	0	0	0	0	0	0	0	0	0	0	0	0	0	0	0	0	0
0	0	0	0	0	0	0	0.577386366624713	0.661856204307425	0.942635238028373	0	0.997939487978009	0.512620767034473	0.834466990307907	0	0	0	0	0	0	0	0	0	0	0	0	0	0	0	0	0	0	0	0	0	0	0	0	0	0	0	0	0	0	0	0	0	0	0	0	0	0	0	0	0	0	0	0	0	0	0	0	0	0	0	0	0	0	0	0	0	0	0	0	0	0	0	0	0	0	0	0	0	0	0	0	0	0	0	0
0	0	0	0	0	0	0	0	0.787252405230012	0.607095584052308	0.814265762854712	0	0.667385372068429	0.761414421692641	0.948404972342849	0	0	0	0	0	0	0	0	0	0	0	0	0	0	0	0	0	0	0	0	0	0	0	0	0	0	0	0	0	0	0	0	0	0	0	0	0	0	0	0	0	0	0	0	0	0	0	0	0	0	0	0	0	0	0	0	0	0	0	0	0	0	0	0	0	0	0	0	0	0	0	0	0	0	0
0	0	0	0	0	0	0	0	0	0.584701885449913	0.670900355691177	0.513401969150275	0	0.948737806853923	0.716137329114302	0.773384779680926	0	0	0	0	0	0	0	0	0	0	0	0	0	0	0	0	0	0	0	0	0	0	0	0	0	0	0	0	0	0	0	0	0	0	0	0	0	0	0	0	0	0	0	0	0	0	0	0	0	0	0	0	0	0	0	0	0	0	0	0	0	0	0	0	0	0	0	0	0	0	0	0	0	0
0	0	0	0	0	0	0	0	0	0	0.561355658029671	0.823116653264674	0.832242436254788	0	0.554838315542736	0.865202349608198	0.810882169150519	0	0	0	0	0	0	0	0	0	0	0	0	0	0	0	0	0	0	0	0	0	0	0	0	0	0	0	0	0	0	0	0	0	0	0	0	0	0	0	0	0	0	0	0	0	0	0	0	0	0	0	0	0	0	0	0	0	0	0	0	0	0	0	0	0	0	0	0	0	0	0	0	0
0	0	0	0	0	0	0	0	0	0	0	0.84978019976534	0.705017864515153	0.580769984344651	0	0.612684632438805	0	0.805748188973915	0	0	0	0.99498735723092	0	0	0	0	0	0	0	0	0	0	0	0	0	0	0	0	0	0	0	0	0	0	0	0	0	0	0	0	0	0	0	0	0	0	0	0	0	0	0	0	0	0	0	0	0	0	0	0	0	0	0	0	0	0	0	0	0	0	0	0	0	0	0	0	0	0	0	0
0	0	0	0	0	0	0	0	0	0	0	0	0.742071310117321	0.575411831407873	0.59237094445899	0	0.689845570666747	0.525629550594715	0.840809303675461	0	0	0	0	0	0	0	0	0	0	0	0	0	0	0	0	0	0	0	0	0	0	0	0	0	0	0	0	0	0	0	0	0	0	0	0	0	0	0	0	0	0	0	0	0	0	0	0	0	0	0	0	0	0	0	0	0	0	0	0	0	0	0	0	0	0	0	0	0	0	0
0	0	0	0	0	0	0	0	0	0	0	0	0	0.817915599193971	0	0.9103597985452	0	0.84665440996627	0.712481335647826	0.734429460685979	0	0	0	0	0	0	0	0	0	0	0	0	0	0	0	0	0	0	0	0	0	0	0	0	0	0	0	0	0	0	0	0	0	0	0	0	0	0	0	0	0	0	0	0	0	0	0	0	0	0	0	0	0	0	0	0	0	0	0	0	0	0	0	0	0	0	0	0	0	0
0	0	0	0	0	0	0	0	0	0	0	0	0	0	0.842089897393453	0.773906465741492	0.66493802622233	0	0.982114795039524	0.863896973507745	0.709515051851993	0	0	0	0	0	0	0	0	0	0	0	0	0	0	0	0	0	0	0	0	0	0	0	0	0	0	0	0	0	0	0	0	0	0	0	0	0	0	0	0	0	0	0	0	0	0	0	0	0	0	0	0	0	0	0	0	0	0	0	0	0	0	0	0	0	0	0	0	0
0	0	0	0	0	0	0	0	0	0	0	0	0	0	0	0.959812932772168	0.60147234847814	0.709737440847298	0	0.509897675803552	0.732491653276152	0.796213174649658	0	0	0	0	0	0	0	0	0	0	0	0	0	0	0	0	0	0	0	0	0	0	0	0	0	0	0	0	0	0	0	0	0	0	0	0	0	0	0	0	0	0	0	0	0	0	0	0	0	0	0	0	0	0	0	0	0	0	0	0	0	0	0	0	0	0	0	0
0	0	0	0	0	0	0	0	0	0	0	0	0	0	0	0	0.696722220864016	0.857934452686377	0.75122687998727	0	0.524202233166373	0.57582449466267	0	0	0	0	0	0.704841013288186	0	0	0	0	0	0	0	0	0	0	0	0	0	0	0	0	0	0	0	0	0	0	0	0	0	0	0	0	0	0	0	0	0	0	0	0	0	0	0	0	0	0	0	0	0	0	0	0	0	0	0	0	0	0	0	0	0	0	0	0	0	0
0	0	0	0	0	0	0	0	0	0	0	0	0	0	0	0	0	0.668693340080315	0.989944394734104	0.947382237227887	0	0.533530829307802	0.832461065513226	0.505052688089219	0	0	0	0	0	0	0	0	0	0	0	0	0	0	0	0	0	0	0	0	0	0	0	0	0	0	0	0	0	0	0	0	0	0	0	0	0	0	0	0	0	0	0	0	0	0	0	0	0	0	0	0	0	0	0	0	0	0	0	0	0	0	0	0	0	0
0	0	0	0	0	0	0	0	0	0	0	0	0	0	0.658577739532666	0	0	0	0.656288729067787	0.883346033087568	0.870275046910474	0	0.949944770454597	0.665656058831944	0.683982094490844	0	0	0	0	0	0	0	0	0	0	0	0	0	0	0	0	0	0	0	0	0	0	0	0	0	0	0	0	0	0	0	0	0	0	0	0	0	0	0	0	0	0	0	0	0	0	0	0	0	0	0	0	0	0	0	0	0	0	0	0	0	0	0	0	0
0	0	0	0	0	0	0	0	0	0	0	0	0	0	0	0	0	0	0	0	0.915510136649945	0.837081238378105	0	0.748997551204123	0.798907673594026	0.998683925436181	0	0	0	0	0	0	0	0	0	0	0	0	0	0	0	0	0	0	0	0	0	0	0	0	0	0	0	0	0	0	0	0	0	0	0	0	0	0	0	0	0	0	0	0	0	0	0	0	0	0	0	0	0	0	0	0	0	0	0	0	0	0	0	0
0	0	0	0	0	0	0	0	0	0	0	0	0	0	0	0	0	0	0	0	0.943704937062262	0.800797598479669	0.543947803622012	0	0.556169607563476	0.57391027294624	0.645190279335123	0	0	0	0	0	0	0	0	0	0	0	0	0	0	0	0	0	0	0	0	0	0	0	0	0	0	0	0	0	0	0	0	0	0	0	0	0	0	0	0	0	0	0	0	0	0	0	0	0	0	0	0	0	0	0	0	0	0	0	0	0	0	0
0	0	0	0	0	0	0	0	0	0	0	0	0	0	0	0	0	0	0	0	0	0.598925212055654	0.664453066122532	0.892425906881884	0	0.761819175004709	0	0.917523657646921	0	0.92767218131228	0	0	0	0	0	0	0	0	0	0	0	0	0	0	0	0	0	0	0	0	0	0	0	0	0	0	0	0	0	0	0	0	0	0	0	0	0	0	0	0	0	0	0	0	0	0	0	0	0	0	0	0	0	0	0	0	0	0	0	0
0	0	0	0	0	0	0	0	0	0	0	0	0	0	0	0	0	0	0	0	0	0	0.585758117155791	0.653754200585606	0.593856430888478	0	0.524568396563145	0.819605875081405	0.792241243551359	0	0	0	0	0	0	0	0	0	0	0	0	0	0	0	0	0	0	0	0	0	0	0	0	0	0	0	0	0	0	0	0	0	0	0	0	0	0	0	0	0	0	0	0	0	0	0	0	0	0	0	0	0	0	0	0	0	0	0	0	0
0	0	0	0	0	0	0	0	0	0	0	0	0	0	0	0	0	0	0	0	0	0	0	0.991305648149582	0	0.725468700875716	0	0.752540373516586	0.627734002215937	0.954741853717794	0	0	0	0	0	0	0	0	0	0	0	0	0	0	0	0	0	0	0	0	0	0	0	0	0	0	0	0	0	0	0	0	0	0	0	0	0	0	0	0	0	0	0	0	0	0	0	0	0	0	0	0	0	0	0	0	0	0	0	0
0	0	0	0	0	0	0	0	0	0	0	0	0	0	0	0	0	0	0	0.626201379317517	0	0	0	0	0.647316526824151	0.893195840567939	0.784364216967034	0	0.959613091267725	0.51763596043068	0.890695902486828	0	0	0	0	0	0	0	0	0	0	0	0	0	0	0	0	0	0	0	0	0	0	0	0	0	0	0	0	0	0	0	0	0	0	0	0	0	0	0	0	0	0	0	0	0	0	0	0	0	0	0	0	0	0	0	0	0	0	0
0	0	0	0	0	0	0	0	0	0	0	0	0	0	0	0	0	0	0	0	0	0	0	0	0	0.927398187276658	0.799776149150245	0.627508471009433	0	0.72036238580955	0	0.748320815694107	0	0.990086592363236	0	0	0	0	0	0	0	0	0	0	0	0	0	0	0	0	0	0	0	0	0	0	0	0	0	0	0	0	0	0	0	0	0	0	0	0	0	0	0	0	0	0	0	0	0	0	0	0	0	0	0	0	0	0	0	0
0	0	0	0	0	0	0	0	0	0	0	0	0	0	0	0	0	0	0	0	0	0	0	0	0.551765784533747	0	0.988583602900063	0.876382050987387	0.922862538370941	0	0.719477774210314	0.798687698845889	0.819015503897062	0	0	0	0	0	0	0	0	0	0	0	0	0	0	0	0	0	0	0	0	0	0	0	0	0	0	0	0	0	0	0	0	0	0	0	0	0	0	0	0	0	0	0	0	0	0	0	0	0	0	0	0	0	0	0	0	0
0	0	0	0	0	0	0	0	0	0	0	0	0	0	0	0	0	0	0	0	0	0	0	0	0	0	0	0.930624325681563	0	0.587710475138634	0	0.665090013027006	0.736661441798167	0.801705601929797	0	0	0	0	0	0	0	0	0	0	0	0	0	0	0	0	0	0	0	0	0	0	0	0	0	0	0	0	0	0	0	0	0	0	0	0	0	0	0	0	0	0	0	0	0	0	0	0	0	0	0	0	0	0	0	0
0	0	0	0	0	0	0	0	0	0	0	0	0	0	0	0	0	0	0	0	0	0	0	0	0	0	0	0	0.894609986127146	0.857576412401114	0.557131541173082	0	0.9779065225952	0.876123542291745	0.874656573291507	0	0	0	0	0	0	0	0	0	0	0	0	0	0	0	0	0	0	0	0	0	0	0	0	0	0	0	0	0	0	0	0	0	0	0	0	0	0	0	0	0	0	0	0	0	0	0	0	0	0	0	0	0	0	0
0	0	0	0	0	0	0	0	0	0	0	0	0	0	0	0	0	0	0	0	0	0	0	0	0	0	0	0	0	0.688872884643243	0.865165785552636	0.614374613197335	0	0.613177116793969	0.99045296649097	0.560998778418527	0	0	0	0	0	0	0	0	0	0	0	0	0	0	0	0	0	0	0	0	0	0	0	0	0	0	0	0	0	0	0	0	0	0	0	0	0	0	0	0	0	0	0	0	0	0	0	0	0	0	0	0	0	0
0	0	0	0	0	0	0	0	0	0	0	0	0	0	0	0	0	0	0	0	0	0	0	0	0	0	0	0	0.792656604742657	0	0.597232412234025	0.952174517404252	0.757830152914946	0	0.846393606063906	0.99298030120752	0.604186834443783	0	0	0	0	0	0	0	0	0	0	0	0	0	0	0	0	0	0	0	0	0	0	0	0	0	0	0	0	0	0	0	0	0	0	0	0	0	0	0	0	0	0	0	0	0	0	0	0	0	0	0	0	0
0	0	0	0	0	0	0	0	0	0	0	0	0	0	0	0	0	0	0	0	0	0	0	0	0	0	0	0	0	0	0	0.926770932654269	0.516839600747807	0.874850947393857	0	0.699571775511082	0.96766291541011	0.562645111472567	0	0	0	0	0	0	0	0	0	0	0	0	0	0	0	0	0	0	0	0	0	0	0	0	0	0	0	0	0	0	0	0	0	0	0	0	0	0	0	0	0	0	0	0	0	0	0	0	0	0	0	0
0	0	0	0	0	0	0	0	0	0	0	0	0	0	0	0	0	0	0	0	0	0	0	0	0	0	0	0	0	0	0	0	0.626768232519358	0.990871857419885	0.990383203690703	0	0.603680249113387	0.965108745869059	0.840174591668217	0	0	0	0	0	0	0	0	0	0	0	0	0	0	0	0	0	0	0	0	0	0	0	0	0	0	0	0	0	0	0	0	0	0	0	0	0	0	0	0	0	0	0	0	0	0	0	0	0	0	0
0	0	0	0	0	0	0	0	0	0	0	0	0	0	0	0	0	0	0	0	0	0	0	0	0	0	0	0	0	0	0	0	0	0.835779062268986	0.79666070000455	0.742914510337105	0	0.918950559179185	0.998767907444538	0.904590526500927	0	0	0	0	0	0	0	0	0	0	0	0	0	0	0	0	0	0	0	0	0	0	0	0	0	0	0	0	0	0	0	0	0	0	0	0	0	0	0	0	0	0	0	0	0	0	0	0	0	0
0	0	0	0	0	0	0	0	0	0	0	0	0	0	0	0	0	0	0	0	0	0	0	0	0	0	0	0	0	0	0	0	0	0	0.81142112957267	0.728256255405933	0.988334247324216	0	0.623835163532046	0.864284644752016	0.570012259217214	0	0	0	0	0	0	0	0	0	0	0	0	0	0	0	0	0	0	0	0	0	0	0	0	0	0	0	0	0	0	0	0	0	0	0	0	0	0	0	0	0	0	0	0	0	0	0	0	0
0	0	0	0	0	0	0	0	0	0	0	0	0	0	0	0	0	0	0	0	0	0	0	0	0	0	0	0	0	0	0	0	0	0	0	0.624799311837742	0.953769613345057	0.916279351611046	0	0.660249721668181	0.967811150162745	0.660531360529576	0	0	0	0	0	0	0	0	0	0	0	0	0	0	0	0	0	0	0	0	0	0	0	0	0	0	0	0	0	0	0	0	0	0	0	0	0	0	0	0	0	0	0	0	0	0	0	0
0	0	0	0	0	0	0	0	0	0	0	0	0	0	0	0	0	0	0	0	0	0	0	0	0	0	0	0	0	0	0	0	0	0	0	0	0.687421092186023	0.689260606351863	0.884441528000219	0	0.545815668913411	0.789319236658246	0.90341183651229	0	0	0	0	0	0	0	0	0	0	0	0	0	0	0	0	0	0	0	0	0	0	0	0	0	0	0	0	0	0	0	0	0	0	0	0	0	0	0	0	0	0	0	0	0	0	0
0	0	0	0	0	0	0	0	0	0	0	0	0	0	0	0	0	0	0	0	0	0	0	0	0	0	0	0	0	0	0	0	0	0	0	0	0	0.675539891075299	0.920242874637277	0.997378859462551	0	0.818547602013779	0.873152188583579	0.869619659439567	0	0	0	0	0	0	0	0	0	0	0	0	0	0	0	0	0	0	0	0	0	0	0	0	0	0	0	0	0	0	0	0	0	0	0	0	0	0	0	0	0	0	0	0	0	0
0	0	0	0	0	0	0	0	0	0	0	0	0	0	0	0	0	0	0	0	0	0	0	0	0	0	0	0	0	0	0	0	0	0	0	0	0	0	0.727233700601675	0.648577447094673	0.854074277967003	0	0.611318556893234	0.506159984963987	0.552905444202307	0	0	0	0	0	0	0	0	0	0	0	0	0	0	0	0	0	0	0	0	0	0	0	0	0	0	0	0	0	0	0	0	0	0	0	0	0	0	0	0	0	0	0	0	0
0.923999839928919	0	0	0	0	0	0	0	0	0	0	0	0	0	0	0	0	0	0	0	0	0	0	0	0	0	0	0	0	0	0	0	0	0	0	0	0	0	0	0.757508026238903	0.742658401559638	0.930491514181776	0	0.562526572721602	0.853660407786274	0	0	0	0	0	0	0	0	0	0	0	0	0	0	0	0	0	0	0	0	0	0	0	0	0	0	0	0	0	0	0	0	0	0	0	0	0	0	0	0	0	0	0	0	0
0.888104158251583	0.610716218681476	0	0	0	0	0	0	0	0	0	0	0	0	0	0	0	0	0	0	0	0	0	0	0	0	0	0	0	0	0	0	0	0	0	0	0	0	0	0	0.540622741069907	0.995956752924378	0.953114387871349	0	0.823873422936985	0	0	0	0	0	0	0	0	0	0	0	0	0	0	0	0	0	0	0	0	0	0	0	0	0	0	0	0	0	0	0	0	0	0	0	0	0	0	0	0	0	0	0	0	0
0.765276233975641	0.632350250648266	0.827848451247516	0	0	0	0	0	0	0	0	0	0	0	0	0	0	0	0	0	0	0	0	0	0	0	0	0	0	0	0	0	0	0	0	0	0	0	0	0	0	0.561237604192469	0.881604665030883	0.634964293625929	0	0	0	0	0	0	0	0	0	0	0	0	0	0	0	0	0	0	0	0	0	0	0	0	0	0	0	0	0	0	0	0	0	0	0	0	0	0	0	0	0	0	0	0	0	0
0	0	0	0	0	0	0	0	0	0	0	0	0	0	0	0	0	0	0	0	0	0	0	0	0	0	0	0	0	0	0	0	0	0	0	0	0	0	0	0	0	0	0	0	0	0	0.526857358154361	0.716208506261216	0	0	0.844773876240441	0.967306586594329	0	0	0	0.612114658038743	0	0	0.65542622776064	0	0	0	0	0	0	0	0	0	0	0.553638983537521	0	0	0	0	0.754202539069884	0.870898023426503	0	0	0	0	0.878168791700632	0	0.635282918794325	0	0	0	0	0	0	0.805389336168738
0	0	0	0	0	0	0	0	0	0	0	0	0	0	0	0	0	0	0	0	0	0	0	0	0	0	0	0	0	0	0	0	0	0	0	0	0	0	0	0	0	0	0	0	0	0.708180207086577	0	0	0.805878351111109	0.79201460923846	0.702861623126965	0	0	0	0	0	0	0	0	0.623502320049466	0	0	0	0	0	0	0	0	0	0.544814890325092	0	0	0	0.6006204249925	0	0	0	0	0.679960023698331	0	0.876799731008638	0	0.640004334730465	0.745875396353138	0.667923092020631	0	0.785318239313774	0	0	0
0	0	0	0	0	0	0	0	0	0	0	0	0	0	0	0	0	0	0	0	0	0	0	0	0	0	0	0	0	0	0	0	0	0	0	0	0	0	0	0	0	0	0	0	0	0.559101225917938	0	0	0	0	0	0	0.821785414305723	0.696086796335706	0	0.852107780718156	0	0	0.778993305266023	0	0	0	0	0	0	0.869295777006925	0	0	0	0.738298214734014	0.840878660093502	0.740619206814337	0.579256994548586	0	0	0	0	0.547181520550318	0.719751669287266	0.95052692278155	0	0	0	0	0	0	0	0.83807309995479	0	0
0	0	0	0	0	0	0	0	0	0	0	0	0	0	0	0	0	0	0	0	0	0	0	0	0	0	0	0	0	0	0	0	0	0	0	0	0	0	0	0	0	0	0	0	0	0	0.918334902871612	0	0	0	0	0	0	0.697764669656928	0.752085383272693	0	0	0	0	0	0	0	0	0	0	0	0	0	0	0.660608274536587	0.748286535610246	0.998651754341791	0	0	0.924071755086722	0.817597099137104	0	0	0	0	0	0.58959687819169	0	0	0	0	0	0	0.520411567124222	0.527313276428523
0	0	0	0	0	0	0	0	0	0	0	0	0	0	0	0	0	0	0	0	0	0	0	0	0	0	0	0	0	0	0	0	0	0	0	0	0	0	0	0	0	0	0	0	0	0	0.890398754117956	0	0	0	0.635781697197865	0	0.832421410270905	0	0	0	0	0	0	0	0	0.542245694108397	0.501070395593446	0	0	0	0	0	0	0	0	0.846269582542362	0.522136880635834	0	0.780011963991591	0	0	0	0.853107255912736	0	0	0	0.854094748703067	0.874826484342836	0	0.543148125197251	0	0	0.834407488730691	0
0	0	0	0	0	0	0	0	0	0	0	0	0	0	0	0	0	0	0	0	0	0	0	0	0	0	0	0	0	0	0	0	0	0	0	0	0	0	0	0	0	0	0	0	0	0.594106688617707	0.908970903898318	0	0	0.99886776232926	0	0	0.678008427035678	0	0.542038102012569	0	0	0.918497459986262	0	0	0	0	0	0	0.937369603857493	0	0	0	0.593665711919868	0	0	0.780939710901403	0	0.803938774843345	0.699372005501243	0	0	0	0	0	0	0	0.992694736889586	0	0	0.832799174356575	0	0.515291269788277	0.820699065677352	0
0	0	0	0	0	0	0	0	0	0	0	0	0	0	0	0	0	0	0	0	0	0	0	0	0	0	0	0	0	0	0	0	0	0	0	0	0	0	0	0	0	0	0	0	0	0.515094490158546	0	0	0	0	0	0	0.596576539462328	0.63616189204021	0	0	0	0	0	0	0.87814624672653	0.596291538101158	0.969143322758109	0	0.546674140262106	0	0	0.880515665273318	0.820235582029116	0.56953262336191	0	0	0.666945933374918	0	0	0.7897609139289	0.566839411739812	0	0	0	0	0	0.968927536759476	0.646792507191297	0	0	0	0	0	0
0	0	0	0	0	0	0	0	0	0	0	0	0	0	0	0	0	0	0	0	0	0	0	0	0	0	0	0	0	0	0	0	0	0	0	0	0	0	0	0	0	0	0	0	0	0	0	0.505277429203223	0	0.636246897307522	0.808554427164638	0.944700700214983	0	0.886282093256165	0	0.512291146192171	0.535436493281201	0	0	0.867589060622874	0	0	0	0	0	0	0	0	0	0.739372331289951	0	0	0	0	0	0	0	0	0.778129517557016	0.637484471277356	0	0	0	0	0	0	0.82029412814273	0	0.758683849165821	0
0	0	0	0	0	0	0	0	0	0	0	0	0	0	0	0	0	0	0	0	0	0	0	0	0	0	0	0	0	0	0	0	0	0	0	0	0	0	0	0	0	0	0	0	0	0	0	0.695432751988043	0.641500669552681	0	0	0.8242459544411	0.863719720147694	0	0	0	0.748185515504143	0.695143093362111	0	0	0	0	0	0	0	0	0	0.873951827266762	0.732719084238956	0	0	0	0	0	0.582942660301852	0	0.903650940437116	0.926140389548342	0	0.519413506840706	0.676829097222217	0	0	0	0.95665762339854	0	0.648485692692124	0	0	0
0	0	0	0	0	0	0	0	0	0	0	0	0	0	0	0	0	0	0	0	0	0	0	0	0	0	0	0	0	0	0	0	0	0	0	0	0	0	0	0	0	0	0	0	0	0	0	0	0.874925364335112	0	0.69341738582734	0	0	0	0	0	0	0.817670203919854	0.855013462069113	0	0.73385537336158	0	0	0	0	0.619772520098873	0	0	0.500749916168591	0	0	0	0	0	0	0.605583382245664	0	0	0.778999239807279	0.849262181616804	0	0.68885953735906	0	0.85488972478806	0	0	0	0.75540559729714	0	0
0	0	0	0	0	0	0	0	0	0	0	0	0	0	0	0	0	0	0	0	0	0	0	0	0	0	0	0	0	0	0	0	0	0	0	0	0	0	0	0	0	0	0	0	0	0.621967769019207	0	0.682796065321138	0	0	0	0	0.523257722907415	0	0	0	0.539690118814665	0	0.943049925850183	0	0	0	0	0	0	0	0	0	0	0.641124461664468	0	0	0	0	0	0.946576010934122	0.527543268588121	0	0.862507805030416	0	0.622205328880695	0	0.898267017309807	0	0	0.914310039505408	0.945063178790457	0.826121803345867	0	0
0	0	0	0	0	0	0	0	0	0	0	0	0	0	0	0	0	0	0	0	0	0	0	0	0	0	0	0	0	0	0	0	0	0	0	0	0	0	0	0	0	0	0	0	0	0	0	0	0	0	0	0	0.972425679941607	0.811920969401335	0	0.920106645596591	0	0	0	0	0.527993064177673	0	0	0.557662077050739	0	0	0	0	0.547019441083267	0	0.872082380180438	0	0.862592798849472	0	0.67575809277984	0	0	0	0.591652909804101	0	0.864023496507273	0	0.718885100500571	0	0	0	0	0	0.723302112893666	0
0	0	0	0	0	0	0	0	0	0	0	0	0	0	0	0	0	0	0	0	0	0	0	0	0	0	0	0	0	0	0	0	0	0	0	0	0	0	0	0	0	0	0	0	0	0	0	0	0	0	0.514074350084208	0	0	0.649617900966385	0.516843901708916	0	0	0	0	0.675037998166735	0.697296671721842	0.525499218634664	0.825560531507903	0.67515466565791	0	0	0	0	0	0.721484681820543	0.528075066994173	0	0.896003555147747	0	0	0.952032705025034	0.613891771147116	0	0	0	0	0	0.591762861487254	0	0.541676606872998	0	0	0	0	0
0	0	0	0	0	0	0	0	0	0	0	0	0	0	0	0	0	0	0	0	0	0	0	0	0	0	0	0	0	0	0	0	0	0	0	0	0	0	0	0	0	0	0	0	0	0.863871853520402	0	0.946896918016105	0	0	0	0	0	0	0.712092329235522	0.894578979218546	0	0	0	0	0	0	0	0	0	0	0	0	0.91088428302355	0.930900488836263	0	0	0	0	0	0.586251169045721	0	0	0.737756553048308	0	0	0.704116858922583	0	0.858277947572636	0	0.999116207927847	0.580673387840475	0	0	0.792744652049103
0	0	0	0	0	0	0	0	0	0	0	0	0	0	0	0	0	0	0	0	0	0	0	0	0	0	0	0	0	0	0	0	0	0	0	0	0	0	0	0	0	0	0	0	0	0	0.815767177144213	0	0	0	0	0	0.533132175659986	0	0	0	0	0.643964156784236	0	0	0.683494359827539	0	0	0	0	0.53913435502551	0	0	0	0.912691264407573	0	0.757077142284327	0	0	0.963522852836406	0	0	0	0	0.51789063432724	0	0.691914084135213	0	0.611393741379906	0	0	0.697447773190129	0	0	0
0	0	0	0	0	0	0	0	0	0	0	0	0	0	0	0	0	0	0	0	0	0	0	0	0	0	0	0	0	0	0	0	0	0	0	0	0	0	0	0	0	0	0	0	0	0	0	0	0	0	0	0.583095331059299	0	0	0.679368848284298	0	0.803296144288955	0.664083344424767	0	0.934874238421881	0	0.604666211104602	0	0	0	0	0.956359089688481	0	0	0.780395411164384	0	0	0	0	0.883976013897334	0.541570752395259	0.769353596702721	0	0.703507687344988	0.551236625099002	0	0	0	0	0	0	0.522265058238816	0	0	0
0	0	0	0	0	0	0	0	0	0	0	0	0	0	0	0	0	0	0	0	0	0	0	0	0	0	0	0	0	0	0	0	0	0	0	0	0	0	0	0	0	0	0	0	0	0	0	0	0	0.710765473940701	0	0.592251038050851	0	0	0	0	0	0.937179824140157	0	0	0.918277937356446	0	0.550282555371454	0.712557401103888	0	0	0.987733650535231	0.64526633402773	0	0.841731773990148	0	0	0.615299711283665	0	0.758848610881391	0	0	0	0	0	0	0	0.814176718480917	0	0	0.565141077092285	0	0.958413015375823	0	0.964039164524691
0	0	0	0	0	0	0	0	0	0	0	0	0	0	0	0	0	0	0	0	0	0	0	0	0	0	0	0	0	0	0	0	0	0	0	0	0	0	0	0	0	0	0	0	0	0	0	0	0	0.900595388062701	0	0.537401159973655	0	0	0	0	0	0.869612914167577	0	0	0	0.617728846808279	0	0.57609243331802	0	0	0.678264640367309	0	0	0	0	0	0.924440713101951	0.990868459609672	0.596467218611193	0	0.842224421125022	0	0.808947962598754	0	0	0	0	0	0	0	0	0	0	0.53575831579895
0	0	0	0	0	0	0	0	0	0	0	0	0	0	0	0	0	0	0	0	0	0	0	0	0	0	0	0	0	0	0	0	0	0	0	0	0	0	0	0	0	0	0	0	0	0	0	0	0	0	0	0	0	0	0	0	0.976354114677271	0.837552290547828	0	0	0	0.507293085801151	0.586139427729253	0	0.794332454932454	0.534888088686998	0.547584340464341	0	0.614867441598387	0	0	0	0	0	0	0	0	0	0.932549171583076	0.536093507982183	0.791938242198888	0	0.821150784634382	0	0.928469753312657	0	0	0	0	0
0	0	0	0	0	0	0	0	0	0	0	0	0	0	0	0	0	0	0	0	0	0	0	0	0	0	0	0	0	0	0	0	0	0	0	0	0	0	0	0	0	0	0	0	0	0	0	0	0	0	0.865654284258139	0.692757897995416	0	0	0	0	0	0	0	0	0	0	0	0.804569684844046	0	0.769397879134417	0	0	0.911105457686112	0	0	0	0.942311004149668	0	0	0	0	0	0	0	0	0.90761423536163	0	0.751048170190517	0	0.810897157054364	0	0	0	0.631226110716962
0	0	0	0	0	0	0	0	0	0	0	0	0	0	0	0	0	0	0	0	0	0	0	0	0	0	0	0	0	0	0	0	0	0	0	0	0	0	0	0	0	0	0	0	0	0	0	0.726354794546547	0	0	0	0	0	0	0.645768756249589	0	0	0	0	0.907845558340612	0	0	0	0.561274173912312	0.627556259621158	0	0.583309092020449	0	0.886527971654916	0.99072659525798	0.81037116983531	0	0	0	0	0	0	0	0	0.69313365322701	0	0	0	0.560197943350383	0	0	0	0.842543048200047	0	0
0	0	0	0	0	0	0	0	0	0	0	0	0	0	0	0	0	0	0	0	0	0	0	0	0	0	0	0	0	0	0	0	0	0	0	0	0	0	0	0	0	0	0	0	0	0	0	0	0	0	0	0	0	0	0	0	0	0	0	0	0.754772616072911	0.764250680565153	0.770135110053889	0.573279608939156	0	0.629706206098304	0	0	0	0.610613251385685	0	0.696902914816798	0	0.551918351658581	0	0.804251116956352	0	0.712357410931422	0	0	0.740086187347666	0.931367130920225	0	0	0	0	0	0	0	0.796564883281032
0	0	0	0	0	0	0	0	0	0	0	0	0	0	0	0	0	0	0	0	0	0	0	0	0	0	0	0	0	0	0	0	0	0	0	0	0	0	0	0	0	0	0	0	0	0	0	0	0	0	0	0.93344565837529	0	0.986844280003424	0	0	0	0	0	0	0	0.510110463315608	0	0	0	0	0	0	0	0	0.603408452146096	0	0	0	0.886896120027043	0	0.835672254670082	0	0.872206624203119	0	0	0	0	0	0	0	0.710214442455248	0.7362667794954	0.541642610473226	0
0	0	0	0	0	0	0	0	0	0	0	0	0	0	0	0	0	0	0	0	0	0	0	0	0	0	0	0	0	0	0	0	0	0	0	0	0	0	0	0	0	0	0	0	0	0	0	0	0	0	0.684504171703328	0.607097984514512	0	0.96004057304682	0.731508524116018	0	0.995478293042929	0	0.728146398512638	0	0	0	0	0.97181339181919	0.785098323573268	0.563726931086406	0	0	0	0	0	0.747206901665865	0	0	0	0.803791004380829	0	0	0	0	0	0	0	0.853545541691928	0	0	0	0	0	0
0	0	0	0	0	0	0	0	0	0	0	0	0	0	0	0	0	0	0	0	0	0	0	0	0	0	0	0	0	0	0	0	0	0	0	0	0	0	0	0	0	0	0	0	0	0.845411466533641	0.70436478468306	0.53586170704859	0.963989368054066	0	0	0.532170543661963	0.895676570443307	0	0	0.608300251447042	0	0.961944292197445	0.984411823428614	0.746611707308062	0.70798429817832	0.755026736816691	0	0	0	0.703044445132751	0.662166778750061	0	0	0	0.659714292416629	0	0	0.553751706950924	0	0	0.906227252326755	0.509074622543704	0	0	0	0	0	0	0.794038376039752	0	0	0	0	0
0	0	0	0	0	0	0	0	0	0	0	0	0	0	0	0	0	0	0	0	0	0	0	0	0	0	0	0	0	0	0	0	0	0	0	0	0	0	0	0	0	0	0	0	0	0	0	0.501507350176722	0.806640783864365	0	0	0	0	0	0	0	0.771353948904521	0.748097516877619	0	0	0	0	0	0	0	0.971481057568049	0	0.544837569018575	0	0.623489566791893	0	0.790083387933745	0.595012644110528	0	0	0	0	0	0	0.918495219476883	0	0	0.957774120201682	0	0.542041689724269	0	0	0	0.834969450633519	0
0	0	0	0	0	0	0	0	0	0	0	0	0	0	0	0	0	0	0	0	0	0	0	0	0	0	0	0	0	0	0	0	0	0	0	0	0	0	0	0	0	0	0	0	0	0	0	0.553289169093171	0.600897110220949	0.560845912966885	0.571518301750825	0	0	0	0	0	0	0	0	0.983431827779097	0	0	0	0	0	0	0.770632092210209	0	0.861630991404436	0	0.710432382939219	0	0.964015807750635	0	0.645454657746298	0	0.834626993028487	0.607695156097076	0.627905293021523	0	0	0	0	0	0	0	0	0	0	0.674130831497732
0	0	0	0	0	0	0	0	0	0	0	0	0	0	0	0	0	0	0	0	0	0	0	0	0	0	0	0	0	0	0	0	0	0	0	0	0	0	0	0	0	0	0	0	0	0	0	0.533984991133339	0	0.651736393052921	0	0.778558223977988	0	0	0	0	0.786012507486268	0.866700642957302	0	0	0	0.794195294569053	0.963200047427732	0	0.685705804492639	0	0	0	0	0	0.911986708829176	0.670933056345864	0	0	0	0.728057896617769	0.875870160088932	0.632893511458149	0	0	0	0	0	0	0.954617342306846	0	0.5682795120188	0	0.87821528722108	0
0	0	0	0	0	0	0	0	0	0	0	0	0	0	0	0	0	0	0	0	0	0	0	0	0	0	0	0	0	0	0	0	0	0	0	0	0	0	0	0	0	0	0	0	0	0	0.88955294061585	0	0	0	0.959062895495496	0	0	0	0	0	0	0	0	0	0	0	0.514097011246321	0	0	0	0.734008739669655	0	0	0.889685731485822	0	0	0	0	0.805155591196217	0.638349711992533	0	0.907052211665204	0	0	0.637248645072859	0.891281563848539	0	0.809010072316723	0	0	0	0	0	0
0	0	0	0	0	0	0	0	0	0	0	0	0	0	0	0	0	0	0	0	0	0	0	0	0	0	0	0	0	0	0	0	0	0	0	0	0	0	0	0	0	0	0	0	0	0.569158602148523	0	0	0.689021366879801	0.728700618544801	0.572636288759975	0	0	0.617052906018398	0	0	0.547491286079895	0	0	0.736694379125922	0.851514849090429	0.696990487057026	0.742005771937853	0	0	0	0	0.924732035515808	0	0	0	0.875086601105442	0	0.883200544340445	0	0	0	0	0.806503083290866	0	0	0	0	0	0	0.548649842671385	0	0	0	0
0	0	0	0	0	0	0	0	0	0	0	0	0	0	0	0	0	0	0	0	0	0	0	0	0	0	0	0	0	0	0	0	0	0	0	0	0	0	0	0	0	0	0	0	0	0.646084648326923	0	0	0.764594567144454	0	0	0.911229491366441	0	0	0.642364975441169	0.971665626463205	0	0.831931066696378	0.628082672419405	0	0.816651860579746	0	0	0	0	0	0.70534394939457	0	0.759793941041883	0	0	0	0.936582292794557	0.570011440587318	0	0	0	0	0	0.60273038007368	0	0	0.725711439274316	0	0	0.577337422665995	0	0.869413963442185	0.513987872123545	0.95777377217102
0	0	0	0	0	0	0	0	0	0	0	0	0	0	0	0	0	0	0	0	0	0	0	0	0	0	0	0	0	0	0	0	0	0	0	0	0	0	0	0	0	0	0	0	0	0	0	0	0	0	0	0.840683863333282	0	0.871972209495889	0	0.799031130440454	0	0.549392797943609	0	0	0.894679575279158	0	0.96131500637262	0	0	0	0	0.591713424139233	0	0.793578973256822	0	0.632135549972283	0.969548867628144	0	0	0	0	0	0.899232759807936	0.62117662540761	0	0.7205815222953	0.58984377090368	0	0	0.992498336685382	0	0.683191187558565	0	0
0	0	0	0	0	0	0	0	0	0	0	0	0	0	0	0	0	0	0	0	0	0	0	0	0	0	0	0	0	0	0	0	0	0	0	0	0	0	0	0	0	0	0	0	0	0	0	0.695279679266806	0	0	0	0	0	0.538054277581418	0	0	0	0	0	0	0	0	0	0	0	0	0.636438464869071	0	0	0.704272365562749	0	0.614857671033372	0.596708742564264	0.874359839863228	0	0	0	0	0	0.70608964194491	0	0.803214260739692	0.577207806600898	0	0.722107547719566	0	0	0.951122464804709	0	0.973032883291175
0	0	0	0	0	0	0	0	0	0	0	0	0	0	0	0	0	0	0	0	0	0	0	0	0	0	0	0	0	0	0	0	0	0	0	0	0	0	0	0	0	0	0	0	0	0	0.970819753720402	0.617631065995502	0	0.556881669842935	0	0	0.993451871112804	0	0.893155106108601	0.549807078052016	0.802710765313251	0	0.827592814393739	0	0.657921440302468	0	0.748647142763608	0.794499198097965	0	0	0	0.900684085543466	0	0	0	0.742387356942334	0	0	0.547743994781267	0	0.983165737905093	0	0	0.520496391649388	0.810840632744338	0.775736498394811	0.973901460411708	0.960963199119697	0	0	0	0	0	0
0	0	0	0	0	0	0	0	0	0	0	0	0	0	0	0	0	0	0	0	0	0	0	0	0	0	0	0	0	0	0	0	0	0	0	0	0	0	0	0	0	0	0	0	0	0	0	0.896027182458059	0	0	0	0	0.852986980722595	0.776338720070859	0.573943741758337	0	0	0	0	0.655944108922586	0.609860904252338	0	0	0.959754504997379	0	0.905375384205745	0	0	0	0	0.550991482697626	0	0	0	0	0.947997278774843	0.728333279218036	0.512049655303647	0.504057326450559	0	0	0	0	0.87328565725684	0.91510312013717	0	0.613343989872351	0	0	0
0	0	0	0	0	0	0	0	0	0	0	0	0	0	0	0	0	0	0	0	0	0	0	0	0	0	0	0	0	0	0	0	0	0	0	0	0	0	0	0	0	0	0	0	0	0.764980317406839	0.906930403586101	0	0	0	0	0	0	0.752626250393344	0	0.791036748943411	0.893549102414198	0	0	0	0	0	0	0.751514342050537	0	0	0.890428303598801	0	0	0	0	0	0	0.80169301362113	0	0	0	0	0.935061012644856	0	0	0	0.838890472871762	0.747420699425753	0.656905239012431	0.878251329523641	0.510586306871305	0	0	0
0	0	0	0	0	0	0	0	0	0	0	0	0	0	0	0	0	0	0	0	0	0	0	0	0	0	0	0	0	0	0	0	0	0	0	0	0	0	0	0	0	0	0	0	0	0	0	0	0.803086321218863	0	0	0	0	0	0.799061871581412	0	0	0	0.874068698727131	0.694761358777332	0	0	0	0	0.589369049915361	0	0.809660906580934	0	0	0	0	0	0	0.786684269684365	0	0	0.967096979305678	0.889857629066845	0.857877103597725	0	0	0	0.976560071749295	0.935074060607191	0	0	0.698343822240144	0.96561326611737	0	0.947377531152249
0	0	0	0	0	0	0	0	0	0	0	0	0	0	0	0	0	0	0	0	0	0	0	0	0	0	0	0	0	0	0	0	0	0	0	0	0	0	0	0	0	0	0	0	0	0.749498025530328	0.702730707599099	0	0	0.505262834666796	0.848652157025492	0.506205381648393	0	0	0	0.950069919655618	0.938230679473456	0.965507811151481	0	0	0	0.666755388442181	0	0.58183706422425	0	0	0	0	0	0	0.994772773873828	0	0	0	0	0.858636490062016	0.961549905416677	0.733023562759916	0.898145062067722	0	0.834269785976952	0.527782505517941	0	0.979493194203274	0	0	0	0.786330288055762	0.632789257583997	0.701171744536273
0	0	0	0	0	0	0	0	0	0	0	0	0	0	0	0	0	0	0	0	0	0	0	0	0	0	0	0	0	0	0	0	0	0	0	0	0	0	0	0	0	0	0	0	0	0	0.960382718710943	0	0	0.560345709137122	0	0.913878121667999	0	0	0.548045775839552	0	0	0	0.901964053615806	0.883329523291205	0	0	0	0	0.947392315239758	0.737566684617127	0	0	0.794445564104608	0	0	0	0	0.763892013219483	0	0	0	0	0.671478208913308	0.990173658229508	0.880767787732835	0.560783431777172	0.962510596294494	0	0.629245735894611	0	0.629688200167219	0	0	0
0	0	0	0	0	0	0	0	0	0	0	0	0	0	0	0	0	0	0	0	0	0	0	0	0	0	0	0	0	0	0	0	0	0	0	0	0	0	0	0	0	0	0	0	0	0	0.715882420843546	0	0	0	0	0	0	0.953431246459397	0	0	0	0.613088009303258	0	0	0	0	0	0.833824071760056	0	0	0	0	0	0.575229065946345	0.897740891245202	0	0.53018177914748	0	0	0	0	0.551074193801559	0	0.927214127928292	0.83393356657696	0	0	0.93240425595163	0	0	0	0	0.934146349439463	0.649336992921511
0	0	0	0	0	0	0	0	0	0	0	0	0	0	0	0	0	0	0	0	0	0	0	0	0	0	0	0	0	0	0	0	0	0	0	0	0	0	0	0	0	0	0	0	0	0	0	0	0	0.798751774186395	0.816932388874526	0	0	0	0	0.760087315916798	0	0	0.648782965037032	0	0	0.626510443635045	0	0	0.836975885907317	0	0	0	0	0	0	0	0	0	0.712517812852144	0.789806564061117	0.663908912605579	0	0	0	0.975309746020259	0	0	0	0	0	0	0	0.617767906099573	0
0	0	0	0	0	0	0	0	0	0	0	0	0	0	0	0	0	0	0	0	0	0	0	0	0	0	0	0	0	0	0	0	0	0	0	0	0	0	0	0	0	0	0	0	0	0	0.812919178220998	0	0	0	0	0	0.694712910613132	0.722447045133692	0	0.561494493005139	0	0	0.914369704723453	0.64204623342337	0.698427467633913	0	0	0	0	0	0	0.551617461264701	0	0	0	0	0.588159235234766	0	0	0	0	0	0	0.697910734763202	0.841170691888622	0.695281625038526	0	0.561407720792758	0	0	0	0.734879793310835	0.799479736352999	0
0	0	0	0	0	0	0	0	0	0	0	0	0	0	0	0	0	0	0	0	0	0	0	0	0	0	0	0	0	0	0	0	0	0	0	0	0	0	0	0	0	0	0	0	0	0	0	0.537983761699376	0	0	0.594296385371916	0	0	0	0.825802535205264	0.52966199965595	0	0	0	0	0	0.81763171027855	0	0	0	0.766363018297206	0	0.657765774894375	0	0	0	0	0	0	0	0.879365770355229	0.994651333085059	0.512265537980677	0	0	0	0.596925138877688	0.970682915586355	0	0	0	0.518950399649286	0	0	0.975684896522616
0	0	0	0	0	0	0	0	0	0	0	0	0	0	0	0	0	0	0	0	0	0	0	0	0	0	0	0	0	0	0	0	0	0	0	0	0	0	0	0	0	0	0	0	0	0	0	0	0.535206271739634	0.631147904599837	0.533998570799683	0	0.576295119129606	0	0	0	0.684556039390357	0	0	0	0	0	0	0	0	0	0	0.568335289858846	0	0	0.601728428567784	0	0.637145282590003	0	0	0.819047902207285	0	0	0	0	0	0	0.956579730153994	0	0.655236763559411	0.746361188795705	0.73414501795328	0	0	0
0	0	0	0	0	0	0	0	0	0	0	0	0	0	0	0	0	0	0	0	0	0	0	0	0	0	0	0	0	0	0	0	0	0	0	0	0	0	0	0	0	0	0	0	0	0.812193467831218	0	0	0.6510939669295	0	0	0	0	0	0	0	0	0	0.760343147482829	0	0	0.77129977967936	0.888701734259154	0	0.523234785784178	0	0.618255933346084	0	0	0	0	0.971102994266933	0	0	0	0.750051805924074	0	0.524135228598564	0	0	0	0.71263220184608	0.516868454688679	0	0.55474855159853	0	0	0.873200008119878	0	0
