0	0.902431612944392	0.98739272352969	0.922648832998688	0	0	0	0	0	0	0	0	0	0	0	0	0	0	0	0	0	0	0	0	0	0	0	0	0	0	0	0	0	0	0	0	0	0	0	0	0	0	0.993374631633111	0.705914117918935	0.955515364546852	0	0	0	0	0	0	0	0	0	0	0	0	0	0	0	0	0	0	0	0	0	0	0	0	0	0	0	0	0	0	0	0	0	0	0	0	0	0	0	0	0	0	0	0	0
0.941713138047458	0	0.540425403590904	0.936574024289721	0	0	0	0	0	0	0	0	0	0	0	0	0	0	0	0	0	0	0	0	0	0	0	0	0	0.555934170027751	0	0	0	0	0	0	0	0	0	0	0	0	0	0.753796460348948	0.656287812843254	0	0	0	0	0	0	0	0	0	0	0	0	0	0	0	0	0	0	0	0	0	0	0	0	0	0	0	0	0	0	0	0	0	0	0	0	0	0	0	0	0	0	0	0	0
0.728522390535838	0.790673014680099	0	0.737165812190874	0.895264217611054	0.77680010621112	0	0	0	0	0	0	0	0	0	0	0	0	0	0	0	0	0	0	0	0	0	0	0	0	0	0	0	0	0	0	0	0	0	0	0	0	0	0	0.969408224901305	0	0	0	0	0	0	0	0	0	0	0	0	0	0	0	0	0	0	0	0	0	0	0	0	0	0	0	0	0	0	0	0	0	0	0	0	0	0	0	0	0	0	0	0	0
0.840934198477373	0.660584480893442	0.520493293711128	0	0.775556782611137	0.883338633217731	0.690780129846164	0	0	0	0	0	0	0	0	0	0	0	0	0	0	0	0	0	0	0	0	0	0	0	0	0	0	0	0	0	0	0	0	0	0	0	0	0	0	0	0	0	0	0	0	0	0	0	0	0	0	0	0	0	0	0	0	0	0	0	0	0	0	0	0	0	0	0	0	0	0	0	0	0	0	0	0	0	0	0	0	0	0	0
0	0	0.521877557914859	0.567173765768777	0	0.649579916121988	0.877764273999109	0.7660408728686	0	0	0	0	0	0	0	0	0	0	0	0	0	0	0	0	0	0	0	0	0	0	0	0	0	0	0	0	0	0	0	0	0	0	0	0	0	0	0	0	0	0	0	0	0	0	0	0	0	0	0	0	0	0	0	0	0	0	0	0	0	0	0	0	0	0	0	0	0	0	0	0	0	0	0	0	0	0	0	0	0	0
0	0	0.970921025126115	0.946006334400312	0.55713087385188	0	0.609565705895369	0.777911542943989	0.871531310711363	0	0	0	0	0	0	0	0	0	0	0	0	0	0	0	0	0	0	0	0	0	0	0	0	0	0	0	0	0	0	0	0	0	0	0	0	0	0	0	0	0	0	0	0	0	0	0	0	0	0	0	0	0	0	0	0	0	0	0	0	0	0	0	0	0	0	0	0	0	0	0	0	0	0	0	0	0	0	0	0	0
0	0	0	0.873519301797208	0.935375448756092	0.528574871161004	0	0.516213816761945	0.5499325963519	0.736468874130877	0	0	0	0	0	0	0	0	0	0	0	0	0	0	0	0	0	0	0	0	0	0	0	0	0	0	0	0	0	0	0	0	0	0	0	0	0	0	0	0	0	0	0	0	0	0	0	0	0	0	0	0	0	0	0	0	0	0	0	0	0	0	0	0	0	0	0	0	0	0	0	0	0	0	0	0	0	0	0	0
0	0	0	0	0.871943757706927	0.50816140338568	0.521919494472867	0	0.851811393892589	0.789593155731969	0.620968799131926	0	0	0	0	0	0	0	0	0	0	0	0	0	0	0	0	0	0	0	0	0	0	0	0	0	0	0	0	0	0	0	0	0	0	0	0	0	0	0	0	0	0	0	0	0	0	0	0	0	0	0	0	0	0	0	0	0	0	0	0	0	0	0	0	0	0	0	0	0	0	0	0	0	0	0	0	0	0	0
0	0	0	0	0	0.622577113857117	0.825168090195951	0.637554541635191	0	0.528285204913356	0.77466846524578	0.739337471469351	0	0	0	0	0	0	0	0	0	0	0	0	0	0	0	0	0	0	0	0	0	0	0	0	0	0	0	0	0	0	0	0	0	0	0	0	0	0	0	0	0	0	0	0	0	0	0	0	0	0	0	0	0	0	0	0	0	0	0	0	0	0	0	0	0	0	0	0	0	0	0	0	0	0	0	0	0	0
0	0	0	0	0	0	0.547769947087233	0.719464733103117	0.540379025499183	0	0.557044697466105	0.688905846105294	0.863363366496236	0	0	0	0	0	0	0	0	0	0	0	0	0	0	0	0	0	0	0	0	0	0	0	0	0	0	0	0	0	0	0	0	0	0	0	0	0	0	0	0	0	0	0	0	0	0	0	0	0	0	0	0	0	0	0	0	0	0	0	0	0	0	0	0	0	0	0	0	0	0	0	0	0	0	0	0	0
0	0	0	0	0	0	0	0.522444039618752	0.969203131074195	0.514823504357243	0	0.86756744895286	0.813177125102018	0.849959238418104	0	0	0	0	0	0	0	0	0	0	0	0	0	0	0	0	0	0	0	0	0	0	0	0	0	0	0	0	0	0	0	0	0	0	0	0	0	0	0	0	0	0	0	0	0	0	0	0	0	0	0	0	0	0	0	0	0	0	0	0	0	0	0	0	0	0	0	0	0	0	0	0	0	0	0	0
0	0	0	0	0	0	0	0	0.654420052083988	0.869538083936364	0.87220668646861	0	0.534417222681069	0.871732080954316	0.563237243659171	0	0	0	0	0	0	0	0	0	0	0	0	0	0	0	0	0	0	0	0	0	0	0	0	0	0	0	0	0	0	0	0	0	0	0	0	0	0	0	0	0	0	0	0	0	0	0	0	0	0	0	0	0	0	0	0	0	0	0	0	0	0	0	0	0	0	0	0	0	0	0	0	0	0	0
0	0	0	0	0	0	0	0	0	0.956037733673663	0.871266802290187	0.996334781531977	0	0.995643863395716	0.720419281907471	0.63470202228259	0	0	0	0	0	0	0	0	0	0	0	0	0	0	0	0	0	0	0	0	0	0	0	0	0	0	0	0	0	0	0	0	0	0	0	0	0	0	0	0	0	0	0	0	0	0	0	0	0	0	0	0	0	0	0	0	0	0	0	0	0	0	0	0	0	0	0	0	0	0	0	0	0	0
0	0	0	0	0	0	0	0	0	0	0.520259701002382	0.993680289557022	0.522405953404587	0	0	0.775732604160846	0.612666567283063	0	0	0	0	0	0	0	0	0	0	0	0	0	0	0	0	0	0	0	0.606541494968025	0	0	0	0	0	0	0	0	0	0	0	0	0	0	0	0	0	0	0	0	0	0	0	0	0	0	0	0	0	0	0	0	0	0	0	0	0	0	0	0	0	0	0	0	0	0	0	0	0	0	0	0	0
0	0	0	0	0	0	0	0	0	0	0	0.780286144426332	0.752685784366403	0	0	0.941465295208823	0.768276945556093	0.979095998497671	0	0	0	0	0	0	0	0	0	0	0	0	0	0	0	0	0	0	0	0	0	0	0	0	0	0	0	0	0	0	0	0	0	0	0	0	0	0	0	0	0	0	0	0	0	0	0	0	0	0	0	0	0	0	0	0	0	0	0	0	0	0	0	0	0	0	0	0	0	0	0	0
0	0	0	0	0	0	0	0	0	0	0	0	0.85151563775296	0.977478361643271	0.856878812289922	0	0.984575450318607	0.648522283372183	0.78517131951848	0	0	0	0	0	0	0	0	0	0	0	0	0	0	0	0	0	0	0	0	0	0	0	0	0	0	0	0	0	0	0	0	0	0	0	0	0	0	0	0	0	0	0	0	0	0	0	0	0	0	0	0	0	0	0	0	0	0	0	0	0	0	0	0	0	0	0	0	0	0	0
0	0	0	0	0	0	0	0	0	0	0	0	0	0.785038365194065	0.636773429045405	0.764850178580204	0	0.777644582415275	0.702998443432379	0.531991606646622	0	0	0	0	0	0	0	0	0	0	0	0	0	0	0	0	0	0	0	0	0	0	0	0	0	0	0	0	0	0	0	0	0	0	0	0	0	0	0	0	0	0	0	0	0	0	0	0	0	0	0	0	0	0	0	0	0	0	0	0	0	0	0	0	0	0	0	0	0	0
0	0	0	0	0	0	0	0	0	0	0	0	0	0	0.755509575883602	0.882762313264155	0.846425138497759	0	0.628467854364778	0.568712266862458	0.572113849172225	0	0	0	0	0	0	0	0	0	0	0	0	0	0	0	0	0	0	0	0	0	0	0	0	0	0	0	0	0	0	0	0	0	0	0	0	0	0	0	0	0	0	0	0	0	0	0	0	0	0	0	0	0	0	0	0	0	0	0	0	0	0	0	0	0	0	0	0	0
0	0	0	0	0	0	0	0	0	0	0	0	0	0	0	0.717307230253722	0.886977367718892	0.700792361166374	0	0.878908879845882	0.878140889191618	0.516710250634856	0	0	0	0	0	0	0	0	0	0	0	0	0	0	0	0	0	0	0	0	0	0	0	0	0	0	0	0	0	0	0	0	0	0	0	0	0	0	0	0	0	0	0	0	0	0	0	0	0	0	0	0	0	0	0	0	0	0	0	0	0	0	0	0	0	0	0	0
0	0	0	0	0	0	0	0	0	0	0	0	0	0	0	0	0.506850473413331	0.587526071746738	0.633285483790378	0	0.562771404909456	0.922746731020707	0.774639600192991	0	0	0	0	0	0	0	0	0	0	0	0	0	0	0	0	0	0	0	0	0	0	0	0	0	0	0	0	0	0	0	0	0	0	0	0	0	0	0	0	0	0	0	0	0	0	0	0	0	0	0	0	0	0	0	0	0	0	0	0	0	0	0	0	0	0	0
0	0	0	0	0	0	0	0	0	0	0	0	0	0	0	0	0	0.54505161519813	0.94354372745619	0.527629961149953	0	0.710370202412518	0.961133954131178	0.728445779031508	0	0	0	0	0	0	0	0	0	0	0	0	0	0	0	0	0	0	0	0	0	0	0	0	0	0	0	0	0	0	0	0	0	0	0	0	0	0	0	0	0	0	0	0	0	0	0	0	0	0	0	0	0	0	0	0	0	0	0	0	0	0	0	0	0	0
0	0	0	0	0	0	0	0	0	0	0	0	0	0	0	0	0	0	0.928208624933511	0.68314316484133	0.708605669836456	0	0.516625202085107	0.529378467597346	0.932887283857656	0	0	0	0	0	0	0	0	0	0	0	0	0	0	0	0	0	0	0	0	0	0	0	0	0	0	0	0	0	0	0	0	0	0	0	0	0	0	0	0	0	0	0	0	0	0	0	0	0	0	0	0	0	0	0	0	0	0	0	0	0	0	0	0	0
0	0	0	0	0	0	0	0	0	0	0	0	0	0	0	0	0	0	0	0.524259305890148	0.673650778010096	0.880935122251173	0	0.786372198964577	0.532196129108273	0.539615919137352	0	0	0	0	0	0	0	0	0	0	0	0	0	0	0	0	0	0	0	0	0	0	0	0	0	0	0	0	0	0	0	0	0	0	0	0	0	0	0	0	0	0	0	0	0	0	0	0	0	0	0	0	0	0	0	0	0	0	0	0	0	0	0	0
0	0	0	0	0	0	0	0	0	0	0	0	0	0	0	0	0	0	0	0	0.552657888052875	0.767449740339006	0.996521002820124	0	0.779815789966481	0.933724416803911	0.770650535748526	0	0	0	0	0	0	0	0	0	0	0	0	0	0	0	0	0	0	0	0	0	0	0	0	0	0	0	0	0	0	0	0	0	0	0	0	0	0	0	0	0	0	0	0	0	0	0	0	0	0	0	0	0	0	0	0	0	0	0	0	0	0	0
0	0	0	0	0	0	0	0	0	0	0	0	0	0	0	0	0	0	0	0	0	0.763432156051628	0.958865321574792	0.717934649918874	0	0.995225661144443	0.702012009955205	0.705062564312721	0	0	0	0	0	0	0	0	0	0	0	0	0	0	0	0	0	0	0	0	0	0	0	0	0	0	0	0	0	0	0	0	0	0	0	0	0	0	0	0	0	0	0	0	0	0	0	0	0	0	0	0	0	0	0	0	0	0	0	0	0	0
0	0	0	0	0	0	0	0	0	0	0	0	0	0	0	0	0	0	0	0	0	0	0.576438164019034	0.822496247794747	0.782047066184095	0	0.852390133624789	0.583445725053428	0.835718516739317	0	0	0	0	0	0	0	0	0	0	0	0	0	0	0	0	0	0	0	0	0	0	0	0	0	0	0	0	0	0	0	0	0	0	0	0	0	0	0	0	0	0	0	0	0	0	0	0	0	0	0	0	0	0	0	0	0	0	0	0	0
0	0	0	0	0	0	0	0	0	0	0	0	0	0	0	0	0	0	0	0	0	0	0	0.706116933673272	0.830969342020254	0.538415692138734	0	0.860600405658298	0.83030234596595	0.967934361026951	0	0	0	0	0	0	0	0	0	0	0	0	0	0	0	0	0	0	0	0	0	0	0	0	0	0	0	0	0	0	0	0	0	0	0	0	0	0	0	0	0	0	0	0	0	0	0	0	0	0	0	0	0	0	0	0	0	0	0	0
0	0	0	0	0	0	0	0	0	0	0	0	0	0	0	0	0	0	0	0	0	0	0	0	0.93250740083628	0.895753470865053	0.723608827309865	0	0.675400044473983	0.750619197860973	0.800018485695594	0	0	0	0	0	0	0	0	0	0	0	0	0	0	0	0	0	0	0	0	0	0	0	0	0	0	0	0	0	0	0	0	0	0	0	0	0	0	0	0	0	0	0	0	0	0	0	0	0	0	0	0	0	0	0	0	0	0	0
0	0	0	0	0	0	0	0	0	0	0	0	0	0	0	0	0	0	0	0	0	0	0	0	0	0.689413462500748	0.524671102847411	0.908986503641378	0	0.949816897659794	0.829981440278132	0.623415552266246	0	0	0	0	0	0	0	0	0	0	0	0	0	0	0	0	0	0	0	0	0	0	0	0	0	0	0	0	0	0	0	0	0	0	0	0	0	0	0	0	0	0	0	0	0	0	0	0	0	0	0	0	0	0	0	0	0	0
0	0.977624848808339	0	0	0	0	0	0	0	0	0	0	0	0	0	0	0	0	0	0	0	0	0	0	0	0	0.513636208263768	0.990887740240529	0.908559719839978	0	0	0.635283453614849	0.509779752895127	0	0	0	0	0.709899663293508	0	0	0	0	0	0	0	0	0	0	0	0	0	0	0	0	0	0	0	0	0	0	0	0	0	0	0	0	0	0	0	0	0	0	0	0	0	0	0	0	0	0	0	0	0	0	0	0	0	0	0	0
0	0	0	0	0	0	0	0	0	0	0	0	0	0	0	0	0	0	0	0	0	0	0	0	0	0	0	0.933986332008752	0.546162514825037	0	0	0.761752523444999	0.920974107741564	0.779831067523429	0	0	0	0	0	0	0	0	0	0	0	0	0	0	0	0	0	0	0	0	0	0	0	0	0	0	0	0	0	0	0	0	0	0	0	0	0	0	0	0	0	0	0	0	0	0	0	0	0	0	0	0	0	0	0	0
0	0	0	0	0	0	0	0	0	0	0	0	0	0	0	0	0	0	0	0	0	0	0	0	0	0	0	0	0.884904277914516	0.881311571227429	0.555598242972228	0	0.670802042716296	0.666754736504775	0.704910909164194	0	0	0	0	0	0	0	0	0	0	0	0	0	0	0	0	0	0	0	0	0	0	0	0	0	0	0	0	0	0	0	0	0	0	0	0	0	0	0	0	0	0	0	0	0	0	0	0	0	0	0	0	0	0	0
0	0	0	0	0	0	0	0	0	0	0	0	0	0	0	0	0	0	0	0	0	0	0	0	0	0	0	0	0	0.523998415614082	0.791915730910498	0.524795089106232	0	0.981183135407315	0.541942648439866	0.686703148863707	0	0	0	0	0	0	0	0	0	0	0	0	0	0	0	0	0	0	0	0	0	0	0	0	0	0	0	0	0	0	0	0	0	0	0	0	0	0	0	0	0	0	0	0	0	0	0	0	0	0	0	0	0	0
0	0	0	0	0	0	0	0	0	0	0	0	0	0	0	0	0	0	0	0	0	0	0	0	0	0	0	0	0	0	0.99961122504767	0.981156059501739	0.658768446731999	0	0.978558948422507	0.973055640819015	0.625476589158453	0	0	0	0	0	0	0	0	0	0	0	0	0	0	0	0	0	0	0	0	0	0	0	0	0	0	0	0	0	0	0	0	0	0	0	0	0	0	0	0	0	0	0	0	0	0	0	0	0	0	0	0	0
0	0	0	0	0	0	0	0	0	0	0	0	0	0	0	0	0	0	0	0	0	0	0	0	0	0	0	0	0	0	0	0.871864615442493	0.878128045933445	0.695439821462683	0	0.879390376101275	0.657093463406525	0.564276657918236	0	0	0	0	0	0	0	0	0	0	0	0	0	0	0	0	0	0	0	0	0	0	0	0	0	0	0	0	0	0	0	0	0	0	0	0	0	0	0	0	0	0	0	0	0	0	0	0	0	0	0	0
0	0	0	0	0	0	0	0	0	0	0	0	0	0	0	0	0	0	0	0	0	0	0	0	0	0	0	0	0	0	0	0	0.54713178947855	0.786517336107469	0.66316209358239	0	0.721290902711358	0.76224413345258	0.94649106384965	0	0	0	0	0	0	0	0	0	0	0	0	0	0	0	0	0	0	0	0	0	0	0	0	0	0	0	0	0	0	0	0	0	0	0	0	0	0	0	0	0	0	0	0	0	0	0	0	0	0	0
0	0	0	0	0	0	0	0	0	0	0	0	0	0.618599762476279	0	0	0	0	0	0	0	0	0	0	0	0	0	0	0	0	0	0	0	0.5478184047886	0.77510482642363	0.576813017309855	0	0.959861532700589	0.77233542433322	0.60233221658307	0	0	0	0	0	0	0	0	0	0	0	0	0	0	0	0	0	0	0	0	0	0	0	0	0	0	0	0	0	0	0	0	0	0	0	0	0	0	0	0	0	0	0	0	0	0	0	0	0	0
0	0	0	0	0	0	0	0	0	0	0	0	0	0	0	0	0	0	0	0	0	0	0	0	0	0	0	0	0	0.639779219473368	0	0	0	0	0.99838544542366	0.563649243214502	0.623928601488023	0	0.884308323338817	0.654315895926411	0.966245315251809	0	0	0	0	0	0	0	0	0	0	0	0	0	0	0	0	0	0	0	0	0	0	0	0	0	0	0	0	0	0	0	0	0	0	0	0	0	0	0	0	0	0	0	0	0	0	0	0	0
0	0	0	0	0	0	0	0	0	0	0	0	0	0	0	0	0	0	0	0	0	0	0	0	0	0	0	0	0	0	0	0	0	0	0	0.575074153273943	0.512599943169618	0.703222751512191	0	0.919792540817419	0.579954801651006	0.725965430774469	0	0	0	0	0	0	0	0	0	0	0	0	0	0	0	0	0	0	0	0	0	0	0	0	0	0	0	0	0	0	0	0	0	0	0	0	0	0	0	0	0	0	0	0	0	0	0	0
0	0	0	0	0	0	0	0	0	0	0	0	0	0	0	0	0	0	0	0	0	0	0	0	0	0	0	0	0	0	0	0	0	0	0	0	0.73866757432004	0.848793043421051	0.961293231454826	0	0.595018646992476	0.84804973031374	0.587428426228687	0	0	0	0	0	0	0	0	0	0	0	0	0	0	0	0	0	0	0	0	0	0	0	0	0	0	0	0	0	0	0	0	0	0	0	0	0	0	0	0	0	0	0	0	0	0	0
0	0	0	0	0	0	0	0	0	0	0	0	0	0	0	0	0	0	0	0	0	0	0	0	0	0	0	0	0	0	0	0	0	0	0	0	0	0.864924221190797	0.687680664689724	0.966296164089914	0	0.664549867240519	0.795514678323206	0.675665779370609	0	0	0	0	0	0	0	0	0	0	0	0	0	0	0	0	0	0	0	0	0	0	0	0	0	0	0	0	0	0	0	0	0	0	0	0	0	0	0	0	0	0	0	0	0	0
0	0	0	0	0	0	0	0	0	0	0	0	0	0	0	0	0	0	0	0	0	0	0	0	0	0	0	0	0	0	0	0	0	0	0	0	0	0	0.610860456887339	0.689057659636593	0.719600619944918	0	0.596007160127662	0.940306921393796	0.87238411869281	0	0	0	0	0	0	0	0	0	0	0	0	0	0	0	0	0	0	0	0	0	0	0	0	0	0	0	0	0	0	0	0	0	0	0	0	0	0	0	0	0	0	0	0	0
0.727168408753778	0	0	0	0	0	0	0	0	0	0	0	0	0	0	0	0	0	0	0	0	0	0	0	0	0	0	0	0	0	0	0	0	0	0	0	0	0	0	0.58376199298537	0.992260842975116	0.53308830750655	0	0.533623480145561	0.801789561458614	0	0	0	0	0	0	0	0	0	0	0	0	0	0	0	0	0	0	0	0	0	0	0	0	0	0	0	0	0	0	0	0	0	0	0	0	0	0	0	0	0	0	0	0	0
0.523411143057833	0.51347713383708	0	0	0	0	0	0	0	0	0	0	0	0	0	0	0	0	0	0	0	0	0	0	0	0	0	0	0	0	0	0	0	0	0	0	0	0	0	0	0.589224080513429	0.590530861298538	0.772391894833566	0	0.616028363210275	0	0	0	0	0	0	0	0	0	0	0	0	0	0	0	0	0	0	0	0	0	0	0	0	0	0	0	0	0	0	0	0	0	0	0	0	0	0	0	0	0	0	0	0	0
0.903626246773415	0.576368073452298	0.82892463460713	0	0	0	0	0	0	0	0	0	0	0	0	0	0	0	0	0	0	0	0	0	0	0	0	0	0	0	0	0	0	0	0	0	0	0	0	0	0	0.869013102949609	0.685856277876187	0.666248106038694	0	0	0	0	0	0	0	0	0	0	0	0	0	0	0	0	0	0	0	0	0	0	0	0	0	0	0	0	0	0	0	0	0	0	0	0	0	0	0	0	0	0	0	0	0	0
0	0	0	0	0	0	0	0	0	0	0	0	0	0	0	0	0	0	0	0	0	0	0	0	0	0	0	0	0	0	0	0	0	0	0	0	0	0	0	0	0	0	0	0	0	0	0	0.506201450430485	0.605150204675821	0	0.631306120400986	0.854641993349567	0	0	0.897584843313768	0	0	0	0	0	0	0	0.610061393866057	0	0	0.879034192663162	0	0	0	0.937088861283244	0.8512397882735	0.689243964305789	0	0.816142414779374	0	0	0.757993000403177	0	0	0	0	0	0	0	0.70369444746331	0.901680969328327	0	0.820372856846525	0	0
0	0	0	0	0	0	0	0	0	0	0	0	0	0	0	0	0	0	0	0	0	0	0	0	0	0	0	0	0	0	0	0	0	0	0	0	0	0	0	0	0	0	0	0	0	0	0	0	0	0	0.560798076578678	0	0.92699294551608	0.697970377137434	0	0	0	0	0	0.831508983112332	0.703722830027648	0	0	0	0.59240558812077	0.844816002775701	0	0	0	0	0	0.800725877568439	0	0.95837956921899	0	0.719784057019271	0	0	0.845329914969096	0	0	0	0	0	0	0	0	0.822784037970676	0	0
0	0	0	0	0	0	0	0	0	0	0	0	0	0	0	0	0	0	0	0	0	0	0	0	0	0	0	0	0	0	0	0	0	0	0	0	0	0	0	0	0	0	0	0	0	0.523436594196178	0	0	0	0	0.619893166519649	0	0.556972927063953	0	0	0	0	0	0	0	0.989712466918577	0.804933659317512	0.763218382434327	0	0	0	0.932060672318367	0	0	0.800206234860446	0.649676081594921	0	0.636958197406446	0	0	0	0	0.872733512089524	0.910050458530754	0.821066001454853	0.771162418060851	0	0	0	0	0	0	0.981752233114412	0	0.652952002544568
0	0	0	0	0	0	0	0	0	0	0	0	0	0	0	0	0	0	0	0	0	0	0	0	0	0	0	0	0	0	0	0	0	0	0	0	0	0	0	0	0	0	0	0	0	0.73578619468088	0	0	0	0	0	0.771713552140709	0.766263896257971	0	0	0	0.56178545119543	0	0.631969225918616	0	0.988742840841164	0	0.820302059780521	0	0	0	0	0	0.807410342568909	0	0	0	0.713291436803551	0.704902096477358	0	0	0	0	0.778921071983439	0.898403145849177	0	0.616122986928421	0.503544123211206	0	0.841914226449982	0	0	0	0	0.758988468871245
0	0	0	0	0	0	0	0	0	0	0	0	0	0	0	0	0	0	0	0	0	0	0	0	0	0	0	0	0	0	0	0	0	0	0	0	0	0	0	0	0	0	0	0	0	0	0	0	0	0	0	0	0.6027509969658	0.740544610473788	0.927274047808563	0	0.960500447306875	0	0	0.852874298090906	0.956058638404477	0	0	0.520779745933944	0	0	0.946954058889809	0	0	0	0	0.924422457751147	0	0	0.950778676298342	0.683357462924288	0.622515777828615	0	0.952655010964023	0.978192360335045	0	0	0	0	0	0	0.975799628503941	0.565177522599029	0	0.503000176339964
0	0	0	0	0	0	0	0	0	0	0	0	0	0	0	0	0	0	0	0	0	0	0	0	0	0	0	0	0	0	0	0	0	0	0	0	0	0	0	0	0	0	0	0	0	0.831714810859634	0.685351817007831	0.50848579187133	0	0	0	0.984366467362264	0	0	0	0	0	0	0	0	0.916091882029626	0	0	0	0.607445594724079	0.988498023232198	0.644146425783502	0	0.52124872465762	0	0	0	0	0	0	0	0.935220617776338	0	0.567833254206107	0.746690244725389	0	0	0	0	0	0	0	0.901853993782624	0.769977523634582	0
0	0	0	0	0	0	0	0	0	0	0	0	0	0	0	0	0	0	0	0	0	0	0	0	0	0	0	0	0	0	0	0	0	0	0	0	0	0	0	0	0	0	0	0	0	0.780003540381819	0	0	0.557981162091031	0	0.925173068891572	0	0	0	0	0	0.918515138305842	0.592738173456524	0	0	0	0	0	0	0.661524319476661	0.659854189518311	0	0.896077142393708	0	0	0.929309616021765	0.826017867467396	0	0	0	0.829354256327839	0	0.801871949430494	0	0	0	0.712929986054117	0	0	0.581833642444793	0.759399150904698	0	0.858620999742095	0	0
0	0	0	0	0	0	0	0	0	0	0	0	0	0	0	0	0	0	0	0	0	0	0	0	0	0	0	0	0	0	0	0	0	0	0	0	0	0	0	0	0	0	0	0	0	0	0.733137588682276	0.855641513685704	0.57807052888257	0.557511225772429	0	0	0	0	0	0	0.556296137385476	0	0	0	0	0	0	0	0	0	0.728506727452348	0	0.707119631888956	0	0	0	0	0	0.953443948338706	0.921120040772279	0	0	0	0	0	0	0.748099563097484	0	0	0	0	0.506181916848649	0	0
0	0	0	0	0	0	0	0	0	0	0	0	0	0	0	0	0	0	0	0	0	0	0	0	0	0	0	0	0	0	0	0	0	0	0	0	0	0	0	0	0	0	0	0	0	0	0.787512393916376	0	0	0.745805079418608	0	0	0	0	0.854450019377248	0	0	0	0	0	0	0	0	0.99615133462449	0.644293798847167	0	0	0	0	0.859727376691798	0	0	0.940777463934846	0.996846040551047	0	0.855582318583356	0	0	0	0.606786526385465	0	0	0.898930767158106	0	0	0	0	0.795202352260594	0.779512177212084	0
0	0	0	0	0	0	0	0	0	0	0	0	0	0	0	0	0	0	0	0	0	0	0	0	0	0	0	0	0	0	0	0	0	0	0	0	0	0	0	0	0	0	0	0	0	0.716591103404045	0	0	0	0.611598982140963	0	0	0	0.76609269591869	0	0.81481721263969	0.973069189592375	0.680785781413231	0	0.558243028913669	0	0.840725765596365	0	0.784182781920197	0.81715436306775	0	0	0	0	0	0	0.720838959496833	0	0.687295437522305	0.770895859784636	0	0	0	0	0	0	0	0.909232368508915	0	0	0	0.642001029343918	0	0	0
0	0	0	0	0	0	0	0	0	0	0	0	0	0	0	0	0	0	0	0	0	0	0	0	0	0	0	0	0	0	0	0	0	0	0	0	0	0	0	0	0	0	0	0	0	0	0	0	0	0	0	0	0	0	0.967684784881636	0	0.899932344880448	0	0	0.648718655174049	0	0	0.656680711887706	0	0	0	0	0	0	0.541408286392534	0.748389084756569	0.567765044301236	0.948619378793881	0	0	0.778770312225069	0	0	0	0.511342573879751	0	0.852897507129921	0	0	0	0.530225406927874	0.758031747629498	0	0	0
0	0	0	0	0	0	0	0	0	0	0	0	0	0	0	0	0	0	0	0	0	0	0	0	0	0	0	0	0	0	0	0	0	0	0	0	0	0	0	0	0	0	0	0	0	0	0	0	0.78438760943586	0.705387933143688	0	0.757154935256894	0.819412597221931	0	0.682175484778788	0.935666589653696	0	0	0	0.997539865626965	0	0.596178317536582	0.851986367479823	0	0	0.837296308204408	0.760142835847573	0	0	0.853896338220873	0	0	0	0	0	0.663102840629934	0.985082043715527	0.863372101062294	0	0	0	0	0	0	0	0	0	0	0	0
0	0	0	0	0	0	0	0	0	0	0	0	0	0	0	0	0	0	0	0	0	0	0	0	0	0	0	0	0	0	0	0	0	0	0	0	0	0	0	0	0	0	0	0	0	0	0	0	0	0	0	0.768454728393391	0	0	0.659261028623309	0	0	0	0.667552621853405	0	0.658386456503435	0.691184899207071	0.980192141348414	0.870255615986657	0.87634659847872	0	0	0	0	0	0	0	0	0	0	0.72665741120354	0	0	0	0	0	0	0	0.818559820049998	0	0	0.811138910330194	0	0	0
0	0	0	0	0	0	0	0	0	0	0	0	0	0	0	0	0	0	0	0	0	0	0	0	0	0	0	0	0	0	0	0	0	0	0	0	0	0	0	0	0	0	0	0	0	0	0	0	0.654778812758742	0	0	0	0	0	0	0	0	0.777665917157122	0	0.608454802263612	0	0.699779209989162	0.55338342885448	0	0	0.676208503504293	0	0	0	0.695243568280834	0	0	0	0	0.582083940834808	0	0	0	0	0.657986748112532	0	0	0	0.793861388046728	0	0.921538650887184	0	0	0	0.868043598674278
0	0	0	0	0	0	0	0	0	0	0	0	0	0	0	0	0	0	0	0	0	0	0	0	0	0	0	0	0	0	0	0	0	0	0	0	0	0	0	0	0	0	0	0	0	0	0.841023394008373	0	0	0.939007410044671	0	0	0	0	0.704116041213398	0.829678234309603	0.933652765059694	0	0.525009247276445	0	0	0	0	0	0.595133801815868	0	0	0	0	0	0.92392977001885	0	0	0	0	0.844357064876238	0	0.504091090236035	0	0	0.500490795278958	0	0.873932151613012	0.646010950635678	0.951904797189146	0.897733232735483	0	0	0	0
0	0	0	0	0	0	0	0	0	0	0	0	0	0	0	0	0	0	0	0	0	0	0	0	0	0	0	0	0	0	0	0	0	0	0	0	0	0	0	0	0	0	0	0	0	0	0.531478547465254	0.599650167876959	0.83085758437777	0.556820140339988	0.546108106377894	0	0	0	0	0	0	0.918792990596739	0	0	0	0.724098453673534	0.59619276764811	0	0.555588009085677	0.689797032242193	0	0	0	0	0.926066901784545	0.921340550711076	0	0.501413280100603	0	0.508332656970037	0	0	0.707785387714965	0	0	0.792807704733735	0	0.768722891318633	0	0	0	0.597052847626594	0	0
0	0	0	0	0	0	0	0	0	0	0	0	0	0	0	0	0	0	0	0	0	0	0	0	0	0	0	0	0	0	0	0	0	0	0	0	0	0	0	0	0	0	0	0	0	0	0	0.641586628020082	0	0	0	0	0	0	0.59225305017564	0	0.542881812507765	0.972295741701856	0.622414056172946	0	0.917003378119687	0	0	0	0	0	0	0.959614420234366	0	0.786092606423723	0.556761330269931	0	0.60626962999094	0	0.813757481493352	0	0	0	0	0	0	0	0.553005264925976	0	0	0.630122017887029	0	0	0	0
0	0	0	0	0	0	0	0	0	0	0	0	0	0	0	0	0	0	0	0	0	0	0	0	0	0	0	0	0	0	0	0	0	0	0	0	0	0	0	0	0	0	0	0	0	0.700082431321916	0	0.521966920441004	0.868855580088027	0	0	0	0	0	0	0.73297461977899	0.85204772669999	0.622234614700521	0.99955784295691	0	0.98925972975927	0	0	0	0	0.606696005632354	0	0	0	0.894354362402817	0	0	0.910453912964748	0	0	0	0.541053868205956	0	0	0	0	0.868082015982548	0.673825216771938	0	0	0	0.976325984333156	0	0	0
0	0	0	0	0	0	0	0	0	0	0	0	0	0	0	0	0	0	0	0	0	0	0	0	0	0	0	0	0	0	0	0	0	0	0	0	0	0	0	0	0	0	0	0	0	0	0	0	0	0.929274202457249	0	0	0	0.683206873188485	0.680965124673685	0	0	0.530169827102204	0	0	0	0	0	0	0.721294955290405	0	0.976258121493046	0	0.800078719071125	0	0	0	0.719705267167652	0	0	0	0	0	0	0	0	0	0	0	0	0	0	0.669199834516766	0.911047755796546	0
0	0	0	0	0	0	0	0	0	0	0	0	0	0	0	0	0	0	0	0	0	0	0	0	0	0	0	0	0	0	0	0	0	0	0	0	0	0	0	0	0	0	0	0	0	0	0.996409047222454	0	0	0	0.563792751149262	0.899660862351667	0	0.616113759768745	0.817619930007372	0	0	0.571875759451752	0	0.767911611755744	0.985584616894746	0	0	0.758996595341353	0	0	0	0.550303486086186	0.858803989759114	0	0.884273608928637	0.563543970733179	0	0	0.913472549104379	0.973846016391957	0	0	0	0	0.707500979252672	0	0	0	0	0	0	0	0.776180053911873	0.782835824956036
0	0	0	0	0	0	0	0	0	0	0	0	0	0	0	0	0	0	0	0	0	0	0	0	0	0	0	0	0	0	0	0	0	0	0	0	0	0	0	0	0	0	0	0	0	0.742631777386484	0.896843066712158	0	0	0	0.876111761493476	0.542436143607159	0	0	0	0	0.925255483189561	0	0.782771272855338	0	0.821872153354355	0	0.848391032654643	0	0	0	0.715524288241465	0.723060678184251	0	0	0	0.968602064928606	0	0	0	0	0.9631261929141	0.556674257567512	0	0.620609249279755	0	0.665812070925063	0	0.942782151106515	0	0	0.741119049606072	0.736213556246655	0.554054200143678	0.67068590556725
0	0	0	0	0	0	0	0	0	0	0	0	0	0	0	0	0	0	0	0	0	0	0	0	0	0	0	0	0	0	0	0	0	0	0	0	0	0	0	0	0	0	0	0	0	0	0	0.831499214327993	0	0.929175873506646	0.997572490427128	0	0.576572964178702	0	0	0	0.688579942385566	0	0	0	0	0	0	0.94904504591942	0	0.773170870663406	0	0	0.534623492502823	0	0.980648647005715	0	0	0.854621185459133	0.851163757925719	0	0.768136092984645	0	0	0	0.891623212392884	0.978412824590882	0	0	0	0	0	0.85449106434509	0	0
0	0	0	0	0	0	0	0	0	0	0	0	0	0	0	0	0	0	0	0	0	0	0	0	0	0	0	0	0	0	0	0	0	0	0	0	0	0	0	0	0	0	0	0	0	0	0	0	0	0	0	0.82727681773964	0	0	0	0	0	0	0	0	0	0.791763204001664	0	0	0.958748368297255	0.636098428474332	0	0	0	0.737440854241624	0	0	0.940217235396876	0.741786648673035	0	0	0.507131413372282	0	0	0	0	0	0	0	0.555094196862886	0	0	0	0	0.59255203959902
0	0	0	0	0	0	0	0	0	0	0	0	0	0	0	0	0	0	0	0	0	0	0	0	0	0	0	0	0	0	0	0	0	0	0	0	0	0	0	0	0	0	0	0	0	0	0	0	0.752621977881847	0	0.703159294712656	0	0.765004614699261	0	0	0	0	0	0	0	0	0	0	0.998337726696832	0.619592283423404	0	0.66344481904353	0	0	0	0.831672971062537	0.858252223026975	0	0.942943617099043	0.781115612161486	0	0.938682905153319	0	0	0	0	0.532946214408419	0	0	0	0	0	0	0	0.767571976237386
0	0	0	0	0	0	0	0	0	0	0	0	0	0	0	0	0	0	0	0	0	0	0	0	0	0	0	0	0	0	0	0	0	0	0	0	0	0	0	0	0	0	0	0	0	0.828863275282474	0	0.972473442868561	0	0	0	0	0	0.747260274605341	0	0.845776291669335	0.558238485144834	0	0.921454151362403	0	0	0.75004197620267	0.850722700374099	0	0	0	0	0.754049021430888	0	0	0	0	0	0	0	0	0.599805666829629	0.553190054325853	0	0.889797735519141	0	0	0	0	0	0	0	0	0	0
0	0	0	0	0	0	0	0	0	0	0	0	0	0	0	0	0	0	0	0	0	0	0	0	0	0	0	0	0	0	0	0	0	0	0	0	0	0	0	0	0	0	0	0	0	0.891028838957065	0	0.864309724276503	0	0	0	0.81015793248365	0	0	0	0.753290344831942	0	0	0	0.945035637795394	0.982851934337636	0.9576107917363	0	0	0.530178970909266	0	0.854174380591995	0	0.636303409399687	0	0	0	0	0	0	0	0	0.572581586401032	0	0.93394046209448	0	0.541253645064436	0	0	0	0	0	0	0.56588873793926	0.698607387249228
0	0	0	0	0	0	0	0	0	0	0	0	0	0	0	0	0	0	0	0	0	0	0	0	0	0	0	0	0	0	0	0	0	0	0	0	0	0	0	0	0	0	0	0	0	0.564397692004077	0.998639760644805	0	0	0.977074003125981	0	0.708110880598526	0	0	0.975450769040058	0.504038813914446	0	0	0	0	0.771295267634711	0	0	0	0.617741168573876	0.967022631833473	0	0	0.932562857615439	0	0	0	0	0.855862832665302	0	0	0.937239439200375	0.950698145863963	0	0	0	0	0	0	0.561338669537297	0	0	0	0	0
0	0	0	0	0	0	0	0	0	0	0	0	0	0	0	0	0	0	0	0	0	0	0	0	0	0	0	0	0	0	0	0	0	0	0	0	0	0	0	0	0	0	0	0	0	0	0	0.747469087517018	0.997640702805529	0	0	0	0	0.902080636116653	0	0.574383836552815	0	0	0	0	0	0.673905078690145	0.927835085229956	0.985262325456284	0	0	0	0.918976703889989	0	0	0	0	0	0	0	0	0	0.92704744997369	0.753647329451768	0	0	0.873844895143002	0.588002027024314	0	0.957882443815058	0.675495724087894	0.746087011711807	0	0	0.749051787869493
0	0	0	0	0	0	0	0	0	0	0	0	0	0	0	0	0	0	0	0	0	0	0	0	0	0	0	0	0	0	0	0	0	0	0	0	0	0	0	0	0	0	0	0	0	0.810144637765706	0.924536282116708	0	0.851718272219245	0	0	0	0	0.921159256789312	0.715736782287963	0	0	0	0	0	0.774400082199689	0	0	0	0	0	0.695438367331948	0.921345179575169	0.594913344313818	0	0	0.582894212853923	0	0	0	0.843215647181121	0	0	0	0.563694706832251	0.748467879835103	0.676632194402362	0	0	0	0	0	0	0	0
0	0	0	0	0	0	0	0	0	0	0	0	0	0	0	0	0	0	0	0	0	0	0	0	0	0	0	0	0	0	0	0	0	0	0	0	0	0	0	0	0	0	0	0	0	0	0	0	0	0.613714814977219	0	0	0.734807504431781	0	0.538337687044344	0	0	0	0.945331707255852	0	0	0.820699915970469	0	0	0.673164101201763	0	0.596504774177556	0	0.624566140733215	0	0	0	0	0	0	0.754568778774062	0	0	0	0.911194522872318	0.990316407049692	0.733867026796742	0	0	0	0	0	0	0	0
0	0	0	0	0	0	0	0	0	0	0	0	0	0	0	0	0	0	0	0	0	0	0	0	0	0	0	0	0	0	0	0	0	0	0	0	0	0	0	0	0	0	0	0	0	0	0.731530432417854	0	0	0.878173099676952	0	0.775349347919168	0.871907441993889	0.580526134554505	0	0.97601841114335	0.652323121702523	0.744628974024471	0	0.899796198167694	0.551407824118314	0	0	0	0.62487713349408	0	0	0	0	0	0	0	0	0.782775625048535	0.797983390213353	0	0	0	0	0	0	0	0.900454332340225	0.911606478199476	0	0	0	0	0.92241145772132	0
0	0	0	0	0	0	0	0	0	0	0	0	0	0	0	0	0	0	0	0	0	0	0	0	0	0	0	0	0	0	0	0	0	0	0	0	0	0	0	0	0	0	0	0	0	0.979056501867734	0	0	0	0.940455583428866	0.880114116553283	0	0	0	0	0	0.748595636117424	0	0	0	0	0	0.792923294707414	0	0	0.840551263461722	0.685489771080505	0.690079380869822	0.544280720915971	0.706457999897849	0	0.65558041795516	0	0	0	0	0	0.984465500275862	0	0	0	0	0	0.670960947247869	0.71676548844654	0	0.812817734332161	0	0	0
0	0	0	0	0	0	0	0	0	0	0	0	0	0	0	0	0	0	0	0	0	0	0	0	0	0	0	0	0	0	0	0	0	0	0	0	0	0	0	0	0	0	0	0	0	0	0	0.934025973035795	0	0	0	0.804218225136927	0	0	0	0	0.544060055131523	0	0	0.653106088094048	0	0	0	0	0	0.626954441225051	0	0	0	0.926489955099806	0.738152321736181	0.595662358605888	0.963175457241088	0	0	0	0.700609627811945	0	0	0.806037663359986	0	0.966940686838507	0.906287673491841	0	0.526536763270135	0	0.788041894084	0	0	0
0	0	0	0	0	0	0	0	0	0	0	0	0	0	0	0	0	0	0	0	0	0	0	0	0	0	0	0	0	0	0	0	0	0	0	0	0	0	0	0	0	0	0	0	0	0	0.952099922739209	0.709969920505865	0.554911256853023	0.615765570374304	0.792460314354172	0	0	0	0	0	0	0	0	0	0.852499019163432	0	0	0	0	0	0	0	0	0	0	0	0.787642421130803	0	0	0	0	0	0	0	0	0.684427050461184	0	0.920682625786125	0.712646076362235	0	0.695523584899201	0	0	0
0	0	0	0	0	0	0	0	0	0	0	0	0	0	0	0	0	0	0	0	0	0	0	0	0	0	0	0	0	0	0	0	0	0	0	0	0	0	0	0	0	0	0	0	0	0	0	0.731813843964269	0.990171839693233	0.714030064663589	0.608165525430003	0	0	0.537426799689285	0	0.722922737209709	0	0	0.671487200084335	0	0	0	0	0	0	0.847041998299235	0	0	0	0.661247824472206	0.777729083911999	0	0	0.904840938361374	0.703129329965055	0	0	0.941679469635266	0	0	0.741488633310373	0	0	0.918326769780957	0	0.598605564234138	0	0	0	0
0	0	0	0	0	0	0	0	0	0	0	0	0	0	0	0	0	0	0	0	0	0	0	0	0	0	0	0	0	0	0	0	0	0	0	0	0	0	0	0	0	0	0	0	0	0	0	0.599651022214868	0	0	0	0	0	0	0	0	0	0	0	0.628153381477882	0	0	0	0	0.533940079259768	0	0.978220944090309	0	0	0	0	0	0	0.985463919497066	0.789137238177174	0	0	0	0	0.768605417178313	0	0	0	0.866900783507052	0	0.981954190720914	0.767065232318955	0.853128379662096	0.803904320317293	0.724100952686973
0	0	0	0	0	0	0	0	0	0	0	0	0	0	0	0	0	0	0	0	0	0	0	0	0	0	0	0	0	0	0	0	0	0	0	0	0	0	0	0	0	0	0	0	0	0	0	0	0.576662689326485	0	0	0.66665432394124	0	0	0	0.599767332732061	0	0	0	0	0.880528871690447	0	0.710824920712959	0	0	0.720673938594551	0.681276959832868	0	0.987054937960437	0	0.502990488907203	0	0.601151391507181	0.554376603807722	0.866581232782744	0	0	0.860147398475774	0.627511916933617	0	0	0	0.906088714347708	0	0	0	0.513885651525402	0	0	0
0	0	0	0	0	0	0	0	0	0	0	0	0	0	0	0	0	0	0	0	0	0	0	0	0	0	0	0	0	0	0	0	0	0	0	0	0	0	0	0	0	0	0	0	0	0	0	0	0.55330352580295	0	0	0	0.698106803158259	0.766494900128584	0.646566225816932	0	0	0	0	0.595902104516018	0	0.537340501533659	0.963055959050207	0	0	0	0	0	0	0	0	0	0.654109782528891	0	0	0.81949233712001	0	0.983935732314448	0	0	0	0.693997431607567	0	0	0	0	0.686875574401898	0	0.845897005063286	0.694409261948099
0	0	0	0	0	0	0	0	0	0	0	0	0	0	0	0	0	0	0	0	0	0	0	0	0	0	0	0	0	0	0	0	0	0	0	0	0	0	0	0	0	0	0	0	0	0	0	0	0	0	0	0	0	0	0	0	0	0.641871200775115	0.516092768234634	0.823715715886304	0.672236286549398	0	0	0	0	0.971625891779179	0	0	0	0	0	0	0	0	0	0.764741885078134	0.509634432570671	0	0.960346721646067	0.874652986524083	0.885075338154036	0	0	0	0.828405678744817	0.740865041304528	0	0	0.862262979612799	0
0	0	0	0	0	0	0	0	0	0	0	0	0	0	0	0	0	0	0	0	0	0	0	0	0	0	0	0	0	0	0	0	0	0	0	0	0	0	0	0	0	0	0	0	0	0.538600560086612	0	0	0.872450607859683	0	0	0.612455273551565	0	0	0	0	0	0	0	0.807272626478327	0	0	0	0	0	0	0	0.7541140016256	0	0	0	0.685608341928914	0.895700074323263	0	0	0	0.56367947122915	0.791460681321351	0.836725129903892	0	0	0	0	0.841728001922996	0	0	0	0.810658289709669	0	0.862284999630223
0	0	0	0	0	0	0	0	0	0	0	0	0	0	0	0	0	0	0	0	0	0	0	0	0	0	0	0	0	0	0	0	0	0	0	0	0	0	0	0	0	0	0	0	0	0.593938792552775	0	0	0	0	0	0.937541647747161	0	0	0	0.647850344308304	0	0	0.969672237688078	0.53117887768925	0	0.651908292480504	0	0	0	0	0	0	0	0	0	0	0.546895169980208	0	0	0	0	0	0	0.831118761270522	0.614088528486648	0	0	0.863694555481532	0	0	0	0	0	0
0	0	0	0	0	0	0	0	0	0	0	0	0	0	0	0	0	0	0	0	0	0	0	0	0	0	0	0	0	0	0	0	0	0	0	0	0	0	0	0	0	0	0	0	0	0	0	0	0	0.781470145459703	0	0	0	0	0.640956110223154	0.522840939200255	0	0.902787670767685	0	0	0	0	0.806889020715811	0	0	0.789040063797647	0	0	0	0	0	0	0.550671177392545	0	0	0	0.70351887849759	0.989428634075273	0.6068375833316	0	0.695262603041155	0.633303447531599	0.969195104028918	0	0	0	0	0	0	0
0	0	0	0	0	0	0	0	0	0	0	0	0	0	0	0	0	0	0	0	0	0	0	0	0	0	0	0	0	0	0	0	0	0	0	0	0	0	0	0	0	0	0	0	0	0.647296470125406	0.872132610698467	0.583581119196314	0	0.562386828337908	0.728515485640537	0.720106993631106	0.573651048172641	0.768781639354787	0	0	0	0	0	0	0.921014794323886	0	0	0.525864788262332	0	0.988291272046575	0.900470701724911	0	0	0	0	0	0	0	0	0	0	0	0	0	0.740820394874889	0	0	0	0.924781609145829	0	0	0	0	0
0	0	0	0	0	0	0	0	0	0	0	0	0	0	0	0	0	0	0	0	0	0	0	0	0	0	0	0	0	0	0	0	0	0	0	0	0	0	0	0	0	0	0	0	0	0	0	0	0	0	0.975229168791211	0	0	0.831413909631328	0	0	0	0	0	0	0	0	0	0.931670518145665	0.57464629143135	0.666080931255911	0	0	0	0	0.92236688552708	0	0	0	0	0.707636174000294	0	0	0	0	0.655690880601116	0	0.940183752256075	0.512133989982329	0	0	0	0	0	0.740773601012062
0	0	0	0	0	0	0	0	0	0	0	0	0	0	0	0	0	0	0	0	0	0	0	0	0	0	0	0	0	0	0	0	0	0	0	0	0	0	0	0	0	0	0	0	0	0	0	0.846221506244659	0.973337815270197	0.672281735294962	0	0	0	0	0	0	0	0	0.812061189311154	0	0	0	0	0	0.855995522629892	0.980439773842223	0	0.589815064776831	0.641623125579363	0	0.593523794836021	0	0.797223489843352	0	0	0	0	0	0	0	0.595957825953121	0	0.70138696628285	0	0.923519962993369	0	0	0	0.568508659092964	0
