0	0	0	0	0	0	0	0	0	0	0.871801452764534	0	0	0	0	0	0	0	0	0	0.763764833815683	0	0	0	0	0	0	0	0	0	0	0	0	0.846538631591232	0	0	0	0.554178066902842	0	0.558228244387449	0.820578713617623	0	0	0	0	0	0	0	0	0	0	0	0	0	0	0	0	0	0	0	0	0	0	0	0	0	0	0	0	0	0	0	0	0	0	0	0	0	0	0	0	0	0	0	0	0	0	0	0	0
0	0	0.678093069950255	0	0	0	0	0	0	0	0	0	0.729556677682251	0	0	0	0	0	0	0	0	0	0	0.582940249912437	0	0	0	0	0	0	0	0	0	0	0	0	0	0.944955343466134	0	0	0	0	0	0	0	0	0	0	0	0	0	0	0	0	0	0	0	0	0	0	0	0	0	0	0	0	0	0	0	0	0	0	0	0	0	0	0	0	0	0	0	0	0	0	0	0	0	0	0	0
0	0.78170277063037	0	0.5155072111839	0	0	0	0	0	0	0	0	0	0	0	0	0	0	0	0	0	0	0	0	0	0.724893846855741	0	0	0.723069734131239	0	0	0	0	0	0	0.97599016175507	0	0.635798517940293	0	0	0	0	0	0	0.614827480714108	0	0	0	0	0	0	0	0	0	0	0	0	0	0	0	0	0	0	0	0	0	0	0	0	0	0	0	0	0	0	0	0	0	0	0	0	0	0	0	0	0	0	0	0	0
0	0	0.75662870515979	0	0	0	0.914147073185322	0	0	0	0.551801674554005	0.676658302948494	0	0	0	0	0	0.704217399899442	0	0	0	0	0.884689268491999	0	0	0	0	0	0	0	0	0	0	0	0	0	0.808034932620479	0	0	0	0	0	0	0	0	0	0	0	0	0	0	0	0	0	0	0	0	0	0	0	0	0	0	0	0	0	0	0	0	0	0	0	0	0	0	0	0	0	0	0	0	0	0	0	0	0	0	0	0	0
0	0	0	0	0	0	0	0	0	0	0	0	0	0	0.924689324852365	0.913787481636205	0	0	0	0	0	0	0	0	0.680230149221149	0	0	0	0	0	0	0	0	0	0	0.575964267126285	0	0	0	0.794701133102594	0	0	0	0	0	0	0	0	0	0	0	0	0	0	0	0	0	0	0	0	0	0	0	0	0	0	0	0	0	0	0	0	0	0	0	0	0	0	0	0	0	0	0	0	0	0	0	0	0	0
0	0	0	0	0	0	0	0	0.985903929545729	0	0	0	0	0	0	0	0	0	0	0	0	0	0	0	0	0	0.701662804720135	0	0	0	0	0	0	0	0.698447275236575	0	0.572781457029665	0	0	0	0	0.794677594333924	0	0	0	0	0	0	0	0	0	0	0	0	0	0	0	0	0	0	0	0	0	0	0	0	0	0	0	0	0	0	0	0	0	0	0	0	0	0	0	0	0	0	0	0	0	0	0	0
0	0	0	0.910661657523835	0	0	0	0	0	0	0	0	0.833376717572623	0	0	0	0.55909628142644	0	0	0	0	0	0	0	0	0	0	0	0	0	0	0	0	0	0	0	0	0	0	0.524360190630023	0	0	0	0	0	0	0	0	0	0	0	0	0	0	0	0	0	0	0	0	0	0	0	0	0	0	0	0	0	0	0	0	0	0	0	0	0	0	0	0	0	0	0	0	0	0	0	0	0	0
0	0	0	0	0	0	0	0	0.517177919853805	0	0	0	0	0.832088423269206	0	0	0	0	0	0	0.809047245145033	0.544645859077935	0	0	0	0.680750628842214	0	0.942388775887386	0	0	0	0.548802581527684	0	0	0	0	0	0	0	0	0	0	0	0	0	0	0	0	0	0	0	0	0	0	0	0	0	0	0	0	0	0	0	0	0	0	0	0	0	0	0	0	0	0	0	0	0	0	0	0	0	0	0	0	0	0	0	0	0	0
0	0	0	0	0	0.800403408467846	0	0.888775416908997	0	0	0	0	0.684369737092662	0	0	0	0.717007674177881	0	0	0	0	0	0	0	0	0	0	0	0	0	0	0.888742076328137	0	0	0	0	0	0	0	0	0	0	0	0	0	0	0	0	0	0	0	0	0	0	0	0	0	0	0	0	0	0	0	0	0	0	0	0	0	0	0	0	0	0	0	0	0	0	0	0	0	0	0	0	0	0	0	0	0	0
0	0	0	0	0	0	0	0	0	0	0.630165555696159	0	0	0.665413942524667	0	0	0	0	0	0	0	0	0	0	0	0.904426827803135	0	0	0	0	0	0	0	0	0	0	0	0	0	0	0	0	0	0	0	0	0	0	0	0	0	0	0	0	0	0	0	0	0	0	0	0	0	0	0	0	0	0	0	0	0	0	0	0	0	0	0	0	0	0	0	0	0	0	0	0	0	0	0	0
0.591806683213156	0	0	0.929166197025889	0	0	0	0	0	0.724670410473376	0	0	0	0.68028138285258	0	0	0	0	0	0.51841953004062	0	0	0	0.801343588647487	0.667920975413163	0	0	0	0	0	0	0	0	0	0	0	0	0	0	0	0	0	0	0.53990682692582	0	0	0	0	0	0	0	0	0	0	0	0	0	0	0	0	0	0	0	0	0	0	0	0	0	0	0	0	0	0	0	0	0	0	0	0	0	0	0	0	0	0	0	0	0	0
0	0	0	0.888701460036114	0	0	0	0	0	0	0	0	0	0	0	0	0	0	0	0.910035080632336	0	0	0	0	0	0	0	0	0	0	0.821718628258478	0	0	0	0	0.976050099716354	0.945527192388733	0	0.708580584363647	0	0	0	0	0	0	0	0	0	0	0	0	0	0	0	0	0	0	0	0	0	0	0	0	0	0	0	0	0	0	0	0	0	0	0	0	0	0	0	0	0	0	0	0	0	0	0	0	0	0	0
0	0.599536687629244	0	0	0	0	0.670776599237874	0	0.54064731098057	0	0	0	0	0	0.536670603462251	0	0	0	0	0	0	0	0.505650856086271	0	0	0	0	0	0	0	0	0	0	0	0.881227736752374	0	0	0	0	0	0	0	0	0	0.976991578527226	0	0	0	0	0	0	0	0	0	0	0	0	0	0	0	0	0	0	0	0	0	0	0	0	0	0	0	0	0	0	0	0	0	0	0	0	0	0	0	0	0	0	0	0	0
0	0	0	0	0	0	0	0.817801016153267	0	0.652552909634362	0.75727455790939	0	0	0	0	0	0	0	0	0	0	0	0.880737399332487	0	0	0	0	0	0	0	0	0	0	0.531523971961734	0	0	0	0	0.513378159526638	0	0	0	0	0	0	0	0	0	0	0	0	0	0	0	0	0	0	0	0	0	0	0	0	0	0	0	0	0	0	0	0	0	0	0	0	0	0	0	0	0	0	0	0	0	0	0	0	0	0	0
0	0	0	0	0.573305466876689	0	0	0	0	0	0	0	0.99569425078574	0	0	0	0.618071684618357	0.543674307016137	0.690468410910944	0.893727631344818	0	0	0	0	0	0	0	0	0	0	0.7531534936626	0	0	0	0	0	0	0	0	0	0	0	0	0	0	0	0	0	0	0	0	0	0	0	0	0	0	0	0	0	0	0	0	0	0	0	0	0	0	0	0	0	0	0	0	0	0	0	0	0	0	0	0	0	0	0	0	0	0	0
0	0	0	0	0.777930873930666	0	0	0	0	0	0	0	0	0	0	0	0	0.670325851895082	0	0	0	0	0	0.547768418687709	0	0	0	0	0	0	0	0.586864329576868	0	0	0	0	0	0	0	0	0	0	0	0	0	0	0	0	0	0	0	0	0	0	0	0	0	0	0	0	0	0	0	0	0	0	0	0	0	0	0	0	0	0	0	0	0	0	0	0	0	0	0	0	0	0	0	0	0	0
0	0	0	0	0	0	0.996451658675055	0	0.531566376096054	0	0	0	0	0	0.844486080494626	0	0	0	0	0.714552493970687	0.63216738537943	0	0	0	0	0	0	0	0	0	0	0	0	0	0	0	0	0	0.882160218763617	0.914439491561715	0	0	0	0	0	0	0	0	0	0	0	0	0	0	0	0	0	0	0	0	0	0	0	0	0	0	0	0	0	0	0	0	0	0	0	0	0	0	0	0	0	0	0	0	0	0	0	0	0	0
0	0	0	0.927049608915195	0	0	0	0	0	0	0	0	0	0	0.890501146514138	0.91628142223409	0	0	0	0	0.640650118399719	0.870888148864084	0	0	0	0.521080895362238	0	0.873745785050767	0	0	0	0	0	0	0	0.75967411102767	0	0	0	0	0	0	0	0	0.81482805213349	0	0	0	0	0	0	0	0	0	0	0	0	0	0	0	0	0	0	0	0	0	0	0	0	0	0	0	0	0	0	0	0	0	0	0	0	0	0	0	0	0	0	0	0	0
0	0	0	0	0	0	0	0	0	0	0	0	0	0	0.897296884541994	0	0	0	0	0	0	0	0	0	0	0	0	0.587539781706308	0	0.541527212785964	0	0	0	0	0	0	0	0	0	0	0	0.798363953381685	0	0	0	0	0	0	0	0	0	0	0	0	0	0	0	0	0	0	0	0	0	0	0	0	0	0	0	0	0	0	0	0	0	0	0	0	0	0	0	0	0	0	0	0	0	0	0	0
0	0	0	0	0	0	0	0	0	0	0.564716327205758	0.613182339529331	0	0	0.734756354650586	0	0.985685838066805	0	0	0	0.842205640761298	0	0	0	0.743894027623901	0	0	0	0	0	0	0	0	0	0	0	0	0	0	0	0	0	0	0	0	0	0	0	0	0	0	0	0	0	0	0	0	0	0	0	0	0	0	0	0	0	0	0	0	0	0	0	0	0	0	0	0	0	0	0	0	0	0	0	0	0	0	0	0	0
0.700370222738179	0	0	0	0	0	0	0.693457314062448	0	0	0	0	0	0	0	0	0.977008413409417	0.741035027099699	0	0.621550584750234	0	0	0	0	0	0	0	0	0	0.538271166937984	0	0	0.627429244627192	0	0.901640742213689	0	0	0	0	0	0	0	0	0	0.578822229331985	0	0	0	0	0	0	0	0	0	0	0	0	0	0	0	0	0	0	0	0	0	0	0	0	0	0	0	0	0	0	0	0	0	0	0	0	0	0	0	0	0	0	0	0	0
0	0	0	0	0	0	0	0.70533613137504	0	0	0	0	0	0	0	0	0	0.986188482216666	0	0	0	0	0	0	0	0	0	0.701617686218648	0	0	0	0	0.553206355662887	0	0	0	0	0	0	0.696409201620698	0	0	0	0	0	0	0	0	0	0	0	0	0	0	0	0	0	0	0	0	0	0	0	0	0	0	0	0	0	0	0	0	0	0	0	0	0	0	0	0	0	0	0	0	0	0	0	0	0	0
0	0	0	0.623154669551303	0	0	0	0	0	0	0	0	0.937020035556741	0.879695298829971	0	0	0	0	0	0	0	0	0	0.95333188099748	0.960114610865851	0	0	0	0.677919551493086	0	0.782079881249157	0	0	0	0	0	0	0	0	0	0	0	0	0	0	0	0	0	0	0	0	0	0	0	0	0	0	0	0	0	0	0	0	0	0	0	0	0	0	0	0	0	0	0	0	0	0	0	0	0	0	0	0	0	0	0	0	0	0	0
0	0.685323510615636	0	0	0	0	0	0	0	0	0.505245022585112	0	0	0	0	0.603825188888033	0	0	0	0	0	0	0.916020153609725	0	0.614464652168196	0	0	0	0.679380009752715	0	0	0	0	0	0.55796185276078	0	0	0	0.59602527580844	0	0	0	0	0	0	0	0	0	0	0	0	0	0	0	0	0	0	0	0	0	0	0	0	0	0	0	0	0	0	0	0	0	0	0	0	0	0	0	0	0	0	0	0	0	0	0	0	0	0	0
0	0	0	0	0.818840283863365	0	0	0	0	0	0.708562455938646	0	0	0	0	0	0	0	0	0.532581085555731	0	0	0.933123272173562	0.800551705534944	0	0	0	0	0	0	0	0.737626737162142	0	0	0	0	0	0.577713904949902	0	0	0	0	0	0.729303108530952	0	0	0	0	0	0	0	0	0	0	0	0	0	0	0	0	0	0	0	0	0	0	0	0	0	0	0	0	0	0	0	0	0	0	0	0	0	0	0	0	0	0	0	0	0	0
0	0	0.792507431085011	0	0	0	0	0.541386868555568	0	0.994163967563751	0	0	0	0	0	0	0	0.743910355325543	0	0	0	0	0	0	0	0	0	0	0	0	0	0	0	0	0	0	0	0	0	0	0.98178662507469	0	0	0	0	0	0	0	0	0	0	0	0	0	0	0	0	0	0	0	0	0	0	0	0	0	0	0	0	0	0	0	0	0	0	0	0	0	0	0	0	0	0	0	0	0	0	0	0	0
0	0	0	0	0	0.931670456155673	0	0	0	0	0	0	0	0	0	0	0	0	0	0	0	0	0	0	0	0	0	0.71593430008656	0	0.679658207985787	0	0	0	0.749247142869006	0	0	0	0	0	0	0	0	0	0	0	0	0	0	0	0	0	0	0	0	0	0	0	0	0	0	0	0	0	0	0	0	0	0	0	0	0	0	0	0	0	0	0	0	0	0	0	0	0	0	0	0	0	0	0	0
0	0	0	0	0	0	0	0.773089529692681	0	0	0	0	0	0	0	0	0	0.618514761010191	0.606747670624747	0	0	0.731586011793212	0	0	0	0	0.979609430350772	0	0	0.704160391634533	0	0.574238547717187	0	0	0	0	0	0.88028230480113	0	0	0	0	0	0	0	0	0	0	0	0	0	0	0	0	0	0	0	0	0	0	0	0	0	0	0	0	0	0	0	0	0	0	0	0	0	0	0	0	0	0	0	0	0	0	0	0	0	0	0	0
0	0	0.717570452018483	0	0	0	0	0	0	0	0	0	0	0	0	0	0	0	0	0	0	0	0.651152734081947	0.591018922667791	0	0	0	0	0	0	0	0	0	0	0	0	0	0	0	0	0	0	0	0	0.926169698758163	0	0	0	0	0	0	0	0	0	0	0	0	0	0	0	0	0	0	0	0	0	0	0	0	0	0	0	0	0	0	0	0	0	0	0	0	0	0	0	0	0	0	0	0	0
0	0	0	0	0	0	0	0	0	0	0	0	0	0	0	0	0	0	0.814784117925521	0	0.55222275864914	0	0	0	0	0	0.911298806747642	0.712357664296153	0	0	0.601106357173098	0	0	0	0	0	0	0	0.523424775670873	0	0	0	0	0	0	0	0	0	0	0	0	0	0	0	0	0	0	0	0	0	0	0	0	0	0	0	0	0	0	0	0	0	0	0	0	0	0	0	0	0	0	0	0	0	0	0	0	0	0	0
0	0	0	0	0	0	0	0	0	0	0	0.953788013890759	0	0	0.809593063729089	0	0	0	0	0	0	0	0.785110746291774	0	0	0	0	0	0	0.81052329812774	0	0	0.911101946914099	0.846379872428963	0	0	0	0	0	0	0	0	0.994341235786801	0.690225634162577	0	0	0	0	0	0	0	0	0	0	0	0	0	0	0	0	0	0	0	0	0	0	0	0	0	0	0	0	0	0	0	0	0	0	0	0	0	0	0	0	0	0	0	0	0	0
0	0	0	0	0	0	0	0.66905268939432	0.567949385023154	0	0	0	0	0	0	0.753690064673998	0	0	0	0	0	0	0	0	0.830380007218442	0	0	0.626181659745691	0	0	0	0	0	0	0	0.533260267373548	0	0.618833281272764	0	0	0	0	0	0	0	0	0	0	0	0	0	0	0	0	0	0	0	0	0	0	0	0	0	0	0	0	0	0	0	0	0	0	0	0	0	0	0	0	0	0	0	0	0	0	0	0	0	0	0	0
0	0	0	0	0	0	0	0	0	0	0	0	0	0	0	0	0	0	0	0	0.936311949920274	0.577910418649108	0	0	0	0	0	0	0	0	0.50378447859573	0	0	0.897140902733852	0	0	0	0	0	0	0	0	0	0	0	0	0	0	0	0	0	0	0	0	0	0	0	0	0	0	0	0	0	0	0	0	0	0	0	0	0	0	0	0	0	0	0	0	0	0	0	0	0	0	0	0	0	0	0	0
0.779833780500503	0	0	0	0	0	0	0	0	0	0	0	0	0.701104404868543	0	0	0	0	0	0	0	0	0	0	0	0	0.57737392833549	0	0	0	0.893124173672487	0	0.9625663191432	0	0	0	0	0	0	0	0	0	0.6589713886214	0	0	0	0	0	0	0	0	0	0	0	0	0	0	0	0	0	0	0	0	0	0	0	0	0	0	0	0	0	0	0	0	0	0	0	0	0	0	0	0	0	0	0	0	0	0	0
0	0	0	0	0	0.641957751197396	0	0	0	0	0	0	0.549088619770909	0	0	0	0	0	0	0	0.966286641200105	0	0	0.98360104140067	0	0	0	0	0	0	0	0	0	0	0	0	0.59350588758262	0	0	0	0	0	0	0	0	0	0	0	0	0	0	0	0	0	0	0	0	0	0	0	0	0	0	0	0	0	0	0	0	0	0	0	0	0	0	0	0	0	0	0	0	0	0	0	0	0	0	0	0	0
0	0	0.620002066333396	0	0.858277526115992	0	0	0	0	0	0	0.541067513606008	0	0	0	0	0	0.76127918530002	0	0	0	0	0	0	0	0	0	0	0	0	0	0.660413422103141	0	0	0	0	0	0	0	0	0	0	0.970610905309974	0	0	0	0	0	0	0	0	0	0	0	0	0	0	0	0	0	0	0	0	0	0	0	0	0	0	0	0	0	0	0	0	0	0	0	0	0	0	0	0	0	0	0	0	0	0	0
0	0	0	0.769658354351411	0	0.639099011024098	0	0	0	0	0	0.920112000889415	0	0	0	0	0	0	0	0	0	0	0	0	0	0	0	0	0	0	0	0	0	0	0.873462644406405	0	0	0	0	0	0	0.708445313508124	0	0	0	0	0	0	0	0	0	0	0	0	0	0	0	0	0	0	0	0	0	0	0	0	0	0	0	0	0	0	0	0	0	0	0	0	0	0	0	0	0	0	0	0	0	0	0	0
0.742118973757714	0.94801357555811	0.617984140036344	0	0	0	0	0	0	0	0	0	0	0	0	0	0	0	0	0	0	0	0	0	0.730357437770733	0	0	0.647090077641048	0	0	0	0.647727361712885	0	0	0	0	0	0	0	0	0.708806008189116	0	0	0	0	0	0	0	0	0	0	0	0	0	0	0	0	0	0	0	0	0	0	0	0	0	0	0	0	0	0	0	0	0	0	0	0	0	0	0	0	0	0	0	0	0	0	0	0	0
0	0	0	0	0	0	0	0	0	0	0	0.848604011379851	0	0.889320627091237	0	0	0.819071731849547	0	0	0	0	0	0	0.655489308141646	0	0	0	0	0	0.994978873947993	0	0	0	0	0	0	0	0	0	0	0	0.876512817075406	0	0	0	0	0	0	0	0	0	0	0	0	0	0	0	0	0	0	0	0	0	0	0	0	0	0	0	0	0	0	0	0	0	0	0	0	0	0	0	0	0	0	0	0	0	0	0	0
0.689620421588635	0	0	0	0.741217717489892	0	0.659510316067758	0	0	0	0	0	0	0	0	0	0.668915095216227	0	0	0	0	0.624803263607043	0	0	0	0	0	0	0	0	0	0	0	0	0	0	0	0	0	0	0	0.944542723552745	0	0	0	0	0	0	0	0	0	0	0	0	0	0	0	0	0	0	0	0	0	0	0	0	0	0	0	0	0	0	0	0	0	0	0	0	0	0	0	0	0	0	0	0	0	0	0	0
0.58586058177707	0	0	0	0	0	0	0	0	0	0	0	0	0	0	0	0	0	0	0	0	0	0	0	0	0.722152262533844	0	0	0	0	0	0	0	0	0	0	0	0.601608787583761	0	0	0	0.96762679997492	0	0	0	0	0	0	0	0	0	0	0	0	0	0	0	0	0	0	0	0	0	0	0	0	0	0	0	0	0	0	0	0	0	0	0	0	0	0	0	0	0	0	0	0	0	0	0	0
0	0	0	0	0	0.925872882206943	0	0	0	0	0	0	0	0	0	0	0	0	0.667158850204215	0	0	0	0	0	0	0	0	0	0	0	0	0	0	0	0	0	0.562678324232061	0	0.892661983833652	0.917176916003134	0.893300608716865	0	0.937386692113136	0	0.511212470008951	0	0	0	0	0	0	0	0	0	0	0	0	0	0	0	0	0	0	0	0	0	0	0	0	0	0	0	0	0	0	0	0	0	0	0	0	0	0	0	0	0	0	0	0	0
0	0	0	0	0	0	0	0	0	0	0	0	0	0	0	0	0	0	0	0	0	0	0	0	0	0	0	0	0	0	0.557091975816805	0	0	0.751069452637312	0	0.964528119164276	0	0	0	0	0	0.919938999379192	0	0	0.743369605822518	0	0	0	0	0	0	0	0	0	0	0	0	0	0	0	0	0	0	0	0	0	0	0	0	0	0	0	0	0	0	0	0	0	0	0	0	0	0	0	0	0	0	0	0	0
0	0	0	0	0	0	0	0	0	0	0.700733414886389	0	0	0	0	0	0	0	0	0	0	0	0	0	0.638407402501471	0	0	0	0	0	0.770775773212766	0	0	0	0	0	0	0	0	0	0	0	0	0	0.963891617001315	0	0	0	0	0	0	0	0	0	0	0	0	0	0	0	0	0	0	0	0	0	0	0	0	0	0	0	0	0	0	0	0	0	0	0	0	0	0	0	0	0	0	0	0	0
0	0	0.722020046512314	0	0	0	0	0	0	0	0	0	0.704243377859861	0	0	0	0	0.514529861919123	0	0	0.820383479752645	0	0	0	0	0	0	0	0.759799654689897	0	0	0	0	0	0	0	0	0	0	0	0	0.683905620824914	0.519717398473223	0.631370736283067	0	0	0	0	0	0	0	0	0	0	0	0	0	0	0	0	0	0	0	0	0	0	0	0	0	0	0	0	0	0	0	0	0	0	0	0	0	0	0	0	0	0	0	0	0	0
0	0	0	0	0	0	0	0	0	0	0	0	0	0	0	0	0	0	0	0	0	0	0	0	0	0	0	0	0	0	0	0	0	0	0	0	0	0	0	0	0	0	0	0	0	0	0.722360751869692	0.958317014106614	0.917359376933552	0.903599154067781	0.56893145603162	0.565519859948361	0.996605896268306	0	0	0	0	0	0	0	0	0	0	0	0	0	0	0	0	0	0	0	0	0	0	0	0	0	0	0	0	0	0	0.867628966245714	0.691220313852593	0.81881188099655	0.627456804350616	0.625185071733903	0.70883941231034	0.758591526403923
0	0	0	0	0	0	0	0	0	0	0	0	0	0	0	0	0	0	0	0	0	0	0	0	0	0	0	0	0	0	0	0	0	0	0	0	0	0	0	0	0	0	0	0	0	0.807000906602108	0	0.841692010191616	0.870143156582103	0.64028263662628	0.756724390149505	0.995427159994681	0.77019040156098	0.767775188114178	0	0	0	0	0	0	0	0	0	0	0	0	0	0	0	0	0	0	0	0	0	0	0	0	0	0	0	0	0	0	0.547495951311572	0.741655956608675	0.654841690509021	0.802058215547627	0.900287075212718	0.920374846971524
0	0	0	0	0	0	0	0	0	0	0	0	0	0	0	0	0	0	0	0	0	0	0	0	0	0	0	0	0	0	0	0	0	0	0	0	0	0	0	0	0	0	0	0	0	0.621186435047058	0.64847397163868	0	0.998426888119545	0.641876376665506	0.514639690635476	0.786351640410709	0.842619585494719	0.806308003754526	0.912915731863362	0	0	0	0	0	0	0	0	0	0	0	0	0	0	0	0	0	0	0	0	0	0	0	0	0	0	0	0	0	0	0.950045304143499	0.617605428468621	0.675234173628714	0.609961968904609	0.806354965358101
0	0	0	0	0	0	0	0	0	0	0	0	0	0	0	0	0	0	0	0	0	0	0	0	0	0	0	0	0	0	0	0	0	0	0	0	0	0	0	0	0	0	0	0	0	0.580959927011272	0.748069847036989	0.724513544173059	0	0.745863172477376	0	0.770976657532028	0.88355373610028	0.718137862232183	0.835613066722499	0.592488853616894	0	0	0	0.811272523175506	0	0	0	0	0	0	0	0	0	0	0	0	0	0	0	0	0	0	0	0	0	0	0	0	0	0	0.794349980451425	0.640880629589179	0.563186367348039	0.80392860112397
0	0	0	0	0	0	0	0	0	0	0	0	0	0	0	0	0	0	0	0	0	0	0	0	0	0	0	0	0	0	0	0	0	0	0	0	0	0	0	0	0	0	0	0	0	0.914951984437578	0.794129084385839	0.890418290294449	0.923807302153025	0	0.624795211794423	0.8780501384706	0.619671577611517	0.770622244868808	0.617340837983199	0.688749144107616	0.922535153613262	0	0	0	0	0	0	0	0	0	0	0	0	0	0	0	0	0	0	0	0	0	0	0	0	0	0	0	0	0	0	0.668886905687567	0.926237729829964	0.826669470735031
0	0	0	0	0	0	0	0	0	0	0	0	0	0	0	0	0	0	0	0	0	0	0	0	0	0	0	0	0	0	0	0	0	0	0	0	0	0	0	0	0	0	0	0	0	0.980476567009427	0.587574503329828	0.594613995148909	0	0.784443464388097	0	0	0.755366840749366	0.738475377529195	0.732682020865491	0.681425041009182	0.908302767245273	0.844857079617294	0	0	0	0	0	0	0	0	0	0	0	0	0	0	0	0	0	0	0	0	0.713405506609157	0	0	0	0	0	0	0	0	0	0.976183189879723	0.74022185852814
0	0	0	0	0	0	0	0	0	0	0	0	0	0	0	0	0	0	0	0	0	0	0	0	0	0	0	0	0	0	0	0	0	0	0	0	0	0	0	0	0	0	0	0	0	0.759981432665648	0.590782019106992	0.739329678285174	0.964743133982455	0.990091102437014	0	0	0.986102093221461	0.58098685461961	0.882217204049857	0.65924590417925	0.764137740890857	0.867136572086416	0.595455990814618	0	0	0	0	0	0	0	0	0	0	0	0	0	0	0	0	0	0	0	0	0	0	0	0	0	0	0	0	0	0	0.749821691463173
0	0	0	0	0	0	0	0	0	0	0	0	0	0	0	0	0	0	0	0	0	0	0	0	0	0	0	0	0	0	0	0	0	0	0	0	0	0	0	0	0	0	0	0	0	0.850219446570173	0.724521816630005	0.872887752941148	0.985332623643386	0.740448501566732	0.644316881084975	0.641262396895728	0	0.950845563414183	0.67357576323677	0.686752519810004	0.657742507622631	0.86936704407311	0.888289155162602	0.691533064285595	0	0	0	0	0	0	0	0	0	0	0	0	0	0	0	0	0	0	0	0	0	0	0	0	0	0	0	0	0	0
0	0	0	0	0	0	0	0	0	0	0	0	0	0	0	0	0	0	0	0	0	0	0	0	0	0	0	0	0	0	0	0	0	0	0	0	0	0	0	0	0	0	0	0	0	0	0.542030105520258	0.517821546957656	0.978080528835983	0.500033780784081	0.543256245446066	0.777786676614761	0.643501389501865	0	0.865590665662959	0.933078427604461	0.703749407414463	0.957560613066784	0.839954169562845	0.690361163206248	0.513903331358483	0	0	0	0	0	0	0	0	0	0	0	0	0	0	0	0	0	0	0	0	0	0	0	0	0	0	0	0	0
0	0	0	0	0	0	0	0	0	0	0	0	0	0	0	0	0	0	0	0	0	0	0	0	0	0	0	0	0	0	0	0	0	0	0	0	0	0	0	0	0	0	0	0	0	0	0	0.504135622881605	0.619723267464798	0.552911900359977	0.673928355912336	0.709309459059738	0.860332028679498	0.990308904343359	0	0.759980476336281	0.660544090796158	0.822161262766362	0.573527327132612	0.904778623766827	0.804221094863106	0.601983553759321	0	0	0	0	0	0	0	0	0	0	0	0	0	0	0	0	0	0	0	0	0	0	0	0	0	0	0	0
0	0	0	0	0	0	0	0	0	0	0	0	0	0	0	0	0	0	0	0	0	0	0	0	0	0	0	0	0	0	0	0	0	0	0	0	0	0	0	0	0	0	0	0	0	0	0	0	0.975038720107567	0.643344569119364	0.798987983935102	0.565500355973621	0.645250840857316	0.586879599160075	0.942768870043279	0	0.693657284579652	0.895094526482032	0.718266599186132	0.588840358507172	0.774152592484844	0.50656093554662	0.905623317553254	0	0	0	0	0	0	0	0	0	0	0	0	0	0	0	0	0	0	0	0	0	0	0	0	0	0	0
0	0	0	0	0	0	0	0	0	0	0	0	0	0	0	0	0	0	0	0	0	0	0	0	0	0	0	0	0	0	0	0	0	0	0	0	0	0	0	0	0	0	0	0	0	0	0	0	0	0.972306510748985	0.514829232848409	0.579038693951498	0.898847561447422	0.69459747029206	0.982948282825699	0.778609400564778	0	0.90386256434488	0.792421947945842	0.697913180394615	0.75828911398845	0.608896826705705	0.573510411474031	0.662994591937297	0	0	0	0	0.766869627203929	0	0	0	0	0	0	0	0	0	0	0	0	0	0	0	0	0	0	0	0	0
0	0	0	0	0	0	0	0	0	0	0	0	0	0	0	0	0	0	0	0	0	0	0	0	0	0	0	0	0	0	0	0	0	0	0	0	0	0	0	0	0	0	0	0	0	0	0	0	0	0	0.640999676197645	0.89511021757983	0.586189465154789	0.893475001324603	0.92717482295543	0.662666223786748	0.850869824803825	0	0.766357107809262	0.537522808347101	0.594632658647546	0.780107043941239	0.503594326720101	0.561016137325786	0.56636183326287	0	0	0	0	0	0	0	0	0	0	0	0	0	0	0	0	0	0	0	0	0	0	0	0	0
0	0	0	0	0	0	0	0	0	0	0	0	0	0	0	0	0	0	0	0	0	0	0	0	0	0	0	0	0	0	0	0	0	0	0	0	0	0	0	0	0	0	0	0	0	0	0	0	0	0	0	0.739643671777301	0.94287432952921	0.552117694090206	0.55462932907611	0.545849504616763	0.759640600262457	0.673471074648772	0	0.729754880920708	0.944314963087103	0.662836008168816	0.637081558936491	0.756965955279606	0.588918813171677	0.891367122950302	0	0	0	0	0	0	0	0	0	0	0	0	0	0	0	0	0	0	0	0	0	0	0	0
0	0	0	0	0	0	0	0	0	0	0	0	0	0	0	0	0	0	0	0	0	0	0	0	0	0	0	0	0	0	0	0	0	0	0	0	0	0	0	0	0	0	0	0	0	0	0	0	0.93893688110708	0	0	0	0.657017067270776	0.976469272596867	0.578208413648078	0.881224937703209	0.546877484101697	0.995538435867517	0.833404962857349	0	0.692800910290948	0.696540232873891	0.650573045021211	0.767973677080197	0.881288990607289	0.700601498143275	0.749261126506138	0	0	0	0	0	0	0	0	0	0	0	0	0	0	0	0	0	0	0	0	0	0	0
0	0	0	0	0	0	0	0	0	0	0	0	0	0	0	0	0	0	0	0	0	0	0	0	0	0	0	0	0	0	0	0	0	0	0	0	0	0	0	0	0	0	0	0	0	0	0	0	0	0	0	0	0	0.747405647660512	0.594155216425939	0.882334496915653	0.549933476480622	0.793461047423181	0.757044037375464	0.846946075629884	0	0.539127243246911	0.656374410823535	0.611171656063265	0.786588443949964	0.685441751637655	0.622488431073137	0.877009833378246	0	0	0	0	0	0	0	0	0	0	0	0	0	0	0	0	0	0	0	0	0	0
0	0	0	0	0	0	0	0	0	0	0	0	0	0	0	0	0	0	0	0	0	0	0	0	0	0	0	0	0	0	0	0	0	0	0	0	0	0	0	0	0	0	0	0	0	0	0	0	0	0	0	0	0	0	0.714063457912782	0.663294974426343	0.953212503381751	0.827278865057244	0.857530247269919	0.786673298574494	0.989655718222341	0	0.65150818555979	0.675736679391918	0.77856403702826	0.770996805696972	0.979841008329383	0.9417558345028	0.674361921321929	0	0	0	0	0	0	0	0	0	0	0	0	0	0	0	0	0	0	0	0	0
0	0	0	0	0	0	0	0	0	0	0	0	0	0	0	0	0	0	0	0	0	0	0	0	0	0	0	0	0	0	0	0	0	0	0	0	0	0	0	0	0	0	0	0	0	0	0	0	0	0	0	0	0	0	0	0.684384133576618	0.716642694028818	0.818690455974825	0.615307443453393	0.798531624998641	0.828101430455405	0.593627209559411	0	0.693575041035976	0.967505969527199	0.590715608740058	0.712772725466615	0.753686269839666	0	0.778063206268398	0.591877099462187	0	0	0	0	0	0	0	0	0	0	0	0	0	0	0	0	0	0	0
0	0	0	0	0	0	0	0	0	0	0	0	0	0	0	0	0	0	0	0	0	0	0	0	0	0	0	0	0	0	0	0	0	0	0	0	0	0	0	0	0	0	0	0	0	0	0	0	0	0	0	0	0	0	0	0	0.585284491768525	0.81292166755085	0.833951386910663	0.995811155695119	0.945559889424857	0.500418882229783	0.503066743371191	0	0.580683544649818	0.715625984145573	0.946567532771682	0.644360318964059	0.529735873380376	0.613461460143991	0.77392058508705	0	0	0	0	0	0	0	0	0	0	0	0	0	0	0	0	0	0	0
0	0	0	0	0	0	0	0	0	0	0	0	0	0	0	0	0	0	0	0	0	0	0	0	0	0	0	0	0	0	0	0	0	0	0	0	0	0	0	0	0	0	0	0	0	0	0	0	0	0	0	0	0	0	0	0	0	0.692935160986312	0.716518980685278	0.576236770383265	0.570210142237021	0.597984301579113	0.624233401659142	0.515553647759094	0	0.969105911691141	0.695329077615776	0.697545794030205	0.904356356377276	0.510432771673378	0.501558795252814	0.717306385244668	0	0	0	0	0	0	0	0	0	0	0	0	0	0	0	0	0	0
0	0	0	0	0	0	0	0	0	0	0	0	0	0	0	0	0	0	0	0	0	0	0	0	0	0	0	0	0	0	0	0	0	0	0	0	0	0	0	0	0	0	0	0	0	0	0	0	0	0	0	0	0	0	0	0	0	0	0.600901411402438	0.788997218972334	0.702141960993805	0.983558758262816	0.844415739985288	0.906435371703021	0.912673955120303	0	0.909080401674357	0.666947745828572	0.732417097751361	0.706988775175109	0.726148228979289	0.678628412423036	0.714220967579337	0	0	0	0	0	0	0	0	0	0	0	0	0	0	0	0	0
0	0	0	0	0	0	0	0	0	0	0	0	0	0	0	0	0	0	0	0	0	0	0	0	0	0	0	0	0	0	0	0	0	0	0	0	0	0	0	0	0	0	0	0	0	0	0	0	0	0	0	0	0	0	0	0	0	0	0	0.925899081363397	0.67190839328676	0.97705647227624	0.740458412314703	0.519638033555911	0.760439815979771	0.676614866037371	0	0.99195757805587	0.685145174338493	0.851653882543146	0.632380507997156	0.562827487519585	0.649038212835768	0.708990399599618	0	0	0	0	0	0	0	0	0	0	0	0	0	0	0	0
0	0	0	0	0	0	0	0	0	0	0	0	0	0	0	0	0	0	0	0	0	0	0	0	0	0	0	0	0	0	0	0	0	0	0	0	0	0	0	0	0	0	0	0	0	0	0	0	0	0	0	0	0	0	0	0	0	0	0	0	0.777476666809858	0.525074292517418	0.699604905726817	0.885789840572647	0.961861787279501	0.653282199802958	0.883695155460624	0	0.787992777053322	0.979640331055494	0.739537616383854	0.871224511850565	0.556620806987042	0.882953412726104	0.699810845933453	0	0	0	0	0	0	0	0	0	0	0	0	0	0	0
0	0	0	0	0	0	0	0	0	0	0	0	0	0	0	0	0	0	0	0	0	0	0	0	0	0	0	0	0	0	0	0	0	0	0	0	0	0	0	0	0	0	0	0	0	0	0	0	0	0	0	0	0	0	0	0	0.758580085540789	0	0	0	0	0.600182830883813	0	0.946646495163557	0.65832259656187	0.811105799470871	0.685727980809905	0.773411246626677	0	0.656823762123053	0.892738497396102	0	0.511942912609336	0.76454512181252	0.864169698599194	0.819282942482365	0	0	0	0	0	0	0	0	0	0	0	0	0	0
0	0	0	0	0	0	0	0	0	0	0	0	0	0	0	0	0	0	0	0	0	0	0	0	0	0	0	0	0	0	0	0	0	0	0	0	0	0	0	0	0	0	0	0	0	0	0	0	0	0	0	0	0	0	0	0	0	0	0	0	0	0	0.554138112231515	0.57214176122548	0.72598522290324	0.784761306543647	0.726607503232899	0.574669707679906	0.644399337028163	0	0.524762039808477	0.597807973460709	0.781336644556576	0.569322707224393	0.613889279207102	0.914171047587459	0.925482090910964	0	0	0	0	0	0	0	0	0	0	0	0	0
0	0	0	0	0	0	0	0	0	0	0	0	0	0	0	0	0	0	0	0	0	0	0	0	0	0	0	0	0	0	0	0	0	0	0	0	0	0	0	0	0	0	0	0	0	0	0	0	0	0	0	0	0	0	0	0	0	0	0	0	0	0	0.631492344431941	0.912287196547448	0.59556014937177	0.536853835647391	0.919911575339432	0.599857673417428	0.659230447391617	0.841472621636727	0	0.66227993512524	0.533417219994569	0.727270704787277	0.900461488711574	0.995308425248022	0.947159128793267	0.892892088852245	0	0	0	0	0	0	0	0	0	0	0	0
0	0	0	0	0	0	0	0	0	0	0	0	0	0	0	0	0	0	0	0	0	0	0	0	0	0	0	0	0	0	0	0	0	0	0	0	0	0	0	0	0	0	0	0	0	0	0	0	0	0	0	0	0	0	0	0	0	0	0	0	0	0	0	0	0.6495965089046	0.845966864731283	0.504105946572909	0.895919773059257	0	0.8347981423552	0.582262536509881	0	0.577290988291044	0.707861512130115	0.911850492632243	0.77263559317103	0.996773415643525	0.867665523716288	0.899408158832451	0	0	0	0	0	0	0	0	0	0	0
0	0	0	0	0	0	0	0	0	0	0	0	0	0	0	0	0	0	0	0	0	0	0	0	0	0	0	0	0	0	0	0	0	0	0	0	0	0	0	0	0	0	0	0	0	0	0	0	0	0	0	0	0	0	0	0	0	0	0	0	0	0	0	0	0	0.881013542065678	0.812626409782099	0.596975959200723	0.72159838992618	0.62170296097314	0.601223858986244	0.733274478514088	0	0.632692035623641	0.776910819993451	0.933953275601564	0.940816506900554	0.706744349283462	0.932765351580848	0.868069742866957	0	0	0	0	0	0	0	0	0	0
0	0	0	0	0	0	0	0	0	0	0	0	0	0	0	0	0	0	0	0	0	0	0	0	0	0	0	0	0	0	0	0	0	0	0	0	0	0	0	0	0	0	0	0	0	0	0	0	0	0	0	0	0	0	0	0	0	0	0	0	0	0	0	0	0	0	0.674686514973416	0.538091427975865	0.618940010497604	0.769094828613381	0.602491504597564	0.994525091553443	0.546321910351766	0	0.942262770606674	0.62879041154773	0.895361777006282	0.712779678627822	0.817403663895685	0.745647033035984	0.576573670968689	0	0	0	0	0	0	0	0	0
0	0	0	0	0	0	0	0	0	0	0	0	0	0	0	0	0	0	0	0	0	0	0	0	0	0	0	0	0	0	0	0	0	0	0	0	0	0	0	0	0	0	0	0	0	0	0	0	0	0	0	0	0	0	0	0	0	0	0	0	0	0	0	0	0	0	0	0.947842630696796	0.614317241338524	0.722705511304258	0.730318966739572	0.729986639122645	0.939139497983577	0.63544556069054	0	0.872683017839368	0.729116298427981	0.809414682318066	0.997180429777143	0.644858864445487	0.997958677077615	0.700268718299586	0	0	0	0	0	0	0	0
0	0	0	0	0	0	0	0	0	0	0	0	0	0	0	0	0	0	0	0	0	0	0	0	0	0	0	0	0	0	0	0	0	0	0	0	0	0	0	0	0	0	0	0	0	0	0	0	0	0	0	0	0	0	0	0	0	0	0	0	0	0	0	0	0	0	0	0	0.966951075529226	0.525984512450654	0.743781225139923	0.993995512963903	0.922237219008909	0.884670201773357	0.900691563677982	0	0.783655034416122	0.597998757405234	0.660661505207724	0.725902067328135	0.907294229140133	0.941112379667981	0.898613527544438	0	0	0	0	0	0	0
0	0	0	0	0	0	0	0	0	0	0	0	0	0	0	0	0	0	0	0	0	0	0	0	0	0	0	0	0	0	0	0	0	0	0	0	0	0	0	0	0	0	0	0	0	0	0	0	0	0	0	0	0	0	0	0	0	0	0	0	0	0	0	0	0	0	0	0	0	0.538034752019399	0.948380995069125	0.865584039971549	0.996743691729209	0.652858652877	0.521941630074242	0.714113337867713	0	0.661729226603114	0.568552965521417	0.977433956938238	0.925330510583683	0.955214866451485	0.5746721401591	0.817173956109265	0	0	0	0	0	0
0	0	0	0	0	0	0	0	0	0	0	0	0	0	0	0	0	0	0	0	0	0	0	0	0	0	0	0	0	0	0	0	0	0	0	0	0	0	0	0	0	0	0	0	0	0	0	0	0	0	0	0	0	0	0	0	0	0	0	0	0	0	0	0	0	0	0	0	0	0	0.835129047286735	0.80386615240453	0.967605288367613	0.522444147303251	0.687380550352313	0.633121320999223	0.502048777526849	0	0.764955032070093	0.813266394797479	0.955643448923385	0.850733269290805	0.876802449071825	0.661313390523861	0.892663220786947	0	0	0	0	0
0	0	0	0	0	0	0	0	0	0	0	0	0	0	0	0	0	0	0	0	0	0	0	0	0	0	0	0	0	0	0	0	0	0	0	0	0	0	0	0	0	0	0	0	0	0	0	0	0	0	0.722376781558193	0	0	0	0	0	0	0	0	0	0	0	0	0	0	0	0	0	0	0	0	0.554561783556255	0.707373608290747	0.689424507814244	0.641845468165721	0.778609999272525	0.673385222089582	0.506103086368207	0	0.997964817575915	0.873009907578563	0.733150566350123	0.994547935109269	0.96613482471328	0.541761061842501	0.653653984262741	0	0	0	0
0	0	0	0	0	0	0	0	0	0	0	0	0	0	0	0	0	0	0	0	0	0	0	0	0	0	0	0	0	0	0	0	0	0	0	0	0	0	0	0	0	0	0	0	0	0	0	0	0	0	0	0	0	0	0	0	0	0	0	0	0	0	0	0	0	0	0	0	0	0	0	0	0.970806867900462	0.603529096333859	0.9899874713568	0.770747912354882	0.583808985186531	0.536026306504879	0.559529303946354	0	0.532169361998339	0.789664692713591	0.627448737697365	0.740874552295826	0.839205953986201	0.701960701556071	0.972628851040446	0	0	0
0	0	0	0	0	0	0	0	0	0	0	0	0	0	0	0	0	0	0	0	0	0	0	0	0	0	0	0	0	0	0	0	0	0	0	0	0	0	0	0	0	0	0	0	0	0	0	0	0	0	0	0	0	0	0	0	0	0	0	0	0	0	0	0	0	0	0	0	0	0	0	0	0	0.895328543378203	0.829596504274275	0.715667477577215	0.952791415127799	0.740000147358408	0.635864495022234	0.608326127251035	0	0.96014265753361	0.971533942447979	0.519829091929593	0.559396571936761	0.619679246471074	0.583302612179954	0.952358536503924	0	0
0	0	0	0	0	0	0	0	0	0	0	0	0	0	0	0	0	0	0	0	0	0	0	0	0	0	0	0	0	0	0	0	0	0	0	0	0	0	0	0	0	0	0	0	0	0	0	0	0	0	0	0	0	0	0	0	0	0	0	0	0	0	0	0	0	0	0	0	0	0	0	0	0	0	0.644711449883209	0.676799132140402	0.866284778207845	0.585465362685741	0.749231317793781	0.900219782199784	0.658248224764607	0	0.645976262068576	0.953299141398019	0.711945136440242	0.620487920860199	0.51146635596575	0.751912918559054	0.739082417305273	0
0	0	0	0	0	0	0	0	0	0	0	0	0	0	0	0	0	0	0	0	0	0	0	0	0	0	0	0	0	0	0	0	0	0	0	0	0	0	0	0	0	0	0	0	0	0	0	0	0	0	0	0	0	0	0	0	0	0	0	0	0	0	0	0	0	0	0	0	0	0	0	0	0	0	0	0.871187381799057	0.898499655467301	0.994327755452244	0.587302263972013	0.876692160206888	0.893240419767724	0.617747554285524	0	0.631647435376206	0.93824440039159	0.710515422267981	0.625470114018283	0.936712557230359	0.847738351876788	0.74052028035937
0	0	0	0	0	0	0	0	0	0	0	0	0	0	0	0	0	0	0	0	0	0	0	0	0	0	0	0	0	0	0	0	0	0	0	0	0	0	0	0	0	0	0	0	0	0.896170200044931	0	0	0	0	0	0	0	0	0	0	0	0	0	0	0	0	0	0	0	0	0	0	0	0	0	0	0	0	0	0	0.953841520397175	0.895705611958761	0.932240991028791	0.978766264543689	0.924041410369856	0.928829641036307	0.755939383557942	0	0.94486615608431	0.876935453734324	0.889536648715859	0.923163789086565	0.966977437485633	0.82522910422766
0	0	0	0	0	0	0	0	0	0	0	0	0	0	0	0	0	0	0	0	0	0	0	0	0	0	0	0	0	0	0	0	0	0	0	0	0	0	0	0	0	0	0	0	0	0.613362905523833	0.969334943773452	0	0	0	0	0	0	0	0	0	0	0	0	0	0	0	0	0	0	0	0	0	0	0	0	0	0	0	0	0	0	0.829946185676863	0.92559057688255	0.668861257802823	0.586172852747805	0.884720942793806	0.700944094249203	0.706739523882174	0	0.520122486424078	0.883436351487646	0.824316434127499	0.761691676353684	0.818944198486379
0	0	0	0	0	0	0	0	0	0	0	0	0	0	0	0	0	0	0	0	0	0	0	0	0	0	0	0	0	0	0	0	0	0	0	0	0	0	0	0	0	0	0	0	0	0.956875463075739	0.608830414840492	0.590616306496202	0	0	0	0	0	0	0	0	0	0	0	0	0	0	0	0	0	0	0	0	0	0	0	0	0	0	0	0	0	0	0.591880532471091	0.962247124168251	0.646205143368975	0.66346281068451	0.574823451974226	0.666790658212556	0.5520242177513	0	0.636257682646558	0.855861269900036	0.833838861013065	0.513759126740715
0	0	0	0	0	0	0	0	0	0	0	0	0	0	0	0	0	0	0	0	0	0	0	0	0	0	0	0	0	0	0	0	0	0	0	0	0	0	0	0	0	0	0	0	0	0.720501965525263	0.729672591908657	0.583490210054802	0.652825818144205	0	0	0	0	0	0	0	0	0	0	0	0	0	0	0	0	0	0	0	0	0	0	0	0	0	0	0	0	0	0	0.665265708275885	0.745090436664821	0.934834197707425	0.885473210683468	0.866904065201977	0.594102614204943	0.569627013687804	0	0.96233142832864	0.674742612987158	0.588838212986128
0	0	0	0	0	0	0	0	0	0	0	0	0	0	0	0	0	0	0	0	0	0	0	0	0	0	0	0	0	0	0	0	0	0	0	0	0	0	0	0	0	0	0	0	0	0.973525104448095	0.852915838032902	0.742974275858526	0.667141443114092	0.586803022046773	0	0	0	0	0	0	0	0	0	0	0	0	0	0	0	0	0	0	0	0	0	0	0	0	0	0	0	0	0	0	0.734913639507819	0.796054380804273	0.684458917470231	0.850952207959344	0.507531711785521	0.629358763263697	0.663460444455153	0	0.791320591512052	0.684394029937917
0	0	0	0	0	0	0	0	0	0	0	0	0	0	0	0	0	0	0	0	0	0	0	0	0	0	0	0	0	0	0	0	0	0	0	0	0	0	0	0	0	0	0	0	0	0.909362418605621	0.808507908652966	0.585439727666281	0.563385516065314	0.75092076190297	0.808377877118484	0	0	0	0	0	0	0	0	0	0	0	0	0	0	0	0	0	0	0	0	0	0	0	0	0	0	0	0	0	0	0.616147790936828	0.872351374992213	0.725035785688556	0.900428487745531	0.644489695741881	0.839254516257108	0.963891302181663	0	0.727240805673849
0	0	0	0	0	0	0	0	0	0	0	0	0	0	0	0	0	0	0	0	0	0	0	0	0	0	0	0	0	0	0	0	0	0	0	0	0	0	0	0	0	0	0	0	0	0.7125278988118	0.518620678689803	0.574121663139034	0.911666077903428	0.782573801195351	0.704412241062014	0.902437299099995	0	0	0	0	0	0	0	0	0	0	0	0	0	0	0	0	0	0	0	0	0	0	0	0	0	0	0	0	0	0	0.802058899017396	0.941350069338197	0.969000980116405	0.665797468427987	0.6945001566452	0.854827269686916	0.951116777323084	0
