0	0.527104547683991	0.624699101229675	0.721441594520964	0	0	0	0	0	0	0	0	0	0	0	0	0	0	0	0	0	0	0	0	0	0	0	0	0	0	0	0	0	0	0	0	0	0	0	0	0	0	0.7160435014128	0.714487309223975	0.709775142697717	0	0	0	0	0	0	0	0	0	0	0	0	0	0	0	0	0	0	0	0	0	0	0	0	0	0	0	0	0	0	0	0	0	0	0	0	0	0	0	0	0	0	0	0	0
0.648586305892551	0	0.768790344875986	0.890112811853381	0.588440246090039	0	0	0	0	0	0	0	0	0	0	0	0	0	0	0	0	0	0	0	0	0	0	0	0	0	0	0	0	0	0	0	0	0	0	0	0	0	0	0.617213894512471	0.552664671303709	0	0	0	0	0	0	0	0	0	0	0	0	0	0	0	0	0	0	0	0	0	0	0	0	0	0	0	0	0	0	0	0	0	0	0	0	0	0	0	0	0	0	0	0	0
0.992778504624808	0.531516023877378	0	0.706927343562655	0.843218017757931	0.558374989206529	0	0	0	0	0	0	0	0	0	0	0	0	0	0	0	0	0	0	0	0	0	0	0	0	0	0	0	0	0	0	0	0	0	0	0	0	0	0	0.935658293208939	0	0	0	0	0	0	0	0	0	0	0	0	0	0	0	0	0	0	0	0	0	0	0	0	0	0	0	0	0	0	0	0	0	0	0	0	0	0	0	0	0	0	0	0	0
0.862908572575486	0.527946206722784	0.721153065310696	0	0.597897580447106	0.533248806924481	0.820966603920587	0	0	0	0	0	0	0	0	0	0	0	0	0	0	0	0	0	0	0	0	0	0	0	0	0	0	0	0	0	0	0	0	0	0	0	0	0	0	0	0	0	0	0	0	0	0	0	0	0	0	0	0	0	0	0	0	0	0	0	0	0	0	0	0	0	0	0	0	0	0	0	0	0	0	0	0	0	0	0	0	0	0	0
0	0.580397872111332	0.841062321007981	0.875348317715688	0	0.818353573609658	0.630419406277994	0.956659439191527	0	0	0	0	0	0	0	0	0	0	0	0	0	0	0	0	0	0	0	0	0	0	0	0	0	0	0	0	0	0	0	0	0	0	0	0	0	0	0	0	0	0	0	0	0	0	0	0	0	0	0	0	0	0	0	0	0	0	0	0	0	0	0	0	0	0	0	0	0	0	0	0	0	0	0	0	0	0	0	0	0	0
0	0	0.666091448816015	0.532676385678397	0.579213746233262	0	0	0.888703940387583	0.57715959736643	0	0	0	0	0	0	0	0	0	0	0	0	0	0	0.815948925031496	0	0	0	0	0	0	0	0	0	0	0	0	0	0	0	0	0	0	0	0	0	0	0	0	0	0	0	0	0	0	0	0	0	0	0	0	0	0	0	0	0	0	0	0	0	0	0	0	0	0	0	0	0	0	0	0	0	0	0	0	0	0	0	0	0	0
0	0	0	0.985900410106532	0.838413699488947	0	0	0.737485247446417	0.581898132147472	0.86924133267605	0	0	0	0	0	0	0	0	0	0	0	0	0	0	0	0	0	0	0	0	0	0	0	0	0	0	0	0	0	0	0	0	0	0	0	0	0	0	0	0	0	0	0	0	0	0	0	0	0	0	0	0	0	0	0	0	0	0	0	0	0	0	0	0	0	0	0	0	0	0	0	0	0	0	0	0	0	0	0	0
0	0	0	0	0.589386634318434	0.595501067342106	0.568689812159787	0	0.582752642710444	0.821761655428497	0.689823353824758	0	0	0	0	0	0	0	0	0	0	0	0	0	0	0	0	0	0	0	0	0	0	0	0	0	0	0	0	0	0	0	0	0	0	0	0	0	0	0	0	0	0	0	0	0	0	0	0	0	0	0	0	0	0	0	0	0	0	0	0	0	0	0	0	0	0	0	0	0	0	0	0	0	0	0	0	0	0	0
0	0	0	0	0	0.595631600919802	0.962313055574875	0.588663712256295	0	0.945219373182357	0.898461142600657	0.77720287703952	0	0	0	0	0	0	0	0	0	0	0	0	0	0	0	0	0	0	0	0	0	0	0	0	0	0	0	0	0	0	0	0	0	0	0	0	0	0	0	0	0	0	0	0	0	0	0	0	0	0	0	0	0	0	0	0	0	0	0	0	0	0	0	0	0	0	0	0	0	0	0	0	0	0	0	0	0	0
0	0	0	0	0	0	0.784411182329419	0.625505179595172	0.709285609027548	0	0.896623569371402	0	0.504922035135082	0	0	0	0	0	0	0	0	0	0	0	0	0	0	0.615738321380718	0	0	0	0	0	0	0	0	0	0	0	0	0	0	0	0	0	0	0	0	0	0	0	0	0	0	0	0	0	0	0	0	0	0	0	0	0	0	0	0	0	0	0	0	0	0	0	0	0	0	0	0	0	0	0	0	0	0	0	0	0	0
0	0	0	0	0	0	0	0.940204093516806	0.531061250019225	0.516325208583409	0	0.829805854449156	0.710735563164843	0.665210213769653	0	0	0	0	0	0	0	0	0	0	0	0	0	0	0	0	0	0	0	0	0	0	0	0	0	0	0	0	0	0	0	0	0	0	0	0	0	0	0	0	0	0	0	0	0	0	0	0	0	0	0	0	0	0	0	0	0	0	0	0	0	0	0	0	0	0	0	0	0	0	0	0	0	0	0	0
0	0	0	0	0	0	0	0	0.810548889823308	0	0.696129604600082	0	0.819756833229539	0.818631058441134	0.80316127680611	0	0	0	0	0	0	0	0	0	0	0	0	0	0	0	0	0	0	0	0	0	0	0	0	0	0	0	0	0	0	0	0	0	0	0	0	0	0	0	0	0	0	0	0	0	0	0	0	0	0	0	0	0	0	0	0	0	0	0	0	0	0	0	0	0	0	0	0	0	0	0	0	0	0	0
0	0	0	0	0	0	0	0	0	0.769186439681533	0.712697196196585	0.938184395263828	0	0.700581784527506	0.742282894878457	0.627695588748406	0	0	0	0	0	0	0	0	0	0	0	0	0	0	0	0	0	0	0	0	0	0	0	0	0	0	0	0	0	0	0	0	0	0	0	0	0	0	0	0	0	0	0	0	0	0	0	0	0	0	0	0	0	0	0	0	0	0	0	0	0	0	0	0	0	0	0	0	0	0	0	0	0	0
0	0	0	0	0	0	0	0	0	0	0.796054241982713	0.557049822836833	0.770125778634496	0	0.735901353872929	0.544922871490893	0.95381168454129	0	0	0	0	0	0	0	0	0	0	0	0	0	0	0	0	0	0	0	0	0	0	0	0	0	0	0	0	0	0	0	0	0	0	0	0	0	0	0	0	0	0	0	0	0	0	0	0	0	0	0	0	0	0	0	0	0	0	0	0	0	0	0	0	0	0	0	0	0	0	0	0	0
0	0	0	0	0	0	0	0	0	0	0	0.521776707609366	0.963774780763445	0.596875710638735	0	0.934511369256316	0.526828700075025	0.534914223364625	0	0	0	0	0	0	0	0	0	0	0	0	0	0	0	0	0	0	0	0	0	0	0	0	0	0	0	0	0	0	0	0	0	0	0	0	0	0	0	0	0	0	0	0	0	0	0	0	0	0	0	0	0	0	0	0	0	0	0	0	0	0	0	0	0	0	0	0	0	0	0	0
0	0	0	0	0	0	0	0	0	0	0	0	0.513295633976501	0.914972907504778	0.928934806099887	0	0.864950851515119	0.617055330416051	0.754689564574945	0	0	0	0	0	0	0	0	0	0	0	0	0	0	0	0	0	0	0	0	0	0	0	0	0	0	0	0	0	0	0	0	0	0	0	0	0	0	0	0	0	0	0	0	0	0	0	0	0	0	0	0	0	0	0	0	0	0	0	0	0	0	0	0	0	0	0	0	0	0	0
0	0	0	0	0	0	0	0	0	0	0	0	0	0.979542816626109	0.601655800541433	0.977840240289912	0	0.614826241912247	0.79928058198152	0.743071921282124	0	0	0	0	0	0	0	0	0	0	0	0	0	0	0	0	0	0	0	0	0	0	0	0	0	0	0	0	0	0	0	0	0	0	0	0	0	0	0	0	0	0	0	0	0	0	0	0	0	0	0	0	0	0	0	0	0	0	0	0	0	0	0	0	0	0	0	0	0	0
0	0	0	0	0	0	0	0	0	0	0	0	0	0	0.818761111449388	0.654535853117818	0.639576327908721	0	0.515076707231623	0.588266593350149	0.77895122170153	0	0	0	0	0	0	0	0	0	0	0	0	0	0	0	0	0	0	0	0	0	0	0	0	0	0	0	0	0	0	0	0	0	0	0	0	0	0	0	0	0	0	0	0	0	0	0	0	0	0	0	0	0	0	0	0	0	0	0	0	0	0	0	0	0	0	0	0	0
0	0	0	0	0	0	0	0	0	0	0	0	0	0	0	0.905601215879077	0.865305285727586	0.965992320979352	0	0.571803944964488	0.917141391470822	0.694158575553399	0	0	0	0	0	0	0	0	0	0	0	0	0	0	0	0	0	0	0	0	0	0	0	0	0	0	0	0	0	0	0	0	0	0	0	0	0	0	0	0	0	0	0	0	0	0	0	0	0	0	0	0	0	0	0	0	0	0	0	0	0	0	0	0	0	0	0	0
0	0	0	0	0	0	0	0	0	0	0	0	0	0	0	0	0.505767603905378	0.945747573980423	0.69645413973862	0	0.556629793334243	0.891843059497866	0.760045052533135	0	0	0	0	0	0	0	0	0	0	0	0	0	0	0	0	0	0	0	0	0	0	0	0	0	0	0	0	0	0	0	0	0	0	0	0	0	0	0	0	0	0	0	0	0	0	0	0	0	0	0	0	0	0	0	0	0	0	0	0	0	0	0	0	0	0	0
0	0	0	0	0	0	0	0	0	0	0	0	0	0	0	0	0	0.569653601495517	0.950914843114901	0.98184635803081	0	0.833262856919536	0.937182421730189	0.995636219331419	0	0	0	0	0	0	0	0	0	0	0	0	0	0	0	0	0	0	0	0	0	0	0	0	0	0	0	0	0	0	0	0	0	0	0	0	0	0	0	0	0	0	0	0	0	0	0	0	0	0	0	0	0	0	0	0	0	0	0	0	0	0	0	0	0	0
0	0	0	0	0	0	0	0	0	0	0	0	0	0	0	0	0	0	0.761011498461908	0.840470948684586	0.671980123072187	0	0.507655270332265	0.723900392593001	0.552400376252011	0	0	0	0	0	0	0	0	0	0	0	0	0	0	0	0	0	0	0	0	0	0	0	0	0	0	0	0	0	0	0	0	0	0	0	0	0	0	0	0	0	0	0	0	0	0	0	0	0	0	0	0	0	0	0	0	0	0	0	0	0	0	0	0	0
0	0	0	0	0	0	0	0	0	0	0	0	0	0	0	0	0	0	0	0.930898820542465	0.693868866064001	0.928237472956594	0	0.888460180176531	0.728045410797409	0.664959984746367	0	0	0	0	0	0	0	0	0	0	0	0	0	0	0	0	0	0	0	0	0	0	0	0	0	0	0	0	0	0	0	0	0	0	0	0	0	0	0	0	0	0	0	0	0	0	0	0	0	0	0	0	0	0	0	0	0	0	0	0	0	0	0	0
0	0	0	0	0	0.514431613139956	0	0	0	0	0	0	0	0	0	0	0	0	0	0	0.542317735548934	0.994534487280057	0.769892770923239	0	0.79441740252269	0.673353835639486	0.627164255915651	0	0	0	0	0	0	0	0	0	0	0	0	0	0	0	0	0	0	0	0	0	0	0	0	0	0	0	0	0	0	0	0	0	0	0	0	0	0	0	0	0	0	0	0	0	0	0	0	0	0	0	0	0	0	0	0	0	0	0	0	0	0	0
0	0	0	0	0	0	0	0	0	0	0	0	0	0	0	0	0	0	0	0	0	0.783178166339898	0.58731831240873	0.954117155954264	0	0.647308807166467	0.511182592411775	0.944637581436609	0	0	0	0	0	0	0	0	0	0	0	0	0	0	0	0	0	0	0	0	0	0	0	0	0	0	0	0	0	0	0	0	0	0	0	0	0	0	0	0	0	0	0	0	0	0	0	0	0	0	0	0	0	0	0	0	0	0	0	0	0	0
0	0	0	0	0	0	0	0	0	0	0	0	0	0	0	0	0	0	0	0	0	0	0.921998085209282	0.568874535530677	0.88620054904281	0	0.864586046528749	0.607959144484407	0.632596197817047	0	0	0	0	0	0	0	0	0	0	0	0	0	0	0	0	0	0	0	0	0	0	0	0	0	0	0	0	0	0	0	0	0	0	0	0	0	0	0	0	0	0	0	0	0	0	0	0	0	0	0	0	0	0	0	0	0	0	0	0	0
0	0	0	0	0	0	0	0	0	0	0	0	0	0	0	0	0	0	0	0	0	0	0	0.542757786561824	0.727977284681619	0.570843570453146	0	0.668614817541432	0.814569803720311	0.532891123584973	0	0	0	0	0	0	0	0	0	0	0	0	0	0	0	0	0	0	0	0	0	0	0	0	0	0	0	0	0	0	0	0	0	0	0	0	0	0	0	0	0	0	0	0	0	0	0	0	0	0	0	0	0	0	0	0	0	0	0	0
0	0	0	0	0	0	0	0	0	0.829551398924381	0	0	0	0	0	0	0	0	0	0	0	0	0	0	0.769306452186587	0.651432306381791	0.960783404445741	0	0.571316161693833	0.900553431676008	0.788357033494392	0	0	0	0	0	0	0	0	0	0	0	0	0	0	0	0	0	0	0	0	0	0	0	0	0	0	0	0	0	0	0	0	0	0	0	0	0	0	0	0	0	0	0	0	0	0	0	0	0	0	0	0	0	0	0	0	0	0	0
0	0	0	0	0	0	0	0	0	0	0	0	0	0	0	0	0	0	0	0	0	0	0	0	0	0.674641998054167	0.618967651368038	0.612196345920505	0	0.659956940038306	0.902593416214195	0.563513636137079	0	0	0	0	0	0	0	0	0	0	0	0	0	0	0	0	0	0	0	0	0	0	0	0	0	0	0	0	0	0	0	0	0	0	0	0	0	0	0	0	0	0	0	0	0	0	0	0	0	0	0	0	0	0	0	0	0	0
0	0	0	0	0	0	0	0	0	0	0	0	0	0	0	0	0	0	0	0	0	0	0	0	0	0	0.697617472812509	0.969866385518594	0.984787831963562	0	0.919071306024178	0.991637219594636	0.791224251666883	0	0	0	0	0	0	0	0	0	0	0	0	0	0	0	0	0	0	0	0	0	0	0	0	0	0	0	0	0	0	0	0	0	0	0	0	0	0	0	0	0	0	0	0	0	0	0	0	0	0	0	0	0	0	0	0	0
0	0	0	0	0	0	0	0	0	0	0	0	0	0	0	0	0	0	0	0	0	0	0	0	0	0	0	0.552295930587391	0.594229632718074	0.930784387065505	0	0.836888578409672	0.69251596910966	0.915297538634464	0	0	0	0	0	0	0	0	0	0	0	0	0	0	0	0	0	0	0	0	0	0	0	0	0	0	0	0	0	0	0	0	0	0	0	0	0	0	0	0	0	0	0	0	0	0	0	0	0	0	0	0	0	0	0	0
0	0	0	0	0	0	0	0	0	0	0	0	0	0	0	0	0	0	0	0	0	0	0	0	0	0	0	0	0.826691614347292	0.796021541013845	0.528282739765102	0	0.505640450928268	0.948876461198037	0.714039432099841	0	0	0	0	0	0	0	0	0	0	0	0	0	0	0	0	0	0	0	0	0	0	0	0	0	0	0	0	0	0	0	0	0	0	0	0	0	0	0	0	0	0	0	0	0	0	0	0	0	0	0	0	0	0	0
0	0	0	0	0	0	0	0	0	0	0	0	0	0	0	0	0	0	0	0	0	0	0	0	0	0	0	0	0	0.657289748964021	0.912548737076179	0.640468638296747	0	0.55169953177919	0.980850404766755	0.535035787682352	0	0	0	0	0	0	0	0	0	0	0	0	0	0	0	0	0	0	0	0	0	0	0	0	0	0	0	0	0	0	0	0	0	0	0	0	0	0	0	0	0	0	0	0	0	0	0	0	0	0	0	0	0	0
0	0	0	0	0	0	0	0	0	0	0	0	0	0	0	0	0	0	0	0	0	0	0	0	0	0	0	0	0	0	0.605234056821372	0.641105074791302	0.824459854720477	0	0.852504620117182	0.86923087181908	0.860864994861489	0	0	0	0	0	0	0	0	0	0	0	0	0	0	0	0	0	0	0	0	0	0	0	0	0	0	0	0	0	0	0	0	0	0	0	0	0	0	0	0	0	0	0	0	0	0	0	0	0	0	0	0	0
0	0	0	0	0	0	0	0	0	0	0	0	0	0	0	0	0	0	0	0	0	0	0	0	0	0	0	0	0	0	0	0.699298030710861	0.814902857459125	0.620538401680957	0	0.88743151865178	0.991631661742446	0.553575168663586	0	0	0	0	0	0	0	0	0	0	0	0	0	0	0	0	0	0	0	0	0	0	0	0	0	0	0	0	0	0	0	0	0	0	0	0	0	0	0	0	0	0	0	0	0	0	0	0	0	0	0	0
0	0	0	0	0	0	0	0	0	0	0	0	0	0	0	0	0	0	0	0	0	0	0	0	0	0	0	0	0	0	0	0	0.814865896989559	0.986078269785557	0.768389813106464	0	0.877529910320052	0.932643006814653	0.869563285088504	0	0	0	0	0	0	0	0	0	0	0	0	0	0	0	0	0	0	0	0	0	0	0	0	0	0	0	0	0	0	0	0	0	0	0	0	0	0	0	0	0	0	0	0	0	0	0	0	0	0	0
0	0	0	0	0	0	0	0	0	0	0	0	0	0	0	0	0	0	0	0	0	0	0	0	0	0	0	0	0	0	0	0	0	0.846182585257787	0.667537288641816	0.6254485415456	0	0.707717480301705	0.923566755571045	0.510252013985579	0	0	0	0	0	0	0	0	0	0	0	0	0	0	0	0	0	0	0	0	0	0	0	0	0	0	0	0	0	0	0	0	0	0	0	0	0	0	0	0	0	0	0	0	0	0	0	0	0	0
0	0	0	0	0	0	0	0	0	0	0	0	0	0	0	0	0	0	0	0	0	0	0	0	0	0	0	0	0	0	0	0	0	0	0.952061286109578	0.529452653762301	0.625937135337411	0	0.942623297296714	0.796328483621082	0.519418558826858	0	0	0	0	0	0	0	0	0	0	0	0	0	0	0	0	0	0	0	0	0	0	0	0	0	0	0	0	0	0	0	0	0	0	0	0	0	0	0	0	0	0	0	0	0	0	0	0	0
0	0	0	0	0	0	0	0	0	0	0	0	0	0	0	0	0	0	0	0	0	0	0	0	0	0	0	0	0	0	0	0	0	0	0	0.849086274671311	0.64724230626452	0.803636414088623	0	0.883261283916669	0.92518599831247	0.874902639997478	0	0	0	0	0	0	0	0	0	0	0	0	0	0	0	0	0	0	0	0	0	0	0	0	0	0	0	0	0	0	0	0	0	0	0	0	0	0	0	0	0	0	0	0	0	0	0	0
0	0	0	0	0	0	0	0	0	0	0	0	0	0	0	0	0	0	0	0	0	0	0	0	0	0	0	0	0	0	0	0	0	0	0	0	0.706622476416013	0.565495467032747	0.744367346144884	0	0.924612526754513	0.92313071380023	0.772097822402781	0	0	0	0	0	0	0	0	0	0	0	0	0	0	0	0	0	0	0	0	0	0	0	0	0	0	0	0	0	0	0	0	0	0	0	0	0	0	0	0	0	0	0	0	0	0	0
0	0	0	0	0	0	0	0	0	0	0	0	0	0	0	0	0	0	0	0	0	0	0	0	0	0	0	0	0	0	0	0	0	0	0	0	0	0.751457775643599	0.863631681705472	0.957846881507238	0	0.792954464307607	0.7161579936521	0.762216372527908	0	0	0	0	0	0	0	0	0	0	0	0	0	0	0	0	0	0	0	0	0	0	0	0	0	0	0	0	0	0	0	0	0	0	0	0	0	0	0	0	0	0	0	0	0	0
0	0	0	0	0	0	0	0	0	0	0	0	0	0	0	0	0	0	0	0	0	0	0	0	0	0	0	0	0	0	0	0	0	0	0	0	0	0	0.98876576475445	0.67639464880389	0.661252965782114	0	0.513297594000676	0.725593978739609	0.736270167379532	0	0	0	0	0	0	0	0	0	0	0	0	0	0	0	0	0	0	0	0	0	0	0	0	0	0	0	0	0	0	0	0	0	0	0	0	0	0	0	0	0	0	0	0	0
0.916656641714836	0	0	0	0	0	0	0	0	0	0	0	0	0	0	0	0	0	0	0	0	0	0	0	0	0	0	0	0	0	0	0	0	0	0	0	0	0	0	0.814730433232416	0.635072145023665	0.994827605228201	0	0.573802595810028	0.699790907852045	0	0	0	0	0	0	0	0	0	0	0	0	0	0	0	0	0	0	0	0	0	0	0	0	0	0	0	0	0	0	0	0	0	0	0	0	0	0	0	0	0	0	0	0	0
0.786352678199871	0.867501607367921	0	0	0	0	0	0	0	0	0	0	0	0	0	0	0	0	0	0	0	0	0	0	0	0	0	0	0	0	0	0	0	0	0	0	0	0	0	0	0.749880539220332	0.679313067344227	0.895802505503389	0	0.9284181319499	0	0	0	0	0	0	0	0	0	0	0	0	0	0	0	0	0	0	0	0	0	0	0	0	0	0	0	0	0	0	0	0	0	0	0	0	0	0	0	0	0	0	0	0	0
0.98479290338495	0.974823732237042	0.988909011007816	0	0	0	0	0	0	0	0	0	0	0	0	0	0	0	0	0	0	0	0	0	0	0	0	0	0	0	0	0	0	0	0	0	0	0	0	0	0	0.7017904841588	0.607163679623768	0.53268837965533	0	0	0	0	0	0	0	0	0	0	0	0	0	0	0	0	0	0	0	0	0	0	0	0	0	0	0	0	0	0	0	0	0	0	0	0	0	0	0	0	0	0	0	0	0	0
0	0	0	0	0	0	0	0	0	0	0	0	0	0	0	0	0	0	0	0	0	0	0	0	0	0	0	0	0	0	0	0	0	0	0	0	0	0	0	0	0	0	0	0	0	0	0	0.993559694169716	0	0	0	0	0	0	0	0	0	0.925979419539851	0	0	0	0	0.610957779226474	0	0	0.792899767485979	0.905374640068325	0.915955499452663	0.806795371863534	0	0	0.72555263460936	0.867767228656611	0	0	0	0	0	0	0.876942691091827	0	0.541405056644944	0.702720569562464	0	0.517182141385363	0	0.942772382335206	0	0	0.576225715312152
0	0	0	0	0	0	0	0	0	0	0	0	0	0	0	0	0	0	0	0	0	0	0	0	0	0	0	0	0	0	0	0	0	0	0	0	0	0	0	0	0	0	0	0	0	0	0	0	0.574372700001561	0	0.580784773343291	0	0.547854021968326	0	0	0	0	0.772430810397657	0	0	0	0	0.809950944263129	0	0.758126029146921	0	0	0	0	0	0	0	0	0	0	0	0	0	0	0	0.625546890063694	0.870561284478436	0	0.794159784819383	0	0	0	0	0	0
0	0	0	0	0	0	0	0	0	0	0	0	0	0	0	0	0	0	0	0	0	0	0	0	0	0	0	0	0	0	0	0	0	0	0	0	0	0	0	0	0	0	0	0	0	0.735882004258128	0	0	0.938225599755626	0	0.970299697452542	0.890866089868375	0.838176030281369	0	0	0.972042505135603	0.805797277393828	0	0	0	0	0	0	0.83918937763146	0	0	0	0	0	0	0	0.742998594651035	0	0	0.913216893175772	0.539509458845657	0	0	0	0.935100811722277	0	0	0	0	0	0.979695789608998	0.827082132717365	0	0	0
0	0	0	0	0	0	0	0	0	0	0	0	0	0	0	0	0	0	0	0	0	0	0	0	0	0	0	0	0	0	0	0	0	0	0	0	0	0	0	0	0	0	0	0	0	0	0.963310310784338	0.810622483295667	0	0	0	0	0	0.512478800464029	0	0	0	0	0	0.934004840766016	0	0	0	0	0.537819294602608	0.543302062183835	0.538885141678802	0	0	0.666187505673403	0	0.928315860750243	0	0	0	0	0	0	0	0	0.520837675765982	0	0	0	0	0	0	0	0	0.968643952888236
0	0	0	0	0	0	0	0	0	0	0	0	0	0	0	0	0	0	0	0	0	0	0	0	0	0	0	0	0	0	0	0	0	0	0	0	0	0	0	0	0	0	0	0	0	0	0	0	0	0	0	0	0	0.590204762851008	0.668952146651506	0	0.748596219481875	0	0	0	0	0	0	0.879241059923874	0	0	0.984966655381594	0	0	0	0	0	0.975441556325947	0.828016083046494	0	0	0.970076090815892	0.567015676291291	0	0	0	0	0	0	0.917489789318888	0	0	0.948415080354363	0.879625693694323	0
0	0	0	0	0	0	0	0	0	0	0	0	0	0	0	0	0	0	0	0	0	0	0	0	0	0	0	0	0	0	0	0	0	0	0	0	0	0	0	0	0	0	0	0	0	0	0.91894887230846	0.723879842015065	0	0	0	0.674009021754345	0.833705037528979	0	0	0	0.549219946847052	0.952552819031367	0	0	0	0	0.555432199259706	0	0.691649398075063	0.944487060194259	0	0.927621206737311	0	0.543840903118669	0.646886594532184	0	0	0	0.681679932507055	0	0	0	0	0.681765477541283	0	0	0	0.667169350774332	0	0	0	0.852316594089409	0	0
0	0	0	0	0	0	0	0	0	0	0	0	0	0	0	0	0	0	0	0	0	0	0	0	0	0	0	0	0	0	0	0	0	0	0	0	0	0	0	0	0	0	0	0	0	0	0	0.543454270687017	0	0	0.556731158792222	0	0	0	0	0.602068242116024	0.778652317582177	0	0.758342013617364	0	0.791491938654755	0	0	0.735527616714142	0	0.680146918768987	0	0.856978473376952	0	0	0	0	0.522013370427089	0	0	0	0	0	0	0	0	0	0	0	0	0	0.887943486522467	0	0	0
0	0	0	0	0	0	0	0	0	0	0	0	0	0	0	0	0	0	0	0	0	0	0	0	0	0	0	0	0	0	0	0	0	0	0	0	0	0	0	0	0	0	0	0	0	0	0.879023435230301	0.905567380378956	0	0	0.83825060761834	0	0	0	0.776979483136425	0	0	0	0.890884835173432	0	0	0.70050395152683	0	0	0.585965285127468	0	0	0.824835667480601	0.634445011713543	0	0	0	0	0.521158738791989	0	0	0	0.666567485707182	0.874981233787004	0.781539673055589	0.697216326628139	0	0	0	0	0	0	0	0	0
0	0	0	0	0	0	0	0	0	0	0	0	0	0	0	0	0	0	0	0	0	0	0	0	0	0	0	0	0	0	0	0	0	0	0	0	0	0	0	0	0	0	0	0	0	0	0	0	0.785743636995887	0.988891706881263	0	0	0	0	0	0	0.621982809137294	0.876974997242478	0.665137894801877	0.587849333112128	0.81011032454179	0.870710680673456	0	0	0.678649781226922	0	0	0	0	0	0.887412784839397	0	0.886675789267537	0	0	0	0	0.518822135859063	0.771584702887724	0	0	0.771905760258944	0	0	0	0	0	0.62554340759629	0.764602210393481	0.679585346802094
0	0	0	0	0	0	0	0	0	0	0	0	0	0	0	0	0	0	0	0	0	0	0	0	0	0	0	0	0	0	0	0	0	0	0	0	0	0	0	0	0	0	0	0	0	0	0	0	0	0.553795091509885	0	0	0.808211031737754	0	0	0.862740510439961	0.991915861681716	0	0.718724356714836	0	0.602681019054984	0.937924092328881	0.674138413984996	0	0	0	0	0.96656088314099	0	0	0.914324650175002	0	0	0	0	0	0.999271319485612	0	0	0	0	0	0.840840153358426	0.785994128212354	0	0	0	0	0	0
0	0	0	0	0	0	0	0	0	0	0	0	0	0	0	0	0	0	0	0	0	0	0	0	0	0	0	0	0	0	0	0	0	0	0	0	0	0	0	0	0	0	0	0	0	0	0	0.594519782016288	0	0	0	0.940259276669688	0	0	0.504528902538672	0	0.540928631453276	0	0.810781082433143	0	0	0	0	0.717625397691716	0	0	0	0	0	0	0.703605910608098	0	0.799185573512283	0.671465137708312	0	0.92433495606667	0.588117119567649	0	0.788983338657199	0.780954302295531	0	0	0.774741899731489	0	0	0	0	0	0	0
0	0	0	0	0	0	0	0	0	0	0	0	0	0	0	0	0	0	0	0	0	0	0	0	0	0	0	0	0	0	0	0	0	0	0	0	0	0	0	0	0	0	0	0	0	0	0	0.958450307089808	0	0.926065702078528	0.66613573551822	0.615761463126884	0	0.718080317253759	0.895056994033975	0.873383408912751	0	0	0	0	0	0	0	0.534799228033079	0.992696357640433	0	0	0	0	0	0	0	0.834890715764851	0	0	0	0	0.975092846986172	0	0.736726737805468	0	0	0	0.949029112812479	0.931677096506291	0	0.766079652502579	0	0	0
0	0	0	0	0	0	0	0	0	0	0	0	0	0	0	0	0	0	0	0	0	0	0	0	0	0	0	0	0	0	0	0	0	0	0	0	0	0	0	0	0	0	0	0	0	0.509018377718109	0.875119620458846	0	0	0	0.764691776983785	0	0	0.877842091476744	0	0	0	0	0	0	0	0	0.878454552051784	0	0.583629196142313	0.905642471440892	0	0	0	0	0	0.795911336395244	0	0	0	0.772609677448512	0	0.880557205309155	0.543173189144442	0.567792295956429	0	0	0.931873585438516	0	0	0	0	0	0.59287238730314	0
0	0	0	0	0	0	0	0	0	0	0	0	0	0	0	0	0	0	0	0	0	0	0	0	0	0	0	0	0	0	0	0	0	0	0	0	0	0	0	0	0	0	0	0	0	0	0	0	0	0	0	0.873578764690771	0.988143303840955	0.670887224079808	0.530218571933306	0.504125613977134	0	0	0	0	0	0.69254251827972	0.910198121293611	0.884111082051691	0	0	0.891827298893625	0.625216945245815	0	0	0.531704532024053	0	0.732065084942709	0	0	0.91366769579495	0	0	0.509815607434924	0	0	0	0.803850870031122	0	0	0	0	0	0	0.880779605928416
0	0	0	0	0	0	0	0	0	0	0	0	0	0	0	0	0	0	0	0	0	0	0	0	0	0	0	0	0	0	0	0	0	0	0	0	0	0	0	0	0	0	0	0	0	0	0	0	0.645855116609676	0	0	0	0	0.791277309397412	0	0	0	0	0	0	0	0.679715384097593	0.847149857872476	0	0	0.959661382877648	0.672297168365583	0	0	0	0	0	0	0.991591285744472	0	0	0.820934988570849	0	0	0	0	0.931721077994608	0	0.977773288381863	0.997431264826537	0.832939495320945	0.820766506122881	0	0	0
0	0	0	0	0	0	0	0	0	0	0	0	0	0	0	0	0	0	0	0	0	0	0	0	0	0	0	0	0	0	0	0	0	0	0	0	0	0	0	0	0	0	0	0	0	0	0	0	0	0	0	0.508771772256733	0	0.628825387689102	0.52462636653286	0	0	0	0	0	0	0.761268855723567	0	0.666854092276742	0	0.950538925973511	0	0.629118499394524	0	0	0	0.734611312943655	0	0	0	0	0	0	0.940406484117694	0.808513913715096	0	0.595843604504789	0.740788524390929	0	0	0.651282357629875	0	0	0	0
0	0	0	0	0	0	0	0	0	0	0	0	0	0	0	0	0	0	0	0	0	0	0	0	0	0	0	0	0	0	0	0	0	0	0	0	0	0	0	0	0	0	0	0	0	0	0	0	0	0	0	0	0.800090632081241	0.951444483632595	0.758775281714009	0	0	0	0.510876811282051	0.840673259316057	0.830167659645862	0	0	0.627651261995027	0	0	0	0	0	0	0	0.575820615343754	0	0.745012622302719	0	0.698816585998128	0	0	0	0	0	0	0.791015475183241	0	0.877206684177965	0.63808055130486	0	0	0	0
0	0	0	0	0	0	0	0	0	0	0	0	0	0	0	0	0	0	0	0	0	0	0	0	0	0	0	0	0	0	0	0	0	0	0	0	0	0	0	0	0	0	0	0	0	0.904197281334715	0.641214141839441	0	0	0	0.863814773204812	0	0	0	0.87725865568163	0	0	0.521747614625929	0.686541235287607	0.748759946301557	0	0	0	0	0	0.870600618482366	0	0.967037985042535	0.979083640627695	0	0	0	0	0	0	0.957599779929305	0.609624459357273	0	0	0	0	0	0	0	0	0.588250400611144	0	0	0	0
0	0	0	0	0	0	0	0	0	0	0	0	0	0	0	0	0	0	0	0	0	0	0	0	0	0	0	0	0	0	0	0	0	0	0	0	0	0	0	0	0	0	0	0	0	0	0	0.904584745174205	0	0.515653964955541	0	0.559454569025823	0	0	0	0.922318248690487	0.742081285452315	0	0.503454977815583	0	0.562641285504046	0.806498721700212	0	0	0.950707746618152	0.568095524826737	0	0.631942652172626	0	0.844457937520625	0	0	0	0	0	0.622975486260691	0	0	0	0	0.831249747851343	0	0	0	0	0.860349112455933	0.753699298140555	0	0	0
0	0	0	0	0	0	0	0	0	0	0	0	0	0	0	0	0	0	0	0	0	0	0	0	0	0	0	0	0	0	0	0	0	0	0	0	0	0	0	0	0	0	0	0	0	0	0.703576298905443	0	0.906403953183546	0	0.711741358310166	0	0.556426615377009	0.775629346298779	0	0	0.806062216954032	0.808003157535846	0	0	0	0	0	0.882693217208887	0	0.504482699477161	0	0.677013551401628	0	0	0	0	0.812665421289656	0.861699026585163	0	0.843673061074605	0	0.51649720090198	0	0	0	0	0	0	0	0.742965175861138	0	0	0	0
0	0	0	0	0	0	0	0	0	0	0	0	0	0	0	0	0	0	0	0	0	0	0	0	0	0	0	0	0	0	0	0	0	0	0	0	0	0	0	0	0	0	0	0	0	0.92115827661273	0	0	0.714502107939586	0	0.616749420976884	0.833152145952934	0	0	0	0	0	0.734941520051468	0	0.742660467294498	0.877663243605657	0	0.909354508486598	0.960184073503969	0.576406202510985	0	0	0	0	0.876913886656969	0	0.903966218675996	0.985307281668538	0	0	0.757890792557483	0	0	0.929812655606935	0.662744928665402	0	0.652062377521043	0	0	0.60951393582978	0	0	0	0	0
0	0	0	0	0	0	0	0	0	0	0	0	0	0	0	0	0	0	0	0	0	0	0	0	0	0	0	0	0	0	0	0	0	0	0	0	0	0	0	0	0	0	0	0	0	0.752059606234851	0	0	0.612365244686337	0.960110541199447	0	0	0	0	0	0	0	0	0.622485549197566	0.60282766774474	0	0	0	0	0	0	0	0.946795686536891	0	0.548911011727474	0	0	0	0	0.933375302333387	0.51597090207185	0	0	0	0.900930516731026	0.561018671616607	0	0	0	0	0	0	0	0	0
0	0	0	0	0	0	0	0	0	0	0	0	0	0	0	0	0	0	0	0	0	0	0	0	0	0	0	0	0	0	0	0	0	0	0	0	0	0	0	0	0	0	0	0	0	0.590400697534333	0	0	0	0	0.998670361973402	0.964987760404513	0.642601782371498	0	0.586726928309932	0	0	0	0.762785163742122	0	0.598045745735944	0	0.947711494280135	0.75187127329346	0.982245760149243	0	0.673774336830396	0	0	0	0	0	0	0.694302609277859	0.963487890214867	0	0	0	0.561870889754195	0	0	0.616697997013164	0	0	0	0	0.671336885001606	0.627845419520666	0	0
0	0	0	0	0	0	0	0	0	0	0	0	0	0	0	0	0	0	0	0	0	0	0	0	0	0	0	0	0	0	0	0	0	0	0	0	0	0	0	0	0	0	0	0	0	0.739608110471863	0	0	0	0	0	0	0.997508275794263	0	0	0	0	0	0	0	0	0	0.772692212343928	0	0	0	0	0	0	0	0	0.55952144752879	0.62329148740588	0	0.879425555363188	0.751030787546094	0.640277170766651	0	0	0.563863521899057	0	0	0.642067436926052	0	0	0.84142383345781	0	0.666455525475433	0.588479946700555	0
0	0	0	0	0	0	0	0	0	0	0	0	0	0	0	0	0	0	0	0	0	0	0	0	0	0	0	0	0	0	0	0	0	0	0	0	0	0	0	0	0	0	0	0	0	0	0	0	0.871963031369403	0	0.920224536328912	0	0	0	0	0	0	0	0	0	0	0	0	0.802714469706443	0	0.639567652408938	0.529898139767322	0	0	0	0	0	0.881281058802831	0	0.735711836118674	0.599393989793742	0.759955689311357	0	0	0	0	0	0	0.761778730674549	0	0	0	0	0.640730378926485	0.875946373477505
0	0	0	0	0	0	0	0	0	0	0	0	0	0	0	0	0	0	0	0	0	0	0	0	0	0	0	0	0	0	0	0	0	0	0	0	0	0	0	0	0	0	0	0	0	0	0	0	0	0	0.645888403656375	0	0	0.591975393036283	0.707121206938902	0.51634093034183	0	0	0.999949859662606	0	0	0	0	0	0	0	0	0	0	0	0	0	0	0.62827432737866	0	0	0	0.923162713396741	0	0.901665754936104	0	0	0.66070086987485	0.846951206860756	0	0	0	0	0.802255869839212	0.763708327247066
0	0	0	0	0	0	0	0	0	0	0	0	0	0	0	0	0	0	0	0	0	0	0	0	0	0	0	0	0	0	0	0	0	0	0	0	0	0	0	0	0	0	0	0	0	0.62598792736671	0	0.545865717519808	0.721026975527358	0	0	0	0	0	0	0	0	0.520855798222563	0	0	0.999636360093224	0.731428359738316	0	0	0	0.579702788414735	0	0	0.646321373534227	0	0	0	0	0	0.822172781185469	0	0.63965272706581	0	0.969477764826304	0	0	0	0	0	0	0	0	0	0.580008445101606	0.878674608772981
0	0	0	0	0	0	0	0	0	0	0	0	0	0	0	0	0	0	0	0	0	0	0	0	0	0	0	0	0	0	0	0	0	0	0	0	0	0	0	0	0	0	0	0	0	0.961610433005817	0	0	0	0.799962619478368	0	0.849360277479532	0	0.734431143382588	0	0.810122197502448	0.668520002781364	0	0.532748829405395	0	0	0	0	0	0.996722783553436	0.816808636774984	0	0	0.832160781361047	0.538744792216988	0	0	0	0.936409359745797	0.628889724551906	0	0	0	0.765706141626577	0	0	0	0.742232238139323	0	0	0.990566575903093	0	0	0	0.884566043455471
0	0	0	0	0	0	0	0	0	0	0	0	0	0	0	0	0	0	0	0	0	0	0	0	0	0	0	0	0	0	0	0	0	0	0	0	0	0	0	0	0	0	0	0	0	0	0	0	0	0.613107047359178	0	0	0.997343699746186	0	0	0.837540250641647	0	0	0	0.844452682291814	0	0.975890177595638	0	0	0.731364123074834	0	0	0.817803139024828	0	0	0.76211514077217	0	0.550297951776642	0	0	0	0.625508151312441	0	0.876415730546142	0.729027919128628	0	0	0	0	0	0	0	0	0	0.529301096043441
0	0	0	0	0	0	0	0	0	0	0	0	0	0	0	0	0	0	0	0	0	0	0	0	0	0	0	0	0	0	0	0	0	0	0	0	0	0	0	0	0	0	0	0	0	0	0	0.635916728567998	0	0	0.675863632888206	0	0	0	0	0	0	0	0	0	0	0	0	0	0	0	0.547486041139569	0.597909764020504	0.772095090552478	0.737540442815545	0	0.983189216746971	0.851874875160274	0	0	0.708464790193069	0.738623118337501	0	0	0	0	0	0.735664257551822	0	0.977427798698744	0	0	0.596719058715907	0.771530419868107	0.621057443430649
0	0	0	0	0	0	0	0	0	0	0	0	0	0	0	0	0	0	0	0	0	0	0	0	0	0	0	0	0	0	0	0	0	0	0	0	0	0	0	0	0	0	0	0	0	0	0	0.880620734901124	0	0	0	0	0	0	0	0.756317348279477	0	0.858706685782934	0.701101415133265	0	0	0.597424479884734	0.933071051447262	0.756364678725835	0.957552884753993	0.577376117941956	0.573945576174779	0	0.561538711343356	0.89828671483268	0	0	0	0	0.829279693529746	0	0	0.899366663108483	0	0	0.972688446611871	0.898916322696799	0	0	0	0	0	0	0	0.952356144340901
0	0	0	0	0	0	0	0	0	0	0	0	0	0	0	0	0	0	0	0	0	0	0	0	0	0	0	0	0	0	0	0	0	0	0	0	0	0	0	0	0	0	0	0	0	0	0	0	0	0.873561562113665	0	0	0	0	0.607882554261574	0.579716797766579	0	0	0	0.622710533110682	0	0	0.875510921132324	0	0	0	0	0	0.881555984130828	0.875213031230671	0	0.636435911686792	0	0.646222101660076	0.851008365856668	0	0	0	0	0	0	0	0.821246084046804	0	0.540376613101614	0	0	0	0	0
0	0	0	0	0	0	0	0	0	0	0	0	0	0	0	0	0	0	0	0	0	0	0	0	0	0	0	0	0	0	0	0	0	0	0	0	0	0	0	0	0	0	0	0	0	0	0	0	0	0.614671424664188	0	0	0.892903058935204	0.87368395691572	0	0	0.51167001984011	0.630475121681205	0	0	0	0	0	0	0.722577486242105	0	0	0	0	0	0.761531037177058	0	0	0	0	0.685219207428371	0	0	0.963935291579495	0.782835037778731	0	0	0	0.506552214569663	0	0.652154912613801	0	0	0	0
0	0	0	0	0	0	0	0	0	0	0	0	0	0	0	0	0	0	0	0	0	0	0	0	0	0	0	0	0	0	0	0	0	0	0	0	0	0	0	0	0	0	0	0	0	0	0	0	0	0	0	0	0.550856992450936	0.553908379465146	0	0.608058492589453	0	0.781709361679593	0.820645278003192	0	0.501017739124257	0	0	0	0	0.932963731478907	0	0.965613713659308	0	0	0	0.589116756415535	0.830976165349169	0.916168082127079	0	0	0	0.605264091274833	0	0	0.585553453670852	0.746420780794103	0	0	0.896657007748908	0.57181846435702	0	0	0	0.635617714896336
0	0	0	0	0	0	0	0	0	0	0	0	0	0	0	0	0	0	0	0	0	0	0	0	0	0	0	0	0	0	0	0	0	0	0	0	0	0	0	0	0	0	0	0	0	0.647583712818522	0	0.748859723830515	0	0	0.760518464972033	0	0.995468845121662	0	0	0.934276637329061	0.799563293063847	0.966895974716101	0	0	0.846311509745472	0	0	0	0	0.864984843796448	0.910984960376988	0	0.641752440322956	0	0.555860063848324	0	0	0.638700034730373	0	0	0	0.576388944319431	0	0	0	0.96870787729721	0.778019647031434	0.654198089588913	0	0	0.572199311156409	0	0.928246605769381	0
0	0	0	0	0	0	0	0	0	0	0	0	0	0	0	0	0	0	0	0	0	0	0	0	0	0	0	0	0	0	0	0	0	0	0	0	0	0	0	0	0	0	0	0	0	0	0.647157009634195	0	0.569892799287733	0	0	0	0.552282261678664	0	0	0	0	0	0	0	0	0	0	0.675396944174434	0	0	0.960668172484682	0	0	0	0	0	0	0	0	0.700090100070827	0	0	0.615374419308135	0	0	0	0.935163447257253	0.743455919586271	0.661758406701576	0.954582227419537	0	0	0.810765553756191	0
0	0	0	0	0	0	0	0	0	0	0	0	0	0	0	0	0	0	0	0	0	0	0	0	0	0	0	0	0	0	0	0	0	0	0	0	0	0	0	0	0	0	0	0	0	0.777533159090089	0.527581924504992	0	0	0	0	0	0	0.619346023459025	0	0	0	0	0	0.704410920049251	0.96030203520033	0	0	0	0	0.772449563938302	0	0.926015691581193	0	0	0	0	0	0	0	0.880034997944343	0	0	0.866540945123702	0.893333296963836	0	0	0.885506002265776	0	0	0	0.740819002311814	0.684788693110269	0	0.636520860981202
0	0	0	0	0	0	0	0	0	0	0	0	0	0	0	0	0	0	0	0	0	0	0	0	0	0	0	0	0	0	0	0	0	0	0	0	0	0	0	0	0	0	0	0	0	0.650334995947747	0	0	0	0	0	0	0	0	0.983797198921276	0.685841017110929	0	0.846345220145131	0.740411185543633	0	0.585478602607781	0.722378335353344	0	0	0	0	0	0	0.668572229587818	0	0.838445825517684	0	0.745388641948378	0	0.564895894371007	0	0.813658058632732	0	0	0.510902192252603	0.745910858633545	0.607479023028432	0	0.718123795991109	0.966581640805913	0	0.795840926942694	0	0.781222381330271	0
0	0	0	0	0	0	0	0	0	0	0	0	0	0	0	0	0	0	0	0	0	0	0	0	0	0	0	0	0	0	0	0	0	0	0	0	0	0	0	0	0	0	0	0	0	0	0.788574191965643	0	0	0	0.522491907744601	0	0	0	0.827708123509443	0	0.813568630790763	0	0	0.909833191338341	0	0	0	0	0	0	0	0	0	0.717068192545635	0.812752912434529	0	0	0	0	0	0	0.787870156687494	0	0.555932744714487	0.521850947706023	0	0.66508797509969	0	0	0	0	0	0.975147822819103	0.622543274267719
0	0	0	0	0	0	0	0	0	0	0	0	0	0	0	0	0	0	0	0	0	0	0	0	0	0	0	0	0	0	0	0	0	0	0	0	0	0	0	0	0	0	0	0	0	0.553446623199783	0	0	0	0.663143037653818	0	0	0	0	0	0	0.938649639967051	0	0	0.983343353608837	0	0.635666818288276	0	0	0	0.602827022722712	0	0	0	0	0	0	0	0	0.700032434256331	0	0.978178484781334	0	0.604019153264218	0	0.587916810844386	0	0.77101218911015	0	0	0.793723520371816	0	0	0.712846015405284	0.671308115912229
0	0	0	0	0	0	0	0	0	0	0	0	0	0	0	0	0	0	0	0	0	0	0	0	0	0	0	0	0	0	0	0	0	0	0	0	0	0	0	0	0	0	0	0	0	0	0	0.977085204627339	0	0	0	0	0	0	0	0	0	0	0	0.529259676064578	0.65974529863842	0.938789125311715	0.707446685235281	0.757686700391981	0.940874592980579	0	0	0	0.931498670261154	0	0	0	0.660875522389251	0	0	0	0	0.685155188018885	0.641329317139673	0	0.804395582979272	0	0	0	0.878297726685757	0	0	0	0	0.992664252654468
0	0	0	0	0	0	0	0	0	0	0	0	0	0	0	0	0	0	0	0	0	0	0	0	0	0	0	0	0	0	0	0	0	0	0	0	0	0	0	0	0	0	0	0	0	0.844561254544891	0	0.884766836180763	0	0	0	0.691372645859943	0	0	0	0	0.960363591781104	0	0	0.703148409205537	0	0	0	0.730918444356863	0	0	0	0.604243670494132	0	0	0	0	0	0	0	0	0	0	0	0.689613005725336	0	0.865787511539983	0.946282274112217	0	0	0	0	0	0	0.729085238927773
0	0	0	0	0	0	0	0	0	0	0	0	0	0	0	0	0	0	0	0	0	0	0	0	0	0	0	0	0	0	0	0	0	0	0	0	0	0	0	0	0	0	0	0	0	0	0	0	0	0.513166529251219	0.901112240098474	0	0	0.773198213609191	0	0	0	0	0	0	0	0	0	0	0	0	0	0.86146935730585	0.774729993047465	0	0	0	0	0	0.790251923240438	0	0	0	0	0	0	0.665310040923184	0	0	0	0	0	0	0	0.885882775441175
0	0	0	0	0	0	0	0	0	0	0	0	0	0	0	0	0	0	0	0	0	0	0	0	0	0	0	0	0	0	0	0	0	0	0	0	0	0	0	0	0	0	0	0	0	0	0	0	0	0.71989112813423	0	0	0	0.76811256273613	0	0	0	0.616085645389882	0	0	0	0	0	0	0	0	0	0	0.734037100723122	0.525937530219748	0.956478151777549	0.733217848629392	0	0	0.984828366659165	0	0	0	0	0.798703570204139	0.882875391894096	0	0.769600973861471	0.821827535918373	0.999749819335294	0	0	0	0	0.911272155612095
0	0	0	0	0	0	0	0	0	0	0	0	0	0	0	0	0	0	0	0	0	0	0	0	0	0	0	0	0	0	0	0	0	0	0	0	0	0	0	0	0	0	0	0	0	0.809521721511812	0	0	0.876632088016504	0	0	0	0	0.765908611894066	0	0	0	0	0.715564385696764	0	0	0	0	0	0	0	0	0	0	0.990763244104863	0.566742293822227	0.73153488383975	0.55950846218099	0.763276904280996	0.950035393955007	0.895509492673635	0	0	0.944295625347566	0	0	0.876875013576865	0	0.917639817231097	0.95824160014157	0.90616234054759	0.980003881438714	0.719855573470117	0.638773594543483	0
