0	0	0	0	0	0.772116856662493	0.984050528681876	0	0	0.510123555878994	0	0	0	0.839605387671544	0	0	0.768142566340669	0	0.548700027234246	0.519316889975479	0	0	0	0.880480129037681	0.954215520979568	0.926039942674756	0	0.628472311779114	0	0	0	0	0.607484015781573	0.527875609312524	0	0.770613618465741	0.857892020280324	0.821554861358508	0.734397614667368	0	0.598504340657051	0	0.815403302480294	0.817375287303522	0	0	0	0	0	0	0	0	0	0	0	0	0	0	0	0	0	0	0	0	0	0	0	0	0	0	0	0	0	0	0	0	0	0	0	0	0	0	0	0	0	0	0	0	0	0
0	0	0	0	0.786062917205495	0.621963444342073	0.52836192269691	0	0.636853809406003	0	0	0	0.817190405705611	0	0	0	0	0.821407041639502	0	0	0.980903794230367	0	0	0.993417409370633	0.911178796867699	0	0.664318150069444	0	0.874963647415446	0.722238079732517	0	0.943991460714971	0.510275059621095	0.648050104755467	0	0	0	0	0.660732630813523	0	0.808181984219179	0	0	0.854352749309269	0	0	0	0	0	0	0	0	0	0	0	0	0	0	0	0	0	0	0	0	0	0	0	0	0	0	0	0	0	0	0	0	0	0	0	0	0	0	0	0	0	0	0	0	0	0
0	0	0	0.724312773989987	0.710989936379707	0	0	0	0	0.810785689699321	0	0	0	0	0	0.909444647042321	0	0	0	0	0	0	0	0.69911202992646	0.678557722258105	0	0.505253276024171	0	0	0	0	0	0	0.96773060613735	0	0	0	0	0	0.975304623525169	0.90448843839546	0.568153756832396	0	0	0	0	0	0	0	0	0	0	0	0	0	0	0	0	0	0	0	0	0	0	0	0	0	0	0	0	0	0	0	0	0	0	0	0	0	0	0	0	0	0	0	0	0	0	0	0
0	0	0.804038740231922	0	0	0	0.765431576990978	0.80648541967943	0	0	0	0	0	0.819148632865978	0.726900314842402	0	0.98182890364336	0	0	0.985118555071132	0	0	0.674643449429634	0.918936048305274	0.926493556230891	0	0	0	0	0	0	0	0	0	0	0.655671057544553	0.584731616819487	0	0.523463135366585	0.9873648248318	0	0	0	0.644051312416043	0	0	0	0	0	0	0	0	0	0	0	0	0	0	0	0	0	0	0	0	0	0	0	0	0	0	0	0	0	0	0	0	0	0	0	0	0	0	0	0	0	0	0	0	0	0
0	0.551593794631269	0.599235317618062	0	0	0	0	0.5348336841258	0.678116973040428	0.821806663041605	0.905083414866906	0.713260709638572	0	0.607886241249475	0.569821251500927	0	0.824423482670277	0	0	0	0	0	0	0	0	0.722182693773027	0	0	0	0.62382863291623	0	0	0	0	0	0	0	0	0.756228828921298	0	0.710663636603988	0	0.786506379593836	0	0	0	0	0	0	0	0	0	0	0	0	0	0	0	0	0	0	0	0	0	0	0	0	0	0	0	0	0	0	0	0	0	0	0	0	0	0	0	0	0	0	0	0	0	0	0
0.660107062151765	0.825104318588643	0	0	0	0	0	0	0	0	0.874467395665935	0	0	0	0	0	0.570558874297038	0.759299150698834	0.787801387419423	0.555525786584636	0	0	0.623953297279856	0	0.901691374025287	0	0	0	0	0	0	0	0	0	0	0.577757470912494	0	0.557967196670282	0.867511462137189	0	0	0	0	0	0	0	0	0	0	0	0	0	0	0	0	0	0	0	0	0	0	0	0	0	0	0	0	0	0	0	0	0	0	0	0	0	0	0	0	0	0	0	0	0	0	0	0	0	0	0
0.85436764212403	0.769586336134781	0	0.678590067232216	0	0	0	0	0	0.683943228874649	0	0	0.533870104984317	0.695263968267674	0	0.94150569501495	0	0	0.940690737689997	0	0	0	0.631548136897726	0	0	0	0	0	0.946467997849345	0.540060322861472	0	0	0	0	0.977793529451618	0	0	0	0	0	0.7416191157882	0.764141535157549	0.684911850158016	0	0	0	0	0	0	0	0	0	0	0	0	0	0	0	0	0	0	0	0	0	0	0	0	0	0	0	0	0	0	0	0	0	0	0	0	0	0	0	0	0	0	0	0	0	0	0
0	0	0	0.756609764432102	0.617813842410566	0	0	0	0	0	0	0.94598885133795	0	0.885014706735731	0	0.711752874672044	0	0	0	0	0	0	0	0.710669841607988	0.596668719015229	0	0	0	0.718050691620762	0	0.587331893270472	0	0	0	0	0	0	0.986063262453234	0	0	0	0.613496667402994	0.924766618987619	0	0.873426654942736	0	0	0	0	0	0	0	0	0	0	0	0	0	0	0	0	0	0	0	0	0	0	0	0	0	0	0	0	0	0	0	0	0	0	0	0	0	0	0	0	0	0	0	0	0
0	0.774514990381396	0	0	0.570862658572022	0	0	0	0	0.67152613786388	0.958567589221596	0	0	0	0.552325478569908	0	0	0	0	0.844558969113651	0.870067367761846	0	0	0	0	0	0	0.890468236736961	0.970874006834088	0.518389571081878	0	0	0	0.739306022658826	0	0	0.875568449015072	0	0	0	0.701159984434095	0	0	0	0	0	0	0	0	0	0	0	0	0	0	0	0	0	0	0	0	0	0	0	0	0	0	0	0	0	0	0	0	0	0	0	0	0	0	0	0	0	0	0	0	0	0	0	0	0
0.717968129757215	0	0.709768451784341	0	0.725533579159073	0	0.598128706826181	0	0.867467634398568	0	0.816292334765892	0	0	0	0.841357782001543	0	0	0.762253753016516	0	0	0	0.846646802917476	0	0	0	0.837351343412568	0.802301648411485	0.808304521534462	0	0	0	0	0.665757420478178	0	0	0	0.970999525746191	0	0.54109653145746	0.635183212228472	0	0.669045210432878	0.956917608803616	0	0.835661342427711	0	0	0	0	0	0	0	0	0	0	0	0	0	0	0	0	0	0	0	0	0	0	0	0	0	0	0	0	0	0	0	0	0	0	0	0	0	0	0	0	0	0	0	0	0
0	0	0	0	0.583683050910097	0.90573080503616	0	0	0.678755001801109	0.702695875450953	0	0	0	0	0.922807423836187	0	0	0.807170176668131	0	0	0	0	0	0	0	0	0.931172704897219	0.572131644185902	0	0.579545584260483	0.905017317495959	0	0	0	0	0.614929098178893	0	0	0	0	0	0	0	0	0	0	0	0	0	0	0	0	0	0	0	0	0	0	0	0	0	0	0	0	0	0	0	0	0	0	0	0	0	0	0	0	0	0	0	0	0	0	0	0	0	0	0	0	0	0
0	0	0	0	0.756598958938148	0	0	0.778919019868563	0	0	0	0	0	0	0	0.59585333626017	0	0	0.702977915533191	0	0	0	0.912378443107016	0	0	0	0.560722316333306	0	0	0.870949948814419	0	0	0	0.571460826330157	0	0	0	0	0	0	0.6159405500577	0	0.84184070263609	0	0	0	0	0	0	0	0	0	0	0	0	0	0	0	0	0	0	0	0	0	0	0	0	0	0	0	0	0	0	0	0	0	0	0	0	0	0	0	0	0	0	0	0	0	0	0
0	0.935610570302086	0	0	0	0	0.79512680572069	0	0	0	0	0	0	0	0.609966133957127	0.585682755666544	0	0	0.772132397078684	0	0	0	0.841513630012055	0.580995230058637	0	0	0	0.565320935376831	0	0	0.927713629565258	0.748061478132713	0.844771894405747	0	0	0.589957944604802	0	0	0	0	0	0	0.881338305161703	0	0	0	0	0	0	0	0	0	0	0	0	0	0	0	0	0	0	0	0	0	0	0	0	0	0	0	0	0	0	0	0	0	0	0	0	0	0	0	0	0	0	0	0	0	0	0
0.686631040521184	0	0	0.837246470420211	0.970689272648477	0	0.70636602435875	0.715219275517116	0	0	0	0	0	0	0	0.622542278706026	0	0	0.599457426815821	0	0	0	0	0	0	0	0	0.784418453300484	0	0	0	0	0	0	0	0	0	0	0	0.872271871224766	0.956556867920315	0	0.513078099604622	0	0	0	0	0	0	0	0	0	0	0	0	0	0	0	0	0	0	0	0	0	0	0	0	0	0	0	0	0	0	0	0	0	0	0	0	0	0	0	0	0	0	0	0	0	0	0
0	0	0	0.795440603770296	0.741267595134871	0	0	0	0.708472963645185	0.977504158787517	0.704829148549593	0	0.574395703596049	0	0	0	0	0	0	0	0	0.627590924988879	0	0	0.841860909541674	0	0	0	0	0.770795425734385	0	0	0	0	0.614007855204264	0	0	0	0	0	0	0.543082843518805	0	0	0	0	0	0	0	0	0	0	0	0	0	0	0	0	0	0	0	0	0	0	0	0	0	0	0	0	0	0	0	0	0	0	0	0	0	0	0	0	0	0	0	0	0	0	0	0
0	0	0.65662808526626	0	0	0	0.689989884281178	0.727838111721868	0	0	0	0.756455987848321	0.836322483969252	0.86354493654677	0	0	0.99367080190068	0	0	0.689928236092161	0	0	0	0.855266293231251	0	0.993627671449618	0	0.86109802732566	0	0	0	0	0	0	0	0.915508814401576	0	0	0	0	0	0	0.886507937307728	0	0.890388863193114	0	0	0	0	0	0	0	0	0	0	0	0	0	0	0	0	0	0	0	0	0	0	0	0	0	0	0	0	0	0	0	0	0	0	0	0	0	0	0	0	0	0	0	0	0
0.620063742326957	0	0	0.801606062682017	0.990438984905948	0.821357964567654	0	0	0	0	0	0	0	0	0	0.741213534326433	0	0.660594047378828	0.894775918945823	0	0.584826842058695	0	0	0.954114250306662	0	0.636290875364125	0	0	0.619614147813973	0	0	0	0	0	0	0.744657723048708	0	0.57036799660457	0	0	0	0	0	0	0	0	0	0	0	0	0	0	0	0	0	0	0	0	0	0	0	0	0	0	0	0	0	0	0	0	0	0	0	0	0	0	0	0	0	0	0	0	0	0	0	0	0	0	0	0
0	0.585458806065603	0	0	0	0.565588900845776	0	0	0	0.583217960050177	0.510710649564243	0	0	0	0	0	0.781814281734807	0	0	0	0	0	0.561801225184	0.858290928001464	0.780751030834899	0	0	0.543971050058865	0	0	0	0	0	0	0	0	0	0	0	0.710301833774525	0	0	0	0	0	0	0	0	0	0	0	0	0	0	0	0	0	0	0	0	0	0	0	0	0	0	0	0	0	0	0	0	0	0	0	0	0	0	0	0	0	0	0	0	0	0	0	0	0	0
0.93183399696951	0	0	0	0	0.907646379837794	0.646849236031232	0	0	0	0	0.735029563093717	0.967360073827273	0.656755377209883	0	0	0.892049875489484	0	0	0.750627129851396	0	0	0.841240920296618	0	0.717985056540125	0.768979352105026	0	0	0	0.770898013895629	0.904873995510562	0	0	0	0	0	0	0	0	0.912456951574587	0	0	0	0.651923260671663	0	0	0	0	0	0	0	0	0	0	0	0	0	0	0	0	0	0	0	0	0	0	0	0	0	0	0	0	0	0	0	0	0	0	0	0	0	0	0	0	0	0	0	0	0	0
0.771702055643013	0	0	0.651010649373702	0	0.563176125176194	0	0	0.764163507172912	0	0	0	0	0	0	0.644712564856049	0	0	0.768785136830345	0	0.960045546938643	0.970161083458132	0	0	0	0	0	0	0.939727022257801	0	0	0.685063787714047	0	0	0	0.521111317696176	0.904574313477231	0	0	0.534525116505792	0	0	0.519779830451554	0.771098487382127	0	0	0	0	0	0	0	0	0	0	0	0	0	0	0	0	0	0	0	0	0	0	0	0	0	0	0	0	0	0	0	0	0	0	0	0	0	0	0	0	0	0	0	0	0	0
0	0.850715403161354	0	0	0	0	0	0	0.885668682354326	0	0	0	0	0	0	0	0.820605355731334	0	0	0.561143746247348	0	0	0.925444099580875	0.57721451576648	0.741502132043014	0	0.835962198622256	0.650336374687058	0	0.970889446471642	0.676518855507258	0.692249697972194	0	0.889530165276816	0	0	0	0	0	0.688916812787002	0	0	0	0	0.688592631885843	0	0	0	0	0	0	0	0	0	0	0	0	0	0	0	0	0	0	0	0	0	0	0	0	0	0	0	0	0	0	0	0	0	0	0	0	0	0	0	0	0	0	0	0	0
0	0	0	0	0	0	0	0	0	0.670903019356782	0	0	0	0	0.744788517275571	0	0	0	0	0.81584624052287	0	0	0.540313981956066	0	0	0	0	0	0	0	0.511934563158937	0	0.777708605194823	0.601662405336964	0	0	0.858394999609077	0	0	0.513607199780325	0	0.967902488962378	0	0	0	0	0	0	0	0	0	0	0	0	0	0	0	0	0	0	0	0	0	0	0	0	0	0	0	0	0	0	0	0	0	0	0	0	0	0	0	0	0	0	0	0	0	0	0	0
0	0	0	0.792215833031701	0	0.618936165169072	0.727983131357244	0	0	0	0	0.850945670623771	0.729729913974523	0	0	0	0	0.627384682336644	0.559941008386735	0	0.664132513947109	0.66601443319223	0	0	0	0.765649959484979	0.982087656857564	0	0.935625077871589	0	0	0	0	0	0.571579348556588	0	0.926964297019174	0	0.740842395832661	0	0	0	0.963351633241042	0	0.781659089268213	0	0	0	0	0	0	0	0	0	0	0	0	0	0	0	0	0	0	0	0	0	0	0	0	0	0	0	0	0	0	0	0	0	0	0	0	0	0	0	0	0	0	0	0	0
0.690388780587266	0.712286875009905	0.539626554446819	0.681391488863786	0	0	0	0.888888294689312	0	0	0	0	0.784584867544079	0	0	0.949733626275954	0.542031783763683	0.551303299745725	0	0	0.690503957550584	0	0	0	0	0.582089674642372	0	0	0	0.56918045506365	0	0.503700472609424	0	0.71268498179057	0	0	0	0	0	0	0	0	0.525641143459531	0	0.744675591952302	0	0	0	0	0	0	0	0	0	0	0	0	0	0	0	0	0	0	0	0	0	0	0	0	0	0	0	0	0	0	0	0	0	0	0	0	0	0	0	0	0	0	0	0	0
0.510315689649548	0.892099432009042	0.682758866151825	0.729999680706932	0	0.727247562948154	0	0.676108945343505	0	0	0	0	0	0	0.609928880874328	0	0	0.545617581020029	0.554171590213301	0	0.875484679452383	0	0	0	0	0	0.996175393564497	0.638976598397418	0	0	0	0.809561178263965	0	0	0.548891642893944	0	0.743646369614531	0	0	0	0.789197370391002	0	0	0	0	0	0	0	0	0	0	0	0	0	0	0	0	0	0	0	0	0	0	0	0	0	0	0	0	0	0	0	0	0	0	0	0	0	0	0	0	0	0	0	0	0	0	0	0	0
0.635816352888148	0	0	0	0.715922143706876	0	0	0	0	0.57110025053791	0	0	0	0	0	0.586750909100906	0.617880845306726	0	0.81480371079922	0	0	0	0.590859719972127	0.837671928542469	0	0	0	0	0.893788988193288	0.571977980281635	0	0.690906953512862	0.975585597328582	0	0.701299250804879	0	0.64790135032541	0	0.614102702089148	0	0	0	0	0	0.784319863604324	0	0	0	0	0	0	0	0	0	0	0	0	0	0	0	0	0	0	0	0	0	0	0	0	0	0	0	0	0	0	0	0	0	0	0	0	0	0	0	0	0	0	0	0	0
0	0.685521112915556	0.593170605854295	0	0	0	0	0	0	0.67338482368247	0.748334101668509	0.582887039621599	0	0	0	0	0	0	0	0	0.588439763018506	0	0.618126169014767	0	0.592042330885186	0	0	0.791341803169029	0.635278835050295	0	0	0.815716097036431	0	0	0	0	0	0	0	0	0.924700438920816	0	0	0	0	0	0	0	0	0	0	0	0	0	0	0	0	0	0	0	0	0	0	0	0	0	0	0	0	0	0	0	0	0	0	0	0	0	0	0	0	0	0	0	0	0	0	0	0	0
0.789264110613744	0	0	0	0	0	0	0	0.700892494002227	0.614739332696602	0.897601440526794	0	0.795790711474255	0.649553236373472	0	0.808878050406399	0	0.940514576939055	0	0	0.534216492260097	0	0	0	0.789211844693183	0	0.750197492432165	0	0	0.663300520124143	0	0.952221439113333	0.725038984716369	0	0.576464390163278	0.783535262501838	0.868835019203223	0	0.933812504217119	0	0	0	0	0.689020491199867	0	0	0	0	0	0	0	0	0	0	0	0	0	0	0	0	0	0	0	0	0	0	0	0	0	0	0	0	0	0	0	0	0	0	0	0	0	0	0	0	0	0	0	0	0	0
0	0.675782384405964	0	0	0	0	0.639963557813745	0.915653671849981	0.745427879498272	0	0	0	0	0	0	0	0.71007683908959	0	0	0.802117324061195	0	0	0.557025169697544	0	0	0.904902558223574	0.731968851354215	0	0	0.863411088840745	0.789100413005879	0	0	0	0	0	0	0	0	0	0	0.756653682897881	0	0.963591935127392	0	0	0	0	0	0	0	0	0	0	0	0	0	0	0	0	0	0	0	0	0	0	0	0	0	0	0	0	0	0	0	0	0	0	0	0	0	0	0	0	0	0	0	0	0	0
0	0.784778410499115	0	0	0.846580054856861	0	0.884248298421522	0	0.657365863528823	0	0.871218481020575	0.57335985548247	0	0	0.954552576337348	0	0	0	0.951754590000279	0	0.608969789131414	0	0	0.948828149246178	0	0.59250463488472	0	0.73605670992758	0.988389476449485	0	0	0.92483274806928	0	0	0.899780026588629	0.946771706847626	0.93181646158438	0.655870519734945	0	0	0	0	0.976334016108004	0	0	0	0	0	0	0	0	0	0	0	0	0	0	0	0	0	0	0	0	0	0	0	0	0	0	0	0	0	0	0	0	0	0	0	0	0	0	0	0	0	0	0	0	0	0	0
0	0	0	0	0	0	0	0.75957304253729	0	0	0.948096491150241	0	0.857458736899189	0	0	0	0	0	0.558146037738119	0	0.550657002773876	0.707701262966584	0	0	0	0	0	0	0.578588082612114	0	0	0	0.776258091047166	0	0.727573515632963	0	0	0	0	0	0.609957258266052	0.588386748323633	0	0	0.786978926346522	0	0	0	0	0	0	0	0	0	0	0	0	0	0	0	0	0	0	0	0	0	0	0	0	0	0	0	0	0	0	0	0	0	0	0	0	0	0	0	0	0	0	0	0	0
0	0.580883507787621	0	0	0	0	0	0	0	0	0	0	0.808059739172401	0	0	0	0	0	0	0.867577619282001	0.902655877892767	0	0	0.792300505372076	0.960223897898267	0.957736576767301	0.673651788526175	0.894893684228089	0	0.651457666305963	0	0	0.514009095858339	0.986878065038887	0	0.906668001670963	0	0.719521695756787	0	0	0.85773165666945	0	0	0.720777908239739	0.873946745947176	0	0	0	0	0	0	0	0	0	0	0	0	0	0	0	0	0	0	0	0	0	0	0	0	0	0	0	0	0	0	0	0	0	0	0	0	0	0	0	0	0	0	0	0	0
0.729890291806167	0.820043019735317	0	0	0	0	0	0	0	0.532637410948593	0	0	0.961479599193121	0	0	0	0	0	0	0	0	0.894045736894342	0	0	0	0.727885020297822	0	0.846347099591051	0	0	0.747743313951505	0.599975949704127	0	0	0	0	0	0	0.536165448962817	0	0	0	0	0	0	0	0	0	0	0	0	0	0	0	0	0	0	0	0	0	0	0	0	0	0	0	0	0	0	0	0	0	0	0	0	0	0	0	0	0	0	0	0	0	0	0	0	0	0	0
0.821194409649439	0.533767728463881	0.664779317034005	0	0	0	0	0	0.994588954193496	0	0	0.529384368857215	0	0	0	0	0	0	0	0	0.961181520170026	0.59282703275498	0	0.813505531312627	0	0	0	0	0	0	0	0.735905223632142	0	0	0.610824984761808	0	0.854290876931296	0	0.622292923102691	0	0	0	0	0	0	0	0	0	0	0	0	0	0	0	0	0	0	0	0	0	0	0	0	0	0	0	0	0	0	0	0	0	0	0	0	0	0	0	0	0	0	0	0	0	0	0	0	0	0	0
0	0	0	0	0	0	0.837888152930819	0	0	0	0	0	0	0	0.806987459094824	0	0	0	0	0	0	0	0.669069896445584	0	0.785006521477105	0.595149251858915	0	0.572510277683321	0	0.665624392717271	0.576377012523859	0	0	0.593466447503597	0	0	0	0.558480858753785	0	0	0	0	0.977758369738246	0	0	0	0	0	0	0	0	0	0	0	0	0	0	0	0	0	0	0	0	0	0	0	0	0	0	0	0	0	0	0	0	0	0	0	0	0	0	0	0	0	0	0	0	0	0	0
0.813680202004334	0	0	0.665847957393245	0	0.772991506276537	0	0	0	0	0.625582169410142	0	0.598625595202399	0	0	0.560126163919185	0.579133755522187	0	0	0.918221054629578	0	0	0	0	0	0	0	0.974031105755972	0	0.630920903524788	0	0.634642942111195	0	0	0	0	0	0	0.526995625571544	0.922614125441629	0	0.861245775639518	0.880324323399152	0	0.636866371403337	0	0	0	0	0	0	0	0	0	0	0	0	0	0	0	0	0	0	0	0	0	0	0	0	0	0	0	0	0	0	0	0	0	0	0	0	0	0	0	0	0	0	0	0	0
0.96509853115066	0	0	0.779142743445047	0	0	0	0	0.728218704403325	0.785639307125773	0	0	0	0	0	0	0	0	0	0.646237350789992	0	0.945373970996464	0.6259514613937	0	0.777733673782432	0.831011134063016	0	0.793740392580794	0	0.630688205181482	0	0	0	0.5894147769398	0	0	0	0.568420217720711	0	0	0.510174434386663	0.978219052682764	0	0	0.95584035373733	0	0	0	0	0	0	0	0	0	0	0	0	0	0	0	0	0	0	0	0	0	0	0	0	0	0	0	0	0	0	0	0	0	0	0	0	0	0	0	0	0	0	0	0	0
0.903303305255617	0	0	0	0	0.852525636232211	0	0.643782785996574	0	0	0	0	0	0	0	0	0.883305175452824	0	0	0	0	0	0	0	0	0	0	0	0	0.751489768773393	0	0.628151234232134	0	0	0.812667940889813	0	0.648841074464148	0	0.769779283486393	0	0.902878229199789	0	0	0	0	0	0	0	0	0	0	0	0	0	0	0	0	0	0	0	0	0	0	0	0	0	0	0	0	0	0	0	0	0	0	0	0	0	0	0	0	0	0	0	0	0	0	0	0	0
0.787826369622948	0.610088003160747	0	0.509161950190324	0.957816548978027	0.501028820892885	0	0	0	0.970589785405684	0	0	0	0	0	0	0	0	0	0	0	0	0.608741581939017	0	0	0.722727929889968	0	0.575192300550961	0	0	0	0	0.82350727081365	0.935950972496387	0	0.660175420905667	0	0.889142690288326	0	0	0	0.679608459132187	0.596895656392674	0	0	0	0	0	0	0	0	0	0	0	0	0	0	0	0	0	0	0	0	0	0	0	0	0	0	0	0	0	0	0	0	0	0	0	0	0	0	0	0	0	0	0	0	0	0	0
0	0	0.704585906801661	0.574570518067331	0	0	0	0	0	0.641116120759731	0	0	0	0.506253019847269	0	0	0	0.525739709256435	0.910749774849191	0.980896042779468	0.774168341890172	0.891244759129146	0	0	0	0	0	0	0	0	0	0	0	0	0	0.811363448798332	0	0	0	0	0	0.808510047410548	0	0.601976176866995	0.632511372516043	0	0	0	0	0	0	0	0	0	0	0	0	0	0	0	0	0	0	0	0	0	0	0	0	0	0	0	0	0	0	0	0	0	0	0	0	0	0	0	0	0	0	0	0	0
0.986673677531426	0.863726071455452	0.853108329231604	0	0.780184566218234	0	0.569421035037167	0	0.792044627397782	0	0	0.962578686587044	0	0.936445148835629	0	0	0	0	0	0	0	0	0	0	0.975735778895853	0	0.755549886297069	0	0	0	0.640686953459753	0.995333597880422	0	0	0	0	0.826668501758042	0.83473702809401	0	0	0	0	0.697018097707642	0	0.709152900099945	0	0	0	0	0	0	0	0	0	0	0	0	0	0	0	0	0	0	0	0	0	0	0	0	0	0	0	0	0	0	0	0	0	0	0	0	0	0	0	0	0	0	0	0	0
0	0	0.500286808868876	0	0	0	0.651447155576384	0.780480664055959	0	0.620359633183242	0	0	0	0	0.802303917447218	0	0	0	0	0	0	0.704193560365099	0	0	0	0	0	0	0.566268995756321	0	0.955480997844398	0	0	0	0	0.679704772680135	0.970442056431822	0	0.762741745185985	0.510193266801279	0	0	0	0.831166632913368	0	0	0	0	0	0	0	0	0	0	0	0	0	0	0	0	0	0	0	0	0	0	0	0	0	0	0	0	0	0	0	0	0	0	0	0	0	0	0	0	0	0	0	0	0	0
0.53745506302208	0	0	0	0.896907104654276	0	0.588563896794382	0.744054813651682	0	0.75522548356687	0	0.546710118671941	0.784247475576169	0.648480468175498	0	0.622922799332347	0	0	0	0.777512111296636	0	0	0.941405999711494	0.610335141984075	0	0	0	0	0	0.756624283000431	0	0	0	0	0.841208128484506	0.710844922040141	0	0	0.798187046556798	0	0.634970955521503	0	0	0.514136696667533	0	0	0	0	0	0	0	0	0	0	0	0	0	0	0	0	0	0	0	0	0	0	0	0	0	0	0	0	0	0	0	0	0	0	0	0	0	0	0	0	0	0	0	0	0	0
0.736675344395839	0.810051799984777	0	0.674163558100118	0	0	0	0	0	0	0	0	0	0	0	0	0	0	0.712690127140297	0.917293044229829	0	0	0	0	0	0	0	0.782108573986196	0.619220210554028	0	0	0.843512516246353	0	0	0	0	0	0	0	0.949458063712022	0	0.750881870464517	0.702204204571317	0	0	0	0	0	0	0	0	0	0	0	0	0	0	0	0	0	0	0	0	0	0	0	0	0	0	0	0	0	0	0	0	0	0	0	0	0	0	0	0	0	0	0	0	0	0	0
0	0	0	0	0	0	0	0.746796253990783	0	0.893940990344303	0	0	0	0	0	0.795082820049327	0	0	0	0	0.508684889739322	0	0.752805858815149	0.823842003959957	0	0.668701651514396	0	0	0	0	0.749135552172481	0.882764192401058	0	0	0	0.702077925041137	0.981851780900738	0	0	0.957311866373465	0.905829833703527	0	0	0	0	0	0	0	0	0	0	0	0	0	0	0	0	0	0	0	0	0	0	0	0	0	0	0	0	0	0	0	0	0	0	0	0	0	0	0	0	0	0	0	0	0	0	0	0	0
0	0	0	0	0	0	0	0	0	0	0	0	0	0	0	0	0	0	0	0	0	0	0	0	0	0	0	0	0	0	0	0	0	0	0	0	0	0	0	0	0	0	0	0	0	0	0.71648212437412	0.998315118659926	0.8614492306604	0	0	0	0	0	0	0	0	0	0	0	0	0	0	0	0	0	0	0	0	0	0	0	0	0	0	0	0	0	0	0	0	0	0	0	0	0	0	0.780193373487551	0.987500190964274	0.847878001050237
0	0	0	0	0	0	0	0	0	0	0	0	0	0	0	0	0	0	0	0	0	0	0	0	0	0	0	0	0	0	0	0	0	0	0	0	0	0	0	0	0	0	0	0	0	0.66452696008245	0	0.67226353431007	0.93951668292622	0.830844387592171	0	0	0	0	0	0	0	0	0	0	0	0	0	0	0	0	0	0	0	0	0	0	0	0	0	0	0	0	0	0	0	0	0	0	0	0	0	0	0	0.946811673639411
0	0	0	0	0	0	0	0	0	0	0	0	0	0	0	0	0	0	0	0	0	0	0	0	0	0	0	0	0	0	0	0	0	0	0	0	0	0	0	0	0	0	0	0	0	0.748136001036628	0.624989881728017	0	0.715277315865068	0	0.853347179829898	0	0	0	0	0	0	0	0	0	0	0	0	0	0	0	0	0	0	0	0	0	0	0	0	0	0.956147610842624	0	0	0	0	0	0	0	0	0	0	0	0	0.896072198369287
0	0	0	0	0	0	0	0	0	0	0	0	0	0	0	0	0	0	0	0	0	0	0	0	0	0	0	0	0	0	0	0	0	0	0	0	0	0	0	0	0	0	0	0	0	0.751262161837464	0.996359440671443	0.875640728187437	0	0.743535710285564	0.586294617290271	0.501749777386986	0	0	0	0	0	0	0	0	0	0	0	0	0	0	0	0	0	0	0	0	0	0	0.624515583376095	0	0	0	0	0	0	0	0	0	0	0	0	0	0	0
0	0	0	0	0	0	0	0	0	0	0	0	0	0	0	0	0	0	0	0	0	0	0	0	0	0	0	0	0	0	0	0	0	0	0	0	0	0	0	0	0	0	0	0	0	0	0.927750677151739	0	0.69261995819625	0	0.824132656171462	0.979617394124627	0.633327855631008	0	0	0	0	0	0	0	0	0	0	0	0	0	0	0	0	0	0	0	0	0	0	0	0	0	0	0	0	0	0	0	0	0	0	0	0	0
0	0	0	0	0	0	0	0	0	0	0	0	0	0	0	0	0	0	0	0	0	0	0	0	0	0	0	0	0	0	0	0	0	0	0	0	0	0	0	0	0	0	0	0	0	0	0	0.962212484316109	0.809903939381344	0.96082467994304	0	0.77329607818363	0.88093419053213	0.781340843587744	0	0	0	0	0	0	0	0	0	0	0	0	0	0	0	0	0	0	0	0	0	0	0	0	0	0	0	0	0	0	0	0	0	0	0	0
0	0	0	0	0	0	0	0	0	0	0	0	0	0	0	0	0	0	0	0	0	0	0	0	0	0	0	0	0	0	0	0	0	0	0	0	0	0	0	0	0	0	0	0	0	0	0	0	0.854140717105514	0.790073902416535	0.698447273507393	0	0.906381986880803	0.666669735731638	0.791147426681403	0	0	0	0	0	0	0	0	0	0	0	0	0	0	0	0	0	0	0	0	0	0	0	0	0	0	0	0	0	0	0	0	0	0	0
0	0	0	0	0	0	0	0	0	0	0	0	0	0	0	0	0	0	0	0	0	0	0	0	0	0	0	0	0	0	0	0	0	0	0	0	0	0	0	0	0	0	0	0	0	0	0	0	0	0.611734365141056	0.539163780449959	0.625473748848859	0	0.598060393285465	0.523527147092606	0.969523299047829	0	0	0	0	0	0	0	0	0	0	0	0	0	0	0	0	0	0	0	0	0	0	0	0	0	0	0	0	0	0	0	0	0	0
0	0	0	0	0	0	0	0	0	0	0	0	0	0	0	0	0	0	0	0	0	0	0	0	0	0	0	0	0	0	0	0	0	0	0	0	0	0	0	0	0	0	0	0	0	0	0	0	0	0	0.705468494050392	0.549851536506372	0.90084035374516	0	0.765327917751461	0.903057431622211	0.7750462645035	0	0	0	0	0	0	0	0	0	0	0	0	0	0	0	0	0	0	0	0	0	0	0	0	0	0	0	0	0	0	0	0	0
0	0	0	0	0	0	0	0	0	0	0	0	0	0	0	0	0	0	0	0	0	0	0	0	0	0	0	0	0	0	0	0	0	0	0	0	0	0	0	0	0	0	0	0	0	0	0	0	0	0	0	0.825870220369565	0.519417292091842	0.924136851508655	0	0.553996831734388	0	0.713926620081132	0	0	0	0	0	0	0	0	0	0	0	0	0	0	0	0	0	0	0	0	0	0	0.549971317552893	0	0	0	0	0	0	0	0	0
0	0	0	0	0	0	0	0	0	0	0	0	0	0	0	0	0	0	0	0	0	0	0	0	0	0	0	0	0	0	0	0	0	0	0	0	0	0	0	0	0	0	0	0	0	0	0	0	0	0	0	0	0.573047224015457	0.850362576247387	0.942847414245429	0	0.540334149587668	0.51264225172037	0.945899994669194	0	0	0	0	0	0	0	0	0	0	0	0	0	0	0	0	0	0	0	0	0	0	0	0	0	0	0	0	0	0	0
0	0	0	0	0	0	0	0	0	0	0	0	0	0	0	0	0	0	0	0	0	0	0	0	0	0	0	0	0	0	0	0	0	0	0	0	0	0	0	0	0	0	0	0	0	0	0	0	0	0	0	0	0	0.876220808868609	0	0.726988581852181	0	0.715624754672571	0.675201032230103	0.594963083377765	0	0	0	0	0	0	0	0	0	0	0	0	0	0	0	0	0	0	0	0	0	0	0	0	0	0	0	0	0	0
0	0	0	0	0	0	0	0	0	0	0	0	0	0	0	0	0	0	0	0	0	0	0	0	0	0	0	0	0	0	0	0	0	0	0	0	0	0	0	0	0	0	0	0	0	0	0	0	0	0	0	0	0	0	0.8295500166718	0.888125582078341	0.81756282338227	0	0.63972213219367	0.950901754747147	0.780951309681517	0	0	0	0	0	0	0	0	0	0	0	0	0	0	0	0	0	0	0	0	0	0	0	0	0	0	0	0	0
0	0	0	0	0	0	0	0	0	0	0	0	0	0	0	0	0	0	0	0	0	0	0	0	0	0	0	0	0	0	0	0	0	0	0	0	0	0	0	0	0	0	0	0	0	0	0	0	0	0	0	0	0	0	0	0.889575038556309	0.50321270659943	0.906658563108783	0	0.701850006893798	0.849661327773315	0.893212263743473	0	0	0	0	0	0	0	0	0	0	0	0	0	0	0	0	0	0	0	0	0	0	0	0	0	0	0	0
0	0	0	0	0	0	0	0	0	0	0	0	0	0	0	0	0	0	0	0	0	0	0	0	0	0	0	0	0	0	0	0	0	0	0	0	0	0	0	0	0	0	0	0	0	0	0	0	0	0	0	0	0	0	0	0	0.585747407058328	0.944663130556475	0.885562914080116	0	0.620475991985038	0.733554296883229	0.856238772661531	0	0	0	0	0	0	0	0	0	0	0	0	0	0	0	0	0	0	0	0	0	0	0	0	0	0	0
0	0	0	0	0	0	0	0	0	0	0	0	0	0	0	0	0	0	0	0	0	0	0	0	0	0	0	0	0	0	0	0	0	0	0	0	0	0	0	0	0	0	0	0	0	0	0	0	0	0	0	0	0	0	0	0	0	0.951147220972381	0.912583397026077	0.890035331785292	0	0.54763472002824	0.908661369125841	0.671806785813704	0	0	0	0	0	0	0	0	0	0	0	0	0	0	0	0	0	0	0	0	0	0	0	0	0	0
0	0	0	0	0	0	0	0	0	0	0	0	0	0	0	0	0	0	0	0	0	0	0	0	0	0	0	0	0	0	0	0	0	0	0	0	0	0	0	0	0	0	0	0	0	0	0	0	0	0	0	0	0	0	0	0	0	0	0.577352514346029	0.906141423339846	0.564310684937577	0	0.931377883447674	0.808555742407238	0.957645861068805	0	0	0	0	0	0	0	0	0	0	0	0	0	0	0	0	0	0	0	0	0	0	0	0	0
0	0	0	0	0	0	0	0	0	0	0	0	0	0	0	0	0	0	0	0	0	0	0	0	0	0	0	0	0	0	0	0	0	0	0	0	0	0	0	0	0	0	0	0	0	0	0	0	0	0	0	0	0	0	0	0	0	0	0	0.896822467858989	0.583436959436958	0.69664280631386	0	0.960613799075904	0.897560721509963	0.631185636624764	0	0	0	0	0	0	0	0	0	0	0	0	0	0	0	0	0	0	0	0	0	0	0	0
0	0	0	0	0	0	0	0	0	0	0	0	0	0	0	0	0	0	0	0	0	0	0	0	0	0	0	0	0	0	0	0	0	0	0	0	0	0	0	0	0	0	0	0	0	0	0	0	0	0	0	0	0	0	0	0	0	0	0	0	0.689557619147922	0.599755325858082	0.630885421630971	0	0.919329599616562	0.583376414697156	0.965259006773648	0	0	0	0	0	0	0	0	0	0	0	0	0	0	0	0	0	0	0	0	0	0	0
0	0	0	0	0	0	0	0	0	0	0	0	0	0	0	0	0	0	0	0	0	0	0	0	0	0	0	0	0	0	0	0	0	0	0	0	0	0	0	0	0	0	0	0	0	0	0	0	0	0	0	0	0	0	0	0	0	0	0	0	0	0.698011049202113	0.58682295970943	0.678979220866571	0	0.854631399857983	0.779500740827327	0.838442280944054	0	0	0	0	0	0	0	0	0	0	0	0	0	0	0	0	0	0	0	0	0	0
0	0	0	0	0	0	0	0	0	0	0	0	0	0	0	0	0	0	0	0	0	0	0	0	0	0	0	0	0	0	0	0	0	0	0	0	0	0	0	0	0	0	0	0	0	0	0	0	0	0	0	0	0	0	0	0	0	0	0	0	0	0	0.956190870174307	0.65918974468954	0.738403891836655	0	0.83562257123979	0.704572994536232	0.625118167313025	0	0	0	0	0	0	0	0	0	0	0	0	0	0	0	0	0	0	0	0	0
0	0	0	0	0	0	0	0	0	0	0	0	0	0	0	0	0	0	0	0	0	0	0	0	0	0	0	0	0	0	0	0	0	0	0	0	0	0	0	0	0	0	0	0	0	0	0	0	0	0	0	0	0	0	0	0	0	0	0	0	0	0	0	0.713979448976496	0.850289289667652	0.898377000326473	0	0.75339994558692	0.641952536679316	0.694947809320956	0	0	0	0	0	0	0	0	0	0	0	0	0	0	0	0	0	0	0	0
0	0	0	0	0	0	0	0	0	0	0	0	0	0	0	0	0	0	0	0	0	0	0	0	0	0	0	0	0	0	0	0	0	0	0	0	0	0	0	0	0	0	0	0	0	0	0	0	0	0	0	0	0	0	0	0	0	0	0	0	0	0	0	0	0.940429592409403	0.839641540864702	0.937888930852528	0	0.715992777422361	0.548093505785842	0.633980428087382	0	0	0	0	0	0	0	0	0	0	0	0	0	0	0	0	0	0	0
0	0	0	0	0	0	0	0	0	0	0	0	0	0	0	0	0	0	0	0	0	0	0	0	0	0	0	0	0	0	0	0	0	0	0	0	0	0	0	0	0	0	0	0	0	0	0	0	0	0	0	0	0	0	0	0	0	0	0	0	0	0	0	0	0	0.538587640378734	0.589664637782066	0.58040144757212	0	0.555255462690867	0.928004269959552	0.54156032645097	0	0	0	0	0	0	0	0	0	0	0	0	0	0	0	0	0	0
0	0	0	0	0	0	0	0	0	0	0	0	0	0	0	0	0	0	0	0	0	0	0	0	0	0	0	0	0	0	0	0	0	0	0	0	0	0	0	0	0	0	0	0	0	0	0	0	0	0	0	0	0	0	0	0	0	0	0	0	0	0	0	0	0	0	0.670479431450147	0.802154042722428	0.894996376027616	0	0.783668559889676	0.633792632013135	0.537081069166149	0	0	0	0	0	0	0	0	0	0	0	0	0	0	0	0	0
0	0	0	0	0	0	0	0	0	0	0	0	0	0	0	0	0	0	0	0	0	0	0	0	0	0	0	0	0	0	0	0	0	0	0	0	0	0	0	0	0	0	0	0	0	0	0	0	0	0	0	0	0	0	0	0	0	0	0	0	0	0	0	0	0	0	0	0.80668590576998	0.619040543055401	0.841080083903549	0	0.602501435999752	0.564429867258493	0.617530785352608	0	0	0	0	0	0	0	0	0	0	0	0	0	0	0	0
0	0	0	0	0	0	0	0	0	0	0	0	0	0	0	0	0	0	0	0	0	0	0	0	0	0	0	0	0	0	0	0	0	0	0	0	0	0	0	0	0	0	0	0	0	0	0	0	0	0	0	0	0	0	0	0	0	0	0	0	0	0	0	0	0	0	0	0	0.545651169351965	0.600129609006302	0.602081330910501	0	0.594248241679564	0.96208100039592	0.542082296505019	0	0	0	0	0	0	0	0	0	0	0	0	0	0	0
0	0	0	0	0	0	0	0	0	0	0	0	0	0	0	0	0	0	0	0	0	0	0	0	0	0	0	0	0	0	0	0	0	0	0	0	0	0	0	0	0	0	0	0	0	0	0	0	0	0	0	0	0	0	0	0	0	0	0	0	0	0	0	0	0	0	0	0	0	0.702467026135663	0.898762613173971	0.982960004531897	0	0.73060253554552	0.685452610635243	0.786643026554258	0	0	0	0	0	0	0	0	0	0	0	0	0	0
0	0	0	0	0	0	0	0	0	0	0	0	0	0	0	0	0	0	0	0	0	0	0	0	0	0	0	0	0	0	0	0	0	0	0	0	0	0	0	0	0	0	0	0	0	0	0	0	0	0	0	0	0	0	0	0	0	0	0	0	0	0	0	0	0	0	0	0	0	0	0.847259228355446	0.964419736596316	0.511552280284298	0	0.56021100757602	0.598295259250046	0.653445507142209	0	0	0	0	0	0	0	0	0	0	0	0	0
0	0	0	0	0	0	0	0	0	0	0	0	0	0	0	0	0	0	0	0	0	0	0	0	0	0	0	0	0	0	0	0	0	0	0	0	0	0	0	0	0	0	0	0	0	0	0	0	0.540596279828571	0	0	0	0	0	0	0	0	0	0	0	0	0	0	0	0	0	0	0	0	0	0	0.543341118663477	0.93109584710865	0.552659310046791	0	0.63912079054895	0	0.669508981368201	0	0	0	0	0	0	0	0	0	0	0	0
0	0	0	0	0	0	0	0	0	0	0	0	0	0	0	0	0	0	0	0	0	0	0	0	0	0	0	0	0	0	0	0	0	0	0	0	0	0	0	0	0	0	0	0	0	0	0	0	0	0	0	0	0	0	0	0	0	0	0	0	0	0	0	0	0	0	0	0	0	0	0	0	0.739771101645647	0.91542630837076	0.801894530255232	0	0.789843675348916	0.789119847689101	0.806748088260306	0	0	0	0	0	0	0	0	0	0	0
0	0	0	0	0	0	0	0	0	0	0	0	0	0	0	0	0	0	0	0	0	0	0	0	0	0	0	0	0	0	0	0	0	0	0	0	0	0	0	0	0	0	0	0	0	0	0	0.560791828894822	0	0	0	0	0	0	0	0	0	0	0	0	0	0	0	0	0	0	0	0	0	0	0	0	0	0.960922742755887	0	0.82911980551159	0	0.761187510837974	0.855601402730621	0.549563687346734	0	0	0	0	0	0	0	0	0	0
0	0	0	0	0	0	0	0	0	0	0	0	0	0	0	0	0	0	0	0	0	0	0	0	0	0	0	0	0	0	0	0	0	0	0	0	0	0	0	0	0	0	0	0	0	0	0	0	0	0	0	0	0	0	0	0	0	0	0	0	0	0	0	0	0	0	0	0	0	0	0	0	0	0	0.72449900073042	0.611572491609833	0.909057909937881	0	0.641936098935632	0.581433145027251	0.933833659827721	0	0	0	0	0	0	0	0	0
0	0	0	0	0	0	0	0	0	0	0	0	0	0	0	0	0	0	0	0	0	0	0	0	0	0	0	0	0	0	0	0	0	0	0	0	0	0	0	0	0	0	0	0	0	0	0	0	0	0	0	0	0	0	0	0	0	0	0	0	0	0	0	0	0	0	0	0	0	0	0	0	0	0	0	0.857848024278281	0.638412846329492	0.689012955748795	0	0.928897326409806	0.984963948252391	0.815850983534134	0	0	0	0	0	0	0	0
0	0	0	0	0	0	0	0	0	0	0	0	0	0	0	0	0	0	0	0	0	0	0	0	0	0	0	0	0	0	0	0	0	0	0	0	0	0	0	0	0	0	0	0	0	0	0	0	0	0	0	0	0	0	0	0	0	0	0	0	0	0	0	0	0	0	0	0	0	0	0	0	0	0	0	0	0.508794671043577	0.745198738599749	0.511955442211318	0	0.822338748638207	0.665046992638751	0.517943840464065	0	0	0	0	0	0	0
0	0	0	0	0	0	0	0	0	0	0	0	0	0	0	0	0	0	0	0	0	0	0	0	0	0	0	0	0	0	0	0	0	0	0	0	0	0	0	0	0	0	0	0	0	0	0	0	0	0	0	0	0	0	0.579040874013343	0	0	0	0	0	0	0	0	0	0	0	0	0	0	0	0	0	0	0	0	0	0	0.563720718818514	0.873364428547314	0.731792783709598	0	0.576789680525291	0.558512478324786	0.652812570772394	0	0	0	0	0	0
0	0	0	0	0	0	0	0	0	0	0	0	0	0	0	0	0	0	0	0	0	0	0	0	0	0	0	0	0	0	0	0	0	0	0	0	0	0	0	0	0	0	0	0	0	0	0	0	0	0	0	0	0	0	0	0	0	0	0	0	0	0	0	0	0	0	0	0	0	0	0	0	0	0	0	0	0	0	0.647629833730847	0.731082491274644	0.531843446208113	0	0.939315810958242	0	0.564725432571144	0.695245524056965	0	0	0	0
0	0	0	0	0	0	0	0	0	0	0	0	0	0	0	0	0	0	0	0	0	0	0	0	0	0	0	0	0	0	0	0	0	0	0	0	0	0	0	0	0	0	0	0	0	0	0	0	0	0	0	0	0	0	0	0	0	0	0	0	0	0	0	0	0	0	0	0	0	0	0	0	0	0	0	0	0	0	0	0.800209252370101	0.699576513799167	0.801943729026569	0	0.764149550156996	0.581578308027218	0.59678972254038	0	0	0	0
0	0	0	0	0	0	0	0	0	0	0	0	0	0	0	0	0	0	0	0	0	0	0	0	0	0	0	0	0	0	0	0	0	0	0	0	0	0	0	0	0	0	0	0	0	0	0	0	0	0	0	0	0	0	0	0	0	0	0	0	0	0	0	0	0	0	0	0	0	0	0	0	0	0	0	0	0	0	0	0	0.699430665844173	0	0.607024048890501	0	0.691704214226804	0.808541388574883	0.730875773031877	0	0.792804311374316	0
0	0	0	0	0	0	0	0	0	0	0	0	0	0	0	0	0	0	0	0	0	0	0	0	0	0	0	0	0	0	0	0	0	0	0	0	0	0	0	0	0	0	0	0	0	0	0	0	0	0	0	0	0	0	0	0	0	0	0	0	0	0	0	0	0	0	0	0	0	0	0	0	0	0	0	0	0	0	0	0	0	0.985962117975782	0.946191039670442	0.761263744608327	0	0.832887835028442	0.627633772834675	0.721907247757612	0	0
0	0	0	0	0	0	0	0	0	0	0	0	0	0	0	0	0	0	0	0	0	0	0	0	0	0	0	0	0	0	0	0	0	0	0	0	0	0	0	0	0	0	0	0	0	0	0	0	0	0	0	0	0	0	0	0	0	0	0	0	0	0	0	0	0	0	0	0	0	0	0	0	0	0	0	0	0	0	0	0	0	0.691901992860181	0.800562817887906	0.871733694757702	0.885783994028903	0	0.746756021649828	0.880799098215751	0.927406689609632	0
0	0	0	0	0	0	0	0	0	0	0	0	0	0	0	0	0	0	0	0	0	0	0	0	0	0	0	0	0	0	0	0	0	0	0	0	0	0	0	0	0	0	0	0	0	0	0	0	0	0	0	0	0	0	0	0	0	0	0	0	0	0	0	0	0	0	0	0	0	0	0	0	0	0	0	0	0	0	0	0	0	0	0	0.674427339323988	0.55788232398846	0.587202039957174	0	0.983175333821148	0.572594112110912	0.549767079999401
0	0	0	0	0	0	0	0	0	0	0	0	0	0	0	0	0	0	0	0	0	0	0	0	0	0	0	0	0	0	0	0	0	0	0	0	0	0	0	0	0	0	0	0	0	0.500248517430097	0	0	0	0	0	0	0	0	0	0	0	0	0	0	0	0	0	0	0	0	0	0	0	0	0	0	0	0	0	0	0	0	0	0	0	0	0	0	0.613391937113846	0.584521797890391	0.704883754156916	0	0.727317327588633	0.538137517240467
0	0	0	0	0	0	0	0	0	0	0	0	0	0	0	0	0	0	0	0	0	0	0	0	0	0	0	0	0	0	0	0	0	0	0	0	0	0	0	0	0	0	0	0	0	0.846453930621139	0	0	0	0	0	0	0	0	0	0	0	0	0	0	0	0	0	0	0	0	0	0	0	0	0	0	0	0	0	0	0	0	0	0	0	0	0	0.720450647702577	0	0.986879350693764	0.926909051496444	0.744929248762038	0	0.908618073086201
0	0	0	0	0	0	0	0	0	0	0	0	0	0	0	0	0	0	0	0	0	0	0	0	0	0	0	0	0	0	0	0	0	0	0	0	0	0	0	0	0	0	0	0	0	0.768363367442687	0.99278581601043	0.853898683913607	0	0	0	0	0	0	0	0	0	0	0	0	0	0	0	0	0	0	0	0	0	0	0	0	0	0	0	0	0	0	0	0	0	0	0	0	0	0	0.613522967636918	0.603092843332164	0.983032116401323	0
