0	0.904386408922975	0.684965337642653	0.648565969174411	0	0	0	0	0	0	0	0	0	0	0	0	0	0	0	0	0	0	0	0	0	0	0	0	0	0	0	0	0	0	0	0	0	0	0	0	0	0	0.557681208781655	0.513493706212364	0.966574514971698	0	0	0	0	0	0	0	0	0	0	0	0	0	0	0	0	0	0	0	0	0	0	0	0	0	0	0	0	0	0	0	0	0	0	0	0	0	0	0	0	0	0	0	0	0
0.968987833912609	0	0.896123766397399	0.932138213262715	0.509585380910703	0	0	0	0	0	0	0	0	0	0	0	0	0	0	0	0	0	0	0	0	0	0	0	0	0	0	0	0	0	0	0	0	0	0	0	0	0	0	0.762376709323406	0.668710834880006	0	0	0	0	0	0	0	0	0	0	0	0	0	0	0	0	0	0	0	0	0	0	0	0	0	0	0	0	0	0	0	0	0	0	0	0	0	0	0	0	0	0	0	0	0
0.891749409146458	0.98096168432126	0	0.953202957101968	0.679073163685953	0.719534591414007	0	0	0	0	0	0	0	0	0	0	0	0	0	0	0	0	0	0	0	0	0	0	0	0	0	0	0	0	0	0	0	0	0	0	0	0	0	0	0.985375399307672	0	0	0	0	0	0	0	0	0	0	0	0	0	0	0	0	0	0	0	0	0	0	0	0	0	0	0	0	0	0	0	0	0	0	0	0	0	0	0	0	0	0	0	0	0
0.870357730851271	0.913120504135979	0.604724911619119	0	0.661977814220251	0.719120370979646	0.945280368952985	0	0	0	0	0	0	0	0	0	0	0	0	0	0	0	0	0	0	0	0	0	0	0	0	0	0	0	0	0	0	0	0	0	0	0	0	0	0	0	0	0	0	0	0	0	0	0	0	0	0	0	0	0	0	0	0	0	0	0	0	0	0	0	0	0	0	0	0	0	0	0	0	0	0	0	0	0	0	0	0	0	0	0
0	0.595410576573035	0.837370064338141	0.653292391170053	0	0.612505979865121	0.8682965489748	0.837684629869484	0	0	0	0	0	0	0	0	0	0	0	0	0	0	0	0	0	0	0	0	0	0	0	0	0	0	0	0	0	0	0	0	0	0	0	0	0	0	0	0	0	0	0	0	0	0	0	0	0	0	0	0	0	0	0	0	0	0	0	0	0	0	0	0	0	0	0	0	0	0	0	0	0	0	0	0	0	0	0	0	0	0
0	0	0.906859100758016	0.630494207836385	0.779023174174487	0	0.856206964255547	0.687547409240998	0.991950642081205	0	0	0	0	0	0	0	0	0	0	0	0	0	0	0	0	0	0	0	0	0	0	0	0	0	0	0	0	0	0	0	0	0	0	0	0	0	0	0	0	0	0	0	0	0	0	0	0	0	0	0	0	0	0	0	0	0	0	0	0	0	0	0	0	0	0	0	0	0	0	0	0	0	0	0	0	0	0	0	0	0
0	0	0	0.936891743328699	0.952788893551618	0.632735480881566	0	0.750654382961549	0.94989257928146	0.801609277180633	0	0	0	0	0	0	0	0	0	0	0	0	0	0	0	0	0	0	0	0	0	0	0	0	0	0	0	0	0	0	0	0	0	0	0	0	0	0	0	0	0	0	0	0	0	0	0	0	0	0	0	0	0	0	0	0	0	0	0	0	0	0	0	0	0	0	0	0	0	0	0	0	0	0	0	0	0	0	0	0
0	0	0	0	0.947116148435616	0.927356765112518	0.593469606222881	0	0.833804335249747	0.5498775148032	0.962144669292707	0	0	0	0	0	0	0	0	0	0	0	0	0	0	0	0	0	0	0	0	0	0	0	0	0	0	0	0	0	0	0	0	0	0	0	0	0	0	0	0	0	0	0	0	0	0	0	0	0	0	0	0	0	0	0	0	0	0	0	0	0	0	0	0	0	0	0	0	0	0	0	0	0	0	0	0	0	0	0
0	0	0	0	0	0.716970866431006	0.753272284676914	0.791020962306038	0	0.687621806173193	0.754096768684453	0.718263198985828	0	0	0	0	0	0	0	0	0	0	0	0	0	0	0	0	0	0	0	0	0	0	0	0	0	0	0	0	0	0	0	0	0	0	0	0	0	0	0	0	0	0	0	0	0	0	0	0	0	0	0	0	0	0	0	0	0	0	0	0	0	0	0	0	0	0	0	0	0	0	0	0	0	0	0	0	0	0
0	0	0	0	0	0	0.805013732700323	0.799446247977973	0.81444623664264	0	0.510273321857608	0.912733086111096	0.575058877175011	0	0	0	0	0	0	0	0	0	0	0	0	0	0	0	0	0	0	0	0	0	0	0	0	0	0	0	0	0	0	0	0	0	0	0	0	0	0	0	0	0	0	0	0	0	0	0	0	0	0	0	0	0	0	0	0	0	0	0	0	0	0	0	0	0	0	0	0	0	0	0	0	0	0	0	0	0
0	0	0	0	0	0	0	0.799190149136649	0.92375832017121	0.627469344040995	0	0.5770631947895	0.55933061835245	0.667889913276798	0	0	0	0	0	0	0	0	0	0	0	0	0	0	0	0	0	0	0	0	0	0	0	0	0	0	0	0	0	0	0	0	0	0	0	0	0	0	0	0	0	0	0	0	0	0	0	0	0	0	0	0	0	0	0	0	0	0	0	0	0	0	0	0	0	0	0	0	0	0	0	0	0	0	0	0
0	0	0	0	0	0	0	0	0.877184759879134	0.643403481125422	0.795778928443455	0	0.937173262153873	0.932629236142378	0.763395757043237	0	0	0	0	0	0	0	0	0	0	0	0	0	0	0	0	0	0	0	0	0	0	0	0	0	0	0	0	0	0	0	0	0	0	0	0	0	0	0	0	0	0	0	0	0	0	0	0	0	0	0	0	0	0	0	0	0	0	0	0	0	0	0	0	0	0	0	0	0	0	0	0	0	0	0
0	0	0	0	0	0	0	0	0	0.508473126781468	0.701447739526539	0.952605485915764	0	0.992017502114972	0.778430227064533	0.749034810935884	0	0	0	0	0	0	0	0	0	0	0	0	0	0	0	0	0	0	0	0	0	0	0	0	0	0	0	0	0	0	0	0	0	0	0	0	0	0	0	0	0	0	0	0	0	0	0	0	0	0	0	0	0	0	0	0	0	0	0	0	0	0	0	0	0	0	0	0	0	0	0	0	0	0
0	0	0	0	0	0	0	0	0	0	0.74427940842506	0.787308924023177	0.752525588596661	0	0.67819846911347	0.821723584043041	0.611184058722656	0	0	0	0	0	0	0	0	0	0	0	0	0	0	0	0	0	0	0	0	0	0	0	0	0	0	0	0	0	0	0	0	0	0	0	0	0	0	0	0	0	0	0	0	0	0	0	0	0	0	0	0	0	0	0	0	0	0	0	0	0	0	0	0	0	0	0	0	0	0	0	0	0
0	0	0	0	0	0	0	0	0	0	0	0.684352453445721	0.59633328647164	0.732280166717143	0	0.968277696892657	0.703453916333389	0.739304396964833	0	0	0	0	0	0	0	0	0	0	0	0	0	0	0	0	0	0	0	0	0	0	0	0	0	0	0	0	0	0	0	0	0	0	0	0	0	0	0	0	0	0	0	0	0	0	0	0	0	0	0	0	0	0	0	0	0	0	0	0	0	0	0	0	0	0	0	0	0	0	0	0
0	0	0	0	0	0	0	0	0	0	0	0	0.619048942682849	0.531204005442781	0.860090564730542	0	0.797217556327782	0.881196198078181	0.647371929557275	0	0	0	0	0	0	0	0	0	0	0	0	0	0	0	0	0	0	0	0	0	0	0	0	0	0	0	0	0	0	0	0	0	0	0	0	0	0	0	0	0	0	0	0	0	0	0	0	0	0	0	0	0	0	0	0	0	0	0	0	0	0	0	0	0	0	0	0	0	0	0
0	0	0	0	0	0	0	0	0	0	0	0	0	0.772076504319335	0.563129633360876	0.988191080480161	0	0.537254617621191	0.784783405423031	0.588079303690679	0	0	0	0	0	0	0	0	0	0	0	0	0	0	0	0	0	0	0	0	0	0	0	0	0	0	0	0	0	0	0	0	0	0	0	0	0	0	0	0	0	0	0	0	0	0	0	0	0	0	0	0	0	0	0	0	0	0	0	0	0	0	0	0	0	0	0	0	0	0
0	0	0	0	0	0	0	0	0	0	0	0	0	0	0.537179523452847	0.632889818945652	0.57739222836276	0	0.932743703554914	0.843784189327716	0.634819418936988	0	0	0	0	0	0	0	0	0	0	0	0	0	0	0	0	0	0	0	0	0	0	0	0	0	0	0	0	0	0	0	0	0	0	0	0	0	0	0	0	0	0	0	0	0	0	0	0	0	0	0	0	0	0	0	0	0	0	0	0	0	0	0	0	0	0	0	0	0
0	0	0	0	0	0	0	0	0	0	0	0	0	0	0	0.577903036681147	0.714336398685374	0.531215143362877	0	0.629946989752165	0.816482731085267	0.517110782327353	0	0	0	0	0	0	0	0	0	0	0	0	0	0	0	0	0	0	0	0	0	0	0	0	0	0	0	0	0	0	0	0	0	0	0	0	0	0	0	0	0	0	0	0	0	0	0	0	0	0	0	0	0	0	0	0	0	0	0	0	0	0	0	0	0	0	0	0
0	0	0	0	0	0	0	0	0	0	0	0	0	0	0	0	0.612480050714674	0.921693767482501	0.593084796734833	0	0.793684960870038	0.703405114657133	0.860218272257163	0	0	0	0	0	0	0	0	0	0	0	0	0	0	0	0	0	0	0	0	0	0	0	0	0	0	0	0	0	0	0	0	0	0	0	0	0	0	0	0	0	0	0	0	0	0	0	0	0	0	0	0	0	0	0	0	0	0	0	0	0	0	0	0	0	0	0
0	0	0	0	0	0	0	0	0	0	0	0	0	0	0	0	0	0.534920154600671	0.592868007214346	0.922508425584445	0	0.804899984289095	0.710413766634503	0.511074795187345	0	0	0	0	0	0	0	0	0	0	0	0	0	0	0	0	0	0	0	0	0	0	0	0	0	0	0	0	0	0	0	0	0	0	0	0	0	0	0	0	0	0	0	0	0	0	0	0	0	0	0	0	0	0	0	0	0	0	0	0	0	0	0	0	0	0
0	0	0	0	0	0	0	0	0	0	0	0	0	0	0	0	0	0	0.94645045760427	0.571882448156507	0.965448611183532	0	0.703499050072242	0.925456868090354	0.679538084984653	0	0	0	0	0	0	0	0	0	0	0	0	0	0	0	0	0	0	0	0	0	0	0	0	0	0	0	0	0	0	0	0	0	0	0	0	0	0	0	0	0	0	0	0	0	0	0	0	0	0	0	0	0	0	0	0	0	0	0	0	0	0	0	0	0
0	0	0	0	0	0	0	0	0	0	0	0	0	0	0	0	0	0	0	0.757477983461489	0.704631169381509	0.600726893276725	0	0.90079683081115	0.705655247914437	0.954539828382798	0	0	0	0	0	0	0	0	0	0	0	0	0	0	0	0	0	0	0	0	0	0	0	0	0	0	0	0	0	0	0	0	0	0	0	0	0	0	0	0	0	0	0	0	0	0	0	0	0	0	0	0	0	0	0	0	0	0	0	0	0	0	0	0
0	0	0	0	0	0	0	0	0	0	0	0	0	0	0	0	0	0	0	0	0.964559190450795	0.520389853964697	0.614663933179713	0	0.636055850990517	0.596223206895524	0.865751783694724	0	0	0	0	0	0	0	0	0	0	0	0	0	0	0	0	0	0	0	0	0	0	0	0	0	0	0	0	0	0	0	0	0	0	0	0	0	0	0	0	0	0	0	0	0	0	0	0	0	0	0	0	0	0	0	0	0	0	0	0	0	0	0
0	0	0	0	0	0	0	0	0	0	0	0	0	0	0	0	0	0	0	0	0	0.512221875435414	0.838707764286867	0.763068834003209	0	0.776864324026419	0.966175028991933	0.907353264591592	0	0	0	0	0	0	0	0	0	0	0	0	0	0	0	0	0	0	0	0	0	0	0	0	0	0	0	0	0	0	0	0	0	0	0	0	0	0	0	0	0	0	0	0	0	0	0	0	0	0	0	0	0	0	0	0	0	0	0	0	0	0
0	0	0	0	0	0	0	0	0	0	0	0	0	0	0	0	0	0	0	0	0	0	0.781007037927603	0.777300859799669	0.844755914161778	0	0.610983175209838	0.815558064882633	0.51005555158012	0	0	0	0	0	0	0	0	0	0	0	0	0	0	0	0	0	0	0	0	0	0	0	0	0	0	0	0	0	0	0	0	0	0	0	0	0	0	0	0	0	0	0	0	0	0	0	0	0	0	0	0	0	0	0	0	0	0	0	0	0
0	0	0	0	0	0	0	0	0	0	0	0	0	0	0	0	0	0	0	0	0	0	0	0.701177368317071	0.52908836008831	0.669314678271013	0	0.933949229441358	0.949073587892932	0.889948287200855	0	0	0	0	0	0	0	0	0	0	0	0	0	0	0	0	0	0	0	0	0	0	0	0	0	0	0	0	0	0	0	0	0	0	0	0	0	0	0	0	0	0	0	0	0	0	0	0	0	0	0	0	0	0	0	0	0	0	0	0
0	0	0	0	0	0	0	0	0	0	0	0	0	0	0	0	0	0	0	0	0	0	0	0	0.872011568867159	0.624364527699764	0.732880091477561	0	0.780176995123463	0.607486976122803	0.525405458598685	0	0	0	0	0	0	0	0	0	0	0	0	0	0	0	0	0	0	0	0	0	0	0	0	0	0	0	0	0	0	0	0	0	0	0	0	0	0	0	0	0	0	0	0	0	0	0	0	0	0	0	0	0	0	0	0	0	0	0
0	0	0	0	0	0	0	0	0	0	0	0	0	0	0	0	0	0	0	0	0	0	0	0	0	0.901145749627756	0.821015079634513	0.938692887923129	0	0.891078666868846	0	0.742734305210998	0	0	0	0.895360124175924	0	0	0	0	0	0	0	0	0	0	0	0	0	0	0	0	0	0	0	0	0	0	0	0	0	0	0	0	0	0	0	0	0	0	0	0	0	0	0	0	0	0	0	0	0	0	0	0	0	0	0	0	0	0
0	0	0	0	0	0	0	0	0	0	0	0	0	0	0	0	0	0	0	0	0	0	0	0	0	0	0.600932327302755	0.617585813077827	0.715440764822837	0	0.945211401444482	0.590178156578516	0.759695730361947	0	0	0	0	0	0	0	0	0	0	0	0	0	0	0	0	0	0	0	0	0	0	0	0	0	0	0	0	0	0	0	0	0	0	0	0	0	0	0	0	0	0	0	0	0	0	0	0	0	0	0	0	0	0	0	0	0
0	0	0	0	0	0	0	0	0	0	0	0	0	0	0	0	0	0	0	0	0	0	0	0	0	0	0	0.784899090322276	0	0.668603256620991	0	0.664028493650196	0.532871569073779	0.684808636126994	0	0	0	0	0	0	0	0	0	0	0	0	0	0	0	0	0	0	0	0	0	0	0	0	0	0	0	0	0	0	0	0	0	0	0	0	0	0	0	0	0	0	0	0	0	0	0	0	0	0	0	0	0	0	0	0
0	0	0	0	0	0	0	0	0	0	0	0	0	0	0	0	0	0	0	0	0	0	0	0	0	0	0	0	0.802114533384493	0.535799170096488	0.614825252886995	0	0.844710883957126	0.698487133398032	0.555004423728306	0	0	0	0	0	0	0	0	0	0	0	0	0	0	0	0	0	0	0	0	0	0	0	0	0	0	0	0	0	0	0	0	0	0	0	0	0	0	0	0	0	0	0	0	0	0	0	0	0	0	0	0	0	0	0
0	0	0	0	0	0	0	0	0	0	0	0	0	0	0	0	0	0	0	0	0	0	0	0	0	0	0	0	0	0.795400492277062	0.837494016963073	0.574857780956632	0	0.694801209028063	0.792658577693826	0.677430642125328	0	0	0	0	0	0	0	0	0	0	0	0	0	0	0	0	0	0	0	0	0	0	0	0	0	0	0	0	0	0	0	0	0	0	0	0	0	0	0	0	0	0	0	0	0	0	0	0	0	0	0	0	0	0
0	0	0	0	0	0	0	0	0	0	0	0	0	0	0	0	0	0	0	0	0	0	0	0	0	0	0	0	0	0	0.92304992179705	0.538389572893715	0.953750858507801	0	0.787994031229497	0.940226761057924	0.991169992900915	0	0	0	0	0	0	0	0	0	0	0	0	0	0	0	0	0	0	0	0	0	0	0	0	0	0	0	0	0	0	0	0	0	0	0	0	0	0	0	0	0	0	0	0	0	0	0	0	0	0	0	0	0
0	0	0	0	0	0	0	0	0	0	0	0	0	0	0	0	0	0	0	0	0	0	0	0	0	0	0	0	0	0	0	0.946326116360516	0.747469283290946	0.628670645471602	0	0.832670522799057	0.918234579856182	0.608778816243242	0	0	0	0	0	0	0	0	0	0	0	0	0	0	0	0	0	0	0	0	0	0	0	0	0	0	0	0	0	0	0	0	0	0	0	0	0	0	0	0	0	0	0	0	0	0	0	0	0	0	0	0
0	0	0	0	0	0	0	0	0	0	0	0	0	0	0	0	0	0	0	0	0	0	0	0	0	0	0	0	0.877545815546903	0	0	0	0.894449985278349	0.615019180961748	0.741098662884127	0	0.675796686138415	0.966089127991003	0.725839729735065	0	0	0	0	0	0	0	0	0	0	0	0	0	0	0	0	0	0	0	0	0	0	0	0	0	0	0	0	0	0	0	0	0	0	0	0	0	0	0	0	0	0	0	0	0	0	0	0	0	0	0
0	0	0	0	0	0	0	0	0	0	0	0	0	0	0	0	0	0	0	0	0	0	0	0	0	0	0	0	0	0	0	0	0	0.880490961768945	0.731377198007751	0.563826399579009	0	0.619413089514498	0.788537496878673	0.887756452169952	0	0	0	0	0	0	0	0	0	0	0	0	0	0	0	0	0	0	0	0	0	0	0	0	0	0	0	0	0	0	0	0	0	0	0	0	0	0	0	0	0	0	0	0	0	0	0	0	0	0
0	0	0	0	0	0	0	0	0	0	0	0	0	0	0	0	0	0	0	0	0	0	0	0	0	0	0	0	0	0	0	0	0	0	0.989669784729558	0.77087667367035	0.764076862154282	0	0.63060718851832	0.873309630448255	0.509547438965292	0	0	0	0	0	0	0	0	0	0	0	0	0	0	0	0	0	0	0	0	0	0	0	0	0	0	0	0	0	0	0	0	0	0	0	0	0	0	0	0	0	0	0	0	0	0	0	0	0
0	0	0	0	0	0	0	0	0	0	0	0	0	0	0	0	0	0	0	0	0	0	0	0	0	0	0	0	0	0	0	0	0	0	0	0.77471535974975	0.636534420436055	0.91375640281928	0	0.840345683748251	0.881182148534661	0.948356041249303	0	0	0	0	0	0	0	0	0	0	0	0	0	0	0	0	0	0	0	0	0	0	0	0	0	0	0	0	0	0	0	0	0	0	0	0	0	0	0	0	0	0	0	0	0	0	0	0
0	0	0	0	0	0	0	0	0	0	0	0	0	0	0	0	0	0	0	0	0	0	0	0	0	0	0	0	0	0	0	0	0	0	0	0	0.852386506451002	0.634602864875061	0.6098691326498	0	0.766708414653291	0.865762731280253	0.707748172897774	0	0	0	0	0	0	0	0	0	0	0	0	0	0	0	0	0	0	0	0	0	0	0	0	0	0	0	0	0	0	0	0	0	0	0	0	0	0	0	0	0	0	0	0	0	0	0
0	0	0	0	0	0	0	0	0	0	0	0	0	0	0	0	0	0	0	0	0	0	0	0	0	0	0	0	0	0	0	0	0	0	0	0	0	0.71528782580021	0.540074331950458	0.873335331705757	0	0.751401717303892	0.642031499700206	0.766137612888603	0	0	0	0	0	0	0	0	0	0	0	0	0	0	0	0	0	0	0	0	0	0	0	0	0	0	0	0	0	0	0	0	0	0	0	0	0	0	0	0	0	0	0	0	0	0
0	0	0	0	0	0	0	0	0	0	0	0	0	0	0	0	0	0	0	0	0	0	0	0	0	0	0	0	0	0	0	0	0	0	0	0	0	0	0.633634280648486	0.960861719796381	0.631403969666908	0	0.983418300417792	0.854185112683015	0.596818068917535	0	0	0	0	0	0	0	0	0	0	0	0	0	0	0	0	0	0	0	0	0	0	0	0	0	0	0	0	0	0	0	0	0	0	0	0	0	0	0	0	0	0	0	0	0
0.822374764280884	0	0	0	0	0	0	0	0	0	0	0	0	0	0	0	0	0	0	0	0	0	0	0	0	0	0	0	0	0	0	0	0	0	0	0	0	0	0	0.583155883905151	0.846978784508989	0.587977646347267	0	0.567879999046917	0.667357872667367	0	0	0	0	0	0	0	0	0	0	0	0	0	0	0	0	0	0	0	0	0	0	0	0	0	0	0	0	0	0	0	0	0	0	0	0	0	0	0	0	0	0	0	0	0
0.872228832336601	0.597101460734142	0	0	0	0	0	0	0	0	0	0	0	0	0	0	0	0	0	0	0	0	0	0	0	0	0	0	0	0	0	0	0	0	0	0	0	0	0	0	0.988388610758948	0.648276848551332	0.960426546782941	0	0.91733192673394	0	0	0	0	0	0	0	0	0	0	0	0	0	0	0	0	0	0	0	0	0	0	0	0	0	0	0	0	0	0	0	0	0	0	0	0	0	0	0	0	0	0	0	0	0
0.824917138475179	0.869869479323906	0.947250281078213	0	0	0	0	0	0	0	0	0	0	0	0	0	0	0	0	0	0	0	0	0	0	0	0	0	0	0	0	0	0	0	0	0	0	0	0	0	0	0.805260104708246	0.850164597983974	0.793567610529898	0	0	0	0	0	0	0	0	0	0	0	0	0	0	0	0	0	0	0	0	0	0	0	0	0	0	0	0	0	0	0	0	0	0	0	0	0	0	0	0	0	0	0	0	0	0
0	0	0	0	0	0	0	0	0	0	0	0	0	0	0	0	0	0	0	0	0	0	0	0	0	0	0	0	0	0	0	0	0	0	0	0	0	0	0	0	0	0	0	0	0	0	0.529990490065146	0.55972025518174	0	0	0.90083375031228	0	0.935494024125232	0.660068945412394	0.90026373932128	0	0.905229069926633	0	0	0	0	0	0	0.574875846053919	0	0	0	0	0	0	0	0	0	0	0	0	0	0	0	0	0	0	0	0	0.554483486604163	0.558969090414511	0	0	0	0
0	0	0	0	0	0	0	0	0	0	0	0	0	0	0	0	0	0	0	0	0	0	0	0	0	0	0	0	0	0	0	0	0	0	0	0	0	0	0	0	0	0	0	0	0	0.604588796067854	0	0	0	0.93811136342918	0	0.824892300572053	0.639357295724124	0.890405095799293	0	0	0	0.934718364167604	0	0	0	0	0.588877479906145	0	0	0.983853777957685	0	0	0.776442607691818	0	0	0	0.941178885439491	0	0	0	0	0	0.839512057940295	0	0	0	0	0.546309879031505	0.54866984511656	0	0	0	0	0
0	0	0	0	0	0	0	0	0	0	0	0	0	0	0	0	0	0	0	0	0	0	0	0	0	0	0	0	0	0	0	0	0	0	0	0	0	0	0	0	0	0	0	0	0	0.665854883125932	0	0	0	0.849901426942872	0.824996989411235	0	0	0	0.538453072823657	0	0	0.865096924692418	0.87173477822386	0	0.803034144767595	0	0.540008340676547	0	0	0.94752435671695	0	0.63603746837895	0	0	0	0	0.843465892528652	0	0.929531385985102	0	0.906024055947097	0	0	0	0.774992716635989	0	0	0	0.747257638770554	0	0.784456374180489	0.828409852835903	0.773970103007825	0
0	0	0	0	0	0	0	0	0	0	0	0	0	0	0	0	0	0	0	0	0	0	0	0	0	0	0	0	0	0	0	0	0	0	0	0	0	0	0	0	0	0	0	0	0	0	0	0	0	0	0.524396122403143	0.784991290096969	0.891909209820046	0	0	0	0.664407949744656	0	0	0	0.939175764464837	0.506992673055454	0.886164750684489	0	0	0	0.513668540407893	0.523854785682784	0.967990862825738	0	0.958042282013887	0	0	0	0	0	0	0	0.853203596676388	0.948603821938683	0.550253444961601	0	0	0	0.936312917480172	0.829832662958236	0	0	0	0
0	0	0	0	0	0	0	0	0	0	0	0	0	0	0	0	0	0	0	0	0	0	0	0	0	0	0	0	0	0	0	0	0	0	0	0	0	0	0	0	0	0	0	0	0	0	0.738799672958304	0.837523024942852	0	0	0	0.726232520719465	0	0	0	0	0	0.502735932174048	0	0.792624993104707	0.827774754751969	0	0.827301809929823	0	0.836698991762263	0	0	0	0.576481485715578	0	0	0	0	0	0	0	0.666025627650908	0	0	0.990920347688301	0.774883186239912	0	0	0.892497678173215	0	0	0.830802993562585	0	0	0
0	0	0	0	0	0	0	0	0	0	0	0	0	0	0	0	0	0	0	0	0	0	0	0	0	0	0	0	0	0	0	0	0	0	0	0	0	0	0	0	0	0	0	0	0	0.576995452831169	0	0.842048129150712	0.904903718480032	0	0	0.53041204491284	0.817995156115654	0	0	0.889563533682928	0	0	0	0	0	0	0	0	0	0	0	0	0	0	0	0.809314881408116	0.875057031574578	0	0	0	0.884279608843426	0	0	0.990844307158467	0	0	0	0	0	0	0	0.946754653681876	0	0
0	0	0	0	0	0	0	0	0	0	0	0	0	0	0	0	0	0	0	0	0	0	0	0	0	0	0	0	0	0	0	0	0	0	0	0	0	0	0	0	0	0	0	0	0	0	0.585360005641406	0	0.681706953328716	0.558700796571259	0.836836097715696	0	0	0	0	0	0	0.715533372335498	0	0.525556360213333	0	0.778671520146683	0	0	0	0	0.796859807507204	0.864426062638778	0	0	0	0	0.892104956027576	0	0	0	0	0	0	0	0	0	0	0	0	0.820823043561165	0.530711306715902	0	0	0
0	0	0	0	0	0	0	0	0	0	0	0	0	0	0	0	0	0	0	0	0	0	0	0	0	0	0	0	0	0	0	0	0	0	0	0	0	0	0	0	0	0	0	0	0	0.987032711316336	0.779314096596985	0	0.854146865631655	0	0.89934843085347	0	0	0	0	0	0	0	0	0	0.733809607199526	0.834174630098093	0	0	0.764378983754062	0	0	0	0.939302228596073	0	0	0.669223919392279	0	0	0	0	0	0.849334039370812	0.596477961581376	0	0.652672842772378	0	0.558097571964247	0	0	0	0	0	0	0.726446042279812
0	0	0	0	0	0	0	0	0	0	0	0	0	0	0	0	0	0	0	0	0	0	0	0	0	0	0	0	0	0	0	0	0	0	0	0	0	0	0	0	0	0	0	0	0	0.560397474479851	0.63997547588559	0	0	0	0	0	0	0	0	0.526063623433362	0	0	0	0	0.898379147511564	0.811670649891661	0	0.701947102647396	0	0.953971543025848	0.723220740784522	0	0	0	0	0	0	0.828891211742781	0	0	0	0.750131230230947	0	0.876472385911398	0	0	0	0	0	0.706613114876332	0	0	0	0
0	0	0	0	0	0	0	0	0	0	0	0	0	0	0	0	0	0	0	0	0	0	0	0	0	0	0	0	0	0	0	0	0	0	0	0	0	0	0	0	0	0	0	0	0	0.960722277280575	0	0.945255205306354	0	0	0	0	0	0	0	0	0	0	0.896768164980939	0.588862316887632	0	0.82213852221909	0	0	0	0	0	0.587731064606323	0	0	0	0	0	0.545244776901294	0	0.549516757101763	0.744878127561839	0	0	0	0	0	0	0	0	0.834361807322925	0.658264468465615	0	0	0
0	0	0	0	0	0	0	0	0	0	0	0	0	0	0	0	0	0	0	0	0	0	0	0	0	0	0	0	0	0	0	0	0	0	0	0	0	0	0	0	0	0	0	0	0	0	0	0	0	0	0.970403919525986	0	0	0.931057659114006	0	0	0	0.577821617900924	0	0.641421485608342	0	0	0	0.83815126453864	0	0	0	0	0	0.634735687196837	0.613030951469454	0	0	0.554916019152851	0.509961882623509	0	0.853899162477898	0	0	0	0.587088906896674	0	0	0	0	0	0	0	0.921328649938653	0
0	0	0	0	0	0	0	0	0	0	0	0	0	0	0	0	0	0	0	0	0	0	0	0	0	0	0	0	0	0	0	0	0	0	0	0	0	0	0	0	0	0	0	0	0	0.572551884201989	0	0	0.89863308067276	0	0	0	0	0	0	0	0	0.512439475450927	0	0	0.802844294900989	0	0.571188746811455	0	0	0.816783412128294	0	0	0.713286985665723	0	0	0	0	0	0	0	0	0	0	0.576282229069433	0	0	0	0.543913784610579	0	0	0	0	0	0
0	0	0	0	0	0	0	0	0	0	0	0	0	0	0	0	0	0	0	0	0	0	0	0	0	0	0	0	0	0	0	0	0	0	0	0	0	0	0	0	0	0	0	0	0	0	0.655217584506009	0.593305375291445	0	0.921459740997563	0	0.876178728049198	0	0	0	0.92806481171403	0.778086138881454	0	0	0	0.867629571232158	0	0	0	0	0	0.855349462061197	0.988095603044594	0.672154113805891	0.577249483381792	0.809545144699563	0.593068206691306	0.525766719726198	0	0	0	0	0	0	0	0	0	0	0.571978694546006	0.616581914694218	0	0	0.6431816461954	0	0.674074508025699
0	0	0	0	0	0	0	0	0	0	0	0	0	0	0	0	0	0	0	0	0	0	0	0	0	0	0	0	0	0	0	0	0	0	0	0	0	0	0	0	0	0	0	0	0	0	0	0.855287520423555	0	0	0	0	0	0	0.781823222047454	0	0	0	0	0	0	0	0	0.65919958159	0	0	0	0	0	0.899029457787768	0.582937283694908	0	0.781510594259972	0.646799742982269	0	0.938213092079526	0	0	0	0.517315368270991	0	0	0.724718278723892	0	0	0	0.839877755541919	0.761201504859149	0.650755006708047	0
0	0	0	0	0	0	0	0	0	0	0	0	0	0	0	0	0	0	0	0	0	0	0	0	0	0	0	0	0	0	0	0	0	0	0	0	0	0	0	0	0	0	0	0	0	0	0	0	0	0.580322793023731	0	0.732466157071807	0	0	0.988376501786162	0.626439183225472	0	0	0	0	0	0	0.981545952886471	0.678907372709977	0.510173672476801	0	0	0.558459328152032	0	0	0.977702242650392	0.863393965875726	0	0	0	0	0	0	0.576567342466079	0	0	0	0	0	0.743099784995566	0	0	0	0	0.980782142168519
0	0	0	0	0	0	0	0	0	0	0	0	0	0	0	0	0	0	0	0	0	0	0	0	0	0	0	0	0	0	0	0	0	0	0	0	0	0	0	0	0	0	0	0	0	0	0	0.823673017088667	0.717034242084475	0.832523546691813	0	0	0.718037363072778	0.715470459474035	0	0	0.760799221029673	0.685464950548334	0	0	0	0	0	0	0	0.817374115385027	0.765010718363017	0	0	0	0	0	0.782604369732984	0	0	0	0	0.612557183447883	0.634001461464923	0.802888216489049	0.654489778932654	0.504076149730055	0	0	0	0	0.692974627557768	0.880298395595198	0.712555890300111	0
0	0	0	0	0	0	0	0	0	0	0	0	0	0	0	0	0	0	0	0	0	0	0	0	0	0	0	0	0	0	0	0	0	0	0	0	0	0	0	0	0	0	0	0	0	0	0	0	0.812877978528381	0	0	0.821797756359365	0.809232038670085	0.589833985494179	0.65472362058825	0	0	0	0	0	0	0	0	0.816169034325715	0	0.906570118590068	0.558201955684862	0	0	0	0	0	0	0	0	0	0	0	0.725942371611602	0	0.613007438665677	0.825221949160278	0	0.82614953410428	0.722683239165959	0	0	0	0	0
0	0	0	0	0	0	0	0	0	0	0	0	0	0	0	0	0	0	0	0	0	0	0	0	0	0	0	0	0	0	0	0	0	0	0	0	0	0	0	0	0	0	0	0	0	0	0.951235620359782	0.690879079066426	0.836220044526228	0.7268599228596	0	0	0	0	0	0	0.798614053880936	0	0	0.697414493024678	0	0	0	0.559714416521549	0	0.734781631902239	0	0	0.716017928333292	0.54334240022422	0	0	0.771882800446272	0	0	0	0	0.732141552597968	0	0	0	0	0	0.748386945012444	0	0	0.552088267161628	0	0	0.943859542546878
0	0	0	0	0	0	0	0	0	0	0	0	0	0	0	0	0	0	0	0	0	0	0	0	0	0	0	0	0	0	0	0	0	0	0	0	0	0	0	0	0	0	0	0	0	0.823167053120649	0	0	0	0	0	0	0	0.724305788511169	0	0.689557125982752	0	0	0.742493587407977	0.589829158607304	0	0.588668971265295	0.53331253174948	0	0.831991328941283	0	0	0.718697312730523	0	0	0.867823181216761	0	0.742679010445875	0	0	0	0.994413392015853	0.867704858772875	0	0	0.781816467699782	0.884444387322714	0	0	0	0	0	0	0	0.792316726068995
0	0	0	0	0	0	0	0	0	0	0	0	0	0	0	0	0	0	0	0	0	0	0	0	0	0	0	0	0	0	0	0	0	0	0	0	0	0	0	0	0	0	0	0	0	0	0	0	0	0.880609365561685	0	0	0.78673535912716	0	0	0	0	0	0	0.674875413708016	0	0	0	0.654933913133693	0	0.893697698789527	0	0	0.642138982939851	0	0	0.808094152581738	0	0.836659780618103	0	0	0	0	0	0.65115191712858	0	0	0	0.799898454704726	0	0.9847898293284	0.847263923460663	0	0	0
0	0	0	0	0	0	0	0	0	0	0	0	0	0	0	0	0	0	0	0	0	0	0	0	0	0	0	0	0	0	0	0	0	0	0	0	0	0	0	0	0	0	0	0	0	0	0.980505834230355	0.818115863666278	0	0	0	0	0	0.799474443720861	0	0	0.878013623557585	0	0	0	0.631937611724519	0.505401748425323	0.510648685752071	0	0.515481663564583	0	0	0	0	0.597327877468461	0	0.537333844265554	0	0	0.510976436090083	0	0	0	0	0.702600066054251	0	0	0	0	0.962181696079376	0	0.680706302149019	0.707324052876523	0	0.695573135759304
0	0	0	0	0	0	0	0	0	0	0	0	0	0	0	0	0	0	0	0	0	0	0	0	0	0	0	0	0	0	0	0	0	0	0	0	0	0	0	0	0	0	0	0	0	0	0	0	0.691813134620128	0	0	0.603652454004706	0	0.711258043474392	0	0	0	0.824101947436346	0	0	0.890660773787801	0.625281997355822	0	0	0	0	0	0.552745018671981	0.597123371588401	0.765409409801605	0.808805883481027	0	0	0	0.808129091251445	0	0	0	0	0	0.784892079843564	0.618884055252688	0	0	0	0	0	0.828144810952291	0	0
0	0	0	0	0	0	0	0	0	0	0	0	0	0	0	0	0	0	0	0	0	0	0	0	0	0	0	0	0	0	0	0	0	0	0	0	0	0	0	0	0	0	0	0	0	0	0	0.633882371007513	0.72516305141943	0	0	0.733850962161727	0	0	0.838391248323779	0	0	0.652986901114771	0	0.587873202290586	0	0	0	0.808522651209226	0	0	0.928938483102561	0	0	0	0	0	0	0	0.713514154447967	0	0	0.514063926056433	0	0.701680153944507	0	0.652340875512216	0	0	0	0	0	0	0	0
0	0	0	0	0	0	0	0	0	0	0	0	0	0	0	0	0	0	0	0	0	0	0	0	0	0	0	0	0	0	0	0	0	0	0	0	0	0	0	0	0	0	0	0	0	0	0.553278074795038	0	0.654743383319959	0.573170751371056	0	0	0.912801424608097	0	0	0	0.604434810497756	0.729147896552957	0	0	0	0	0.768700990570921	0	0.948203827850338	0	0.971575748563435	0	0	0	0.803927176202257	0.864015774556181	0	0	0	0	0.648353077363563	0	0	0	0	0	0.723805660155346	0	0	0	0	0	0	0
0	0	0	0	0	0	0	0	0	0	0	0	0	0	0	0	0	0	0	0	0	0	0	0	0	0	0	0	0	0	0	0	0	0	0	0	0	0	0	0	0	0	0	0	0	0	0	0	0	0	0	0	0	0	0	0.898951845562538	0	0.895670511438198	0.732305914910707	0	0	0	0.63778471395543	0	0	0.5588871606837	0.730297853488511	0	0	0	0.990866822593252	0	0	0.692204443487696	0.503315114760308	0	0.849748103859864	0	0	0	0	0	0	0.769132310750273	0.666135313325837	0	0	0	0	0
0	0	0	0	0	0	0	0	0	0	0	0	0	0	0	0	0	0	0	0	0	0	0	0	0	0	0	0	0	0	0	0	0	0	0	0	0	0	0	0	0	0	0	0	0	0	0	0	0.713754867619264	0	0	0	0	0	0	0.64079276429726	0	0.687596675741779	0.766494582732971	0.831441636130277	0	0	0	0.787266594589936	0	0	0.92553334493843	0	0.649353721860577	0.669560981580917	0	0	0	0.74068594009139	0.829703338593429	0	0.804334856551618	0.78114609415238	0.875701936272364	0.723062234762916	0	0.749641332073493	0	0	0	0	0	0	0.584003518624104	0
0	0	0	0	0	0	0	0	0	0	0	0	0	0	0	0	0	0	0	0	0	0	0	0	0	0	0	0	0	0	0	0	0	0	0	0	0	0	0	0	0	0	0	0	0	0	0	0	0	0	0.955908368981611	0	0.514307809173997	0	0	0	0	0.978422272033517	0	0.743374148683259	0	0	0	0	0.747022856279786	0.73257788468435	0	0	0.861120681154204	0	0	0	0.931526975416103	0	0.618951285576182	0	0.854344245097908	0.599705695587069	0.895837199630964	0.627296298971647	0	0.860349957169524	0	0	0.62921834895841	0	0	0	0	0
0	0	0	0	0	0	0	0	0	0	0	0	0	0	0	0	0	0	0	0	0	0	0	0	0	0	0	0	0	0	0	0	0	0	0	0	0	0	0	0	0	0	0	0	0	0	0.968963951414066	0.990295675415362	0	0	0.694839696030619	0.670075690421004	0	0	0	0	0	0.804181161235948	0.870703291716153	0	0.736671036375404	0	0.801831711683603	0.913864339639886	0	0	0	0	0	0	0	0.523012812119712	0	0.879911884286105	0.856387805055159	0	0.847569057229242	0.819000044933851	0.522013525517682	0	0	0	0	0	0	0.709061286372225	0.959126377825102	0.991734292680222	0	0
0	0	0	0	0	0	0	0	0	0	0	0	0	0	0	0	0	0	0	0	0	0	0	0	0	0	0	0	0	0	0	0	0	0	0	0	0	0	0	0	0	0	0	0	0	0	0	0	0	0	0	0	0	0.892471986540351	0.781534525852982	0.570117337680354	0	0	0.989348288339733	0	0	0	0	0	0.511799424241626	0	0	0	0	0.693960685161225	0.715358079886477	0	0.622435965973608	0	0	0	0.966667897009838	0	0.995905908039908	0	0.673547937367854	0.941232975900185	0.509613521475532	0	0	0	0	0.539273037359367	0.873584161807026	0.653769175731638
0	0	0	0	0	0	0	0	0	0	0	0	0	0	0	0	0	0	0	0	0	0	0	0	0	0	0	0	0	0	0	0	0	0	0	0	0	0	0	0	0	0	0	0	0	0	0	0.993952258819563	0	0	0	0	0	0	0	0.757932662013469	0	0	0	0	0	0	0	0	0	0.548193290581188	0.969285839946619	0.855665891016395	0	0.789046039339566	0.71639157349818	0.886136478171138	0.682387907413995	0	0	0.618557131109847	0	0	0.683547753699205	0	0	0	0	0.560562103193479	0	0.644100080796865	0.816125664192097	0	0	0
0	0	0	0	0	0	0	0	0	0	0	0	0	0	0	0	0	0	0	0	0	0	0	0	0	0	0	0	0	0	0	0	0	0	0	0	0	0	0	0	0	0	0	0	0	0	0	0	0	0	0	0	0	0	0.628486566263594	0	0	0	0.68237104574409	0	0	0	0	0	0	0	0	0	0	0	0	0	0	0	0.81593648039248	0	0	0	0.617722537429584	0.718065945371831	0	0	0	0	0.939984232583536	0.596737246254661	0.941641166355324	0	0.70421059539263	0
0	0	0	0	0	0	0	0	0	0	0	0	0	0	0	0	0	0	0	0	0	0	0	0	0	0	0	0	0	0	0	0	0	0	0	0	0	0	0	0	0	0	0	0	0	0	0	0.826516386039678	0	0.621668153277012	0.940344010307645	0	0	0	0.840583573455065	0.741504444866258	0	0	0	0	0	0	0	0.922220660651315	0	0	0	0	0.975156425773553	0.562009285824611	0.829512330640177	0.626903986236518	0.567386874053986	0.886062746317058	0	0	0	0	0	0	0	0.888724808632305	0	0.920958916468701	0	0.962244515967868	0	0.76346537490628	0	0
0	0	0	0	0	0	0	0	0	0	0	0	0	0	0	0	0	0	0	0	0	0	0	0	0	0	0	0	0	0	0	0	0	0	0	0	0	0	0	0	0	0	0	0	0	0	0	0	0	0	0	0	0.504807045024338	0.841760901239385	0	0	0	0	0	0	0.514330601060952	0	0.776631430082241	0.998890173371263	0	0	0	0.989141307868212	0	0	0.918348761474592	0.794585593761143	0.769005544697386	0	0	0	0	0	0.997492925958857	0.770731748298501	0.681145478829611	0	0	0	0	0	0	0.914703269449726	0	0.609320825637434
0	0	0	0	0	0	0	0	0	0	0	0	0	0	0	0	0	0	0	0	0	0	0	0	0	0	0	0	0	0	0	0	0	0	0	0	0	0	0	0	0	0	0	0	0	0	0.936056115835428	0	0.526448010274431	0	0	0	0.653606448470239	0	0	0	0	0	0	0.979891473880357	0.820330155676193	0.691644654921816	0	0	0	0	0	0	0	0	0.880918231876436	0.97681682243859	0.801786670924125	0.90422530976383	0.597681998854481	0.636195422093831	0	0.75603572359789	0	0	0.526272460650868	0	0	0	0.586252451792838	0.709589161644742	0	0	0	0
0	0	0	0	0	0	0	0	0	0	0	0	0	0	0	0	0	0	0	0	0	0	0	0	0	0	0	0	0	0	0	0	0	0	0	0	0	0	0	0	0	0	0	0	0	0	0	0	0.876090810298717	0.921248569353356	0.724953210260748	0	0	0.804128792978211	0	0	0.633204874885165	0	0.778530168232638	0	0.722911724890116	0	0	0	0.899108137698323	0.771296205295672	0	0.917441935957529	0	0	0.798881530769098	0.60807720764893	0	0	0	0.804608962585367	0	0.703694231411861	0	0	0	0	0	0.790989763249842	0	0.526390418001356	0.711958760933405	0.893868554324064	0	0
0	0	0	0	0	0	0	0	0	0	0	0	0	0	0	0	0	0	0	0	0	0	0	0	0	0	0	0	0	0	0	0	0	0	0	0	0	0	0	0	0	0	0	0	0	0	0	0.881962353256254	0.674400168038724	0.610749648654264	0	0	0.769285499579156	0	0	0.590445160227925	0	0	0	0	0.636255335527246	0.932036178675651	0	0.773148507748292	0	0	0.531131882496388	0	0	0	0	0	0	0.57781348201578	0	0	0	0.639341732676245	0.785564321654359	0	0	0.71647443567498	0	0.594580684624885	0.525509641206678	0	0	0	0.964430769306948	0
0	0	0	0	0	0	0	0	0	0	0	0	0	0	0	0	0	0	0	0	0	0	0	0	0	0	0	0	0	0	0	0	0	0	0	0	0	0	0	0	0	0	0	0	0	0	0	0	0	0	0	0	0	0	0	0	0	0	0	0	0.711918519156245	0.782710903163507	0	0.996769106992618	0	0	0.794206785030184	0.625170337904572	0	0	0.563088084212429	0.75984344517849	0	0.759535614764429	0	0	0.936909809152115	0	0	0	0.740557806815333	0	0	0	0	0	0.941558458176823	0.616428108213618	0	0.948129107474107
0	0	0	0	0	0	0	0	0	0	0	0	0	0	0	0	0	0	0	0	0	0	0	0	0	0	0	0	0	0	0	0	0	0	0	0	0	0	0	0	0	0	0	0	0	0	0	0	0	0	0	0	0.831193701021244	0	0	0	0	0	0.997528245512669	0	0	0	0	0	0	0	0	0	0.745476795634991	0	0	0	0	0.602551195066157	0	0	0	0	0	0	0	0	0	0	0.673519733678941	0.908599039749592	0.725087438923134	0.757763553777902	0.65732594758801	0.941219533110842
0	0	0	0	0	0	0	0	0	0	0	0	0	0	0	0	0	0	0	0	0	0	0	0	0	0	0	0	0	0	0	0	0	0	0	0	0	0	0	0	0	0	0	0	0	0	0.912386834691553	0	0	0.974817350338681	0	0	0	0	0	0	0.621888205299086	0.986193473247357	0	0	0	0.521701600633315	0.693038321366634	0	0.627375783685068	0	0	0	0	0.562908019843444	0	0	0	0	0.501056479584431	0	0.550820994999865	0	0	0.677498729591786	0.584050940676915	0	0	0	0.69031505536316	0	0	0	0.901501980990984	0
0	0	0	0	0	0	0	0	0	0	0	0	0	0	0	0	0	0	0	0	0	0	0	0	0	0	0	0	0	0	0	0	0	0	0	0	0	0	0	0	0	0	0	0	0	0.500989686336893	0.712506615270787	0.584188922272694	0.509902850421196	0	0	0	0	0	0	0	0	0.801087458876699	0	0.979302679905811	0	0.869221304521996	0	0	0	0.825780949135652	0	0	0	0.917318647471909	0	0.70431591025343	0	0	0	0.650605810421307	0	0	0.913292310219929	0	0.878056310204823	0	0.91108577346565	0.967821247178243	0	0.953118457385822	0	0	0	0.839582757183812
0	0	0	0	0	0	0	0	0	0	0	0	0	0	0	0	0	0	0	0	0	0	0	0	0	0	0	0	0	0	0	0	0	0	0	0	0	0	0	0	0	0	0	0	0	0.912838299418141	0	0	0.70347659472543	0	0	0.916315935018742	0	0.734294511431733	0.618421730234365	0	0	0	0	0	0	0	0	0	0.942519680668537	0	0	0	0	0	0	0	0.976396434383791	0	0.52006410605289	0.578519135933421	0.502400991359796	0	0.587150592582316	0.956000869751382	0	0	0.513212111278596	0	0.568711406301062	0	0	0	0	0
0	0	0	0	0	0	0	0	0	0	0	0	0	0	0	0	0	0	0	0	0	0	0	0	0	0	0	0	0	0	0	0	0	0	0	0	0	0	0	0	0	0	0	0	0	0	0	0.93984855934104	0	0.983508765800903	0	0.6305676853552	0	0	0.524943120053695	0	0	0	0.859657271781382	0	0.62415717015009	0	0.801157259501972	0	0.55820707207765	0.697693472876884	0	0	0	0	0	0	0.627600257974029	0	0.8601015917565	0.762114056951575	0	0	0	0.547360445742929	0	0.505521781806878	0.690316001682427	0	0	0	0	0	0	0.643166191505176
0	0	0	0	0	0	0	0	0	0	0	0	0	0	0	0	0	0	0	0	0	0	0	0	0	0	0	0	0	0	0	0	0	0	0	0	0	0	0	0	0	0	0	0	0	0	0	0.8635703909238	0	0	0.820025537908057	0	0	0	0	0	0	0.77952143362823	0.560228140488666	0	0.539221362862111	0	0	0	0	0.581321204853579	0.783138711140467	0	0	0	0	0	0.605573419870594	0.501536879435202	0	0	0.592854611219715	0.747065058116445	0	0.641069637350841	0	0.661519998436591	0.983339009006032	0	0	0	0	0	0	0.912746481093365
0	0	0	0	0	0	0	0	0	0	0	0	0	0	0	0	0	0	0	0	0	0	0	0	0	0	0	0	0	0	0	0	0	0	0	0	0	0	0	0	0	0	0	0	0	0	0	0.950968032848933	0	0	0	0	0	0	0	0.832861455030249	0	0	0.581913579147892	0	0.748227399654106	0	0	0	0	0	0	0	0	0	0.882986804351359	0	0	0.961845882869701	0	0.632897387340077	0	0	0	0	0.741397454985931	0	0.522161455925804	0.956631818964689	0	0	0	0	0	0.564324102444356
0	0	0	0	0	0	0	0	0	0	0	0	0	0	0	0	0	0	0	0	0	0	0	0	0	0	0	0	0	0	0	0	0	0	0	0	0	0	0	0	0	0	0	0	0	0	0	0	0	0	0	0	0.989935925540745	0	0	0	0	0.577608542074082	0	0.621511180297044	0	0	0.835631534362238	0.992399264164466	0	0.964321387488555	0	0	0	0	0	0	0	0.728900537696626	0	0	0	0.982800036903276	0	0	0	0.748710329855014	0.993908728539817	0	0.743858674702037	0	0.708229694500352	0.626351804951204	0.973489756712471	0
