0	0.718703517233188	0.527883275175025	0.55260083675323	0.893548915187133	0.653369767745201	0.687013157932748	0.790539649177243	0	0	0	0	0	0	0	0	0	0	0	0	0	0	0	0	0	0	0	0	0	0	0	0	0	0	0	0	0	0	0.698073192216769	0.793260218907302	0.91137912099407	0.701211442754355	0.657973471160088	0.860833257140339	0.60441784921033	0	0	0	0	0	0	0	0	0	0	0	0	0	0	0	0	0	0	0	0	0	0	0	0	0	0	0	0	0	0	0	0	0	0	0	0	0	0	0	0	0	0	0	0	0
0.837804259291216	0	0.731037887591458	0.933062461146156	0.789916946252171	0.629231493958246	0.56903344596034	0.766028685732059	0.812283305948075	0	0	0	0	0	0	0	0	0	0	0	0	0	0	0	0	0	0	0	0	0	0	0	0	0	0	0	0	0	0	0.512492346430313	0.67978585135434	0.726347248722317	0.56295774984332	0.8526758914239	0.854069638436963	0	0	0	0	0	0	0	0	0	0	0	0	0	0	0	0	0	0	0	0	0	0	0	0	0	0	0	0	0	0	0	0	0	0	0	0	0	0	0	0	0	0	0	0	0
0.919670021196092	0.702971628075036	0	0.641864797782621	0.894470052880751	0.821077409381738	0.990481134771987	0.661679909700111	0.739956072629123	0.634907150159827	0	0	0	0	0	0	0	0	0	0	0	0	0	0	0	0	0	0	0	0	0	0	0.9809453782192	0	0	0	0	0	0	0	0.500321598310804	0.521199338632158	0.501048596339587	0.791881940507506	0.890667975249065	0	0	0	0	0	0	0	0	0	0	0	0	0	0	0	0	0	0	0	0	0	0	0	0	0	0	0	0	0	0	0	0	0	0	0	0	0	0	0	0	0	0	0	0	0
0.845323016700383	0.936355645341408	0.583927959076833	0	0.813944521991955	0.716826236438157	0.645293531711656	0.992311813532497	0.959842127748885	0.555106228190213	0.537024027993915	0	0	0	0	0	0	0	0	0	0	0	0	0	0	0	0	0	0	0	0	0	0	0	0	0	0	0	0	0	0	0.560311543593454	0.52586285428643	0.648469781139755	0.570381289570225	0	0	0	0	0	0	0	0	0	0	0	0	0	0	0	0	0	0	0	0	0	0	0	0	0	0	0	0	0	0	0	0	0	0	0	0	0	0	0	0	0	0	0	0	0
0.611978856587578	0.977451197163774	0.729535173828434	0.53496423045966	0	0.622652918461954	0.842021304581998	0.540849517707238	0.627607213383775	0.550535602827867	0.653520201113093	0.533620477374643	0	0	0	0	0	0	0	0	0	0	0	0	0	0	0	0	0	0	0	0	0	0	0	0	0	0	0	0	0	0	0.701894071763728	0.630078082767416	0.552785464547267	0	0	0	0	0	0	0	0	0	0	0	0	0	0	0	0	0	0	0	0	0	0	0	0	0	0	0	0	0	0	0	0	0	0	0	0	0	0	0	0	0	0	0	0	0
0.981985001898658	0.766707641154534	0.970729910823368	0.667016325088416	0.909877697503674	0	0.756555112472064	0.555631950018574	0.713643616861653	0.848002141712383	0.88694505759561	0.707579217823057	0.836677467140513	0	0	0	0	0	0	0	0	0	0	0	0	0	0	0	0	0	0	0	0	0	0	0	0	0	0	0	0	0	0	0.870978443325279	0.936114959422789	0	0	0	0	0	0	0	0	0	0	0	0	0	0	0	0	0	0	0	0	0	0	0	0	0	0	0	0	0	0	0	0	0	0	0	0	0	0	0	0	0	0	0	0	0
0.68799293438629	0.753984459708868	0.504149708421912	0.785389132237004	0.812697052064494	0.929579760366928	0	0.691029535233413	0.715190450830854	0.568205579521617	0.832193092779033	0.572540613273574	0.699330922210197	0.821703767357354	0	0	0	0	0	0	0	0	0	0	0	0	0	0	0.555244422772904	0	0	0	0	0	0	0	0	0	0	0	0	0	0	0	0.927785184177365	0	0	0	0	0	0	0	0	0	0	0	0	0	0	0	0	0	0	0	0	0	0	0	0	0	0	0	0	0	0	0	0	0	0	0	0	0	0	0	0	0	0	0	0	0
0.64080078601372	0.848022978042247	0.531870392975708	0.805937416814496	0.503857555633245	0.596386745100097	0.852425112965874	0	0.593584887137759	0.61081590761092	0.979517574326108	0.659329984280996	0.886446319275634	0.50603971583093	0.649381124342739	0	0	0	0	0	0	0	0	0	0	0	0	0	0	0	0	0	0	0	0	0	0	0	0	0	0	0	0	0	0	0	0	0	0	0	0	0	0	0	0	0	0	0	0	0	0	0	0	0	0	0	0	0	0	0	0	0	0	0	0	0	0	0	0	0	0	0	0	0	0	0	0	0	0	0
0	0.506619540836915	0.990517128832572	0.777223436975909	0.725822417531575	0.661503542785893	0.96923070856095	0.758272684994391	0	0.81640622888555	0.788532232156169	0.543309209527411	0.536679341286929	0.667258149901335	0.822732014113795	0.92920696789487	0	0	0	0	0	0	0	0	0	0	0	0	0	0	0	0	0	0	0	0	0	0	0	0	0	0	0	0	0	0	0	0	0	0	0	0	0	0	0	0	0	0	0	0	0	0	0	0	0	0	0	0	0	0	0	0	0	0	0	0	0	0	0	0	0	0	0	0	0	0	0	0	0	0
0	0	0.679751104036105	0.7563524390931	0.578137407527622	0.937235940851752	0.974355236595999	0.569086077357816	0.547277406539475	0	0.978959879738743	0.838273089826377	0.529085801749984	0.976032406072574	0.861712635221041	0	0.887835356682904	0	0.51175076917538	0	0	0	0	0	0	0	0	0	0	0	0	0	0	0	0	0	0	0	0	0	0	0	0	0	0	0	0	0	0	0	0	0	0	0	0	0	0	0	0	0	0	0	0	0	0	0	0	0	0	0	0	0	0	0	0	0	0	0	0	0	0	0	0	0	0	0	0	0	0	0
0	0	0	0.842313656273531	0.819659829680535	0.732455973716757	0.865017222016456	0.655384160224352	0.507022044969001	0.59296984534609	0	0.745521168186149	0.627074810321189	0.521248923771817	0.947704356820625	0.680102960881698	0.960500169707513	0.857466203142088	0	0	0	0	0	0	0	0	0	0	0	0	0	0	0	0	0	0	0	0	0	0	0	0	0	0	0	0	0	0	0	0	0	0	0	0	0	0	0	0	0	0	0	0	0	0	0	0	0	0	0	0	0	0	0	0	0	0	0	0	0	0	0	0	0	0	0	0	0	0	0	0
0	0	0	0	0.650472788083739	0.730990366417026	0.991445058881286	0.825671062218332	0.731431617244957	0.508000114687386	0.684703231338159	0	0.53904452831343	0.529954733540974	0.85975170390664	0.735962259482813	0.596531970714487	0.958218798191972	0.716128452916548	0	0	0	0	0	0	0	0	0	0	0	0	0	0	0	0	0	0	0	0	0	0	0	0	0	0	0	0	0	0	0	0	0	0	0	0	0	0	0	0	0	0	0	0	0	0	0	0	0	0	0	0	0	0	0	0	0	0	0	0	0	0	0	0	0	0	0	0	0	0	0
0	0	0	0	0	0.73502290050164	0.730776981908136	0.756082114039758	0.751365829953145	0.706522899521356	0.817426662715913	0.916882611668402	0	0	0.809061700074468	0.729712291905412	0.539141905161218	0.979957397462563	0.579314297238436	0.772555149430855	0	0	0	0	0	0	0	0	0	0	0	0	0	0	0	0	0	0	0.869756921841314	0	0	0	0	0	0	0	0	0	0	0	0	0	0	0	0	0	0	0	0	0	0	0	0	0	0	0	0	0	0	0	0	0	0	0	0	0	0	0	0	0	0	0	0	0	0	0	0	0	0	0
0	0	0	0	0	0	0.978956944698488	0.934287570825417	0.686137426712053	0.589960952658806	0.771072247685091	0.553799223034537	0	0	0.534000754523231	0.853620837966883	0.981666745753484	0.66547962232169	0.898903595929288	0.683733782769595	0.95129339864647	0	0	0	0	0	0	0	0	0	0	0	0	0	0	0	0	0	0	0	0	0	0	0	0	0	0	0	0	0	0	0	0	0	0	0	0	0	0	0	0	0	0	0	0	0	0	0	0	0	0	0	0	0	0	0	0	0	0	0	0	0	0	0	0	0	0	0	0	0
0	0	0	0	0	0	0	0.512264200090129	0.80019980492084	0.565934306205114	0.995269635776903	0.715438591332447	0.652705056959951	0.61425983183204	0	0.895624509025318	0.509252303054916	0.924696109526518	0.838224291750753	0.606289933118582	0.68593157386956	0.541631691831573	0	0	0	0	0	0	0	0	0	0	0	0	0	0	0	0	0	0	0	0	0	0	0	0	0	0	0	0	0	0	0	0	0	0	0	0	0	0	0	0	0	0	0	0	0	0	0	0	0	0	0	0	0	0	0	0	0	0	0	0	0	0	0	0	0	0	0	0
0	0	0	0	0	0	0	0	0.793268527504349	0	0.880608410947174	0.783785508716443	0.803173792691552	0.609204110021398	0.589806157056625	0	0.738687926766981	0.641753860946396	0.84944742028291	0.96200872347076	0.700714738108244	0.914557359177657	0.945245864444845	0	0	0	0	0	0	0	0	0	0	0	0	0	0	0	0	0	0	0	0	0	0	0	0	0	0	0	0	0	0	0	0	0	0	0	0	0	0	0	0	0	0	0	0	0	0	0	0	0	0	0	0	0	0	0	0	0	0	0	0	0	0	0	0	0	0	0
0	0	0	0	0	0	0	0	0	0.597379753684895	0.65599932147464	0.63660426485931	0.972056943539498	0.550009697498624	0.54932326959898	0.651111307575379	0	0.900736456414366	0.868779907668104	0.686393614445847	0.989577687380214	0.926795126164274	0.928913967350791	0.862890883055087	0	0	0	0	0	0	0	0	0	0	0	0	0	0	0	0	0	0	0	0	0	0	0	0	0	0	0	0	0	0	0	0	0	0	0	0	0	0	0	0	0	0	0	0	0	0	0	0	0	0	0	0	0	0	0	0	0	0	0	0	0	0	0	0	0	0
0	0	0	0	0	0	0	0	0	0	0.511198010673047	0.682401716178836	0.66527687493277	0.732871738881682	0.828721885520855	0.66376378440237	0.583637844745697	0	0.815683712430649	0.922181474339001	0.600113670800076	0.971620474650235	0.629480857360535	0.557744216055718	0.835655822598719	0	0	0	0	0	0	0	0	0	0	0	0	0	0	0	0	0	0	0	0	0	0	0	0	0	0	0	0	0	0	0	0	0	0	0	0	0	0	0	0	0	0	0	0	0	0	0	0	0	0	0	0	0	0	0	0	0	0	0	0	0	0	0	0	0
0	0	0	0	0	0	0	0	0	0.53513432652475	0	0.721881207295667	0.948718143874214	0.769280230853586	0.531822223579407	0.579873790578799	0.953106273162906	0.505366108607393	0	0.963968304885374	0.617055276441265	0.813916722504513	0.543190557414118	0.671476965481637	0.900138822156115	0.609646004834984	0	0	0	0	0	0	0	0	0	0	0	0	0	0	0	0	0	0	0	0	0	0	0	0	0	0	0	0	0	0	0	0	0	0	0	0	0	0	0	0	0	0	0	0	0	0	0	0	0	0	0	0	0	0	0	0	0	0	0	0	0	0	0	0
0	0	0	0	0	0	0	0	0	0	0	0	0.695415444148395	0.770108526034421	0.80996250068483	0.906741458501819	0.961818852970466	0.88977950046659	0.680880615312524	0	0.87619983180389	0.721228836020682	0.74643756559719	0.99075298979557	0.938552695556311	0.615016664421821	0.692285252183958	0	0	0	0	0	0	0	0	0	0	0	0	0	0	0	0	0	0	0	0	0	0	0	0	0	0	0	0	0	0	0	0	0	0	0	0	0	0	0	0	0	0	0	0	0	0	0	0	0	0	0	0	0	0	0	0	0	0	0	0	0	0	0
0	0	0	0	0	0	0	0	0	0	0	0	0	0.893623044241773	0.551284644694597	0.992772795290947	0.54985791831893	0.668988210682862	0.907240084104346	0.943209777296385	0	0.927469062083239	0.631875932933496	0.927223385632082	0.67317534468311	0.563066995731824	0.849632080492283	0.585071174803506	0	0	0	0	0	0	0	0	0	0	0	0	0	0	0	0	0	0	0	0	0	0	0	0	0	0	0	0	0	0	0	0	0	0	0	0	0	0	0	0	0	0	0	0	0	0	0	0	0	0	0	0	0	0	0	0	0	0	0	0	0	0
0	0	0	0	0	0	0	0	0	0	0	0	0	0	0.742773019005371	0.671063854318984	0.691915460783085	0.860590781835044	0.786183392752984	0.861213221327861	0.59534371772232	0	0.679003657986975	0.96942105369321	0.548306261235959	0.789177707605731	0.888683159380547	0.858856726398501	0.896723468958023	0	0	0	0	0	0	0	0	0	0	0	0	0	0	0	0	0	0	0	0	0	0	0	0	0	0	0	0	0	0	0	0	0	0	0	0	0	0	0	0	0	0	0	0	0	0	0	0	0	0	0	0	0	0	0	0	0	0	0	0	0
0	0	0	0	0	0	0	0	0	0	0	0	0	0	0	0.598971189680896	0.593691543198099	0.958004610226421	0.511772232161411	0.991937796747339	0.720793711560932	0.550400186553563	0	0.610732892359204	0.82577332890551	0.60643484823438	0.617920051139906	0.910674669833931	0.851005640510616	0.775513672411715	0	0	0	0	0	0	0	0	0	0	0	0	0	0	0	0	0	0	0	0	0	0	0	0	0	0	0	0	0	0	0	0	0	0	0	0	0	0	0	0	0	0	0	0	0	0	0	0	0	0	0	0	0	0	0	0	0	0	0	0
0	0	0	0	0	0	0	0	0	0	0	0	0	0	0	0	0.502669473396972	0.876049630360013	0.820793690086027	0.943996237928271	0.869178905025017	0.810992615279138	0.527729620563887	0	0.993270597211289	0.72520507059735	0.87384223342588	0.735240848230827	0.529707405519562	0.856182249154745	0.927013489517007	0	0	0	0	0	0	0	0	0	0	0	0	0	0	0	0	0	0	0	0	0	0	0	0	0	0	0	0	0	0	0	0	0	0	0	0	0	0	0	0	0	0	0	0	0	0	0	0	0	0	0	0	0	0	0	0	0	0	0
0	0	0	0	0	0	0	0	0	0	0	0	0	0	0	0	0	0.898774309422654	0.686074323909023	0.635096527782335	0.560986986265795	0.59757318055705	0.955104813899176	0.855928415538529	0	0.895212140421811	0.507167537958312	0.669082679070474	0.655005674405399	0.799624286768534	0.647400677770314	0.880795193902091	0	0	0	0	0	0	0	0	0	0	0	0	0	0	0	0	0	0	0	0	0	0	0	0	0	0	0	0	0	0	0	0	0	0	0	0	0	0	0	0	0	0	0	0	0	0	0	0	0	0	0	0	0	0	0	0	0	0
0	0	0	0	0	0	0	0	0	0	0	0	0	0	0	0	0	0	0.930275323815018	0.965269165431508	0.87449476400537	0.565938701767482	0.681697460851855	0.919792637355746	0.949545413504504	0	0.792858700436809	0.805512765745918	0.615322840114808	0.908282374322383	0.948076053354418	0.819008810876077	0.879757616254026	0	0	0	0	0	0	0	0	0	0	0	0	0	0	0	0	0	0	0	0	0	0	0	0	0	0	0	0	0	0	0	0	0	0	0	0	0	0	0	0	0	0	0	0	0	0	0	0	0	0	0	0	0	0	0	0	0
0	0	0	0	0	0	0	0	0	0	0	0	0	0	0	0	0	0	0	0.630964190980564	0.909053149434177	0.798355874207763	0.658390646639645	0.506865414346431	0.807111316296364	0.698110431122313	0	0.644022353327817	0.792484048064899	0.528286493373797	0.503603922502343	0.823272295600948	0.945527604385524	0.596362486471477	0	0	0	0	0	0	0	0	0	0	0	0	0	0	0	0	0	0	0	0	0	0	0	0	0	0	0	0	0	0	0	0	0	0	0	0	0	0	0	0	0	0	0	0	0	0	0	0	0	0	0	0	0	0	0	0
0	0	0	0	0	0	0	0	0	0	0	0	0	0	0	0	0	0	0	0	0.940193610038855	0.825751706902091	0.766068438236158	0.979840282943621	0.596505511821519	0.847472899806769	0.977456150993232	0	0.897279086549403	0.790411177097241	0.602653149772767	0.974987039633657	0.926646635916641	0.743584201908469	0.969425530238626	0	0	0	0	0	0	0	0	0	0	0	0	0	0	0	0	0	0	0	0	0	0	0	0	0	0	0	0	0	0	0	0	0	0	0	0	0	0	0	0	0	0	0	0	0	0	0	0	0	0	0	0	0	0	0
0	0	0	0	0	0	0.730778956626794	0	0	0	0	0	0	0	0	0	0	0	0	0	0	0.625738267711183	0.600315558996416	0.691903617339743	0.758819016002715	0.885948352311709	0.702628087938557	0.512598720925051	0	0	0.695152093646984	0.552494350463075	0.589423619491848	0.513647635209495	0.558988102870396	0	0.646605971509621	0	0	0	0	0	0	0	0	0	0	0	0	0	0	0	0	0	0	0	0	0	0	0	0	0	0	0	0	0	0	0	0	0	0	0	0	0	0	0	0	0	0	0	0	0	0	0	0	0	0	0	0	0
0	0	0	0	0	0	0	0	0	0	0	0	0	0	0	0	0	0	0	0	0	0	0.513091407295055	0.653817379150672	0.860198699965448	0.701379883683843	0.726060340140612	0.747740349468579	0	0	0.762192767382943	0.696583943654977	0.582000025828448	0.975565538673682	0.893189516897932	0.902719361272832	0.985225074204073	0	0	0	0	0	0	0	0	0	0	0	0	0	0	0	0	0	0	0	0	0	0	0	0	0	0	0	0	0	0	0	0	0	0	0	0	0	0	0	0	0	0	0	0	0	0	0	0	0	0	0	0	0
0	0	0	0	0	0	0	0	0	0	0	0	0	0	0	0	0	0	0	0	0	0	0	0.501569463760004	0.580556554749647	0.807736238967324	0.662714297485218	0.813824576662967	0.578722519394597	0.832907310890023	0	0.554554297136225	0.912470961286766	0.931195123517245	0.69778843351499	0.516531437475506	0.732757994840576	0.812447900977209	0	0	0	0	0	0	0	0	0	0	0	0	0	0	0	0	0	0	0	0	0	0	0	0	0	0	0	0	0	0	0	0	0	0	0	0	0	0	0	0	0	0	0	0	0	0	0	0	0	0	0	0
0	0	0	0	0	0	0	0	0	0	0	0	0	0	0	0	0	0	0	0	0	0	0	0	0.826563858128021	0.682540598254248	0.660499958301315	0.965998515262865	0.68839708008853	0.693465791018799	0.633700668349291	0	0.875976899795514	0.685844918945489	0.867517272298215	0.65637723757952	0.949839894168268	0.549512947324602	0.752282935700387	0	0	0	0	0	0	0	0	0	0	0	0	0	0	0	0	0	0	0	0	0	0	0	0	0	0	0	0	0	0	0	0	0	0	0	0	0	0	0	0	0	0	0	0	0	0	0	0	0	0	0
0	0	0.778349456778875	0	0	0	0	0	0	0	0	0	0	0	0	0	0	0	0	0	0	0	0	0	0	0.663968294079319	0.963214352025262	0.699500473498295	0.889333533470073	0.672463873751813	0.816638562825347	0.943729351898042	0	0.513760548705379	0	0.649993230034097	0.887858817720957	0.873486688567703	0.987135246829754	0.931765346997967	0	0	0	0	0	0	0	0	0	0	0	0	0	0	0	0	0	0	0	0	0	0	0	0	0	0	0	0	0	0	0	0	0	0	0	0	0	0	0	0	0	0	0	0	0	0	0	0	0	0
0	0	0	0	0	0	0	0	0	0	0	0	0	0	0	0	0	0	0	0	0	0	0	0	0	0	0.525624555389359	0.963463409998339	0.820154883731246	0.532165670964584	0.784638306336957	0.871261721021946	0.785863926222395	0	0.569033055413871	0.99193146153043	0.867163276974952	0.604295760414467	0.585268356004664	0.681026740598956	0.533219062822864	0	0	0	0	0	0	0	0	0	0	0	0	0	0	0	0	0	0	0	0	0	0	0	0	0	0	0	0	0	0	0	0	0	0	0	0	0	0	0	0	0	0	0	0	0	0	0	0	0
0	0	0	0	0	0	0	0	0	0	0	0	0	0	0	0	0	0	0	0	0	0	0	0	0	0	0	0.544171763288613	0.872348452836352	0.90096513563369	0.77120624512201	0.666054356062697	0	0.784710324537616	0	0.87118818717642	0.609896104500556	0.886780075152208	0.811718739705855	0.67991373402189	0.506283090194371	0.655347719823567	0	0	0	0	0	0	0	0	0	0	0	0	0	0	0	0	0	0	0	0	0	0	0	0	0	0	0	0	0	0	0	0	0	0	0	0	0	0	0	0	0	0	0	0	0	0	0	0
0	0	0	0	0	0	0	0	0	0	0	0	0	0	0	0	0	0	0	0	0	0	0	0	0	0	0	0	0	0.959628663313723	0.594938381126296	0.954363266883836	0.5831468538905	0.908907914960371	0.560773423302672	0	0.929359128917638	0.741546736784447	0.616029331505487	0.938327035595909	0.510786634479438	0.721858464498621	0.747709172707631	0	0	0	0	0	0	0	0	0	0	0	0	0	0	0	0	0	0	0	0	0	0	0	0	0	0	0	0	0	0	0	0	0	0	0	0	0	0	0	0	0	0	0	0	0	0	0
0	0	0	0	0	0	0	0	0	0	0	0	0	0	0	0	0	0	0	0	0	0	0	0	0	0	0	0	0.610066658363782	0.939223860278591	0.837904466614926	0.545252645492581	0.567667592281774	0.601044663820118	0.70582237302381	0.909389431803484	0	0.821535144539902	0.883155726334186	0.951182005013611	0.84775064344755	0.652000715904714	0.931199952899533	0.956805594857688	0	0	0	0	0	0	0	0	0	0	0	0	0	0	0	0	0	0	0	0	0	0	0	0	0	0	0	0	0	0	0	0	0	0	0	0	0	0	0	0	0	0	0	0	0	0
0	0	0	0	0	0	0	0	0	0	0	0	0	0	0	0	0	0	0	0	0	0	0	0	0	0	0	0	0	0	0.920103729666857	0.751044756406826	0.973457967380011	0.701124657678073	0.503376625505333	0.901368346092927	0.641746587699742	0	0.901660319082748	0.936455632644732	0.817252976517472	0.657910813452029	0.523514409081364	0.540679123966256	0.618325366600617	0	0	0	0	0	0	0	0	0	0	0	0	0	0	0	0	0	0	0	0	0	0	0	0	0	0	0	0	0	0	0	0	0	0	0	0	0	0	0	0	0	0	0	0	0
0.806059457040789	0	0	0	0	0	0	0	0	0	0	0	0.556165554219964	0	0	0	0	0	0	0	0	0	0	0	0	0	0	0	0	0	0	0.932477783745794	0.92898691860622	0.525264790573962	0.809368634312926	0.862560313356047	0.910351405834266	0.878871285225053	0	0.878867807168082	0.685933117851206	0.71066045523521	0.548411897914286	0.689579174713364	0.569260499523815	0	0	0	0	0	0	0	0	0	0	0	0	0	0	0	0	0	0	0	0	0	0	0	0	0	0	0	0	0	0	0	0	0	0	0	0	0	0	0	0	0	0	0	0	0
0.764248296174552	0.647723836213051	0	0	0	0	0	0	0	0	0	0	0	0	0	0	0	0	0	0	0	0	0	0	0	0	0	0	0	0	0	0	0.738757419763892	0.834086606597377	0.773405712830974	0.829355959968811	0.992179961638219	0.556924057010047	0.695762979148578	0	0.848019406655402	0.696488120666424	0.633195614646423	0.887462363702233	0.83107928291415	0	0	0	0	0	0	0	0	0	0	0	0	0	0	0	0	0	0	0	0	0	0	0	0	0	0	0	0	0	0	0	0	0	0	0	0	0	0	0	0	0	0	0	0	0
0.83396581419366	0.872401364138143	0.932040411070789	0	0	0	0	0	0	0	0	0	0	0	0	0	0	0	0	0	0	0	0	0	0	0	0	0	0	0	0	0	0	0.708677828308316	0.880300423275918	0.89081328325012	0.865107616566244	0.86826172612698	0.594962891936988	0.536903690610179	0	0.626754151706829	0.72080618692418	0.977959137382574	0.621677722571094	0	0	0	0	0	0	0	0	0	0	0	0	0	0	0	0	0	0	0	0	0	0	0	0	0	0	0	0	0	0	0	0	0	0	0	0	0	0	0	0	0	0	0	0	0
0.777223079127666	0.570977760770851	0.769741772847865	0.913628682080856	0	0	0	0	0	0	0	0	0	0	0	0	0	0	0	0	0	0	0	0	0	0	0	0	0	0	0	0	0	0	0.506615139082722	0.615069969028995	0.782980957354167	0.545068952078527	0.707052737094811	0.86898060539402	0.604368577896584	0	0.824809981588005	0.800907646940681	0.936695511801902	0	0	0	0	0	0	0	0	0	0	0	0	0	0	0	0	0	0	0	0	0	0	0	0	0	0	0	0	0	0	0	0	0	0	0	0	0	0	0	0	0	0	0	0	0
0.881993880726747	0.935296616662695	0.952956223421221	0.546675851408733	0.81602764283977	0	0	0	0	0	0	0	0	0	0	0	0	0	0	0	0	0	0	0	0	0	0	0	0	0	0	0	0	0	0	0.978708738971043	0.773639934238271	0.957615469102144	0.920199645301011	0.873591952992312	0.525627298326976	0.594852807361212	0	0.618695916020067	0.582075492078961	0	0	0	0	0	0	0	0	0	0	0	0	0	0	0	0	0	0	0	0	0	0	0	0	0	0	0	0	0	0	0	0	0	0	0	0	0	0	0	0	0	0	0	0	0
0.64245762969189	0.648811306319087	0.903050948102224	0.910741953603688	0.660151324357798	0.517535285305099	0	0	0	0	0	0	0	0	0	0	0	0	0	0	0	0	0	0	0	0	0	0	0	0	0	0	0	0	0	0	0.515532369074597	0.609762043437227	0.870056214845617	0.918886432779289	0.960880195431037	0.812597422534539	0.635195472125531	0	0.727398677069319	0	0	0	0	0	0	0	0	0	0	0	0	0	0	0	0	0	0	0	0	0	0	0	0	0	0	0	0	0	0	0	0	0	0	0	0	0	0	0	0	0	0	0	0	0
0.687473000704901	0.594099487139584	0.553823047091144	0.555047742755877	0.518976663141714	0.586894035484277	0.654805420031917	0	0	0	0	0	0	0	0	0	0	0	0	0	0	0	0	0	0	0	0	0	0	0	0	0	0	0	0	0	0	0.690059439354477	0.576007990358814	0.745112207425836	0.506232236853619	0.864236209379011	0.830102421146013	0.79636258291919	0	0	0	0	0	0	0	0	0	0	0	0	0	0	0	0	0	0	0	0	0	0	0	0	0	0	0	0	0	0	0	0	0	0	0	0	0	0	0	0	0	0	0	0	0	0
0	0	0	0	0	0	0	0	0	0	0	0	0	0	0	0	0	0	0	0	0	0	0	0	0	0	0	0	0	0	0	0	0	0	0	0	0	0	0	0	0	0	0	0	0	0	0	0	0	0	0	0	0	0	0.626722956185681	0	0	0	0	0	0	0	0	0	0	0	0	0.695622093417168	0	0.824914436575697	0	0	0	0	0	0	0	0	0	0	0	0	0	0	0	0	0	0	0	0
0	0	0	0	0	0	0	0	0	0	0	0	0	0	0	0	0	0	0	0	0	0	0	0	0	0	0	0	0	0	0	0	0	0	0	0	0	0	0	0	0	0	0	0	0	0	0	0	0	0	0	0	0	0	0	0	0	0.773121481996429	0	0	0	0	0	0	0	0	0	0.614303549647082	0	0	0	0	0	0	0.766438265983636	0	0	0	0	0	0	0	0	0	0	0	0	0.665597572401156	0	0
0	0	0	0	0	0	0	0	0	0	0	0	0	0	0	0	0	0	0	0	0	0	0	0	0	0	0	0	0	0	0	0	0	0	0	0	0	0	0	0	0	0	0	0	0	0	0	0	0	0	0.657098281361544	0.675757828730547	0	0	0	0	0	0	0	0	0	0	0	0	0	0	0	0	0	0	0	0	0	0	0.82447183434982	0	0	0	0	0	0	0	0	0	0	0	0	0	0.992547098014601	0
0	0	0	0	0	0	0	0	0	0	0	0	0	0	0	0	0	0	0	0	0	0	0	0	0	0	0	0	0	0	0	0	0	0	0	0	0	0	0	0	0	0	0	0	0	0	0	0	0	0.755113746047122	0.692286540438314	0.533763940609169	0	0	0	0	0	0	0	0	0.58136056890366	0	0	0	0	0	0	0	0	0	0	0	0	0	0.939196884540513	0	0	0.55729776295758	0	0	0	0	0	0	0	0	0	0	0	0.712606951284812
0	0	0	0	0	0	0	0	0	0	0	0	0	0	0	0	0	0	0	0	0	0	0	0	0	0	0	0	0	0	0	0	0	0	0	0	0	0	0	0	0	0	0	0	0	0	0	0	0.526660410223198	0	0	0	0	0	0	0	0	0	0	0	0	0	0	0	0	0.573289946886958	0	0	0	0	0	0	0.576909774818594	0	0	0	0.913537162093006	0	0	0	0	0	0	0	0	0	0	0	0	0.874833025228545
0	0	0	0	0	0	0	0	0	0	0	0	0	0	0	0	0	0	0	0	0	0	0	0	0	0	0	0	0	0	0	0	0	0	0	0	0	0	0	0	0	0	0	0	0	0	0	0.646583537833711	0.613058786150934	0	0	0	0	0	0	0	0	0	0	0	0	0	0	0	0	0	0	0	0	0	0	0	0	0	0	0	0	0	0	0	0.940367669645003	0	0	0.667021284118096	0	0	0	0	0	0
0	0	0	0	0	0	0	0	0	0	0	0	0	0	0	0	0	0	0	0	0	0	0	0	0	0	0	0	0	0	0	0	0	0	0	0	0	0	0	0	0	0	0	0	0	0	0	0.862190277526414	0.712786864668408	0	0	0	0	0	0	0	0	0	0.755024412595818	0	0	0	0	0	0	0.746354486246522	0	0	0	0	0	0	0	0	0	0	0	0	0	0	0	0	0	0	0	0	0.836279102684877	0	0.792577724940477	0
0	0	0	0	0	0	0	0	0	0	0	0	0	0	0	0	0	0	0	0	0	0	0	0	0	0	0	0	0	0	0	0	0	0	0	0	0	0	0	0	0	0	0	0	0	0	0	0	0	0	0	0	0	0.927749369540147	0	0.586767774438387	0	0	0	0	0	0	0.845170712986758	0.52372047770754	0	0	0	0	0	0	0	0	0	0	0	0	0	0	0	0	0	0	0	0	0	0	0	0	0	0
0	0	0	0	0	0	0	0	0	0	0	0	0	0	0	0	0	0	0	0	0	0	0	0	0	0	0	0	0	0	0	0	0	0	0	0	0	0	0	0	0	0	0	0	0	0	0	0	0	0	0	0	0.872668927488537	0	0.921068619962754	0	0	0	0	0	0	0	0	0	0.667454726809613	0	0	0	0.786377460175402	0	0	0	0.905274795368778	0	0	0	0.535401581587464	0	0	0	0	0	0	0	0	0	0.962299633399087	0	0	0
0	0	0	0	0	0	0	0	0	0	0	0	0	0	0	0	0	0	0	0	0	0	0	0	0	0	0	0	0	0	0	0	0	0	0	0	0	0	0	0	0	0	0	0	0	0.677125114306712	0	0	0	0	0	0	0	0.891739109642591	0	0	0	0.817069863516783	0	0	0	0	0	0	0	0	0	0	0	0	0	0	0	0	0	0	0	0	0	0	0	0	0.665843456353926	0	0.541953813577155	0.530322240576564	0	0	0	0
0	0	0	0	0	0	0	0	0	0	0	0	0	0	0	0	0	0	0	0	0	0	0	0	0	0	0	0	0	0	0	0	0	0	0	0	0	0	0	0	0	0	0	0	0	0	0	0	0	0	0	0	0.971389907207696	0	0	0	0	0	0	0	0	0.617927431776767	0	0	0.704258928158191	0	0	0	0.595081604955173	0	0	0	0	0	0	0	0	0	0	0	0.84368287741058	0	0	0	0	0	0.671906400492423	0	0	0
0	0	0	0	0	0	0	0	0	0	0	0	0	0	0	0	0	0	0	0	0	0	0	0	0	0	0	0	0	0	0	0	0	0	0	0	0	0	0	0	0	0	0	0	0	0	0	0	0	0	0	0	0	0	0	0	0	0	0	0	0	0	0.662100793212211	0	0	0	0	0	0	0	0	0	0	0.743613631015446	0	0	0	0	0	0	0	0	0	0	0.985089931044749	0	0	0	0	0
0	0	0	0	0	0	0	0	0	0	0	0	0	0	0	0	0	0	0	0	0	0	0	0	0	0	0	0	0	0	0	0	0	0	0	0	0	0	0	0	0	0	0	0	0	0	0.676101123120253	0	0	0	0	0	0	0	0.750387500038028	0	0	0	0.791899021789649	0	0	0	0.892742193552214	0	0	0.925432883582634	0	0.797200661868909	0	0	0	0	0.953703310206568	0	0	0	0	0	0	0	0	0	0	0	0	0	0	0.642252317910402	0	0
0	0	0	0	0	0	0	0	0	0	0	0	0	0	0	0	0	0	0	0	0	0	0	0	0	0	0	0	0	0	0	0	0	0	0	0	0	0	0	0	0	0	0	0	0	0	0	0	0	0	0	0.566653492341078	0	0	0	0	0	0.557802977346408	0	0	0	0	0	0	0.662426235147784	0	0	0	0	0	0	0	0	0	0	0	0	0	0	0	0	0	0	0	0	0.599565786701768	0.901442205351518	0	0	0
0	0	0	0	0	0	0	0	0	0	0	0	0	0	0	0	0	0	0	0	0	0	0	0	0	0	0	0	0	0	0	0	0	0	0	0	0	0	0	0	0	0	0	0	0	0	0	0	0	0	0	0	0	0	0	0	0	0	0	0	0	0	0.969653586916097	0	0	0	0	0	0	0	0	0	0	0	0	0	0	0	0	0	0	0	0.755986593580326	0	0	0.556183628489924	0.738008038397054	0	0	0
0	0	0	0	0	0	0	0	0	0	0	0	0	0	0	0	0	0	0	0	0	0	0	0	0	0	0	0	0	0	0	0	0	0	0	0	0	0	0	0	0	0	0	0	0	0	0	0	0.757627460387431	0	0	0	0	0	0	0	0	0	0	0	0	0	0	0.71173706737616	0	0	0	0.612199332933521	0	0	0	0	0	0	0	0.875360094608013	0	0	0	0	0	0	0	0	0	0	0	0.772513804474303	0	0
0	0	0	0	0	0	0	0	0	0	0	0	0	0	0	0	0	0	0	0	0	0	0	0	0	0	0	0	0	0	0	0	0	0	0	0	0	0	0	0	0	0	0	0	0	0	0	0	0	0	0	0	0	0	0	0.696257900255973	0	0	0	0	0	0	0.791308425881889	0	0	0	0	0	0	0	0	0	0	0	0	0	0	0	0	0	0	0	0	0.954023608097785	0	0.938578273079987	0	0	0	0.809836149453834
0	0	0	0	0	0	0	0	0	0	0	0	0	0	0	0	0	0	0	0	0	0	0	0	0	0	0	0	0	0	0	0	0	0	0	0	0	0	0	0	0	0	0	0	0	0	0	0	0	0	0	0	0.795642569078934	0	0	0	0.647456856594308	0.931042544811017	0	0.853262357873268	0	0.933098390665974	0	0	0	0.915280468715173	0	0	0.535914939124452	0	0	0	0	0	0	0	0	0	0	0	0	0.711792129677507	0.819528268448188	0	0	0	0	0	0	0
0	0	0	0	0	0	0	0	0	0	0	0	0	0	0	0	0	0	0	0	0	0	0	0	0	0	0	0	0	0	0	0	0	0	0	0	0	0	0	0	0	0	0	0	0	0	0	0	0	0	0	0	0.979774728812111	0	0	0	0	0	0	0	0.919034845632118	0	0	0	0	0	0	0	0	0	0.641892870430946	0	0.62432839556839	0	0	0.523496546877733	0	0	0.667064850098411	0	0	0	0	0	0	0	0.867681107905554	0	0	0
0	0	0	0	0	0	0	0	0	0	0	0	0	0	0	0	0	0	0	0	0	0	0	0	0	0	0	0	0	0	0	0	0	0	0	0	0	0	0	0	0	0	0	0	0	0	0	0	0	0	0	0	0	0.515612795430579	0	0.825020800519109	0	0	0.980836167102418	0	0	0	0	0	0	0	0.516733516883827	0	0	0	0	0	0	0	0	0	0	0	0.729997622282462	0	0	0.551199490676945	0	0	0	0	0	0	0	0
0	0	0	0	0	0	0	0	0	0	0	0	0	0	0	0	0	0	0	0	0	0	0	0	0	0	0	0	0	0	0	0	0	0	0	0	0	0	0	0	0	0	0	0	0	0	0	0	0	0.516165001019523	0	0.935579674180578	0	0	0	0	0	0.603009912899235	0	0	0	0	0.938296919281777	0	0	0	0	0	0.933571338891232	0	0	0.957686916210586	0	0	0	0	0	0	0	0	0	0	0	0	0	0.836582345433645	0	0	0	0
0	0	0	0	0	0	0	0	0	0	0	0	0	0	0	0	0	0	0	0	0	0	0	0	0	0	0	0	0	0	0	0	0	0	0	0	0	0	0	0	0	0	0	0	0	0	0	0	0	0	0	0	0	0	0	0	0	0	0	0	0	0	0	0	0.774976474960889	0	0	0.85479445881496	0	0	0.809196533064506	0	0	0	0	0	0.708303313244305	0	0.980780564583841	0	0	0	0	0	0.889364285781878	0	0	0	0	0
0	0	0	0	0	0	0	0	0	0	0	0	0	0	0	0	0	0	0	0	0	0	0	0	0	0	0	0	0	0	0	0	0	0	0	0	0	0	0	0	0	0	0	0	0	0.527385980554475	0.730453946747068	0	0	0	0	0	0	0	0	0	0	0.63620847681348	0	0	0.500194217072742	0	0	0	0	0	0.700426217960828	0	0	0	0.588692542046995	0.77243426712355	0	0	0	0	0	0	0	0	0	0	0	0	0	0.660513217932429	0	0	0.887672111167222	0
0	0	0	0	0	0	0	0	0	0	0	0	0	0	0	0	0	0	0	0	0	0	0	0	0	0	0	0	0	0	0	0	0	0	0	0	0	0	0	0	0	0	0	0	0	0	0	0	0	0	0	0	0	0.849172471298739	0	0.953055549939756	0	0	0	0	0	0	0.643427598088651	0	0	0.708256461149744	0	0	0	0	0	0	0	0	0	0	0	0	0.932385603273001	0	0	0	0	0	0	0	0	0.573321684410654	0	0
0	0	0	0	0	0	0	0	0	0	0	0	0	0	0	0	0	0	0	0	0	0	0	0	0	0	0	0	0	0	0	0	0	0	0	0	0	0	0	0	0	0	0	0	0	0.687606131764313	0	0	0	0	0	0	0	0	0	0	0	0	0	0	0	0	0	0	0	0	0	0	0	0	0.730942415288742	0.824068399938021	0.8586154003433	0	0	0	0	0	0.69755792793266	0	0	0	0	0	0	0	0	0	0	0
0	0	0	0	0	0	0	0	0	0	0	0	0	0	0	0	0	0	0	0	0	0	0	0	0	0	0	0	0	0	0	0	0	0	0	0	0	0	0	0	0	0	0	0	0	0	0	0	0	0	0	0	0	0	0	0	0	0	0	0	0	0	0	0.843126660312828	0	0	0.735171893619976	0.670791858521544	0	0.525596170052263	0	0	0	0	0	0	0	0	0.877624248240769	0	0	0	0	0	0	0	0	0.643425607214203	0	0
0	0	0	0	0	0	0	0	0	0	0	0	0	0	0	0	0	0	0	0	0	0	0	0	0	0	0	0	0	0	0	0	0	0	0	0	0	0	0	0	0	0	0	0	0	0	0	0	0	0	0	0	0	0	0	0	0	0	0	0	0	0	0	0	0	0.571717348565842	0	0.870895479337652	0	0.896206562925336	0	0	0	0	0	0	0	0	0	0	0.859696146330716	0	0	0	0.619368927006819	0	0	0.827637853292374	0	0
0	0	0	0	0	0	0	0	0	0	0	0	0	0	0	0	0	0	0	0	0	0	0	0	0	0	0	0	0	0	0	0	0	0	0	0	0	0	0	0	0	0	0	0	0	0	0	0	0	0.849840679266944	0	0	0	0.683728542808688	0	0	0	0.874688376995692	0	0	0	0	0	0.989152007255557	0	0	0	0	0	0.513459115881608	0	0	0	0	0.613204483727172	0	0	0	0	0	0.606553721863039	0	0	0	0	0	0	0	0	0
0	0	0	0	0	0	0	0	0	0	0	0	0	0	0	0	0	0	0	0	0	0	0	0	0	0	0	0	0	0	0	0	0	0	0	0	0	0	0	0	0	0	0	0	0	0	0	0	0	0	0	0	0	0	0	0	0.922129962315364	0	0	0	0	0	0	0	0	0	0	0	0	0	0	0	0	0	0	0	0.5304467157331	0	0	0.908276036169779	0.975039003381479	0	0	0	0	0	0	0	0.982946486532048	0
0	0	0	0	0	0	0	0	0	0	0	0	0	0	0	0	0	0	0	0	0	0	0	0	0	0	0	0	0	0	0	0	0	0	0	0	0	0	0	0	0	0	0	0	0	0	0.885335460494612	0.65711044534939	0.902943717421914	0	0	0	0	0	0	0	0	0	0	0	0	0	0	0	0	0	0	0	0	0	0	0	0.697914581337577	0	0	0.847994039555166	0	0	0	0.569967897836528	0	0	0	0	0	0	0.824231945879188	0.913495772628393	0	0
0	0	0	0	0	0	0	0	0	0	0	0	0	0	0	0	0	0	0	0	0	0	0	0	0	0	0	0	0	0	0	0	0	0	0	0	0	0	0	0	0	0	0	0	0	0	0	0	0	0	0	0	0	0	0	0	0	0	0	0	0.897123236573857	0	0	0.607898048534415	0	0	0	0	0	0	0	0	0	0	0.719523955232437	0	0.770059018106714	0.634235702801722	0	0	0	0.968291750789586	0	0	0	0	0	0	0	0
0	0	0	0	0	0	0	0	0	0	0	0	0	0	0	0	0	0	0	0	0	0	0	0	0	0	0	0	0	0	0	0	0	0	0	0	0	0	0	0	0	0	0	0	0	0	0	0	0	0.991336986504194	0	0	0	0.73280978262453	0	0	0	0	0	0	0	0	0	0	0	0	0.721381847036895	0	0	0	0	0	0	0.675703383171197	0	0.878866298256223	0	0.672457925467486	0	0	0	0	0	0	0	0.915049641134366	0	0	0	0
0	0	0	0	0	0	0	0	0	0	0	0	0	0	0	0	0	0	0	0	0	0	0	0	0	0	0	0	0	0	0	0	0	0	0	0	0	0	0	0	0	0	0	0	0	0	0	0	0.99169723187624	0	0	0	0	0	0	0	0	0	0	0	0	0	0	0	0	0	0	0	0	0	0	0	0	0	0	0.724394939920053	0.88686496517888	0	0.624801137545531	0.945532018527003	0	0	0	0	0	0	0	0	0	0
0	0	0	0	0	0	0	0	0	0	0	0	0	0	0	0	0	0	0	0	0	0	0	0	0	0	0	0	0	0	0	0	0	0	0	0	0	0	0	0	0	0	0	0	0	0	0	0	0	0	0	0	0	0	0	0	0	0	0	0	0	0	0	0.821240907793666	0.544274477649408	0	0.943335193483141	0	0.96189294059025	0.813767887647064	0.719162006076735	0	0	0	0	0	0	0.636195029812205	0	0	0	0	0	0	0	0	0	0	0	0
0	0	0	0	0	0	0	0	0	0	0	0	0	0	0	0	0	0	0	0	0	0	0	0	0	0	0	0	0	0	0	0	0	0	0	0	0	0	0	0	0	0	0	0	0	0	0	0	0	0	0	0	0	0	0	0	0	0	0	0	0	0	0	0	0	0	0	0	0	0	0	0	0	0.546550883179208	0.817993116314071	0	0	0.524753920362308	0	0	0	0	0	0	0	0	0.926134978928087	0	0.630193753813539	0
0	0	0	0	0	0	0	0	0	0	0	0	0	0	0	0	0	0	0	0	0	0	0	0	0	0	0	0	0	0	0	0	0	0	0	0	0	0	0	0	0	0	0	0	0	0	0	0	0	0	0.78717089757032	0	0	0	0	0.653592485822277	0	0	0	0	0	0	0	0	0	0	0	0	0	0	0	0.732390338629774	0.837486658681667	0.502479444240748	0	0	0	0	0	0	0	0	0	0	0	0	0	0	0.922202703961387	0.51162881565456
0	0	0	0	0	0	0	0	0	0	0	0	0	0	0	0	0	0	0	0	0	0	0	0	0	0	0	0	0	0	0	0	0	0	0	0	0	0	0	0	0	0	0	0	0	0	0	0	0	0	0	0	0	0	0	0	0	0	0	0	0	0	0.7382599756951	0	0.863695966712548	0	0	0	0	0	0	0	0	0	0	0.718195998135889	0	0	0	0	0	0	0	0	0.798000252487932	0	0	0	0	0.828992761871647
0	0	0	0	0	0	0	0	0	0	0	0	0	0	0	0	0	0	0	0	0	0	0	0	0	0	0	0	0	0	0	0	0	0	0	0	0	0	0	0	0	0	0	0	0	0	0	0	0	0	0	0	0	0	0.835091976866324	0	0	0	0	0.9019492367198	0	0	0.671665113937133	0	0	0	0	0	0	0	0	0	0	0	0	0	0	0	0	0	0	0	0	0.893679836763576	0.598544323380312	0	0	0	0	0
0	0	0	0	0	0	0	0	0	0	0	0	0	0	0	0	0	0	0	0	0	0	0	0	0	0	0	0	0	0	0	0	0	0	0	0	0	0	0	0	0	0	0	0	0	0	0	0	0	0	0.67849299886272	0	0	0	0	0	0	0	0	0	0	0.675957133140391	0	0	0	0	0	0	0	0	0	0	0	0	0	0	0	0	0	0	0	0	0.91792597295703	0	0	0.64989796647699	0.611982777798052	0	0	0
0	0	0	0	0	0	0	0	0	0	0	0	0	0	0	0	0	0	0	0	0	0	0	0	0	0	0	0	0	0	0	0	0	0	0	0	0	0	0	0	0	0	0	0	0	0	0	0	0	0	0	0	0	0	0.54563236522934	0	0.776819563120295	0	0	0	0	0	0	0	0	0	0.61307670894605	0	0	0	0	0.523115401754415	0	0	0	0	0	0	0	0	0	0.909763425669533	0.705518337108816	0	0	0	0.642427955767328	0	0	0
0	0	0	0	0	0	0	0	0	0	0	0	0	0	0	0	0	0	0	0	0	0	0	0	0	0	0	0	0	0	0	0	0	0	0	0	0	0	0	0	0	0	0	0	0	0	0	0	0	0	0	0	0	0	0.884568383411418	0	0	0	0.945517576913266	0.762756038035822	0	0.602134218631955	0	0	0	0.741680120839966	0	0.91790804023167	0	0	0	0	0	0	0	0	0.50609533400893	0	0	0	0	0	0	0.675164211319914	0	0	0	0	0	0
0	0	0	0	0	0	0	0	0	0	0	0	0	0	0	0	0	0	0	0	0	0	0	0	0	0	0	0	0	0	0	0	0	0	0	0	0	0	0	0	0	0	0	0	0	0	0	0	0	0	0	0.783504391193439	0	0.935075780746711	0	0.51636821060713	0	0	0.614828899961383	0.635626111002312	0	0	0	0.856131065061217	0	0	0	0	0	0	0	0	0	0	0.863659994128604	0	0	0	0	0.834567990513766	0	0	0	0.95821151686913	0.551644294571611	0	0	0	0	0.552364918628262
0	0	0	0	0	0	0	0	0	0	0	0	0	0	0	0	0	0	0	0	0	0	0	0	0	0	0	0	0	0	0	0	0	0	0	0	0	0	0	0	0	0	0	0	0	0	0.718515725017423	0	0	0	0	0	0	0	0	0	0	0.712924916322666	0	0	0.878458678625402	0	0	0	0	0	0	0	0.912978618614171	0	0.708032103441105	0.55437892842249	0	0	0.70892155884135	0	0	0	0	0	0	0	0	0	0	0	0	0	0	0
0	0	0	0	0	0	0	0	0	0	0	0	0	0	0	0	0	0	0	0	0	0	0	0	0	0	0	0	0	0	0	0	0	0	0	0	0	0	0	0	0	0	0	0	0	0	0	0.742828986207673	0	0	0	0.731766623370787	0	0	0	0	0	0	0	0	0	0	0	0	0	0	0	0.633117562456977	0	0	0	0	0	0.905920499014179	0	0	0	0	0	0.648099848636649	0.869416669468404	0	0	0	0	0	0	0	0	0
0	0	0	0	0	0	0	0	0	0	0	0	0	0	0	0	0	0	0	0	0	0	0	0	0	0	0	0	0	0	0	0	0	0	0	0	0	0	0	0	0	0	0	0	0	0	0	0	0.943401132306608	0.957808639600368	0	0	0	0	0	0	0	0	0	0	0	0.654335550890544	0	0	0	0	0	0	0	0	0	0	0	0	0	0	0	0	0	0	0.732162665034974	0.554740554368332	0	0	0	0	0.518909847332098	0	0	0
