0	0.803561531043975	0.64522997706734	0.548393358601737	0	0	0	0	0	0	0	0	0	0	0	0	0	0	0	0	0	0	0	0	0	0	0	0	0	0	0	0	0	0	0	0	0	0	0	0	0	0	0.695172330477555	0.972824747826181	0.551442535745318	0	0	0	0	0	0	0	0	0	0	0	0	0	0	0	0	0	0	0	0	0	0	0	0	0	0	0	0	0	0	0	0	0	0	0	0	0	0	0	0	0	0	0	0	0
0.839144881299624	0	0.733406496370511	0.734869753640445	0.5897396274083	0	0	0	0	0	0	0	0	0	0	0	0	0	0	0	0	0	0	0	0	0	0	0	0	0	0	0	0	0	0	0	0	0	0	0	0	0	0	0.624522403501464	0.569104271241945	0	0	0	0	0	0	0	0	0	0	0	0	0	0	0	0	0	0	0	0	0	0	0	0	0	0	0	0	0	0	0	0	0	0	0	0	0	0	0	0	0	0	0	0	0
0.728645474854629	0.695641916053733	0	0.595466003177872	0.523964879406212	0.654323333163415	0	0	0	0	0	0	0	0	0	0	0	0	0	0	0	0	0.666246979342578	0	0	0	0	0	0	0	0	0	0	0	0	0	0	0	0	0	0	0	0	0	0.615644489199235	0	0	0	0	0	0	0	0	0	0	0	0	0	0	0	0	0	0	0	0	0	0	0	0	0	0	0	0	0	0	0	0	0	0	0	0	0	0	0	0	0	0	0	0	0
0.594194678345448	0.581230516788893	0.699297216471659	0	0.795102442481323	0.989180726129113	0.788084231110616	0	0	0	0	0	0	0	0	0	0	0	0	0	0	0	0	0	0	0	0	0	0	0	0	0	0	0	0	0	0	0	0	0	0	0	0	0	0	0	0	0	0	0	0	0	0	0	0	0	0	0	0	0	0	0	0	0	0	0	0	0	0	0	0	0	0	0	0	0	0	0	0	0	0	0	0	0	0	0	0	0	0	0
0	0.775050359221078	0.565304019554615	0.779738791626914	0	0.956706353505501	0.516502650199267	0.953263026420545	0	0	0	0	0	0	0	0	0	0	0	0	0	0	0	0	0	0	0	0	0	0	0	0	0	0	0	0	0	0	0	0	0	0	0	0	0	0	0	0	0	0	0	0	0	0	0	0	0	0	0	0	0	0	0	0	0	0	0	0	0	0	0	0	0	0	0	0	0	0	0	0	0	0	0	0	0	0	0	0	0	0
0	0	0.84796709980432	0.637219476186578	0.969155279679588	0	0.903558696143758	0.879388888286167	0.941781955204583	0	0	0	0	0	0	0	0	0	0	0	0	0	0	0	0	0	0	0	0	0	0	0	0	0	0	0	0	0	0	0	0	0	0	0	0	0	0	0	0	0	0	0	0	0	0	0	0	0	0	0	0	0	0	0	0	0	0	0	0	0	0	0	0	0	0	0	0	0	0	0	0	0	0	0	0	0	0	0	0	0
0	0	0	0.68004122161304	0.572142404495341	0.599006078121929	0	0.788868473422231	0	0.74371674449509	0	0	0	0	0	0	0	0	0.996735750137806	0	0	0	0	0	0	0	0	0	0	0	0	0	0	0	0	0	0	0	0	0	0	0	0	0	0	0	0	0	0	0	0	0	0	0	0	0	0	0	0	0	0	0	0	0	0	0	0	0	0	0	0	0	0	0	0	0	0	0	0	0	0	0	0	0	0	0	0	0	0	0
0	0	0	0	0.977151782840699	0.791582078583955	0.853941904119422	0	0.886942171563811	0.939550189963729	0.793084239465225	0	0	0	0	0	0	0	0	0	0	0	0	0	0	0	0	0	0	0	0	0	0	0	0	0	0	0	0	0	0	0	0	0	0	0	0	0	0	0	0	0	0	0	0	0	0	0	0	0	0	0	0	0	0	0	0	0	0	0	0	0	0	0	0	0	0	0	0	0	0	0	0	0	0	0	0	0	0	0
0	0	0	0	0	0.865842650563032	0	0.671476285521051	0	0.961443334060223	0.759712939650007	0.748374516889015	0	0	0	0	0	0	0	0	0	0	0	0	0	0	0	0	0	0	0	0	0	0	0	0	0	0	0	0	0	0	0	0	0	0	0	0	0	0	0	0	0	0	0	0	0	0	0	0	0	0	0	0	0	0	0	0	0	0	0	0	0	0	0	0	0	0	0	0	0	0	0	0	0	0	0	0	0	0
0	0	0	0	0	0	0.877251580685558	0.911883115388868	0.800814103420752	0	0.805814162851695	0.939468152588526	0.878134205966875	0	0	0	0	0	0	0	0	0	0	0	0	0	0	0	0	0	0	0	0	0	0	0	0	0	0	0	0	0	0	0	0	0	0	0	0	0	0	0	0	0	0	0	0	0	0	0	0	0	0	0	0	0	0	0	0	0	0	0	0	0	0	0	0	0	0	0	0	0	0	0	0	0	0	0	0	0
0	0	0	0	0	0	0	0.717012029227933	0.930915540713631	0.600296158689346	0	0.85921267595051	0.800851010532394	0.994281836950009	0	0	0	0	0	0	0	0	0	0	0	0	0	0	0	0	0	0	0	0	0	0	0	0	0	0	0	0	0	0	0	0	0	0	0	0	0	0	0	0	0	0	0	0	0	0	0	0	0	0	0	0	0	0	0	0	0	0	0	0	0	0	0	0	0	0	0	0	0	0	0	0	0	0	0	0
0	0	0	0	0	0	0	0	0.731221467184345	0.974525202406225	0.583725693165373	0	0.961560713272239	0.884250163752085	0.754507351708733	0	0	0	0	0	0	0	0	0	0	0	0	0	0	0	0	0	0	0	0	0	0	0	0	0	0	0	0	0	0	0	0	0	0	0	0	0	0	0	0	0	0	0	0	0	0	0	0	0	0	0	0	0	0	0	0	0	0	0	0	0	0	0	0	0	0	0	0	0	0	0	0	0	0	0
0	0	0	0	0	0	0	0	0	0.867208516992056	0.97762703666267	0.643379263779409	0	0.585949153604078	0.927000848888111	0.858410004159977	0	0	0	0	0	0	0	0	0	0	0	0	0	0	0	0	0	0	0	0	0	0	0	0	0	0	0	0	0	0	0	0	0	0	0	0	0	0	0	0	0	0	0	0	0	0	0	0	0	0	0	0	0	0	0	0	0	0	0	0	0	0	0	0	0	0	0	0	0	0	0	0	0	0
0	0	0	0	0	0	0	0	0	0	0.847922311337298	0.553720995069259	0.899172964066034	0	0.719638833303065	0.68126531151402	0.787909737505342	0	0	0	0	0	0	0	0	0	0	0	0	0	0	0	0	0	0	0	0	0	0	0	0	0	0	0	0	0	0	0	0	0	0	0	0	0	0	0	0	0	0	0	0	0	0	0	0	0	0	0	0	0	0	0	0	0	0	0	0	0	0	0	0	0	0	0	0	0	0	0	0	0
0	0	0	0	0	0	0	0	0	0	0	0.946526181286936	0.591119498890142	0.957328416170174	0	0.592060160631926	0.844292051987144	0.834759385179262	0	0	0	0	0	0	0	0	0	0	0	0	0	0	0	0	0	0	0	0	0	0	0	0	0	0	0	0	0	0	0	0	0	0	0	0	0	0	0	0	0	0	0	0	0	0	0	0	0	0	0	0	0	0	0	0	0	0	0	0	0	0	0	0	0	0	0	0	0	0	0	0
0	0	0	0	0	0	0	0	0	0	0	0	0.892575268016597	0.995992553919329	0.890805764422909	0	0.983279032851543	0.681424122387876	0.834161387030814	0	0	0	0	0	0	0	0	0	0	0	0	0	0	0	0	0	0	0	0	0	0	0	0	0	0	0	0	0	0	0	0	0	0	0	0	0	0	0	0	0	0	0	0	0	0	0	0	0	0	0	0	0	0	0	0	0	0	0	0	0	0	0	0	0	0	0	0	0	0	0
0	0	0	0	0	0	0	0	0	0	0	0	0	0.841652152879577	0.547314048605342	0.872356681918925	0	0.941341824904426	0.56120265734621	0.807034132020526	0	0	0	0	0	0	0	0	0	0	0	0	0	0	0	0	0	0	0	0	0	0	0	0	0	0	0	0	0	0	0	0	0	0	0	0	0	0	0	0	0	0	0	0	0	0	0	0	0	0	0	0	0	0	0	0	0	0	0	0	0	0	0	0	0	0	0	0	0	0
0	0	0	0	0	0	0	0	0	0	0	0	0	0	0.853394085765843	0.843210277085335	0.607530301372071	0	0.907796144980257	0.881522020191928	0.984309973326278	0	0	0	0	0	0	0	0	0	0	0	0	0	0	0	0	0	0.819880331902574	0	0	0	0	0	0	0	0	0	0	0	0	0	0	0	0	0	0	0	0	0	0	0	0	0	0	0	0	0	0	0	0	0	0	0	0	0	0	0	0	0	0	0	0	0	0	0	0	0	0	0
0	0	0	0	0	0	0.79969232537376	0	0	0	0	0	0	0	0	0.969333957584813	0.519823453446906	0.990516407275625	0	0.758042483135883	0.623511078754367	0.592575069669554	0	0	0	0	0	0	0	0	0	0	0	0	0	0	0	0	0	0	0	0	0	0	0	0	0	0	0	0	0	0	0	0	0	0	0	0	0	0	0	0	0	0	0	0	0	0	0	0	0	0	0	0	0	0	0	0	0	0	0	0	0	0	0	0	0	0	0	0
0	0	0	0	0	0	0	0	0	0	0	0	0	0	0	0	0.89765728728304	0.538785862215177	0.800057478196671	0	0.923147445773209	0.807517516879802	0.654786702252155	0	0	0	0	0	0	0	0	0	0	0	0	0	0	0	0	0	0	0	0	0	0	0	0	0	0	0	0	0	0	0	0	0	0	0	0	0	0	0	0	0	0	0	0	0	0	0	0	0	0	0	0	0	0	0	0	0	0	0	0	0	0	0	0	0	0	0
0	0	0	0	0	0	0	0	0	0	0	0	0	0	0	0	0	0.974054613928097	0.728637011954477	0.723713760153609	0	0.572777484848344	0.84138097138808	0.67959830272025	0	0	0	0	0	0	0	0	0	0	0	0	0	0	0	0	0	0	0	0	0	0	0	0	0	0	0	0	0	0	0	0	0	0	0	0	0	0	0	0	0	0	0	0	0	0	0	0	0	0	0	0	0	0	0	0	0	0	0	0	0	0	0	0	0	0
0	0	0	0	0	0	0	0	0	0	0	0	0	0	0	0	0	0	0.601219622409379	0.723460890185732	0.595208706706848	0	0.729563048593711	0.787844515854537	0.609420844622288	0	0	0	0	0	0	0	0	0.805114032045331	0	0	0	0	0	0	0	0	0	0	0	0	0	0	0	0	0	0	0	0	0	0	0	0	0	0	0	0	0	0	0	0	0	0	0	0	0	0	0	0	0	0	0	0	0	0	0	0	0	0	0	0	0	0	0	0
0	0	0.781970454409906	0	0	0	0	0	0	0	0	0	0	0	0	0	0	0	0	0.771750384089604	0.775800688747735	0.869850223342922	0	0	0.919168138463588	0.94601226990179	0	0	0	0	0	0	0	0	0	0	0	0	0	0	0	0	0	0	0	0	0	0	0	0	0	0	0	0	0	0	0	0	0	0	0	0	0	0	0	0	0	0	0	0	0	0	0	0	0	0	0	0	0	0	0	0	0	0	0	0	0	0	0	0
0	0	0	0	0	0	0	0	0	0	0	0	0	0	0	0	0	0	0	0	0.619382484594582	0.606690827044801	0	0	0.671241607006457	0.844359479218233	0.716262212781145	0	0	0	0	0	0	0	0	0	0	0	0	0	0	0	0	0	0	0	0	0	0	0	0	0	0	0	0	0	0	0	0	0	0	0	0	0	0	0	0	0	0	0	0	0	0	0	0	0	0	0	0	0	0	0	0	0	0	0	0	0	0	0
0	0	0	0	0	0	0	0	0	0	0	0	0	0	0	0	0	0	0	0	0	0.901844063078258	0.988864836623939	0.903280582059568	0	0.869529544155193	0.567507029516901	0.678762204366205	0	0	0	0	0	0	0	0	0	0	0	0	0	0	0	0	0	0	0	0	0	0	0	0	0	0	0	0	0	0	0	0	0	0	0	0	0	0	0	0	0	0	0	0	0	0	0	0	0	0	0	0	0	0	0	0	0	0	0	0	0	0
0	0	0	0	0	0	0	0	0	0	0	0	0	0	0	0	0	0	0	0	0	0	0.69906889361161	0.671367686723094	0.927486059956014	0	0.835361811263297	0.641931447482255	0.522492128500491	0	0	0	0	0	0	0	0	0	0	0	0	0	0	0	0	0	0	0	0	0	0	0	0	0	0	0	0	0	0	0	0	0	0	0	0	0	0	0	0	0	0	0	0	0	0	0	0	0	0	0	0	0	0	0	0	0	0	0	0	0
0	0	0	0	0	0	0	0	0	0	0	0	0	0	0	0	0	0	0	0	0	0	0	0.776020104979524	0.649274498770573	0.956636775778516	0	0.563134496681849	0.740248910415912	0.901585071062774	0	0	0	0	0	0	0	0	0	0	0	0	0	0	0	0	0	0	0	0	0	0	0	0	0	0	0	0	0	0	0	0	0	0	0	0	0	0	0	0	0	0	0	0	0	0	0	0	0	0	0	0	0	0	0	0	0	0	0	0
0	0	0	0	0	0	0	0	0	0	0	0	0	0	0	0	0	0	0	0	0	0	0	0	0.879092587808125	0.703609384260298	0.547925920259951	0	0.991417292644543	0.699462242169554	0.823564753371301	0	0	0	0	0	0.838898296483994	0	0	0	0	0	0	0	0	0	0	0	0	0	0	0	0	0	0	0	0	0	0	0	0	0	0	0	0	0	0	0	0	0	0	0	0	0	0	0	0	0	0	0	0	0	0	0	0	0	0	0	0	0
0	0	0	0	0	0	0	0	0	0	0	0	0	0	0	0	0	0	0	0	0	0	0	0	0	0.542768030630166	0.657323457812076	0.957696941133973	0	0.659937857805496	0.96472137312998	0.895858775912426	0	0	0	0	0	0	0	0	0	0	0	0	0	0	0	0	0	0	0	0	0	0	0	0	0	0	0	0	0	0	0	0	0	0	0	0	0	0	0	0	0	0	0	0	0	0	0	0	0	0	0	0	0	0	0	0	0	0
0	0	0	0	0	0	0	0	0	0	0	0	0	0	0	0	0	0	0	0	0	0	0	0	0	0	0.712604765028067	0.938313162571266	0.5985377299601	0	0.61422414791876	0.94283017104531	0.79597586371465	0	0	0	0	0	0	0	0	0	0	0	0	0	0	0	0	0	0	0	0	0	0	0	0	0	0	0	0	0	0	0	0	0	0	0	0	0	0	0	0	0	0	0	0	0	0	0	0	0	0	0	0	0	0	0	0	0
0	0	0	0	0	0	0	0	0	0	0	0	0	0	0	0	0	0	0	0	0	0	0	0	0	0	0	0.625892381147008	0.56954960927243	0.895969359885874	0	0.504024840984299	0.573953883058987	0.640557050978657	0	0	0	0	0	0	0	0	0	0	0	0	0	0	0	0	0	0	0	0	0	0	0	0	0	0	0	0	0	0	0	0	0	0	0	0	0	0	0	0	0	0	0	0	0	0	0	0	0	0	0	0	0	0	0	0
0	0	0	0	0	0	0	0	0	0	0	0	0	0	0	0	0	0	0	0	0	0	0	0	0	0	0	0	0.880604745128693	0.814670528529897	0.696887619182821	0	0.571197817480389	0.915270355241097	0.509837507821325	0	0	0	0	0	0	0	0	0	0	0	0	0	0	0	0	0	0	0	0	0	0	0	0	0	0	0	0	0	0	0	0	0	0	0	0	0	0	0	0	0	0	0	0	0	0	0	0	0	0	0	0	0	0	0
0	0	0	0	0	0	0	0	0	0	0	0	0	0	0	0	0	0	0	0	0	0	0	0	0	0	0	0	0	0.979873210787496	0.940654542436479	0.761266603763728	0	0.8269083496067	0.705712919907112	0.596857803486095	0	0	0	0	0	0	0	0	0	0	0	0	0	0	0	0	0	0	0	0	0	0	0	0	0	0	0	0	0	0	0	0	0	0	0	0	0	0	0	0	0	0	0	0	0	0	0	0	0	0	0	0	0	0
0	0	0	0	0	0	0	0	0	0	0	0	0	0	0	0	0	0	0	0	0	0.860451109568895	0	0	0	0	0	0	0	0	0.801089977245582	0.681724475639053	0.961642061487468	0	0	0.565858121546865	0.777660734767579	0	0	0	0	0	0	0	0	0	0	0	0	0	0	0	0	0	0	0	0	0	0	0	0	0	0	0	0	0	0	0	0	0	0	0	0	0	0	0	0	0	0	0	0	0	0	0	0	0	0	0	0	0
0	0	0	0	0	0	0	0	0	0	0	0	0	0	0	0	0	0	0	0	0	0	0	0	0	0	0	0	0	0	0	0.621774202713714	0.547802023568438	0	0	0.900877268494995	0.853192348320586	0.539779118321856	0	0	0	0	0	0	0	0	0	0	0	0	0	0	0	0	0	0	0	0	0	0	0	0	0	0	0	0	0	0	0	0	0	0	0	0	0	0	0	0	0	0	0	0	0	0	0	0	0	0	0	0
0	0	0	0	0	0	0	0	0	0	0	0	0	0	0	0	0	0	0	0	0	0	0	0	0	0	0	0	0	0	0	0	0.62170988686767	0.96081421187909	0.808622755155177	0	0.693987051455573	0.940505349829713	0.90655050373676	0	0	0	0	0	0	0	0	0	0	0	0	0	0	0	0	0	0	0	0	0	0	0	0	0	0	0	0	0	0	0	0	0	0	0	0	0	0	0	0	0	0	0	0	0	0	0	0	0	0	0
0	0	0	0	0	0	0	0	0	0	0	0	0	0	0	0	0	0	0	0	0	0	0	0	0	0	0	0.949633652592626	0	0	0	0	0	0.825664782261944	0.947489440842918	0.560313518891181	0	0	0.813216471496656	0.55029424417894	0	0	0	0	0	0	0	0	0	0	0	0	0	0	0	0	0	0	0	0	0	0	0	0	0	0	0	0	0	0	0	0	0	0	0	0	0	0	0	0	0	0	0	0	0	0	0	0	0	0
0	0	0	0	0	0	0	0	0	0	0	0	0	0	0	0	0	0	0	0	0	0	0	0	0	0	0	0	0	0	0	0	0	0	0.598795783967079	0.616545227963187	0	0	0.893018097140242	0.680716788703053	0.955033521476114	0	0	0	0	0	0	0	0	0	0	0	0	0	0	0	0	0	0	0	0	0	0	0	0	0	0	0	0	0	0	0	0	0	0	0	0	0	0	0	0	0	0	0	0	0	0	0	0	0
0	0	0	0	0	0	0	0	0	0	0	0	0	0	0	0	0	0.936715404912236	0	0	0	0	0	0	0	0	0	0	0	0	0	0	0	0	0	0.962685389039164	0.731900321656958	0.713959404093306	0	0.725494442187073	0	0.502636635241481	0	0	0	0	0	0	0	0	0	0	0	0	0	0	0	0	0	0	0	0	0	0	0	0	0	0	0	0	0	0	0	0	0	0	0	0	0	0	0	0	0	0	0	0	0	0	0	0
0	0	0	0	0	0	0	0	0	0	0	0	0	0	0	0	0	0	0	0	0	0	0	0	0	0	0	0	0	0	0	0	0	0	0	0	0.723313456295641	0.880316991114267	0.983870471717916	0	0.665694266286558	0.625078260390021	0.577220925520099	0	0	0	0	0	0	0	0	0	0	0	0	0	0	0	0	0	0	0	0	0	0	0	0	0	0	0	0	0	0	0	0	0	0	0	0	0	0	0	0	0	0	0	0	0	0	0
0	0	0	0	0	0	0	0	0	0	0	0	0	0	0	0	0	0	0	0	0	0	0	0	0	0	0	0	0	0	0	0	0	0	0	0	0	0.739208168818945	0	0.981165760874239	0	0.532215262849397	0.972527662757595	0.637618070016636	0	0	0	0	0	0	0	0	0	0	0	0	0	0	0	0	0	0	0	0	0	0	0	0	0	0	0	0	0	0	0	0	0	0	0	0	0	0	0	0	0	0	0	0	0	0
0	0	0	0	0	0	0	0	0	0	0	0	0	0	0	0	0	0	0	0	0	0	0	0	0	0	0	0	0	0	0	0	0	0	0	0	0	0	0.981831674908605	0.825526011011049	0.719518683989765	0	0.965913395459224	0.997673643310414	0.871624027314799	0	0	0	0	0	0	0	0	0	0	0	0	0	0	0	0	0	0	0	0	0	0	0	0	0	0	0	0	0	0	0	0	0	0	0	0	0	0	0	0	0	0	0	0	0
0.761583714420317	0	0	0	0	0	0	0	0	0	0	0	0	0	0	0	0	0	0	0	0	0	0	0	0	0	0	0	0	0	0	0	0	0	0	0	0	0	0	0.902069785412156	0.866699535183236	0.869956205315149	0	0.696315434112822	0.742193712151064	0	0	0	0	0	0	0	0	0	0	0	0	0	0	0	0	0	0	0	0	0	0	0	0	0	0	0	0	0	0	0	0	0	0	0	0	0	0	0	0	0	0	0	0	0
0.998182732324388	0.866856287736609	0	0	0	0	0	0	0	0	0	0	0	0	0	0	0	0	0	0	0	0	0	0	0	0	0	0	0	0	0	0	0	0	0	0	0	0	0	0	0.994196874034569	0.727123755757263	0.833275515592766	0	0.936509222187887	0	0	0	0	0	0	0	0	0	0	0	0	0	0	0	0	0	0	0	0	0	0	0	0	0	0	0	0	0	0	0	0	0	0	0	0	0	0	0	0	0	0	0	0	0
0.983472396074019	0.774630064566287	0.505187428080175	0	0	0	0	0	0	0	0	0	0	0	0	0	0	0	0	0	0	0	0	0	0	0	0	0	0	0	0	0	0	0	0	0	0	0	0	0	0	0.967400653236186	0.606433000418311	0.716231014868783	0	0	0	0	0	0	0	0	0	0	0	0	0	0	0	0	0	0	0	0	0	0	0	0	0	0	0	0	0	0	0	0	0	0	0	0	0	0	0	0	0	0	0	0	0	0
0	0	0	0	0	0	0	0	0	0	0	0	0	0	0	0	0	0	0	0	0	0	0	0	0	0	0	0	0	0	0	0	0	0	0	0	0	0	0	0	0	0	0	0	0	0	0.687215317183575	0.787197268570173	0	0.945815241786082	0.597471375029063	0	0.792653086070622	0	0	0	0	0.970897835969257	0	0	0	0	0	0	0.899424943979785	0	0	0	0	0.810851454405205	0	0	0.501073472410315	0	0.710724805905566	0	0.877935992265727	0	0	0.690020740436632	0.828080589115536	0.51812762278822	0	0.663881623266804	0	0.551689233976276	0	0	0	0
0	0	0	0	0	0	0	0	0	0	0	0	0	0	0	0	0	0	0	0	0	0	0	0	0	0	0	0	0	0	0	0	0	0	0	0	0	0	0	0	0	0	0	0	0	0.766478627566061	0	0	0	0.939938753663935	0.907261505615844	0.759588111235048	0	0	0.50999179172644	0	0	0	0	0	0	0	0	0	0.621124754118945	0	0.586855097905639	0	0	0.843483084536317	0.562471913316922	0.655547225299658	0.794595418705879	0	0	0	0	0	0	0	0.828503771090446	0	0	0	0	0	0.86791496057319	0	0	0
0	0	0	0	0	0	0	0	0	0	0	0	0	0	0	0	0	0	0	0	0	0	0	0	0	0	0	0	0	0	0	0	0	0	0	0	0	0	0	0	0	0	0	0	0	0.735897564357266	0	0	0.66636490280688	0.71509511697843	0	0	0	0	0	0.946311110564967	0.956699728559144	0	0	0	0.605833832533289	0	0	0.725258018456052	0	0.892530697430292	0	0	0	0.997536767797637	0.802485574284275	0	0	0	0.737160196133744	0	0.858645848136763	0	0	0	0.698449830721339	0	0	0	0.645203145700457	0	0.880380636159939	0	0	0.533800120692959
0	0	0	0	0	0	0	0	0	0	0	0	0	0	0	0	0	0	0	0	0	0	0	0	0	0	0	0	0	0	0	0	0	0	0	0	0	0	0	0	0	0	0	0	0	0	0	0.783067600410341	0	0.720466650837926	0	0	0	0.587132808631806	0	0.881097352303932	0	0.529903426830191	0	0	0.681652170218426	0	0	0	0	0.777727885904632	0	0	0	0	0	0	0.950835707122289	0.660387309046084	0.555847289328528	0	0	0	0	0	0	0	0	0.845091779896214	0	0.822167891123721	0.793312429337213	0.645012996099108	0	0
0	0	0	0	0	0	0	0	0	0	0	0	0	0	0	0	0	0	0	0	0	0	0	0	0	0	0	0	0	0	0	0	0	0	0	0	0	0	0	0	0	0	0	0	0	0.553324987128864	0.675528301643084	0.884131996339604	0.60699000097658	0	0.921436092058659	0	0.526917389342971	0	0	0	0	0	0.959228468578516	0	0.914830472820827	0.733733807689673	0	0	0	0.663243422337449	0	0.719565508280611	0	0	0	0	0.571709531331313	0	0	0	0.937594930254277	0	0	0.644859378790498	0	0	0	0	0	0	0	0.639847403375731	0	0
0	0	0	0	0	0	0	0	0	0	0	0	0	0	0	0	0	0	0	0	0	0	0	0	0	0	0	0	0	0	0	0	0	0	0	0	0	0	0	0	0	0	0	0	0	0.817578843505456	0.613009139973591	0	0	0.806500412362273	0	0	0.821623346923805	0	0	0.675380556003397	0	0.773635949594266	0	0	0	0.905910592640971	0	0	0	0	0.717931821359152	0.588954296472674	0	0	0.668225420933066	0	0	0	0	0	0.684990912261844	0	0	0.523699655053905	0.79557596485009	0	0	0.584619740416689	0	0	0	0	0	0
0	0	0	0	0	0	0	0	0	0	0	0	0	0	0	0	0	0	0	0	0	0	0	0	0	0	0	0	0	0	0	0	0	0	0	0	0	0	0	0	0	0	0	0	0	0	0.823697505980549	0	0	0	0	0	0.50883458450247	0	0	0	0.650677008254256	0	0.657187129574326	0	0.618724532254248	0	0	0	0.650295760871858	0	0.997127592342463	0	0	0	0	0	0.703058844824007	0	0.549420532460251	0	0.996089322528403	0	0.532512728371113	0	0	0	0	0	0	0	0	0.50787102233426	0	0
0	0	0	0	0	0	0	0	0	0	0	0	0	0	0	0	0	0	0	0	0	0	0	0	0	0	0	0	0	0	0	0	0	0	0	0	0	0	0	0	0	0	0	0	0	0.9149321918689	0	0	0	0.769575877833174	0.784103352355418	0.746497476824462	0	0.928785489405955	0	0	0	0	0	0	0	0	0	0.781377208597839	0	0	0.69099107864952	0.533403372276356	0	0	0	0	0.734601266978676	0.675342708402257	0.881606568730071	0	0	0.932340055438241	0.588920875342701	0	0.779882098482334	0	0	0	0	0	0	0.553297563086214	0.844904501945428	0
0	0	0	0	0	0	0	0	0	0	0	0	0	0	0	0	0	0	0	0	0	0	0	0	0	0	0	0	0	0	0	0	0	0	0	0	0	0	0	0	0	0	0	0	0	0	0	0	0.899084857523219	0	0	0	0.804092996702439	0	0	0.924954757091872	0	0.576172796289236	0.888519987846572	0	0	0	0	0	0	0.874949440288756	0	0	0	0	0	0.558475239025969	0.582663311790167	0	0	0.738828546636147	0	0	0	0.760689270929451	0	0.742244560255079	0	0	0	0.714728097260913	0	0.69907053970775	0	0.826727922228817
0	0	0	0	0	0	0	0	0	0	0	0	0	0	0	0	0	0	0	0	0	0	0	0	0	0	0	0	0	0	0	0	0	0	0	0	0	0	0	0	0	0	0	0	0	0	0.576721972279518	0	0	0	0	0	0	0	0	0	0.742823054963669	0	0	0	0	0	0.702134372437363	0	0	0	0.661704783660796	0.822978299206773	0	0	0	0	0	0	0	0	0	0.890838176696899	0	0	0.846231687071704	0	0	0	0	0	0	0	0.851212003943709	0.959164171732702
0	0	0	0	0	0	0	0	0	0	0	0	0	0	0	0	0	0	0	0	0	0	0	0	0	0	0	0	0	0	0	0	0	0	0	0	0	0	0	0	0	0	0	0	0	0	0	0.770988215215839	0.638714452147975	0	0.705764124934683	0	0	0.80973061378066	0	0	0	0	0.714974737531691	0	0	0.978110823852815	0	0	0.682271011576996	0	0	0	0	0.708848475267969	0	0	0	0	0	0	0	0.980522157607105	0	0	0	0	0.571414573757735	0	0	0.510325593957302	0	0	0	0
0	0	0	0	0	0	0	0	0	0	0	0	0	0	0	0	0	0	0	0	0	0	0	0	0	0	0	0	0	0	0	0	0	0	0	0	0	0	0	0	0	0	0	0	0	0	0	0.794602905613872	0	0	0	0.584335349951405	0	0	0.760653792344483	0	0	0.88559547710919	0	0	0	0.53660824625995	0	0	0	0.932076754019285	0.922269444738154	0	0	0.873298154071873	0.948402412976548	0	0	0.742409644147437	0.711935596349285	0	0	0	0	0	0.670561747501318	0	0.517619117177593	0	0	0	0.688918983168207	0	0	0
0	0	0	0	0	0	0	0	0	0	0	0	0	0	0	0	0	0	0	0	0	0	0	0	0	0	0	0	0	0	0	0	0	0	0	0	0	0	0	0	0	0	0	0	0	0.64284967828756	0	0	0.661693031333645	0	0.542200341386774	0	0	0.877423104545581	0	0	0.706306613318959	0	0	0.66927849381035	0.707148722521163	0	0.849383689220298	0	0.725962020128559	0	0	0	0.953813573127486	0	0	0	0	0	0	0.531521555211521	0.89093258615051	0	0	0.67448111267853	0	0	0	0	0	0	0	0	0.988833273834015	0.814459872050544
0	0	0	0	0	0	0	0	0	0	0	0	0	0	0	0	0	0	0	0	0	0	0	0	0	0	0	0	0	0	0	0	0	0	0	0	0	0	0	0	0	0	0	0	0	0	0	0	0	0.825867801163459	0	0.576396492717166	0	0.718598430248237	0	0.868390649387711	0	0	0	0.957959591663554	0	0	0.560676789025374	0.565933020869427	0.935019689165546	0.545724186164537	0	0	0	0.94710648283862	0	0	0.707810192407716	0	0	0	0	0	0.602431914379676	0	0.825931138093894	0	0	0	0	0	0	0	0	0
0	0	0	0	0	0	0	0	0	0	0	0	0	0	0	0	0	0	0	0	0	0	0	0	0	0	0	0	0	0	0	0	0	0	0	0	0	0	0	0	0	0	0	0	0	0	0	0	0	0	0	0	0	0	0	0	0	0.560904513452987	0.931057095208855	0	0	0	0.846442292651006	0	0.530331284977839	0	0	0	0	0	0	0	0	0	0	0	0	0.553547900224183	0.62709016632688	0.927377011290323	0	0	0.543938448446115	0	0.792600271758451	0.967552998864462	0	0	0	0.982609143808914
0	0	0	0	0	0	0	0	0	0	0	0	0	0	0	0	0	0	0	0	0	0	0	0	0	0	0	0	0	0	0	0	0	0	0	0	0	0	0	0	0	0	0	0	0	0	0	0.855131032177787	0.537797306087494	0.826322108723881	0	0.674814771348107	0	0	0	0	0	0.607999462935285	0	0	0	0	0.598438135423367	0.682178801164734	0.862089974429571	0	0	0	0	0	0	0	0	0	0	0.685845842614876	0	0	0.949106006172988	0	0.526305678161127	0	0.876712564210945	0	0	0	0	0	0.706920316752035	0.888019903043163
0	0	0	0	0	0	0	0	0	0	0	0	0	0	0	0	0	0	0	0	0	0	0	0	0	0	0	0	0	0	0	0	0	0	0	0	0	0	0	0	0	0	0	0	0	0	0	0	0	0.637595287642835	0.654078002545547	0	0	0	0	0.566439053520057	0.791042293141526	0	0	0	0	0	0.953406841808192	0	0	0	0.576195845264964	0.749739540745793	0	0.754085411900536	0.727977997382611	0.765663950835485	0	0	0	0	0	0	0	0	0	0	0	0.552564223095944	0.93649605962255	0.904811765190867	0	0	0	0
0	0	0	0	0	0	0	0	0	0	0	0	0	0	0	0	0	0	0	0	0	0	0	0	0	0	0	0	0	0	0	0	0	0	0	0	0	0	0	0	0	0	0	0	0	0	0	0	0	0	0	0	0	0	0.508216994871612	0	0	0.698874662589953	0.688329041513441	0.702111540810229	0.902957277637393	0.978314555885997	0	0.955070020823337	0	0	0.730420678028681	0.789766387064935	0.957220073963587	0.603802152312236	0.978259439191889	0.612603012990445	0	0	0	0	0	0	0	0.593835469114669	0	0	0.820930033143638	0	0	0	0	0	0	0
0	0	0	0	0	0	0	0	0	0	0	0	0	0	0	0	0	0	0	0	0	0	0	0	0	0	0	0	0	0	0	0	0	0	0	0	0	0	0	0	0	0	0	0	0	0	0	0.78563689042462	0	0	0	0	0.67171928671781	0	0	0	0	0	0.741631681898455	0	0.86854232702084	0	0.927111265818249	0	0.881298904086669	0	0.735395244763476	0	0	0.80948325646617	0	0	0	0	0	0	0.602140830875782	0	0	0	0	0.672174873649291	0	0	0.973394001884487	0	0	0.953183477312197	0.77332346481025	0
0	0	0	0	0	0	0	0	0	0	0	0	0	0	0	0	0	0	0	0	0	0	0	0	0	0	0	0	0	0	0	0	0	0	0	0	0	0	0	0	0	0	0	0	0	0.838916469427353	0.836095653950486	0	0	0	0	0.903686257647945	0	0	0	0.699302428924184	0	0.56092227630889	0.999913058240194	0.991705278225329	0.552175063967118	0	0	0.97154257067918	0	0	0	0.608403529972492	0	0	0.971363887300662	0.903620165756756	0	0	0	0.616508604882466	0	0	0	0	0	0	0	0	0	0	0.537748902872494	0.681270126183302	0	0
0	0	0	0	0	0	0	0	0	0	0	0	0	0	0	0	0	0	0	0	0	0	0	0	0	0	0	0	0	0	0	0	0	0	0	0	0	0	0	0	0	0	0	0	0	0	0	0.818599041652509	0.55618768232925	0.710694376371825	0	0	0	0.512089917451952	0	0	0.764754200860317	0	0.701587616974751	0	0	0	0	0	0	0	0	0	0	0	0	0.502561947065272	0.509928958012093	0	0.721680178781628	0	0.731141267847868	0	0	0.717877933346712	0	0.962860923810868	0	0.706646798974748	0.529884875111141	0	0.787093192560838	0	0.572974226742049	0
0	0	0	0	0	0	0	0	0	0	0	0	0	0	0	0	0	0	0	0	0	0	0	0	0	0	0	0	0	0	0	0	0	0	0	0	0	0	0	0	0	0	0	0	0	0	0.513357857028999	0	0	0	0.696692947957036	0.669477522282988	0.711084103390346	0	0.838816304386856	0	0.846176661620807	0	0	0	0	0.669283377792872	0.8609727269296	0.780307946841256	0	0	0	0	0	0.699231682685016	0	0.567249135401041	0	0	0.635096109938646	0	0	0	0	0	0	0	0	0	0.520069208377532	0	0	0.617971034346055	0.606204455392672	0
0	0	0	0	0	0	0	0	0	0	0	0	0	0	0	0	0	0	0	0	0	0	0	0	0	0	0	0	0	0	0	0	0	0	0	0	0	0	0	0	0	0	0	0	0	0	0	0	0	0.591043961531024	0.541492847917429	0	0.776565851123181	0	0.679906628662964	0	0	0	0	0	0	0.665608255311021	0.775501999144157	0	0.863174273412145	0	0	0	0.656560201679746	0	0.97532286335136	0	0.850896595626735	0	0	0	0.582891941870335	0	0	0	0	0	0	0	0	0	0	0	0	0
0	0	0	0	0	0	0	0	0	0	0	0	0	0	0	0	0	0	0	0	0	0	0	0	0	0	0	0	0	0	0	0	0	0	0	0	0	0	0	0	0	0	0	0	0	0	0	0	0	0	0	0	0	0	0	0	0	0.511156624571961	0	0	0	0	0.754600862736008	0	0	0	0	0.793041241170045	0	0	0	0	0	0	0	0.725826900237607	0	0.957031877960792	0	0.640146335434734	0	0	0	0	0.69875359235833	0.914759914197996	0	0	0.548288882809348	0.550030113199557
0	0	0	0	0	0	0	0	0	0	0	0	0	0	0	0	0	0	0	0	0	0	0	0	0	0	0	0	0	0	0	0	0	0	0	0	0	0	0	0	0	0	0	0	0	0.729679644535018	0.887346265850425	0.59047256412923	0	0	0	0	0	0	0	0.622236484614637	0.759840718018958	0	0.540548097474375	0	0	0.605187256389706	0.839903040012612	0.541512920804168	0	0	0.670844392575256	0	0	0	0.515521302602561	0.953146160376408	0	0	0	0.731134019383199	0	0	0	0	0	0	0.706878043711459	0.651736311160286	0.526590171513896	0	0.7899379370474	0.670968295730123	0	0.50094989023371
0	0	0	0	0	0	0	0	0	0	0	0	0	0	0	0	0	0	0	0	0	0	0	0	0	0	0	0	0	0	0	0	0	0	0	0	0	0	0	0	0	0	0	0	0	0	0.802509175323388	0.978460402948611	0	0	0.734936965301929	0	0	0	0	0	0.96318430194521	0	0	0	0	0.530617990295154	0.920381631678004	0	0.940947486895109	0	0	0.807702716181311	0	0.969599824313229	0	0	0	0	0	0.592509211465234	0	0	0.605876928037089	0.966464966389442	0	0	0	0	0	0.871374206998474	0.675273098382205	0	0.704243400670141	0
0	0	0	0	0	0	0	0	0	0	0	0	0	0	0	0	0	0	0	0	0	0	0	0	0	0	0	0	0	0	0	0	0	0	0	0	0	0	0	0	0	0	0	0	0	0	0.7744393355383	0	0	0	0	0	0	0.60778247581648	0	0	0	0	0	0	0	0.649861076506	0.942493507256875	0	0.837476887014085	0.881057173506905	0.586626130588845	0	0	0.874564095057806	0	0	0	0	0	0.881251766334081	0.511052394386595	0	0	0	0	0	0.636951862022574	0.936618717773898	0.564221117474515	0.943836144378659	0	0	0	0.731717759109445
0	0	0	0	0	0	0	0	0	0	0	0	0	0	0	0	0	0	0	0	0	0	0	0	0	0	0	0	0	0	0	0	0	0	0	0	0	0	0	0	0	0	0	0	0	0.705683164678441	0.59090451496975	0	0.658991345255823	0.874032187002628	0	0.969855417317287	0.592464753695771	0.77706101502304	0	0	0	0	0.513469798847187	0	0	0	0	0	0	0.630256468156876	0	0.75092253875687	0	0	0	0	0	0.625336212453625	0	0.890785802393636	0	0.560608793168822	0	0.529293473790942	0	0.902199998108754	0	0	0	0	0.960444270195398	0	0	0
0	0	0	0	0	0	0	0	0	0	0	0	0	0	0	0	0	0	0	0	0	0	0	0	0	0	0	0	0	0	0	0	0	0	0	0	0	0	0	0	0	0	0	0	0	0	0	0	0.50655656023625	0	0	0	0.778508621122923	0	0	0	0.683531047105997	0	0	0	0	0	0	0	0	0	0	0	0	0	0	0	0.729411115321492	0	0.62990486883867	0.941679362790993	0.589137333785974	0.554582015050433	0	0	0.856417672040839	0.914506979408124	0	0	0	0	0	0.801257563244202	0	0
0	0	0	0	0	0	0	0	0	0	0	0	0	0	0	0	0	0	0	0	0	0	0	0	0	0	0	0	0	0	0	0	0	0	0	0	0	0	0	0	0	0	0	0	0	0.914980847860137	0	0.7275413607058	0.720719210808425	0	0	0.541634859413568	0.906775959164225	0	0	0	0.75204334110567	0	0	0	0	0	0	0	0	0.999682332634463	0.611378057527197	0	0	0	0	0	0	0.790107106205006	0	0.517407880681944	0	0	0	0	0	0.891994145696548	0	0	0	0.747976211034979	0.552541234570068	0	0	0
0	0	0	0	0	0	0	0	0	0	0	0	0	0	0	0	0	0	0	0	0	0	0	0	0	0	0	0	0	0	0	0	0	0	0	0	0	0	0	0	0	0	0	0	0	0	0	0	0	0	0	0	0	0.634548701806445	0	0	0	0.642041203568834	0	0	0.911812718262027	0	0	0	0.932819597209235	0	0	0	0.869865989565978	0.992251285882909	0.880323251309044	0.840456437484086	0.780534113128851	0.506839140708641	0.746879119949962	0	0	0	0	0.790726385489185	0	0	0.791186842429545	0	0	0	0	0	0	0
0	0	0	0	0	0	0	0	0	0	0	0	0	0	0	0	0	0	0	0	0	0	0	0	0	0	0	0	0	0	0	0	0	0	0	0	0	0	0	0	0	0	0	0	0	0.514673779555606	0	0.89423144884972	0	0.702914070399921	0.503683691763304	0.838281144838925	0	0	0	0	0	0.977960175819316	0	0	0	0	0	0.864629435466843	0	0.891990029689445	0	0.936391764859899	0	0	0	0.842390209037724	0	0.580973989880143	0	0	0	0	0.717014038035233	0	0	0	0	0.609951071173532	0	0	0	0.553985479255398	0.678311051585112	0
0	0	0	0	0	0	0	0	0	0	0	0	0	0	0	0	0	0	0	0	0	0	0	0	0	0	0	0	0	0	0	0	0	0	0	0	0	0	0	0	0	0	0	0	0	0	0	0	0	0	0	0	0.917954388782561	0	0.951606442072811	0.554921538745696	0	0	0	0.986337975280786	0	0	0	0	0	0	0	0	0.586610374268284	0	0	0	0.778105573574995	0.714056346733798	0	0	0	0	0.685692073037437	0.669956064513656	0.620194599585084	0.736338705847755	0	0.780253476618879	0.923134860243549	0.927843107856295	0	0.956440651026121	0.756087852428961	0
0	0	0	0	0	0	0	0	0	0	0	0	0	0	0	0	0	0	0	0	0	0	0	0	0	0	0	0	0	0	0	0	0	0	0	0	0	0	0	0	0	0	0	0	0	0	0	0	0	0	0	0.524113717493417	0.669929617888661	0	0	0	0	0	0.784391905920306	0.899668903533021	0.810599178932097	0	0	0	0	0	0	0	0	0	0.66973038290055	0	0	0	0	0	0.5359632047526	0.616368083805601	0	0	0	0.568462873190987	0	0	0	0	0.948370772046645	0.694385343478011	0	0
0	0	0	0	0	0	0	0	0	0	0	0	0	0	0	0	0	0	0	0	0	0	0	0	0	0	0	0	0	0	0	0	0	0	0	0	0	0	0	0	0	0	0	0	0	0.646171633982576	0	0	0	0.913287617348126	0.51462712092452	0	0	0.636536431026632	0	0	0	0.960267269768466	0	0.513278928190659	0	0	0.771130924416353	0	0	0.585110297271497	0	0	0.801697648656388	0	0.723158228326158	0	0.818338514744484	0	0	0.718253600772075	0	0.534590260778505	0	0	0.891601271705631	0.903040462918714	0	0	0	0	0	0.991385722419353	0	0
0	0	0	0	0	0	0	0	0	0	0	0	0	0	0	0	0	0	0	0	0	0	0	0	0	0	0	0	0	0	0	0	0	0	0	0	0	0	0	0	0	0	0	0	0	0.901397878839695	0.505076082036873	0.935740157972505	0	0	0.578636696114435	0	0.544952880294985	0	0.832783509842086	0	0.830034768655113	0	0.683291975097708	0	0.610306976705954	0	0	0	0	0	0	0	0	0	0	0	0	0.671182436419079	0	0	0	0.976483655121865	0	0.805212092966459	0	0.543689608726296	0.731823317100093	0	0.839144509470338	0	0	0.551493714887367	0	0.54602281802221
0	0	0	0	0	0	0	0	0	0	0	0	0	0	0	0	0	0	0	0	0	0	0	0	0	0	0	0	0	0	0	0	0	0	0	0	0	0	0	0	0	0	0	0	0	0.859117484005138	0	0	0	0	0	0	0	0.561667373442622	0	0	0	0	0	0	0	0	0	0.592158385045472	0	0.909893250827245	0	0	0	0	0	0	0.640802572779507	0.958412440734524	0.633761079133996	0	0	0.96423763224664	0.649770610464507	0.611671877529183	0.620570466503451	0	0	0	0.867795779970647	0	0.886650528478072	0	0.593944325709821	0
0	0	0	0	0	0	0	0	0	0	0	0	0	0	0	0	0	0	0	0	0	0	0	0	0	0	0	0	0	0	0	0	0	0	0	0	0	0	0	0	0	0	0	0	0	0	0	0	0	0	0	0	0	0	0	0.84412797627055	0.896120275297097	0	0	0.879770973280622	0.801598666119893	0	0.760849840738079	0	0	0	0	0	0	0.588479612886515	0	0.805345903929239	0	0	0	0.585396799106482	0	0	0	0	0.742302801979343	0	0	0	0.65616054251841	0.726261581591051	0.710563596630856	0.588431237955742	0.512798553874911	0
0	0	0	0	0	0	0	0	0	0	0	0	0	0	0	0	0	0	0	0	0	0	0	0	0	0	0	0	0	0	0	0	0	0	0	0	0	0	0	0	0	0	0	0	0	0.860318346364763	0	0	0.647317695510197	0	0.599358066285333	0	0	0	0	0	0	0	0	0	0	0.567276767633072	0	0	0	0.907435821041188	0	0	0	0.977217746695506	0	0.707616179234342	0	0	0	0	0.799401500044244	0.58870277573976	0	0	0	0	0	0	0.565849400811592	0.600535116668149	0.62235630082857	0	0	0.990669146870577
0	0	0	0	0	0	0	0	0	0	0	0	0	0	0	0	0	0	0	0	0	0	0	0	0	0	0	0	0	0	0	0	0	0	0	0	0	0	0	0	0	0	0	0	0	0	0	0.76104388511181	0	0	0	0	0	0	0	0	0	0	0	0.839273247457564	0	0.79859926236604	0	0.954008049784076	0	0.538979965906266	0.868864979596771	0	0.53943553382197	0.937364001096944	0	0.905951895770277	0	0	0	0	0	0.849153510786414	0	0	0.592031573052633	0.913384710555067	0.591920348091144	0.768335683324513	0	0	0	0	0.592680957710104	0.77560539498569
0	0	0	0	0	0	0	0	0	0	0	0	0	0	0	0	0	0	0	0	0	0	0	0	0	0	0	0	0	0	0	0	0	0	0	0	0	0	0	0	0	0	0	0	0	0.78626716464521	0	0	0.857973491058727	0	0	0	0	0.573298697187696	0	0.865796754030356	0	0	0	0.855444573934533	0	0.59751279813878	0	0	0	0	0	0	0.61922357459232	0	0.7611731354665	0.551329683328412	0	0	0.995335839695621	0	0	0.628765306848764	0	0	0	0	0.720280464161129	0.908190210843888	0	0	0	0	0	0
0	0	0	0	0	0	0	0	0	0	0	0	0	0	0	0	0	0	0	0	0	0	0	0	0	0	0	0	0	0	0	0	0	0	0	0	0	0	0	0	0	0	0	0	0	0	0.757415405028742	0.796247587595353	0.94282085521298	0	0	0	0	0	0	0	0.622468017312062	0	0	0	0	0	0	0	0.871179254207504	0.884179590278221	0	0	0	0.556927551780243	0.793944302424472	0	0.78429441642319	0	0.643652455626028	0	0	0	0.757736831150295	0	0	0.644894429385024	0.959843890105255	0.596027801995901	0	0	0	0.853474122802328	0	0
0	0	0	0	0	0	0	0	0	0	0	0	0	0	0	0	0	0	0	0	0	0	0	0	0	0	0	0	0	0	0	0	0	0	0	0	0	0	0	0	0	0	0	0	0	0	0	0	0.771294317068136	0.668408826618974	0	0.907645503476017	0.889312400758276	0.938021713958296	0	0	0	0	0	0	0	0	0	0.71025125100177	0.993677729291001	0	0.932259642685565	0	0	0.71257660997965	0	0	0	0.808435205763861	0	0	0.522465044828017	0.956046651501013	0.540926257272651	0.511744087648693	0.644197508315064	0	0.876275222599453	0	0	0	0.825478988607173	0	0	0
0	0	0	0	0	0	0	0	0	0	0	0	0	0	0	0	0	0	0	0	0	0	0	0	0	0	0	0	0	0	0	0	0	0	0	0	0	0	0	0	0	0	0	0	0	0	0	0	0	0	0	0	0.583918011976571	0	0.652288278009397	0	0	0.703535972625599	0	0	0.603689468317603	0	0	0.975884592695886	0	0.897273108349209	0.509783319501319	0	0.968628881551932	0	0.628417698592525	0	0	0	0	0	0.673560502921779	0.822047274072942	0	0	0	0.965133650933537	0.78116993275818	0	0.83620530112547	0	0	0	0	0
0	0	0	0	0	0	0	0	0	0	0	0	0	0	0	0	0	0	0	0	0	0	0	0	0	0	0	0	0	0	0	0	0	0	0	0	0	0	0	0	0	0	0	0	0	0	0	0.939093015378209	0	0	0	0	0	0.703931100115778	0.691826850313677	0	0	0.826678430561113	0	0.966616846689481	0.81917901317263	0	0	0	0	0	0	0	0.560994481631154	0.572413515292612	0	0.72354564998784	0	0	0	0	0	0	0	0	0.81999904859126	0	0	0.704656742404843	0.642355549206835	0	0	0	0	0
