0	0	0	0	0	0.993786934093941	0	0	0	0.908139379626766	0.852174417323612	0	0	0	0	0	0.917200603946442	0	0	0	0.580753713689309	0.805402294636091	0	0.503389963424541	0	0	0.511747567266243	0	0	0	0.742961543476679	0	0	0.755641925317194	0	0	0	0	0	0	0	0	0	0	0	0	0	0	0	0	0	0	0	0	0	0	0	0	0	0	0	0	0	0	0	0	0	0	0	0	0	0	0	0	0	0	0	0	0	0	0	0	0	0	0	0	0	0	0	0
0	0	0.730412613167193	0	0	0.89497643466903	0.855442695871075	0	0	0	0.769237154892778	0	0.515945070841535	0.620919474783628	0	0	0	0	0	0.746221921282847	0	0	0	0	0	0	0	0.898216956793198	0	0	0	0	0	0	0.722354440777681	0	0	0	0.846198727716696	0	0.797431064413209	0	0.62466841013716	0.573347867532992	0	0	0	0	0	0	0	0	0	0	0	0	0	0	0	0	0	0	0	0	0	0	0	0	0	0	0	0	0	0	0	0	0	0	0	0	0	0	0	0	0	0	0	0	0	0
0	0.681379340574773	0	0.757675721075949	0.811625409391152	0	0	0.54064460049591	0	0	0	0	0	0	0	0.59487168310764	0.505690570818084	0.831608526141403	0.688241997878438	0	0	0	0	0.659258867526973	0	0.504880376159095	0	0	0	0.709438811831579	0	0	0	0	0.5718280803583	0	0	0	0	0.855029490572707	0.897693532457817	0	0	0	0	0	0	0	0	0	0	0	0	0	0	0	0	0	0	0	0	0	0	0	0	0	0	0	0	0	0	0	0	0	0	0	0	0	0	0	0	0	0	0	0	0	0	0	0	0
0	0	0.891590541105322	0	0.788701882834998	0.564502327490283	0.870464079916303	0.578262118345269	0.676620927773202	0	0	0	0.857114453283868	0	0	0	0	0.553065942559301	0	0.915827767001994	0	0	0	0	0	0	0	0	0	0.773891063800061	0	0	0	0	0	0	0	0	0	0.733446786880723	0	0	0	0	0	0	0	0	0	0	0	0	0	0	0	0	0	0	0	0	0	0	0	0	0	0	0	0	0	0	0	0	0	0	0	0	0	0	0	0	0	0	0	0	0	0	0	0	0	0
0	0	0.735732299147077	0.849448188988463	0	0.526096356802265	0	0	0.78354197089595	0	0.67000797146049	0	0.702689844947449	0	0.69248333047212	0.938851613368114	0	0.81425058658973	0	0	0.945453629755921	0	0	0	0	0	0	0.947192960758683	0	0	0	0	0.986664604063059	0	0	0	0	0	0	0	0	0	0.545865607637796	0.603418955630026	0	0	0	0	0	0	0	0	0	0	0	0	0	0	0	0	0	0	0	0	0	0	0	0	0	0	0	0	0	0	0	0	0	0	0	0	0	0	0	0	0	0	0	0	0	0
0.574606813670235	0.913139932550016	0	0.991561088854301	0.751350931344655	0	0	0.802086958221101	0	0	0	0	0	0	0	0	0	0.564974753895129	0	0	0.568063946799729	0	0	0.717601815368516	0.529382895641911	0	0	0	0.925368817483683	0.730959174978146	0	0	0.610982082804654	0.755391972975903	0	0	0.856470538552257	0	0.663471909961587	0.797668886256662	0	0	0.917045982250177	0	0	0	0	0	0	0	0	0	0	0	0	0	0	0	0	0	0	0	0	0	0	0	0	0	0	0	0	0	0	0	0	0	0	0	0	0	0	0	0	0	0	0	0	0	0	0
0	0.776132084008198	0	0.775465332833728	0	0	0	0.900537104807769	0	0.626545252755688	0.652898003640731	0	0	0.648858221059236	0	0	0	0	0.721406545553086	0.795371767755396	0.583786976925699	0	0	0	0	0	0	0.622494953989637	0	0	0.819057957216594	0	0.61307987037387	0.621085478805729	0	0	0	0	0.70173740147719	0	0	0	0	0	0	0	0	0	0	0	0	0	0	0	0	0	0	0	0	0	0	0	0	0	0	0	0	0	0	0	0	0	0	0	0	0	0	0	0	0	0	0	0	0	0	0	0	0	0	0
0	0	0.71671354764193	0.848124581527673	0	0.680475027777217	0.807688397084511	0	0	0	0.611312261775751	0	0.590213682828145	0	0	0	0	0	0	0	0.714868746110275	0.786238468510247	0	0	0.921296466266726	0.681612952107853	0.8863786746194	0	0.619414582798866	0	0	0	0.973654922005008	0	0	0.670871229082134	0	0.773617059807796	0	0	0.753027547869386	0	0.501607573896097	0	0.592604925135929	0	0	0	0	0	0	0	0	0	0	0	0	0	0	0	0	0	0	0	0	0	0	0	0	0	0	0	0	0	0	0	0	0	0	0	0	0	0	0	0	0	0	0	0	0
0	0	0	0.634712766316795	0.806797014841104	0	0	0	0	0	0	0.782453230251717	0.892909510692446	0	0	0	0	0	0	0	0.929983647241345	0	0	0.602019798242066	0	0	0.572206726064165	0	0	0.846129942854312	0.804309437424567	0	0	0	0	0.615384746947287	0	0.659067554591592	0	0	0	0.995705642077207	0	0	0	0	0	0	0	0	0	0	0	0	0	0	0	0	0	0	0	0	0	0	0	0	0	0	0	0	0	0	0	0	0	0	0	0	0	0	0	0	0	0	0	0	0	0	0	0
0.514800169829956	0	0	0	0	0	0.859864193399453	0	0	0	0	0	0	0.951851508305503	0	0	0.793371948896888	0.978735190184242	0	0	0.790320497154565	0.546433413889603	0	0	0.574143748993035	0	0	0	0	0	0.505802181563181	0	0	0	0.846992627734728	0.838082415070132	0	0	0	0	0	0	0	0.957927410371444	0	0	0	0	0	0	0	0	0	0	0	0	0	0	0	0	0	0	0	0	0	0	0	0	0	0	0	0	0	0	0	0	0	0	0	0	0	0	0	0	0	0	0	0	0	0
0.78090888700774	0.535832593948356	0	0	0.877768447172965	0	0.599323462850518	0.583238999017371	0	0	0	0.818209395001739	0	0.716236236215674	0	0	0	0.512690419477037	0	0	0	0	0	0	0	0	0	0	0.882272543418532	0	0	0	0	0	0.991289283060511	0	0.985790132393865	0	0	0	0	0.754936580987924	0	0	0.848053824952375	0	0	0	0	0	0	0	0	0	0	0	0	0	0	0	0	0	0	0	0	0	0	0	0	0	0	0	0	0	0	0	0	0	0	0	0	0	0	0	0	0	0	0	0	0
0	0	0	0	0	0	0	0	0.70060786482385	0	0.835862294556572	0	0.700917358381133	0	0	0.677617543017162	0	0.663022955212679	0.92483885030408	0	0	0.946334708029979	0.835327626914488	0	0	0	0.917620701211593	0.776345133312773	0	0	0	0	0	0	0	0	0	0	0	0	0.689507209656937	0.929957150732673	0	0.503371797905526	0	0	0	0	0	0	0	0	0	0	0	0	0	0	0	0	0	0	0	0	0	0	0	0	0	0	0	0	0	0	0	0	0	0	0	0	0	0	0	0	0	0	0	0	0	0
0	0.922749840186188	0	0.660256332471043	0.677726336898834	0	0	0.626092973492181	0.659584674337874	0	0	0.770551185062805	0	0	0.502052235970357	0	0	0	0.835629100365812	0.513790860272401	0	0	0	0	0	0	0	0.805782456908597	0	0	0.56417277104214	0	0	0	0	0	0	0	0.966581298351808	0.502646353830163	0	0	0	0	0	0	0	0	0	0	0	0	0	0	0	0	0	0	0	0	0	0	0	0	0	0	0	0	0	0	0	0	0	0	0	0	0	0	0	0	0	0	0	0	0	0	0	0	0	0
0	0.951117131397421	0	0	0	0	0.679171245314943	0	0	0.984684534799787	0.77634743168662	0	0	0	0.87231991764052	0	0.549764789762509	0	0.537992788549437	0.535061207898042	0	0.601876939616124	0	0.670693186094395	0	0	0	0	0.685391854881688	0	0	0	0.610100385137116	0	0	0	0	0	0	0	0	0	0.876874626757522	0	0.833898612928262	0	0	0	0	0	0	0	0	0	0	0	0	0	0	0	0	0	0	0	0	0	0	0	0	0	0	0	0	0	0	0	0	0	0	0	0	0	0	0	0	0	0	0	0	0
0	0	0	0	0.790676933729996	0	0	0	0	0	0	0	0.751577317817064	0.567514552557603	0	0.911444668261121	0	0	0	0	0	0	0	0.53906807091437	0	0.803769277025904	0.575604053339878	0	0	0.925786707769385	0	0	0	0.645292582169652	0	0	0	0	0	0.928512057298295	0.845128168354459	0	0	0	0	0	0	0	0	0	0	0	0	0	0	0	0	0	0	0	0	0	0	0	0	0	0	0	0	0	0	0	0	0	0	0	0	0	0	0	0	0	0	0	0	0	0	0	0	0
0	0	0.942670328564426	0	0.682848639491487	0	0	0	0	0	0	0.733278870698059	0	0	0.653109188546851	0	0	0.774421609485813	0	0.513328015878542	0	0.630228007003673	0	0	0	0.703142178046164	0	0	0	0.826214765283386	0.588593254888044	0	0	0.511484425638128	0	0	0	0.504947144274458	0	0	0	0	0	0	0	0	0	0	0	0	0	0	0	0	0	0	0	0	0	0	0	0	0	0	0	0	0	0	0	0	0	0	0	0	0	0	0	0	0	0	0	0	0	0	0	0	0	0	0	0
0.713399740237554	0	0.754684033900712	0	0	0	0	0	0	0.622162579392617	0	0	0	0.504481281905797	0	0	0	0	0	0.64162343619032	0.595808817437933	0.954857489733507	0.536276539159261	0	0	0	0	0	0	0	0	0.556189653177031	0.988541386843368	0	0	0	0.89093836980642	0	0.897581126449098	0	0.71980926748537	0	0	0	0	0	0	0	0	0	0	0	0	0	0	0	0	0	0	0	0	0	0	0	0	0	0	0	0	0	0	0	0	0	0	0	0	0	0	0	0	0	0	0	0	0	0	0	0	0
0	0	0.57294939654836	0.961012568359633	0.84308803067699	0.594893622941101	0	0	0	0.936006083309803	0.546163921563281	0.600154491250844	0	0	0	0.916193484493306	0	0	0	0	0.657950648332233	0.512393400036727	0	0	0	0	0	0.652914392961462	0	0	0.623374970761126	0	0	0	0	0	0	0	0.980146179766192	0	0	0	0	0	0	0	0	0	0	0	0	0	0	0	0	0	0	0	0	0	0	0	0	0	0	0	0	0	0	0	0	0	0	0	0	0	0	0	0	0	0	0	0	0	0	0	0	0	0	0
0	0	0.88080571760204	0	0	0	0.633167955787469	0	0	0	0	0.604597145839927	0.839452534488418	0.880876745705458	0	0	0	0	0	0	0	0.781694581039798	0.619117133741842	0.913334083111991	0	0	0	0	0	0	0	0.600344135032585	0.821637328269414	0	0.835952867186841	0	0.6982937991838	0.571336400923378	0	0	0	0	0	0	0	0	0	0	0	0	0	0	0	0	0	0	0	0	0	0	0	0	0	0	0	0	0	0	0	0	0	0	0	0	0	0	0	0	0	0	0	0	0	0	0	0	0	0	0	0
0	0.529595121308512	0	0.642562047499028	0	0	0.857211298657486	0	0	0	0	0	0.990689244187084	0.607628947832786	0	0.534120787289481	0.624082411819577	0	0	0	0	0.825088892263211	0	0.765261319626718	0	0	0	0.959525275589696	0.910231255966601	0	0	0	0	0	0	0	0	0	0	0.521886245318211	0	0.97668615198482	0	0	0	0	0	0	0	0	0	0	0	0	0	0	0	0	0	0	0	0	0	0	0	0	0	0	0	0	0	0	0	0	0	0	0	0	0	0	0	0	0	0	0	0	0	0	0	0
0.651336102237231	0	0	0	0.970326079397628	0.738065544364972	0.560113770731866	0.917663251131359	0.947052911048505	0.825006602693837	0	0	0	0	0	0	0.651736637101655	0.914185403405003	0	0	0	0	0	0	0.657777165439447	0	0.537413329622416	0.505460972771566	0.761963054233298	0	0	0	0	0	0	0	0	0.847572518292802	0	0	0	0	0.625889955844915	0	0.901973784619001	0	0	0	0	0	0	0	0	0	0	0	0	0	0	0	0	0	0	0	0	0	0	0	0	0	0	0	0	0	0	0	0	0	0	0	0	0	0	0	0	0	0	0	0	0
0.712313478977768	0	0	0	0	0	0	0.620629388134292	0	0.818021475081669	0	0.84329438769097	0	0.509568603829303	0	0.726853242777797	0.728957759713747	0.755838143439146	0.878065699199542	0.923833492289646	0	0	0	0	0.937765987713162	0.676695002800724	0	0	0.742625068718917	0	0	0	0	0	0	0.52915180793746	0.872433511508835	0.545060580724496	0.901234762961088	0.547546696526759	0	0	0.537748417645037	0.893539366660158	0	0	0	0	0	0	0	0	0	0	0	0	0	0	0	0	0	0	0	0	0	0	0	0	0	0	0	0	0	0	0	0	0	0	0	0	0	0	0	0	0	0	0	0	0	0
0	0	0	0	0	0	0	0	0	0	0	0.688452175573131	0	0	0	0	0.924278840418257	0	0.722906159486588	0	0	0	0	0.819391190888049	0.889625123209273	0.854439544444694	0	0	0.97042029987689	0	0	0	0	0	0	0	0.874730892409102	0	0.900525052445196	0	0.516846124702117	0.711273073508664	0.531589366257589	0.984535044664562	0	0	0	0	0	0	0	0	0	0	0	0	0	0	0	0	0	0	0	0	0	0	0	0	0	0	0	0	0	0	0	0	0	0	0	0	0	0	0	0	0	0	0	0	0	0
0.979002813784031	0	0.579445438137035	0	0	0.832909723317023	0	0	0.847205413645441	0	0	0	0	0.812575162976109	0.763658290642887	0	0	0	0.744518149043655	0.924697039273924	0	0	0.663919906508921	0	0.869084998047825	0	0	0.790133708088446	0.920523532409943	0.807541319102494	0	0	0	0	0	0	0	0	0	0.8538900330527	0.609974458149202	0	0	0.883600479167271	0	0	0	0	0	0	0	0	0	0	0	0	0	0	0	0	0	0	0	0	0	0	0	0	0	0	0	0	0	0	0	0	0	0	0	0	0	0	0	0	0	0	0	0	0	0
0	0	0	0	0	0.988590550627018	0	0.952645002084528	0	0.945417351754122	0	0	0	0	0	0	0	0	0	0	0.555671682676651	0.746974389303143	0.818754094378706	0.702123574590403	0	0	0.566665997458582	0	0.641437973087538	0	0	0	0	0.581240790737608	0	0	0	0	0	0	0	0	0	0.774920047614506	0.891732291315519	0	0	0	0	0	0	0	0	0	0	0	0	0	0	0	0	0	0	0	0	0	0	0	0	0	0	0	0	0	0	0	0	0	0	0	0	0	0	0	0	0	0	0	0	0
0	0	0.507277541453611	0	0	0	0	0.583718539491235	0	0	0	0	0	0	0.863458029171668	0.683357335451038	0	0	0	0	0	0.800016571434016	0.76775976744759	0	0	0	0.928531574517621	0	0	0	0.891726579744865	0	0	0	0	0.741215496130301	0	0	0	0	0	0	0	0	0.787402444348257	0	0	0	0	0	0	0	0	0	0	0	0	0	0	0	0	0	0	0	0	0	0	0	0	0	0	0	0	0	0	0	0	0	0	0	0	0	0	0	0	0	0	0	0	0
0.681286393402966	0	0	0	0	0	0	0.91515740807312	0.565793927135965	0	0	0.765086209113806	0	0	0.700863806891077	0	0	0	0	0	0.725496827299522	0	0	0	0.531853369419786	0.556884163489011	0	0	0	0	0	0.893350468375529	0.701066479337355	0	0	0	0.522550184823696	0	0.853843911827371	0	0	0.889793213703977	0	0	0	0	0	0	0	0	0	0	0	0	0	0	0	0	0	0	0	0	0	0	0	0	0	0	0	0	0	0	0	0	0	0	0	0	0	0	0	0	0	0	0	0	0	0	0	0
0	0.52184047537868	0	0	0.603610261836605	0	0.937557005425125	0	0	0	0	0.693644441758004	0.826121213928732	0	0	0	0	0.733812411272717	0	0.602251677456856	0.786329453439713	0	0	0.569122589758064	0	0	0	0	0	0	0.941955731905121	0	0.573406904251334	0	0	0	0	0.868262358139754	0.604994706844565	0	0	0	0	0	0.671519539140819	0	0	0	0	0	0	0	0	0	0	0	0	0	0	0	0	0	0	0	0	0	0	0	0	0	0	0	0	0	0	0	0	0	0	0	0	0	0	0	0	0	0	0	0	0
0	0	0	0	0	0.971650537190862	0	0.668608888946111	0	0	0.660315494606548	0	0	0.501069865477308	0	0	0	0	0	0.923984303779214	0.703028963502449	0.845915559147702	0.599012441885586	0.984473269096367	0.772460014920719	0	0	0	0	0	0	0	0	0.512222463716003	0.998852560963464	0	0.510528718588344	0	0	0.726177890852892	0	0	0	0.90830749522896	0.87068860905213	0	0	0	0	0	0	0	0	0	0	0	0	0	0	0	0	0	0	0	0	0	0	0	0	0	0	0	0	0	0	0	0	0	0	0	0	0	0	0	0	0	0	0	0	0
0	0	0.98805587686132	0.866095696889524	0	0.542486209882465	0	0	0.833737350642085	0	0	0	0	0	0.518016821584575	0.743829502529775	0	0	0	0	0	0	0	0.957233681631013	0	0	0	0	0	0	0.911494229325067	0	0	0.608663917516789	0.844804265167444	0	0.653426306001954	0	0	0	0	0	0	0	0	0	0	0	0	0	0	0	0	0	0	0	0	0	0	0	0	0	0	0	0	0	0	0	0	0	0	0	0	0	0	0	0	0	0	0	0	0	0	0	0	0	0	0	0	0
0.538410937798332	0	0	0	0	0	0.781393177649717	0	0.927445098099555	0.614241707352779	0	0	0.844780984282893	0	0	0.931682291006842	0	0.782903989877322	0	0	0	0	0	0	0	0.944773958528357	0	0.526061400686155	0	0.666293940517667	0	0	0.551101955601481	0	0	0	0.806444917089889	0	0	0	0	0	0	0	0.71203128361584	0	0	0	0	0	0	0	0	0	0	0	0	0	0	0	0	0	0	0	0	0	0	0	0	0	0	0	0	0	0	0	0	0	0	0	0	0	0	0	0	0	0	0	0	0
0	0	0	0	0	0	0	0	0	0	0	0	0	0	0	0	0.918600994164594	0	0.774770310178544	0	0	0	0	0	0	0	0.689818236911508	0	0	0	0	0	0.786770907650302	0.76478270964554	0	0	0	0	0.699964829380903	0.564508002478017	0	0.790110546033268	0	0.809252326468466	0.710782352678044	0	0	0	0	0	0	0	0	0	0	0	0	0	0	0	0	0	0	0	0	0	0	0	0	0	0	0	0	0	0	0	0	0	0	0	0	0	0	0	0	0	0	0	0	0
0	0	0	0	0.972234298201903	0.733290902183038	0.931863513066212	0.537838056741474	0	0	0	0	0	0.886056395288643	0	0	0.507136219953642	0	0.989072109208553	0	0	0	0	0	0	0	0.657114461924929	0.568966446336935	0	0	0.685969901009782	0.577376413741364	0	0.519022340627989	0	0	0.636591496918731	0.680850797446263	0.511035959444132	0	0.669822421935514	0.668932651443287	0.772549882941964	0	0.539186891105442	0	0	0	0	0	0	0	0	0	0	0	0	0	0	0	0	0	0	0	0	0	0	0	0	0	0	0	0	0	0	0	0	0	0	0	0	0	0	0	0	0	0	0	0	0
0.789252292656683	0	0	0	0	0.71678161451608	0.903831948006653	0	0	0	0	0	0	0	0.906172893196807	0.895700279059589	0	0	0	0	0	0	0	0	0.807257907922556	0	0	0	0.982500258752793	0.609691000498411	0	0.769021924897549	0.611171045072795	0	0.967531758036515	0	0.529092920361807	0.879831886987011	0	0.874995169351299	0.77219801400278	0	0	0.698655909606256	0	0	0	0	0	0	0	0	0	0	0	0	0	0	0	0	0	0	0	0	0	0	0	0	0	0	0	0	0	0	0	0	0	0	0	0	0	0	0	0	0	0	0	0	0	0
0	0.959676412981015	0.600882634705966	0	0	0	0	0	0	0.851650444507748	0.952932914602901	0	0	0	0	0	0	0	0.621545053076514	0	0	0	0	0	0	0	0	0	0.841647995066096	0.767275353350595	0	0	0	0.872643989652332	0	0.757517689658969	0.685144922327938	0.652810701966838	0.660680735444129	0.802987520259261	0	0.996068125352653	0	0	0.854260878965527	0	0	0	0	0	0	0	0	0	0	0	0	0	0	0	0	0	0	0	0	0	0	0	0	0	0	0	0	0	0	0	0	0	0	0	0	0	0	0	0	0	0	0	0	0
0	0	0	0	0	0	0	0.856205262973902	0.599474788317342	0.891897013450416	0	0	0	0	0	0	0	0	0	0	0	0.607480323066114	0	0	0	0.71908066682953	0	0	0	0	0	0	0	0	0.957462047876644	0	0.828305292962377	0.966657284408826	0.61366058457303	0	0.563327001397319	0	0.661116224065528	0	0.823329866764588	0	0	0	0	0	0	0	0	0	0	0	0	0	0	0	0	0	0	0	0	0	0	0	0	0	0	0	0	0	0	0	0	0	0	0	0	0	0	0	0	0	0	0	0	0
0	0	0	0	0	0.750580436174191	0	0	0	0	0.957816129891996	0	0	0	0	0	0.721410578161832	0	0.942322420153208	0	0	0.973193325839574	0.756032783757364	0	0	0	0.862096124957662	0	0.924621845685427	0.585775490165008	0.779674684445353	0	0.564008120816185	0.834574442108694	0.724646393512455	0.775335243450509	0	0	0	0	0.673521451609614	0	0.740792232446958	0.566701017179167	0	0	0	0	0	0	0	0	0	0	0	0	0	0	0	0	0	0	0	0	0	0	0	0	0	0	0	0	0	0	0	0	0	0	0	0	0	0	0	0	0	0	0	0	0	0
0	0	0	0	0	0	0	0.788502040151499	0.750046655284588	0	0	0	0	0	0	0.816923227269563	0	0	0.828205001893195	0	0.539771090997221	0.808435470994594	0	0	0	0	0	0.946612292710924	0	0	0	0	0.722031184914061	0.697249419531525	0.800600133308551	0.79189850112993	0	0	0.945451360529684	0	0.523088405585631	0	0.641878263871745	0.972786358340594	0.523551136370655	0	0	0	0	0	0	0	0	0	0	0	0	0	0	0	0	0	0	0	0	0	0	0	0	0	0	0	0	0	0	0	0	0	0	0	0	0	0	0	0	0	0	0	0	0
0	0.655686577756782	0	0	0	0.747899254502485	0.576364820500757	0	0	0	0	0	0.760806879494708	0	0	0	0.613833184807393	0.565949150540751	0	0	0	0.996688521654925	0.890867273071223	0	0	0	0.689528235238744	0.924869494048611	0	0	0	0.812884105278834	0.558252586642836	0	0.961790850819563	0.589841458793022	0	0.68616566698119	0	0.7352605952919	0	0	0	0.883156830325782	0.832762539201819	0	0	0	0	0	0	0	0	0	0	0	0	0	0	0	0	0	0	0	0	0	0	0	0	0	0	0	0	0	0	0	0	0	0	0	0	0	0	0	0	0	0	0	0	0
0	0	0.994635604150879	0.766732450339978	0	0.630407863108981	0	0	0	0	0	0	0.707058987135625	0	0.802225101889878	0	0	0	0	0.845451145354768	0	0.503712804966286	0	0.804111150218303	0	0	0	0	0.909935614582458	0	0	0.723052425844284	0	0.795793381643225	0.637870597584539	0	0	0	0.565656683323414	0	0	0.912093660182711	0	0	0	0	0	0	0	0	0	0	0	0	0	0	0	0	0	0	0	0	0	0	0	0	0	0	0	0	0	0	0	0	0	0	0	0	0	0	0	0	0	0	0	0	0	0	0	0
0	0.553733101070842	0.678291228769443	0	0	0	0	0.684222882710242	0	0	0	0.905467502652919	0	0	0.55886923804356	0	0.687004512683392	0	0	0	0	0	0.85758521487239	0.557404236716745	0	0	0	0	0	0	0	0	0.997980750790458	0.50310576113374	0	0.520510273676302	0.943200092471299	0.796327586244016	0	0	0	0.512237593577742	0.624424504009641	0	0	0	0	0	0	0	0	0	0	0	0	0	0	0	0	0	0	0	0	0	0	0	0	0	0	0	0	0	0	0	0	0	0	0	0	0	0	0	0	0	0	0	0	0	0	0
0	0	0	0	0	0	0	0	0.970769033593902	0	0.813597096297602	0.615428145934735	0	0	0	0	0	0	0	0.587302404700355	0	0	0.6443914547527	0	0	0	0.563047990490689	0	0	0	0	0.679617109092481	0.708952804091971	0	0.97780717237147	0	0	0	0	0.923975332914738	0.717216628672401	0	0.83319735665623	0.851698060645501	0.923264422848056	0	0	0	0	0	0	0	0	0	0	0	0	0	0	0	0	0	0	0	0	0	0	0	0	0	0	0	0	0	0	0	0	0	0	0	0	0	0	0	0	0	0	0	0	0
0	0.593207811804569	0	0	0.812270753484491	0.948886324512867	0	0.698221057860639	0	0	0	0	0	0.983176004893134	0	0	0	0	0	0	0.982862243719849	0.692827319770495	0.864731809449546	0	0	0	0	0	0	0	0	0	0.667460241531929	0	0	0.848038740944453	0.920739423158607	0.723428019698529	0	0	0.733232609130401	0.595241006132423	0	0.978740609724031	0	0	0	0	0	0	0	0	0	0	0	0	0	0	0	0	0	0	0	0	0	0	0	0	0	0	0	0	0	0	0	0	0	0	0	0	0	0	0	0	0	0	0	0	0	0
0	0.832187669316504	0	0	0.577557897207256	0	0	0	0	0.716336092737806	0	0.892784171708414	0	0	0	0	0	0	0	0	0	0.981473207944762	0.727472427434541	0.798760853711561	0.547888784873798	0	0	0	0.5858008338165	0	0	0.67110903099393	0	0.855547597683935	0	0	0.869006469101075	0.864139271789334	0.766432649782078	0	0	0.688601489198934	0.807798847352171	0	0	0	0	0	0	0	0	0	0	0	0	0	0	0	0	0	0	0	0	0	0	0	0	0	0	0	0	0	0	0	0	0	0	0	0	0	0	0	0	0	0	0	0	0	0	0
0	0	0	0	0	0	0	0.568280541418957	0	0	0.559966763253859	0	0	0.583963350755687	0	0	0	0	0	0	0.909545667088445	0	0	0	0.808508246227197	0.805932500186792	0	0.826052438633294	0.67947836652353	0	0.888781290918484	0.505738901324774	0.832387800506468	0	0.801899286823673	0.752752413959496	0	0.949716419032564	0.858520520152638	0	0	0.608666152456714	0	0	0	0	0	0	0	0	0	0	0	0	0	0	0	0	0	0	0	0	0	0	0	0	0	0	0	0	0	0	0	0	0	0	0	0	0	0	0	0	0	0	0	0	0	0	0	0
0	0	0	0	0	0	0	0	0	0	0	0	0	0	0	0	0	0	0	0	0	0	0	0	0	0	0	0	0	0	0	0	0	0	0	0	0	0	0	0	0	0	0	0	0	0	0.734520960647749	0.686904357961225	0.89345831729406	0	0	0	0	0	0	0	0	0	0	0	0	0	0	0	0	0	0	0	0	0	0	0	0	0	0	0	0	0	0	0	0	0	0	0	0	0	0	0.80094951953756	0.952223954601351	0.614880870086814
0	0	0	0	0	0	0	0	0	0	0	0	0	0	0	0	0	0	0	0	0	0	0	0	0	0	0	0	0	0	0	0	0	0	0	0	0	0	0	0	0	0	0	0	0	0.720498189303495	0	0.803617465594288	0.786009318412495	0.781018077326854	0	0	0	0	0	0	0	0	0	0	0	0	0	0	0	0	0	0	0	0	0	0	0	0	0	0	0	0	0	0	0	0	0	0	0	0	0	0	0.542858995800145	0.627347323831434
0	0	0	0	0	0	0	0	0	0	0	0	0	0	0	0	0	0	0	0	0	0	0	0	0	0	0	0	0	0	0	0	0	0	0	0	0	0	0	0	0	0	0	0	0	0.77616957231418	0.801860069002442	0	0.630119358756585	0.774896354794271	0.756621342892064	0	0	0	0	0	0	0	0	0	0	0	0	0	0	0	0	0	0	0	0	0	0	0	0	0	0	0	0	0	0	0	0	0	0	0	0	0	0	0.734686835933225
0	0	0	0	0	0	0	0	0	0	0	0	0	0	0	0	0	0	0	0	0	0	0	0	0	0	0	0	0	0	0	0	0	0	0	0	0	0	0	0	0	0	0	0	0	0.867728025982481	0.994492283841194	0.980838631590951	0	0.595104850678288	0.629598251317591	0.65445177671772	0	0	0	0	0	0	0	0	0	0	0	0	0	0	0	0	0	0	0	0	0	0	0	0	0	0	0	0	0	0	0	0	0	0	0	0	0	0
0	0	0	0	0	0	0	0	0	0	0	0	0	0	0	0	0	0	0	0	0	0	0	0	0	0	0	0	0	0	0	0	0	0	0	0	0	0	0	0	0	0	0	0	0	0	0.722505966811122	0.642231975415669	0.912486701831539	0	0.57672941976902	0.54031693310081	0.950995034023132	0	0	0	0	0	0	0	0	0	0	0	0	0	0	0	0	0	0	0	0	0	0	0	0	0	0	0	0	0	0	0	0	0	0	0	0	0
0	0	0	0	0	0	0	0	0	0	0	0	0	0	0	0	0	0	0	0	0	0	0	0	0	0	0	0	0	0	0	0	0	0	0	0	0	0	0	0	0	0	0	0	0	0	0	0.895707327047	0.58998271162636	0.583132198100183	0	0	0.97982767939521	0.946461810213796	0	0	0	0	0	0	0	0	0	0.877841191815892	0	0	0	0	0	0	0	0	0	0	0	0	0	0	0	0	0	0	0	0	0	0	0	0	0	0
0	0	0	0	0	0	0	0	0	0	0	0	0	0	0	0	0	0	0	0	0	0	0	0	0	0	0	0	0	0	0	0	0	0	0	0	0	0	0	0	0	0	0	0	0	0	0	0	0.501844143021902	0.57349613165979	0	0	0.602689340562694	0.980602883601243	0.881806914599214	0	0	0	0	0	0	0	0	0	0	0	0	0	0	0	0	0	0	0	0	0	0	0	0	0	0	0	0	0	0	0	0	0	0	0
0	0	0	0	0	0	0	0	0	0	0	0	0	0	0	0	0	0	0	0	0	0	0	0	0	0	0	0	0	0	0	0	0	0	0	0	0	0	0	0	0	0	0	0	0	0	0	0	0	0.815823477287832	0.673548505048642	0.972621530695122	0	0.819728427010247	0.827907685664804	0.873722571596849	0	0	0	0	0	0	0	0	0	0	0	0	0	0	0	0	0	0	0	0	0	0	0	0	0	0	0	0	0	0	0	0	0	0
0	0	0	0	0	0	0	0	0	0	0	0	0	0	0	0	0	0	0	0	0	0	0	0	0	0	0	0	0	0	0	0	0	0	0	0	0	0	0	0	0	0	0	0	0	0	0	0	0	0	0.727615372057793	0.559385544537833	0.765792287297395	0	0.812842671717013	0.975019625240926	0.701113672955891	0	0	0	0	0	0	0	0	0	0	0	0	0	0	0	0	0	0	0	0	0	0	0	0	0	0	0	0	0	0	0	0	0
0	0	0	0	0	0	0	0	0	0	0	0	0	0	0	0	0	0	0	0	0	0	0	0	0	0	0	0	0	0	0	0	0	0	0	0	0	0	0	0	0	0	0	0	0	0	0	0	0	0	0	0.845050814753247	0.522255415314335	0.583514820198738	0	0.92546405400607	0.670225593249981	0.852928902090984	0	0	0	0	0	0	0	0	0	0	0	0	0	0	0	0	0	0	0	0	0	0	0	0	0	0	0	0	0	0	0	0
0	0	0	0	0	0	0	0	0	0	0	0	0	0	0	0	0	0	0	0	0	0	0	0	0	0	0	0	0	0	0	0	0	0	0	0	0	0	0	0	0	0	0	0	0	0	0	0	0	0	0	0	0.881420916051507	0.896949579240182	0.621878401483932	0	0.702524386021796	0.950647097423402	0.869171998096863	0	0	0	0	0	0	0	0	0	0	0	0	0	0	0	0	0	0	0	0	0	0	0	0	0	0	0	0	0	0	0
0	0	0	0	0	0	0	0	0	0	0	0	0	0	0	0	0	0	0	0	0	0	0	0	0	0	0	0	0	0	0	0	0	0	0	0	0	0	0	0	0	0	0	0	0	0	0	0	0	0	0	0	0	0.785599411468346	0.774635918878833	0.891025510488872	0	0.845050893316699	0.550587957153659	0.785870578986613	0	0	0	0	0	0	0	0	0	0	0	0	0	0	0	0	0	0	0	0	0	0	0	0	0	0	0	0	0	0
0	0	0	0	0	0	0	0	0	0	0	0	0	0	0	0	0	0	0	0	0	0	0	0	0	0	0	0	0	0	0	0	0	0	0	0	0	0	0	0	0	0	0	0	0	0	0	0	0	0	0	0	0	0	0.671469079588806	0.898047789691415	0.907985063301868	0	0.595596958797759	0.984862464203642	0.543669803860687	0	0	0	0	0	0	0	0	0	0	0	0	0	0	0	0	0	0	0	0	0	0	0	0	0	0	0	0	0
0	0	0	0	0	0	0	0	0	0	0	0	0	0	0	0	0	0	0	0	0	0	0	0	0	0	0	0	0	0	0	0	0	0	0	0	0	0	0	0	0	0	0	0	0	0	0	0	0	0	0	0	0	0	0	0.736486726931415	0.55596467634832	0.721392607200355	0	0.714496217950635	0.796582906741826	0.550529784742812	0	0	0	0	0	0	0	0	0	0	0	0	0	0	0	0	0	0	0	0	0	0	0	0	0	0	0	0
0	0	0	0	0	0	0	0	0	0	0	0	0	0	0	0	0	0	0	0	0	0	0	0	0	0	0	0	0	0	0	0	0	0	0	0	0	0	0	0	0	0	0	0	0	0	0	0	0	0	0	0	0	0	0	0	0.874605116910655	0.671293082808554	0.87770929429778	0	0.904861242806127	0.512547387252866	0.861433157129074	0	0	0	0	0	0	0	0	0	0	0	0	0	0	0	0	0	0	0	0	0	0	0	0	0	0	0
0	0	0	0	0	0	0	0	0	0	0	0	0	0	0	0	0	0	0	0	0	0	0	0	0	0	0	0	0	0	0	0	0	0	0	0	0	0	0	0	0	0	0	0	0	0	0	0	0	0	0	0	0	0	0	0	0	0.59667152642672	0.59522751136962	0.683458737527743	0	0.55975303978645	0.683385783576183	0.748759030731464	0	0	0	0	0	0	0	0	0	0	0	0	0	0	0	0	0	0	0	0	0	0	0	0	0	0
0	0	0	0	0	0	0	0	0	0	0	0	0	0	0	0	0	0	0	0	0	0	0	0	0	0	0	0	0	0	0	0	0	0	0	0	0	0	0	0	0	0	0	0	0	0	0	0	0	0	0	0	0	0	0	0	0	0	0.775828275318548	0.834811465021384	0.785485917497605	0	0.813486072411158	0.602693557968966	0.977300373984544	0	0	0	0	0	0	0	0	0	0	0	0	0	0	0	0	0	0	0	0	0	0	0	0	0
0	0	0	0	0	0	0	0	0	0	0	0	0	0	0	0	0	0	0	0	0	0	0	0	0	0	0	0	0	0	0	0	0	0	0	0	0	0	0	0	0	0	0	0	0	0	0	0	0	0	0	0	0	0	0	0	0	0	0	0.699991995409223	0.59477519531556	0.507885155558142	0	0.745061983747106	0.574751629087206	0.629508707939975	0	0	0	0	0	0	0	0	0	0	0	0	0	0	0	0	0	0	0	0	0	0	0	0
0	0	0	0	0	0	0	0	0	0	0	0	0	0	0	0	0	0	0	0	0	0	0	0	0	0	0	0	0	0	0	0	0	0	0	0	0	0	0	0	0	0	0	0	0	0	0	0	0	0	0.636520723151917	0	0	0	0	0	0	0	0	0	0.713098543070657	0.946459066970701	0.667557903884556	0	0.861686927339925	0.953286993141776	0.876623817331802	0	0	0	0	0	0	0	0	0	0	0	0	0	0	0	0	0	0	0	0	0	0	0
0	0	0	0	0	0	0	0	0	0	0	0	0	0	0	0	0	0	0	0	0	0	0	0	0	0	0	0	0	0	0	0	0	0	0	0	0	0	0	0	0	0	0	0	0	0	0	0	0	0	0	0	0	0	0	0	0	0	0	0	0	0.575316990607942	0.879910944631154	0.904049303610481	0	0.955791949377264	0.700525352655526	0.746230855641729	0	0	0	0	0	0	0	0	0	0	0	0	0	0	0	0	0	0	0	0	0	0
0	0	0	0	0	0	0	0	0	0	0	0	0	0	0	0	0	0	0	0	0	0	0	0	0	0	0	0	0	0	0	0	0	0	0	0	0	0	0	0	0	0	0	0	0	0	0	0	0	0	0	0	0	0	0	0	0	0	0	0	0	0	0.78242540718213	0.865954761280296	0.854430956172646	0	0.620409996068875	0.928210757736805	0.63476830391219	0	0	0	0	0	0	0	0	0	0	0	0	0	0	0	0	0	0	0	0	0
0	0	0	0	0	0	0	0	0	0	0	0	0	0	0	0	0	0	0	0	0	0	0	0	0	0	0	0	0	0	0	0	0	0	0	0	0	0	0	0	0	0	0	0	0	0	0	0	0	0	0	0	0	0	0	0	0	0	0	0	0	0	0	0.797242424806927	0.621653717990798	0.687368903670672	0	0.878762421867824	0.5365197948129	0.526610183814782	0	0	0	0	0	0	0	0	0	0	0	0	0	0	0	0	0	0	0	0
0	0	0	0	0	0	0	0	0	0	0	0	0	0	0	0	0	0	0	0	0	0	0	0	0	0	0	0	0	0	0	0	0	0	0	0	0	0	0	0	0	0	0	0	0	0	0	0	0	0	0	0	0	0	0	0	0	0	0	0	0	0	0	0	0.996206386084436	0.768862990979354	0.892503556435101	0	0.65276267256851	0.722597060434703	0.663698316571595	0	0	0	0	0	0	0	0	0	0	0	0	0	0	0	0	0	0	0
0	0	0	0	0	0	0	0	0	0	0	0	0	0	0	0	0	0	0	0	0	0	0	0	0	0	0	0	0	0	0	0	0	0	0	0	0	0	0	0	0	0	0	0	0	0	0	0	0	0	0	0	0	0	0	0	0	0	0	0	0	0	0	0	0	0.730859507221969	0.694205259110452	0.582381962559326	0	0.541650556448734	0.928797172524025	0.660662785296027	0	0	0	0	0	0	0	0	0	0	0	0	0	0	0	0	0	0
0	0	0	0	0	0	0	0	0	0	0	0	0	0	0	0	0	0	0	0	0	0	0	0	0	0	0	0	0	0	0	0	0	0	0	0	0	0	0	0	0	0	0	0	0	0	0	0	0	0	0	0	0	0	0	0	0	0	0	0	0	0	0	0	0	0	0.996968649383251	0.890987781767097	0.811862444142382	0	0.88552186023042	0.988318535383775	0.771480181605555	0	0	0	0	0	0	0	0	0	0	0	0	0	0	0	0	0
0	0	0	0	0	0	0	0	0	0	0	0	0	0	0	0	0	0	0	0	0	0	0	0	0	0	0	0	0	0	0	0	0	0	0	0	0	0	0	0	0	0	0	0	0	0	0	0	0	0	0	0	0	0	0	0	0	0	0	0	0	0	0	0	0	0	0	0.82523519232693	0.696083465202649	0.705740060124296	0	0.996459871355084	0.691612122827289	0.780705931386944	0	0	0	0	0	0	0	0	0	0	0	0	0	0	0	0
0	0	0	0	0	0	0	0	0	0	0	0	0	0	0	0	0	0	0	0	0	0	0	0	0	0	0	0	0	0	0	0	0	0	0	0	0	0	0	0	0	0	0	0	0	0	0	0	0	0	0	0	0	0	0	0	0	0	0	0	0	0	0	0	0	0	0	0	0.796038681256462	0.65828702075823	0.58795287479603	0	0.928220433174352	0.868126546321309	0.853203007361811	0	0	0	0	0	0	0	0	0	0	0	0	0	0	0
0	0	0	0	0	0	0	0	0	0	0	0	0	0	0	0	0	0	0	0	0	0	0	0	0	0	0	0	0	0	0	0	0	0	0	0	0	0	0	0	0	0	0	0	0	0	0	0	0	0	0	0	0	0	0	0	0	0	0	0	0	0	0	0	0	0	0	0	0	0.706700374084808	0.663157853429882	0.557028248061689	0	0.849166950142059	0.581598046015724	0.674522668597897	0	0	0	0	0	0	0	0	0	0	0	0	0	0
0	0	0	0	0	0	0	0	0	0	0	0	0	0	0	0	0	0	0	0	0	0	0	0	0	0	0	0	0	0	0	0	0	0	0	0	0	0	0	0	0	0	0	0	0	0	0	0	0	0	0	0	0	0	0	0	0	0	0	0	0	0	0	0	0	0	0	0	0	0	0.871861370477725	0.952327861559816	0.554433489258515	0	0.949571810736535	0.851981754678142	0.978704429632822	0	0	0	0	0	0	0	0	0	0	0	0	0
0	0	0	0	0	0	0	0	0	0	0	0	0	0	0	0	0	0	0	0	0	0	0	0	0	0	0	0	0	0	0	0	0	0	0	0	0	0	0	0	0	0	0	0	0	0	0	0	0	0	0	0	0	0	0	0	0	0	0	0	0	0	0	0	0	0	0	0	0	0	0	0.933467021932152	0.629138727665411	0.612824998785577	0	0.677657369996157	0.695970866386211	0.688216163465288	0	0	0	0	0	0	0	0	0	0	0	0
0	0	0	0	0	0	0	0	0	0	0	0	0	0	0	0	0	0	0	0	0	0	0	0	0	0	0	0	0	0	0	0	0	0	0	0	0	0	0	0	0	0	0	0	0	0	0	0	0	0	0	0	0	0	0	0	0	0	0	0	0	0	0	0	0	0	0	0	0	0	0	0	0.947796045625666	0.648739152613657	0.899694797468645	0	0.757024872044338	0.651006764109601	0.564995605087095	0	0	0	0	0	0	0	0	0	0	0
0	0	0	0	0	0	0	0	0	0	0	0	0	0	0	0	0	0	0	0	0	0	0	0	0	0	0	0	0	0	0	0	0	0	0	0	0	0	0	0	0	0	0	0	0	0	0	0	0	0	0	0	0	0	0	0	0	0	0	0	0	0	0	0	0	0	0	0	0	0	0	0	0	0.721817419117875	0.906120492905068	0.870138911822029	0	0.973293348335216	0.958972542276243	0.781715224246642	0	0	0	0	0	0	0	0	0	0
0	0	0	0	0	0	0	0	0	0	0	0	0	0	0	0	0	0	0	0	0	0	0	0	0	0	0	0	0	0	0	0	0	0	0	0	0	0	0	0	0	0	0	0	0	0	0	0	0	0	0	0	0	0	0	0	0	0	0	0	0	0	0	0	0	0	0	0	0	0	0	0	0	0	0.584377455873687	0.747178036084953	0.65032337848906	0	0.57648064365701	0.843035163880602	0.794275734781626	0	0	0	0	0	0	0	0	0
0	0	0	0	0	0	0	0	0	0	0	0	0	0	0	0	0	0	0	0	0	0	0	0	0	0	0	0	0	0	0	0	0	0	0	0	0	0	0	0	0	0	0	0	0	0	0	0	0	0	0	0	0	0	0	0	0	0	0	0	0	0	0	0	0	0	0	0	0	0	0	0	0	0	0	0.795272080255895	0.877520818854753	0.632833360428396	0	0.524224034069663	0.929512754971964	0.899008864723011	0	0	0	0	0	0	0	0
0	0	0	0	0	0	0	0	0	0	0	0	0	0	0	0	0	0	0	0	0	0	0	0	0	0	0	0	0	0	0	0	0	0	0	0	0	0	0	0	0	0	0	0	0	0	0	0	0	0	0	0	0	0	0	0	0	0	0	0	0	0	0	0	0	0	0	0	0	0	0	0	0	0	0	0	0.518418464203259	0.742175803921517	0.849817929473138	0	0.771552823122301	0.557545884009824	0.895029651982631	0	0	0	0	0	0	0
0	0	0	0	0	0	0	0	0	0	0	0	0	0	0	0	0	0	0	0	0	0	0	0	0	0	0	0	0	0	0	0	0	0	0	0	0	0	0	0	0	0	0	0	0	0	0	0	0	0	0	0	0	0	0	0	0	0	0	0	0	0	0	0	0	0	0	0	0	0	0	0	0	0	0	0	0	0.941549093366728	0.912851743141452	0.980130161518024	0	0.814104918789998	0.997672267585777	0.780342903681612	0	0	0	0	0	0
0	0	0	0	0	0	0	0	0	0	0	0	0	0	0	0	0	0	0	0	0	0	0	0	0	0	0	0	0	0	0	0	0	0	0	0	0	0	0	0	0	0	0	0	0	0	0	0	0	0	0	0	0	0	0	0	0	0	0	0	0	0	0	0	0	0	0	0	0	0	0	0	0	0	0	0	0	0	0.554739192025006	0.944216834371227	0.579713355402812	0	0.816313364184272	0.604631238623315	0.910931965203338	0	0	0	0	0
0	0	0	0	0	0	0	0	0	0	0	0	0	0	0	0	0	0	0	0	0	0	0	0	0	0	0	0	0	0	0	0	0	0	0	0	0	0	0	0	0	0	0	0	0	0	0	0	0	0	0	0	0	0	0	0	0	0	0	0	0	0	0	0	0	0	0	0	0	0	0	0	0	0	0	0	0	0	0	0.983274253187799	0.778740615965603	0.933821201768597	0	0.85532762284637	0.549766902210791	0.69459053647765	0	0	0	0
0	0	0	0	0	0	0	0	0	0	0	0	0	0	0	0	0	0	0	0	0	0	0	0	0	0	0	0	0	0	0	0	0	0	0	0	0	0	0	0	0	0	0	0	0	0	0	0	0	0	0	0	0	0	0	0	0	0	0	0	0	0	0	0	0	0	0	0	0	0	0	0	0	0	0	0	0	0	0	0	0.656741362120018	0.953149441665396	0.754605628576607	0	0.644126269554459	0.946613480760989	0.714712992308361	0	0	0
0	0	0	0	0	0	0	0	0	0	0	0	0	0	0	0	0	0	0	0	0	0	0	0	0	0	0	0	0	0	0	0	0	0	0	0	0	0	0	0	0	0	0	0	0	0	0	0	0	0	0	0	0	0	0	0	0	0	0	0	0	0	0	0	0	0	0	0	0	0	0	0	0	0	0	0	0	0	0	0	0	0.598633929402782	0.747450014098859	0.692293083397657	0	0.608536646715995	0.67523115169503	0.942451575544926	0	0
0	0	0	0	0	0	0	0	0	0	0	0	0	0	0	0	0	0	0	0	0	0	0	0	0	0	0	0	0	0	0	0	0	0	0	0	0	0	0	0	0	0	0	0	0	0	0	0	0	0	0	0	0	0	0	0	0	0	0	0	0	0	0	0	0	0	0	0	0	0	0	0	0	0	0	0	0	0	0	0	0	0	0.57889038645732	0.750665814748078	0.6602167361368	0	0.994418454707742	0.604787255257987	0.885599139572577	0
0	0	0	0	0	0	0	0	0	0	0	0	0	0	0	0	0	0	0	0	0	0	0	0	0	0	0	0	0	0	0	0	0	0	0	0	0	0	0	0	0	0	0	0	0	0	0	0	0	0	0	0	0	0	0	0	0	0	0	0	0	0	0	0	0	0	0	0	0	0	0	0	0	0	0	0	0	0	0	0	0	0	0	0.877178456911973	0.62031612375769	0.514685204741415	0	0.80111875920207	0.777737106056815	0.656229097473214
0	0	0	0	0	0	0	0	0	0	0	0	0	0	0	0	0	0	0	0	0	0	0	0	0	0	0	0	0	0	0	0	0	0	0	0	0	0	0	0	0	0	0	0	0	0.645996823610031	0	0	0	0	0	0	0	0	0	0	0	0	0	0	0	0	0	0	0	0	0	0	0	0	0	0	0	0	0	0	0	0	0	0	0	0	0	0	0.656634812951786	0.6363658110353	0.928568424858698	0	0.709033049717707	0.588700306267813
0	0	0	0	0	0	0	0	0	0	0	0	0	0	0	0	0	0	0	0	0	0	0	0	0	0	0	0	0	0	0	0	0	0	0	0	0	0	0	0	0	0	0	0	0	0.965795123008425	0.944445801359495	0	0	0	0	0	0	0	0	0	0	0	0	0	0	0	0	0	0	0	0	0	0	0	0	0	0	0	0	0	0	0	0	0	0	0	0	0	0	0.554358413103985	0.62841547640129	0.95017034176378	0	0.829598328870236
0	0	0	0	0	0	0	0	0	0	0	0	0	0	0	0	0	0	0	0	0	0	0	0	0	0	0	0	0	0	0	0	0	0	0	0	0	0	0	0	0	0	0	0	0	0.625098502870645	0.926968179113762	0.742148806113372	0	0	0	0	0	0	0	0	0	0	0	0	0	0	0	0	0	0	0	0	0	0	0	0	0	0	0	0	0	0	0	0	0	0	0	0	0	0	0.589379786294259	0.825456151277072	0.949975267034249	0
