0	0	0.576459751950347	0.958198394166293	0	0	0	0	0	0	0	0	0	0	0	0	0	0.980507665813157	0.889734426965839	0	0	0.891910038921911	0	0	0	0	0	0	0	0	0	0	0	0	0	0	0	0	0	0	0	0	0	0	0.888429281099805	0	0	0	0	0	0	0	0	0	0	0	0	0	0	0	0	0	0	0	0	0	0	0	0	0	0	0	0	0	0	0	0	0	0	0	0	0	0	0	0	0	0	0	0	0
0	0	0	0	0	0	0	0	0	0	0	0.912068716321645	0	0	0	0	0.839784715100201	0	0	0	0	0	0.681769147393353	0	0	0	0	0	0	0	0.67923728401011	0	0	0	0	0	0	0.779423760239407	0	0	0	0	0	0	0.71282723642414	0	0	0	0	0	0	0	0	0	0	0	0	0	0	0	0	0	0	0	0	0	0	0	0	0	0	0	0	0	0	0	0	0	0	0	0	0	0	0	0	0	0	0	0	0
0.793011096165673	0	0	0	0	0.851968403126724	0	0	0	0	0.740755913245734	0	0	0.958491269285987	0	0	0	0	0	0	0	0	0	0.579027464387611	0	0	0	0	0	0	0	0	0	0	0	0	0	0	0.91274359156271	0	0	0	0	0	0	0	0	0	0	0	0	0	0	0	0	0	0	0	0	0	0	0	0	0	0	0	0	0	0	0	0	0	0	0	0	0	0	0	0	0	0	0	0	0	0	0	0	0	0	0
0.672999944312938	0	0	0	0	0	0.750060193325381	0	0	0	0	0	0	0	0	0.740031779755587	0	0	0.517281314482898	0.811845253064669	0	0	0	0	0	0	0	0	0	0	0	0	0	0	0.704059969128406	0	0	0	0.930909598864193	0	0	0	0.525885446992475	0	0	0	0	0	0	0	0	0	0	0	0	0	0	0	0	0	0	0	0	0	0	0	0	0	0	0	0	0	0	0	0	0	0	0	0	0	0	0	0	0	0	0	0	0	0	0
0	0	0	0	0	0.896223781733333	0	0.541931422644763	0	0	0	0	0	0	0	0	0	0	0	0	0	0	0	0	0	0	0	0	0	0	0	0	0	0.621990058508721	0	0	0	0	0	0	0	0	0	0	0	0	0	0	0	0	0	0	0	0	0	0	0	0	0	0	0	0	0	0	0	0	0	0	0	0	0	0	0	0	0	0	0	0	0	0	0	0	0	0	0	0	0	0	0	0
0	0	0.526916217244651	0	0.55400119224137	0	0	0	0	0	0	0	0	0	0	0	0	0.506474427549869	0	0	0	0	0	0	0	0	0	0	0	0.833865929296778	0	0	0	0.549775366341196	0	0.859738615665137	0	0	0	0.786542990318754	0	0	0	0	0	0	0	0	0	0	0	0	0	0	0	0	0	0	0	0	0	0	0	0	0	0	0	0	0	0	0	0	0	0	0	0	0	0	0	0	0	0	0	0	0	0	0	0	0	0
0	0	0	0.939973732040865	0	0	0	0.756667656220284	0.796843085153059	0	0	0	0	0	0	0	0	0	0	0	0	0.544446762069003	0	0.864951364433691	0	0	0	0	0	0	0	0	0	0	0	0	0	0	0	0	0	0.925174577706579	0	0	0	0	0	0	0	0	0	0	0	0	0	0	0	0	0	0	0	0	0	0	0	0	0	0	0	0	0	0	0	0	0	0	0	0	0	0	0	0	0	0	0	0	0	0	0	0
0	0	0	0	0.620531425142512	0	0.943449030763799	0	0.51786802754413	0	0	0	0	0	0	0	0	0	0	0	0	0	0	0	0.901007243192832	0	0	0	0	0	0	0	0	0	0	0	0	0	0	0	0	0	0	0	0	0	0	0	0	0	0	0	0	0	0	0	0	0	0	0	0	0	0	0	0	0	0	0	0	0	0	0	0	0	0	0	0	0	0	0	0	0	0	0	0	0	0	0	0	0
0	0	0	0	0	0	0.79696171767104	0.951521543307041	0	0	0	0	0	0	0	0	0.983816214573184	0.910277297448961	0	0	0	0	0.994407652925502	0	0.838322909153556	0	0.971450273855448	0	0	0	0	0	0	0	0	0	0	0	0	0	0.71654555012684	0	0.792737986478423	0	0	0	0	0	0	0	0	0	0	0	0	0	0	0	0	0	0	0	0	0	0	0	0	0	0	0	0	0	0	0	0	0	0	0	0	0	0	0	0	0	0	0	0	0	0	0
0	0	0	0	0	0	0	0	0	0	0.723195361533039	0.899613511171799	0.641732514645578	0	0	0	0	0	0	0	0	0	0	0	0.512023645497064	0	0	0	0	0	0	0	0	0	0	0	0	0	0	0	0	0	0	0	0	0	0	0	0	0	0	0	0	0	0	0	0	0	0	0	0	0	0	0	0	0	0	0	0	0	0	0	0	0	0	0	0	0	0	0	0	0	0	0	0	0	0	0	0	0
0	0	0.531007338468129	0	0	0	0	0	0	0.833774777079043	0	0	0	0	0	0	0	0	0	0	0	0	0	0	0	0	0.583233877240928	0	0	0	0	0.658339762429632	0	0	0.698943778258663	0.963457648504529	0	0	0	0.662387044846549	0	0	0	0	0	0	0	0	0	0	0	0	0	0	0	0	0	0	0	0	0	0	0	0	0	0	0	0	0	0	0	0	0	0	0	0	0	0	0	0	0	0	0	0	0	0	0	0	0	0
0	0.628851748891319	0	0	0	0	0	0	0	0.580824553802564	0	0	0	0.528063549778176	0	0	0	0.744130986057595	0	0.831461099171785	0	0.647471032921936	0	0	0	0	0.820013331947765	0	0.742457739033085	0	0	0	0	0	0	0	0.85743970329353	0	0	0	0	0	0.723471719896854	0	0	0	0	0	0	0	0	0	0	0	0	0	0	0	0	0	0	0	0	0	0	0	0	0	0	0	0	0	0	0	0	0	0	0	0	0	0	0	0	0	0	0	0	0	0	0
0	0	0	0	0	0	0	0	0	0.643724903203746	0	0	0	0.636647577168636	0	0	0	0	0	0	0	0	0	0	0	0	0	0	0	0	0	0	0	0	0	0	0	0.837308284440224	0	0	0.978807522280294	0.856921416306898	0	0	0	0	0	0	0	0	0	0	0	0	0	0	0	0	0	0	0	0	0	0	0	0	0	0	0	0	0	0	0	0	0	0	0	0	0	0	0	0	0	0	0	0	0	0	0	0
0	0	0.945970762219786	0	0	0	0	0	0	0	0	0.808704264470353	0.811379886412931	0	0.878164525032618	0.874219127522971	0	0	0	0.756645380125099	0	0	0	0.694013525332017	0	0	0	0	0	0	0	0	0	0	0	0	0	0	0	0	0	0	0	0	0	0	0	0	0	0	0	0	0	0	0	0	0	0	0	0	0	0	0	0	0	0	0	0	0	0	0	0	0	0	0	0	0	0	0	0	0	0	0	0	0	0	0	0	0	0
0	0	0	0	0	0	0	0	0	0	0	0	0	0.762081630211203	0	0	0	0	0.885570173712469	0	0	0	0	0	0	0	0	0	0	0	0	0	0	0	0	0	0	0	0	0	0	0.988225991934744	0	0.642886515115884	0	0	0	0	0	0	0	0	0	0	0	0	0	0	0	0	0	0	0	0	0	0	0	0	0	0	0	0	0	0	0	0	0	0	0	0	0	0	0	0	0	0	0	0	0	0
0	0	0	0.981357166306877	0	0	0	0	0	0	0	0	0	0.884497104136793	0	0	0	0	0	0	0	0	0	0	0	0	0	0	0	0.531849797693599	0	0	0.874717602894321	0.531669681551164	0	0	0	0	0	0	0.940569867360738	0	0	0.773334781749916	0	0	0	0	0	0	0	0	0	0	0	0	0	0	0	0	0	0	0	0	0	0	0	0	0	0	0	0	0	0	0	0	0	0	0	0	0	0	0	0	0	0	0	0	0	0
0	0.517126930230969	0	0	0	0	0	0	0.7122128055477	0	0	0	0	0	0	0	0	0	0	0	0	0.513431050782941	0	0	0	0	0	0.679643914382033	0	0	0	0	0	0	0	0.722404754473595	0	0	0	0	0	0	0	0	0	0	0	0	0	0	0	0	0	0	0	0	0	0	0	0	0	0	0	0	0	0	0	0	0	0	0	0	0	0	0	0	0	0	0	0	0	0	0	0	0	0	0	0	0	0
0.528258965471304	0	0	0	0	0.537357940315007	0	0	0.800959183610328	0	0	0.515260254522343	0	0	0	0	0	0	0	0	0	0	0	0	0	0	0	0.52833247812263	0	0	0	0	0	0	0	0	0.975974654860989	0	0	0	0.600394038881883	0	0.9235755229942	0	0	0	0	0	0	0	0	0	0	0	0	0	0	0	0	0	0	0	0	0	0	0	0	0	0	0	0	0	0	0	0	0	0	0	0	0	0	0	0	0	0	0	0	0	0	0
0.962895986112463	0	0	0.717220498872984	0	0	0	0	0	0	0	0	0	0	0.721448292336504	0	0	0	0	0	0	0	0	0	0	0	0	0	0.59489361998139	0	0	0.879773853226913	0	0	0	0	0	0	0	0	0	0	0	0	0	0	0	0	0	0	0	0	0	0	0	0	0	0	0	0	0	0	0	0	0	0	0	0	0	0	0	0	0	0	0	0	0	0	0	0	0	0	0	0	0	0	0	0	0	0
0	0	0	0.94548600315659	0	0	0	0	0	0	0	0.526063259649782	0	0.892084855506714	0	0	0	0	0	0	0.67343467146474	0	0	0	0	0	0	0	0.620769349914982	0.846192043915674	0	0	0	0	0	0	0	0	0	0	0	0.842899253692993	0	0	0.993051963948707	0	0	0	0	0	0	0	0	0	0	0	0	0	0	0	0	0	0	0	0	0	0	0	0	0	0	0	0	0	0	0	0	0	0	0	0	0	0	0	0	0	0	0	0	0
0	0	0	0	0	0	0	0	0	0	0	0	0	0	0	0	0	0	0	0.913958714814944	0	0	0	0.979346638666488	0	0	0	0	0	0	0	0	0	0	0	0	0	0	0	0.800490464655458	0	0	0	0	0.834570317644848	0	0	0	0	0	0	0	0	0	0	0	0	0	0	0	0	0	0	0	0	0	0	0	0	0	0	0	0	0	0	0	0	0	0	0	0	0	0	0	0	0	0	0	0	0
0.560637463173725	0	0	0	0	0	0.993370453748438	0	0	0	0	0.987743664484033	0	0	0	0	0.908278805218452	0	0	0	0	0	0.572851686003949	0	0	0	0	0	0	0	0.714790871841795	0	0	0	0	0	0	0	0	0	0	0	0	0.904266830527914	0	0	0	0	0	0	0	0	0	0	0	0	0	0	0	0	0	0	0	0	0	0	0	0	0	0	0	0	0	0	0	0	0	0	0	0	0	0	0	0	0	0	0	0	0	0
0	0.876880592928578	0	0	0	0	0	0	0.616927005545041	0	0	0	0	0	0	0	0	0	0	0	0	0.699485446644923	0	0	0	0	0	0	0	0	0	0	0	0.937327680702744	0	0.886411109971323	0	0	0	0	0	0.608957312512626	0	0	0	0	0	0	0	0	0	0	0	0	0	0	0	0	0	0	0	0	0	0	0	0	0	0	0	0	0	0	0	0	0	0	0	0	0	0	0	0	0	0	0	0	0	0	0	0
0	0	0.566515985564058	0	0	0	0.771630418513297	0	0	0	0	0	0	0.811361552491528	0	0	0	0	0	0	0.605862927977413	0	0	0	0	0	0.760379034533927	0	0	0	0	0	0	0	0	0.562681121871418	0	0	0	0	0	0	0	0	0	0	0	0	0	0	0	0	0	0	0	0	0	0	0	0	0	0	0	0	0	0	0	0	0	0	0	0	0	0	0	0	0	0	0	0	0	0	0	0	0	0	0	0	0	0
0	0	0	0	0	0	0	0.512822499156555	0.567704190781329	0.604912249611808	0	0	0	0	0	0	0	0	0	0	0	0	0	0	0	0	0	0	0	0	0	0	0	0	0	0	0	0.55613713808356	0	0	0.846632606360453	0	0	0.857463332941715	0	0	0	0	0	0	0	0	0	0	0	0	0	0	0	0	0	0	0	0	0	0	0	0	0	0	0	0	0	0	0	0	0	0	0	0	0	0	0	0	0	0	0	0	0	0
0	0	0	0	0	0	0	0	0	0	0	0	0	0	0	0	0	0	0	0	0	0	0	0	0	0	0	0.535083851531949	0.502667117668485	0	0.951937217844557	0	0	0	0	0	0	0	0	0	0.544321414552862	0	0.837416850044679	0	0	0	0	0	0	0	0	0	0	0	0	0	0	0	0	0	0	0	0	0	0	0	0	0	0	0	0	0	0	0	0	0	0	0	0	0	0	0	0	0	0	0	0	0	0	0
0	0	0	0	0	0	0	0	0.721636249608295	0	0.937126120323903	0.549046273247995	0	0	0	0	0	0	0	0	0	0	0	0.803740344445159	0	0	0	0.753118126410496	0	0.996476997534788	0	0	0.920341228125788	0	0	0	0	0	0	0	0	0	0	0	0	0	0	0	0	0	0	0	0	0	0	0	0	0	0	0	0	0	0	0	0	0	0	0	0	0	0	0	0	0	0	0	0	0	0	0	0	0	0	0	0	0	0	0	0	0
0	0	0	0	0	0	0	0	0	0	0	0	0	0	0	0	0.820223157395614	0.55219859970861	0	0	0	0	0	0	0	0.625282595592802	0.541094129811442	0	0	0	0	0	0	0	0	0.984187077009172	0	0	0	0	0	0	0	0	0	0	0	0	0	0	0	0	0	0	0	0	0	0	0	0	0	0	0	0	0	0	0	0	0	0	0	0	0	0	0	0	0	0	0	0	0	0	0	0	0	0	0	0	0	0
0	0	0	0	0	0	0	0	0	0	0	0.514326576116322	0	0	0	0	0	0	0.991472721567709	0.812812321813883	0	0	0	0	0	0.708962579562589	0	0	0	0.91418931576742	0	0	0.702550804260826	0	0	0	0	0	0.636196549521719	0.782092161672028	0	0	0	0	0	0	0	0	0	0	0	0	0	0	0	0	0	0	0	0	0	0	0	0	0	0	0	0	0	0	0	0	0	0	0	0	0	0	0	0	0	0	0	0	0	0	0	0	0	0
0	0	0	0	0	0.732335563339787	0	0	0	0	0	0	0	0	0	0.863355939551637	0	0	0	0.728174126789252	0	0	0	0	0	0	0.675479033059322	0	0.764428816770804	0	0	0.773537052837732	0	0	0.754968820060991	0	0	0	0	0	0	0	0	0	0	0	0	0	0	0	0	0	0	0	0	0	0	0	0	0	0	0	0	0	0	0	0	0	0	0	0	0	0	0	0	0	0	0	0	0	0	0	0	0	0	0	0	0	0	0
0	0.80487111724088	0	0	0	0	0	0	0	0	0	0	0	0	0	0	0	0	0	0	0	0.528742472861932	0	0	0	0.900596948243645	0	0	0	0	0	0	0	0	0	0	0	0	0	0	0	0	0	0	0.571937192523486	0	0	0	0	0	0	0	0	0	0	0	0	0	0	0	0	0	0	0	0	0	0	0	0	0	0	0	0	0	0	0	0	0	0	0	0	0	0	0	0	0	0	0	0	0
0	0	0	0	0	0	0	0	0	0	0.945279861266455	0	0	0	0	0	0	0	0.658479515567197	0	0	0	0	0	0	0	0	0	0	0.873242041799664	0	0	0	0	0.996163064612176	0	0	0	0	0	0	0	0	0.717941942597512	0	0	0	0	0	0	0	0	0	0	0	0	0	0	0	0	0	0	0	0	0	0	0	0	0	0	0	0	0	0	0	0	0	0	0	0	0	0	0	0	0	0	0	0	0	0
0	0	0	0	0	0	0	0	0	0	0	0	0	0	0	0.684808476997577	0	0	0	0	0	0	0	0	0	0	0.73424896027803	0	0.885321588180324	0	0	0	0	0	0	0	0	0	0	0	0	0	0	0	0	0	0	0	0	0	0	0	0	0	0	0	0	0	0	0	0	0	0	0	0	0	0	0	0	0	0	0	0	0	0	0	0	0	0	0	0	0	0	0	0	0	0	0	0	0
0	0	0	0	0.911068282163606	0.836968342694719	0	0	0	0	0	0	0	0	0	0.586534144693107	0	0	0	0	0	0	0.691148740053619	0	0	0	0	0	0	0	0	0	0	0	0	0	0.966791746379931	0.867351601975932	0	0	0	0	0	0	0	0	0	0	0	0	0	0	0	0	0	0	0	0	0	0	0	0	0	0	0	0	0	0	0	0	0	0	0	0	0	0	0	0	0	0	0	0	0	0	0	0	0	0	0	0
0	0	0	0.803342970242745	0	0	0	0	0	0	0.954884440246902	0	0	0	0	0	0	0	0	0	0	0	0	0	0	0	0	0	0	0.589563351891724	0	0.803743156717918	0	0	0	0	0.927207444263415	0	0	0	0	0	0.814634103049883	0	0	0	0	0	0	0	0	0	0	0	0	0	0	0	0	0	0	0	0	0	0	0	0	0	0	0	0	0	0	0	0	0	0	0	0	0	0	0	0	0	0	0	0	0	0	0
0	0	0	0	0	0.825300047674223	0	0	0	0	0.855170720956301	0	0	0	0	0	0.838398385112967	0	0	0	0	0	0.830000517015428	0.580961714153384	0	0	0	0.784288566922788	0	0	0	0	0	0	0	0	0	0	0	0	0	0	0	0	0	0	0	0	0	0	0	0	0	0	0	0	0	0	0	0	0	0	0	0	0	0	0	0	0	0	0	0	0	0	0	0	0	0	0	0	0	0	0	0	0	0	0	0	0	0
0	0	0	0	0	0	0	0	0	0	0	0.685015044337312	0	0	0	0	0	0.987354416542252	0	0	0	0	0	0	0	0	0	0	0	0	0	0	0	0.819364573159315	0.758534338629156	0	0	0.944258344453382	0	0	0	0	0	0	0	0	0	0	0	0	0	0	0	0	0	0	0	0	0	0	0	0	0	0	0	0	0	0	0	0	0	0	0	0	0	0	0	0	0	0	0	0	0	0	0	0	0	0	0	0
0	0.895791369046395	0	0	0	0	0	0	0	0	0	0	0.861562308102172	0	0	0	0	0	0	0	0	0	0	0	0.765373961486086	0	0	0	0	0	0	0	0	0.67429866625307	0	0	0.613175796879772	0	0	0	0	0	0	0.910650031408544	0	0	0	0	0	0	0	0	0	0	0	0	0	0	0	0	0	0	0	0	0	0	0	0	0	0	0	0	0	0	0	0	0	0	0	0	0	0	0	0	0	0	0	0	0	0
0	0	0.718862007471769	0.961692495411626	0	0	0	0	0	0	0	0	0	0	0	0	0	0	0	0	0	0	0	0	0	0	0	0	0.617340297207946	0	0	0	0	0	0	0	0	0	0	0.56011267488314	0.625486223091613	0	0	0	0	0	0	0	0	0	0	0	0	0	0	0	0	0	0	0	0	0	0	0	0	0	0	0	0	0	0	0	0	0	0	0	0	0	0	0	0	0	0	0	0	0	0	0	0	0
0	0	0	0	0	0.96438586731736	0	0	0	0	0.773124457692006	0	0	0	0	0	0	0	0	0	0.921160629847105	0	0	0	0	0	0	0	0.687022508376729	0	0	0	0	0	0	0	0	0	0.641769801881743	0	0	0	0.786299113469413	0	0	0	0	0	0	0	0	0	0	0	0	0	0	0	0	0	0	0	0	0	0	0	0	0	0	0	0	0	0	0	0	0	0	0	0	0	0	0	0	0	0	0	0	0	0	0
0	0	0	0	0	0	0	0	0.741699080564502	0	0	0	0.507980554478008	0	0	0.586592130636898	0	0.706697418469687	0	0	0	0	0	0	0.873301897041494	0.836252203616216	0	0	0	0	0	0	0	0	0	0	0	0	0.772243301147665	0	0	0	0	0	0	0	0	0	0	0	0	0	0	0	0	0	0	0	0	0	0	0	0	0	0	0	0	0	0	0	0	0	0	0	0	0	0	0	0	0	0	0	0	0	0	0	0	0	0	0
0	0	0	0	0	0	0.505568010944176	0	0	0	0	0	0.516243880236109	0	0.637927824844334	0	0	0	0	0.661549024721615	0	0	0.653135441908298	0	0	0	0	0	0	0	0	0	0	0	0	0	0	0	0	0	0	0	0	0	0	0	0	0	0	0	0	0	0	0	0	0	0	0	0	0	0	0	0	0	0	0	0	0	0	0	0	0	0	0	0	0	0	0	0	0	0	0	0	0	0	0	0	0	0	0
0	0	0	0.663334512324474	0	0	0	0	0.565523289848617	0	0	0.510213595507105	0	0	0	0	0	0.848280305115432	0	0	0	0	0	0	0	0.59199702767737	0	0	0	0	0	0	0	0	0.808186143548637	0	0	0	0	0.533329928694273	0	0	0	0	0	0	0	0	0	0	0	0	0	0	0	0	0	0	0	0	0	0	0	0	0	0	0	0	0	0	0	0	0	0	0	0	0	0	0	0	0	0	0	0	0	0	0	0	0	0
0	0	0	0	0	0	0	0	0	0	0	0	0	0	0.611072160497792	0.786297966120591	0	0	0	0	0	0.76237938437676	0	0	0.758001884567038	0	0	0	0	0	0	0.802417652483696	0	0	0	0	0	0.627281312179272	0	0	0	0	0	0	0.870832171890107	0	0	0	0	0	0	0	0	0	0	0	0	0	0	0	0	0	0	0	0	0	0	0	0	0	0	0	0	0	0	0	0	0	0	0	0	0	0	0	0	0	0	0	0	0
0.619351678210587	0.939422840244617	0	0	0	0	0	0	0	0	0	0	0	0	0	0	0	0	0	0.85570819879006	0.993381709934437	0	0	0	0	0	0	0	0	0	0.763492849511649	0	0	0	0	0	0	0	0	0	0	0	0	0.975819214292879	0	0	0	0	0	0	0	0	0	0	0	0	0	0	0	0	0	0	0	0	0	0	0	0	0	0	0	0	0	0	0	0	0	0	0	0	0	0	0	0	0	0	0	0	0	0
0	0	0	0	0	0	0	0	0	0	0	0	0	0	0	0	0	0	0	0	0	0	0	0	0	0	0	0	0	0	0	0	0	0	0	0	0	0	0	0	0	0	0	0	0	0	0.829460399427972	0.654871659809455	0.752019398131835	0.857079739185466	0.508078245498436	0.72370023488999	0.640175078003666	0	0	0	0	0	0	0	0	0	0	0	0	0	0	0	0	0	0	0	0	0	0	0	0	0	0	0	0	0	0	0.60560024563914	0.676222094074209	0.792786324914456	0.603757999881703	0.677370152784611	0.992602498443459	0.931754033654225
0	0	0	0	0	0	0	0	0	0	0	0	0	0	0	0	0	0	0	0	0	0	0	0	0	0	0	0	0	0	0	0	0	0	0	0	0	0	0	0	0	0	0	0	0	0.887425135581984	0	0.872850175225628	0.981208462593378	0.746747366510531	0.721005839687154	0.640711155263557	0.972614209481973	0.553423016705684	0	0	0	0	0	0	0	0	0	0	0	0	0	0	0	0	0	0	0	0	0	0	0	0	0	0	0	0	0	0	0.630387643585402	0.569467596814926	0.886479774586546	0.851411815382908	0.798209831421696	0.891666096885607
0	0	0	0	0	0	0	0	0	0	0	0	0	0	0	0	0	0	0	0	0	0	0	0	0	0	0	0	0	0	0	0	0	0	0	0	0	0	0	0	0	0	0	0	0	0.716625762834579	0.851969292016708	0	0.681509126460576	0.632118604124713	0.692739492896003	0.632969204832395	0.997754918030189	0.572800556302191	0.884027218855709	0	0	0	0	0	0	0	0	0	0	0	0	0	0	0	0	0	0	0	0	0	0	0	0	0	0	0	0	0	0	0.613901586366351	0.515462637084264	0.888015654844007	0.91548098944001	0.634643506222085
0	0	0	0	0	0	0	0	0	0	0	0	0	0	0	0	0	0	0	0	0	0	0	0	0	0	0	0	0	0	0	0	0	0	0	0	0	0	0	0	0	0	0	0	0	0.668092885691688	0.958817005666139	0.50295318561519	0	0.928378681051433	0.783892804135572	0.656503706558313	0.850545155768567	0.522694152346599	0.736448918297792	0.971559500851923	0	0	0	0	0	0	0	0	0	0	0	0	0	0	0	0	0	0	0	0	0	0	0	0	0	0	0	0	0	0	0.98014166284677	0.647164135053842	0.878718813145999	0.56692687500152
0	0	0	0	0	0	0	0	0	0	0	0	0	0	0	0	0	0	0	0	0	0	0	0	0	0	0	0	0	0	0	0	0	0	0	0	0	0	0	0	0	0	0	0	0	0.7413541187512	0.506507451694202	0.64471814593033	0.756391356327151	0	0.643516051700609	0.890259452175799	0.851369534730035	0.60567491574984	0.655199460822158	0.694363162160515	0.9450017291473	0	0	0	0	0	0	0	0	0	0	0	0	0	0	0	0	0	0	0	0	0	0	0	0	0	0	0	0	0	0	0.5942008986061	0.765308389020185	0.754531146990239
0	0	0	0	0	0	0	0	0	0	0	0	0	0	0	0	0	0	0	0	0	0	0	0	0	0	0	0	0	0	0	0	0	0	0	0	0	0	0	0	0	0	0	0	0	0.679559771234346	0.820194263001067	0.850681208520846	0.770659165460085	0.837844360471719	0	0.92071734494269	0.791575534826969	0.719272527071485	0.855764417180006	0.833120669976732	0.990782598238779	0.727925536610125	0	0	0	0	0	0	0	0	0	0	0	0	0	0	0	0	0	0	0	0	0	0	0	0	0	0	0	0	0	0	0.689534101046718	0.651400012209659
0	0	0	0	0	0	0	0	0	0	0	0	0	0	0	0	0	0	0	0	0	0	0	0	0	0	0	0	0	0	0	0	0	0	0	0	0	0	0	0	0	0	0	0	0	0.813085133901346	0.797309171775106	0.938045367253935	0.757215565015129	0.927487385920945	0.77890904890657	0	0.872204200779962	0.729638231853877	0.617923991610184	0.617337790452245	0.899553263430796	0.958175495883596	0.503733088723868	0	0	0	0	0	0	0	0	0	0	0	0	0	0	0	0	0	0	0	0	0	0	0	0	0	0	0	0	0	0	0.561411297588321
0	0	0	0	0	0	0	0	0	0	0	0	0	0	0	0	0	0	0	0	0	0	0	0	0	0	0	0	0	0	0	0	0	0	0	0	0	0	0	0	0	0	0	0	0	0.977670008490209	0.63231719969705	0.816911420211832	0.783393820385107	0.653065509678555	0.953803665435151	0.771771772283142	0	0.700330302851229	0.610853216830887	0.648010082084119	0.845921707922868	0.904041261647904	0.508305507799413	0.673460147908672	0	0	0	0	0	0	0	0	0	0	0	0	0	0	0	0	0	0	0	0	0	0	0	0	0	0	0	0	0	0
0	0	0	0	0	0	0	0	0	0	0	0	0	0	0	0	0	0	0	0	0	0	0	0	0	0	0	0	0	0	0	0	0	0	0	0	0	0	0	0	0	0	0	0	0	0	0.799269581918501	0.876931257601252	0.935480156550389	0.844921698698308	0.968494076983778	0.751392570020352	0.555495099902646	0	0.621829516654539	0.786470209919227	0.99878867043059	0.665796749253252	0.859845428672258	0.707684333044021	0.552022883686569	0	0	0	0	0	0	0	0	0	0	0	0	0	0	0	0	0	0	0	0	0	0	0	0	0	0	0	0	0
0	0	0	0	0	0	0	0	0	0	0	0	0	0	0	0	0	0	0	0	0	0	0	0	0	0	0	0	0	0	0	0	0	0	0	0	0	0	0	0	0	0	0	0	0	0	0	0.742798245716564	0.684411582384942	0.885320493341242	0.792924685871381	0.691453511048638	0.963102782045957	0.962271787295033	0	0.511958065173909	0.859613472650697	0.998967626730222	0.517797554814865	0.535373224756214	0.98461938709364	0.749310766740998	0	0	0	0	0	0	0	0	0	0	0	0	0	0	0	0	0	0	0	0	0	0	0	0	0	0	0	0
0	0	0	0	0	0	0	0	0	0	0	0	0	0	0	0	0	0	0	0	0	0	0	0	0	0	0	0	0	0	0	0	0	0	0	0	0	0	0	0	0	0	0	0	0	0	0	0	0.966225911803811	0.959051476517378	0.569786336237155	0.939822408206179	0.676849474588234	0.515861533525816	0.585247440706334	0	0.629653196506659	0.699348605488918	0.509629237021386	0.51037270023647	0.901930154969861	0.738673684581352	0.598362022806388	0	0	0	0	0	0	0	0	0	0	0	0	0	0	0	0	0	0	0	0	0	0	0	0	0	0	0
0	0	0	0	0	0	0	0	0	0	0	0	0	0	0	0	0	0	0	0	0	0	0	0	0	0	0	0	0	0	0	0	0	0	0	0	0	0	0	0	0	0	0	0	0	0	0	0	0	0.52423885481433	0.507992536347299	0.649838432138163	0.668586412068555	0.798351410315627	0.905063017665295	0.905003032647089	0	0.535015153908294	0.541978406287371	0.66533693581642	0.922391015833088	0.73802438802153	0.884216806116102	0.583088567217203	0	0	0	0	0	0	0	0	0	0	0	0	0	0	0	0	0	0	0	0	0	0	0	0	0	0
0	0	0	0	0	0	0	0	0	0	0	0	0	0	0	0	0	0	0	0	0	0	0	0	0	0	0	0	0	0	0	0	0	0	0	0	0	0	0	0	0	0	0	0	0	0	0	0	0	0	0.904258444227113	0.508927559483841	0.5377998702106	0.743818484447168	0.504258235230917	0.897376195726738	0.745270272648481	0	0.777753278093823	0.931547290308703	0.629923176427375	0.724819897866611	0.698972466564163	0.607356135161869	0.921194194845735	0	0	0	0	0	0	0	0	0	0	0	0	0	0	0	0	0	0	0	0	0	0	0	0	0
0	0	0	0	0	0	0	0	0	0	0	0	0	0	0	0	0	0	0	0	0	0	0	0	0	0	0	0	0	0	0	0	0	0	0	0	0	0	0	0	0	0	0	0	0	0	0	0	0	0	0	0.804392384376264	0.65527765206968	0.952462335904522	0.89449957928935	0.851305370762586	0.585221957451361	0.860628709907864	0	0.796339231245417	0.773865730342843	0.601177129357633	0.983195247867271	0.752955999769356	0.720680309079623	0.730855344626556	0	0	0	0	0	0	0	0	0	0	0	0	0	0	0	0	0	0	0	0	0	0	0	0
0	0	0	0	0	0	0	0	0	0	0	0	0	0	0	0	0	0	0	0	0	0	0	0	0	0	0	0	0	0	0	0	0	0	0	0	0	0	0	0	0	0	0	0	0	0	0	0	0	0	0	0	0.894785121062929	0.775426283971945	0.924744591668595	0.830214589071301	0.758210557188781	0.83633511185165	0.537039329794676	0	0.626889639704808	0.985129268032797	0.544817024913346	0.68780885421357	0.941711037617647	0.900719254398031	0.802244989114495	0	0	0	0	0	0	0	0	0	0	0	0	0	0	0	0	0	0	0	0	0	0	0
0	0	0	0	0	0	0	0	0	0	0	0	0	0	0	0	0	0	0	0	0	0	0	0	0	0	0	0	0	0	0	0	0	0	0	0	0	0	0	0	0	0	0	0	0	0	0	0	0	0	0	0	0	0.515088238432137	0.803941672278775	0.554583664160115	0.938612134658567	0.505347152253481	0.500849663985656	0.769325447434338	0	0.999103043838035	0.612409681733508	0.845554189890127	0.780139462912309	0.515426058617404	0.763161217371858	0.618796279221947	0	0	0	0	0	0	0	0	0	0	0	0	0	0	0	0	0	0	0	0	0	0
0	0	0	0	0	0	0	0	0	0	0	0	0	0	0	0	0	0	0	0	0	0	0	0	0	0	0	0	0	0	0	0	0	0	0	0	0	0	0	0	0	0	0	0	0	0	0	0	0	0	0	0	0	0	0.85722487103937	0.842515140475948	0.747065132079126	0.536483014173863	0.585957299953984	0.674285908512286	0.54538771045868	0	0.563547608286282	0.96889724125918	0.840659470910087	0.525878850968244	0.877918381659729	0.865835701774593	0.933696328484718	0	0	0	0	0	0	0	0	0	0	0	0	0	0	0	0	0	0	0	0	0
0	0	0	0	0	0	0	0	0	0	0	0	0	0	0	0	0	0	0	0	0	0	0	0	0	0	0	0	0	0	0	0	0	0	0	0	0	0	0	0	0	0	0	0	0	0	0	0	0	0	0	0	0	0	0	0.978017469680123	0.519446749653482	0.68111537807138	0.641964663429502	0.754525289200259	0.89876522909327	0.75918522273218	0	0.956618062492406	0.721164513063226	0.722250606821647	0.968149353465069	0.513890088973634	0.846796869793792	0.689439468352874	0	0	0	0	0	0	0	0	0	0	0	0	0	0	0	0	0	0	0	0
0	0	0	0	0	0	0	0	0	0	0	0	0	0	0	0	0	0	0	0	0	0	0	0	0	0	0	0	0	0	0	0	0	0	0	0	0	0	0	0	0	0	0	0	0	0	0	0	0	0	0	0	0	0	0	0	0.512803551122936	0.929308640394189	0.651298482215158	0.713005177530719	0.660357068316869	0.749180665825138	0.577886201752009	0	0.582905280708668	0.591097870494817	0.787104013157086	0.975908363718399	0.585409903553557	0.852011632653289	0.995704678408804	0	0	0	0	0	0	0	0	0	0	0	0	0	0	0	0	0	0	0
0	0	0	0	0	0	0	0	0	0	0	0	0	0	0	0	0	0	0	0	0	0	0	0	0	0	0	0	0	0	0	0	0	0	0	0	0	0	0	0	0	0	0	0	0	0	0	0	0	0	0	0	0	0	0	0	0	0.700948356909855	0.934642977510852	0.919013751248501	0.766176040756604	0.875928254634615	0.628132917460682	0.568848728956914	0	0.805781378343043	0.578126620193202	0.995820696472268	0.821494943141773	0.723696566953801	0.882612626251396	0.881083697533614	0	0	0	0	0	0	0	0	0	0	0	0	0	0	0	0	0	0
0	0	0	0	0	0	0	0	0	0	0	0	0	0	0	0	0	0	0	0	0	0	0	0	0	0	0	0	0	0	0	0	0	0	0	0	0	0	0	0	0	0	0	0	0	0	0	0	0	0	0	0	0	0	0	0	0	0	0.660829969194965	0.817587780679892	0.525999311327779	0.822390698562676	0.673361758161422	0.709445022732489	0.959666929492804	0	0.571989837043867	0.775145501188697	0.796425907510076	0.923630744852441	0.958708489757828	0.830218151650695	0.88602655746138	0	0	0	0	0	0	0	0	0	0	0	0	0	0	0	0	0
0	0	0	0	0	0	0	0	0	0	0	0	0	0	0	0	0	0	0	0	0	0	0	0	0	0	0	0	0	0	0	0	0	0	0	0	0	0	0	0	0	0	0	0	0	0	0	0	0	0	0	0	0	0	0	0	0	0	0	0.555629395808967	0.58146871474521	0.788609534223066	0.981516329780131	0.753581782174136	0.797528494972917	0.50569391995234	0	0.914401014046713	0.506333619649803	0.872006801087249	0.879485164665312	0.657368181571526	0.69022429095802	0.638558919901889	0	0	0	0	0	0	0	0	0	0	0	0	0	0	0	0
0	0	0	0	0	0	0	0	0	0	0	0	0	0	0	0	0	0	0	0	0	0	0	0	0	0	0	0	0	0	0	0	0	0	0	0	0	0	0	0	0	0	0	0	0	0	0	0	0	0	0	0	0	0	0	0	0	0	0	0	0.621194660756667	0.516369415344652	0.788177495270953	0.683056953638499	0.611865692757571	0.672566539014059	0.617096406833371	0	0.891746478633222	0.734636260354386	0.974061534900436	0.665480481081732	0.819500812062548	0.5591724417741	0.555384146866436	0	0	0	0	0	0	0	0	0	0	0	0	0	0	0
0	0	0	0	0	0	0	0	0	0	0	0	0	0	0	0	0	0	0	0	0	0	0	0	0	0	0	0	0	0	0	0	0	0	0	0	0	0	0	0	0	0	0	0	0	0	0	0	0	0	0	0	0	0	0	0	0	0	0	0	0	0.654558748791455	0.729286006307947	0.848390939543148	0.689631707854515	0.656391420570814	0.680180203686036	0.918051357979607	0	0.705937245541143	0.733969618581197	0.645468394786106	0.894776163554769	0.60383765794604	0.662072021568612	0.505593377014953	0	0	0	0	0	0	0	0	0	0	0	0	0	0
0	0	0	0	0	0	0	0	0	0	0	0	0	0	0	0	0	0	0	0	0	0	0	0	0	0	0	0	0	0	0	0	0	0	0	0	0	0	0	0	0	0	0	0	0	0	0	0	0	0	0	0	0	0	0	0	0	0	0	0	0	0	0.513561021730648	0.891954923697527	0.774566563521788	0.869555972785298	0.775471705538662	0.867860377022252	0.832906699388974	0	0.795706336333097	0.829383347561703	0.55813245260198	0.778850567346394	0.627752545348166	0.842647544346949	0.587470266161267	0	0	0	0	0	0	0	0	0	0	0	0	0
0	0	0	0	0	0	0	0	0	0	0	0	0	0	0	0	0	0	0	0	0	0	0	0	0	0	0	0	0	0	0	0	0	0	0	0	0	0	0	0	0	0	0	0	0	0	0	0	0	0	0	0	0	0	0	0	0	0	0	0	0	0	0	0.796849673105782	0.743924236382312	0.516636025717742	0.63977357102744	0.655150423747342	0.620419502264022	0.623049602440793	0	0.512265769981774	0.797844626830971	0.640787197370563	0.529201174550224	0.901696702991721	0.910784764190325	0.716262038607564	0	0	0	0	0	0	0	0	0	0	0	0
0	0	0	0	0	0	0	0	0	0	0	0	0	0	0	0	0	0	0	0	0	0	0	0	0	0	0	0	0	0	0	0	0	0	0	0	0	0	0	0	0	0	0	0	0	0	0	0	0	0	0	0	0	0	0	0	0	0	0	0	0	0	0	0	0.867481132808886	0.996933676316313	0.991164975645037	0.648418502419423	0.894789105841329	0.7839360059734	0.929252635641012	0	0.790851386279054	0.529831651294547	0.868973999238138	0.957636345555783	0.527070408152888	0.755935534973464	0.990401020412865	0	0	0	0	0	0	0	0	0	0	0
0	0	0	0	0	0	0	0	0	0	0	0	0	0	0	0	0	0	0	0	0	0	0	0	0	0	0	0	0	0	0	0	0	0	0	0	0	0	0	0	0	0	0	0	0	0	0	0	0	0	0	0	0	0	0	0	0	0	0	0	0	0	0	0	0	0.747139497767316	0.707657960142965	0.931366934768056	0.804635358984022	0.77301294209478	0.505465123020077	0.649130540955405	0	0.677521681608292	0.708136650382594	0	0.721738539274994	0.910360875630629	0.808599632209588	0.773440647352485	0	0	0	0.814126284170608	0	0	0	0	0	0
0	0	0	0	0	0	0	0	0	0	0	0	0	0	0	0	0	0	0	0	0	0	0	0	0	0	0	0	0	0	0	0	0	0	0	0	0	0	0	0	0	0	0	0	0	0	0	0	0	0	0	0	0	0	0	0	0	0	0	0	0	0	0	0	0	0	0.882912034836092	0.793006604238283	0.609630349881793	0.642885531592472	0.707398716088777	0.631523723748605	0.892883907027841	0	0.726782562005772	0.99982584963289	0.636769351408283	0.674697238119148	0.994146696458095	0.745611675570489	0.865365389134796	0	0	0	0	0	0	0	0	0
0	0	0	0	0	0	0	0	0	0	0	0	0	0	0	0	0	0	0	0	0	0	0	0	0	0	0	0	0	0	0	0	0	0	0	0	0	0	0	0	0	0	0	0	0	0	0	0	0	0	0	0	0	0	0	0	0	0	0	0	0	0	0	0	0	0	0	0.985182329946728	0.715843545366085	0.529605635271245	0.697499602302218	0.733623156487395	0.961776586129667	0.830377945805928	0	0.83379971801435	0.608070269326834	0.994597278559758	0.738909657568049	0.826858828894059	0.715193163506313	0.519199193459078	0	0	0	0	0	0	0	0
0	0	0	0	0	0	0	0	0	0	0	0	0	0	0	0	0	0	0	0	0	0	0	0	0	0	0	0	0	0	0	0	0	0	0	0	0	0	0	0	0	0	0	0	0	0	0	0	0	0	0	0	0	0	0	0	0	0	0	0	0	0	0	0	0	0	0	0	0.611257081551359	0.90015372824756	0.700984456114115	0.680883337396388	0	0.601710120751143	0.722009257296525	0	0.658551039908577	0.676396792091231	0.534489195344636	0.580721445849389	0.528904357477851	0.832035426349314	0.682273454982433	0	0	0	0	0	0	0
0	0	0	0	0	0	0	0	0	0	0	0	0	0	0	0	0	0	0	0	0	0	0	0	0	0	0	0	0	0	0	0	0	0	0	0	0	0	0	0	0	0	0	0	0	0	0	0	0	0	0	0	0	0	0	0	0	0	0	0	0	0	0	0	0	0	0	0	0	0.88543271334542	0.614591997759905	0.898353840105088	0.630299400939322	0.539530266516924	0.758904242499763	0.661246437224996	0	0.81620733693342	0.624673085210848	0.970028266270387	0.838665549647894	0.73244156075581	0.878102007335835	0.608472580744461	0	0	0	0	0	0
0	0	0	0	0	0	0	0	0	0	0	0	0	0	0	0	0	0	0	0	0	0	0	0	0	0	0	0	0	0	0	0	0	0	0	0	0	0	0	0	0	0	0	0	0	0	0	0	0	0	0	0	0	0	0	0	0	0	0	0	0	0	0	0	0	0	0	0	0	0	0.503001486809202	0.612035673109671	0.872571170130833	0.686746284221221	0.919506132323366	0.559052167253919	0.905147037187715	0	0.85099647382054	0.718982348671687	0.591462753028753	0.710549099319858	0.562945591895436	0.939179576779076	0.90634541437773	0	0	0	0	0
0	0	0	0	0	0	0	0	0	0	0	0	0	0	0	0	0	0	0	0	0	0	0	0	0	0	0	0	0	0	0	0	0	0	0	0	0	0	0	0	0	0	0	0	0	0	0	0	0	0	0	0	0	0	0	0	0	0	0	0	0	0	0	0	0	0	0	0	0	0	0	0.972449999528338	0.750400104308996	0.939437856934997	0.516022353383661	0.545228888828874	0.55252118496045	0.827582894534398	0	0.579259810050678	0.500664796641152	0.949935080008273	0.532370157067747	0.551995909091745	0.521841151569066	0.632216221869092	0	0	0	0
0	0	0	0	0	0	0	0	0	0	0	0	0	0	0	0	0	0	0	0	0	0	0	0	0	0	0	0	0	0	0	0	0	0	0	0	0	0	0	0	0	0	0	0	0	0	0	0	0	0	0	0	0	0	0	0	0	0	0	0	0	0	0	0	0	0	0	0	0	0	0	0	0.755202572412168	0.710379796921062	0.621788570918983	0.819901762236289	0.680237757708445	0.508805894893235	0.853641104569531	0	0.913048775362264	0.96242514164259	0.679553715970979	0.862965899663219	0.968761174626467	0.574052410769505	0.57946213469167	0	0	0
0	0	0	0	0	0	0	0	0	0	0	0	0	0	0	0	0	0	0	0	0	0	0	0	0	0	0	0	0	0	0	0	0	0	0	0	0	0	0	0	0	0	0	0	0	0	0	0	0	0	0	0	0	0	0	0	0	0	0	0	0	0	0	0	0	0	0	0	0	0	0	0	0	0.938397783443066	0.62141077809271	0.653298376723217	0.669180521778231	0.623537948097394	0.643954238089727	0.575963568792042	0	0.529183209351016	0.79895777123655	0.510873478605525	0.608067145298846	0.52437581329951	0.78899437453654	0.541961138137653	0	0
0	0	0	0	0	0	0	0	0	0	0	0	0	0	0	0	0	0	0	0	0	0	0	0	0	0	0	0	0	0	0	0	0	0	0	0	0	0	0	0	0	0	0	0	0	0	0	0	0	0	0	0	0	0	0	0	0	0	0	0	0	0	0	0	0	0	0	0	0	0	0	0	0	0	0.76597729902754	0.998477762026414	0.820929064215713	0.603089130527789	0.83814958849743	0.541182778845748	0.886757336611061	0	0.582518969164637	0.889826950868987	0.845475542423638	0.878519607171998	0.682872958943542	0.970265475418031	0.556646904839901	0
0	0	0	0	0	0	0	0	0	0	0	0	0	0	0	0	0	0	0	0	0	0	0	0	0	0	0	0	0	0	0	0	0	0	0	0	0	0	0	0	0	0	0	0	0	0	0	0	0	0	0	0	0	0	0	0	0	0	0	0	0	0	0	0	0	0	0	0	0	0	0	0	0	0	0	0.572191902264886	0.895386968889422	0.63092934683912	0.944051598377818	0.819567219390845	0.793146528444233	0.857602434074312	0	0.923550846877463	0.818986113284427	0.758828677412656	0.525380051578623	0.731775354274164	0.933768438795103	0.708756439102412
0	0	0	0	0	0	0	0	0	0	0	0	0	0	0	0	0	0	0	0	0	0	0	0	0	0	0	0	0	0	0	0	0	0	0	0	0	0	0	0	0	0	0	0	0	0.53460037541721	0	0	0	0	0	0	0	0	0	0	0	0	0	0	0	0	0	0	0	0	0	0	0	0	0	0	0.852076251681024	0	0	0	0.57546840819819	0.858248069351265	0.503586313704463	0.877051156309836	0.703226194038159	0.983763296096727	0.652812252919158	0	0.844384565342126	0.934221815665421	0.932383298580435	0.615022351266988	0.520082897556842	0.883376920426953
0	0	0	0	0	0	0	0	0	0	0	0	0	0	0	0	0	0	0	0	0	0	0	0	0	0	0	0	0	0	0	0	0	0	0	0	0	0	0	0	0	0	0	0	0	0.959543857939236	0.991353587011603	0	0	0	0	0	0	0	0	0	0	0	0	0	0	0	0	0	0	0	0	0	0	0	0	0	0	0	0	0	0	0.528804136520371	0.837837519186148	0.995876942853372	0.809665528999462	0.596419817958235	0.88375913078706	0.670028483980358	0	0.885044305308875	0.953031671218136	0.723053491915059	0.987785205840431	0.831121732526054
0	0	0	0	0	0	0	0	0	0	0	0	0	0	0	0	0	0	0	0	0	0	0	0	0	0	0	0	0	0	0	0	0	0	0	0	0	0	0	0	0	0	0	0	0	0.690693108991008	0.633297131248844	0.774556009868084	0	0	0	0	0	0	0	0	0	0	0	0	0	0	0	0	0	0	0	0	0	0	0	0	0	0	0	0	0	0	0.569948840966892	0.738629987737687	0.723050913486593	0.621796167371104	0.646017183530679	0.881112125493602	0.920781216725954	0	0.719959884499924	0.833597803670713	0.585432140694325	0.876571694325057
0	0	0	0	0	0	0	0	0	0	0	0	0	0	0	0	0	0	0	0	0	0	0	0	0	0	0	0	0	0	0	0	0	0	0	0	0	0	0	0	0	0	0	0	0	0.717488125735789	0.941371773690308	0.714140900255877	0.645874864806433	0	0	0	0	0	0	0	0	0	0	0	0	0	0	0	0	0	0	0	0	0	0	0	0	0	0	0	0	0	0	0.728121924207908	0.505711722525518	0.761603981727511	0.777389457321386	0.673396027873034	0.700993797372379	0.847513367600096	0	0.850492088554568	0.914116094027617	0.969779192969254
0	0	0	0	0	0	0	0	0	0	0	0	0	0	0	0	0	0	0	0	0	0	0	0	0	0	0	0	0	0	0	0	0	0	0	0	0	0	0	0	0	0	0	0	0	0.871120112249332	0.59164443755844	0.766631738083975	0.77542265658913	0.807819319080355	0	0	0	0	0	0	0	0	0	0	0	0	0	0	0	0	0	0	0	0	0	0	0	0	0	0	0	0	0	0	0.860002845705975	0.722761170527849	0.501004428058304	0.734792287848512	0.933108007156962	0.642402813935326	0.824585844129826	0	0.627879298431948	0.694568983545865
0	0	0	0	0	0	0	0	0	0	0	0	0	0	0	0	0	0	0	0	0	0	0	0	0	0	0	0	0	0	0	0	0	0	0	0	0	0	0	0	0	0	0	0	0	0.950719125159709	0.61397677662933	0.621513541004384	0.648169168970279	0.541585164606763	0.783923175917724	0	0	0	0	0	0	0	0	0	0	0	0	0	0	0	0	0	0	0	0	0	0	0	0	0	0	0	0	0	0	0.717876669669473	0.881423483465002	0.827446257576847	0.508595969458267	0.611485082905296	0.762694412019412	0.763412897304017	0	0.637684380361607
0	0	0	0	0	0	0	0	0	0	0	0	0	0	0	0	0	0	0	0	0	0	0	0	0	0	0	0	0	0	0	0	0	0	0	0	0	0	0	0	0	0	0	0	0	0.728233558082905	0.530999975180775	0.834339798409882	0.525669913111608	0.906771904519642	0.788472544076853	0.568115448694392	0	0	0	0	0	0	0	0	0	0	0	0	0	0	0	0	0	0	0	0	0	0	0	0	0	0	0	0	0	0	0.782339292744625	0.825571419644711	0.742743967218762	0.788337033698616	0.517514974149495	0.576847891462952	0.580533892753162	0
