0	0.765457677477833	0.93981959430865	0.709196379804106	0.996588273376606	0.662861409239437	0.527232840757697	0.642895888345302	0	0	0	0	0	0	0	0	0	0	0	0	0	0	0	0	0	0	0	0	0	0	0	0	0	0	0	0	0	0	0.987127831102663	0.955010911092761	0.598997339569339	0	0.605327432011248	0.65306584853866	0.684027486700716	0	0	0	0	0	0	0	0	0	0	0	0	0	0	0	0	0	0	0	0	0	0	0	0	0	0	0	0	0	0	0	0	0	0	0	0	0	0	0	0	0	0	0	0	0
0.533165647751368	0	0.684063004863313	0.572081600696815	0.541542723671886	0.818842134644555	0.846521634633222	0.88588130270901	0.95677310183008	0	0	0	0	0	0	0	0	0	0	0	0	0	0	0	0	0	0	0	0	0	0	0	0	0	0	0	0	0	0	0.848742417236242	0.972086043063864	0.962077577624196	0.945559164494301	0.744430045234589	0.90809035042765	0	0	0	0	0	0	0	0	0	0	0	0	0	0	0	0	0	0	0	0	0	0	0	0	0	0	0	0	0	0	0	0	0	0	0	0	0	0	0	0	0	0	0	0	0
0.828495492635554	0.569985316437007	0	0.505181784980696	0.833977094147965	0.863106062576155	0.822744997039636	0.608099041980142	0.826718355789445	0.739211002241005	0	0	0	0	0	0	0	0	0	0	0	0	0	0	0	0	0	0	0	0	0	0	0	0	0	0	0	0	0	0	0.861225410114339	0.535011505518855	0.815601190468356	0.805227173198198	0.859064753517953	0	0	0	0	0	0	0	0	0	0	0	0	0	0	0	0	0	0	0	0	0	0	0	0	0	0	0	0	0	0	0	0	0	0	0	0	0	0	0	0	0	0	0	0	0
0.796475899616847	0.515158104219914	0.609863605105826	0	0.572611769092042	0.872386207477603	0.50056980052723	0.778997345757346	0.972797880760676	0.984633745363899	0.806418689837841	0	0	0	0	0	0	0	0	0	0	0	0	0	0	0	0	0	0	0	0	0	0	0	0	0	0	0	0	0	0	0.732252351438481	0.80361396683176	0.543578415403182	0.581183397526118	0	0	0	0	0	0	0	0	0	0	0	0	0	0	0	0	0	0	0	0	0	0	0	0	0	0	0	0	0	0	0	0	0	0	0	0	0	0	0	0	0	0	0	0	0
0.944916889653066	0.852899302729459	0.540340597155709	0.962382475261802	0	0.624852834720894	0.734309497818718	0.892610772439811	0.527747437824392	0.785607984534001	0.692761293052741	0.728152579938851	0	0	0	0	0	0	0	0	0	0	0	0	0	0	0	0	0	0	0	0	0	0	0	0	0	0	0	0	0	0	0.660970783038411	0.941262954965113	0.745640215957898	0	0	0	0	0	0	0	0	0	0	0	0	0	0	0	0	0	0	0	0	0	0	0	0	0	0	0	0	0	0	0	0	0	0	0	0	0	0	0	0	0	0	0	0	0
0.931166352437707	0.538899995318229	0.592492377321474	0.993498619237182	0.583532995172077	0	0.840786672510908	0.985073184115407	0.732023165544995	0.930696125466073	0.513337409089556	0.77028274488059	0.992430274587345	0	0	0	0	0	0	0	0	0	0	0	0	0	0	0	0	0	0	0	0	0	0	0	0	0	0	0	0	0	0	0.6122337938577	0.578603185468842	0	0	0	0	0	0	0	0	0	0	0	0	0	0	0	0	0	0	0	0	0	0	0	0	0	0	0	0	0	0	0	0	0	0	0	0	0	0	0	0	0	0	0	0	0
0.806895779519648	0.623434333836317	0.559207116458285	0.709295513858656	0.647181284844408	0.565468837986169	0	0.784416991993349	0.645917900125266	0.60349135668021	0.745581463762523	0.676476694806948	0.984553964053088	0.62904650919797	0	0	0	0	0	0	0	0	0	0	0	0	0	0	0	0	0	0	0	0	0	0	0	0	0	0	0	0	0	0	0.889487526401755	0	0	0	0	0	0	0	0	0	0	0	0	0	0	0	0	0	0	0	0	0	0	0	0	0	0	0	0	0	0	0	0	0	0	0	0	0	0	0	0	0	0	0	0	0
0.632231756776829	0.524473684439531	0.854398608359485	0.742718096217918	0.846805184589571	0.538607817183389	0.903994928081349	0	0.876893089997777	0.610944139475462	0.947242666834678	0.861666042469001	0.920126530094265	0.982953956901541	0.79972947425957	0	0	0	0	0	0	0	0	0	0	0	0	0	0	0	0	0	0	0	0	0	0	0	0	0	0	0	0	0	0	0	0	0	0	0	0	0	0	0	0	0	0	0	0	0	0	0	0	0	0	0	0	0	0	0	0	0	0	0	0	0	0	0	0	0	0	0	0	0	0	0	0	0	0	0
0	0.732053880982925	0.909454527967638	0.882060033703825	0.966582847884831	0.7895201626946	0.67581039652523	0.982224715176863	0	0.889470691920372	0.901085802270028	0.956556441616241	0.502025059253521	0.620470408295906	0.685252723943085	0.565939697487317	0	0	0	0	0	0	0	0	0	0	0	0	0	0	0	0	0	0	0	0	0	0	0	0	0	0	0	0	0	0	0	0	0	0	0	0	0	0	0	0	0	0	0	0	0	0	0	0	0	0	0	0	0	0	0	0	0	0	0	0	0	0	0	0	0	0	0	0	0	0	0	0	0	0
0	0	0.973774058051677	0.696593637593477	0.926149950886375	0.78118446607926	0.942277548035599	0.94903828728361	0.819030321490173	0	0.990474023008737	0.715698970207921	0.589886202143332	0.987225744896188	0.879909216933801	0.647046395148378	0.719068147994957	0	0	0	0	0	0	0	0	0	0	0	0	0	0	0	0	0	0	0	0	0	0	0	0	0	0	0	0	0	0	0	0	0	0	0	0	0	0	0	0	0	0	0	0	0	0	0	0	0	0	0	0	0	0	0	0	0	0	0	0	0	0	0	0	0	0	0	0	0	0	0	0	0
0	0	0	0.587370054657558	0.642377946148477	0.633441982063339	0.972598923210267	0.649984589568767	0.589730372605178	0.948103501240792	0	0.511611116675625	0.634648491335497	0.76944615801864	0.967505511103548	0.998643155389617	0.756222099113765	0.991374741482637	0	0	0	0	0	0	0	0	0	0	0	0	0	0	0	0	0	0	0	0	0	0	0	0	0	0	0	0	0	0	0	0	0	0	0	0	0	0	0	0	0	0	0	0	0	0	0	0	0	0	0	0	0	0	0	0	0	0	0	0	0	0	0	0	0	0	0	0	0	0	0	0
0	0	0	0	0.719820058430112	0.901510519500156	0.862428446742352	0.60913805245419	0.95493704843612	0.934428451907814	0.717059999635457	0	0.940234896940582	0.541674142027452	0.521564212761485	0.771046248290254	0.621831697043151	0.522440890505347	0.905248404866419	0	0	0	0	0	0	0	0	0	0	0	0	0	0	0	0	0	0	0	0	0	0	0	0	0	0	0	0	0	0	0	0	0	0	0	0	0	0	0	0	0	0	0	0	0	0	0	0	0	0	0	0	0	0	0	0	0	0	0	0	0	0	0	0	0	0	0	0	0	0	0
0	0	0	0	0	0.717920180819575	0.713131493868003	0.983934276683591	0.92847273620569	0.701945451191002	0.97500160106524	0.69634901225986	0	0.744052391221352	0.790348940297515	0.501551754338924	0.936230967356142	0.888478251410955	0.524915268624264	0.945398725496879	0	0	0	0	0	0	0	0	0	0	0	0	0	0	0	0	0	0	0	0	0	0	0	0	0	0	0	0	0	0	0	0	0	0	0	0	0	0	0	0	0	0	0	0	0	0	0	0	0	0	0	0	0	0	0	0	0	0	0	0	0	0	0	0	0	0	0	0	0	0
0	0	0	0	0	0	0.627194808157925	0.913047680073213	0.522145274302978	0.582974811903598	0.943420178960589	0.649392131793105	0.655669476957809	0	0.875541587987913	0.838424761112415	0.929038873946216	0.761117348707898	0.53597905128522	0.938224092936281	0.557816982026469	0	0	0	0	0	0	0	0	0	0	0	0	0	0	0	0	0	0	0	0	0	0	0	0	0	0	0	0	0	0	0	0	0	0	0	0	0	0	0	0	0	0	0	0	0	0	0	0	0	0	0	0	0	0	0	0	0	0	0	0	0	0	0	0	0	0	0	0	0
0	0	0	0	0	0	0	0.638391502514946	0.957972325815645	0.614086038336173	0.84008956911601	0.816096563378775	0.829781086079318	0.631880738526817	0	0.524842523172116	0.566363861250565	0.790472677801034	0	0	0.581535883351094	0.629347940107519	0	0.780362811862481	0.551713873235577	0	0	0	0	0	0	0	0	0	0.608608096070893	0	0	0	0	0	0	0	0	0	0	0	0	0	0	0	0	0	0	0	0	0	0	0	0	0	0	0	0	0	0	0	0	0	0	0	0	0	0	0	0	0	0	0	0	0	0	0	0	0	0	0	0	0	0	0
0	0	0	0	0	0	0	0	0.714280693493274	0.783911876700645	0.65102923068372	0.550971402371889	0.51209466617489	0.76508176790352	0.878372523711757	0	0.658507927957303	0.956069706788564	0.842345471543629	0.697461761629527	0.76928616177966	0.512167048012794	0.720371568752512	0	0	0	0	0	0	0	0	0	0	0	0	0	0	0	0	0	0	0	0	0	0	0	0	0	0	0	0	0	0	0	0	0	0	0	0	0	0	0	0	0	0	0	0	0	0	0	0	0	0	0	0	0	0	0	0	0	0	0	0	0	0	0	0	0	0	0
0	0	0	0	0	0	0	0	0	0.732828324719007	0.785911356363701	0.78409623311022	0.80734705072482	0.902789779714883	0.674391395746879	0.636714932056381	0	0.783688464764094	0.532781923826988	0.816923081975979	0.830298455232033	0.597393631631227	0.635936837422455	0.839485176113486	0	0	0	0	0	0	0	0	0	0	0	0	0	0	0	0	0	0.653752601958336	0	0	0	0	0	0	0	0	0	0	0	0	0	0	0	0	0	0	0	0	0	0	0	0	0	0	0	0	0	0	0	0	0	0	0	0	0	0	0	0	0	0	0	0	0	0	0	0
0	0	0	0	0	0	0	0	0	0	0.96543999092058	0.666442868008019	0.828522495546649	0.952360222901073	0.714178274503874	0.522769907805613	0.680088922034191	0	0.943581046021721	0.980441355535503	0.541034215474382	0.508874819914677	0.869846878509527	0.813649958547747	0.65144665538839	0	0	0	0	0	0	0	0	0	0	0	0	0	0	0	0	0	0	0	0	0	0	0	0	0	0	0	0	0	0	0	0	0	0	0	0	0	0	0	0	0	0	0	0	0	0	0	0	0	0	0	0	0	0	0	0	0	0	0	0	0	0	0	0	0
0	0	0	0	0	0	0	0	0	0	0	0.837659047100845	0.511948895148392	0.790689686770945	0	0.531272136465734	0.982509701311513	0.943119960435599	0	0.843968068686841	0.659668396165647	0.545669387415843	0.548594624892513	0.724692113899848	0.869287861142529	0.541025815499706	0	0	0	0	0	0	0	0	0	0	0	0	0	0	0	0	0	0	0	0	0	0	0	0	0	0	0	0	0	0	0	0	0	0	0	0	0	0	0	0	0	0	0	0	0	0	0	0	0	0	0	0	0	0	0	0	0	0	0	0	0	0	0	0
0	0	0	0	0	0	0	0	0	0	0	0	0.720111617330109	0.515288689363279	0	0.836259869218841	0.973376976637975	0.729411113578952	0.762293776864367	0	0.936550086374962	0.652131946725129	0.683840406486076	0.708854867993089	0.990575883711495	0.698353688959058	0.741222905818129	0	0	0	0	0	0	0	0	0	0	0	0	0	0	0	0	0	0	0	0	0	0	0	0	0	0	0	0	0	0	0	0	0	0	0	0	0	0	0	0	0	0	0	0	0	0	0	0	0	0	0	0	0	0	0	0	0	0	0	0	0	0	0
0	0	0	0	0	0	0	0	0	0	0	0	0	0.563540455970288	0.988439802734723	0.775926838034177	0.536315421130862	0.749110992681732	0.502176258063274	0.730271739223673	0	0.985522004529439	0.699591893443192	0.844670570785187	0.797652963183228	0.941746102386044	0.893377570713001	0.972232681144062	0	0	0	0	0	0	0	0	0.566194967876458	0	0	0	0	0	0	0	0	0	0	0	0	0	0	0	0	0	0	0	0	0	0	0	0	0	0	0	0	0	0	0	0	0	0	0	0	0	0	0	0	0	0	0	0	0	0	0	0	0	0	0	0	0
0	0	0	0	0	0	0	0	0	0	0	0	0	0	0.897333060275062	0.939189958336017	0.63677488456792	0.624431474972279	0.615921389091149	0.592940432728699	0.520054910866112	0	0.578642729894174	0.637901938162189	0.976918466671829	0.598213998125408	0.562478960510362	0.575715128442647	0.551901268837294	0	0	0	0	0	0	0	0	0	0	0	0	0	0	0	0	0	0	0	0	0	0	0	0	0	0	0	0	0	0	0	0	0	0	0	0	0	0	0	0	0	0	0	0	0	0	0	0	0	0	0	0	0	0	0	0	0	0	0	0	0
0	0	0	0	0	0	0	0	0	0	0	0	0	0	0	0.731379212107607	0.791735727078082	0.687722683292752	0.825881243916431	0.514914173338037	0.609430547976864	0.943840809336467	0	0.674035381074279	0.695733804676346	0.836777761920217	0.747512311119593	0.903295753173205	0.863838565001987	0.669064962676438	0	0	0	0	0	0	0	0	0	0	0	0	0	0	0	0	0	0	0	0	0	0	0	0	0	0	0	0	0	0	0	0	0	0	0	0	0	0	0	0	0	0	0	0	0	0	0	0	0	0	0	0	0	0	0	0	0	0	0	0
0	0	0	0	0	0	0	0	0	0	0	0	0	0	0.746846043304672	0	0.918224262107468	0.896553432692103	0.710275801962475	0.652851022882178	0.702035308890689	0.816819010718762	0.543220807553157	0	0.953181323603426	0.729957885188193	0.880975274970102	0	0.602584394814395	0.782845597455864	0.716031720689743	0	0	0	0	0	0	0	0	0	0	0	0	0	0	0	0	0	0	0	0	0	0	0	0	0	0	0	0	0	0	0	0	0	0	0	0	0	0	0	0	0	0	0	0	0	0	0	0	0	0	0	0	0	0	0	0	0	0	0
0	0	0	0	0	0	0	0	0	0	0	0	0	0	0.541820814162825	0	0	0.692632041604584	0.646001260338667	0.770875696508598	0.903646004758127	0.643983034214777	0.662194023364393	0.746373486376685	0	0.929562223393161	0.517919715245378	0.726771716543072	0.987653372760491	0.530722952902687	0.6128075251229	0.903737754351682	0	0	0	0	0	0	0	0	0	0	0	0	0	0	0	0	0	0	0	0	0	0	0	0	0	0	0	0	0	0	0	0	0	0	0	0	0	0	0	0	0	0	0	0	0	0	0	0	0	0	0	0	0	0	0	0	0	0
0	0	0	0	0	0	0	0	0	0	0	0	0	0	0	0	0	0	0.70427809168977	0.562321064368642	0.657234180458086	0.878958012480843	0.850455324865182	0.786988859189324	0.680053829291504	0	0.642747551106335	0.668925119648089	0.639517383266236	0.800507328891394	0.849996287629678	0.878634680195858	0.838982072805767	0	0	0	0	0	0	0	0	0	0	0	0	0	0	0	0	0	0	0	0	0	0	0	0	0	0	0	0	0	0	0	0	0	0	0	0	0	0	0	0	0	0	0	0	0	0	0	0	0	0	0	0	0	0	0	0	0
0	0	0	0	0	0	0	0	0	0	0	0	0	0	0	0	0	0	0	0.998417757233158	0.910811245626047	0.894892007888927	0.549029368266643	0.702230459493274	0.707460655886784	0.834567275618565	0	0.663706761319048	0.785459924158771	0.501711049256313	0.844243498562754	0.785467414853444	0.5639091902921	0.908348151855474	0	0	0	0	0	0	0	0	0	0	0	0	0	0	0	0	0	0	0	0	0	0	0	0	0	0	0	0	0	0	0	0	0	0	0	0	0	0	0	0	0	0	0	0	0	0	0	0	0	0	0	0	0	0	0	0
0	0	0	0	0	0	0	0	0	0	0	0	0	0	0	0	0	0	0	0	0.72535678601574	0.898748524980211	0.769434883557531	0	0.954091112586364	0.6005681529898	0.670365893758651	0	0.575059893668562	0.849222709366234	0.997372024846482	0.501811831560204	0.965224578638811	0.507423140928658	0.884850107597748	0	0	0	0	0	0	0	0	0	0	0	0	0	0	0	0	0	0	0	0	0	0	0	0	0	0	0	0	0	0	0	0	0	0	0	0	0	0	0	0	0	0	0	0	0	0	0	0	0	0	0	0	0	0	0
0	0	0	0	0	0	0	0	0	0	0	0	0	0	0	0	0	0	0	0	0	0.930316395761004	0.891629927968004	0.656473454801033	0.942617653285488	0.91170794417353	0.597702438521272	0.618619336245592	0	0.7487662252946	0.738626715365832	0.675384719119716	0.859466381974991	0.919907554157059	0.676005910988131	0.851305918147731	0	0	0	0	0	0	0	0	0	0	0	0	0	0	0	0	0	0	0	0	0	0	0	0	0	0	0	0	0	0	0	0	0	0	0	0	0	0	0	0	0	0	0	0	0	0	0	0	0	0	0	0	0	0
0	0	0	0	0	0	0	0	0	0	0	0	0	0	0	0	0	0	0	0	0	0	0.790090365891192	0.636942776527357	0.532747080204198	0.797696215335204	0.504124957069609	0.893048206614545	0.747389728663103	0	0.573914206083489	0.807542127279925	0.832777664788485	0.718226178002979	0.599804775398399	0.820362465630722	0.869682594440691	0	0	0	0	0	0	0	0	0	0	0	0	0	0	0	0	0	0	0	0	0	0	0	0	0	0	0	0	0	0	0	0	0	0	0	0	0	0	0	0	0	0	0	0	0	0	0	0	0	0	0	0	0
0	0	0	0	0	0	0	0	0	0	0	0	0	0	0	0	0	0	0	0	0	0	0	0.823032581957615	0.60384161471891	0.559087867523781	0.932865544507225	0.824070438696734	0.841023943278548	0.617613539097884	0	0.666162748034717	0.898073822907416	0.831761685211265	0.920622197345549	0.970285139314393	0.859281010411001	0.911158386250913	0	0	0	0	0	0	0	0	0	0	0	0	0	0	0	0	0	0	0	0	0	0	0	0	0	0	0	0	0	0	0	0	0	0	0	0	0	0	0	0	0	0	0	0	0	0	0	0	0	0	0	0
0	0	0	0	0	0	0	0	0	0	0	0	0	0	0	0	0	0	0	0	0	0	0	0	0.787226313936286	0.957087214974038	0.6671865330114	0.799264001453898	0.537372219477297	0.564494148570948	0.895018506843688	0	0.992877890748719	0.570575060684108	0.946875692823058	0.522576085088552	0.999351509117142	0.812093051467193	0.920598576426956	0	0	0	0	0	0	0	0	0	0	0	0	0	0	0	0	0	0	0	0	0	0	0	0	0	0	0	0	0	0	0	0	0	0	0	0	0	0	0	0	0	0	0	0	0	0	0	0	0	0	0
0	0	0	0	0	0	0	0	0	0	0	0	0	0	0	0	0	0	0	0	0	0	0	0	0	0.994756272895248	0.767408928018305	0.992115923927469	0.703635461268106	0.939980806180412	0.618689121625353	0.997475046014576	0	0.873938168467631	0.622581695357799	0.556462943975165	0.505653808926611	0.663820106597282	0.826082918260887	0.626671646487195	0	0	0	0	0	0	0	0	0	0	0	0	0	0	0	0	0	0	0	0	0	0	0	0	0	0	0	0	0	0	0	0	0	0	0	0	0	0	0	0	0	0	0	0	0	0	0	0	0	0
0	0	0	0	0	0	0	0	0	0	0	0	0	0	0	0	0	0	0	0	0	0	0	0	0	0	0.807512193174804	0.872002763842412	0.987054785266982	0.634625481626492	0.564789893740758	0.545385802989432	0.931762619301527	0	0.982113493086177	0.597696893028998	0.706349809167975	0.660381773991292	0.865120253413315	0.645097298252904	0.980707649972786	0	0	0	0	0	0	0	0	0	0	0	0	0	0	0	0	0	0	0	0	0	0	0	0	0	0	0	0	0	0	0	0	0	0	0	0	0	0	0	0	0	0	0	0	0	0	0	0	0
0	0	0	0	0	0	0	0	0	0	0	0	0	0	0.562325291261367	0	0	0	0	0	0	0	0	0	0	0	0	0.688360997270298	0.866521438322298	0.527260309265981	0.738133050877908	0.857286904561499	0.888139675022547	0.853280582032244	0	0.972810884368664	0.778510472358214	0.689793129473438	0.697507429602091	0.997921655748369	0.886062160476877	0.513648493995089	0	0	0	0	0	0	0	0	0	0	0	0	0	0	0	0	0	0	0	0	0	0	0	0	0	0	0	0	0	0	0	0	0	0	0	0	0	0	0	0	0	0	0	0	0	0	0	0
0	0	0	0	0	0	0	0	0	0	0	0	0	0	0	0	0	0	0	0	0	0	0	0	0	0	0	0	0.898009418220918	0.795375571785863	0.570822305842433	0.532601083694609	0.958357615863965	0.76682638448539	0.834360700405696	0	0.828354700521526	0.878440656496819	0.750994925059731	0.962546337919669	0.983899713380038	0.525117597032189	0.683551841235032	0	0	0	0	0	0	0	0	0	0	0	0	0	0	0	0	0	0	0	0	0	0	0	0	0	0	0	0	0	0	0	0	0	0	0	0	0	0	0	0	0	0	0	0	0	0	0
0	0	0	0	0	0	0	0	0	0	0	0	0	0	0	0	0	0	0	0	0.570907218780232	0	0	0	0	0	0	0	0	0.778438608942652	0.956366325207558	0.610052930869915	0.571991688182729	0.62470630500849	0.880957097273282	0.663100615975174	0	0.837110561133643	0	0.64572612926233	0.944528386528638	0.523790493304185	0.551655933121015	0.944773285993708	0	0	0	0	0	0	0	0	0	0	0	0	0	0	0	0	0	0	0	0	0	0	0	0	0	0	0	0	0	0	0	0	0	0	0	0	0	0	0	0	0	0	0	0	0	0
0	0	0	0	0	0	0	0	0	0	0	0	0	0	0	0	0	0	0	0	0	0	0	0	0	0	0	0	0	0	0.547905968338812	0.803538568058895	0.996247600038995	0.617973278059646	0.72349111186194	0.506401098259972	0.899047721254426	0	0.93979841210702	0.737411135162324	0.543399192929034	0.754478899679253	0.860914188320608	0.857263860149659	0.919822623681527	0	0	0	0	0	0	0	0	0	0	0	0	0	0	0	0	0	0	0	0	0	0	0	0	0	0	0	0	0	0	0	0	0	0	0	0	0	0	0	0	0	0	0	0	0
0.941736193400823	0	0	0	0	0	0	0	0	0	0	0	0	0	0	0	0	0	0	0	0	0	0	0	0	0	0	0	0	0	0	0.69945116651564	0.976920891137362	0.599189069800911	0.728985117730609	0.72870112425542	0	0.922907810362484	0	0.517869084472672	0.726144946799888	0.688033719016804	0.620357235672736	0.520968085979637	0.519241236466218	0	0	0	0	0	0	0	0	0	0	0	0	0	0	0	0	0	0	0	0	0	0	0	0	0	0	0	0	0	0	0	0	0	0	0	0	0	0	0	0	0	0	0	0	0
0.60278231787352	0.667528452096839	0	0	0	0	0	0	0	0	0	0	0	0	0	0	0	0	0	0	0	0	0	0	0	0	0	0	0	0	0	0	0.763356211071662	0.521646825740995	0.903746944757577	0.624962347543513	0.662025235603088	0.63101708391194	0.907709182071479	0	0.548805287918565	0.595321442722951	0.622386289820767	0.940908655677776	0.727216854717025	0	0	0	0	0	0	0	0	0	0	0	0	0	0	0	0	0	0	0	0	0	0	0	0	0	0	0	0	0	0	0	0	0	0	0	0	0	0	0	0	0	0	0	0	0
0.656836211781389	0.636283212917244	0.625872177588179	0	0	0	0	0	0	0	0	0	0	0	0	0	0	0	0	0	0	0	0	0	0	0	0	0	0	0	0	0	0	0.581032040133628	0.511075736187408	0.55728124877207	0.960604450364315	0.612933134502779	0.700793577026962	0.501942492704565	0	0.956790152272581	0.950031308059606	0.67416281622306	0.554639529123549	0	0	0	0	0	0	0	0	0	0	0	0	0	0	0	0	0	0	0	0	0	0	0	0	0	0	0	0	0	0	0	0	0	0	0	0	0	0	0	0	0	0	0	0	0
0	0.859929535916289	0.952780201588977	0.793260251568576	0	0	0	0	0	0	0	0	0	0	0	0	0.935269778044201	0	0	0	0	0	0	0	0	0	0	0	0	0	0	0	0	0	0.792289059686757	0.500865353063844	0.548939531510639	0.961847271999336	0.786863657182802	0.946805521420521	0.718778867583143	0	0.982109719481374	0.999406791829987	0.88886630254892	0	0	0	0	0	0	0	0	0	0	0	0	0	0	0	0	0	0	0	0	0	0	0	0	0	0	0	0	0	0	0	0	0	0	0	0	0	0	0	0	0	0	0	0	0
0.715256670805956	0.787859784607204	0.532374496861615	0.509443588053496	0.902464330110366	0	0	0	0	0	0	0	0	0	0	0	0	0	0	0	0	0	0	0	0	0	0	0	0	0	0	0	0	0	0	0.886270805632091	0.679015556252663	0.617151111449044	0.894677900056752	0.830587795304445	0.841538029555631	0.891146704971245	0	0.930470928839047	0.762051742411784	0	0	0	0	0	0	0	0	0	0	0	0	0	0	0	0	0	0	0	0	0	0	0	0	0	0	0	0	0	0	0	0	0	0	0	0	0	0	0	0	0	0	0	0	0
0.824989542361904	0.917699107558778	0.943703768720694	0.739103873558073	0.954279632323711	0.506748469427781	0	0	0	0	0	0	0	0	0	0	0	0	0	0	0	0	0	0	0	0	0	0	0	0	0	0	0	0	0	0	0.758227829049853	0.659291764720442	0.516034488191916	0.933061531057701	0.844960001728879	0.782773019104487	0.770406259034296	0	0.531725358400947	0	0	0	0	0	0	0	0	0	0	0	0	0	0	0	0	0	0	0	0	0	0	0	0	0	0	0	0	0	0	0	0	0	0	0	0	0	0	0	0	0	0	0	0	0
0.967429179981915	0.678758291614541	0.732053541757594	0.964989743059975	0.99747750328501	0.832706030719232	0.814263191488844	0	0	0	0	0	0	0	0	0	0	0	0	0	0	0	0	0	0	0	0	0	0	0	0	0	0	0	0	0	0	0.63318766290746	0.916662911593227	0.549369516309792	0.710630444676831	0.720933134107099	0.874530432451816	0.595777918549262	0	0	0	0	0	0	0	0	0	0	0	0	0	0	0	0	0	0	0	0	0	0	0	0	0	0	0	0	0	0	0	0	0	0	0	0	0	0	0	0	0	0	0	0	0	0
0	0	0	0	0	0	0	0	0	0	0	0	0	0	0	0	0	0	0	0	0	0	0	0	0	0	0	0	0	0	0	0	0	0	0	0	0	0	0	0	0	0	0	0	0	0	0	0	0	0	0	0	0	0	0	0.984235487009137	0	0	0	0	0	0	0.934223286187377	0	0.529400816911869	0	0	0	0	0	0	0	0	0	0	0.727029365550528	0	0	0	0	0	0	0	0.569573396621356	0	0	0	0	0.871865966764329	0
0	0	0	0	0	0	0	0	0	0	0	0	0	0	0	0	0	0	0	0	0	0	0	0	0	0	0	0	0	0	0	0	0	0	0	0	0	0	0	0	0	0	0	0	0	0	0	0.961973605746857	0.857443600823576	0.883549432632163	0	0	0	0	0	0	0	0	0	0	0	0	0	0	0	0	0	0	0	0	0	0	0	0.598439340436641	0	0	0	0	0.768723664407595	0	0	0	0	0	0	0	0	0	0	0
0	0	0	0	0	0	0	0	0	0	0	0	0	0	0	0	0	0	0	0	0	0	0	0	0	0	0	0	0	0	0	0	0	0	0	0	0	0	0	0	0	0	0	0	0	0	0.796003795591168	0	0.945294365509313	0	0	0	0	0	0	0.677358001387263	0	0	0	0	0	0	0	0	0	0	0	0	0	0	0	0	0.523926055186348	0	0	0	0	0	0	0	0	0	0	0	0	0	0	0	0	0
0	0	0	0	0	0	0	0	0	0	0	0	0	0	0	0	0	0	0	0	0	0	0	0	0	0	0	0	0	0	0	0	0	0	0	0	0	0	0	0	0	0	0	0	0	0	0.928055431533078	0.519671935774119	0	0	0	0	0	0	0	0.977590523974255	0	0	0	0	0	0	0	0	0	0	0	0	0	0	0.842378876806607	0	0	0	0	0	0	0.996403636954646	0.963591363658946	0	0	0.542273327818631	0	0	0	0.75817184360332	0.623194153580876	0	0	0
0	0	0	0	0	0	0	0	0	0	0	0	0	0	0	0	0	0	0	0	0	0	0	0	0	0	0	0	0	0	0	0	0	0	0	0	0	0	0	0	0	0	0	0	0	0	0.62598647591174	0	0	0	0	0	0.54615481220075	0	0	0	0	0.951439424379776	0	0	0	0	0	0	0	0	0	0	0	0	0	0	0	0	0.65835288065822	0	0	0	0	0	0	0.977002840345045	0	0	0	0	0	0.772173057198667	0	0
0	0	0	0	0	0	0	0	0	0	0	0	0	0	0	0	0	0	0	0	0	0	0	0	0	0	0	0	0	0	0	0	0	0	0	0	0	0	0	0	0	0	0	0	0	0	0	0	0	0	0	0	0.968997346060948	0.775280375167992	0	0	0	0	0	0	0	0	0	0	0	0	0	0	0	0	0	0	0	0	0	0	0.668123259958182	0	0.637140872572185	0	0	0	0	0	0	0	0	0	0	0
0	0	0	0	0	0	0	0	0	0	0	0	0	0	0	0	0	0	0	0	0	0	0	0	0	0	0	0	0	0	0	0	0	0	0	0	0	0	0	0	0	0	0	0	0	0	0	0	0	0	0	0	0	0	0	0.706070573155256	0	0	0	0	0	0	0	0	0	0	0	0	0	0	0	0	0.891254715959116	0.663079993676452	0	0	0	0.842501065852206	0	0	0	0	0	0	0	0	0	0	0	0
0	0	0	0	0	0	0	0	0	0	0	0	0	0	0	0	0	0	0	0	0	0	0	0	0	0	0	0	0	0	0	0	0	0	0	0	0	0	0	0	0	0	0	0	0	0	0	0	0	0.633761244543982	0.61713238011315	0	0	0.794892605325427	0	0	0	0	0	0	0	0	0	0	0	0	0	0	0	0	0	0	0	0	0	0	0	0	0	0	0.898411208496621	0	0	0	0	0	0	0.637651158222576	0	0
0	0	0	0	0	0	0	0	0	0	0	0	0	0	0	0	0	0	0	0	0	0	0	0	0	0	0	0	0	0	0	0	0	0	0	0	0	0	0	0	0	0	0	0	0	0	0	0	0	0	0.580829907648196	0	0.832966871657135	0	0	0	0.663130620782859	0	0	0.667708516344422	0	0	0	0	0	0	0	0	0	0	0	0	0.542488933421035	0	0	0	0	0	0	0	0.806107700310692	0	0	0	0	0	0	0	0	0.921378254618708
0	0	0	0	0	0	0	0	0	0	0	0	0	0	0	0	0	0	0	0	0	0	0	0	0	0	0	0	0	0	0	0	0	0	0	0	0	0	0	0	0	0	0	0	0	0	0	0	0	0	0	0	0	0	0	0	0	0	0	0	0	0	0	0.88898310358129	0.712935074041637	0	0	0	0	0	0	0	0	0	0	0	0	0	0.779254207255161	0	0	0	0	0	0	0	0	0	0	0
0	0	0	0	0	0	0	0	0	0	0	0	0	0	0	0	0	0	0	0	0	0	0	0	0	0	0	0	0	0	0	0	0	0	0	0	0	0	0	0	0	0	0	0	0	0.521815719679203	0	0.608213990103305	0.82924763293963	0	0	0.624958376337371	0	0	0	0	0.703833337518865	0	0.754393459394496	0	0	0	0	0.53945282995667	0	0	0	0	0	0.550553262370224	0	0	0	0	0	0	0	0	0	0	0	0	0.791766744603629	0.772968387598197	0	0	0	0	0	0
0	0	0	0	0	0	0	0	0	0	0	0	0	0	0	0	0	0	0	0	0	0	0	0	0	0	0	0	0	0	0	0	0	0	0	0	0	0	0	0	0	0	0	0	0	0	0	0	0	0	0	0	0	0.647589189939918	0	0.869705082384286	0	0	0.602923368799558	0.996574633885364	0	0	0	0	0	0	0	0	0	0	0.977693035170779	0	0	0	0	0	0	0	0	0	0	0	0	0	0	0.803942563702409	0	0	0	0
0	0	0	0	0	0	0	0	0	0	0	0	0	0	0	0	0	0	0	0	0	0	0	0	0	0	0	0	0	0	0	0	0	0	0	0	0	0	0	0	0	0	0	0	0	0	0	0	0	0.599434021862335	0	0	0	0	0	0	0	0	0.911042920730306	0	0	0	0	0	0	0	0	0	0	0.779202374676016	0	0	0	0.503567312856456	0	0	0	0	0	0	0	0	0	0	0	0	0	0	0	0
0	0	0	0	0	0	0	0	0	0	0	0	0	0	0	0	0	0	0	0	0	0	0	0	0	0	0	0	0	0	0	0	0	0	0	0	0	0	0	0	0	0	0	0	0	0	0	0	0	0	0	0	0	0	0	0.864212371610397	0.656560048434045	0.78597355991779	0	0.88801941809635	0.924187989815067	0	0	0	0	0	0	0	0	0	0	0	0	0	0	0	0	0.707672124683671	0	0.805225284061413	0	0	0	0	0	0	0.930418264119247	0	0	0
0	0	0	0	0	0	0	0	0	0	0	0	0	0	0	0	0	0	0	0	0	0	0	0	0	0	0	0	0	0	0	0	0	0	0	0	0	0	0	0	0	0	0	0	0	0	0	0	0	0	0	0	0	0.690242894703498	0	0	0.561278953703427	0	0.72288641466386	0	0	0	0	0	0	0	0	0	0	0	0	0.90180445604933	0.761023125645802	0.590868665477752	0	0.534087477768441	0	0	0	0	0.677651699513374	0	0.504209101029701	0	0	0	0	0	0	0
0	0	0	0	0	0	0	0	0	0	0	0	0	0	0	0	0	0	0	0	0	0	0	0	0	0	0	0	0	0	0	0	0	0	0	0	0	0	0	0	0	0	0	0	0	0	0	0	0	0	0	0	0	0	0	0	0	0	0.644987111006513	0	0	0	0	0	0.539775690686952	0	0	0	0	0	0	0	0	0	0	0.915524816865268	0	0	0	0	0	0	0	0	0	0	0	0	0	0.918446886756811
0	0	0	0	0	0	0	0	0	0	0	0	0	0	0	0	0	0	0	0	0	0	0	0	0	0	0	0	0	0	0	0	0	0	0	0	0	0	0	0	0	0	0	0	0	0	0	0	0	0	0	0	0	0	0	0	0	0	0	0	0	0	0	0	0	0.512405248849691	0	0	0.690409580672823	0	0.606628045064098	0	0	0	0	0	0	0.581221276325831	0	0	0	0	0	0	0	0	0	0	0	0
0	0	0	0	0	0	0	0	0	0	0	0	0	0	0	0	0	0	0	0	0	0	0	0	0	0	0	0	0	0	0	0	0	0	0	0	0	0	0	0	0	0	0	0	0	0.697252679978084	0	0	0	0	0	0	0	0	0	0	0	0	0	0	0	0	0	0.677206561461949	0	0.909205836798506	0	0	0	0.963866196647907	0	0	0	0	0	0	0	0	0	0	0	0	0	0	0.634552488373246	0	0	0	0	0
0	0	0	0	0	0	0	0	0	0	0	0	0	0	0	0	0	0	0	0	0	0	0	0	0	0	0	0	0	0	0	0	0	0	0	0	0	0	0	0	0	0	0	0	0	0	0	0	0	0	0	0	0	0	0.935333696445901	0.6479013793637	0	0	0	0	0	0	0.940645757273893	0	0	0	0	0	0	0	0.570248820282252	0	0	0	0	0	0	0	0	0	0	0.975286836863391	0.952117033848433	0	0.518403072525871	0	0	0	0	0
0	0	0	0	0	0	0	0	0	0	0	0	0	0	0	0	0	0	0	0	0	0	0	0	0	0	0	0	0	0	0	0	0	0	0	0	0	0	0	0	0	0	0	0	0	0.764348805895943	0	0	0	0	0	0	0	0	0.660123392158081	0	0	0	0	0	0.839935236977811	0	0	0	0	0	0	0.764560887572234	0.951240451717023	0	0	0	0	0	0	0	0	0	0	0	0	0	0	0	0	0	0.950363193625938	0	0	0
0	0	0	0	0	0	0	0	0	0	0	0	0	0	0	0	0	0	0	0	0	0	0	0	0	0	0	0	0	0	0	0	0	0	0	0	0	0	0	0	0	0	0	0	0	0	0	0	0	0	0	0	0	0	0	0	0	0	0	0	0	0.932714190404034	0.969501983405723	0	0	0	0	0	0	0	0	0	0	0	0.722826068901522	0	0	0	0	0	0	0	0.555144965990992	0	0	0	0	0	0	0
0	0	0	0	0	0	0	0	0	0	0	0	0	0	0	0	0	0	0	0	0	0	0	0	0	0	0	0	0	0	0	0	0	0	0	0	0	0	0	0	0	0	0	0	0	0	0	0	0	0	0	0	0	0	0	0	0	0	0	0	0	0	0	0	0	0	0	0	0	0	0	0	0	0	0	0	0.627432216884353	0	0	0.901389447524838	0	0.538412189086934	0	0	0	0	0	0	0	0.992979236716342
0	0	0	0	0	0	0	0	0	0	0	0	0	0	0	0	0	0	0	0	0	0	0	0	0	0	0	0	0	0	0	0	0	0	0	0	0	0	0	0	0	0	0	0	0	0	0	0	0	0	0	0	0	0	0	0	0	0	0	0	0	0	0	0	0.783119714148037	0	0	0	0.638539319468016	0	0	0	0.930125313574968	0	0	0	0	0	0	0	0	0	0	0.785900158036698	0	0	0	0	0.717672453310453	0.572223517654387
0	0	0	0	0	0	0	0	0	0	0	0	0	0	0	0	0	0	0	0	0	0	0	0	0	0	0	0	0	0	0	0	0	0	0	0	0	0	0	0	0	0	0	0	0	0	0	0	0	0	0	0	0	0	0	0	0	0	0	0	0	0.775238944617506	0	0	0.69135716427184	0	0	0.715718254227322	0	0	0	0.663533814385631	0	0	0	0	0	0	0	0	0	0	0	0.700297770277481	0	0	0	0	0	0
0	0	0	0	0	0	0	0	0	0	0	0	0	0	0	0	0	0	0	0	0	0	0	0	0	0	0	0	0	0	0	0	0	0	0	0	0	0	0	0	0	0	0	0	0	0	0	0	0	0	0	0	0	0	0	0.987769229616854	0	0.774781301803526	0	0	0	0	0.823786447097535	0	0	0	0	0	0	0	0	0	0.542054587866596	0	0	0	0	0	0	0	0	0	0	0	0.509569054734821	0	0	0.521633695485196	0	0
0	0	0	0	0	0	0	0	0	0	0	0	0	0	0	0	0	0	0	0	0	0	0	0	0	0	0	0	0	0	0	0	0	0	0	0	0	0	0	0	0	0	0	0	0	0	0	0	0.966904799659996	0	0	0	0	0	0	0	0.789427824422336	0	0	0	0	0.965461884191757	0	0.75219610039973	0	0	0	0	0	0	0	0.932125192644061	0	0	0	0	0.757024791612578	0.971828551108091	0	0	0	0	0	0	0	0	0	0	0	0
0	0	0	0	0	0	0	0	0	0	0	0	0	0	0	0	0	0	0	0	0	0	0	0	0	0	0	0	0	0	0	0	0	0	0	0	0	0	0	0	0	0	0	0	0	0	0	0	0	0	0	0	0	0	0	0	0	0	0	0.920353684313549	0	0	0	0	0	0	0	0	0.516352551116594	0	0.582898543616524	0	0	0.798116001009766	0	0	0	0	0	0	0.663712781218909	0.629444406973241	0.622855379116815	0	0	0	0	0	0	0
0	0	0	0	0	0	0	0	0	0	0	0	0	0	0	0	0	0	0	0	0	0	0	0	0	0	0	0	0	0	0	0	0	0	0	0	0	0	0	0	0	0	0	0	0	0	0	0.986257885622612	0	0	0	0.529661342420472	0	0.632841268806447	0	0	0	0	0	0.933923019306178	0	0	0	0	0	0	0	0.815367397946347	0	0.931650281531418	0	0	0	0.626845338033866	0	0	0	0	0	0	0.953398371810225	0	0	0	0	0	0	0.702919509047295	0	0
0	0	0	0	0	0	0	0	0	0	0	0	0	0	0	0	0	0	0	0	0	0	0	0	0	0	0	0	0	0	0	0	0	0	0	0	0	0	0	0	0	0	0	0	0	0	0.586061998057155	0	0	0	0	0.519205280864968	0	0	0	0	0	0.624485758857299	0	0.825570488545902	0	0	0	0	0	0	0	0	0	0	0	0.587410365066444	0.89019453323209	0	0	0	0	0	0	0	0	0	0	0	0.949636181318164	0	0	0	0	0
0	0	0	0	0	0	0	0	0	0	0	0	0	0	0	0	0	0	0	0	0	0	0	0	0	0	0	0	0	0	0	0	0	0	0	0	0	0	0	0	0	0	0	0	0	0	0	0	0	0.502913127349492	0	0	0	0	0	0	0	0	0	0	0	0	0	0	0	0.871116179842672	0	0	0	0	0	0	0	0	0	0	0.845464692643013	0	0	0	0	0	0	0	0	0	0.701566942274292	0.523094001493823	0	0
0	0	0	0	0	0	0	0	0	0	0	0	0	0	0	0	0	0	0	0	0	0	0	0	0	0	0	0	0	0	0	0	0	0	0	0	0	0	0	0	0	0	0	0	0	0.583542512387421	0	0	0	0	0	0	0	0	0	0	0	0	0	0.5769607853036	0.777508025103505	0	0	0	0	0	0	0	0	0	0	0	0	0	0	0	0.825082668718933	0	0	0	0	0	0	0	0	0	0.647231731328665	0	0	0
0	0	0	0	0	0	0	0	0	0	0	0	0	0	0	0	0	0	0	0	0	0	0	0	0	0	0	0	0	0	0	0	0	0	0	0	0	0	0	0	0	0	0	0	0	0	0	0	0	0	0.816401622894391	0	0	0	0	0	0	0	0	0	0	0	0	0	0	0	0.952636915625995	0	0	0	0.758236893713322	0	0	0	0.580599444181395	0.972378421083585	0	0	0	0	0	0	0	0.672444134085063	0	0	0	0	0	0
0	0	0	0	0	0	0	0	0	0	0	0	0	0	0	0	0	0	0	0	0	0	0	0	0	0	0	0	0	0	0	0	0	0	0	0	0	0	0	0	0	0	0	0	0	0	0	0	0.594459260323914	0	0	0.988082530061091	0	0	0	0	0	0	0.889982683693698	0	0	0.878725552106043	0	0	0	0	0	0	0	0	0.794243076843807	0	0	0	0	0	0	0	0	0.952091868965699	0	0	0	0	0	0	0	0	0	0
0	0	0	0	0	0	0	0	0	0	0	0	0	0	0	0	0	0	0	0	0	0	0	0	0	0	0	0	0	0	0	0	0	0	0	0	0	0	0	0	0	0	0	0	0	0	0.899984658041538	0	0.506455406162823	0	0.521810399596045	0	0	0	0.891381358478273	0	0	0	0	0	0	0	0	0	0	0	0	0	0	0	0	0	0	0	0	0	0	0	0	0.917628285459613	0.956780566351849	0	0	0	0.901570848080859	0	0	0	0.774766741920559	0
0	0	0	0	0	0	0	0	0	0	0	0	0	0	0	0	0	0	0	0	0	0	0	0	0	0	0	0	0	0	0	0	0	0	0	0	0	0	0	0	0	0	0	0	0	0	0	0	0	0	0	0	0	0	0	0	0	0	0.852625166038832	0	0	0	0	0	0	0	0.634673137506238	0	0	0	0	0	0	0	0	0	0	0.724358438478737	0.712691542844425	0	0	0	0	0	0	0	0	0.696576981985611	0	0.749563683199819
0	0	0	0	0	0	0	0	0	0	0	0	0	0	0	0	0	0	0	0	0	0	0	0	0	0	0	0	0	0	0	0	0	0	0	0	0	0	0	0	0	0	0	0	0	0	0	0	0	0	0	0	0.815087781925026	0.596083160659271	0	0	0	0	0	0.701919098180787	0	0	0	0	0	0	0	0	0	0	0	0.527555134888284	0.871145026642017	0	0	0	0	0	0.796860023320611	0	0	0	0	0	0	0	0	0.693062513992032	0	0
0	0	0	0	0	0	0	0	0	0	0	0	0	0	0	0	0	0	0	0	0	0	0	0	0	0	0	0	0	0	0	0	0	0	0	0	0	0	0	0	0	0	0	0	0	0	0	0	0.632806895558751	0.76609184523248	0	0	0	0	0	0	0	0	0	0	0	0	0	0.672401546437411	0	0	0.841199404683396	0	0	0	0	0.565884424456876	0	0	0	0	0	0	0	0	0	0	0	0	0	0	0.770430211815578	0	0	0.749941739105503
0	0	0	0	0	0	0	0	0	0	0	0	0	0	0	0	0	0	0	0	0	0	0	0	0	0	0	0	0	0	0	0	0	0	0	0	0	0	0	0	0	0	0	0	0	0	0	0	0	0	0	0	0	0	0	0.928012729767178	0	0	0	0.680258217580018	0	0	0	0.610104631276292	0	0.791764677752865	0	0	0	0	0	0.77262585637717	0	0	0	0	0	0	0	0	0	0	0	0	0	0	0	0	0	0.957152147444708
0	0	0	0	0	0	0	0	0	0	0	0	0	0	0	0	0	0	0	0	0	0	0	0	0	0	0	0	0	0	0	0	0	0	0	0	0	0	0	0	0	0	0	0	0	0.873143575218775	0	0	0	0	0	0	0	0	0	0.556255296947463	0	0	0	0	0	0	0	0	0	0	0	0.790512587747889	0.71311159330009	0	0	0	0	0	0	0	0.847993434391367	0	0	0	0	0	0	0	0	0	0	0	0	0
0	0	0	0	0	0	0	0	0	0	0	0	0	0	0	0	0	0	0	0	0	0	0	0	0	0	0	0	0	0	0	0	0	0	0	0	0	0	0	0	0	0	0	0	0	0	0	0	0	0	0	0	0	0	0	0	0	0	0	0	0	0	0.968990145183798	0.926930756858697	0	0	0	0	0	0.717144111006833	0	0	0	0.978202974934149	0	0	0	0	0.774819853946792	0	0	0	0	0	0	0.990191540288602	0	0	0	0
0	0	0	0	0	0	0	0	0	0	0	0	0	0	0	0	0	0	0	0	0	0	0	0	0	0	0	0	0	0	0	0	0	0	0	0	0	0	0	0	0	0	0	0	0	0	0	0	0.926943636807012	0	0	0	0	0	0	0	0.609516153511806	0	0	0	0	0	0	0	0	0	0	0	0	0	0	0	0	0	0	0	0	0	0	0	0	0	0	0	0.957112449217802	0	0	0.814061415907894	0	0
0	0	0	0	0	0	0	0	0	0	0	0	0	0	0	0	0	0	0	0	0	0	0	0	0	0	0	0	0	0	0	0	0	0	0	0	0	0	0	0	0	0	0	0	0	0	0	0	0.895555951943945	0	0	0	0	0	0	0	0	0	0.679106867396439	0	0	0	0	0	0.670195553411331	0	0	0	0	0	0	0	0	0	0.603594474593354	0.629872959738272	0	0	0	0	0	0.686594822711845	0	0	0	0	0	0	0	0.792771853153613
0	0	0	0	0	0	0	0	0	0	0	0	0	0	0	0	0	0	0	0	0	0	0	0	0	0	0	0	0	0	0	0	0	0	0	0	0	0	0	0	0	0	0	0	0	0	0	0	0	0.523880632180006	0	0	0.839830634579149	0	0	0	0	0	0	0	0	0	0	0	0	0	0	0	0	0.994855334947136	0	0	0.624158710492974	0	0.609645343437057	0	0	0	0	0.663302560227635	0.97469467574174	0	0	0	0	0.963681676052012	0	0	0	0
0	0	0	0	0	0	0	0	0	0	0	0	0	0	0	0	0	0	0	0	0	0	0	0	0	0	0	0	0	0	0	0	0	0	0	0	0	0	0	0	0	0	0	0	0	0.772317111907044	0	0	0	0	0	0	0	0	0	0	0	0	0	0	0	0	0	0	0	0	0	0.79741187008911	0	0	0	0	0	0	0	0	0	0	0.881906663828674	0	0	0	0	0	0	0	0	0	0	0.758878915860969
0	0	0	0	0	0	0	0	0	0	0	0	0	0	0	0	0	0	0	0	0	0	0	0	0	0	0	0	0	0	0	0	0	0	0	0	0	0	0	0	0	0	0	0	0	0	0	0	0	0	0	0	0	0.569286112797799	0	0	0	0	0	0	0.50141890905661	0	0	0	0	0	0.642058393246553	0.636716570047623	0	0	0	0	0	0	0	0	0	0	0	0.607894870160645	0	0.902732564276383	0.633464915408954	0	0	0	0.952586148078635	0	0.888632791510236	0
