0	0.712185907491218	0.69939724949627	0.617020529239299	0	0	0	0	0	0	0	0	0	0	0	0	0	0	0	0	0	0	0	0	0	0	0	0	0	0	0	0	0	0	0	0	0	0	0	0	0	0	0.873050685044883	0.578802068911012	0.988513476857772	0	0	0	0	0	0	0	0	0	0	0	0	0	0	0	0	0	0	0	0	0	0	0	0	0	0	0	0	0	0	0	0	0	0	0	0	0	0	0	0	0	0	0	0	0
0.908669572007141	0	0.906120797066094	0.964376614684775	0.836152335649067	0	0	0	0	0	0	0	0	0	0	0	0	0	0	0	0	0	0	0	0	0	0	0	0	0	0	0	0	0	0	0	0	0	0	0	0	0	0	0.668058248530625	0.623981532282166	0	0	0	0	0	0	0	0	0	0	0	0	0	0	0	0	0	0	0	0	0	0	0	0	0	0	0	0	0	0	0	0	0	0	0	0	0	0	0	0	0	0	0	0	0
0.904745301673511	0.826412921530788	0	0.938328993587944	0.681499098119883	0.83742531471219	0	0	0	0	0	0	0	0	0	0	0	0	0	0	0	0	0	0	0	0	0	0	0	0	0	0	0	0	0	0	0	0	0	0	0	0	0	0	0.724813545928716	0	0	0	0	0	0	0	0	0	0	0	0	0	0	0	0	0	0	0	0	0	0	0	0	0	0	0	0	0	0	0	0	0	0	0	0	0	0	0	0	0	0	0	0	0
0.574808436869891	0.642295725554346	0.689018728273488	0	0.642124660698221	0.534639512479959	0.559093535715829	0	0	0	0	0	0	0	0	0	0	0	0	0	0	0	0	0	0	0	0	0	0	0	0	0	0	0	0	0	0	0	0	0	0	0	0	0	0	0	0	0	0	0	0	0	0	0	0	0	0	0	0	0	0	0	0	0	0	0	0	0	0	0	0	0	0	0	0	0	0	0	0	0	0	0	0	0	0	0	0	0	0	0
0	0.739816058980295	0.538852669321844	0.703870531387266	0	0.556267553656101	0.798664827508036	0.780098565210324	0	0	0	0	0	0	0	0	0	0	0	0	0	0	0	0	0	0	0	0	0	0	0	0	0	0	0	0	0	0	0	0	0	0	0	0	0	0	0	0	0	0	0	0	0	0	0	0	0	0	0	0	0	0	0	0	0	0	0	0	0	0	0	0	0	0	0	0	0	0	0	0	0	0	0	0	0	0	0	0	0	0
0	0	0.914590632903286	0.9203728208319	0.874835470239318	0	0.851839584895636	0.931927919076631	0.857523259902063	0	0	0	0	0	0	0	0	0	0	0	0	0	0	0	0	0	0	0	0	0	0	0	0	0	0	0	0	0	0	0	0	0	0	0	0	0	0	0	0	0	0	0	0	0	0	0	0	0	0	0	0	0	0	0	0	0	0	0	0	0	0	0	0	0	0	0	0	0	0	0	0	0	0	0	0	0	0	0	0	0
0	0	0	0.799176380872463	0.614024070241031	0.876948845113405	0	0.890826642614429	0.52051638192547	0.922104283244029	0	0	0	0	0	0	0	0	0	0	0	0	0	0	0	0	0	0	0	0	0	0	0	0	0	0	0	0	0	0	0	0	0	0	0	0	0	0	0	0	0	0	0	0	0	0	0	0	0	0	0	0	0	0	0	0	0	0	0	0	0	0	0	0	0	0	0	0	0	0	0	0	0	0	0	0	0	0	0	0
0	0	0	0	0.512675737091398	0.662439860936236	0.91411276728181	0	0.522888626397205	0.581682889468786	0.576500048083069	0	0	0	0	0	0	0	0	0	0	0	0	0	0	0	0	0	0	0	0	0	0	0	0	0	0	0	0	0	0	0	0	0	0	0	0	0	0	0	0	0	0	0	0	0	0	0	0	0	0	0	0	0	0	0	0	0	0	0	0	0	0	0	0	0	0	0	0	0	0	0	0	0	0	0	0	0	0	0
0	0	0	0	0	0.800604389221954	0.638205288888509	0.977560986865612	0	0.68945774018133	0.607740847964954	0.969352707791577	0	0	0	0	0	0	0	0	0	0	0	0	0	0	0	0	0	0	0	0	0	0	0	0	0	0	0	0	0	0	0	0	0	0	0	0	0	0	0	0	0	0	0	0	0	0	0	0	0	0	0	0	0	0	0	0	0	0	0	0	0	0	0	0	0	0	0	0	0	0	0	0	0	0	0	0	0	0
0	0	0	0	0	0	0.595270220960244	0.913248373730094	0.577986399162708	0	0.747498846748089	0.972977130320525	0.859038425235616	0	0	0	0	0	0	0	0	0	0	0	0	0	0	0	0	0	0	0	0	0	0	0	0	0	0	0	0	0	0	0	0	0	0	0	0	0	0	0	0	0	0	0	0	0	0	0	0	0	0	0	0	0	0	0	0	0	0	0	0	0	0	0	0	0	0	0	0	0	0	0	0	0	0	0	0	0
0	0	0	0	0	0	0	0.956279999623481	0.767108710466445	0.552131557434405	0	0.84538210472354	0.794344975630254	0.945009173282108	0	0	0	0	0	0	0	0	0	0	0	0	0	0	0	0	0	0	0	0	0	0	0	0	0	0	0	0	0	0	0	0	0	0	0	0	0	0	0	0	0	0	0	0	0	0	0	0	0	0	0	0	0	0	0	0	0	0	0	0	0	0	0	0	0	0	0	0	0	0	0	0	0	0	0	0
0	0	0	0	0	0	0	0	0.567104397926759	0.871058272334006	0.994668926748711	0	0.836720779763832	0.963206420367969	0.660909143921986	0	0	0	0	0	0	0	0	0	0	0	0	0	0	0	0	0	0	0	0	0	0	0	0	0	0	0	0	0	0	0	0	0	0	0	0	0	0	0	0	0	0	0	0	0	0	0	0	0	0	0	0	0	0	0	0	0	0	0	0	0	0	0	0	0	0	0	0	0	0	0	0	0	0	0
0	0	0	0	0	0	0	0	0	0.947078582851173	0.598839744545843	0.653800870334708	0	0.869674702049651	0.766567433180236	0.846907052431833	0	0	0	0	0	0	0	0	0	0	0	0	0	0	0	0	0	0	0	0	0	0	0	0	0	0	0	0	0	0	0	0	0	0	0	0	0	0	0	0	0	0	0	0	0	0	0	0	0	0	0	0	0	0	0	0	0	0	0	0	0	0	0	0	0	0	0	0	0	0	0	0	0	0
0	0	0	0	0	0	0	0	0	0	0.72136524411244	0.62207324180763	0.512501473262977	0	0.876651136187291	0.671169881947521	0.745078689224387	0	0	0	0	0	0	0	0	0	0	0	0	0	0	0	0	0	0	0	0	0	0	0	0	0	0	0	0	0	0	0	0	0	0	0	0	0	0	0	0	0	0	0	0	0	0	0	0	0	0	0	0	0	0	0	0	0	0	0	0	0	0	0	0	0	0	0	0	0	0	0	0	0
0	0	0	0	0	0	0	0	0	0	0	0.590156695326304	0.570381359845369	0.948491259103734	0	0.904820337089691	0.626016922894254	0.667575655538032	0	0	0	0	0	0	0	0	0	0	0	0	0	0	0	0	0	0	0	0	0	0	0	0	0	0	0	0	0	0	0	0	0	0	0	0	0	0	0	0	0	0	0	0	0	0	0	0	0	0	0	0	0	0	0	0	0	0	0	0	0	0	0	0	0	0	0	0	0	0	0	0
0	0	0	0	0	0	0	0	0	0	0	0	0.644544008142218	0.695601171169933	0.890737057887929	0	0.955299383928855	0.56719030665403	0.776422958243967	0	0	0	0	0	0	0	0	0	0	0	0	0	0	0	0	0	0	0	0	0	0	0	0	0	0	0	0	0	0	0	0	0	0	0	0	0	0	0	0	0	0	0	0	0	0	0	0	0	0	0	0	0	0	0	0	0	0	0	0	0	0	0	0	0	0	0	0	0	0	0
0	0	0	0	0	0	0	0	0	0	0	0	0	0.792050661785675	0.559589619418051	0.628414529572281	0	0.739793965141902	0.606821018266919	0.837677491269444	0	0	0	0	0	0	0	0	0	0	0	0	0	0	0	0	0	0	0	0	0	0	0	0	0	0	0	0	0	0	0	0	0	0	0	0	0	0	0	0	0	0	0	0	0	0	0	0	0	0	0	0	0	0	0	0	0	0	0	0	0	0	0	0	0	0	0	0	0	0
0	0	0	0	0	0	0	0	0	0	0	0	0	0	0.991102519186723	0.894809345884518	0.981652416481267	0	0.93606113181817	0.954112198681529	0.564423608870602	0	0	0	0	0	0	0	0	0	0	0	0	0	0	0	0	0	0	0	0	0	0	0	0	0	0	0	0	0	0	0	0	0	0	0	0	0	0	0	0	0	0	0	0	0	0	0	0	0	0	0	0	0	0	0	0	0	0	0	0	0	0	0	0	0	0	0	0	0
0	0	0	0	0	0	0	0	0	0	0	0	0	0	0	0.692704387819669	0.913400360466295	0.589837356793002	0	0.852169027810758	0.66856305670053	0.581119294985007	0	0	0	0	0	0	0	0	0	0	0	0	0	0	0	0	0	0	0	0	0	0	0	0	0	0	0	0	0	0	0	0	0	0	0	0	0	0	0	0	0	0	0	0	0	0	0	0	0	0	0	0	0	0	0	0	0	0	0	0	0	0	0	0	0	0	0	0
0	0	0	0	0	0	0	0	0	0	0	0	0	0	0	0	0.640310116538428	0.933672164933617	0.957370011994465	0	0.995881673673549	0.932393373239392	0.922658714639842	0	0	0	0	0	0	0	0	0	0	0	0	0	0	0	0	0	0	0	0	0	0	0	0	0	0	0	0	0	0	0	0	0	0	0	0	0	0	0	0	0	0	0	0	0	0	0	0	0	0	0	0	0	0	0	0	0	0	0	0	0	0	0	0	0	0	0
0	0	0	0	0	0	0	0	0	0	0	0	0	0	0	0	0	0.974097435405116	0.797374935894034	0.824185815385948	0	0.697057466086727	0.799337120919883	0.552595534289363	0	0	0	0	0	0	0	0	0	0	0	0	0	0	0	0	0	0	0	0	0	0	0	0	0	0	0	0	0	0	0	0	0	0	0	0	0	0	0	0	0	0	0	0	0	0	0	0	0	0	0	0	0	0	0	0	0	0	0	0	0	0	0	0	0	0
0	0	0	0	0	0	0	0	0	0	0	0	0	0	0	0	0	0	0.627107952097544	0.725313010527307	0.943702175851179	0	0.574331563866186	0.962928437356855	0.880079076812461	0	0	0	0	0	0	0	0	0	0	0	0	0	0	0	0	0	0	0	0	0	0	0	0	0	0	0	0	0	0	0	0	0	0	0	0	0	0	0	0	0	0	0	0	0	0	0	0	0	0	0	0	0	0	0	0	0	0	0	0	0	0	0	0	0
0	0	0	0	0	0	0	0	0	0	0	0	0	0	0	0	0	0	0	0.674686930206203	0.969009463267618	0.866839651500479	0	0.969752995091316	0.529282882318798	0.981150771736206	0	0	0	0	0	0	0	0	0	0	0	0	0	0	0	0	0	0	0	0	0	0	0	0	0	0	0	0	0	0	0	0	0	0	0	0	0	0	0	0	0	0	0	0	0	0	0	0	0	0	0	0	0	0	0	0	0	0	0	0	0	0	0	0
0	0	0	0	0	0	0	0	0	0	0	0	0	0	0	0	0	0	0	0	0.925652137883225	0.7626127342199	0.900097269624051	0	0.683512848339143	0.633140009006965	0.756070959425965	0	0	0	0	0	0	0	0	0	0	0	0	0	0	0	0	0	0	0	0	0	0	0	0	0	0	0	0	0	0	0	0	0	0	0	0	0	0	0	0	0	0	0	0	0	0	0	0	0	0	0	0	0	0	0	0	0	0	0	0	0	0	0
0	0	0	0	0	0	0	0	0	0	0	0	0	0	0	0	0	0	0	0	0	0.671033045098734	0.818915849558394	0.993774058086356	0	0.903228835233935	0.642976236336012	0.786574445305719	0	0	0	0	0	0	0	0	0	0	0	0	0	0	0	0	0	0	0	0	0	0	0	0	0	0	0	0	0	0	0	0	0	0	0	0	0	0	0	0	0	0	0	0	0	0	0	0	0	0	0	0	0	0	0	0	0	0	0	0	0	0
0	0	0	0	0	0	0	0	0	0	0	0	0	0	0	0	0	0	0	0	0	0	0.852984124322843	0.654489649087248	0.913628306365836	0	0.663533184365359	0.81980052761159	0.939609452577974	0	0	0	0	0	0	0	0	0	0	0	0	0	0	0	0	0	0	0	0	0	0	0	0	0	0	0	0	0	0	0	0	0	0	0	0	0	0	0	0	0	0	0	0	0	0	0	0	0	0	0	0	0	0	0	0	0	0	0	0	0
0	0	0	0	0	0	0	0	0	0	0	0	0	0	0	0	0	0	0	0	0	0	0	0.925243404250206	0.752462694705758	0.951799949473906	0	0.531392931381383	0.841482621436356	0.856081955917315	0	0	0	0	0	0	0	0	0	0	0	0	0	0	0	0	0	0	0	0	0	0	0	0	0	0	0	0	0	0	0	0	0	0	0	0	0	0	0	0	0	0	0	0	0	0	0	0	0	0	0	0	0	0	0	0	0	0	0	0
0	0	0	0	0	0	0	0	0	0	0	0	0	0	0	0	0	0	0	0	0	0	0	0	0.580395250460003	0.525386194424543	0.730160326855069	0	0.679050973829928	0.737249638671035	0.669068620839776	0	0	0	0	0	0	0	0	0	0	0	0	0	0	0	0	0	0	0	0	0	0	0	0	0	0	0	0	0	0	0	0	0	0	0	0	0	0	0	0	0	0	0	0	0	0	0	0	0	0	0	0	0	0	0	0	0	0	0
0	0	0	0	0	0	0	0	0	0	0	0	0	0	0	0	0	0	0	0	0	0	0	0	0	0.885073767107434	0.869611164516669	0.831728238755021	0	0.979253898305764	0.729577097491985	0.968751631427864	0	0	0	0	0	0	0	0	0	0	0	0	0	0	0	0	0	0	0	0	0	0	0	0	0	0	0	0	0	0	0	0	0	0	0	0	0	0	0	0	0	0	0	0	0	0	0	0	0	0	0	0	0	0	0	0	0	0
0	0	0	0	0	0	0	0	0	0	0	0	0	0	0	0	0	0	0	0	0	0	0	0	0	0	0.903853357866379	0.67867880692656	0.710688466492641	0	0.846971723157205	0.663973159464925	0.955793156655232	0	0	0	0	0	0	0	0	0	0	0	0	0	0	0	0	0	0	0	0	0	0	0	0	0	0	0	0	0	0	0	0	0	0	0	0	0	0	0	0	0	0	0	0	0	0	0	0	0	0	0	0	0	0	0	0	0
0	0	0	0	0	0	0	0	0	0	0	0	0	0	0	0	0	0	0	0	0	0	0	0	0	0	0	0.988100091878247	0.907103540014584	0.698758064780213	0	0.700546057973539	0.590017944660061	0.950291594534232	0	0	0	0	0	0	0	0	0	0	0	0	0	0	0	0	0	0	0	0	0	0	0	0	0	0	0	0	0	0	0	0	0	0	0	0	0	0	0	0	0	0	0	0	0	0	0	0	0	0	0	0	0	0	0	0
0	0	0	0	0	0	0	0	0	0	0	0	0	0	0	0	0	0	0	0	0	0	0	0	0	0	0	0	0.990880251396181	0.629267520852694	0.994739314718938	0	0.569862030823203	0.990728758539773	0.941010226430681	0	0	0	0	0	0	0	0	0	0	0	0	0	0	0	0	0	0	0	0	0	0	0	0	0	0	0	0	0	0	0	0	0	0	0	0	0	0	0	0	0	0	0	0	0	0	0	0	0	0	0	0	0	0	0
0	0	0	0	0	0	0	0	0	0	0	0	0	0	0	0	0	0	0	0	0	0	0	0	0	0	0	0	0	0.778434688208414	0.727653448143224	0.542529748609994	0	0.72496633448876	0.736442431730767	0.722076714043282	0	0	0	0	0	0	0	0	0	0	0	0	0	0	0	0	0	0	0	0	0	0	0	0	0	0	0	0	0	0	0	0	0	0	0	0	0	0	0	0	0	0	0	0	0	0	0	0	0	0	0	0	0	0
0	0	0	0	0	0	0	0	0	0	0	0	0	0	0	0	0	0	0	0	0	0	0	0	0	0	0	0	0	0	0.539084999622378	0.91363208067831	0.656496382341747	0	0.61242475352298	0.638074097722969	0.691856089255663	0	0	0	0	0	0	0	0	0	0	0	0	0	0	0	0	0	0	0	0	0	0	0	0	0	0	0	0	0	0	0	0	0	0	0	0	0	0	0	0	0	0	0	0	0	0	0	0	0	0	0	0	0
0	0	0	0	0	0	0	0	0	0	0	0	0	0	0	0	0	0	0	0	0	0	0	0	0	0	0	0	0	0	0	0.643759460545219	0.842752360911257	0.897841817459766	0	0.562198570551453	0.944000303404394	0.571023120185416	0	0	0	0	0	0	0	0	0	0	0	0	0	0	0	0	0	0	0	0	0	0	0	0	0	0	0	0	0	0	0	0	0	0	0	0	0	0	0	0	0	0	0	0	0	0	0	0	0	0	0	0
0	0	0	0	0	0	0	0	0	0	0	0	0	0	0	0	0	0	0	0	0	0	0	0	0	0	0	0	0	0	0	0	0.873766771331597	0.739428921014537	0.62146983883657	0	0.764725664669091	0.970442565756704	0.919872956543828	0	0	0	0	0	0	0	0	0	0	0	0	0	0	0	0	0	0	0	0	0	0	0	0	0	0	0	0	0	0	0	0	0	0	0	0	0	0	0	0	0	0	0	0	0	0	0	0	0	0	0
0	0	0	0	0	0	0	0	0	0	0	0	0	0	0	0	0	0	0	0	0	0	0	0	0	0	0	0	0	0	0	0	0	0.80364671736712	0.932364330127443	0.868724540895577	0	0.92776337210364	0.501606625814198	0.868095939705678	0	0	0	0	0	0	0	0	0	0	0	0	0	0	0	0	0	0	0	0	0	0	0	0	0	0	0	0	0	0	0	0	0	0	0	0	0	0	0	0	0	0	0	0	0	0	0	0	0	0
0	0	0	0	0	0	0	0	0	0	0	0	0	0	0	0	0	0	0	0	0	0	0	0	0	0	0	0	0	0	0	0	0	0	0.518276586188921	0.501683953638355	0.680895868215302	0	0.520066657930814	0.764557152385558	0.63464506210283	0	0	0	0	0	0	0	0	0	0	0	0	0	0	0	0	0	0	0	0	0	0	0	0	0	0	0	0	0	0	0	0	0	0	0	0	0	0	0	0	0	0	0	0	0	0	0	0	0
0	0	0	0	0	0	0	0	0	0	0	0	0	0	0	0	0	0	0	0	0	0	0	0	0	0	0	0	0	0	0	0	0	0	0	0.598243162869236	0.597480926615937	0.64421077911112	0	0.991689923439736	0.94057557992442	0.695219375700494	0	0	0	0	0	0	0	0	0	0	0	0	0	0	0	0	0	0	0	0	0	0	0	0	0	0	0	0	0	0	0	0	0	0	0	0	0	0	0	0	0	0	0	0	0	0	0	0
0	0	0	0	0	0	0	0	0	0	0	0	0	0	0	0	0	0	0	0	0	0	0	0	0	0	0	0	0	0	0	0	0	0	0	0	0.875316894763573	0.514858343125074	0.634555594016072	0	0.600838442107306	0.963100040300942	0.731628685399793	0	0	0	0	0	0	0	0	0	0	0	0	0	0	0	0	0	0	0	0	0	0	0	0	0	0	0	0	0	0	0	0	0	0	0	0	0	0	0	0	0	0	0	0	0	0	0
0	0	0	0	0	0	0	0	0	0	0	0	0	0	0	0	0	0	0	0	0	0	0	0	0	0	0	0	0	0	0	0	0	0	0	0	0	0.568699169974843	0.847271015985597	0.910943564822138	0	0.607658794902993	0.891655614169398	0.748949808518064	0	0	0	0	0	0	0	0	0	0	0	0	0	0	0	0	0	0	0	0	0	0	0	0	0	0	0	0	0	0	0	0	0	0	0	0	0	0	0	0	0	0	0	0	0	0
0	0	0	0	0	0	0	0	0	0	0	0	0	0	0	0	0	0	0	0	0	0	0	0	0	0	0	0	0	0	0	0	0	0	0	0	0	0	0.958443682573817	0.833099663185225	0.881993423746536	0	0.500199418223757	0.795838202877828	0.962127701766786	0	0	0	0	0	0	0	0	0	0	0	0	0	0	0	0	0	0	0	0	0	0	0	0	0	0	0	0	0	0	0	0	0	0	0	0	0	0	0	0	0	0	0	0	0
0.946261217542582	0	0	0	0	0	0	0	0	0	0	0	0	0	0	0	0	0	0	0	0	0	0	0	0	0	0	0	0	0	0	0	0	0	0	0	0	0	0	0.763776999521186	0.501703936733511	0.911527879276699	0	0.567327354557882	0.992223995079838	0	0	0	0	0	0	0	0	0	0	0	0	0	0	0	0	0	0	0	0	0	0	0	0	0	0	0	0	0	0	0	0	0	0	0	0	0	0	0	0	0	0	0	0	0
0.858180478361717	0.87885673793691	0	0	0	0	0	0	0	0	0	0	0	0	0	0	0	0	0	0	0	0	0	0	0	0	0	0	0	0	0	0	0	0	0	0	0	0	0	0	0.572631064127228	0.605889159327513	0.618567485510464	0	0.92574568581009	0	0	0	0	0	0	0	0	0	0	0	0	0	0	0	0	0	0	0	0	0	0	0	0	0	0	0	0	0	0	0	0	0	0	0	0	0	0	0	0	0	0	0	0	0
0.872212998735272	0.890374445229552	0.717725085658052	0	0	0	0	0	0	0	0	0	0	0	0	0	0	0	0	0	0	0	0	0	0	0	0	0	0	0	0	0	0	0	0	0	0	0	0	0	0	0.778853951781914	0.969013146454226	0.517611820555143	0	0	0	0	0	0	0	0	0	0	0	0	0	0	0	0	0	0	0	0	0	0	0	0	0	0	0	0	0	0	0	0	0	0	0	0	0	0	0	0	0	0	0	0	0	0
0	0	0	0	0	0	0	0	0	0	0	0	0	0	0	0	0	0	0	0	0	0	0	0	0	0	0	0	0	0	0	0	0	0	0	0	0	0	0	0	0	0	0	0	0	0	0	0.950701620098372	0	0.646392353114216	0.554906948526575	0	0	0	0	0	0.781268621046946	0.775368644666617	0.519587161390637	0	0	0.811183402880002	0	0.567944061542438	0	0	0	0.860119715194615	0.605918273389697	0	0	0	0.966830255825355	0	0	0	0.654587310733776	0	0	0	0	0.562558117434957	0	0	0.966809653066788	0	0	0	0.936325270268687	0
0	0	0	0	0	0	0	0	0	0	0	0	0	0	0	0	0	0	0	0	0	0	0	0	0	0	0	0	0	0	0	0	0	0	0	0	0	0	0	0	0	0	0	0	0	0	0	0	0	0.899345703121051	0.844765593205252	0	0	0	0	0	0	0.841253433142291	0.99338635282496	0	0	0	0	0	0	0	0	0.888983145389302	0	0.848591741117808	0	0	0	0.609899045489383	0	0.937891209443893	0.993660994064627	0.627879468604654	0	0	0	0	0	0	0	0	0	0.863850921706588	0	0
0	0	0	0	0	0	0	0	0	0	0	0	0	0	0	0	0	0	0	0	0	0	0	0	0	0	0	0	0	0	0	0	0	0	0	0	0	0	0	0	0	0	0	0	0	0.595821848076031	0	0	0	0	0	0	0	0	0.577594512206946	0.908031094325372	0	0	0.62015879022435	0	0.799893419820657	0.533190903207342	0	0	0	0	0	0	0	0.839122927181584	0.750362766608422	0	0	0	0.837602165920828	0	0	0	0	0	0	0	0	0	0.624846771413917	0	0.854996486556402	0	0	0.958143505960414
0	0	0	0	0	0	0	0	0	0	0	0	0	0	0	0	0	0	0	0	0	0	0	0	0	0	0	0	0	0	0	0	0	0	0	0	0	0	0	0	0	0	0	0	0	0	0	0	0	0.642903123005504	0	0	0.741471977797725	0.916674929400301	0	0.756512566537496	0.840775963246515	0.516245299657714	0.769783934031154	0	0	0	0	0	0	0.981162438399775	0	0.782014766794842	0	0	0	0	0	0	0.576220993316956	0	0	0	0.580355408025248	0	0	0	0	0	0	0	0	0	0	0
0	0	0	0	0	0	0	0	0	0	0	0	0	0	0	0	0	0	0	0	0	0	0	0	0	0	0	0	0	0	0	0	0	0	0	0	0	0	0	0	0	0	0	0	0	0.508498404449647	0.584701190276328	0	0.618106728507422	0	0	0	0.887195349186046	0.937847579369014	0.895104280776671	0	0.794339254204705	0	0	0	0	0	0.828740023035553	0.802271069936635	0	0	0	0	0.645564426792805	0	0.947484904184711	0.956623834012122	0.504798742714473	0.664095356137673	0.523457310409964	0.686536333199574	0.541029487672254	0	0	0	0	0	0	0	0	0.993836008483683	0	0	0.656170627040234	0.852136368535949
0	0	0	0	0	0	0	0	0	0	0	0	0	0	0	0	0	0	0	0	0	0	0	0	0	0	0	0	0	0	0	0	0	0	0	0	0	0	0	0	0	0	0	0	0	0.61263485616538	0.700024511011732	0	0	0	0	0	0	0	0	0.762983869217512	0	0.945740863874461	0	0	0.700421726788527	0	0	0	0.651882893342603	0	0	0.7148875245364	0	0	0.71782989524064	0	0	0.860589829292073	0	0	0	0	0.793257993594819	0	0	0	0	0.766613589011106	0	0	0.751376756069147	0	0.578749078521346	0.861891930517213
0	0	0	0	0	0	0	0	0	0	0	0	0	0	0	0	0	0	0	0	0	0	0	0	0	0	0	0	0	0	0	0	0	0	0	0	0	0	0	0	0	0	0	0	0	0	0	0	0	0	0	0	0	0.827145181143657	0	0.564935878119772	0.727661055552285	0	0.502441977993153	0	0	0	0	0	0.899998357646021	0	0	0	0	0	0	0	0.525727140177762	0	0	0	0	0	0	0	0.739183135827837	0.919781286796434	0	0	0	0	0	0	0	0
0	0	0	0	0	0	0	0	0	0	0	0	0	0	0	0	0	0	0	0	0	0	0	0	0	0	0	0	0	0	0	0	0	0	0	0	0	0	0	0	0	0	0	0	0	0	0	0	0.997734533556626	0.957242754282209	0	0	0	0	0	0.618438666054516	0.585838966903966	0	0	0	0.557613646341218	0	0	0	0	0	0	0	0.745905239927144	0	0	0.883599404662045	0.752815620264807	0	0	0	0.687380544398617	0	0.701038597010446	0	0.756986849387897	0	0.505491431107427	0	0.843513695088761	0	0	0.771963133737458	0	0
0	0	0	0	0	0	0	0	0	0	0	0	0	0	0	0	0	0	0	0	0	0	0	0	0	0	0	0	0	0	0	0	0	0	0	0	0	0	0	0	0	0	0	0	0	0	0	0	0.706972453018355	0.882660152160029	0	0.59625664515113	0	0	0.750812525946564	0	0.797964391580262	0.644734480707205	0.937967508532561	0	0	0	0	0	0.614722275018205	0.78821406582956	0	0	0	0	0	0.949970117733884	0	0	0	0	0	0.598816841296661	0.68698799532994	0.668614194511258	0	0	0	0	0	0	0.851138454336322	0	0	0
0	0	0	0	0	0	0	0	0	0	0	0	0	0	0	0	0	0	0	0	0	0	0	0	0	0	0	0	0	0	0	0	0	0	0	0	0	0	0	0	0	0	0	0	0	0	0	0.671566130660437	0	0.52992366648446	0	0	0	0.559216698449026	0	0	0	0	0	0.95467663733984	0	0.710356294322527	0	0.707880407264244	0.745736120853091	0	0.979664823009746	0.606262752878912	0.974346838938178	0.638156107103557	0	0	0	0.751282982817765	0	0	0	0	0.828433399350769	0	0	0	0.720565755511499	0	0	0.78971210275678	0	0.634887118705793	0	0.68072507299739
0	0	0	0	0	0	0	0	0	0	0	0	0	0	0	0	0	0	0	0	0	0	0	0	0	0	0	0	0	0	0	0	0	0	0	0	0	0	0	0	0	0	0	0	0	0	0	0.729023354755174	0.954759028348028	0	0.751984870670248	0.722976378435844	0.592851691036238	0	0	0	0	0.603507167016524	0	0	0	0.524707013723108	0	0.597854012589828	0.504888481967877	0	0	0	0	0	0	0	0	0.954210649019527	0	0	0.683091923727842	0	0.600173196983975	0	0.879633794975476	0.878948281000839	0	0.864432969788977	0	0	0	0.535685213602714	0	0.724671651232583
0	0	0	0	0	0	0	0	0	0	0	0	0	0	0	0	0	0	0	0	0	0	0	0	0	0	0	0	0	0	0	0	0	0	0	0	0	0	0	0	0	0	0	0	0	0.838531482712378	0	0	0.690330363684223	0.737609642333416	0	0.695280209282811	0.829393715383634	0.711382004595839	0	0	0	0	0	0	0	0	0.841691952203157	0.841739097944653	0	0	0	0	0	0	0	0.649467106807579	0.630859139239774	0	0.608276822067433	0	0	0.959531649099154	0	0	0	0	0	0	0.700701887958895	0	0	0	0	0.983472508227711
0	0	0	0	0	0	0	0	0	0	0	0	0	0	0	0	0	0	0	0	0	0	0	0	0	0	0	0	0	0	0	0	0	0	0	0	0	0	0	0	0	0	0	0	0	0.518198337866638	0.559296588256472	0	0.503530456670633	0	0.87279450190763	0	0	0.814307789162697	0	0.783977510789403	0	0	0	0.762720846419153	0.523485709311794	0.934228400906678	0	0.909300623215187	0.846766256866223	0	0.7837132211763	0.736519989849762	0	0	0	0	0.748291047704658	0.864548202774939	0.670246625444061	0	0.905015700837759	0	0	0	0	0	0	0.687192246479417	0	0	0.59071192380305	0.757858168923189	0	0
0	0	0	0	0	0	0	0	0	0	0	0	0	0	0	0	0	0	0	0	0	0	0	0	0	0	0	0	0	0	0	0	0	0	0	0	0	0	0	0	0	0	0	0	0	0.8763894125398	0.897707142755896	0.563363110694501	0.501629999836275	0	0	0.544774080047895	0	0.802859433207688	0	0	0	0	0	0.911873743314939	0	0.668740517005085	0.904941067214354	0.837671849047364	0.990893909830962	0.60569470952575	0.628760193360637	0.654865028976181	0	0	0	0	0	0	0	0	0	0	0	0	0	0	0	0	0	0.530430161355238	0.561474750252582	0	0	0
0	0	0	0	0	0	0	0	0	0	0	0	0	0	0	0	0	0	0	0	0	0	0	0	0	0	0	0	0	0	0	0	0	0	0	0	0	0	0	0	0	0	0	0	0	0	0	0	0	0	0	0	0	0	0.953960117315715	0	0	0.536163749625214	0.611169971253607	0	0.740829823276221	0.517728828439029	0.887018954206474	0	0.876858602033984	0.756535494430637	0	0	0.760765906548004	0.688675022801702	0	0	0	0	0	0	0	0	0	0	0	0	0	0	0	0.800315494262394	0.525703233055257	0	0	0.815982732154525
0	0	0	0	0	0	0	0	0	0	0	0	0	0	0	0	0	0	0	0	0	0	0	0	0	0	0	0	0	0	0	0	0	0	0	0	0	0	0	0	0	0	0	0	0	0	0	0.558312542809735	0	0	0.634775594426616	0	0.976445959074274	0	0	0	0	0.650677215919653	0	0.978047957181714	0	0.69290873133574	0	0	0	0.532954073405528	0	0.782839000629159	0	0	0.69417172028561	0	0	0.851603455261349	0	0	0	0	0	0	0	0	0.894270913974388	0	0.757559249851284	0	0	0	0	0
0	0	0	0	0	0	0	0	0	0	0	0	0	0	0	0	0	0	0	0	0	0	0	0	0	0	0	0	0	0	0	0	0	0	0	0	0	0	0	0	0	0	0	0	0	0.707091360787858	0	0.715982462093203	0	0	0	0	0	0	0.920404408170989	0.507412497912181	0	0.718403838645479	0.747224230946283	0.612008289099513	0.81271198040515	0	0	0.571497756558669	0.940479263108792	0	0	0.621037125976377	0	0.671066301774987	0	0.605547899904768	0.601707771105126	0	0	0	0	0	0	0	0	0.849663462127656	0	0	0	0	0.698066959164344	0	0.840515464393842	0
0	0	0	0	0	0	0	0	0	0	0	0	0	0	0	0	0	0	0	0	0	0	0	0	0	0	0	0	0	0	0	0	0	0	0	0	0	0	0	0	0	0	0	0	0	0	0	0	0	0.715377987012062	0	0	0	0	0	0	0.838021937646088	0	0.50954269671854	0.901758418900983	0	0	0	0.973879866119876	0	0	0	0.849379049396099	0	0.55118043502046	0.647305219793802	0	0.951180442273533	0.745144956669742	0	0	0	0	0.795018785910652	0	0	0.731196250708206	0.909073548825935	0	0	0	0	0	0	0.565605620783185
0	0	0	0	0	0	0	0	0	0	0	0	0	0	0	0	0	0	0	0	0	0	0	0	0	0	0	0	0	0	0	0	0	0	0	0	0	0	0	0	0	0	0	0	0	0.642793843530224	0	0	0	0.73629506144283	0	0	0	0	0.938556359234527	0.559848753097687	0.807317851401444	0.555448792901621	0.779086414044394	0	0	0.50741453270223	0.687215636172645	0	0.954678646673543	0.937130664181227	0.851178959305714	0.513084877755171	0	0.957478488042671	0.631982344560389	0	0	0	0	0	0	0	0.627875847828298	0	0.702140892883039	0.909866750115697	0	0	0.638412149419915	0	0.572899772821929	0	0	0
0	0	0	0	0	0	0	0	0	0	0	0	0	0	0	0	0	0	0	0	0	0	0	0	0	0	0	0	0	0	0	0	0	0	0	0	0	0	0	0	0	0	0	0	0	0	0	0	0	0	0.609693659135571	0.568702572653112	0	0.870110543912986	0.663668924613726	0.798805044178704	0	0.912512912028787	0.514834240752724	0.982689885287388	0	0.504678521547058	0	0.984757165537558	0	0	0	0	0	0	0.81221669220586	0.743070711209953	0	0	0	0	0.894972060389678	0	0	0	0.717574422617095	0	0	0	0.975865103579787	0	0	0	0.595280040460705	0.896724581484836
0	0	0	0	0	0	0	0	0	0	0	0	0	0	0	0	0	0	0	0	0	0	0	0	0	0	0	0	0	0	0	0	0	0	0	0	0	0	0	0	0	0	0	0	0	0	0	0	0.544414305227984	0	0	0	0	0.610577440071422	0	0	0	0	0.601028542589087	0.661126838253776	0.647942638365438	0	0	0.533724258811918	0	0	0	0	0	0.630358229018053	0.586978799901143	0	0	0	0	0	0	0.674629487709133	0	0.9550606217175	0.625922968108245	0	0	0	0	0	0	0	0.796924106832133	0.760012763505877
0	0	0	0	0	0	0	0	0	0	0	0	0	0	0	0	0	0	0	0	0	0	0	0	0	0	0	0	0	0	0	0	0	0	0	0	0	0	0	0	0	0	0	0	0	0	0	0	0	0	0	0	0	0	0.542809030679772	0	0	0.916354949549653	0.804234808453525	0	0	0	0	0.537150980112487	0	0	0	0	0	0.96945030599047	0.920194662657255	0.737129724423088	0	0.985574461747309	0	0	0	0.634102406997982	0	0	0	0.687081718028915	0	0.622245472458594	0	0.609829885264476	0	0	0	0
0	0	0	0	0	0	0	0	0	0	0	0	0	0	0	0	0	0	0	0	0	0	0	0	0	0	0	0	0	0	0	0	0	0	0	0	0	0	0	0	0	0	0	0	0	0.518569460569794	0.708344861487918	0	0.966403522381917	0	0.988098142815252	0	0	0	0.742745411715224	0	0	0.915374049686293	0.796669906375538	0	0.789157770416334	0.745665062117929	0.54032800615815	0.93111272410398	0	0	0	0	0	0.688696743483237	0	0.753538010460845	0	0	0	0.576097920524121	0	0.550120347455284	0	0	0.992668124830571	0	0	0.863485628918172	0.817527708028232	0	0.622986205256584	0.777416037914069	0	0.784676311655593
0	0	0	0	0	0	0	0	0	0	0	0	0	0	0	0	0	0	0	0	0	0	0	0	0	0	0	0	0	0	0	0	0	0	0	0	0	0	0	0	0	0	0	0	0	0.864427968559605	0	0	0	0.582834499655221	0	0	0.873057604125813	0	0.563871654369345	0	0	0	0	0.658676406664887	0	0	0	0	0	0	0	0	0	0.903950487693986	0	0	0	0	0	0	0	0	0	0	0.617700320541042	0	0.799101450851693	0	0	0.648859784565167	0	0.97853230093691	0	0
0	0	0	0	0	0	0	0	0	0	0	0	0	0	0	0	0	0	0	0	0	0	0	0	0	0	0	0	0	0	0	0	0	0	0	0	0	0	0	0	0	0	0	0	0	0	0.55746323097461	0.75670453020594	0	0	0	0	0	0	0.587032296786568	0	0	0	0	0.760161607270112	0	0.872486236384026	0.761014654160796	0.731883341772387	0	0.939048385823694	0.571438057100242	0.569310073930113	0.810948719422086	0	0	0	0	0	0.779914213158191	0.917627947718684	0.810102604463527	0	0	0.582325775061054	0.564261793566931	0	0	0	0	0	0	0	0.799097770534115	0
0	0	0	0	0	0	0	0	0	0	0	0	0	0	0	0	0	0	0	0	0	0	0	0	0	0	0	0	0	0	0	0	0	0	0	0	0	0	0	0	0	0	0	0	0	0	0	0.970987790049635	0	0.713460023320234	0.701030044446627	0	0	0	0	0	0	0	0	0	0.901776794012191	0	0.585004599704552	0.650424871671185	0.875285788852369	0.965238432406392	0.805787058514712	0	0	0	0	0	0	0.998005963958822	0	0.533821685537924	0	0.538026259508276	0	0	0	0	0	0	0.561368359135925	0.93073683515861	0	0	0	0
0	0	0	0	0	0	0	0	0	0	0	0	0	0	0	0	0	0	0	0	0	0	0	0	0	0	0	0	0	0	0	0	0	0	0	0	0	0	0	0	0	0	0	0	0	0	0	0	0	0.642747034116571	0	0	0.571058456488914	0.697704684564174	0	0	0.612279935552948	0	0	0	0	0.780537313386791	0	0	0.541078956457253	0	0.883691765162334	0.872209807998736	0	0	0	0	0	0	0.935841225115633	0	0	0	0	0	0	0	0	0	0	0	0	0	0	0
0	0	0	0	0	0	0	0	0	0	0	0	0	0	0	0	0	0	0	0	0	0	0	0	0	0	0	0	0	0	0	0	0	0	0	0	0	0	0	0	0	0	0	0	0	0.603856065204611	0	0	0	0.715573526925598	0	0.934556905555773	0.876385897442068	0	0	0	0.815883018977307	0.906770754763526	0	0	0	0.979444025230747	0.877790415636988	0	0	0	0	0	0	0	0	0	0	0	0	0	0	0	0.773547873585551	0	0	0	0.883969544688019	0	0	0	0.54788650580034	0	0	0.634606678663693
0	0	0	0	0	0	0	0	0	0	0	0	0	0	0	0	0	0	0	0	0	0	0	0	0	0	0	0	0	0	0	0	0	0	0	0	0	0	0	0	0	0	0	0	0	0	0.540086375295738	0	0	0.925993384851442	0.86216141772508	0	0	0	0.73906754357416	0.868374512529763	0	0.519084805053053	0	0	0.977358871046785	0	0.920775018198302	0	0	0	0.969620318886291	0	0	0	0.528278558493133	0	0	0	0	0	0.837582963607469	0.704458414188027	0	0	0.678267819737885	0	0	0.822444037191431	0	0.545773145099742	0	0	0.765299870213256	0
0	0	0	0	0	0	0	0	0	0	0	0	0	0	0	0	0	0	0	0	0	0	0	0	0	0	0	0	0	0	0	0	0	0	0	0	0	0	0	0	0	0	0	0	0	0	0	0.64759308068384	0.641498236153464	0.700340858304551	0	0	0	0	0	0	0.973087885567938	0.829470147918968	0	0	0	0	0	0	0	0	0	0	0	0.899226821633368	0	0.750061743360479	0	0	0	0	0.835433448471177	0	0	0	0.614844269175465	0.868669976558094	0.84388115870536	0	0.623261024948742	0	0.516219009533197	0	0	0
0	0	0	0	0	0	0	0	0	0	0	0	0	0	0	0	0	0	0	0	0	0	0	0	0	0	0	0	0	0	0	0	0	0	0	0	0	0	0	0	0	0	0	0	0	0	0.584652954533583	0	0	0.957312123711716	0	0	0	0	0	0	0	0	0	0	0	0	0	0	0	0	0	0.731448656415009	0	0.563541196799804	0.884140736663333	0	0	0	0	0	0.532502877466214	0	0.565943455396386	0.69478108497948	0.696948461960068	0.762216812272095	0	0.756344239852631	0	0.506646251368519	0	0	0	0
0	0	0	0	0	0	0	0	0	0	0	0	0	0	0	0	0	0	0	0	0	0	0	0	0	0	0	0	0	0	0	0	0	0	0	0	0	0	0	0	0	0	0	0	0	0.918076790090018	0.7572332884152	0	0	0.550528430468742	0	0	0.98825177413438	0	0	0.81335116155558	0	0.67211367448545	0	0	0	0	0	0	0.582457945702574	0	0	0	0	0.527053676655294	0	0	0	0.714810440302479	0.991183137499316	0.749227879243091	0	0	0.547080347347712	0.566589559918257	0	0	0.935377203909956	0	0	0	0	0.800023161570723	0	0
0	0	0	0	0	0	0	0	0	0	0	0	0	0	0	0	0	0	0	0	0	0	0	0	0	0	0	0	0	0	0	0	0	0	0	0	0	0	0	0	0	0	0	0	0	0	0.955358735264682	0	0	0	0	0	0	0.71767826193539	0	0	0.878096056357753	0	0	0	0	0	0	0	0	0.761113060271534	0.615541100102598	0.856022934208629	0	0	0.710368919526183	0	0	0.804982899487634	0	0	0	0	0.75813538928276	0.824239858501661	0	0.864319845273724	0	0	0	0	0	0	0	0.928617610243972
0	0	0	0	0	0	0	0	0	0	0	0	0	0	0	0	0	0	0	0	0	0	0	0	0	0	0	0	0	0	0	0	0	0	0	0	0	0	0	0	0	0	0	0	0	0	0	0	0.763304154508167	0	0.840227279038914	0	0.962328679457901	0.673799148258658	0.617423726315314	0.615390213933473	0	0	0	0	0	0	0.620876234161329	0.845752187872954	0	0	0	0	0	0	0	0	0.510116090031166	0	0	0.818314697344462	0.893062628190119	0.648359392280077	0	0	0	0.699107053226611	0	0	0.609990370415592	0	0	0	0	0
0	0	0	0	0	0	0	0	0	0	0	0	0	0	0	0	0	0	0	0	0	0	0	0	0	0	0	0	0	0	0	0	0	0	0	0	0	0	0	0	0	0	0	0	0	0	0	0	0	0	0	0	0	0.87687618054788	0	0	0	0	0	0	0	0	0	0	0	0.605221655562546	0	0	0	0.69174281817606	0	0	0	0	0	0.621086149284363	0.688086956156864	0.678819643898701	0	0	0	0	0	0	0	0.799275802947735	0.928575886228655	0.855725329650635	0	0
0	0	0	0	0	0	0	0	0	0	0	0	0	0	0	0	0	0	0	0	0	0	0	0	0	0	0	0	0	0	0	0	0	0	0	0	0	0	0	0	0	0	0	0	0	0	0	0	0	0	0	0.903791321841499	0.99322853004702	0	0	0.712001257114492	0	0	0	0	0	0	0	0.688109152187644	0.776668642988962	0.505617678530898	0	0.827826891124595	0.609271231947981	0.751315852871739	0	0	0	0.660927798024944	0.761766252634552	0.633375969197315	0	0	0	0	0	0.546539311707136	0	0	0	0	0	0	0	0.946349591884896
0	0	0	0	0	0	0	0	0	0	0	0	0	0	0	0	0	0	0	0	0	0	0	0	0	0	0	0	0	0	0	0	0	0	0	0	0	0	0	0	0	0	0	0	0	0.695437110883989	0	0	0	0	0	0.814079883143374	0	0	0	0.665258611528418	0	0	0	0	0	0.860297836798521	0.691045778829406	0.729445157957981	0	0	0.954427070731978	0	0	0	0	0	0	0	0.558037603333183	0.648663038155154	0	0.636702519527681	0.643951805849234	0	0.890960362766118	0	0	0.666608594044161	0	0.832766918050925	0	0.575491097819312	0.71456185332957	0.567433001807042
0	0	0	0	0	0	0	0	0	0	0	0	0	0	0	0	0	0	0	0	0	0	0	0	0	0	0	0	0	0	0	0	0	0	0	0	0	0	0	0	0	0	0	0	0	0	0	0	0	0	0	0	0.631179010960892	0	0.892591683916226	0	0	0	0	0	0.871607466875634	0	0.556625902581342	0	0	0	0	0	0.822214754606899	0	0	0	0.668608628307894	0	0.882567083093003	0	0.688367141941743	0	0	0	0	0	0	0.730979564051133	0.815282872685595	0	0	0	0	0.552077305837424
0	0	0	0	0	0	0	0	0	0	0	0	0	0	0	0	0	0	0	0	0	0	0	0	0	0	0	0	0	0	0	0	0	0	0	0	0	0	0	0	0	0	0	0	0	0	0	0	0	0	0.722245772738638	0	0	0	0	0.518002636045763	0	0.684851882414123	0	0	0	0	0	0	0	0	0.515618681406686	0.923120233288041	0	0	0	0	0	0.956904879739104	0	0.6474828001652	0	0	0	0	0	0.771106876210595	0.790801803572094	0	0	0.841079709080065	0	0.554272891385049	0.94953175054762	0
0	0	0	0	0	0	0	0	0	0	0	0	0	0	0	0	0	0	0	0	0	0	0	0	0	0	0	0	0	0	0	0	0	0	0	0	0	0	0	0	0	0	0	0	0	0.680250265752848	0	0.908978483133662	0	0	0	0	0.711821302246302	0	0	0	0.766997322500122	0	0	0	0.585963671308034	0	0	0.527172751789687	0.752150268410743	0	0	0.524642167761401	0	0	0.965096754782822	0	0	0	0.630418739075638	0	0	0	0.628618541111909	0	0	0	0.77677202397425	0	0	0	0	0.731891670481871	0	0
0	0	0	0	0	0	0	0	0	0	0	0	0	0	0	0	0	0	0	0	0	0	0	0	0	0	0	0	0	0	0	0	0	0	0	0	0	0	0	0	0	0	0	0	0	0	0	0	0	0.941553097035671	0	0	0	0	0.761736746544207	0	0	0	0.803057019961708	0.800750218657631	0	0	0	0	0	0	0.934951268269354	0	0.788850089772024	0	0.939791149699977	0	0	0.74682925374889	0	0.55195425493389	0	0	0	0.733877246394626	0	0.53079272164448	0	0.845644314514491	0	0	0.856950821954345	0	0.533938331715525	0
0	0	0	0	0	0	0	0	0	0	0	0	0	0	0	0	0	0	0	0	0	0	0	0	0	0	0	0	0	0	0	0	0	0	0	0	0	0	0	0	0	0	0	0	0	0	0	0.76651379674206	0	0	0.556394448235485	0	0	0.971186538113779	0	0	0	0.647960622068331	0.617175424468248	0.644657464523544	0	0.543914031594543	0	0.85534615654715	0	0	0	0.510226088731354	0	0	0	0	0.777242516381741	0	0.694999485178107	0	0	0	0	0.55663356638404	0	0	0	0	0	0.871791809193343	0	0	0.677403187548456	0
0	0	0	0	0	0	0	0	0	0	0	0	0	0	0	0	0	0	0	0	0	0	0	0	0	0	0	0	0	0	0	0	0	0	0	0	0	0	0	0	0	0	0	0	0	0	0.848693015878123	0	0	0	0	0	0.883230062213146	0	0.643594720143364	0.573048685088421	0	0.887578998175157	0	0	0	0	0	0	0	0	0	0.860825328842588	0.750786412909296	0	0	0	0	0	0	0	0.610512148038984	0	0	0.54900877302528	0	0.723558827338494	0	0.506341896145255	0.771818640054987	0	0	0	0	0
0	0	0	0	0	0	0	0	0	0	0	0	0	0	0	0	0	0	0	0	0	0	0	0	0	0	0	0	0	0	0	0	0	0	0	0	0	0	0	0	0	0	0	0	0	0.625804529001386	0	0	0	0.548960480075404	0.564597174738758	0	0	0	0	0	0	0	0	0	0	0.544245359055447	0	0	0.730290636162295	0.9094043204501	0	0	0	0.778561295229971	0	0	0	0.786282848413712	0	0	0	0	0	0	0	0.892168275253106	0	0.966397918602928	0	0.554811701092601	0.550833613467512	0	0	0
0	0	0	0	0	0	0	0	0	0	0	0	0	0	0	0	0	0	0	0	0	0	0	0	0	0	0	0	0	0	0	0	0	0	0	0	0	0	0	0	0	0	0	0	0	0	0	0.553706005863183	0	0.653226527805013	0.906832283996052	0	0	0	0.588991754931668	0.85626383070965	0.680738742882644	0	0	0.607635364238178	0	0	0.578859847063436	0	0.894181515226699	0.519487972335473	0	0.503902854501612	0	0	0	0	0.994446627938513	0	0	0	0	0.971356972309779	0	0	0.782380900438018	0.939801798082808	0.637839420910554	0	0	0	0	0	0	0
