0	0.698748166735622	0.86555031280695	0.701337954911703	0	0	0	0	0	0	0	0	0	0	0	0	0	0	0	0	0	0	0	0	0	0	0	0	0	0	0	0	0	0	0	0	0	0	0	0	0	0	0.689266557197602	0.671867663149435	0.808059177685143	0	0	0	0	0	0	0	0	0	0	0	0	0	0	0	0	0	0	0	0	0	0	0	0	0	0	0	0	0	0	0	0	0	0	0	0	0	0	0	0	0	0	0	0	0
0.965437613839547	0	0.894291393343965	0.572879142056015	0.680606074949616	0	0	0	0	0	0	0	0	0	0	0	0	0	0	0	0	0	0	0	0	0	0	0	0	0	0	0	0	0	0	0	0	0	0	0	0	0	0	0.849415564170658	0.767564674663039	0	0	0	0	0	0	0	0	0	0	0	0	0	0	0	0	0	0	0	0	0	0	0	0	0	0	0	0	0	0	0	0	0	0	0	0	0	0	0	0	0	0	0	0	0
0.701961822260847	0.933577708372723	0	0.583437837886277	0.620747690132552	0.744818490503431	0	0	0	0	0	0	0	0	0	0	0	0	0	0	0	0	0	0	0	0	0	0	0	0	0	0	0	0	0	0	0	0	0	0	0	0	0	0	0.785279508186088	0	0	0	0	0	0	0	0	0	0	0	0	0	0	0	0	0	0	0	0	0	0	0	0	0	0	0	0	0	0	0	0	0	0	0	0	0	0	0	0	0	0	0	0	0
0.595222202367055	0.503565357922822	0.739454474110705	0	0.529188294970783	0.663075521476027	0.854420405606087	0	0	0	0	0	0	0	0	0	0	0	0	0	0	0	0	0	0	0	0	0	0	0	0	0	0	0	0	0	0	0	0	0	0	0	0	0	0	0	0	0	0	0	0	0	0	0	0	0	0	0	0	0	0	0	0	0	0	0	0	0	0	0	0	0	0	0	0	0	0	0	0	0	0	0	0	0	0	0	0	0	0	0
0	0.811831416914503	0.891589366553571	0.56461983324466	0	0.850452574801182	0.536786834951459	0.660116354773152	0	0	0	0	0	0	0	0	0	0	0	0	0	0	0	0	0	0	0	0	0	0	0	0	0	0	0	0	0	0	0	0	0	0	0	0	0	0	0	0	0	0	0	0	0	0	0	0	0	0	0	0	0	0	0	0	0	0	0	0	0	0	0	0	0	0	0	0	0	0	0	0	0	0	0	0	0	0	0	0	0	0
0	0	0.906340581771413	0.732204151845949	0.95151132086546	0	0.974826997006785	0.875076811856176	0.607392751306018	0	0	0	0	0	0	0	0	0	0	0	0	0	0	0	0	0	0	0	0	0	0	0	0	0	0	0	0	0	0	0	0	0	0	0	0	0	0	0	0	0	0	0	0	0	0	0	0	0	0	0	0	0	0	0	0	0	0	0	0	0	0	0	0	0	0	0	0	0	0	0	0	0	0	0	0	0	0	0	0	0
0	0	0	0.765387214337363	0.875383538803551	0.684479936737303	0	0.659278246487603	0.559950605443711	0.981815867095479	0	0	0	0	0	0.839896536733973	0	0	0	0	0	0	0	0	0	0	0	0	0	0	0	0	0	0	0	0	0	0	0	0	0	0	0	0	0	0	0	0	0	0	0	0	0	0	0	0	0	0	0	0	0	0	0	0	0	0	0	0	0	0	0	0	0	0	0	0	0	0	0	0	0	0	0	0	0	0	0	0	0	0
0	0	0	0	0.520933534508434	0.955779431312167	0.888161137600064	0	0.811476891140141	0.538028656717817	0.922139235665432	0	0	0	0	0	0	0	0	0	0	0	0	0	0	0	0	0	0	0	0	0	0	0	0	0	0	0	0	0	0	0	0	0	0	0	0	0	0	0	0	0	0	0	0	0	0	0	0	0	0	0	0	0	0	0	0	0	0	0	0	0	0	0	0	0	0	0	0	0	0	0	0	0	0	0	0	0	0	0
0	0	0	0	0	0.875700959900211	0.958739089335835	0.604249493579846	0	0.654523345715456	0.572669510451872	0.987784603276451	0	0	0	0	0	0	0	0	0	0	0	0	0	0	0	0	0	0	0	0	0	0	0	0	0	0	0	0	0	0	0	0	0	0	0	0	0	0	0	0	0	0	0	0	0	0	0	0	0	0	0	0	0	0	0	0	0	0	0	0	0	0	0	0	0	0	0	0	0	0	0	0	0	0	0	0	0	0
0	0	0	0	0	0	0.906119890576073	0.960818584862982	0.607750507398925	0	0.837828604839165	0.575116079818663	0.630567309703228	0	0	0	0	0	0	0	0	0	0	0	0	0	0	0	0	0	0	0	0	0	0	0	0	0	0	0	0	0	0	0	0	0	0	0	0	0	0	0	0	0	0	0	0	0	0	0	0	0	0	0	0	0	0	0	0	0	0	0	0	0	0	0	0	0	0	0	0	0	0	0	0	0	0	0	0	0
0	0	0	0	0	0	0	0.803096748421444	0.896480714709458	0.946948826861161	0	0.600730172024513	0.825237732499048	0.693262574084953	0	0	0	0	0	0	0	0	0	0	0	0	0	0	0	0	0	0	0	0	0	0	0	0	0	0	0	0	0	0	0	0	0	0	0	0	0	0	0	0	0	0	0	0	0	0	0	0	0	0	0	0	0	0	0	0	0	0	0	0	0	0	0	0	0	0	0	0	0	0	0	0	0	0	0	0
0	0	0	0	0	0	0	0	0.82757521125142	0.91402819982985	0.980508899589512	0	0.823519825865659	0.979919067396743	0.987563713179922	0	0	0	0	0	0	0	0	0	0	0	0	0	0	0	0	0	0	0	0	0	0	0	0	0	0	0	0	0	0	0	0	0	0	0	0	0	0	0	0	0	0	0	0	0	0	0	0	0	0	0	0	0	0	0	0	0	0	0	0	0	0	0	0	0	0	0	0	0	0	0	0	0	0	0
0	0	0	0	0	0	0	0	0	0.798911363562365	0.711156482990671	0.843036391413389	0	0.997255911170061	0.577224010714654	0.514208109933803	0	0	0	0	0	0	0	0	0	0	0	0	0	0	0	0	0	0	0	0	0	0	0	0	0	0	0	0	0	0	0	0	0	0	0	0	0	0	0	0	0	0	0	0	0	0	0	0	0	0	0	0	0	0	0	0	0	0	0	0	0	0	0	0	0	0	0	0	0	0	0	0	0	0
0	0	0	0	0	0	0	0	0	0	0.872391063014198	0.774791768411071	0.719470354827724	0	0.525925772342917	0.922847311746471	0.565748892454439	0	0	0	0	0	0	0	0	0	0	0	0	0	0	0	0	0	0	0	0	0	0	0	0	0	0	0	0	0	0	0	0	0	0	0	0	0	0	0	0	0	0	0	0	0	0	0	0	0	0	0	0	0	0	0	0	0	0	0	0	0	0	0	0	0	0	0	0	0	0	0	0	0
0	0	0	0	0	0	0	0	0	0	0	0.948549427620822	0.954832368749526	0.819669125771256	0	0.537991150119117	0.939255055105883	0.5550320455764	0	0	0	0	0	0	0	0	0	0	0	0	0	0	0	0	0	0	0	0	0	0	0	0	0	0	0	0	0	0	0	0	0	0	0	0	0	0	0	0	0	0	0	0	0	0	0	0	0	0	0	0	0	0	0	0	0	0	0	0	0	0	0	0	0	0	0	0	0	0	0	0
0	0	0	0	0	0	0.626716685506687	0	0	0	0	0	0.830737765564983	0.939301962977501	0.551301560660001	0	0.847211354541626	0	0.587022658097144	0	0	0	0	0	0	0	0	0	0	0	0	0	0	0	0	0	0	0	0	0	0	0	0	0	0	0	0	0	0	0	0	0	0	0	0	0	0	0	0	0	0	0	0	0	0	0	0	0	0	0	0	0	0	0	0	0	0	0	0	0	0	0	0	0	0	0	0	0	0	0
0	0	0	0	0	0	0	0	0	0	0	0	0	0.542921106998641	0.999425613026492	0.565487478682502	0	0.786165668753784	0.791385155433624	0.884631296567281	0	0	0	0	0	0	0	0	0	0	0	0	0	0	0	0	0	0	0	0	0	0	0	0	0	0	0	0	0	0	0	0	0	0	0	0	0	0	0	0	0	0	0	0	0	0	0	0	0	0	0	0	0	0	0	0	0	0	0	0	0	0	0	0	0	0	0	0	0	0
0	0	0	0	0	0	0	0	0	0	0	0	0	0	0.931367111822289	0	0.860896444588494	0	0.951403672832602	0.732376121994561	0.775745777515295	0	0	0	0	0	0	0	0	0	0	0	0	0	0	0	0.7687902060822	0	0	0	0	0	0	0	0	0	0	0	0	0	0	0	0	0	0	0	0	0	0	0	0	0	0	0	0	0	0	0	0	0	0	0	0	0	0	0	0	0	0	0	0	0	0	0	0	0	0	0	0	0
0	0	0	0	0	0	0	0	0	0	0	0	0	0	0	0.768698780079475	0.724960426038313	0.520215546813035	0	0.895856462014154	0.823730373562042	0.70846057445803	0	0	0	0	0	0	0	0	0	0	0	0	0	0	0	0	0	0	0	0	0	0	0	0	0	0	0	0	0	0	0	0	0	0	0	0	0	0	0	0	0	0	0	0	0	0	0	0	0	0	0	0	0	0	0	0	0	0	0	0	0	0	0	0	0	0	0	0
0	0	0	0	0	0	0	0	0	0	0	0	0	0	0	0	0.771438581329353	0.969158765442587	0.817167966058176	0	0.711859634547359	0.651538215544409	0.851811401897306	0	0	0	0	0	0	0	0	0	0	0	0	0	0	0	0	0	0	0	0	0	0	0	0	0	0	0	0	0	0	0	0	0	0	0	0	0	0	0	0	0	0	0	0	0	0	0	0	0	0	0	0	0	0	0	0	0	0	0	0	0	0	0	0	0	0	0
0	0	0	0	0	0	0	0	0	0	0	0	0	0	0	0	0	0.869764219840787	0.837008962154115	0.710149174371241	0	0.800155234795828	0.541869691844212	0.582656801209908	0	0	0	0	0	0	0	0	0	0	0	0	0	0	0	0	0	0	0	0	0	0	0	0	0	0	0	0	0	0	0	0	0	0	0	0	0	0	0	0	0	0	0	0	0	0	0	0	0	0	0	0	0	0	0	0	0	0	0	0	0	0	0	0	0	0
0	0	0	0	0	0	0	0	0	0	0	0	0	0	0	0	0	0	0.865968780074937	0.663333173809834	0.737726121151848	0	0.561606883910053	0.610696987886856	0.944982068476811	0	0	0	0	0	0	0	0	0	0	0	0	0	0	0	0	0	0	0	0	0	0	0	0	0	0	0	0	0	0	0	0	0	0	0	0	0	0	0	0	0	0	0	0	0	0	0	0	0	0	0	0	0	0	0	0	0	0	0	0	0	0	0	0	0
0	0	0	0	0	0	0	0	0	0	0	0	0	0	0	0	0	0	0	0.73741823528834	0.729898626191236	0.721721910526249	0	0.946210722542673	0.998652425895295	0.927067802455881	0	0	0	0	0	0	0	0	0	0	0	0	0	0	0	0	0	0	0	0	0	0	0	0	0	0	0	0	0	0	0	0	0	0	0	0	0	0	0	0	0	0	0	0	0	0	0	0	0	0	0	0	0	0	0	0	0	0	0	0	0	0	0	0
0	0	0	0	0	0	0	0	0	0	0	0	0	0	0	0	0	0	0	0	0.798027806693118	0.739500705128356	0.954934342946294	0	0.813495236999332	0.757156715671941	0.89282236075125	0	0	0	0	0	0	0	0	0	0	0	0	0	0	0	0	0	0	0	0	0	0	0	0	0	0	0	0	0	0	0	0	0	0	0	0	0	0	0	0	0	0	0	0	0	0	0	0	0	0	0	0	0	0	0	0	0	0	0	0	0	0	0
0	0	0	0	0	0	0	0	0	0	0	0	0	0	0	0	0	0	0	0	0	0.645417397726896	0.945619813759764	0.585942388463747	0	0.530744549135887	0.652256447033476	0.927472305292615	0	0	0	0	0	0	0	0	0	0	0	0	0	0	0	0	0	0	0	0	0	0	0	0	0	0	0	0	0	0	0	0	0	0	0	0	0	0	0	0	0	0	0	0	0	0	0	0	0	0	0	0	0	0	0	0	0	0	0	0	0	0
0	0	0	0	0	0	0	0	0	0	0	0	0	0	0	0	0	0	0	0	0	0	0.516572229935377	0.77093617727743	0.934116181332403	0	0.791708628416077	0.676175277511636	0.540692867910894	0	0	0	0	0	0	0	0	0	0	0	0	0	0	0	0	0	0	0	0	0	0	0	0	0	0	0	0	0	0	0	0	0	0	0	0	0	0	0	0	0	0	0	0	0	0	0	0	0	0	0	0	0	0	0	0	0	0	0	0	0
0	0	0	0	0	0	0	0	0	0	0	0	0	0	0	0	0	0	0	0	0	0	0	0.540230689078156	0.547164714643358	0.731282208834313	0	0.721277867350141	0.800853799301306	0.531099276778083	0	0	0	0	0	0	0	0	0	0	0	0	0	0	0	0	0	0	0	0	0	0	0	0	0	0	0	0	0	0	0	0	0	0	0	0	0	0	0	0	0	0	0	0	0	0	0	0	0	0	0	0	0	0	0	0	0	0	0	0
0	0	0	0	0	0	0	0	0	0	0	0	0	0	0	0	0	0	0	0	0	0	0	0	0.838512678678852	0.783124796136061	0.583541421720369	0	0.548569761747563	0.679980237038976	0.751855676410653	0	0	0	0	0	0	0	0	0	0	0	0	0	0	0	0	0	0	0	0	0	0	0	0	0	0	0	0	0	0	0	0	0	0	0	0	0	0	0	0	0	0	0	0	0	0	0	0	0	0	0	0	0	0	0	0	0	0	0
0	0	0	0	0	0	0	0	0	0	0	0	0	0	0	0	0	0	0	0	0	0	0	0	0	0.883504059935999	0.95420444610072	0.901918635236175	0	0.646024135078462	0.696329936557804	0.800449795297925	0	0	0	0	0	0	0	0	0	0	0	0	0	0	0	0	0	0	0	0	0	0	0	0	0	0	0	0	0	0	0	0	0	0	0	0	0	0	0	0	0	0	0	0	0	0	0	0	0	0	0	0	0	0	0	0	0	0
0	0	0	0	0	0	0	0	0	0	0	0	0	0	0	0	0	0	0	0	0	0	0	0	0	0	0.880010012897457	0.677321315408799	0.66722093249058	0	0.729666173404651	0.654856352303955	0.915103509444495	0	0	0	0	0	0	0	0	0	0	0	0	0	0	0	0	0	0	0	0	0	0	0	0	0	0	0	0	0	0	0	0	0	0	0	0	0	0	0	0	0	0	0	0	0	0	0	0	0	0	0	0	0	0	0	0	0
0	0	0	0	0	0	0	0	0	0	0	0	0	0	0	0	0	0	0	0	0	0	0	0	0	0	0	0.634857488208729	0.785451898408853	0.633645006092056	0	0.566391746580478	0.89403810462396	0.92435813378444	0	0	0	0	0	0	0	0	0	0	0	0	0	0	0	0	0	0	0	0	0	0	0	0	0	0	0	0	0	0	0	0	0	0	0	0	0	0	0	0	0	0	0	0	0	0	0	0	0	0	0	0	0	0	0	0
0	0	0	0	0	0	0	0	0	0	0	0	0	0	0	0	0	0	0	0	0	0	0	0	0	0	0	0	0.578002126382693	0.584272502755151	0.980446085159283	0	0.815001465322782	0.963023757777324	0.664432347654763	0	0	0	0	0	0	0	0	0	0	0	0	0	0	0	0	0	0	0	0	0	0	0	0	0	0	0	0	0	0	0	0	0	0	0	0	0	0	0	0	0	0	0	0	0	0	0	0	0	0	0	0	0	0	0
0	0	0	0	0	0	0	0	0	0	0	0	0	0	0	0	0	0	0	0	0	0	0	0	0	0	0	0	0	0.999371827667711	0.515749126075236	0.508719946244299	0	0.722271900158784	0.797326615976213	0.80814624570774	0	0	0	0	0	0	0	0	0	0	0	0	0	0	0	0	0	0	0	0	0	0	0	0	0	0	0	0	0	0	0	0	0	0	0	0	0	0	0	0	0	0	0	0	0	0	0	0	0	0	0	0	0	0
0	0	0	0	0	0	0	0	0	0	0	0	0	0	0	0	0	0	0	0	0	0	0	0	0	0	0	0	0	0	0.940366584815749	0.745542569813286	0.694738506781978	0	0.85819443385594	0.771064401314967	0.575649744409539	0	0	0	0	0	0	0	0	0	0	0	0	0	0	0	0	0	0	0	0	0	0	0	0	0	0	0	0	0	0	0	0	0	0	0	0	0	0	0	0	0	0	0	0	0	0	0	0	0	0	0	0	0
0	0	0	0	0	0	0	0	0	0	0	0	0	0	0	0	0	0	0	0	0	0	0	0	0	0	0	0	0	0	0	0.779933415355152	0.877540823793768	0.94441464794058	0	0.96269966866319	0.708344798603128	0.712474892610165	0	0	0	0	0	0	0	0	0	0	0	0	0	0	0	0	0	0	0	0	0	0	0	0	0	0	0	0	0	0	0	0	0	0	0	0	0	0	0	0	0	0	0	0	0	0	0	0	0	0	0	0
0	0	0	0	0	0	0	0	0	0	0	0	0	0	0	0	0	0	0	0	0	0	0	0	0	0	0	0	0	0	0	0	0.909642642305749	0.775452866836075	0.963922650345322	0	0.737535978067884	0.66889465520086	0.51169374297534	0	0	0	0	0	0	0	0	0	0	0	0	0	0	0	0	0	0	0	0	0	0	0	0	0	0	0	0	0	0	0	0	0	0	0	0	0	0	0	0	0	0	0	0	0	0	0	0	0	0	0
0	0	0	0	0	0	0	0	0	0	0	0	0	0	0	0	0	0.678053417835998	0	0	0	0	0	0	0	0	0	0	0	0	0	0	0	0.854521003338504	0.616542528537739	0.539001027981402	0	0.679411772209928	0.946728770390765	0	0	0	0	0	0	0	0	0	0	0	0	0	0	0	0	0	0	0	0	0	0	0	0	0	0	0	0	0	0	0	0	0	0	0	0	0	0	0	0	0	0	0	0	0	0	0	0	0	0	0
0	0	0	0	0	0	0	0	0	0	0	0	0	0	0	0	0	0	0	0	0	0	0	0	0	0	0	0	0	0	0	0	0	0	0.542957453853977	0.571181149778972	0.582555896156457	0	0.703038897524419	0.634778229317802	0.790107425287894	0	0	0	0	0	0	0	0	0	0	0	0	0	0	0	0	0	0	0	0	0	0	0	0	0	0	0	0	0	0	0	0	0	0	0	0	0	0	0	0	0	0	0	0	0	0	0	0	0
0	0	0	0	0	0	0	0	0	0	0	0	0	0	0	0	0	0	0	0	0	0	0	0	0	0	0	0	0	0	0	0	0	0	0	0.697191880892451	0.581789356428427	0.707360562082859	0	0.744602080990267	0.762787007085044	0.674763683191711	0	0	0	0	0	0	0	0	0	0	0	0	0	0	0	0	0	0	0	0	0	0	0	0	0	0	0	0	0	0	0	0	0	0	0	0	0	0	0	0	0	0	0	0	0	0	0	0
0	0	0	0	0	0	0	0	0	0	0	0	0	0	0	0	0	0	0	0	0	0	0	0	0	0	0	0	0	0	0	0	0	0	0	0	0	0.828577378638837	0.686669589884519	0	0.937719487947123	0.663242654147255	0.865158389878758	0	0	0	0	0	0	0	0	0	0	0	0	0	0	0	0	0	0	0	0	0	0	0	0	0	0	0	0	0	0	0	0	0	0	0	0	0	0	0	0	0	0	0	0	0	0	0
0	0	0	0	0	0	0	0	0	0	0	0	0	0	0	0	0	0	0	0	0	0	0	0	0	0	0	0	0	0	0	0	0	0	0	0	0	0.955291399439004	0.949844870299378	0.826573481631017	0	0.772841511321708	0.505074479045975	0.880721628280204	0	0	0	0	0	0	0	0	0	0	0	0	0	0	0	0	0	0	0	0	0	0	0	0	0	0	0	0	0	0	0	0	0	0	0	0	0	0	0	0	0	0	0	0	0	0
0	0	0	0	0	0	0	0	0	0	0	0	0	0	0	0	0	0	0	0	0	0	0	0	0	0	0	0	0	0	0	0	0	0	0	0	0	0	0.565377854788515	0.920527687587254	0.898249617207137	0	0.814746480007433	0.524702364560296	0.54158311988307	0	0	0	0	0	0	0	0	0	0	0	0	0	0	0	0	0	0	0	0	0	0	0	0	0	0	0	0	0	0	0	0	0	0	0	0	0	0	0	0	0	0	0	0	0
0.782470948742294	0	0	0	0	0	0	0	0	0	0	0	0	0	0	0	0	0	0	0	0	0	0	0	0	0	0	0	0	0	0	0	0	0	0	0	0	0	0	0.80810545265453	0.66424331928476	0.631847624376777	0	0.604109034562627	0.720393219717278	0	0	0	0	0	0	0	0	0	0	0	0	0	0	0	0	0	0	0	0	0	0	0	0	0	0	0	0	0	0	0	0	0	0	0	0	0	0	0	0	0	0	0	0	0
0.557744121434554	0.578162324574797	0	0	0	0	0	0	0	0	0	0	0	0	0	0	0	0	0	0	0	0	0	0	0	0	0	0	0	0	0	0	0	0	0	0	0	0	0	0	0.528884305570941	0.515621665742489	0.958697091982015	0	0.628694496222317	0	0	0	0	0	0	0	0	0	0	0	0	0	0	0	0	0	0	0	0	0	0	0	0	0	0	0	0	0	0	0	0	0	0	0	0	0	0	0	0	0	0	0	0	0
0.762114888800409	0.636119264774163	0.726190801615596	0	0	0	0	0	0	0	0	0	0	0	0	0	0	0	0	0	0	0	0	0	0	0	0	0	0	0	0	0	0	0	0	0	0	0	0	0	0	0.726028783684382	0.513871130535968	0.910616122761392	0	0	0	0	0	0	0	0	0	0	0	0	0	0	0	0	0	0	0	0	0	0	0	0	0	0	0	0	0	0	0	0	0	0	0	0	0	0	0	0	0	0	0	0	0	0
0	0	0	0	0	0	0	0	0	0	0	0	0	0	0	0	0	0	0	0	0	0	0	0	0	0	0	0	0	0	0	0	0	0	0	0	0	0	0	0	0	0	0	0	0	0	0.691150510678118	0.812578730913551	0.930105406646773	0.608178477110152	0.988348746043773	0	0	0	0	0.75932789011427	0	0	0.869608845384089	0	0	0.689425476428231	0	0	0.526927520896854	0.570677253299518	0	0	0	0	0	0	0	0	0	0	0	0	0	0	0.949114738680069	0	0	0	0	0	0	0	0.602769708626938	0
0	0	0	0	0	0	0	0	0	0	0	0	0	0	0	0	0	0	0	0	0	0	0	0	0	0	0	0	0	0	0	0	0	0	0	0	0	0	0	0	0	0	0	0	0	0.531960968558131	0	0	0.98520438012437	0	0	0	0.82960481266815	0	0.90370690491527	0	0	0	0	0	0.754822770594714	0	0	0	0.825650936684512	0	0	0	0.542695902210359	0	0	0	0	0	0	0	0.743163131682778	0.745382487615331	0	0.587868773691538	0.963688725161918	0	0	0.699167828206257	0	0	0	0	0	0
0	0	0	0	0	0	0	0	0	0	0	0	0	0	0	0	0	0	0	0	0	0	0	0	0	0	0	0	0	0	0	0	0	0	0	0	0	0	0	0	0	0	0	0	0	0.704440219247031	0	0	0.794442346995258	0.89668578021469	0.654382268819091	0.945841367369775	0.724228102663839	0.992573652407746	0	0	0	0.615056645922807	0	0	0	0	0	0	0	0	0	0	0	0	0.709299146418065	0	0.99539016952933	0	0.793128780225925	0	0	0.844304548965807	0.657315108899921	0	0	0	0	0	0.84663826765356	0	0.764526805915068	0	0	0.718182028033787
0	0	0	0	0	0	0	0	0	0	0	0	0	0	0	0	0	0	0	0	0	0	0	0	0	0	0	0	0	0	0	0	0	0	0	0	0	0	0	0	0	0	0	0	0	0.957963648469364	0.697299187562212	0.506805752310742	0	0	0	0	0.592005151935401	0.875612052279137	0.939104804134404	0.863937838866602	0	0.791942388164063	0	0	0	0.599309874147097	0	0	0.994293878349096	0	0	0.779646167785199	0.765960298979329	0.59767331744252	0.812562680437797	0.656712261865718	0	0	0.955769334970941	0.829718766872091	0	0	0	0	0	0	0	0.9562925447343	0	0.816120257023167	0	0.717963122089618	0	0
0	0	0	0	0	0	0	0	0	0	0	0	0	0	0	0	0	0	0	0	0	0	0	0	0	0	0	0	0	0	0	0	0	0	0	0	0	0	0	0	0	0	0	0	0	0.505501309569843	0	0.920842458159298	0	0	0	0.781360214975344	0	0	0.735016235343594	0	0.588061642582122	0	0	0.798709657756225	0	0.780104706649789	0	0	0.509861952441064	0	0	0	0	0	0.533906682428185	0	0	0	0	0.985992907810666	0.806054928934819	0	0	0.688626343830713	0.515432423944465	0	0.898788439437201	0	0	0	0	0.773416196437761	0	0
0	0	0	0	0	0	0	0	0	0	0	0	0	0	0	0	0	0	0	0	0	0	0	0	0	0	0	0	0	0	0	0	0	0	0	0	0	0	0	0	0	0	0	0	0	0.640767921381268	0	0.92348856463359	0	0	0	0	0	0	0.585692719462972	0	0	0.736925994046012	0	0	0.578405129319777	0.538482325006169	0	0.686974061111829	0	0.536205587271625	0.893661889446175	0.967532163363681	0	0	0.556461097822136	0	0	0.541831116526494	0	0	0	0	0.607543664784537	0	0	0	0.811517754494709	0	0	0	0.769390371797064	0	0.968703154973429	0
0	0	0	0	0	0	0	0	0	0	0	0	0	0	0	0	0	0	0	0	0	0	0	0	0	0	0	0	0	0	0	0	0	0	0	0	0	0	0	0	0	0	0	0	0	0	0	0.699300441850327	0	0.999724480708159	0	0	0	0.525084777570228	0.764359815691446	0	0.883419792235999	0	0	0	0	0	0.531134744500769	0	0	0	0	0.691091692147895	0	0	0	0	0	0.998179781830868	0	0	0	0	0.68915832607255	0	0	0	0	0.681350454995801	0	0.724565186874822	0	0	0	0
0	0	0	0	0	0	0	0	0	0	0	0	0	0	0	0	0	0	0	0	0	0	0	0	0	0	0	0	0	0	0	0	0	0	0	0	0	0	0	0	0	0	0	0	0	0	0.620063699267344	0.573652821219755	0.873174618300886	0	0	0	0	0.809291460105355	0.518255844429352	0	0	0.826069551269696	0	0	0.976356306466372	0	0	0	0	0	0	0	0	0	0.56708225861304	0	0.949558566164752	0	0	0	0.943896772279169	0	0	0	0	0	0	0.908884002692206	0	0	0	0	0	0
0	0	0	0	0	0	0	0	0	0	0	0	0	0	0	0	0	0	0	0	0	0	0	0	0	0	0	0	0	0	0	0	0	0	0	0	0	0	0	0	0	0	0	0	0	0	0	0.928413434713788	0.74649035021919	0	0	0.881776500930117	0.953771309595452	0	0.960654623218847	0	0	0	0	0.561453527278211	0.657147563505636	0.656427847513185	0	0.512539334358433	0	0.530445240157681	0	0.862997216407435	0	0.867785484710087	0	0	0	0.838714707037879	0.573585269284306	0	0.58953941488224	0	0	0	0	0	0	0	0	0	0.752237540398412	0	0	0
0	0	0	0	0	0	0	0	0	0	0	0	0	0	0	0	0	0	0	0	0	0	0	0	0	0	0	0	0	0	0	0	0	0	0	0	0	0	0	0	0	0	0	0	0	0	0.936085792091654	0	0.829057351105538	0.763852558230111	0.987525288228499	0.981972563310326	0.50605945783144	0.835924146339088	0	0	0.826468728568117	0.822659439686121	0	0.502441512943598	0.948314206306551	0.904500420203595	0	0	0	0	0	0	0	0	0	0	0	0	0.94734682485355	0	0	0	0	0.576229144441257	0	0.51954719642429	0	0.848620352146396	0	0	0	0	0	0
0	0	0	0	0	0	0	0	0	0	0	0	0	0	0	0	0	0	0	0	0	0	0	0	0	0	0	0	0	0	0	0	0	0	0	0	0	0	0	0	0	0	0	0	0	0.775457738250125	0	0	0.876955436406665	0	0	0	0	0	0	0	0	0	0.888498067068122	0.731088686972366	0	0.881474103725729	0	0	0	0	0.75022960751609	0	0	0	0	0.897685300321699	0	0	0	0.952502512499978	0	0	0	0	0.600600075213901	0	0	0.771665919787833	0.628470673246755	0	0.702050850945534	0.839459173875982	0.781812095816575	0
0	0	0	0	0	0	0	0	0	0	0	0	0	0	0	0	0	0	0	0	0	0	0	0	0	0	0	0	0	0	0	0	0	0	0	0	0	0	0	0	0	0	0	0	0	0	0	0	0	0.981818873498267	0	0.780821199153387	0	0	0.529997869883751	0	0	0	0	0	0	0.876391331644287	0	0	0	0.649711754120223	0.669955637529031	0	0.942230906157185	0	0	0	0	0	0	0	0.9807174602806	0	0	0	0	0	0.708187795226933	0	0.946478278115287	0	0.823817585304421	0.989132467033238	0.696935503294609	0
0	0	0	0	0	0	0	0	0	0	0	0	0	0	0	0	0	0	0	0	0	0	0	0	0	0	0	0	0	0	0	0	0	0	0	0	0	0	0	0	0	0	0	0	0	0	0	0.690503554092536	0.98821124765399	0	0.571293305315138	0	0.540589498933111	0	0.668204373369297	0	0	0	0	0	0	0	0.510957284702037	0	0	0	0	0	0	0	0.859526219418796	0	0.902002906178884	0	0	0	0.9130229971572	0	0	0.585105967214342	0	0	0	0	0	0	0	0	0.670247444587285	0
0	0	0	0	0	0	0	0	0	0	0	0	0	0	0	0	0	0	0	0	0	0	0	0	0	0	0	0	0	0	0	0	0	0	0	0	0	0	0	0	0	0	0	0	0	0.815258908950383	0	0	0	0	0	0	0	0	0	0.665368226558651	0	0	0	0	0.738761643001194	0.615200901974092	0	0.637505879185407	0.832414922915316	0	0	0	0	0.55835575094077	0	0.690331348450065	0.936657949665832	0	0	0.540528443821287	0	0.970035857599906	0.771838968165835	0	0.862038239934764	0.552627397881863	0.850404034777235	0.528098489015114	0	0	0.620559226090783	0.995652740248726	0	0
0	0	0	0	0	0	0	0	0	0	0	0	0	0	0	0	0	0	0	0	0	0	0	0	0	0	0	0	0	0	0	0	0	0	0	0	0	0	0	0	0	0	0	0	0	0	0	0	0	0.769752533532463	0	0	0	0.696695398876709	0.858436855577765	0.933868008741586	0	0	0	0	0.540418409014332	0	0	0	0	0.800828393294751	0.851421298051255	0.750171349948106	0.650920730293671	0	0.524720099501631	0.917333717607331	0	0	0	0	0	0.701554107893026	0	0	0.950410286473317	0	0.817648970828995	0	0	0.936894392824317	0	0	0	0
0	0	0	0	0	0	0	0	0	0	0	0	0	0	0	0	0	0	0	0	0	0	0	0	0	0	0	0	0	0	0	0	0	0	0	0	0	0	0	0	0	0	0	0	0	0	0.714605055210556	0	0	0	0.903962173833259	0	0.602896319943238	0.61359033866899	0.886896540433335	0	0	0	0.766019213838505	0.531333326848523	0	0	0.82582572294308	0	0.827351860311816	0.627045348588732	0	0.554932391809615	0	0	0.593742555317533	0	0	0.597487378320177	0	0	0	0	0	0	0	0.908375658483233	0.559950482711223	0	0	0	0.667296025989393	0	0	0
0	0	0	0	0	0	0	0	0	0	0	0	0	0	0	0	0	0	0	0	0	0	0	0	0	0	0	0	0	0	0	0	0	0	0	0	0	0	0	0	0	0	0	0	0	0.920173145100979	0	0	0.918922537079993	0.912319466554853	0.727627323826531	0	0	0.723469575783473	0.916334025436885	0.715900606332585	0.652685379704129	0	0.514245316230368	0	0	0	0.563757144030203	0	0.503722196790842	0	0	0	0	0.883905073683267	0	0.798832274529721	0	0	0	0	0.864528756146642	0	0	0	0	0	0	0	0	0	0	0	0	0
0	0	0	0	0	0	0	0	0	0	0	0	0	0	0	0	0	0	0	0	0	0	0	0	0	0	0	0	0	0	0	0	0	0	0	0	0	0	0	0	0	0	0	0	0	0	0	0	0	0	0	0.500500049064779	0	0	0	0	0	0.851285289916148	0	0	0.548467805989079	0.999643788751859	0	0	0.76803040329605	0.668845837515826	0	0	0.93474323875946	0	0.727390835598486	0	0.823600852159694	0	0	0	0	0.742914480227342	0	0	0	0	0	0	0	0	0.768717239489293	0	0	0
0	0	0	0	0	0	0	0	0	0	0	0	0	0	0	0	0	0	0	0	0	0	0	0	0	0	0	0	0	0	0	0	0	0	0	0	0	0	0	0	0	0	0	0	0	0	0	0	0	0	0.829551877680707	0	0	0.993542593866412	0	0	0	0	0.526618091943646	0	0	0	0	0	0	0	0.712075458491101	0.981471655580158	0.861688436448308	0.645492241245016	0	0	0.846082140433607	0	0	0	0	0.715524247550293	0	0.6520463680882	0	0.626157394507224	0	0	0.944074860721589	0	0	0.824522154615833	0	0.556954225018079
0	0	0	0	0	0	0	0	0	0	0	0	0	0	0	0	0	0	0	0	0	0	0	0	0	0	0	0	0	0	0	0	0	0	0	0	0	0	0	0	0	0	0	0	0	0.519446617140255	0.915920875245304	0	0.798098865292149	0.759603005474402	0	0	0	0	0	0	0	0	0.633021772375644	0	0.740933723166582	0.988424090128232	0.710515695325576	0	0	0.677055950693042	0	0	0	0	0	0	0	0.849443665969466	0.708550444576642	0	0.950641921817215	0	0	0	0.732806906662675	0.746366924797923	0	0	0.80129602042187	0	0	0	0	0
0	0	0	0	0	0	0	0	0	0	0	0	0	0	0	0	0	0	0	0	0	0	0	0	0	0	0	0	0	0	0	0	0	0	0	0	0	0	0	0	0	0	0	0	0	0.898981258132895	0	0	0	0	0.883743216249881	0	0	0.979714971654342	0	0	0.842724761904154	0	0	0.594048150711112	0.976651401094354	0	0.743638972882253	0	0.993277772199314	0	0	0	0	0	0.672317297561997	0	0	0.889309796563094	0	0	0	0.991751676230301	0	0	0	0.550326174219556	0	0	0	0.773220458782861	0	0	0	0.900014559508069
0	0	0	0	0	0	0	0	0	0	0	0	0	0	0	0	0	0	0	0	0	0	0	0	0	0	0	0	0	0	0	0	0	0	0	0	0	0	0	0	0	0	0	0	0	0	0	0	0	0	0.53759544856612	0	0	0	0	0.709729910781794	0.815891027567925	0	0	0.619118589853183	0	0	0	0.555613054689915	0	0	0	0.963851625911914	0	0	0.871814194796861	0	0.575620537036997	0	0	0	0	0	0.916169391505865	0.761469229846278	0	0	0.69345978934134	0	0	0	0	0	0	0.916335188197718
0	0	0	0	0	0	0	0	0	0	0	0	0	0	0	0	0	0	0	0	0	0	0	0	0	0	0	0	0	0	0	0	0	0	0	0	0	0	0	0	0	0	0	0	0	0	0	0	0.729300122163241	0	0.884646303359026	0.748220344476308	0	0.850600608038145	0	0	0	0	0	0.779118225248833	0.50616671783207	0	0	0.619912989928404	0	0	0.60532708050153	0	0	0	0	0.665197917805259	0	0.516814815138477	0.921615929344534	0	0	0	0	0	0	0.95273775437696	0	0.595511094545445	0	0.853903215835041	0	0	0	0
0	0	0	0	0	0	0	0	0	0	0	0	0	0	0	0	0	0	0	0	0	0	0	0	0	0	0	0	0	0	0	0	0	0	0	0	0	0	0	0	0	0	0	0	0	0	0.704912774003569	0	0.839880609187311	0	0	0	0	0	0	0	0.993644952097573	0	0	0.961743871640602	0	0	0.645060467493247	0.747318818628898	0	0	0	0	0	0.586698734570985	0.849327572028589	0.991843497095995	0	0.914864758773021	0	0.769465180777411	0	0.649915661719625	0	0	0	0	0	0	0.750988487244067	0	0	0	0	0.597625323318773
0	0	0	0	0	0	0	0	0	0	0	0	0	0	0	0	0	0	0	0	0	0	0	0	0	0	0	0	0	0	0	0	0	0	0	0	0	0	0	0	0	0	0	0	0	0	0	0	0.50228044055655	0	0	0	0	0.577661507920918	0	0	0	0	0.78046262379681	0	0	0.791102026604443	0	0.534235205662249	0	0	0	0	0.655229190418419	0	0.713150627031455	0	0.966612310196011	0	0.93276751058345	0.923970234035721	0	0	0	0	0.893080151763726	0.943962401822283	0	0	0	0.681127271027138	0.738647640533691	0	0.720658635993126	0
0	0	0	0	0	0	0	0	0	0	0	0	0	0	0	0	0	0	0	0	0	0	0	0	0	0	0	0	0	0	0	0	0	0	0	0	0	0	0	0	0	0	0	0	0	0	0	0.517215182722948	0.58773983811791	0.95822203317452	0.535306534422045	0	0.546617806135606	0	0	0	0	0.917117758447066	0	0.84966867545632	0.907976273630025	0	0.82299225709079	0	0	0.871818509353577	0.675065450912302	0	0.596958489444914	0.927029188099067	0	0.758878544169276	0	0.626726598539923	0	0.759035902775661	0	0	0	0	0	0	0.763616843710572	0	0	0	0	0.929568760125221	0	0
0	0	0	0	0	0	0	0	0	0	0	0	0	0	0	0	0	0	0	0	0	0	0	0	0	0	0	0	0	0	0	0	0	0	0	0	0	0	0	0	0	0	0	0	0	0	0	0	0.527276134017668	0	0	0	0	0	0	0.770166276400763	0	0	0.715556296851243	0.977699556773926	0	0.919242432489257	0	0	0	0	0	0.850222590005186	0.66308268588385	0	0.751866939261212	0	0	0	0	0	0	0	0	0	0	0	0	0.998370661600725	0.689487334850073	0	0	0	0.74003426846351	0
0	0	0	0	0	0	0	0	0	0	0	0	0	0	0	0	0	0	0	0	0	0	0	0	0	0	0	0	0	0	0	0	0	0	0	0	0	0	0	0	0	0	0	0	0	0	0	0.50774481714138	0	0	0	0	0.828646227943053	0	0	0	0	0.750678495761649	0.705500697504759	0	0	0	0.56123486488893	0.536945709628584	0	0	0.826241487840646	0	0	0.897393171663627	0	0	0	0	0.723585749217638	0.775643034661839	0	0.554415219764272	0	0	0	0	0	0	0	0	0.84033489390395	0	0	0.949618200844514
0	0	0	0	0	0	0	0	0	0	0	0	0	0	0	0	0	0	0	0	0	0	0	0	0	0	0	0	0	0	0	0	0	0	0	0	0	0	0	0	0	0	0	0	0	0	0	0	0	0	0.554043199945584	0.524752168916721	0	0.53793878183247	0	0	0	0	0	0	0.797219216522915	0	0	0	0.658404108314444	0.907639650774076	0	0.573246695252749	0.812427425514111	0	0.939127384530969	0	0	0	0	0	0.938433650129309	0.925526946884367	0.973504050336664	0.536995636847734	0	0.735451201011726	0	0.830368887311864	0	0	0	0	0.808577332903863	0.510149413916942
0	0	0	0	0	0	0	0	0	0	0	0	0	0	0	0	0	0	0	0	0	0	0	0	0	0	0	0	0	0	0	0	0	0	0	0	0	0	0	0	0	0	0	0	0	0	0	0.837015374605244	0.804573170662115	0	0	0	0	0.546083124226507	0.717580544180536	0	0	0	0	0	0	0	0	0	0.504268966883923	0	0	0.93057204683086	0	0.574755515273658	0	0	0.609886732480183	0	0	0.610049702555556	0.733068718795867	0.537492883480049	0.888819305312499	0	0	0	0	0	0	0	0.79018116104556	0	0	0
0	0	0	0	0	0	0	0	0	0	0	0	0	0	0	0	0	0	0	0	0	0	0	0	0	0	0	0	0	0	0	0	0	0	0	0	0	0	0	0	0	0	0	0	0	0	0	0	0.878347891813545	0.937176465135788	0	0	0	0	0	0.615955308396414	0	0	0.596732983982946	0	0	0	0	0	0	0	0	0	0.870960779046137	0.701887877246464	0.657107047708701	0	0.627095003803185	0	0.969702646811604	0	0	0	0	0.828750274754807	0	0	0.957474020784956	0.828036595046057	0	0.891105664968064	0.827983599728146	0	0	0
0	0	0	0	0	0	0	0	0	0	0	0	0	0	0	0	0	0	0	0	0	0	0	0	0	0	0	0	0	0	0	0	0	0	0	0	0	0	0	0	0	0	0	0	0	0	0.944002145180732	0	0	0.917089515076624	0	0	0.625297990190957	0.518606081867792	0	0	0.606003854155737	0.619972980869228	0	0	0	0.748208046926461	0	0	0.531970421776953	0	0	0	0	0	0	0	0	0.568142063305698	0.782853948367	0	0	0	0	0	0	0.563009370290932	0	0	0.941866531702368	0	0.602130937580462	0.981773622960932	0.801530423328129	0
0	0	0	0	0	0	0	0	0	0	0	0	0	0	0	0	0	0	0	0	0	0	0	0	0	0	0	0	0	0	0	0	0	0	0	0	0	0	0	0	0	0	0	0	0	0	0.921627917649528	0.98986070970327	0	0	0	0	0	0	0	0	0	0	0.763841051680226	0.737641657303542	0	0	0.63271289448829	0.584067949196956	0	0.674778989346604	0	0	0.901224206456701	0	0	0	0.874490666928463	0.917174624586642	0.76692292417332	0	0	0	0.722546343682288	0	0	0	0.549776731620446	0	0.611256673963717	0	0	0	0.547005584957247	0.857863732455509
0	0	0	0	0	0	0	0	0	0	0	0	0	0	0	0	0	0	0	0	0	0	0	0	0	0	0	0	0	0	0	0	0	0	0	0	0	0	0	0	0	0	0	0	0	0	0	0.601164755372323	0	0	0.778694108902265	0.884238455047611	0	0	0	0	0	0	0.785377337467331	0	0	0	0	0	0	0	0.981769616479186	0	0	0	0	0	0	0.581333595631529	0.646259952107054	0	0	0.651415831281216	0	0	0	0	0	0	0.963672645345528	0.851041767584744	0.732555397447982	0	0	0.661891295425571
0	0	0	0	0	0	0	0	0	0	0	0	0	0	0	0	0	0	0	0	0	0	0	0	0	0	0	0	0	0	0	0	0	0	0	0	0	0	0	0	0	0	0	0	0	0	0.870345380427824	0	0	0.679343539315436	0	0	0	0	0.698759275951652	0	0	0.777785349481694	0	0	0	0	0	0.592940273808437	0	0	0.814446847795151	0	0	0	0	0	0	0.506079345248005	0	0.673564900715761	0	0	0	0	0.55053883727955	0.994106124158153	0	0	0	0	0	0	0	0.646256418795292
0	0	0	0	0	0	0	0	0	0	0	0	0	0	0	0	0	0	0	0	0	0	0	0	0	0	0	0	0	0	0	0	0	0	0	0	0	0	0	0	0	0	0	0	0	0.510876853759894	0.646163779110624	0	0	0.847388933555475	0	0	0	0	0	0.968993224280761	0	0	0.943688437436343	0.764039963823077	0	0	0	0	0.525776381779395	0	0	0	0	0.843072518350687	0	0	0	0	0	0	0	0	0	0.745256062041784	0	0.706297471908598	0	0	0	0	0.863800548839899	0.930081864540498	0	0.914034582490545
0	0	0	0	0	0	0	0	0	0	0	0	0	0	0	0	0	0	0	0	0	0	0	0	0	0	0	0	0	0	0	0	0	0	0	0	0	0	0	0	0	0	0	0	0	0	0	0	0	0	0	0	0	0	0.579743913897082	0	0	0	0.877190215396704	0	0.855972047299547	0	0	0.686924983476819	0.762301791266045	0.565731169738799	0	0.758829860561784	0	0.748477022351399	0	0	0	0.663906600673758	0	0	0.542459162981876	0	0	0.937710108025374	0.60826359520272	0	0.80636295673763	0	0	0	0	0.790781876441866	0.930857618243557	0.573613418928706
0	0	0	0	0	0	0	0	0	0	0	0	0	0	0	0	0	0	0	0	0	0	0	0	0	0	0	0	0	0	0	0	0	0	0	0	0	0	0	0	0	0	0	0	0	0	0	0	0	0.800527500239645	0.906316409482258	0	0	0	0	0	0.515085621252163	0	0.658658923175174	0.597805364277186	0.868044805187504	0	0	0	0	0	0.914205809808183	0	0	0	0.576715235854792	0	0	0	0	0.671746810795338	0	0.668535880149461	0	0	0	0.629583872671789	0	0.978380249240773	0	0	0	0	0	0.812840882898757
0	0	0	0	0	0	0	0	0	0	0	0	0	0	0	0	0	0	0	0	0	0	0	0	0	0	0	0	0	0	0	0	0	0	0	0	0	0	0	0	0	0	0	0	0	0	0.802559414247262	0	0.62765269345445	0	0	0.888836973197981	0.510314128333098	0	0.821212871376954	0.643937391671402	0	0	0.689879333999099	0	0	0	0	0	0	0	0	0.910174300711212	0	0	0	0.634782076280919	0	0.812432741354066	0	0.781825764387839	0	0	0	0	0	0	0.532004982248977	0	0	0	0	0	0	0
0	0	0	0	0	0	0	0	0	0	0	0	0	0	0	0	0	0	0	0	0	0	0	0	0	0	0	0	0	0	0	0	0	0	0	0	0	0	0	0	0	0	0	0	0	0	0	0.848953079897354	0	0	0	0	0	0	0	0.923194003165562	0.696803843044737	0	0	0	0	0	0	0.866373310462078	0.90883085179154	0	0	0	0.940479753061664	0	0	0.64342783911474	0	0	0	0	0.964307130961537	0.530719075330753	0.749351943235596	0	0	0	0	0	0	0.585020857714427	0	0	0	0.788557780922427
0	0	0	0	0	0	0	0	0	0	0	0	0	0	0	0	0	0	0	0	0	0	0	0	0	0	0	0	0	0	0	0	0	0	0	0	0	0	0	0	0	0	0	0	0	0	0	0	0.535554314209322	0	0	0.58784687573087	0	0	0	0	0	0	0	0.575686703685464	0	0	0	0	0	0.907383924152387	0	0.677173607144694	0	0.870115111321296	0	0	0	0	0	0.693211124714855	0	0	0.502762801670525	0	0	0	0	0	0.693506690414348	0	0.514033288013932	0	0.890262537521643	0
0	0	0	0	0	0	0	0	0	0	0	0	0	0	0	0	0	0	0	0	0	0	0	0	0	0	0	0	0	0	0	0	0	0	0	0	0	0	0	0	0	0	0	0	0	0	0	0.921450703321228	0	0	0.602601600675237	0	0	0.960811251002267	0	0.73112442660492	0.808868553692356	0	0.836914127314094	0	0.828450384094365	0	0.635297970793968	0	0	0	0	0	0	0.860635332795159	0	0	0.905341227043866	0	0.712191416042683	0.574351074204454	0.757880909231051	0	0.524944130698387	0	0.944884932084276	0	0	0	0	0.845018941556924	0	0.850099155173401	0.614744714258893	0
0	0	0	0	0	0	0	0	0	0	0	0	0	0	0	0	0	0	0	0	0	0	0	0	0	0	0	0	0	0	0	0	0	0	0	0	0	0	0	0	0	0	0	0	0	0	0	0	0.58867838892844	0.761515904443524	0	0	0	0	0	0.972972632885033	0.822425080844298	0	0.934398654734533	0	0	0	0	0.851663364964634	0	0	0	0	0	0	0.571840240405274	0	0	0	0	0	0.80500341021321	0	0	0	0.955281774149392	0.944089491965613	0	0	0	0	0.698332286024231	0	0.840020060143733	0
0	0	0	0	0	0	0	0	0	0	0	0	0	0	0	0	0	0	0	0	0	0	0	0	0	0	0	0	0	0	0	0	0	0	0	0	0	0	0	0	0	0	0	0	0	0.824205772984866	0	0	0	0	0.994805914101099	0	0	0	0	0.631070838581767	0.513717874178675	0.804618666305934	0	0	0	0	0	0	0	0	0	0	0	0.843032557624092	0	0.767088484074483	0	0.720274696547268	0	0	0.779940506413419	0.804975922877222	0	0	0	0.808863691362634	0	0	0	0.510939278769424	0.576079416297793	0.748875448031946	0	0
0	0	0	0	0	0	0	0	0	0	0	0	0	0	0	0	0	0	0	0	0	0	0	0	0	0	0	0	0	0	0	0	0	0	0	0	0	0	0	0	0	0	0	0	0	0	0	0.5558624177522	0	0	0	0	0	0	0	0	0	0	0	0	0	0	0	0.812117093743068	0	0.905212134603888	0.607692335280489	0	0.62331816207064	0	0	0	0.535102035312762	0.585425036635014	0	0	0	0.788710818810467	0.524535545981475	0.899774721369093	0.541978678789497	0.59574691896647	0.516387083590987	0	0.539196289146632	0	0	0	0	0
