0	0.944114822705347	0.810040943206987	0.826937395143911	0.948177314420615	0.80189207583006	0.648992036400496	0.996379395763367	0	0	0	0	0	0	0	0	0	0	0	0	0	0	0	0	0	0	0	0	0	0	0	0	0	0	0	0	0	0	0.975346549754028	0.592387066121147	0.852052708267935	0.539307955778364	0.564456060407357	0.508314592428888	0.86186245076853	0	0	0	0	0	0	0	0	0	0	0	0	0	0	0	0	0	0	0	0	0	0	0	0	0	0	0	0	0	0	0	0	0	0	0	0	0	0	0	0	0	0	0	0	0
0.811155608307129	0	0.798206461115715	0.890142534838019	0.585650173967756	0.540701356651652	0.903629826258482	0.773132942139447	0.719652746718609	0	0	0	0	0	0	0	0	0	0	0	0	0	0	0	0	0	0	0	0	0	0	0	0	0	0	0	0	0	0	0	0.505699278762214	0.503787933030886	0.778748932109254	0.868800523832896	0.956837203904529	0	0	0	0	0	0	0	0	0	0	0	0	0	0	0	0	0	0	0	0	0	0	0	0	0	0	0	0	0	0	0	0	0	0	0	0	0	0	0	0	0	0	0	0	0
0.669113864398627	0.986283791221216	0	0.809324730604895	0.834605535070814	0.644962819282253	0.926276883894216	0.660762773812474	0.843058790469081	0.650562633094483	0	0	0	0	0	0	0	0	0	0	0	0	0	0	0	0	0	0	0	0	0	0	0	0	0	0	0	0	0	0	0.806724142908941	0.861909497846258	0.517247658667685	0.731736147804297	0.858933093804487	0	0	0	0	0	0	0	0	0	0	0	0	0	0	0	0	0	0	0	0	0	0	0	0	0	0	0	0	0	0	0	0	0	0	0	0	0	0	0	0	0	0	0	0	0
0.611935676957896	0.610582746617733	0.593939787381701	0	0.63166427735622	0.823652189430495	0.871100375144161	0.719229140157458	0.717511360145317	0.959251394981932	0.52256870323568	0	0	0	0	0	0	0	0	0	0	0	0	0	0	0	0	0	0	0	0	0	0	0	0	0	0	0	0	0	0	0.624690375039097	0.747642557955896	0.50557208140024	0.579677925411073	0	0	0	0	0	0	0	0	0	0	0	0	0	0	0	0	0	0	0	0	0	0	0	0	0	0	0	0	0	0	0	0	0	0	0	0	0	0	0	0	0	0	0	0	0
0.644836694076787	0.518630474874118	0.700435550602963	0.725714043867873	0	0.802667772438001	0.884649051099643	0.816364351477749	0.898771804174052	0.656929403899494	0.881417161024741	0.822294358309587	0	0	0	0	0	0	0	0	0	0	0	0	0	0	0	0	0	0	0	0	0	0	0	0	0	0	0	0	0	0	0.899231832486272	0.605544990315454	0.67805062735795	0	0	0	0	0	0	0	0	0	0	0	0	0	0	0	0	0	0	0	0	0	0	0	0	0	0	0	0	0	0	0	0	0	0	0	0	0	0	0	0	0	0	0	0	0
0.905390218967243	0.951469082367601	0.956336198530852	0.638975005933109	0.892111720696244	0	0.660070144305299	0.856475534576249	0.594987200433413	0.886558425718385	0.779654952591107	0.983868826511412	0.549416145717049	0	0	0	0	0	0	0	0	0	0	0	0	0	0	0	0	0	0	0	0	0	0	0	0	0	0	0	0	0	0	0.86975341627188	0.717872408925241	0	0	0	0	0	0	0	0	0	0	0	0	0	0	0	0	0	0	0	0	0	0	0	0	0	0	0	0	0	0	0	0	0	0	0	0	0	0	0	0	0	0	0	0	0
0.888983090345496	0.654841207047481	0.896377834020487	0.863287395549276	0.583491443945158	0.920439307531015	0	0.616880593418696	0.992489903436218	0	0.936776941944693	0.536292931052089	0.734409449029146	0.802094025130887	0	0	0	0	0	0	0	0	0	0	0	0	0	0	0	0	0	0	0	0	0	0	0	0	0	0	0	0	0	0.594175762981134	0.871651197089291	0	0	0	0	0	0	0	0	0	0	0	0	0	0	0	0	0	0	0	0	0	0	0	0	0	0	0	0	0	0	0	0	0	0	0	0	0	0	0	0	0	0	0	0	0
0.69800200635177	0.749441961749898	0.733599617019626	0.911647878397113	0.509257048251904	0.919519001596658	0.992451648418816	0	0.808237236330805	0.752319803189992	0.621325918940814	0.848936362706256	0.865547715745391	0.651803401014894	0.843705144553777	0	0	0	0	0	0	0	0	0	0	0	0	0	0	0	0	0	0	0	0	0	0	0	0	0	0	0	0	0	0	0	0	0	0	0	0	0	0	0	0	0	0	0	0	0	0	0	0	0	0	0	0	0	0	0	0	0	0	0	0	0	0	0	0	0	0	0	0	0	0	0	0	0	0	0
0	0.613603950653615	0.956730141089154	0.580655664797783	0.749475769881066	0.830204748524837	0.597784954603319	0.658485172299066	0	0.569465153340111	0.855166981264411	0.921680519324274	0.845077588360069	0.565704145015761	0.831544729742194	0.998395162223797	0	0	0	0	0	0	0	0	0	0	0	0	0	0	0	0	0	0	0	0	0	0	0	0	0	0	0	0	0	0	0	0	0	0	0	0	0	0	0	0	0	0	0	0	0	0	0	0	0	0	0	0	0	0	0	0	0	0	0	0	0	0	0	0	0	0	0	0	0	0	0	0	0	0
0	0	0.709538780085053	0.903704435082524	0.822618064418693	0.855865745006518	0	0.976194414007642	0.511158790959433	0	0.991944720341106	0.629054514643294	0.904414901801608	0.563236003698695	0.942311422981789	0.614013218065381	0.572818054109271	0	0	0	0	0	0	0	0	0	0	0	0	0	0	0	0	0	0	0	0	0	0	0	0	0	0	0	0	0	0	0	0	0	0	0	0	0	0	0	0	0	0	0	0	0	0	0	0	0	0	0	0	0	0	0	0	0	0	0	0	0	0	0	0	0	0	0	0	0	0	0	0	0
0	0	0	0.880739230733314	0.788951140313814	0.534360351936939	0.959492495155077	0.726145914820886	0.510763369044321	0.620512430801054	0	0.630009241327484	0.695506750096598	0.634902687890983	0.882148727096815	0.607739301340788	0.692188796458967	0.514861214156756	0	0	0	0	0	0	0	0	0.574648638684332	0	0	0	0	0	0	0	0	0	0	0	0	0	0	0	0	0	0	0	0	0	0	0	0	0	0	0	0	0	0	0	0	0	0	0	0	0	0	0	0	0	0	0	0	0	0	0	0	0	0	0	0	0	0	0	0	0	0	0	0	0	0	0
0	0	0	0	0.964352417592818	0.767606564242851	0.718890953127439	0.531425734192661	0.562880823663666	0.794927090371913	0.886426902300876	0	0.892613700115846	0.640999227744208	0.645499420832968	0.536899454237773	0.886422073916969	0.99446706140944	0.572719448914208	0	0	0	0	0	0	0	0	0	0	0	0	0	0	0	0	0	0	0	0	0	0	0	0	0	0	0	0	0	0	0	0	0	0	0	0	0	0	0	0	0	0	0	0	0	0	0	0	0	0	0	0	0	0	0	0	0	0	0	0	0	0	0	0	0	0	0	0	0	0	0
0	0	0	0	0	0.504294220098189	0.637001524815729	0.633148402917999	0.578089481357708	0.616835562209179	0.53790653137238	0.827199180185711	0	0.92006556531509	0.56120285701213	0.951272665643448	0.873402906403471	0.951169992045406	0.937215349501297	0.873679618390533	0	0	0	0	0	0	0	0	0	0	0	0	0	0	0	0	0	0	0	0	0	0	0	0	0	0	0	0	0	0	0	0	0	0	0	0	0	0	0	0	0	0	0	0	0	0	0	0	0	0	0	0	0	0	0	0	0	0	0	0	0	0	0	0	0	0	0	0	0	0
0	0	0	0	0	0	0.97270997088561	0.804229441023373	0.693814668518112	0.668265778923345	0.641136152740814	0.921268013210677	0.66195254677589	0	0.797699217476719	0.801733876536595	0.614587295467679	0.935932941459291	0.64137662194265	0.987999038563379	0.931261053119856	0	0	0	0	0	0	0	0	0	0	0	0	0	0	0	0	0	0	0	0	0	0	0	0	0	0	0	0	0	0	0	0	0	0	0	0	0	0	0	0	0	0	0	0	0	0	0	0	0	0	0	0	0	0	0	0	0	0	0	0	0	0	0	0	0	0	0	0	0
0	0	0	0	0	0	0	0.770436796399304	0.529336739815	0.60557531390174	0.980253307461856	0.918049495513142	0.613192741446509	0.73223779894375	0	0.558655435120218	0.716711792315154	0.864570009900662	0.596704884758971	0.678795308701031	0.609483020378242	0.827811340287697	0	0	0	0	0	0	0	0	0	0	0	0	0	0	0	0	0	0	0	0	0	0	0	0	0	0	0	0	0	0	0	0	0	0	0	0	0	0	0	0	0	0	0	0	0	0	0	0	0	0	0	0	0	0	0	0	0	0	0	0	0	0	0	0	0	0	0	0
0	0	0	0	0	0	0	0	0.96514073458569	0.872917447615751	0.780226683509932	0.932351325730799	0.854152500648945	0.590967279895535	0.831100732463712	0	0.719925957346911	0.794937633475087	0.970668959854043	0.607208345027776	0.906668281874361	0.762308434149416	0.860425501945173	0	0	0	0	0	0	0	0	0	0	0	0	0	0	0	0	0	0	0	0	0	0	0	0	0	0	0	0	0	0	0	0	0	0	0	0	0	0	0	0	0	0	0	0	0	0	0	0	0	0	0	0	0	0	0	0	0	0	0	0	0	0	0	0	0	0	0
0	0	0	0	0	0	0	0	0	0.808820708324834	0.84291344697722	0.788446098931337	0.584190531794845	0.716862091264327	0.612960582916035	0.848548744976227	0	0.608169744847982	0.58198703525057	0.696386763129457	0.919220589343472	0.654398005863091	0.540257450128034	0.774720329568744	0	0	0	0	0	0	0	0	0	0	0.99313770009695	0	0	0	0	0	0	0	0	0	0	0	0	0	0	0	0	0	0	0	0	0	0	0	0	0	0	0	0	0	0	0	0	0	0	0	0	0	0	0	0	0	0	0	0	0	0	0	0	0	0	0	0	0	0	0
0	0	0	0	0	0	0	0	0	0	0.71687244717323	0.744234542876344	0.603108076084099	0.593213098161604	0.996148266753148	0.803051751945549	0.833948163774445	0	0.738454540070053	0.652804910063593	0.701866555939078	0.573299077050218	0.734070226045115	0.582763416039996	0.534022965644651	0	0	0	0	0	0	0	0	0	0	0	0	0	0	0	0	0	0	0	0	0	0	0	0	0	0	0	0	0	0	0	0	0	0	0	0	0	0	0	0	0	0	0	0	0	0	0	0	0	0	0	0	0	0	0	0	0	0	0	0	0	0	0	0	0
0	0	0	0	0	0	0	0	0	0	0	0.849582223968014	0.609759544052213	0.553356214961605	0.597669180069659	0.64539949037448	0.98094037958536	0.67129967180243	0	0.75101034330938	0.954162716280516	0.679410313894502	0.711252540640236	0.879781036619724	0.749209882719932	0.847551264643919	0	0	0	0	0	0	0	0	0	0	0	0	0	0	0	0	0	0	0	0	0	0	0	0	0	0	0	0	0	0	0	0	0	0	0	0	0	0	0	0	0	0	0	0	0	0	0	0	0	0	0	0	0	0	0	0	0	0	0	0	0	0	0	0
0	0	0	0	0	0	0	0	0	0	0	0	0.854891768616448	0.558643891495829	0.530061997192948	0.650129649309454	0.557152552614006	0.57583136222318	0.575939470523409	0	0.669123298002776	0.799904681279604	0.841667173026661	0.660820796691191	0.808261016221297	0.703244671147744	0.96979098814389	0	0	0	0	0	0	0	0	0	0	0	0	0	0	0	0	0	0	0	0	0	0	0	0	0	0	0	0	0	0	0	0	0	0	0	0	0	0	0	0	0	0	0	0	0	0	0	0	0	0	0	0	0	0	0	0	0	0	0	0	0	0	0
0	0	0	0	0	0	0	0	0	0	0	0	0	0.927539489602788	0.997861143202813	0.894870384199509	0.592242922407508	0.605850172348425	0.817628337802681	0.743005180450736	0	0.576008749508442	0.735313474724593	0.94282178298586	0.727478673218189	0.936832516087235	0.734165638463343	0.702059192793363	0	0	0	0	0	0	0	0	0	0	0	0	0	0	0	0	0	0	0	0	0	0	0	0	0	0	0	0	0	0	0	0	0	0	0	0	0	0	0	0	0	0	0	0	0	0	0	0	0	0	0	0	0	0	0	0	0	0	0	0	0	0
0	0	0	0	0	0	0	0	0	0	0	0	0	0	0.983057868155002	0.664261117640085	0.607427734149194	0.927446693911194	0.606213410804002	0.868881819308852	0.704497194294816	0	0.862488447892432	0.980406161941638	0.822656945220847	0.93154268341836	0.768509088285636	0.518461204306282	0.990589819734658	0	0	0	0	0	0	0	0	0	0	0	0	0	0	0	0	0	0	0	0	0	0	0	0	0	0	0	0	0	0	0	0	0	0	0	0	0	0	0	0	0	0	0	0	0	0	0	0	0	0	0	0	0	0	0	0	0	0	0	0	0
0	0	0	0	0	0	0	0	0	0	0	0	0	0	0	0.531938072073349	0.815348666585947	0.731102783142562	0.821682534838366	0.776118834032399	0.551464352291132	0.923413264775846	0	0.66869955964351	0.571180505907921	0.748375102925728	0.864094180472111	0.864835986398347	0.988397451974874	0.700578653653883	0	0	0	0	0	0	0	0	0	0	0	0	0	0	0	0	0	0	0	0	0	0	0	0	0	0	0	0	0	0	0	0	0	0	0	0	0	0	0	0	0	0	0	0	0	0	0	0	0	0	0	0	0	0	0	0	0	0	0	0
0	0	0	0	0	0	0	0	0	0	0	0	0	0	0	0	0.696486494881869	0.587693585429572	0.729407295108531	0.648557520709075	0.915048403238229	0.795093175123282	0.783802140853229	0	0.520878274744991	0.588221618466804	0.997612324346637	0.872602013867458	0.770685381412255	0.769332013510012	0.548584853841974	0	0.537246132537083	0	0	0	0	0	0	0	0	0	0	0	0	0	0	0	0	0	0	0	0	0	0	0	0	0	0	0	0	0	0	0	0	0	0	0	0	0	0	0	0	0	0	0	0	0	0	0	0	0	0	0	0	0	0	0	0	0
0	0	0	0	0	0	0	0	0	0	0	0	0	0	0	0	0	0.620061083176307	0.689602529733927	0.586470557292227	0.620370575109818	0.855593823959309	0.566214640838664	0.898635360215791	0	0.677984700878041	0.586478002826092	0.764072032511599	0.542791578000816	0.565268199453717	0.91098403128846	0.905716289686693	0	0	0	0	0	0	0	0	0	0	0	0	0	0	0	0	0	0	0	0	0	0	0	0	0	0	0	0	0	0	0	0	0	0	0	0	0	0	0	0	0	0	0	0	0	0	0	0	0	0	0	0	0	0	0	0	0	0
0	0	0	0	0	0	0	0	0	0	0	0	0	0	0	0	0	0	0.760178704391724	0.791749573902206	0.604132899689628	0.786127228577344	0.932239419109527	0.525978823733025	0.895108184871813	0	0.64111645425819	0.753410664203684	0.589912715375473	0.597158764712542	0.901371797392719	0.800876434392694	0.592665144591569	0	0	0	0	0	0	0	0	0	0	0	0	0	0	0	0	0	0	0	0	0	0	0	0	0	0	0	0	0	0	0	0	0	0	0	0	0	0	0	0	0	0	0	0	0	0	0	0	0	0	0	0	0	0	0	0	0
0	0	0	0	0	0	0	0	0	0	0.552459571172289	0	0	0	0	0	0	0	0	0.585324209222925	0.816707865332968	0.865199200286886	0.846743880029062	0.784227505686584	0.506675654214338	0.633938251555336	0	0.522892594935847	0.870872755051906	0.908671129194785	0.935709860983664	0.791260610155194	0	0.714805123242093	0	0	0	0	0	0	0	0	0	0	0	0	0	0	0	0	0	0	0	0	0	0	0	0	0	0	0	0	0	0	0	0	0	0	0	0	0	0	0	0	0	0	0	0	0	0	0	0	0	0	0	0	0	0	0	0
0	0	0	0	0	0	0	0	0	0	0	0	0	0	0	0	0	0	0	0	0.652983931669881	0.912699617612739	0.605331412260913	0.946151764645478	0.95454559483237	0.838049184231693	0.704332534141341	0	0.678457517799085	0.642082821140716	0.980302543429709	0.970702466143796	0.658703090852413	0.523975739042196	0.602722717868248	0	0	0	0	0	0	0	0	0	0	0	0	0	0	0	0	0	0	0	0	0	0	0	0	0	0	0	0	0	0	0	0	0	0	0	0	0	0	0	0	0	0	0	0	0	0	0	0	0	0	0	0	0	0	0
0	0	0	0	0	0	0	0	0	0	0	0	0	0	0	0	0	0	0	0	0	0.841375726664241	0.851392743537856	0.911455831280443	0.767377959777489	0.950571134838917	0.876196153107121	0.954407269793183	0	0.574344012574634	0.539572549650582	0.655375656475583	0.542127548203568	0	0.675249323466155	0.77925886743831	0	0	0	0.738335695351757	0	0	0.602770378157721	0	0	0	0	0	0	0	0	0	0	0	0	0	0	0	0	0	0	0	0	0	0	0	0	0	0	0	0	0	0	0	0	0	0	0	0	0	0	0	0	0	0	0	0	0	0	0
0	0	0	0	0	0	0	0	0	0	0	0	0	0	0	0	0	0	0	0	0	0	0.577304687091631	0.978937172925838	0.752832899178291	0.856331401733757	0.911319283753627	0.690375152570567	0.967793444083624	0	0.549711808765662	0.589184300349012	0.612269291239098	0.600848710557282	0.842128887903394	0.631335603360751	0.723839734372505	0	0	0	0	0	0	0	0	0	0	0	0	0	0	0	0	0	0	0	0	0	0	0	0	0	0	0	0	0	0	0	0	0	0	0	0	0	0	0	0	0	0	0	0	0	0	0	0	0	0	0	0	0
0	0	0	0	0	0	0	0	0	0	0	0	0	0	0	0	0	0	0	0	0	0	0	0.99250533207178	0.607904797284161	0.520865050053423	0.927103239857857	0.546532568071438	0.699836696823275	0.856975046387258	0	0.593993254042354	0.755704804271195	0.783593159183999	0.966040421247724	0.696877025648268	0.92847010906468	0.803632276835934	0	0	0	0	0	0	0	0	0	0	0	0	0	0	0	0	0	0	0	0	0	0	0	0	0	0	0	0	0	0	0	0	0	0	0	0	0	0	0	0	0	0	0	0	0	0	0	0	0	0	0	0
0	0	0	0	0	0	0	0	0	0	0	0	0	0	0	0	0	0	0	0	0	0	0	0	0.578220239166893	0.565482634733522	0.954385556904524	0.59685324149985	0.781546762437702	0.515005218888304	0.786521031517558	0	0.616241777368686	0.74926837412164	0.776794903693969	0.953109617088694	0.806467301964289	0.799911766572107	0.820044282551322	0	0	0	0	0	0	0	0	0	0	0	0	0	0	0	0	0	0	0	0	0	0	0	0	0	0	0	0	0	0	0	0	0	0	0	0	0	0	0	0	0	0	0	0	0	0	0	0	0	0	0
0	0	0	0	0	0	0	0	0	0	0	0	0	0	0	0	0	0	0	0	0	0	0	0.902677379474634	0	0.679147754727754	0	0.830751170293047	0.743551968306918	0.908730716849587	0.899624125091328	0.82810998023259	0	0.835732167224367	0.765344641283935	0.551477700579128	0.930893565615824	0.998912066743136	0.58773504297453	0	0	0	0	0	0	0	0	0	0	0	0	0	0	0	0	0	0	0	0	0	0	0	0	0	0	0	0	0	0	0	0	0	0	0	0	0	0	0	0	0	0	0	0	0	0	0	0	0	0	0
0	0	0	0	0	0	0	0	0	0	0	0	0	0	0	0	0	0	0	0	0	0	0	0	0	0	0.795481305443033	0.925139229168726	0	0.51180717175827	0.619444472762807	0.779830972536267	0.756101528002811	0	0.60865364577563	0.856875294083981	0.929847259693951	0.773231940126321	0.970673514949527	0.925118760526415	0.738946803840422	0	0	0	0	0	0	0	0	0	0	0	0	0	0	0	0	0	0	0	0	0	0	0	0	0	0	0	0	0	0	0	0	0	0	0	0	0	0	0	0	0	0	0	0	0	0	0	0	0
0	0	0	0	0	0	0	0	0	0	0	0	0	0	0	0	0.652029725779233	0	0	0	0	0	0	0	0	0	0	0.541580673731174	0.840097933833785	0.525568922757428	0.707414052189125	0.949753998171133	0.723043706528622	0.684029274221907	0	0.58108890780167	0.715532704522329	0.784587457454154	0.557193166877405	0.950145503241427	0	0.896288267145561	0	0	0	0	0	0	0	0	0	0	0	0	0	0	0	0	0	0	0	0	0	0	0	0	0	0	0	0	0	0	0	0	0	0	0	0	0	0	0	0	0	0	0	0	0	0	0	0
0	0	0	0	0	0	0	0	0	0	0	0	0	0	0	0	0	0	0	0	0	0	0	0	0	0	0	0	0.818720237783653	0.938152331074319	0.546994304884917	0.728391669106719	0.587201849912943	0.866820873850475	0.835217617523179	0	0.722811191602606	0.905321926182382	0.962912727793448	0.550586187641255	0.975882039756199	0.766551042353327	0.986028865606341	0	0	0	0	0	0	0	0	0	0	0	0	0	0	0	0	0	0	0	0	0	0	0	0	0	0	0	0	0	0	0	0	0	0	0	0	0	0	0	0	0	0	0	0	0	0	0
0	0	0	0	0	0	0	0	0	0	0	0	0	0	0	0	0	0	0	0	0	0	0	0	0	0	0	0	0	0.728257960336249	0.883852909163121	0.848010278959012	0.554702996140737	0.770939859713017	0.607411420407998	0.789186905774337	0	0.504074554708241	0.971326703056105	0.739549037254584	0.634416998060236	0.772545621268497	0.744468654331158	0.558358502830092	0	0	0	0	0	0	0	0	0	0	0	0	0	0	0	0	0	0	0	0	0	0	0	0	0	0	0	0	0	0	0	0	0	0	0	0	0	0	0	0	0	0	0	0	0	0
0	0	0	0	0	0	0	0	0	0	0	0	0	0	0	0	0	0	0	0	0	0	0	0	0	0	0	0	0	0	0.72670282400265	0.952953329996063	0.921186150711685	0.796861957816983	0.931764183824361	0.98209152517555	0.928696982166855	0	0.570191313083958	0.50825646900019	0.837944944289607	0.835453335999772	0.739196828226238	0.932015548692605	0.977751963899981	0	0	0	0	0	0	0	0	0	0	0	0	0	0	0	0	0	0	0	0	0	0	0	0	0	0	0	0	0	0	0	0	0	0	0	0	0	0	0	0	0	0	0	0	0
0.914278369258838	0	0	0	0	0	0	0	0	0	0	0	0	0	0	0	0	0	0	0	0	0	0	0	0	0	0	0	0	0	0	0.577512606385526	0.801436539366867	0.819508088990093	0.711717868921239	0.529641187799768	0.518030152805915	0.673286490972526	0	0.590851053998604	0.680345147326985	0.737283333547007	0.946465159578867	0.99418201193685	0.594950601059749	0	0	0	0	0	0	0	0	0	0	0	0	0	0	0	0	0	0	0	0	0	0	0	0	0	0	0	0	0	0	0	0	0	0	0	0	0	0	0	0	0	0	0	0	0
0.557140374722534	0	0	0	0	0	0	0	0	0	0	0	0	0	0	0	0	0	0	0	0	0	0	0	0	0	0	0	0.957267120858246	0	0	0	0	0.607541619546549	0.557076645065384	0.831445287699239	0.72883192069384	0.85988744281345	0.787573586728554	0	0.721654521382601	0.811570634583543	0.983611459466028	0.552813388973347	0.79724398655586	0	0	0	0	0	0	0	0	0	0	0	0	0	0	0	0	0	0	0	0	0	0	0	0	0	0	0	0	0	0	0	0	0	0	0	0	0	0	0	0	0	0	0	0	0
0.776344438979401	0.786644289681551	0.863102142089083	0	0	0	0	0	0	0	0	0	0	0	0	0	0	0	0	0	0	0	0	0	0	0	0	0	0	0	0	0	0	0.57694979212841	0	0.854834079389694	0.865566377491086	0.726445911664437	0.727804827438004	0.574832819689032	0	0.755140666427991	0.772898748239434	0.764704454912475	0.695110957468993	0	0	0	0	0	0	0	0	0	0	0	0	0	0	0	0	0	0	0	0	0	0	0	0	0	0	0	0	0	0	0	0	0	0	0	0	0	0	0	0	0	0	0	0	0
0.797358530750093	0.946614949375344	0.800833368226719	0.747195978871853	0	0	0	0	0	0	0	0	0	0	0	0	0	0	0	0	0	0	0	0	0	0	0	0	0	0	0	0	0	0	0.521964366153391	0.917841272069569	0.875957359060831	0.91922086077064	0.857515066217146	0.608545428506062	0.515261154899327	0	0.956201288210101	0.616212191465373	0.559205461603607	0	0	0	0	0	0	0	0	0	0	0	0	0	0	0	0	0	0	0	0	0	0	0	0	0	0	0	0	0	0	0	0	0	0	0	0	0	0	0	0	0	0	0	0	0
0.6837787345204	0.676115073515301	0.637410425577016	0.973163708043875	0.796443258665984	0	0	0	0	0	0	0	0	0	0	0	0	0	0	0	0	0	0	0	0	0	0	0	0.710850454002835	0	0	0	0	0	0	0.981381534700543	0.548728788629663	0.849496233341381	0.857979261884825	0.900347457218485	0.579861897488772	0.767881829018446	0	0.545827496383042	0.887822968950925	0	0	0	0	0	0	0	0	0	0	0	0	0	0	0	0	0	0	0	0	0	0	0	0	0	0	0	0	0	0	0	0	0	0	0	0	0	0	0	0	0	0	0	0	0
0.904014338963675	0.830901580682653	0.962865342094119	0.6005071072623	0.828935587858528	0.55592111694059	0.881877573943419	0	0	0	0	0	0	0	0	0	0	0	0	0	0	0	0	0	0	0	0	0	0	0	0	0	0	0	0	0	0.534989591111928	0.643318634310445	0.818777521618617	0.712418844875267	0.850200006573161	0.522417199231758	0.593572550667064	0	0.636606855117294	0	0	0	0	0	0	0	0	0	0	0	0	0	0	0	0	0	0	0	0	0	0	0	0	0	0	0	0	0	0	0	0	0	0	0	0	0	0	0	0	0	0	0	0	0
0.530034991366353	0.926593905869666	0.727149049497673	0.593252397874525	0.825185495584396	0.554990734738526	0.918426752326114	0	0	0	0	0	0	0	0	0	0	0	0	0	0	0	0	0	0	0	0	0	0	0	0	0	0	0	0	0	0	0.59489165272778	0.652048849989115	0.984218375334605	0.819239382068074	0.516975460059023	0.611830937353306	0.50774667425771	0	0	0	0	0	0	0	0	0	0	0	0	0	0	0	0	0	0	0	0	0	0	0	0	0	0	0	0	0	0	0	0	0	0	0	0	0	0	0	0	0	0	0	0	0	0
0	0	0	0	0	0	0	0	0	0	0	0	0	0	0	0	0	0	0	0	0	0	0	0	0	0	0	0	0	0	0	0	0	0	0	0	0	0	0	0	0	0	0	0	0	0	0	0	0	0	0.715407380073268	0	0	0	0	0	0	0	0	0	0	0	0.887426280703854	0	0	0	0	0	0	0	0	0	0.777275772956089	0	0	0.87624906709087	0	0	0	0	0	0	0	0	0	0	0	0	0.666326904521344	0
0	0	0	0	0	0	0	0	0	0	0	0	0	0	0	0	0	0	0	0	0	0	0	0	0	0	0	0	0	0	0	0	0	0	0	0	0	0	0	0	0	0	0	0	0	0	0	0	0	0.525851589388249	0.675493220525258	0	0	0	0	0	0	0	0	0	0	0	0	0	0	0	0	0	0	0	0	0	0	0.877483874236718	0	0	0	0	0	0	0	0	0	0	0.839066768954563	0	0	0	0	0.792235166495521
0	0	0	0	0	0	0	0	0	0	0	0	0	0	0	0	0	0	0	0	0	0	0	0	0	0	0	0	0	0	0	0	0	0	0	0	0	0	0	0	0	0	0	0	0	0	0	0	0	0.779783662439216	0	0	0	0	0	0	0	0	0	0	0	0	0	0	0	0	0	0	0	0.859116448514139	0	0	0	0	0	0	0	0	0.935540955530044	0	0	0.651088891265788	0	0.565196765617022	0	0	0	0	0	0
0	0	0	0	0	0	0	0	0	0	0	0	0	0	0	0	0	0	0	0	0	0	0	0	0	0	0	0	0	0	0	0	0	0	0	0	0	0	0	0	0	0	0	0	0	0	0	0	0	0.588781321358699	0	0	0	0	0	0.913664580466568	0	0	0	0	0	0	0	0	0.595094906859035	0	0.617425228792977	0	0	0	0	0	0	0	0	0	0	0	0	0	0	0.51090610364787	0	0	0	0	0	0	0	0
0	0	0	0	0	0	0	0	0	0	0	0	0	0	0	0	0	0	0	0	0	0	0	0	0	0	0	0	0	0	0	0	0	0	0	0	0	0	0	0	0	0	0	0	0	0	0.865983899685262	0.805948981597748	0.794180425877332	0	0	0	0.750129354666706	0	0	0	0	0.659700740681158	0	0	0	0	0	0	0	0	0	0	0.99473379144038	0	0	0	0	0	0	0	0	0	0	0	0	0	0	0	0	0	0	0	0	0
0	0	0	0	0	0	0	0	0	0	0	0	0	0	0	0	0	0	0	0	0	0	0	0	0	0	0	0	0	0	0	0	0	0	0	0	0	0	0	0	0	0	0	0	0	0.980915956646516	0.545637140310905	0	0	0	0	0	0.963772148021957	0	0	0.879490254939475	0	0	0	0	0	0	0	0	0	0	0	0	0.521404661466153	0	0	0.909964856506021	0	0	0	0	0	0	0	0.64692295667292	0	0	0	0	0	0	0	0.789770647497918	0	0.542146063933513
0	0	0	0	0	0	0	0	0	0	0	0	0	0	0	0	0	0	0	0	0	0	0	0	0	0	0	0	0	0	0	0	0	0	0	0	0	0	0	0	0	0	0	0	0	0	0	0	0	0	0	0	0.813284495381617	0	0	0	0	0	0	0	0	0	0	0.760844255649469	0	0	0	0	0	0.767906198974186	0	0	0	0	0	0	0	0	0	0	0	0	0	0	0.545520838226276	0.92131767095291	0	0.637123766089847	0	0
0	0	0	0	0	0	0	0	0	0	0	0	0	0	0	0	0	0	0	0	0	0	0	0	0	0	0	0	0	0	0	0	0	0	0	0	0	0	0	0	0	0	0	0	0	0	0	0	0	0.880150430370588	0.592802647387246	0.632741184374946	0	0	0.969415063320396	0	0	0	0	0	0	0	0	0	0	0	0	0	0	0	0	0	0	0.94776758306397	0	0	0	0.535031955237152	0	0	0.509344220769712	0	0	0	0	0	0.82532619949575	0	0	0
0	0	0	0	0	0	0	0	0	0	0	0	0	0	0	0	0	0	0	0	0	0	0	0	0	0	0	0	0	0	0	0	0	0	0	0	0	0	0	0	0	0	0	0	0	0	0	0	0	0	0	0	0	0	0	0	0	0	0.850930962965528	0.669429431952341	0	0	0	0	0	0	0	0	0.575757645282317	0	0	0	0	0	0	0	0	0	0.886328831956036	0.894100298177907	0	0	0	0	0	0	0	0.814375642307008	0.635075104360476	0.978711390282842
0	0	0	0	0	0	0	0	0	0	0	0	0	0	0	0	0	0	0	0	0	0	0	0	0	0	0	0	0	0	0	0	0	0	0	0	0	0	0	0	0	0	0	0	0	0	0	0	0	0	0	0	0.715200328806741	0	0	0	0	0.828435083140792	0	0	0	0	0	0	0	0	0	0	0	0	0.946016362504403	0	0	0	0	0	0	0	0	0.582248038107775	0	0	0	0.662315751529737	0	0	0.698645786955791	0	0	0
0	0	0	0	0	0	0	0	0	0	0	0	0	0	0	0	0	0	0	0	0	0	0	0	0	0	0	0	0	0	0	0	0	0	0	0	0	0	0	0	0	0	0	0	0	0	0	0	0.616777380283428	0	0.508087641616408	0	0	0	0	0	0.634581446955522	0	0.852206371888888	0	0	0	0	0	0	0.724140811159971	0	0	0	0	0	0	0	0	0	0	0	0	0	0	0	0	0	0	0	0	0	0.568623160994706	0	0
0	0	0	0	0	0	0	0	0	0	0	0	0	0	0	0	0	0	0	0	0	0	0	0	0	0	0	0	0	0	0	0	0	0	0	0	0	0	0	0	0	0	0	0	0	0	0	0	0	0	0	0	0	0	0	0.635735526085725	0	0	0	0	0	0.579173935801635	0	0	0.84992797617325	0.561846462795141	0	0	0	0	0	0	0	0	0	0	0	0.555326217278827	0	0	0	0.761228568133473	0	0	0.815231318700381	0	0	0	0	0
0	0	0	0	0	0	0	0	0	0	0	0	0	0	0	0	0	0	0	0	0	0	0	0	0	0	0	0	0	0	0	0	0	0	0	0	0	0	0	0	0	0	0	0	0	0	0	0	0	0.921591325813192	0	0	0	0	0.662068314902275	0	0	0	0	0.786821305604624	0	0	0	0	0	0	0	0	0	0	0	0	0	0	0	0	0	0	0	0	0.711512076273766	0	0	0	0	0.934001778865616	0	0	0	0.79496609978828
0	0	0	0	0	0	0	0	0	0	0	0	0	0	0	0	0	0	0	0	0	0	0	0	0	0	0	0	0	0	0	0	0	0	0	0	0	0	0	0	0	0	0	0	0	0	0	0	0	0	0	0	0	0.652811628664104	0	0.745983649946885	0	0	0	0	0.674951646140208	0	0	0	0	0.738653972494258	0	0	0	0	0	0	0	0	0.727199342677919	0	0	0	0	0	0	0	0	0	0	0	0	0	0	0
0	0	0	0	0	0	0	0	0	0	0	0	0	0	0	0	0	0	0	0	0	0	0	0	0	0	0	0	0	0	0	0	0	0	0	0	0	0	0	0	0	0	0	0	0	0	0	0	0	0	0	0	0	0.866687437299277	0	0	0	0.691524524683031	0	0	0	0	0.713453626902081	0	0	0	0	0	0	0	0	0	0.539402741492377	0	0.846554986691874	0	0	0	0	0	0	0	0.99899151993336	0	0	0	0	0	0	0
0	0	0	0	0	0	0	0	0	0	0	0	0	0	0	0	0	0	0	0	0	0	0	0	0	0	0	0	0	0	0	0	0	0	0	0	0	0	0	0	0	0	0	0	0	0	0	0	0	0	0	0	0	0	0	0	0	0	0.942449636209994	0	0	0	0.924489620829089	0.789155710086448	0	0	0	0	0	0	0	0.708407380349624	0	0	0	0	0	0	0	0	0	0	0	0	0	0.720143808392487	0	0	0	0
0	0	0	0	0	0	0	0	0	0	0	0	0	0	0	0	0	0	0	0	0	0	0	0	0	0	0	0	0	0	0	0	0	0	0	0	0	0	0	0	0	0	0	0	0	0	0	0	0	0	0	0	0	0	0	0	0.828717141561187	0	0	0	0	0	0	0.995824633283791	0	0	0	0	0	0	0	0.713204932490738	0	0	0	0	0	0	0	0	0	0	0	0	0	0	0	0	0	0.580831127311512
0	0	0	0	0	0	0	0	0	0	0	0	0	0	0	0	0	0	0	0	0	0	0	0	0	0	0	0	0	0	0	0	0	0	0	0	0	0	0	0	0	0	0	0	0	0.837165428224067	0	0	0	0	0	0	0	0	0	0	0	0	0	0.656395241157081	0.597732771794979	0	0	0	0.710262911347138	0	0	0	0	0	0	0	0	0	0	0	0	0	0	0	0	0	0	0	0	0	0	0	0	0
0	0	0	0	0	0	0	0	0	0	0	0	0	0	0	0	0	0	0	0	0	0	0	0	0	0	0	0	0	0	0	0	0	0	0	0	0	0	0	0	0	0	0	0	0	0	0	0	0	0	0	0.740854595870048	0	0	0	0	0	0	0	0	0.984124575294994	0.534020236638742	0	0	0.791464891949227	0.57493579839008	0	0	0	0	0	0	0.542089035670025	0.863731702140844	0	0	0	0	0	0	0	0.898322416001691	0	0	0	0	0	0	0	0
0	0	0	0	0	0	0	0	0	0	0	0	0	0	0	0	0	0	0	0	0	0	0	0	0	0	0	0	0	0	0	0	0	0	0	0	0	0	0	0	0	0	0	0	0	0	0	0	0.873399431482964	0	0	0	0	0	0	0	0.809794146346845	0	0	0	0	0	0.657032393229099	0.6385650335656	0	0	0	0	0	0	0	0	0	0	0.961666016043912	0	0	0	0	0	0	0	0	0	0	0	0	0	0	0
0	0	0	0	0	0	0	0	0	0	0	0	0	0	0	0	0	0	0	0	0	0	0	0	0	0	0	0	0	0	0	0	0	0	0	0	0	0	0	0	0	0	0	0	0	0	0	0	0	0	0	0	0	0	0	0.59694327516702	0.612141745845263	0	0.919435817014918	0	0	0	0	0.503184502252846	0	0	0	0	0	0.606372819831681	0	0	0	0.941285979556929	0	0	0	0.744826448950976	0	0	0	0	0	0.577054305341766	0	0.585803759357403	0	0	0	0
0	0	0	0	0	0	0	0	0	0	0	0	0	0	0	0	0	0	0	0	0	0	0	0	0	0	0	0	0	0	0	0	0	0	0	0	0	0	0	0	0	0	0	0	0	0	0	0	0.941480016817328	0	0	0	0	0	0	0	0	0	0	0	0	0	0	0	0	0	0	0.623680015876512	0	0.764085683514508	0	0	0	0	0	0.513321369713206	0	0	0	0	0	0	0	0	0	0.921607706946698	0	0	0	0
0	0	0	0	0	0	0	0	0	0	0	0	0	0	0	0	0	0	0	0	0	0	0	0	0	0	0	0	0	0	0	0	0	0	0	0	0	0	0	0	0	0	0	0	0	0	0	0	0	0	0	0	0	0	0	0	0	0	0	0	0	0	0	0	0	0	0.863178152676619	0	0	0	0	0	0	0	0.681910392162254	0	0	0.828636748633954	0.55584369966864	0	0	0	0	0	0	0	0	0	0	0
0	0	0	0	0	0	0	0	0	0	0	0	0	0	0	0	0	0	0	0	0	0	0	0	0	0	0	0	0	0	0	0	0	0	0	0	0	0	0	0	0	0	0	0	0	0	0	0	0	0.762206814588518	0.673292714960374	0	0	0.639824732003169	0	0	0	0	0	0	0	0	0	0	0	0	0	0	0	0	0.591782531240669	0.943068063112862	0	0	0	0	0	0	0	0	0	0	0	0	0	0	0	0	0	0
0	0	0	0	0	0	0	0	0	0	0	0	0	0	0	0	0	0	0	0	0	0	0	0	0	0	0	0	0	0	0	0	0	0	0	0	0	0	0	0	0	0	0	0	0	0	0	0.902410736974462	0	0	0	0.834308429769119	0	0	0	0	0	0	0	0	0	0	0	0	0	0.958513832425754	0.560449427770826	0	0	0	0	0	0.621015340604427	0	0	0	0	0	0	0	0	0.655275529430336	0	0	0	0	0.865049111761896	0	0	0
0	0	0	0	0	0	0	0	0	0	0	0	0	0	0	0	0	0	0	0	0	0	0	0	0	0	0	0	0	0	0	0	0	0	0	0	0	0	0	0	0	0	0	0	0	0	0	0	0	0	0	0	0	0	0.541712019764662	0	0	0	0	0	0	0	0	0	0	0	0	0	0.625534189038521	0	0	0.930151327130904	0	0	0	0	0	0	0	0	0.636685339021283	0	0	0	0.648914112558551	0.880945020971758	0	0	0	0.560412320483899
0	0	0	0	0	0	0	0	0	0	0	0	0	0	0	0	0	0	0	0	0	0	0	0	0	0	0	0	0	0	0	0	0	0	0	0	0	0	0	0	0	0	0	0	0	0	0	0	0	0	0.612603948833753	0	0	0	0	0	0	0	0	0	0.875459578904539	0.671233444890905	0	0	0	0	0	0	0.911615983942822	0	0.582656334337752	0	0	0	0	0	0.747401493011154	0	0	0	0.947788605197139	0	0.889582428351256	0	0	0	0	0	0	0
0	0	0	0	0	0	0	0	0	0	0	0	0	0	0	0	0	0	0	0	0	0	0	0	0	0	0	0	0	0	0	0	0	0	0	0	0	0	0	0	0	0	0	0	0	0.677896840867069	0	0	0	0	0	0	0	0	0	0	0	0	0	0.590443959225076	0	0	0	0.702211149028304	0	0	0	0	0	0.856666590806028	0	0	0	0	0	0.735417983537587	0	0	0	0	0	0	0	0	0.881378990408135	0	0	0.653248754451223	0	0
0	0	0	0	0	0	0	0	0	0	0	0	0	0	0	0	0	0	0	0	0	0	0	0	0	0	0	0	0	0	0	0	0	0	0	0	0	0	0	0	0	0	0	0	0	0	0.532598430223351	0	0	0	0	0	0.927345510669301	0	0	0	0	0	0	0	0	0	0	0.614891234562775	0	0.536188088133787	0	0	0	0	0	0	0	0	0	0	0	0	0	0	0	0	0	0	0	0	0	0	0	0
0	0	0	0	0	0	0	0	0	0	0	0	0	0	0	0	0	0	0	0	0	0	0	0	0	0	0	0	0	0	0	0	0	0	0	0	0	0	0	0	0	0	0	0	0	0	0	0	0	0	0	0	0	0	0	0	0	0	0.691552270040031	0.981605676736939	0	0	0	0	0.938273086921599	0	0	0.563479882655322	0	0	0	0	0	0	0	0	0	0.96684809155743	0.527263499032389	0	0	0	0	0	0	0	0	0	0	0.734127813986199
0	0	0	0	0	0	0	0	0	0	0	0	0	0	0	0	0	0	0	0	0	0	0	0	0	0	0	0	0	0	0	0	0	0	0	0	0	0	0	0	0	0	0	0	0	0.933658346498856	0	0	0	0	0	0	0	0	0	0	0	0	0	0	0	0	0	0	0	0	0.908734467923993	0	0	0	0	0	0.712354890475625	0	0	0	0.820422513088721	0.607726084727207	0	0	0.724263107311089	0	0	0	0	0	0	0	0.55803030259033	0
0	0	0	0	0	0	0	0	0	0	0	0	0	0	0	0	0	0	0	0	0	0	0	0	0	0	0	0	0	0	0	0	0	0	0	0	0	0	0	0	0	0	0	0	0	0	0	0	0	0	0	0	0	0	0	0	0	0	0	0	0	0	0	0	0	0	0	0	0	0	0	0.999315371897111	0	0	0	0.861464136002338	0	0	0	0	0	0	0	0	0.603297349066398	0.689830937320251	0	0	0	0
0	0	0	0	0	0	0	0	0	0	0	0	0	0	0	0	0	0	0	0	0	0	0	0	0	0	0	0	0	0	0	0	0	0	0	0	0	0	0	0	0	0	0	0	0	0	0	0	0	0	0	0	0.501335325626494	0	0	0	0.908800996337474	0	0	0	0	0	0	0	0	0.504923239432189	0	0.96528337258127	0	0	0	0	0	0	0.546430263748773	0.8075176136648	0	0	0	0	0	0	0.607291219253713	0	0	0	0	0.536742178977659	0	0
0	0	0	0	0	0	0	0	0	0	0	0	0	0	0	0	0	0	0	0	0	0	0	0	0	0	0	0	0	0	0	0	0	0	0	0	0	0	0	0	0	0	0	0	0	0	0	0.967197657207124	0	0	0	0	0	0.509819636995511	0	0	0	0	0	0	0	0	0	0	0	0	0	0.976731389755014	0	0	0	0	0	0	0.977441552075393	0	0	0	0	0	0	0	0	0	0	0	0	0	0	0
0	0	0	0	0	0	0	0	0	0	0	0	0	0	0	0	0	0	0	0	0	0	0	0	0	0	0	0	0	0	0	0	0	0	0	0	0	0	0	0	0	0	0	0	0	0	0	0	0	0	0.914241010761732	0	0	0.94628249606512	0.918767128607194	0	0	0	0	0	0	0	0	0	0	0	0	0	0	0	0	0	0	0	0	0	0	0	0	0	0	0	0	0	0	0	0	0	0	0
0	0	0	0	0	0	0	0	0	0	0	0	0	0	0	0	0	0	0	0	0	0	0	0	0	0	0	0	0	0	0	0	0	0	0	0	0	0	0	0	0	0	0	0	0	0	0	0	0	0	0	0	0.540166682923818	0	0	0	0	0.687910163928052	0	0	0	0	0	0	0	0	0	0	0	0	0.990851633472408	0.993166932045531	0	0	0	0.803790003011946	0	0	0	0	0	0	0.604320176099321	0.522931548904417	0	0	0	0	0	0
0	0	0	0	0	0	0	0	0	0	0	0	0	0	0	0	0	0	0	0	0	0	0	0	0	0	0	0	0	0	0	0	0	0	0	0	0	0	0	0	0	0	0	0	0	0	0	0.857858370706472	0.642139832588983	0	0	0	0	0	0	0	0.609964249333458	0	0	0	0	0	0	0.713296636517636	0	0	0	0	0	0.851224107266896	0	0	0	0	0	0	0	0	0	0	0	0	0	0	0	0	0	0.901281397087746	0	0
0	0	0	0	0	0	0	0	0	0	0	0	0	0	0	0	0	0	0	0	0	0	0	0	0	0	0	0	0	0	0	0	0	0	0	0	0	0	0	0	0	0	0	0	0	0	0	0	0	0	0	0	0	0	0	0	0	0	0	0.815737202612559	0	0	0	0	0	0	0	0	0	0	0	0.681497579657002	0	0	0	0	0	0.639716257080178	0	0	0.757611003746308	0	0	0	0.942251035223036	0	0	0	0	0
0	0	0	0	0	0	0	0	0	0	0	0	0	0	0	0	0	0	0	0	0	0	0	0	0	0	0	0	0	0	0	0	0	0	0	0	0	0	0	0	0	0	0	0	0	0	0	0.612071610959923	0	0	0	0	0	0	0.584695407246608	0	0	0	0	0	0	0	0	0	0	0.956686941324817	0	0	0	0	0	0	0	0	0	0	0	0	0	0	0.589000646044388	0	0	0	0	0	0	0	0	0
0	0	0	0	0	0	0	0	0	0	0	0	0	0	0	0	0	0	0	0	0	0	0	0	0	0	0	0	0	0	0	0	0	0	0	0	0	0	0	0	0	0	0	0	0	0	0.904539507381859	0	0	0	0	0.940893088224614	0	0	0	0	0.954088075853755	0	0	0	0	0	0	0	0	0	0	0	0	0	0.943743777143585	0	0.651359627658951	0	0	0	0.704231571833495	0	0	0	0	0	0.875861263499409	0	0	0	0	0	0	0.977670704792924
0	0	0	0	0	0	0	0	0	0	0	0	0	0	0	0	0	0	0	0	0	0	0	0	0	0	0	0	0	0	0	0	0	0	0	0	0	0	0	0	0	0	0	0	0	0	0	0	0	0	0	0.826316158773405	0	0	0	0	0	0.884062023230442	0	0	0.928508160389537	0	0	0	0	0.921279745021955	0.989993385838543	0	0	0	0.589124273301389	0	0	0	0	0	0.858784791482799	0	0	0	0	0	0	0	0	0	0	0	0.783404283481109	0
0	0	0	0	0	0	0	0	0	0	0	0	0	0	0	0	0	0	0	0	0	0	0	0	0	0	0	0	0	0	0	0	0	0	0	0	0	0	0	0	0	0	0	0	0	0	0	0	0	0	0	0	0.842643897038696	0	0.601898189719026	0	0	0	0	0	0	0	0	0	0	0	0	0	0	0.89869847884337	0	0	0	0	0	0	0	0	0	0	0	0	0	0	0	0	0	0.560763734132051	0	0
0	0	0	0	0	0	0	0	0	0	0	0	0	0	0	0	0	0	0	0	0	0	0	0	0	0	0	0	0	0	0	0	0	0	0	0	0	0	0	0	0	0	0	0	0	0	0	0	0	0	0.746116036847069	0.832345652392968	0	0.763767610658007	0	0.951726425796062	0	0	0	0	0	0	0	0	0	0	0	0	0	0	0	0	0.921365906360796	0	0	0	0	0.78013140938039	0	0	0	0.714308040617867	0	0	0	0	0.570889327855177	0	0	0
0	0	0	0	0	0	0	0	0	0	0	0	0	0	0	0	0	0	0	0	0	0	0	0	0	0	0	0	0	0	0	0	0	0	0	0	0	0	0	0	0	0	0	0	0	0.870939401591452	0	0	0	0	0	0	0	0.679344997692908	0	0	0	0	0	0	0	0	0	0	0	0	0	0	0	0	0	0	0	0	0	0.860066158799585	0	0	0	0	0	0	0	0	0	0.782787895224981	0	0	0	0
0	0	0	0	0	0	0	0	0	0	0	0	0	0	0	0	0	0	0	0	0	0	0	0	0	0	0	0	0	0	0	0	0	0	0	0	0	0	0	0	0	0	0	0	0	0	0.892029593153991	0	0	0	0.928849283971424	0	0	0.975255485620602	0	0	0	0.969308577119134	0	0	0	0.527822808738012	0	0	0	0	0	0	0	0	0.624707839534563	0	0	0	0.504125032268673	0	0	0	0	0	0	0	0	0	0.753409700506924	0	0	0	0	0
