0	0.537955199164101	0	0.689332613870979	0	0.653006358670988	0	0	0	0	0.653344986894438	0	0	0	0.596618097240547	0	0.995307949600772	0	0	0	0.954061403867597	0.755621156159838	0	0	0	0	0	0	0	0.624682603795563	0	0	0	0.691192686492908	0	0	0	0	0.657240994276999	0	0	0	0.717160100425172	0	0	0	0	0	0	0	0	0	0	0	0	0	0	0	0	0	0	0	0	0	0	0	0	0	0	0	0	0	0	0	0	0	0	0	0	0	0	0	0	0	0	0	0	0	0	0
0.938709943130294	0	0	0	0.914072487236414	0	0	0	0	0	0	0.830145930208704	0	0.589535198839643	0	0	0	0.715238699140103	0.558399972614818	0	0	0	0.624948983024264	0	0	0	0	0	0	0.817489981078983	0	0	0	0	0	0.792196421484001	0.994117228959973	0.813863020156494	0	0.798639815891531	0	0	0	0.61716584704394	0	0	0	0	0	0	0	0	0	0	0	0	0	0	0	0	0	0	0	0	0	0	0	0	0	0	0	0	0	0	0	0	0	0	0	0	0	0	0	0	0	0	0	0	0	0
0	0	0	0	0	0	0.673205343922264	0.844742903612153	0	0.705926977691423	0	0	0	0	0.608433728338893	0.640993647510182	0	0	0	0	0	0	0.85258189945573	0.695440036545085	0	0.586348210145542	0	0.69803421690736	0	0	0	0	0	0	0.515241167122046	0.89661768713548	0	0	0	0	0	0.552804283633444	0	0.638374349489472	0	0	0	0	0	0	0	0	0	0	0	0	0	0	0	0	0	0	0	0	0	0	0	0	0	0	0	0	0	0	0	0	0	0	0	0	0	0	0	0	0	0	0	0	0	0
0.502710699737181	0	0	0	0.988719129594393	0.887377590611411	0	0	0	0	0.811512558839704	0.703323875941037	0	0	0.690580114857015	0	0.959886300183231	0	0	0.766510528641561	0.633512930577292	0.615862148301133	0	0	0.52177343545306	0	0	0	0	0.868608121587224	0	0	0	0	0	0	0	0.977261481834633	0	0.638405771064042	0.673768402560955	0	0	0	0	0	0	0	0	0	0	0	0	0	0	0	0	0	0	0	0	0	0	0	0	0	0	0	0	0	0	0	0	0	0	0	0	0	0	0	0	0	0	0	0	0	0	0	0	0
0	0.825296908142469	0	0.567524551683335	0	0.809127257067543	0.722634387418509	0.655546020638714	0	0.764360439194046	0	0	0.702429999255282	0	0	0	0	0.87152602527571	0.785974381910777	0	0.795722248909119	0.847019234844576	0.764275627141275	0.703149780286443	0	0	0	0	0	0	0	0	0	0	0.836472907080865	0	0.527324501142374	0.831354762152	0	0	0	0	0	0.932780776900767	0	0	0	0	0	0	0	0	0	0	0	0	0	0	0	0	0	0	0	0	0	0	0	0	0	0	0	0	0	0	0	0	0	0	0	0	0	0	0	0	0	0	0	0	0	0
0.901542028025957	0	0	0.679873627340933	0.852706500792511	0	0.721990522358433	0	0	0	0	0	0	0.536847214240356	0.919047739729918	0	0	0	0	0.869606739663792	0	0	0	0	0.711928492912281	0	0	0	0	0	0.788397285791261	0	0	0	0.702125631778728	0.692189728723871	0.607463752467826	0	0	0	0	0	0	0	0	0	0	0	0	0	0	0	0	0	0	0	0	0	0	0	0	0	0	0	0	0	0	0	0	0	0	0	0	0	0	0	0	0	0	0	0	0	0	0	0	0	0	0	0	0
0	0	0.951452290525895	0	0.986870172952433	0.767273122163269	0	0	0	0.756056683276223	0.515736719195322	0	0.598115167739361	0	0	0	0	0	0	0	0	0.955481030261006	0.762751122643939	0	0	0	0	0	0.838155954326368	0	0	0	0	0	0	0	0	0	0.755025562934795	0	0.720931784802437	0	0	0	0	0	0	0	0	0	0	0	0	0	0	0	0	0	0	0	0	0	0	0	0	0	0	0	0	0	0	0	0	0	0	0	0	0	0	0	0	0	0	0	0	0	0	0	0	0
0	0	0.590127549038739	0	0.815080727551835	0	0	0	0	0	0.777891198203643	0	0.50874241209958	0	0	0	0	0	0	0.735661160926609	0	0	0	0.683289784381372	0	0	0	0.681371840041669	0	0	0	0	0	0.800101122718162	0	0	0	0	0.876067515619872	0	0	0	0	0	0	0	0	0	0	0	0	0	0	0	0	0	0	0	0	0	0	0	0	0	0	0	0	0	0	0	0	0	0	0	0	0	0	0	0	0	0	0	0	0	0	0	0	0	0	0
0	0	0	0	0	0	0	0	0	0	0.988206802248875	0.935667547950765	0	0	0.642727876437467	0.907845238421702	0.870590316108767	0	0	0.896003860905847	0	0.581782433362874	0	0	0	0	0	0.946245595179934	0.923783515377975	0	0	0	0	0	0	0	0	0	0	0	0	0	0.966119717408847	0	0.520761096110866	0	0	0	0	0	0	0	0	0	0	0	0	0	0	0	0	0	0	0	0	0	0	0	0	0	0	0	0	0	0	0	0	0	0	0	0	0	0	0	0	0	0	0	0	0
0	0	0.952337618834261	0	0.67067154580533	0	0.57700563000594	0	0	0	0	0	0.604561974107334	0	0.617256117476572	0	0	0.601617459425474	0	0.566218208080695	0	0	0.550642796536111	0	0	0	0	0.626142436685828	0	0.52548369290998	0	0	0	0	0	0	0	0.575789950228179	0	0	0	0.642770660135668	0	0.728307489733455	0.808191843558602	0	0	0	0	0	0	0	0	0	0	0	0	0	0	0	0	0	0	0	0	0	0	0	0	0	0	0	0	0	0	0	0	0	0	0	0	0	0	0	0	0	0	0	0	0
0.817939316362975	0	0	0.535239752020775	0	0	0.557833199947998	0.797676370883484	0.889664000270303	0	0	0	0	0	0	0.560255542624162	0	0.500405847927469	0.766638266224057	0	0	0.642936715992284	0.532363910070399	0	0.593072997432388	0.510554074263484	0	0	0	0.697602627275634	0.98381491771831	0.579840576575355	0	0	0.878776190540431	0	0.523937968259195	0.681108485783015	0	0	0	0.501427622931914	0	0	0.990278095951991	0	0	0	0	0	0	0	0	0	0	0	0	0	0	0	0	0	0	0	0	0	0	0	0	0	0	0	0	0	0	0	0	0	0	0	0	0	0	0	0	0	0	0	0	0
0	0.707650041460204	0	0.904639903548927	0	0	0	0	0.95618545719273	0	0	0	0.733146856502131	0.805012845140847	0.810584086278858	0	0	0.747470650131615	0.753770162958012	0	0	0	0.919504774459912	0.524733456115564	0	0	0	0	0	0	0	0	0	0	0.603459644034191	0	0	0	0	0.623819808891704	0.985977893638175	0	0	0	0	0	0	0	0	0	0	0	0	0	0	0	0	0	0	0	0	0	0	0	0	0	0	0	0	0	0	0	0	0	0	0	0	0	0	0	0	0	0	0	0	0	0	0	0	0
0	0	0	0	0.648668575455355	0	0.51675528878011	0.833041989066818	0	0.595667840543724	0	0.806451231507758	0	0	0.517093207164214	0	0	0	0.512126640627959	0	0.662288635256802	0	0	0	0	0	0.633313501051977	0	0	0	0	0.67366848311073	0	0	0.526674388532735	0	0	0.941427020275456	0	0	0	0.744721321493355	0	0	0.763542673989665	0	0	0	0	0	0	0	0	0	0	0	0	0	0	0	0	0	0	0	0	0	0	0	0	0	0	0	0	0	0	0	0	0	0	0	0	0	0	0	0	0	0	0	0	0
0	0.720070224799987	0	0	0	0.840307677394156	0	0	0	0	0	0.979198025492851	0	0	0.547516177213713	0	0	0.954853996403917	0.686227824302157	0	0	0	0	0	0	0.754652242332821	0	0.984812665591453	0.995610649331257	0.549482703856709	0	0	0	0.8693167610395	0	0.944042087985918	0	0	0	0	0	0.895164333068636	0	0	0	0	0	0	0	0	0	0	0	0	0	0	0	0	0	0	0	0	0	0	0	0	0	0	0	0	0	0	0	0	0	0	0	0	0	0	0	0	0	0	0	0	0	0	0	0
0.938221103292909	0	0.521082041996509	0.882478743830254	0	0.793680210623177	0	0	0.835719441681631	0.53610372331715	0	0.679126050161721	0.675544421319023	0.595401992480072	0	0.836713852115651	0	0.744857610098686	0.783828321068701	0	0.600678448927722	0.77032223915505	0	0.637219196562469	0	0	0.836693647476334	0	0	0	0	0	0	0	0	0	0	0	0	0	0	0	0	0	0.643907882027376	0	0	0	0	0	0	0	0	0	0	0	0	0	0	0	0	0	0	0	0	0	0	0	0	0	0	0	0	0	0	0	0	0	0	0	0	0	0	0	0	0	0	0	0	0
0	0	0.600451183301801	0	0	0	0	0	0.581209185696994	0	0.883193334173909	0	0	0	0.779540069853013	0	0.8648469522633	0	0.506047886427295	0.767762318225837	0	0	0.682730503332313	0	0	0	0	0	0	0.51192705969806	0	0	0	0.548058199653546	0	0	0	0	0	0	0.866742344689374	0	0	0	0.918840556509948	0	0	0	0	0	0	0	0	0	0	0	0	0	0	0	0	0	0	0	0	0	0	0	0	0	0	0	0	0	0	0	0	0	0	0	0	0	0	0	0	0	0	0	0	0
0.878094664869239	0	0	0.879177536476405	0	0	0	0	0.9739470429315	0	0	0	0	0	0	0.558767180424167	0	0	0	0.800068170933846	0	0.64530400899329	0.522389832910011	0	0	0	0	0.502213944963661	0	0	0	0	0	0.612004114607848	0	0	0.93056428574972	0.759899108021866	0	0	0	0	0.539844493835647	0.732358770338363	0	0	0	0	0	0	0	0	0	0	0	0	0	0	0	0	0	0	0	0	0	0	0	0	0	0	0	0	0	0	0	0	0	0	0	0	0	0	0	0	0	0	0	0	0	0
0	0.775511571661817	0	0	0.547181648613998	0	0	0	0	0.596705108687081	0.842958003675162	0.836054066933245	0	0.772343747479088	0.737627278080796	0	0	0	0.812565598765845	0	0	0.868829761225329	0	0	0.560660055076613	0	0	0.802703740292647	0.960419930822173	0.811406978765983	0	0	0	0.66991192799958	0	0.736846283862054	0	0	0	0.658665715577098	0.593379437894608	0	0	0	0.801067446656744	0	0	0	0	0	0	0	0	0	0	0	0	0	0	0	0	0	0	0	0	0	0	0	0	0	0	0	0	0	0	0	0	0	0	0	0	0	0	0	0	0	0	0	0	0
0	0.774929430983087	0	0	0.882654694486447	0	0	0	0	0	0.982348856166348	0.545545681337629	0.556775821673361	0.660112389838404	0.710198354136151	0.668068247142088	0	0.63743455883506	0	0	0.861057329321645	0	0.70309172278029	0.780957798086265	0	0	0.607821727651713	0	0	0	0	0	0	0.630494211306313	0.703677972236469	0	0	0.902798304880295	0	0	0	0	0	0	0	0	0	0	0	0	0	0	0	0	0	0	0	0	0	0	0	0	0	0	0	0	0	0	0	0	0	0	0	0	0	0	0	0	0	0	0	0	0	0	0	0	0	0	0	0
0	0	0	0.680239899308656	0	0.730231769027391	0	0.695754660688467	0.823683627026059	0.823040839648225	0	0	0	0	0	0.511583887614135	0.671164956232599	0	0	0	0	0	0.532720024619613	0	0	0	0.640232194184536	0	0	0	0.941366243797982	0	0.645023533959054	0.532691781675389	0	0	0	0.583731395251755	0	0	0	0	0	0	0	0	0	0	0	0	0	0	0	0	0	0	0	0	0	0	0	0	0	0	0	0	0	0	0	0	0	0	0	0	0	0	0	0	0	0	0	0	0	0	0	0	0	0	0	0
0.843009068139327	0	0	0.674494036475274	0.891554231999783	0	0	0	0	0	0	0	0.640209287271722	0	0.978062694880752	0	0	0	0.706422998320893	0	0	0.651763326556932	0	0	0.929525522768829	0	0	0	0	0.758830821691054	0	0.592391137631027	0	0	0	0	0	0	0	0	0	0	0	0.644390097241208	0	0	0	0	0	0	0	0	0	0	0	0	0	0	0	0	0	0	0	0	0	0	0	0	0	0	0	0	0	0	0	0	0	0	0	0	0	0	0	0	0	0	0	0	0	0
0.979246444778071	0	0	0.867240587968462	0.687839740526185	0	0.544488319692239	0	0.766314852771139	0	0.888746388712164	0	0	0	0.757016933438581	0	0.595988414540945	0.715541060936558	0	0	0.927332946628822	0	0.884869542787007	0	0	0.817517272751348	0.776036936614978	0.653371691010063	0	0	0	0.752838222656913	0	0	0	0	0	0	0	0	0	0	0	0	0.943878721702357	0	0	0	0	0	0	0	0	0	0	0	0	0	0	0	0	0	0	0	0	0	0	0	0	0	0	0	0	0	0	0	0	0	0	0	0	0	0	0	0	0	0	0	0	0
0	0.932249456253422	0.698798188526105	0	0.747354778272227	0	0.916814125045344	0	0	0.901231644328301	0.739819733465089	0.556451478151792	0	0	0	0.667111624278542	0.636879390852162	0	0.798424161262417	0.882043698747589	0	0.697330652260967	0	0	0	0.895039285663506	0	0	0	0	0.972195253873739	0	0	0.514337917862519	0	0	0	0	0.573723059181959	0	0	0.722531781428675	0	0.864877821401985	0	0	0	0	0	0	0	0	0	0	0	0	0	0	0	0	0	0	0	0	0	0	0	0	0	0	0	0	0	0	0	0	0	0	0	0	0	0	0	0	0	0	0	0	0	0
0	0	0.632428608418592	0	0.688488387686268	0	0	0.941343264024268	0	0	0	0.931150574679941	0	0	0.769286123146382	0	0	0	0.746644260226559	0	0	0	0	0	0.77111721287004	0	0.916990566383455	0.538741528393312	0	0	0	0	0.556795280817732	0	0.642102708762193	0	0	0	0	0	0.857257221825035	0	0	0	0	0	0	0	0	0	0	0	0	0	0	0	0	0	0	0	0	0	0	0	0	0	0	0	0	0	0	0	0	0	0	0	0	0	0	0	0	0	0	0	0	0	0	0	0	0
0	0	0	0.56660571235381	0	0.605192180206898	0	0	0	0	0.635979260517471	0	0	0	0	0	0	0.571726009092304	0	0	0.540848316177668	0	0	0.877399653702347	0	0	0.718817652324748	0.578602138466658	0.895211901542869	0.702699435525678	0	0.993870143824769	0.720287111704236	0	0	0.859801451978166	0.994058427811696	0	0.767057621188759	0	0	0	0	0	0.902533490308595	0	0	0	0	0	0	0	0	0	0	0	0	0	0	0	0	0	0	0	0	0	0	0	0	0	0	0	0	0	0	0	0	0	0	0	0	0	0	0	0	0	0	0	0	0
0	0	0.960369386079835	0	0	0	0	0	0	0	0.720187096089418	0	0	0.743463417985437	0	0	0	0	0	0	0	0.879019699284675	0.618752297861903	0	0	0	0.817403249524843	0	0.728395170338861	0.633107022829942	0	0	0.514067422407205	0	0.66667394511269	0.7952436074205	0	0	0	0	0	0	0	0	0	0	0	0	0	0	0	0	0	0	0	0	0	0	0	0	0	0	0	0	0	0	0	0	0	0	0	0	0	0	0	0	0	0	0	0	0	0	0	0	0	0	0	0	0	0
0	0	0	0	0	0	0	0	0	0	0	0	0.942036356623712	0	0.748454735605807	0	0	0	0.85788323598234	0.959967297048755	0	0.977035764081533	0	0.966999203779794	0.728285750251787	0.615740856752061	0	0.885855741281123	0.817246701540833	0	0.509270589662045	0.568457081923613	0.706403010370267	0.962749417991055	0	0	0.897565774034804	0.650747411407332	0	0	0	0.953639432898001	0	0.975467079707091	0.831964723167366	0	0	0	0	0	0	0	0	0	0	0	0	0	0	0	0	0	0	0	0	0	0	0	0	0	0	0	0	0	0	0	0	0	0	0	0	0	0	0	0	0	0	0	0	0
0	0	0.851804989678685	0	0	0	0	0.566942662099255	0.862863992417438	0.92795462081827	0	0	0	0.537767302398034	0	0	0.942397620067664	0.895438241418875	0	0	0	0.621086958505754	0	0.670189547265091	0.727974618976104	0	0.788120293975757	0	0.926837739064477	0	0	0	0	0	0	0	0	0	0.88846958255744	0	0.583295755122549	0	0	0	0.808885116391938	0	0	0	0	0	0	0	0	0	0	0	0	0	0	0	0	0	0	0	0	0	0	0	0	0	0	0	0	0	0	0	0	0	0	0	0	0	0	0	0	0	0	0	0	0
0	0	0	0	0	0	0.814711584451147	0	0.840851146465815	0	0	0	0	0.871112322380537	0	0	0	0.991457477771639	0	0	0	0	0	0	0.808021323270611	0.770467661787589	0.670695993592973	0.525759584003312	0	0	0	0	0.688585416178623	0.724060791576768	0	0.899688813698749	0	0.822934556252092	0	0.919261663320776	0	0	0.927086287862581	0.581743061455874	0	0	0	0	0	0	0	0	0	0	0	0	0	0	0	0	0	0	0	0	0	0	0	0	0	0	0	0	0	0	0	0	0	0	0	0	0	0	0	0	0	0	0	0	0	0
0.847372804779213	0.907641883763272	0	0.97497092580062	0	0	0	0	0	0.56393225158535	0.59825043158764	0	0	0.685973358663675	0	0.580601912972043	0	0.755903341163344	0	0	0.862237997553399	0	0	0	0.88131811273964	0.789171499123679	0	0	0	0	0.517814612300453	0	0.819841136768579	0	0	0	0	0	0	0.534747535206267	0	0.979293439996012	0	0	0	0	0	0	0	0	0	0	0	0	0	0	0	0	0	0	0	0	0	0	0	0	0	0	0	0	0	0	0	0	0	0	0	0	0	0	0	0	0	0	0	0	0	0	0	0
0	0	0	0	0	0.880267072859976	0	0	0	0	0.727056278073781	0	0	0	0	0	0	0	0	0.902740984931165	0	0	0.577501032281693	0	0	0	0.89592473723949	0	0	0.889086362840532	0	0.519580229837472	0.537751265663807	0.620090402289217	0.963548147573392	0	0	0.822736984628195	0	0.946202103159713	0.537551516681511	0	0	0.841642999025249	0	0	0	0	0	0	0	0	0	0	0	0	0	0	0	0	0	0	0	0	0	0	0	0	0	0	0	0	0	0	0	0	0	0	0	0	0	0	0	0	0	0	0	0	0	0
0	0	0	0	0	0	0	0	0	0	0.936044275194052	0	0.536119630071947	0	0	0	0	0	0	0	0.783284938713268	0.921370140201478	0	0	0.510022783649349	0	0.582681658421355	0	0	0	0.994546287284443	0	0	0.516961879262983	0	0	0	0	0.944544234531307	0	0	0.606266965281435	0.645386329045593	0	0	0	0	0	0	0	0	0	0	0	0	0	0	0	0	0	0	0	0	0	0	0	0	0	0	0	0	0	0	0	0	0	0	0	0	0	0	0	0	0	0	0	0	0	0	0
0	0	0	0	0	0	0	0	0	0	0	0	0	0	0	0	0	0	0	0.949461167828222	0	0	0	0.90313124885771	0.747374987160278	0.656583180655247	0.513462488531448	0	0.702935050061907	0.670202309033383	0.643110671740212	0	0	0.884524863255004	0	0.679872240343219	0.83168698062064	0.78748830654867	0	0	0	0.773563370192435	0.626591448508936	0	0	0	0	0	0	0	0	0	0	0	0	0	0	0	0	0	0	0	0	0	0	0	0	0	0	0	0	0	0	0	0	0	0	0	0	0	0	0	0	0	0	0	0	0	0	0
0.713069111607704	0	0	0	0	0	0	0.540493019897208	0	0	0	0	0	0.707845085074163	0	0.735843205610965	0.80588593223313	0.860856120137429	0.973413274168183	0.76496355457359	0	0	0.592701234759317	0	0	0	0.75305205316709	0	0.946496443157519	0	0.858389008787779	0.894972480353928	0.757784808131897	0	0.974858419681794	0	0.527223418681243	0	0	0	0.721181634011794	0	0	0	0	0	0	0	0	0	0	0	0	0	0	0	0	0	0	0	0	0	0	0	0	0	0	0	0	0	0	0	0	0	0	0	0	0	0	0	0	0	0	0	0	0	0	0	0	0
0	0	0.938190707869789	0	0.678769834438264	0.930288082394832	0	0	0	0	0.786135336742357	0.85118411009242	0.580141909568598	0	0	0	0	0	0.920979079420789	0	0	0	0	0.80218650127005	0	0.763458349370506	0	0	0	0	0.562365982947754	0	0	0.782726994076499	0	0	0.997816753841622	0.907932842632309	0	0	0.600971836147622	0	0.553739016942102	0.762025991637531	0	0	0	0	0	0	0	0	0	0	0	0	0	0	0	0	0	0	0	0	0	0	0	0	0	0	0	0	0	0	0	0	0	0	0	0	0	0	0	0	0	0	0	0	0	0
0	0.545537841555435	0.984778385564226	0	0	0.840114131372647	0	0	0	0	0	0	0	0.959010761429441	0	0	0	0.533691215561551	0	0	0	0	0	0	0.91564791560837	0.770247530716369	0	0	0.971219519035955	0	0	0	0.501273755169296	0	0	0	0.67303398888276	0.941764462138185	0	0	0	0	0	0.795941556216221	0.774717987182276	0	0	0	0	0	0	0	0	0	0	0	0	0	0	0	0	0	0	0	0	0	0	0	0	0	0	0	0	0	0	0	0	0	0	0	0	0	0	0	0	0	0	0	0	0
0	0.66892743805395	0	0	0.658327805368833	0.543546797634745	0	0	0	0	0.840978999490524	0	0	0	0	0	0.568265665912098	0	0	0	0	0	0	0	0.931497178984124	0	0.883537821237377	0	0	0	0	0	0.995772250181163	0.943530349860864	0.72293129370113	0.802953611025644	0	0	0	0	0.822638141663097	0	0	0.908816497700085	0	0	0	0	0	0	0	0	0	0	0	0	0	0	0	0	0	0	0	0	0	0	0	0	0	0	0	0	0	0	0	0	0	0	0	0	0	0	0	0	0	0	0	0	0	0
0	0.846502841139788	0	0.886662351229828	0.874130598301146	0	0	0	0	0.650829624887405	0.716938950890585	0	0.853392463452384	0	0	0	0.60236749847475	0	0.589744975203964	0.796485062834886	0	0	0	0	0	0	0.738014105054484	0	0.569336558710508	0	0.627814188350076	0	0.534917764774324	0	0.773974875976347	0.594748007078152	0	0	0.572415561257	0	0	0	0	0	0.704814631503903	0	0	0	0	0	0	0	0	0	0	0	0	0	0	0	0	0	0	0	0	0	0	0	0	0	0	0	0	0	0	0	0	0	0	0	0	0	0	0	0	0	0	0	0	0
0.593963170938891	0	0	0	0	0	0.741143754537521	0.941135861163078	0	0	0	0	0	0	0	0	0	0	0	0	0	0	0.90991902863625	0	0.536599152588832	0	0	0.603645962089526	0	0	0	0.837474508535732	0	0	0	0	0	0.904550181814502	0	0.52809790131467	0	0.665703627035285	0.723774337204933	0.538635367374947	0	0	0	0	0	0	0	0	0	0	0	0	0	0	0	0	0	0	0	0	0	0	0	0	0	0	0	0	0	0	0	0	0	0	0	0	0	0	0	0	0	0	0	0	0	0
0	0.91640167249396	0	0.856074257729302	0	0	0	0	0	0	0	0.632545056990258	0	0	0	0	0	0.628685794328941	0	0	0	0	0	0	0	0	0	0	0.780107834321219	0.881471155926004	0.961140311115917	0	0	0	0	0	0	0	0.795813268382946	0	0	0	0.599070221708284	0	0.85834066540231	0	0	0	0	0	0	0	0	0	0	0	0	0	0	0	0	0	0	0	0	0	0	0	0	0	0	0	0	0	0	0	0	0	0	0	0	0	0	0	0	0	0	0	0	0
0	0	0	0.765354639816505	0	0	0.590128349981333	0	0	0	0	0.907842942466325	0	0	0	0.506326932086813	0	0.59752334381967	0	0	0	0	0	0.633664465156073	0	0	0	0.550630643072631	0	0	0.767658592026337	0	0	0.893861074070013	0.50504461221796	0	0.955026395117211	0	0	0	0	0.988459223441728	0	0	0.908747769665993	0	0	0	0	0	0	0	0	0	0	0	0	0	0	0	0	0	0	0	0	0	0	0	0	0	0	0	0	0	0	0	0	0	0	0	0	0	0	0	0	0	0	0	0	0
0	0	0.649478986618186	0	0	0	0	0	0	0.736867469751658	0.73928495012705	0	0.966382863160173	0.809226118098301	0	0	0	0	0	0	0	0	0.856711634700162	0	0	0	0.898688397174402	0	0	0.864620574322435	0	0.994126720982114	0.852003687947849	0	0	0	0	0	0.891523655382954	0	0.812269647583925	0	0.728316644428098	0.995196985046173	0	0	0	0	0	0	0	0	0	0	0	0	0	0	0	0	0	0	0	0	0	0	0	0	0	0	0	0	0	0	0	0	0	0	0	0	0	0	0	0	0	0	0	0	0	0
0.699520638685422	0	0	0	0	0	0	0	0.598205324909857	0	0	0	0	0	0	0	0.561043052865557	0	0	0	0	0	0	0	0	0	0	0	0.849602892324509	0	0	0.874365533405914	0.744546285042869	0	0.80270893449978	0	0	0	0.661965966048005	0.552905607042275	0	0.654338572817131	0	0	0.878587603667115	0	0	0	0	0	0	0	0	0	0	0	0	0	0	0	0	0	0	0	0	0	0	0	0	0	0	0	0	0	0	0	0	0	0	0	0	0	0	0	0	0	0	0	0	0
0	0.94189017360977	0.516314368521637	0	0.771209040931654	0	0	0	0	0.63018889673395	0	0	0	0	0	0	0.586791603968273	0	0	0	0.643192949997399	0	0.603505010678871	0	0	0	0.669126003212292	0	0.791685373528736	0	0.647757304038855	0	0	0	0.676977238373368	0.700451090425131	0.526032798020704	0	0.565597565727375	0	0	0.968421334194042	0	0	0	0	0	0	0	0	0	0	0	0	0	0	0	0	0	0	0	0	0	0	0	0	0	0	0	0	0	0	0	0	0	0	0	0	0	0	0	0	0	0	0	0	0	0	0	0
0	0	0	0	0	0	0	0	0.817286834178705	0.682956204282958	0.816476523654517	0	0.699167437075656	0	0.610727053448177	0.694412704162003	0	0.505123426961513	0	0	0	0.777087578025745	0	0	0.630417329225237	0	0.793395143919449	0.577636421159803	0	0	0	0	0	0	0	0.70807418873725	0	0.568042666715091	0	0.933634065422542	0.681579787773571	0	0.548689994273274	0	0	0	0	0	0	0	0	0	0	0	0	0	0	0	0	0	0	0	0	0	0	0	0	0	0	0	0	0	0	0	0	0	0	0	0	0	0	0	0	0	0	0	0	0	0	0
0	0	0	0	0	0	0	0	0	0	0	0	0	0	0	0	0	0	0	0	0	0	0	0	0	0	0	0	0	0	0	0	0	0	0	0	0	0	0	0	0	0	0	0	0	0	0.639731193190976	0	0.516779860364889	0.520552297340821	0	0	0	0	0	0	0	0	0	0	0	0	0	0	0	0	0	0	0	0	0	0	0	0	0	0	0	0	0	0	0	0	0	0	0	0	0	0.953781305759168	0.552145832203923	0.610068901415723
0	0	0	0	0	0	0	0	0	0	0	0	0	0	0	0	0	0	0	0	0	0	0	0	0	0	0	0	0	0	0	0	0	0	0	0	0	0	0	0	0	0	0	0	0	0.609278424627048	0	0.898956293133486	0.591626620244079	0.520214206775046	0	0	0	0	0	0	0	0	0	0	0	0	0	0	0	0	0	0	0	0	0	0	0	0	0	0	0	0	0	0	0	0	0	0	0	0	0	0	0.641556263061819	0.50024761843421
0	0	0	0	0	0	0	0	0	0	0	0	0	0	0	0	0	0	0	0	0	0	0	0	0	0	0	0	0	0	0	0	0	0	0	0	0	0	0	0	0	0	0	0	0	0	0.907902272452023	0	0.775255509131605	0.648357996219708	0.809444934734485	0	0	0	0	0	0	0	0	0	0	0	0	0	0	0	0	0	0	0	0	0	0	0	0	0	0	0	0	0	0	0	0	0	0	0	0	0	0	0.631476976250019
0	0	0	0	0	0	0	0	0	0	0	0	0	0	0	0	0	0	0	0	0	0	0	0	0	0	0	0	0	0	0	0	0	0	0	0	0	0	0	0	0	0	0	0	0	0.520477872999854	0.681191770204083	0.953118215181274	0	0.630423682639392	0.733294338603933	0.776826735698944	0	0	0	0	0	0	0	0	0	0	0	0	0	0	0	0	0	0	0	0	0	0	0	0	0	0	0	0	0	0	0	0	0	0	0	0	0	0
0	0	0	0	0	0	0	0	0	0	0	0	0	0	0	0	0	0	0	0	0	0	0	0	0	0	0	0	0	0	0	0	0	0	0	0	0	0	0	0	0	0	0	0	0	0.949053493737402	0.507625501909121	0.565271297171805	0.840911021621518	0	0.733629925447594	0.651629614546107	0.528255286641689	0	0	0	0	0	0	0	0	0	0	0	0	0	0	0	0	0	0	0	0	0	0	0	0	0	0	0	0	0	0	0	0	0	0	0	0	0
0	0	0	0	0	0	0	0	0	0	0	0	0	0	0	0	0	0	0	0	0	0	0	0	0	0	0	0	0	0	0	0	0	0	0	0	0	0	0	0	0	0	0	0	0	0	0	0.727929039676656	0.549660768724547	0.941840430106059	0	0.535703820966444	0.992427940468963	0.586374993360345	0	0	0	0	0	0	0	0	0	0	0	0	0	0	0	0	0	0	0	0	0	0	0	0	0	0	0	0	0	0	0	0	0	0	0	0
0	0	0	0	0	0	0	0	0	0	0	0	0	0	0	0	0	0	0	0	0	0	0	0	0	0	0	0	0	0	0	0	0	0	0	0	0	0	0	0	0	0	0	0	0	0	0	0	0.774250776028994	0.849317068536745	0.937111207982515	0	0.533852189746908	0.654608329137979	0.875303807721776	0	0	0	0	0	0	0	0	0	0	0	0	0	0	0	0	0	0	0	0	0	0	0	0	0	0	0	0	0	0	0	0	0	0	0
0	0	0	0	0	0	0	0	0	0	0	0	0	0	0	0	0	0	0	0	0	0	0	0	0	0	0	0	0	0	0	0	0	0	0	0	0	0	0	0	0	0	0	0	0	0	0	0	0	0.532571197493029	0.663373413770978	0.926611598659829	0	0.884667351501078	0.700661685814711	0.8343098224786	0	0	0	0	0	0	0	0	0	0	0	0	0	0	0	0	0	0	0	0	0	0	0	0	0	0	0	0	0	0	0	0	0	0
0	0	0	0	0	0	0	0	0	0	0	0	0	0	0	0	0	0	0	0	0	0	0	0	0	0	0	0	0	0	0	0	0	0	0	0	0	0	0	0	0	0	0	0	0	0	0	0	0	0	0.94968066035026	0.874676280676132	0.962553030087437	0	0.921977699196317	0.826696337101185	0.576511086940399	0	0	0	0	0	0	0	0	0	0	0	0	0	0	0	0	0	0	0	0	0	0	0	0	0	0	0	0	0	0	0	0	0
0	0	0	0	0	0	0	0	0	0	0	0	0	0	0	0	0	0	0	0	0	0	0	0	0	0	0	0	0	0	0	0	0	0	0	0	0	0	0	0	0	0	0	0	0	0	0	0	0	0	0	0.788394561113708	0.859523037944545	0.507098906787832	0	0.974916914490612	0.809590793481533	0.964890704232541	0	0	0	0	0	0	0	0	0	0	0	0	0	0	0	0	0	0	0	0	0	0	0	0	0	0	0	0	0	0	0	0
0	0	0	0	0	0	0	0	0	0	0	0	0	0	0	0	0	0	0	0	0	0	0	0	0	0	0	0	0	0	0	0	0	0	0	0	0	0	0	0	0	0	0	0	0	0	0	0	0	0	0	0	0.649227347771262	0.879534778817763	0.610563312820241	0	0.524391728244347	0.630332969465901	0.834492753268392	0	0	0	0	0	0	0	0	0	0	0	0	0	0	0	0	0	0	0	0	0	0	0	0	0	0	0	0	0	0	0
0	0	0	0	0	0	0	0	0	0	0	0	0	0	0	0	0	0	0	0	0	0	0	0	0	0	0	0	0	0	0	0	0	0	0	0	0	0	0	0	0	0	0	0	0	0	0	0	0	0	0	0	0	0.559913230417195	0.834964379841637	0.753305633550315	0	0.86941675288172	0.982753073583245	0.549905973245828	0	0	0	0	0	0	0	0	0	0	0	0	0	0	0	0	0	0	0	0	0	0	0	0	0	0	0	0	0	0
0	0	0	0	0	0	0	0	0	0	0	0	0	0	0	0	0	0	0	0	0	0	0	0	0	0	0	0	0	0	0	0	0	0	0	0	0	0	0	0	0	0	0	0	0	0	0	0	0	0	0	0	0	0	0.83135915378553	0.583644277384792	0.516332990425463	0	0.846844475876984	0.890515351332666	0.805946272679518	0	0	0	0	0	0	0	0	0	0	0	0	0	0	0	0	0	0	0	0	0	0	0	0	0	0	0	0	0
0	0	0	0	0	0	0	0	0	0	0	0	0	0	0	0	0	0	0	0	0	0	0	0	0	0	0	0	0	0	0	0	0	0	0	0	0	0	0	0	0	0	0	0	0	0	0	0	0	0	0	0	0	0	0	0.61114516690392	0.835478037209791	0.736693652198616	0	0.975826232610796	0.712316991829465	0.778927048491827	0	0	0	0	0	0	0	0	0	0	0	0	0	0	0	0	0	0	0	0	0	0	0	0	0	0	0	0
0	0	0	0	0	0	0	0	0	0	0	0	0	0	0	0	0	0	0	0	0	0	0	0	0	0	0	0	0	0	0	0	0	0	0	0	0	0	0	0	0	0	0	0	0	0	0	0	0	0	0	0	0	0	0	0	0.728329330977464	0.689915340167643	0.525624909148977	0	0.916794054644124	0.977953688844171	0.750944131146984	0	0	0	0	0	0	0	0	0	0	0	0	0	0	0	0	0	0	0	0	0	0	0	0	0	0	0
0	0	0	0	0	0	0	0	0	0	0	0	0	0	0	0	0	0	0	0	0	0	0	0	0	0	0	0	0	0	0	0	0	0	0	0	0	0	0	0	0	0	0	0	0	0	0	0	0	0	0	0	0	0	0	0	0	0.74798003444152	0.753103793164405	0.569575604249137	0	0.924871787901435	0.725887399998866	0.909568844189102	0	0	0	0	0	0	0	0	0	0	0.599050668212373	0	0	0	0	0	0	0	0	0	0	0	0	0	0	0
0	0	0	0	0	0	0	0	0	0	0	0	0	0	0	0	0	0	0	0	0	0	0	0	0	0	0	0	0	0	0	0	0	0	0	0	0	0	0	0	0	0	0	0	0	0	0	0	0	0	0	0	0	0	0	0	0	0	0.521718816000218	0.789272470542324	0.822675165785391	0	0.514845440847825	0.557988842260908	0.741796877024144	0	0	0	0	0	0	0	0	0	0	0	0	0	0	0	0	0	0	0	0	0	0	0	0	0
0	0	0	0	0	0	0	0	0	0	0	0	0	0	0	0	0	0	0	0	0	0	0	0	0	0	0	0	0	0	0	0	0	0	0	0	0	0	0	0	0	0	0	0	0	0	0	0	0	0	0	0	0	0	0	0	0	0	0	0.860395973575408	0.591684140163981	0.506392695462045	0	0.722822475965808	0.691600322605901	0.688308992082299	0	0	0	0	0	0	0	0	0	0	0	0	0	0	0	0	0	0	0	0	0	0	0	0
0	0	0	0	0	0	0	0	0	0	0	0	0	0	0	0	0	0	0	0	0	0	0	0	0	0	0	0	0	0	0	0	0	0	0	0	0	0	0	0	0	0	0	0	0	0	0	0	0	0	0	0	0	0	0	0	0	0	0	0	0.80201561917253	0.939937978565468	0.527487118957147	0	0.992947813837471	0.793571031463288	0.659723827431856	0	0	0	0	0	0	0	0	0	0	0	0	0	0	0	0	0	0	0	0	0	0	0
0	0	0	0	0	0	0	0	0	0	0	0	0	0	0	0	0	0	0	0	0	0	0	0	0	0	0	0	0	0	0	0	0	0	0	0	0	0	0	0	0	0	0	0	0	0	0	0	0	0	0	0	0	0	0	0	0	0	0	0	0	0.777105883887133	0.978855357728781	0.585745119677113	0	0.505270778338516	0.844542540913885	0.513819544561518	0	0	0	0	0	0	0	0	0	0	0	0	0	0	0	0	0	0	0	0	0	0
0	0	0	0	0	0	0	0	0	0	0	0	0	0	0	0	0	0	0	0	0	0	0	0	0	0	0	0	0	0	0	0	0	0	0	0	0	0	0	0	0	0	0	0	0	0	0	0	0	0	0	0	0	0	0	0	0	0	0	0	0	0	0.661940718345168	0.866488445032088	0.807915534371985	0	0.594706011525768	0.878312121794278	0.896995033726857	0	0	0	0	0	0	0	0	0	0	0	0	0	0	0	0	0	0	0	0	0
0	0	0	0	0	0	0	0	0	0	0	0	0	0	0	0	0	0	0	0	0	0	0	0	0	0	0	0	0	0	0	0	0	0	0	0	0	0	0	0	0	0	0	0	0	0	0	0	0	0	0	0	0	0	0	0	0	0	0	0	0	0	0	0.878760224833993	0.633494601716776	0.773916844685056	0	0.954707347966917	0.551229382723936	0.651922286145011	0	0	0	0	0	0	0	0	0	0	0	0	0	0	0	0	0	0	0.736093931334746	0
0	0	0	0	0	0	0	0	0	0	0	0	0	0	0	0	0	0	0	0	0	0	0	0	0	0	0	0	0	0	0	0	0	0	0	0	0	0	0	0	0	0	0	0	0	0	0	0	0	0	0	0	0	0	0	0	0	0	0	0	0	0	0	0	0.741356690150957	0.675665823243948	0.541924471584452	0	0.59589794950827	0.598725823299114	0.600066983523143	0	0	0	0	0	0	0	0	0	0	0	0	0	0	0	0	0	0	0
0	0	0	0	0	0	0	0	0	0	0	0	0	0	0	0	0	0	0	0	0	0	0	0	0	0	0	0	0	0	0	0	0	0	0	0	0	0	0	0	0	0	0	0	0	0	0	0	0	0	0	0	0	0	0	0	0	0	0	0	0	0	0	0	0	0.866564207930914	0.947800370655102	0.794670576437067	0	0.781398687338778	0.86237572981945	0.709158112409441	0	0	0	0	0	0	0	0	0	0	0	0	0	0	0.787478262254664	0	0	0
0	0	0	0	0	0	0	0	0	0	0	0	0	0	0	0	0	0	0	0	0	0	0	0	0	0	0	0	0	0	0	0	0	0	0	0	0	0	0	0	0	0	0	0	0	0	0	0	0	0	0	0	0	0	0	0	0	0	0	0	0	0	0	0	0	0	0.801715948349897	0.88245349064846	0.574137553586075	0	0.762851147401976	0.996391825146093	0.919173643593388	0	0	0	0	0	0	0	0	0	0	0	0	0	0	0	0	0
0	0	0	0	0	0	0	0	0	0	0	0	0	0	0	0	0	0	0	0	0	0	0	0	0	0	0	0	0	0	0	0	0	0	0	0	0	0	0	0	0	0	0	0	0	0	0	0	0	0	0	0	0	0	0	0	0	0	0	0	0	0	0	0	0	0	0	0.512259174766086	0.773717121738967	0.736900069011621	0	0.513160430251041	0.561944466960565	0.633117745640859	0	0	0	0	0	0	0	0	0	0	0	0	0	0	0	0
0	0	0	0	0	0	0	0	0	0	0	0	0	0	0	0	0	0	0	0	0	0	0	0	0	0	0	0	0	0	0	0	0	0	0	0	0	0	0	0	0	0	0	0	0	0	0	0	0	0	0	0	0	0	0	0	0	0	0	0	0	0	0	0	0	0	0	0	0.934805025359827	0.903453350979278	0.950336875605633	0	0.908537916536276	0.986655817701716	0.87630300808757	0	0	0	0	0	0	0	0	0	0	0	0	0	0	0
0	0	0	0	0	0	0	0	0	0	0	0	0	0	0	0	0	0	0	0	0	0	0	0	0	0	0	0	0	0	0	0	0	0	0	0	0	0	0	0	0	0	0	0	0	0	0	0	0	0	0	0	0	0	0	0	0	0	0	0	0	0	0	0	0	0	0	0	0	0.679445752863197	0.842969493909391	0.53632556875397	0	0.729681900710012	0.845136830504888	0.600109797302292	0	0	0	0	0	0	0	0	0	0	0	0	0	0
0	0	0	0	0	0	0	0	0	0	0	0	0	0	0	0	0	0	0	0	0	0	0	0	0	0	0	0	0	0	0	0	0	0	0	0	0	0	0	0	0	0	0	0	0	0	0	0	0	0	0	0	0	0	0	0	0	0	0	0	0	0	0	0	0	0	0	0	0	0	0.591092762405485	0.719210738852126	0.807443576925432	0	0.915192693656375	0.652884030274822	0.57434922556894	0	0	0	0	0	0	0	0	0	0	0	0	0
0	0	0	0	0	0	0	0	0	0	0	0	0	0	0	0	0	0	0	0	0	0	0	0	0	0	0	0	0	0	0	0	0	0	0	0	0	0	0	0	0	0	0	0	0	0	0	0	0	0	0	0	0	0	0	0	0	0	0	0	0.994855440507771	0	0	0	0	0	0	0	0	0	0	0.861521392730081	0.974666216947263	0.744562944188839	0	0.716734069619062	0.753896193033549	0	0	0	0	0	0	0	0	0	0	0	0	0
0	0	0	0	0	0	0	0	0	0	0	0	0	0	0	0	0	0	0	0	0	0	0	0	0	0	0	0	0	0	0	0	0	0	0	0	0	0	0	0	0	0	0	0	0	0	0	0	0	0	0	0	0	0	0	0	0	0	0	0	0	0	0	0	0	0	0	0	0	0	0	0	0.91840780495107	0.534344658018513	0.862597779319948	0	0.922517644219075	0.506624798227415	0.730211089589522	0	0	0	0	0	0	0	0	0	0	0
0	0	0	0	0	0	0	0	0	0	0	0	0	0	0	0	0	0	0	0	0	0	0	0	0	0	0	0	0	0	0	0	0	0	0	0	0	0	0	0	0	0	0	0	0	0	0	0	0	0	0	0	0	0	0	0	0	0	0	0	0	0	0	0	0	0	0	0	0	0	0	0	0	0.989999363228983	0.74277719052649	0.601121833258682	0	0.722070596295137	0.814659577463469	0.679250195145302	0	0	0	0	0	0	0	0	0	0
0	0	0	0	0	0	0	0	0	0	0	0	0	0	0	0	0	0	0	0	0	0	0	0	0	0	0	0	0	0	0	0	0	0	0	0	0	0	0	0	0	0	0	0	0	0	0	0	0	0	0	0	0	0	0	0	0	0	0	0	0	0	0	0	0	0	0	0	0	0	0	0	0	0	0	0.512480407447634	0.780194199632624	0	0.611129560570008	0.694597400936178	0.802058758646742	0	0	0	0	0	0	0	0	0
0	0	0	0	0	0	0	0	0	0	0	0	0	0	0	0	0	0	0	0	0	0	0	0	0	0	0	0	0	0	0	0	0	0	0	0	0	0	0	0	0	0	0	0	0	0	0	0	0	0	0	0	0	0	0	0	0	0	0	0	0	0	0	0	0	0	0	0	0	0	0	0	0	0	0	0.633126768410554	0.940758250693543	0.917538356905857	0	0.868873171886921	0.583629865935301	0.825721911895543	0	0	0	0	0	0	0	0
0	0	0	0	0	0	0	0	0	0	0	0	0	0	0	0	0	0	0	0	0	0	0	0	0	0	0	0	0	0	0	0	0	0	0	0	0	0	0	0	0	0	0	0	0	0	0	0	0	0	0	0	0	0	0	0	0	0	0	0	0	0	0	0	0	0	0	0	0	0	0	0	0	0	0	0	0.710700679390353	0.782498523987442	0.749984242374971	0	0.776903240371235	0.562347854951398	0.692821430368071	0	0	0	0	0	0	0
0	0	0	0	0	0	0	0	0	0	0	0	0	0	0	0	0	0	0	0	0	0	0	0	0	0	0	0	0	0	0	0	0	0	0	0	0	0	0	0	0	0	0	0	0	0	0	0	0	0	0	0	0	0	0	0	0	0	0	0	0	0	0	0	0	0	0	0	0	0	0	0	0	0	0	0	0	0.605890808624417	0.577884466188472	0.790374547945637	0	0.596637587458184	0.51117592367217	0.861342384269489	0	0	0	0	0	0
0	0	0	0	0	0	0	0	0	0	0	0	0	0	0	0	0	0	0	0	0	0	0	0	0	0	0	0	0	0	0	0	0	0	0	0	0	0	0	0	0	0	0	0	0	0	0	0	0	0	0	0	0	0	0	0	0	0	0	0	0	0	0	0	0	0	0	0	0	0	0	0	0	0	0	0	0	0	0.839435493070356	0.930480277975025	0.54301368918406	0	0.806674991662983	0.702444244455861	0.983746095110119	0	0	0	0	0
0	0	0	0	0	0	0	0	0	0	0	0	0	0	0	0	0	0	0	0	0	0	0	0	0	0	0	0	0	0	0	0	0	0	0	0	0	0	0	0	0	0	0	0	0	0	0	0	0	0	0	0	0	0	0	0	0	0	0	0	0	0	0	0	0	0	0	0	0	0	0	0	0	0	0	0	0	0	0	0.618108552306275	0.506554772136845	0.979437669138888	0	0.554808015922568	0.771515102712506	0.925367702260102	0	0	0	0
0	0	0	0	0	0	0	0	0	0	0	0	0	0	0	0	0	0	0	0	0	0	0	0	0	0	0	0	0	0	0	0	0	0	0	0	0	0	0	0	0	0	0	0	0	0	0	0	0	0	0	0	0	0	0	0	0	0	0	0	0	0	0	0	0	0	0	0	0	0	0	0	0	0	0	0	0	0	0	0	0.580980670228135	0.568516370894456	0.60508756609034	0	0.965682386184168	0.828814270123058	0.550336452455606	0	0	0
0	0	0	0	0	0	0	0	0	0	0	0	0	0	0	0	0	0	0	0	0	0	0	0	0	0	0	0	0	0	0	0	0	0	0	0	0	0	0	0	0	0	0	0	0	0	0	0	0	0	0	0	0	0	0	0	0	0	0	0	0	0	0	0	0	0	0	0	0	0	0	0	0	0	0	0	0	0	0	0	0	0.744505964799999	0.520232962173521	0.767514098898261	0	0.62771968027796	0.916972031135846	0.76510296380318	0	0
0	0	0	0	0	0	0	0	0	0	0	0	0	0	0	0	0	0	0	0	0	0	0	0	0	0	0	0	0	0	0	0	0	0	0	0	0	0	0	0	0	0	0	0	0	0	0	0	0	0	0	0	0	0	0	0	0	0	0	0	0	0	0	0	0	0	0	0	0	0	0	0	0	0	0	0	0	0	0	0	0	0	0.972405573982442	0.620667535442109	0.587182081319607	0	0.717517527647904	0.601486890744671	0.673171569999653	0
0	0	0	0	0	0	0	0	0	0	0	0	0	0	0	0	0	0	0	0	0	0	0	0	0	0	0	0	0	0	0	0	0	0	0	0	0	0	0	0	0	0	0	0	0	0	0	0	0	0	0	0	0	0	0	0	0	0	0	0	0	0	0	0	0	0	0	0	0.967491642739349	0	0	0	0	0	0	0	0	0	0	0	0	0	0	0.836731234577905	0.580692850822549	0.825147138437948	0	0	0.701524293102945	0.543590762353441
0	0	0	0	0	0	0	0	0	0	0	0	0	0	0	0	0	0	0	0	0	0	0	0	0	0	0	0	0	0	0	0	0	0	0	0	0	0	0	0	0	0	0	0	0	0.729980422135988	0	0	0	0	0	0	0	0	0	0	0	0	0	0	0	0	0	0	0	0	0	0	0	0	0	0	0	0	0	0	0	0	0	0	0	0	0	0	0.618653205676767	0.671645272169451	0	0	0.832472836863079	0.566920378885436
0	0	0	0	0	0	0	0	0	0	0	0	0	0	0	0	0	0	0	0	0	0	0	0	0	0	0	0	0	0	0	0	0	0	0	0	0	0	0	0	0	0	0	0	0	0.999362307036362	0.941948536806151	0	0	0	0	0	0	0	0	0	0	0	0	0	0	0	0	0	0	0	0.736763627494575	0	0	0	0	0	0	0	0	0	0	0	0	0	0	0	0	0	0	0.811017216759755	0.508558119085114	0.697523795774631	0	0
0	0	0	0	0	0	0	0	0	0	0	0	0	0	0	0	0	0	0	0	0	0	0	0	0	0	0	0	0	0	0	0	0	0	0	0	0	0	0	0	0	0	0	0	0	0.711328056976185	0.975995857642297	0.778890898125844	0	0	0	0	0	0	0	0	0	0	0	0	0	0	0	0	0	0	0	0	0	0	0	0	0	0	0	0	0	0	0	0	0	0	0	0	0	0	0.748395451864698	0.608380816029624	0	0
