0	0.715390506812085	0.857089033848801	0.769829565944681	0.599430942917864	0.672957920579201	0.927203900902535	0.639449321920807	0	0	0	0	0	0	0	0	0	0	0	0	0	0	0	0	0	0	0	0	0	0	0	0	0	0	0	0	0	0	0.815197634761069	0.824060191722228	0.5946906477765	0.843487349709519	0.783086343674495	0.664319163507737	0.614451471387824	0	0	0	0	0	0	0	0	0	0	0	0	0	0	0	0	0	0	0	0	0	0	0	0	0	0	0	0	0	0	0	0	0	0	0	0	0	0	0	0	0	0	0	0	0
0.599961960659969	0	0.885680985488963	0.643042520193219	0.738706087006552	0.665307997264803	0.76998607765097	0.511939364647626	0.871488076186576	0	0	0	0	0	0	0	0	0	0	0	0	0	0	0	0	0	0	0	0	0	0	0	0	0	0	0	0	0	0	0.549880717002248	0.811240323757578	0.809201892234601	0.780632774441816	0.734770472778379	0.61779769739494	0	0	0	0	0	0	0	0	0	0	0	0	0	0	0	0	0	0	0	0	0	0	0	0	0	0	0	0	0	0	0	0	0	0	0	0	0	0	0	0	0	0	0	0	0
0.836546552497094	0.596131299565347	0	0.772590984460383	0.887385962909924	0.568253063978405	0.942868392506872	0.985449343036082	0.869564235307972	0.559869657825119	0	0	0	0	0	0	0	0	0	0	0	0	0	0	0	0	0	0	0	0	0	0	0	0	0	0	0	0	0	0	0.596068291831477	0.663476126989124	0.74973948537771	0.898310214572575	0.863836998526201	0	0	0	0	0	0	0	0	0	0	0	0	0	0	0	0	0	0	0	0	0	0	0	0	0	0	0	0	0	0	0	0	0	0	0	0	0	0	0	0	0	0	0	0	0
0.535605119709541	0.915556252868224	0.680509983795656	0	0.944195885275335	0.850390833331962	0.827917236257085	0.595205487234635	0.989371340672736	0.879116912732473	0.999227363547626	0	0	0	0	0	0	0	0	0	0	0	0	0	0	0	0	0	0	0	0	0	0	0	0	0	0	0	0	0	0	0.587670661048258	0.580262925687847	0.645536458120616	0.521802564890733	0	0	0	0	0	0	0	0	0	0	0	0	0	0	0	0	0	0	0	0	0	0	0	0	0	0	0	0	0	0	0	0	0	0	0	0	0	0	0	0	0	0	0	0	0
0.892291564939824	0.752815610369719	0.729511727828438	0.578401233641621	0	0.862624867425858	0.624371731276387	0.845883412131121	0.583692030177689	0.676689080326188	0.988311849260441	0.646344163174748	0	0	0	0	0	0	0	0	0	0	0	0	0	0	0	0	0	0	0	0	0	0	0	0	0	0	0	0	0	0	0.638288627907767	0.645981015424578	0.829601737425474	0	0	0	0	0	0	0	0	0	0	0	0	0	0	0	0	0	0	0	0	0	0	0	0	0	0	0	0	0	0	0	0	0	0	0	0	0	0	0	0	0	0	0	0	0
0.863983264269418	0.597186622595256	0.931943470495417	0.704800965645728	0.997800664691049	0	0.995118662454123	0.941168695371237	0.74370691581448	0.577587594484467	0.7453193386443	0.843191741039649	0.766914117926862	0	0	0	0	0	0	0	0	0	0	0	0	0	0	0	0	0	0	0	0	0	0	0	0	0	0	0	0	0	0	0.683524125193811	0	0	0	0	0	0	0	0	0	0	0	0	0	0	0	0	0	0	0	0	0	0	0	0	0	0	0	0	0	0	0	0	0	0	0	0	0	0	0	0	0	0	0	0	0	0
0.942963110456707	0.603092577044074	0.884629571007461	0.971277894169998	0.732057508936212	0.513774786898379	0	0.650457003606212	0.868934382961664	0.831447253712519	0.524157166461452	0.805760167291116	0.796986363349391	0.742959961852368	0	0	0	0	0	0	0	0	0	0	0	0	0	0	0	0.622727271803605	0	0	0	0	0.891602940589909	0	0	0	0	0	0	0	0	0	0.753792722687538	0	0	0	0	0	0	0	0	0	0	0	0	0	0	0	0	0	0	0	0	0	0	0	0	0	0	0	0	0	0	0	0	0	0	0	0	0	0	0	0	0	0	0	0	0
0.975219114045918	0.604951344051074	0.816625287007819	0.905968769635362	0.957780795405617	0.557666414028465	0.753100282520188	0	0.975778002387504	0.798040412256568	0.724221074218545	0.665018137892688	0.632962036533921	0.823371145424497	0.806107306124588	0	0	0	0	0	0	0	0	0	0	0	0	0	0	0	0	0	0	0	0	0	0	0	0	0	0	0	0	0	0	0	0	0	0	0	0	0	0	0	0	0	0	0	0	0	0	0	0	0	0	0	0	0	0	0	0	0	0	0	0	0	0	0	0	0	0	0	0	0	0	0	0	0	0	0
0	0.854378996762888	0.61380377529994	0.83413588314986	0.637775857157717	0.518277176065462	0.967458145079528	0.80112281751478	0	0.984314565639729	0.680032273856085	0.96062240322448	0.809903648470283	0.722183272105006	0.708810782050103	0.807127852518359	0	0	0.839242518829977	0	0	0	0	0	0	0	0	0	0	0	0	0	0	0	0	0	0	0	0	0	0	0	0	0	0	0	0	0	0	0	0	0	0	0	0	0	0	0	0	0	0	0	0	0	0	0	0	0	0	0	0	0	0	0	0	0	0	0	0	0	0	0	0	0	0	0	0	0	0	0
0	0	0.60360834534501	0.968802235092063	0.717744649797827	0.6075054462688	0.606718970722631	0.562208421362099	0.642005738504692	0	0.78581384275688	0.83888020589589	0.515939341824397	0.591823691959577	0.88990719172743	0.753060590920571	0.682854462298953	0	0	0	0	0	0	0	0	0	0	0	0	0	0	0	0	0	0	0	0	0	0	0	0	0	0	0	0	0	0	0	0	0	0	0	0	0	0	0	0	0	0	0	0	0	0	0	0	0	0	0	0	0	0	0	0	0	0	0	0	0	0	0	0	0	0	0	0	0	0	0	0	0
0	0	0	0.594891635116325	0.76492332319252	0.880798942957999	0.804722775278806	0.501637144280549	0.852422865202769	0.855983004053434	0	0.873064174045426	0.799195299934246	0.585975577572191	0.56258314583618	0.739582106315077	0.720391883284953	0.77199104900224	0	0	0	0	0	0	0	0	0	0	0	0	0	0	0	0	0	0	0	0	0	0	0	0	0	0	0	0	0	0	0	0	0	0	0	0	0	0	0	0	0	0	0	0	0	0	0	0	0	0	0	0	0	0	0	0	0	0	0	0	0	0	0	0	0	0	0	0	0	0	0	0
0	0	0	0	0.94841734558199	0.985401990298203	0.520494038720107	0.595708489545592	0.684932086695079	0.91126251847115	0.784818459718982	0	0.894865670965854	0.846265501193433	0.656496236097209	0.915963487477521	0.59313748770776	0.683793913535768	0.840594501696075	0	0	0	0	0	0	0	0	0	0	0	0	0	0	0	0	0	0	0	0	0	0	0	0	0	0	0	0	0	0	0	0	0	0	0	0	0	0	0	0	0	0	0	0	0	0	0	0	0	0	0	0	0	0	0	0	0	0	0	0	0	0	0	0	0	0	0	0	0	0	0
0	0	0	0	0	0.94326204748252	0.576824145182937	0.559911958653415	0.91663675947705	0.589612457054925	0.598309418009866	0.995046061846782	0	0.611382943098647	0.631529217392754	0.702733372988408	0.611010498186067	0.736836924930336	0.597906109900159	0.787771953000275	0	0	0	0	0	0	0	0	0	0	0	0	0	0	0	0	0	0	0	0	0	0	0	0	0	0	0	0	0	0	0	0	0	0	0	0	0	0	0	0	0	0	0	0	0	0	0	0	0	0	0	0	0	0	0	0	0	0	0	0	0	0	0	0	0	0	0	0	0	0
0	0	0	0	0	0	0.980807925769584	0.909594574633237	0.653075787753961	0.668911153926964	0.811234650138389	0.978225184771184	0.958052295398449	0	0.743143186239825	0.948579482112475	0.93237081946887	0.698592003959889	0.992593406987251	0.927322907401709	0.671744585923059	0	0	0	0	0	0	0	0	0	0	0	0	0	0	0	0	0	0	0	0	0	0	0	0.763099763886494	0	0	0	0	0	0	0	0	0	0	0	0	0	0	0	0	0	0	0	0	0	0	0	0	0	0	0	0	0	0	0	0	0	0	0	0	0	0	0	0	0	0	0	0	0
0	0	0	0	0	0	0	0.743735467561552	0.846762528851083	0.769541543644153	0.595037474069342	0.714606717558635	0.787971477589498	0.84801298467094	0	0.795469381018558	0.943566655725868	0.521099930948267	0.521101336717784	0.638071349992092	0.960737804117636	0.982740741975491	0	0	0	0	0	0	0	0	0	0	0	0	0	0	0	0	0	0	0	0	0	0	0	0	0	0	0	0	0	0	0	0	0	0	0	0	0	0	0	0	0	0	0	0	0	0	0	0	0	0	0	0	0	0	0	0	0	0	0	0	0	0	0	0	0	0	0	0
0	0	0	0	0	0	0	0	0.955652521447519	0.611770624402352	0.792260302205179	0.752559239695806	0.594323051172479	0.527248049988644	0.832661589261549	0	0.605323876884251	0.866167522522046	0.969016552225528	0.644396849335264	0.744309185965445	0.90415584185726	0.780270454945748	0	0	0	0	0	0	0	0	0	0	0	0	0	0	0	0	0	0	0	0	0	0	0	0	0	0	0	0	0	0	0	0	0	0	0	0	0	0	0	0	0	0	0	0	0	0	0	0	0	0	0	0	0	0	0	0	0	0	0	0	0	0	0	0	0	0	0
0	0	0	0	0	0	0	0	0	0.890741729850896	0.628807592332292	0.510884226104399	0.940343016795471	0.954809713685934	0.533818299072709	0.659871751554931	0	0.757427252673755	0.670904021538852	0.714822696056096	0.720063789081536	0.971620542534404	0.872412976275236	0.987099375853038	0	0	0	0	0	0	0	0	0	0	0	0	0	0	0	0	0	0	0	0	0	0	0	0	0	0	0	0	0	0	0	0	0	0	0	0	0	0	0	0	0	0	0	0	0	0	0	0	0	0	0	0	0	0	0	0	0	0	0	0	0	0	0	0	0	0
0	0	0	0	0	0	0	0	0	0	0.644549880687373	0.63523869551974	0.623864961033317	0.833999284277083	0.542240139123322	0.733278536414432	0.563458177785926	0	0.961435069925425	0.572749928768558	0.614187483623279	0.547953293053516	0.727160057385068	0.792228222431198	0.57235090041266	0	0	0	0	0	0	0	0	0	0	0	0	0	0	0	0	0	0	0	0	0	0	0	0	0	0	0	0	0	0	0	0	0	0	0	0	0	0	0	0	0	0	0	0	0	0	0	0	0	0	0	0	0	0	0	0	0	0	0	0	0	0	0	0	0
0	0	0	0	0	0	0	0	0.819388594973286	0	0	0.703499421220601	0.595102462350353	0.788852092481024	0.835303009870884	0.518139991949828	0.571710318061988	0.785354854804404	0	0	0.799737709034465	0.732993654441774	0.583056454844314	0.95963124521225	0.529534492349755	0.541616593698596	0	0	0	0	0	0	0	0	0	0	0	0	0	0	0	0	0	0	0	0	0	0	0	0	0	0	0	0	0	0	0	0	0	0	0	0	0	0	0	0	0	0	0	0	0	0	0	0	0	0	0	0	0	0	0	0	0	0	0	0	0	0	0	0
0	0	0	0	0	0	0	0	0	0	0	0	0.937233538831084	0.948583113785414	0.854524341738585	0.980610503832614	0.898024591057646	0.744485944762904	0	0	0.600897998240534	0.717776734685988	0.904856024128603	0.723711143073494	0.71675541803509	0.714381735445023	0.822986062077967	0	0.977698063036795	0	0	0	0	0	0	0	0	0	0	0	0	0	0	0	0	0	0	0	0	0	0	0	0	0	0	0	0	0	0	0	0	0	0	0	0	0	0	0	0	0	0	0	0	0	0	0	0	0	0	0	0	0	0	0	0	0	0	0	0	0
0	0	0	0	0	0	0	0	0	0	0	0	0	0.880992076182561	0.628744091892577	0.738919656584755	0.673458475006047	0.989257826903576	0.589590640963779	0.527520819419324	0	0.97851927144971	0.727684288950718	0.757573521569584	0.894009161454945	0.603361245657057	0.928901063744297	0.964519612934055	0	0	0	0.726751321599814	0	0	0	0	0	0	0	0	0	0	0	0	0	0	0	0	0	0	0	0	0	0	0	0	0	0	0	0	0	0	0	0	0	0	0	0	0	0	0	0	0	0	0	0	0	0	0	0	0	0	0	0	0	0	0	0	0	0
0	0	0	0	0	0	0	0	0	0	0	0	0	0	0.849107137100467	0.573708300127774	0.802080786891502	0.603961108876385	0.880681697148073	0.624372546174615	0.965508569903532	0	0	0.890129860619215	0.847631164665872	0.95238787760489	0.750164417504294	0.612493108675934	0.703159807000632	0	0	0	0	0	0	0	0	0	0	0	0	0	0.617455793324813	0	0	0	0	0	0	0	0	0	0	0	0	0	0	0	0	0	0	0	0	0	0	0	0	0	0	0	0	0	0	0	0	0	0	0	0	0	0	0	0	0	0	0	0	0	0	0
0	0	0	0	0	0	0	0	0	0	0	0	0	0	0	0.707625090515087	0.808152832443952	0.97421129380245	0.946565632371121	0.90201933764182	0.900295497440893	0	0	0.711522142820628	0.830352100988895	0.831193699425417	0.581826412209869	0.663469518769043	0.863195504727941	0.614727290086189	0	0	0	0	0	0	0	0	0	0	0	0	0	0	0	0	0	0	0	0	0	0	0	0	0	0	0	0	0	0	0	0	0	0	0	0	0	0	0	0	0	0	0	0	0	0	0	0	0	0	0	0	0	0	0	0	0	0	0	0
0	0	0	0	0	0	0	0	0	0	0	0	0	0	0	0	0.805549465587735	0.788663276017658	0.785477833478165	0.67415197448805	0.846208448715756	0.82666049577714	0.858800025836923	0	0.856299484443901	0.711111983869153	0.566490110410189	0.745671788653724	0.919863660822989	0.604555745067172	0.713799741145586	0	0	0	0	0	0	0	0	0	0	0	0	0	0	0	0	0	0	0	0	0	0	0	0	0	0	0	0	0	0	0	0	0	0	0	0	0	0	0	0	0	0	0	0	0	0	0	0	0	0	0	0	0	0	0	0	0	0	0
0	0	0	0	0	0	0	0	0	0	0	0	0	0	0	0	0	0.627142847295558	0.61943293735474	0.51120064703737	0.694755635417984	0.509536089002112	0.755654058357372	0.888275437195373	0	0.959842496985991	0.809531773282978	0.558373945284566	0.779665142744276	0.941628964568842	0.590623031160965	0.836226872445865	0	0	0	0	0	0	0	0	0	0	0	0	0	0	0	0	0	0	0	0	0	0	0	0	0	0	0	0	0	0	0	0	0	0	0	0	0	0	0	0	0	0	0	0	0	0	0	0	0	0	0	0	0	0	0	0	0	0
0	0	0	0	0	0	0	0	0	0	0	0	0	0	0	0	0	0	0.718169931788657	0.699990268500058	0.960158888197059	0.719981936630932	0.588966022056922	0.669051730784769	0.900642991150962	0	0.757790266014648	0.977662815477975	0.629113647530493	0.910811966370772	0.947992478414485	0.545828515879547	0.553384199056894	0	0	0	0	0	0	0	0	0	0	0	0	0	0	0	0	0	0	0	0	0	0	0	0	0	0	0	0	0	0	0	0	0	0	0	0	0	0	0	0	0	0	0	0	0	0	0	0	0	0	0	0	0	0	0	0	0
0	0	0	0	0	0	0	0	0	0	0	0	0	0	0	0	0	0	0	0.674077006146641	0.656408538005889	0.727090799963361	0.659319520080548	0.752338340418355	0.599659488745037	0.956866532027034	0	0.730212783405672	0.821852185092473	0.889868211609131	0.928024023783188	0.645877704390139	0.506921680799837	0.975073566840458	0	0	0	0	0	0	0	0	0	0	0	0	0	0	0	0	0	0	0	0	0	0	0	0	0	0	0	0	0	0	0	0	0	0	0	0	0	0	0	0	0	0	0	0	0	0	0	0	0	0	0	0	0	0	0	0
0	0	0	0	0	0	0	0	0	0	0	0	0	0	0	0	0	0	0	0	0.939105538173548	0.574397237035754	0.930766761962481	0.643519908416873	0.627980705637976	0.555334562841962	0.780730483076789	0	0.818664621447303	0.891015232744668	0.528957746315772	0.980432130299339	0.864111312991466	0.950499461260316	0.603954380167819	0	0	0	0	0	0	0	0	0	0	0	0	0	0	0	0	0	0	0	0	0	0	0	0	0	0	0	0	0	0	0	0	0	0	0	0	0	0	0	0	0	0	0	0	0	0	0	0	0	0	0	0	0	0	0
0	0	0	0	0	0	0	0	0	0	0	0	0	0	0	0	0	0	0	0.901776588954912	0	0.926605266890194	0.85067573814794	0.656490905344647	0.761745089092414	0.558572822089921	0.673636460210043	0.534862645694628	0	0.514716473239382	0.906629168395083	0.536644993804044	0	0.59348274122632	0.817207736062569	0.878372257250877	0	0	0	0	0	0	0	0	0	0	0	0	0	0	0	0	0	0	0	0	0	0	0	0	0	0	0	0	0	0	0	0	0	0	0	0	0	0	0	0	0	0	0	0	0	0	0	0	0	0	0	0	0	0
0	0	0	0	0	0	0.798968798477644	0	0	0	0	0	0	0	0	0	0	0	0	0	0	0	0.577442025609374	0.90589813547606	0.993427631964473	0.711192481759686	0.735221258002295	0.635801331021584	0.717014883265855	0	0.674369655175097	0.502501085587425	0	0.895285548508207	0.876969300755699	0.896872988215271	0.704574996389122	0	0	0	0	0	0	0	0	0	0	0	0	0	0	0	0	0	0	0	0	0	0	0	0	0	0	0	0	0	0	0	0	0	0	0	0	0	0	0	0	0	0	0	0	0	0	0	0	0	0	0	0	0
0	0	0	0	0	0	0	0	0	0	0	0	0	0	0	0	0	0	0	0	0	0	0	0.874048094452066	0.578641229849756	0.879517497070173	0.667474583317759	0.964559309275971	0.589177493854108	0.674451455923536	0	0.982677469946325	0.599774832814827	0.662957313657678	0.950556425895476	0.836018154314573	0.828126760438702	0.84394631292234	0	0	0	0	0	0	0	0	0	0	0	0	0	0	0	0	0	0	0	0	0	0	0	0	0	0	0	0	0	0	0	0	0	0	0	0	0	0	0	0	0	0	0	0	0	0	0	0	0	0	0	0
0	0	0	0	0	0	0	0	0	0	0	0	0	0	0	0	0	0	0	0	0.915685996930129	0	0	0	0.538826524345134	0.897023903645658	0.50896088514241	0.808528553240402	0.652329471142383	0.768253131171572	0.926056843140668	0	0.975409577582675	0.619638056708813	0.924144326537302	0.584149128187355	0.721623337423024	0	0.81827690094062	0	0	0	0	0	0	0	0	0	0	0	0	0	0	0	0	0	0	0	0	0	0	0	0	0	0	0	0	0	0	0	0	0	0	0	0	0	0	0	0	0	0	0	0	0	0	0	0	0	0	0
0	0	0	0	0	0	0	0	0	0	0	0	0	0	0	0	0	0	0	0	0	0	0	0	0	0.982636153015536	0.669107835539177	0.740894811370031	0	0	0.726214040133085	0.995157591576995	0	0.648799742501896	0.998095464627875	0.711975199877295	0.529347554202279	0.644149607311298	0.618555092010448	0.969458591465056	0	0	0	0	0	0	0	0	0	0	0	0	0	0	0	0	0	0	0	0	0	0	0	0	0	0	0	0	0	0	0	0	0	0	0	0	0	0	0	0	0	0	0	0	0	0	0	0	0	0
0	0	0	0	0	0	0	0	0	0	0	0	0	0	0	0	0	0	0	0	0	0	0	0	0	0	0.980424859712159	0.857280288083933	0.899546566706988	0.571650808620818	0.565171063843535	0.666639502680775	0.784927462508793	0	0.547231744308428	0.907959446663823	0.836375644208853	0.598979239971974	0.83519055334772	0.723117573805602	0.950156598373832	0	0	0	0	0	0	0	0	0	0	0	0	0	0	0	0	0	0	0	0	0	0	0	0	0	0	0	0	0	0	0	0	0	0	0	0	0	0	0	0	0	0	0	0	0	0	0	0	0
0	0	0	0	0	0	0.902526969486338	0	0	0	0	0	0	0	0	0	0	0	0	0	0	0	0	0	0	0	0	0.516455614768431	0.661179584598087	0.791922288726237	0.725153310846076	0.609577101925808	0.997396489903907	0.795549268348565	0	0.674379285637232	0.967150300529576	0.840711868670854	0	0.843571878265468	0.516889642306728	0.956703630588384	0	0	0	0	0	0	0	0	0	0	0	0	0	0	0	0	0	0	0	0	0	0	0	0	0	0	0	0	0	0	0	0	0	0	0	0	0	0	0	0	0	0	0	0	0	0	0	0
0	0	0	0	0	0	0	0	0	0	0	0	0	0	0	0	0	0	0	0	0	0	0	0	0	0	0	0	0.95737512067799	0.529157095773298	0.990556414036221	0.738944960032392	0.876116077225852	0.753996651394264	0.525410833562427	0	0.988950358092122	0.551584707997783	0.759402270004558	0.853457181575877	0.760800544646754	0.711940328201371	0.843299473912379	0	0	0	0	0	0	0	0	0	0	0	0	0	0	0	0	0	0	0	0	0	0	0	0	0	0	0	0	0	0	0	0	0	0	0	0	0	0	0	0	0	0	0	0	0	0	0
0	0	0	0	0	0	0	0	0	0	0	0	0	0	0	0	0	0	0	0	0	0	0	0	0	0	0	0	0	0.886063840990993	0.801387517303679	0.581363016134609	0.572513633252514	0.931271004095042	0.505413641252265	0.595957507582168	0	0.701853777398612	0.880043053866281	0.969259140131129	0.743209268523933	0.697125614170364	0.820657496697235	0.551383741690618	0	0	0	0	0	0	0	0	0	0	0	0	0	0	0	0	0	0	0	0	0	0	0	0	0	0	0	0	0	0	0	0	0	0	0	0	0	0	0	0	0	0	0	0	0	0
0	0	0	0	0	0	0	0	0	0	0	0	0	0	0	0	0	0	0	0	0	0	0	0	0	0	0	0	0	0	0.84430213576337	0	0.997952987284251	0.625006313214969	0.691438848681514	0.82451854246536	0.95657798301355	0	0.747671673379898	0.777143648741225	0.893730772806218	0.837772220487409	0.851906370991236	0.851137168840093	0.607568503106361	0	0	0	0	0	0	0	0	0	0	0	0	0	0	0	0	0	0	0	0	0	0	0	0	0	0	0	0	0	0	0	0	0	0	0	0	0	0	0	0	0	0	0	0	0
0.502202740372423	0	0	0	0	0	0	0	0	0	0	0	0	0	0	0	0	0	0	0	0	0	0	0	0	0	0	0	0	0	0	0.997098767942341	0.880600597592877	0.932423143530169	0	0.515741641934097	0.841741760212029	0.502987663922692	0	0.640260342594599	0.652290188682164	0.518938065866614	0.761270038781186	0.723969247907741	0.66903901124108	0	0	0	0	0	0	0	0	0	0	0	0	0	0	0	0	0	0	0	0	0	0	0	0	0	0	0	0	0	0	0	0	0	0	0	0	0	0	0	0	0	0	0	0	0
0.525811037582504	0.876673966346963	0	0	0	0	0	0	0	0	0	0	0	0	0	0	0	0	0	0	0	0	0	0	0	0	0	0	0	0	0	0	0.775779225883251	0.893507192197712	0.509899772723009	0.833296595982771	0.915934698660213	0.977907969384038	0.77203479392532	0	0.893575126401262	0.662014477320906	0.696213583708181	0.799560022558583	0.675473548405679	0	0	0	0	0	0	0	0	0	0	0	0	0	0	0	0	0	0	0	0	0	0	0	0	0	0	0	0	0	0	0	0	0	0	0	0	0	0	0	0	0	0	0	0	0
0.814650005082504	0.984325997185733	0.998930456379541	0	0	0	0	0	0	0	0	0	0	0	0	0	0	0	0	0	0	0	0	0	0	0	0	0	0	0	0	0	0	0.752280183808715	0.600763732797643	0.855200975688715	0.800974029553772	0.92793960519818	0.98951280824082	0.510994497159642	0	0.717896268076863	0.997408719174778	0.753916314668135	0.700490985681324	0	0	0	0	0	0	0	0	0	0	0	0	0	0	0	0	0	0	0	0	0	0	0	0	0	0	0	0	0	0	0	0	0	0	0	0	0	0	0	0	0	0	0	0	0
0.734396929389639	0.522916991327436	0.855305836616131	0.675590546819369	0	0	0	0	0	0	0	0	0	0	0	0	0	0	0	0	0	0	0	0	0	0	0	0	0	0	0	0	0	0	0.982846556206372	0.981208633306465	0.60468530661222	0.725552230465455	0.832746089758428	0.680997036045609	0.871798311623021	0	0.806251025133835	0.514288023640495	0.861121634543057	0	0	0	0	0	0	0	0	0	0	0	0	0	0	0	0	0	0	0	0	0	0	0	0	0	0	0	0	0	0	0	0	0	0	0	0	0	0	0	0	0	0	0	0	0
0.76041522578106	0.814350253148153	0.680468517691215	0.894627072898161	0.548769535106125	0	0	0	0	0	0	0	0	0	0	0	0	0	0	0	0	0.522853251349339	0	0	0	0	0	0	0	0	0	0	0	0	0	0.871837994963454	0.639898767293417	0.803859778610036	0.919968856517232	0.673665603626596	0.788317435077287	0.92515559922989	0	0.528204264590035	0.627044356355745	0	0	0	0	0	0	0	0	0	0	0	0	0	0	0	0	0	0	0	0	0	0	0	0	0	0	0	0	0	0	0	0	0	0	0	0	0	0	0	0	0	0	0	0	0
0.571632334719201	0.805502560546016	0.84660613513545	0.85056671040955	0.970777542235412	0.636919880289147	0	0	0	0	0	0	0	0	0	0	0	0	0	0	0	0	0	0	0	0	0	0	0	0	0	0	0	0	0	0	0.67662664181393	0.976271056147109	0.89384084240434	0.866208083377588	0.634080711020683	0.714103338867883	0.78499989623795	0	0.581879580128261	0	0	0	0	0	0	0	0	0	0	0	0	0	0	0	0	0	0	0	0	0	0	0	0	0	0	0	0	0	0	0	0	0	0	0	0	0	0	0	0	0	0	0	0	0
0.632566134012587	0.719157181464575	0.956578990533377	0.784517801540152	0.565565882545844	0	0.568680178150585	0	0	0	0	0	0	0.824051893810259	0	0	0	0	0	0	0	0	0	0	0	0	0	0	0	0	0	0	0	0	0	0	0	0.547864145907493	0.859971607310867	0.728430630191607	0.959665749781812	0.57944618286966	0.989565697597141	0.588192236099815	0	0	0	0	0	0	0	0	0	0	0	0	0	0	0	0	0	0	0	0	0	0	0	0	0	0	0	0	0	0	0	0	0	0	0	0	0	0	0	0	0	0	0	0	0	0
0	0	0	0	0	0	0	0	0	0	0	0	0	0	0	0	0	0	0	0	0	0	0	0	0	0	0	0	0	0	0	0	0	0	0	0	0	0	0	0	0	0	0	0	0	0	0	0	0.694850501938966	0	0.699677630957767	0	0	0	0	0	0.878194071359416	0	0	0	0	0	0	0	0	0	0.947906448831764	0	0	0.908489197482494	0	0	0	0	0	0	0	0.546605375613201	0	0	0	0.873489221334722	0	0	0	0.891854137203417	0	0	0	0.726975226660095
0	0	0	0	0	0	0	0	0	0	0	0	0	0	0	0	0	0	0	0	0	0	0	0	0	0	0	0	0	0	0	0	0	0	0	0	0	0	0	0	0	0	0	0	0	0	0	0.569349501748713	0	0	0	0	0	0	0	0	0	0	0	0	0	0	0.98379852814586	0.665916121430773	0	0	0	0	0	0	0	0	0	0	0.882744715003432	0	0	0	0	0	0	0	0	0	0	0.925234791593742	0	0	0	0.998559453877416
0	0	0	0	0	0	0	0	0	0	0	0	0	0	0	0	0	0	0	0	0	0	0	0	0	0	0	0	0	0	0	0	0	0	0	0	0	0	0	0	0	0	0	0	0	0	0.650283096779888	0	0.854789311283072	0	0.510496115618076	0	0	0	0	0	0	0	0.56796477098748	0	0	0	0	0	0	0	0	0	0	0	0	0	0	0.594432480347216	0	0	0.967997982170398	0	0	0	0	0	0	0	0	0	0.948320466205688	0	0	0
0	0	0	0	0	0	0	0	0	0	0	0	0	0	0	0	0	0	0	0	0	0	0	0	0	0	0	0	0	0	0	0	0	0	0	0	0	0	0	0	0	0	0	0	0	0.863534838325682	0	0.940081869839314	0	0	0	0	0	0	0	0	0	0	0	0	0	0	0	0	0	0	0	0.93127677055888	0	0	0	0	0	0.953361143933316	0	0	0	0	0	0.586538313301745	0.798319790162615	0	0	0	0	0	0	0	0	0
0	0	0	0	0	0	0	0	0	0	0	0	0	0	0	0	0	0	0	0	0	0	0	0	0	0	0	0	0	0	0	0	0	0	0	0	0	0	0	0	0	0	0	0	0	0	0	0	0	0	0	0	0	0	0	0	0.535695504947615	0	0	0	0	0	0.739165690521857	0	0.870643614272183	0.706533238824414	0	0	0.880394923862513	0	0	0	0	0	0	0	0	0	0	0	0	0	0	0	0	0	0	0	0	0
0	0	0	0	0	0	0	0	0	0	0	0	0	0	0	0	0	0	0	0	0	0	0	0	0	0	0	0	0	0	0	0	0	0	0	0	0	0	0	0	0	0	0	0	0	0.799725046581778	0	0.628110484519403	0	0	0	0	0	0.548306836235566	0	0	0	0	0	0	0	0	0	0	0	0	0	0	0.875197645408446	0	0	0	0.896797451206447	0	0	0	0.971174669628453	0	0	0.828404944357908	0	0	0	0	0	0.81106147258151	0	0	0	0
0	0	0	0	0	0	0	0	0	0	0	0	0	0	0	0	0	0	0	0	0	0	0	0	0	0	0	0	0	0	0	0	0	0	0	0	0	0	0	0	0	0	0	0	0	0	0	0	0	0	0	0	0	0.966424351476994	0	0.896634775300126	0.626449102400252	0	0	0	0	0	0	0	0	0	0	0	0.829003482394383	0.559936712113409	0.806307613972749	0	0	0	0	0	0	0	0	0	0	0.848913638613958	0	0	0	0	0	0	0.626037713855359	0
0	0	0	0	0	0	0	0	0	0	0	0	0	0	0	0	0	0	0	0	0	0	0	0	0	0	0	0	0	0	0	0	0	0	0	0	0	0	0	0	0	0	0	0	0	0	0	0	0	0	0	0	0	0	0.610069442709426	0	0	0	0	0	0	0.918012614056027	0	0	0	0	0	0	0	0	0	0	0	0	0	0	0.629941172257441	0	0	0	0.785484544507286	0	0	0	0	0	0	0	0.870806380686104	0
0	0	0	0	0	0	0	0	0	0	0	0	0	0	0	0	0	0	0	0	0	0	0	0	0	0	0	0	0	0	0	0	0	0	0	0	0	0	0	0	0	0	0	0	0	0	0	0	0	0	0.988739184804126	0.947965727674454	0	0	0	0	0.845372623978464	0	0	0	0	0	0	0	0	0	0	0	0	0	0	0.597681810154304	0	0	0	0	0	0	0	0.614280261831222	0	0	0	0	0	0	0	0	0	0
0	0	0	0	0	0	0	0	0	0	0	0	0	0	0	0	0	0	0	0	0	0	0	0	0	0	0	0	0	0	0	0	0	0	0	0	0	0	0	0	0	0	0	0	0	0	0	0	0	0	0	0	0.967777514717596	0	0	0	0.873674895898361	0	0	0	0.660101543042244	0.509792073224108	0	0	0.524658569582321	0	0	0	0	0	0	0	0	0	0	0	0	0	0	0	0	0	0.615497164284914	0	0	0	0	0	0	0
0	0	0	0	0	0	0	0	0	0	0	0	0	0	0	0	0	0	0	0	0	0	0	0	0	0	0	0	0	0	0	0	0	0	0	0	0	0	0	0	0	0	0	0	0	0	0	0	0	0	0	0.89823570970354	0	0	0	0	0.852766359378217	0	0	0	0	0	0.946966346938191	0	0	0	0	0	0	0	0	0	0.964486994931233	0	0.993025817371867	0	0.681579796069071	0	0	0	0	0	0	0.790100362741772	0	0	0	0	0	0
0	0	0	0	0	0	0	0	0	0	0	0	0	0	0	0	0	0	0	0	0	0	0	0	0	0	0	0	0	0	0	0	0	0	0	0	0	0	0	0	0	0	0	0	0	0.687790215306044	0	0	0	0.722123886207329	0	0.963088056480467	0	0.812784221402082	0.52219435012028	0.698639091430754	0	0	0.951433101033572	0	0	0	0	0	0	0.831046540477063	0	0	0	0	0	0.852684333870297	0	0	0	0	0.638857436277451	0	0	0	0	0	0.838399392709102	0	0	0	0	0	0	0.638772400896314
0	0	0	0	0	0	0	0	0	0	0	0	0	0	0	0	0	0	0	0	0	0	0	0	0	0	0	0	0	0	0	0	0	0	0	0	0	0	0	0	0	0	0	0	0	0	0	0	0	0	0	0	0	0	0	0	0	0	0.689467663782105	0	0	0.522290976460228	0	0	0	0	0	0	0	0	0	0	0	0	0	0	0	0	0	0	0	0	0	0.53525002015314	0	0	0.588660130120916	0	0	0
0	0	0	0	0	0	0	0	0	0	0	0	0	0	0	0	0	0	0	0	0	0	0	0	0	0	0	0	0	0	0	0	0	0	0	0	0	0	0	0	0	0	0	0	0	0	0	0.610517761568958	0	0	0	0	0	0	0	0	0.671587659110576	0.976720502825324	0	0	0	0.685907746274967	0	0	0	0	0	0	0	0	0.805022973525524	0	0	0	0	0	0	0	0	0	0	0.840604867283562	0	0	0	0	0	0	0	0
0	0	0	0	0	0	0	0	0	0	0	0	0	0	0	0	0	0	0	0	0	0	0	0	0	0	0	0	0	0	0	0	0	0	0	0	0	0	0	0	0	0	0	0	0	0	0	0	0	0	0	0	0	0	0	0	0	0	0	0	0	0	0	0	0	0	0	0	0.772954682325734	0	0	0	0	0	0	0.63512787316444	0.716961674559984	0	0	0	0	0.690901553083276	0	0.945583473858244	0	0	0	0	0	0
0	0	0	0	0	0	0	0	0	0	0	0	0	0	0	0	0	0	0	0	0	0	0	0	0	0	0	0	0	0	0	0	0	0	0	0	0	0	0	0	0	0	0	0	0	0	0	0	0	0	0	0	0	0	0.587206724364516	0	0	0	0	0	0	0	0	0	0	0	0	0	0	0.692414532718319	0	0	0	0	0	0	0	0	0	0	0	0	0	0	0	0	0	0.69737473017223	0.831662963123049	0
0	0	0	0	0	0	0	0	0	0	0	0	0	0	0	0	0	0	0	0	0	0	0	0	0	0	0	0	0	0	0	0	0	0	0	0	0	0	0	0	0	0	0	0	0	0	0	0	0	0	0	0	0.988267753232369	0	0.812291563824945	0	0	0.542288591374338	0.977586906359736	0	0	0	0.868570196166237	0	0	0	0	0.894806224060612	0.53767325434048	0	0	0	0	0	0	0	0	0	0.664575466384562	0	0	0	0	0	0	0	0	0	0	0
0	0	0	0	0	0	0	0	0	0	0	0	0	0	0	0	0	0	0	0	0	0	0	0	0	0	0	0	0	0	0	0	0	0	0	0	0	0	0	0	0	0	0	0	0	0	0.511938720287383	0	0	0.570345645610335	0	0	0	0	0	0.568499332892799	0	0	0	0	0	0.885103688577707	0	0	0.722862534354098	0	0.865465268134985	0	0	0	0	0	0	0	0	0	0	0.542919845734523	0	0	0	0	0	0	0	0	0	0	0	0
0	0	0	0	0	0	0	0	0	0	0	0	0	0	0	0	0	0	0	0	0	0	0	0	0	0	0	0	0	0	0	0	0	0	0	0	0	0	0	0	0	0	0	0	0	0	0.582264786337755	0	0	0	0	0	0	0	0	0	0	0	0	0	0	0	0	0	0	0.655193146989946	0.956316143109086	0	0	0	0	0	0	0	0	0	0	0	0.598138588854357	0	0	0	0	0	0	0	0	0	0	0
0	0	0	0	0	0	0	0	0	0	0	0	0	0	0	0	0	0	0	0	0	0	0	0	0	0	0	0	0	0	0	0	0	0	0	0	0	0	0	0	0	0	0	0	0	0	0	0	0	0.885609174341558	0	0	0	0	0.560165341380272	0	0	0	0	0	0	0	0.656610913961929	0	0	0	0.909732643265844	0	0	0	0	0	0	0	0	0	0	0	0	0	0	0	0.984608753678459	0	0	0	0	0	0	0
0	0	0	0	0	0	0	0	0	0	0	0	0	0	0	0	0	0	0	0	0	0	0	0	0	0	0	0	0	0	0	0	0	0	0	0	0	0	0	0	0	0	0	0	0	0	0	0	0	0.504372684071368	0	0	0	0	0	0	0.852374656569997	0	0	0	0	0	0	0.610819601023092	0	0	0	0	0	0.841370644994093	0	0	0.950897230737467	0	0	0	0	0	0	0	0	0	0.902123626675164	0	0	0.50520738411182	0	0	0	0
0	0	0	0	0	0	0	0	0	0	0	0	0	0	0	0	0	0	0	0	0	0	0	0	0	0	0	0	0	0	0	0	0	0	0	0	0	0	0	0	0	0	0	0	0	0.934691324845936	0	0	0	0	0	0	0	0	0	0	0	0	0	0	0	0	0.900092652613027	0.733508462386555	0.749564710955484	0	0	0	0	0	0	0	0	0.589775371669421	0.728955078958695	0	0	0	0	0.592026593370426	0.70429179473923	0	0	0	0	0	0	0	0	0
0	0	0	0	0	0	0	0	0	0	0	0	0	0	0	0	0	0	0	0	0	0	0	0	0	0	0	0	0	0	0	0	0	0	0	0	0	0	0	0	0	0	0	0	0	0	0	0	0.973504797849984	0	0	0	0	0	0	0	0	0	0	0	0	0.988037500417349	0	0	0	0	0	0	0	0	0	0	0	0.819730277238364	0	0	0	0	0	0.698185642477827	0	0	0	0	0	0	0	0	0	0
0	0	0	0	0	0	0	0	0	0	0	0	0	0	0	0	0	0	0	0	0	0	0	0	0	0	0	0	0	0	0	0	0	0	0	0	0	0	0	0	0	0	0	0	0	0	0	0	0	0.716171731702063	0.872572884933335	0.969870385230961	0	0	0	0	0	0	0	0.618956891907539	0	0.583477796474603	0	0	0	0	0	0	0	0	0.835909867377384	0	0	0	0	0	0	0	0	0	0	0	0	0	0	0	0	0	0	0
0	0	0	0	0	0	0	0	0	0	0	0	0	0	0	0	0	0	0	0	0	0	0	0	0	0	0	0	0	0	0	0	0	0	0	0	0	0	0	0	0	0	0	0	0	0.663818055840249	0	0	0	0	0	0.950686508136069	0	0	0	0	0	0	0	0	0.902286559206795	0	0	0	0	0.881656881344012	0	0	0	0	0.872842851158649	0.558136312612383	0	0.824878078609832	0	0	0	0	0	0	0	0	0	0	0	0	0	0	0	0
0	0	0	0	0	0	0	0	0	0	0	0	0	0	0	0	0	0	0	0	0	0	0	0	0	0	0	0	0	0	0	0	0	0	0	0	0	0	0	0	0	0	0	0	0	0	0	0	0	0	0	0.710113110237055	0	0	0	0	0	0	0.971376502018306	0	0	0	0	0	0	0	0	0	0.676103239525171	0.696579829278363	0	0	0	0	0.596095802230039	0	0	0	0	0.568992362955495	0	0	0	0	0	0	0	0	0	0
0	0	0	0	0	0	0	0	0	0	0	0	0	0	0	0	0	0	0	0	0	0	0	0	0	0	0	0	0	0	0	0	0	0	0	0	0	0	0	0	0	0	0	0	0	0	0	0	0	0	0	0	0	0.785610656739879	0	0	0.7896280576672	0	0	0	0	0	0	0	0	0	0	0	0	0.690972044018502	0	0	0.946389654019931	0	0	0	0	0	0	0	0.757141538599317	0	0	0	0	0	0	0	0	0
0	0	0	0	0	0	0	0	0	0	0	0	0	0	0	0	0	0	0	0	0	0	0	0	0	0	0	0	0	0	0	0	0	0	0	0	0	0	0	0	0	0	0	0	0	0	0	0	0	0	0.792259066175849	0	0	0	0	0.894329905094081	0	0	0	0	0	0	0	0	0	0.516878819952393	0	0	0	0	0	0.863000377167327	0	0	0	0.851619776900958	0	0.630989331864452	0	0	0	0	0	0	0	0	0	0	0	0
0	0	0	0	0	0	0	0	0	0	0	0	0	0	0	0	0	0	0	0	0	0	0	0	0	0	0	0	0	0	0	0	0	0	0	0	0	0	0	0	0	0	0	0	0	0	0	0.583776479141931	0.937822356799313	0	0	0	0	0	0	0	0	0	0	0	0	0	0	0	0	0	0.691948379907045	0.693666612345426	0	0.914432113047902	0	0	0	0	0	0	0	0	0.805005586145371	0	0	0.898771316651705	0.681195212510505	0.644093163510679	0	0	0	0.885412120905107	0	0
0	0	0	0	0	0	0	0	0	0	0	0	0	0	0	0	0	0	0	0	0	0	0	0	0	0	0	0	0	0	0	0	0	0	0	0	0	0	0	0	0	0	0	0	0	0	0.856121889729246	0	0	0	0	0	0	0	0	0.759715482649948	0	0	0	0	0	0	0	0	0	0	0.807290547629252	0	0	0	0.765596110534759	0	0	0	0	0	0	0	0.88202586946522	0	0	0	0	0	0	0	0	0.907750018001626	0	0
0	0	0	0	0	0	0	0	0	0	0	0	0	0	0	0	0	0	0	0	0	0	0	0	0	0	0	0	0	0	0	0	0	0	0	0	0	0	0	0	0	0	0	0	0	0	0	0	0	0	0	0	0	0	0	0	0	0	0	0.632710844449659	0	0	0	0	0	0	0	0	0	0	0	0	0.519774589886563	0	0	0	0	0.742254905155618	0	0	0	0	0	0	0	0	0	0	0	0
0	0	0	0	0	0	0	0	0	0	0	0	0	0	0	0	0	0	0	0	0	0	0	0	0	0	0	0	0	0	0	0	0	0	0	0	0	0	0	0	0	0	0	0	0	0	0	0.704408834907856	0	0	0.558701949261731	0	0.689279604456996	0	0	0.614644769312725	0.502730250613407	0	0	0.724385687897589	0	0	0	0	0	0	0	0	0	0	0	0	0	0	0	0	0	0	0	0	0	0	0	0	0	0	0	0	0	0
0	0	0	0	0	0	0	0	0	0	0	0	0	0	0	0	0	0	0	0	0	0	0	0	0	0	0	0	0	0	0	0	0	0	0	0	0	0	0	0	0	0	0	0	0	0.730506270875942	0	0	0	0	0	0	0	0	0	0	0	0	0	0	0	0	0.618130952309638	0	0	0	0	0	0	0	0	0	0.743128697072733	0	0	0.948245511998004	0	0	0.677442702222268	0	0	0	0	0	0	0	0	0.76748055567737	0	0
0	0	0	0	0	0	0	0	0	0	0	0	0	0	0	0	0	0	0	0	0	0	0	0	0	0	0	0	0	0	0	0	0	0	0	0	0	0	0	0	0	0	0	0	0	0	0	0	0	0	0	0	0	0	0	0	0	0	0	0	0	0.92960255159624	0	0.612508488868868	0	0	0	0	0	0	0	0	0	0.696491394576238	0.550729917289826	0	0	0.812622196433733	0	0	0	0	0	0	0.557315691758266	0	0	0	0	0
0	0	0	0	0	0	0	0	0	0	0	0	0	0	0	0	0	0	0	0	0	0	0	0	0	0	0	0	0	0	0	0	0	0	0	0	0	0	0	0	0	0	0	0	0	0	0	0	0.924205029750938	0	0.70579074408881	0	0	0.634041881417261	0	0	0	0	0	0	0	0	0	0	0	0	0.951264348002118	0.991468763634812	0	0	0.922365031719055	0	0	0	0	0	0	0	0	0	0	0.812567670762217	0	0	0	0	0	0	0	0
0	0	0	0	0	0	0	0	0	0	0	0	0	0	0	0	0	0	0	0	0	0	0	0	0	0	0	0	0	0	0	0	0	0	0	0	0	0	0	0	0	0	0	0	0	0	0	0	0.934698492392506	0	0	0	0.928784927104878	0	0	0	0	0	0	0	0	0	0	0	0	0	0.880903302005259	0	0	0	0	0.702994108582367	0	0	0	0	0	0	0	0	0	0	0.739807629197287	0	0	0	0	0	0	0
0	0	0	0	0	0	0	0	0	0	0	0	0	0	0	0	0	0	0	0	0	0	0	0	0	0	0	0	0	0	0	0	0	0	0	0	0	0	0	0	0	0	0	0	0	0.602683696859179	0	0	0	0	0	0.765601159731645	0	0	0	0	0	0	0.967913556808238	0.609934866539398	0	0	0	0	0	0	0	0	0	0	0	0	0	0.512017368990582	0	0	0	0	0	0.538446884475469	0	0	0	0	0	0	0	0	0	0
0	0	0	0	0	0	0	0	0	0	0	0	0	0	0	0	0	0	0	0	0	0	0	0	0	0	0	0	0	0	0	0	0	0	0	0	0	0	0	0	0	0	0	0	0	0	0	0	0	0	0	0	0	0	0.547774759065299	0	0.667745844839088	0	0	0	0	0	0	0	0.862118470747285	0.911494194781702	0	0	0	0	0	0	0	0.721924810225166	0	0	0	0	0	0	0.975255726507975	0	0	0.556671883582255	0	0	0	0	0	0
0	0	0	0	0	0	0	0	0	0	0	0	0	0	0	0	0	0	0	0	0	0	0	0	0	0	0	0	0	0	0	0	0	0	0	0	0	0	0	0	0	0	0	0	0	0	0	0	0	0	0	0	0	0	0	0.678240323907756	0	0.854709195801395	0	0.937714584080758	0	0	0	0	0	0	0	0	0	0	0	0	0	0.79360727548223	0	0	0	0	0	0	0	0	0.649302318432488	0	0	0	0	0	0	0
0	0	0	0	0	0	0	0	0	0	0	0	0	0	0	0	0	0	0	0	0	0	0	0	0	0	0	0	0	0	0	0	0	0	0	0	0	0	0	0	0	0	0	0	0	0	0	0	0	0	0	0	0	0	0	0	0	0	0	0	0	0	0	0	0	0	0	0	0	0	0	0	0	0	0	0	0	0	0.532255517821994	0	0	0	0	0	0	0.753695459442772	0	0.957312696716208	0	0
0	0	0	0	0	0	0	0	0	0	0	0	0	0	0	0	0	0	0	0	0	0	0	0	0	0	0	0	0	0	0	0	0	0	0	0	0	0	0	0	0	0	0	0	0	0.901366447729413	0.724422639508534	0	0	0	0.928980605620836	0	0	0	0	0	0	0	0	0	0	0	0	0	0	0.770892959737239	0	0	0	0	0	0	0	0	0	0	0	0	0	0	0	0	0	0	0.875070302636363	0	0.886890918057397	0	0	0
0	0	0	0	0	0	0	0	0	0	0	0	0	0	0	0	0	0	0	0	0	0	0	0	0	0	0	0	0	0	0	0	0	0	0	0	0	0	0	0	0	0	0	0	0	0	0	0.788324207362373	0	0	0	0	0	0	0	0	0	0.674627520487415	0	0	0	0	0	0	0	0	0	0	0	0	0	0	0	0	0	0	0	0	0	0	0	0	0	0	0	0.67393792946393	0	0.655393359965268	0	0
0	0	0	0	0	0	0	0	0	0	0	0	0	0	0	0	0	0	0	0	0	0	0	0	0	0	0	0	0	0	0	0	0	0	0	0	0	0	0	0	0	0	0	0	0	0	0	0	0	0	0	0	0	0	0	0	0	0	0	0	0.872656405567265	0	0	0	0	0	0	0	0	0	0	0	0	0.984243051662324	0.814632399398132	0	0	0.96300530186547	0	0	0	0	0	0	0.50851068983529	0	0.550579315311697	0	0.838122922455263	0
0	0	0	0	0	0	0	0	0	0	0	0	0	0	0	0	0	0	0	0	0	0	0	0	0	0	0	0	0	0	0	0	0	0	0	0	0	0	0	0	0	0	0	0	0	0	0	0	0	0	0	0.933451149308777	0.727640915797105	0	0	0	0	0	0	0	0.958046164794803	0	0	0	0	0	0	0	0	0	0	0	0	0	0	0	0	0	0	0	0	0	0	0	0	0	0	0.603519201399214	0	0
0	0	0	0	0	0	0	0	0	0	0	0	0	0	0	0	0	0	0	0	0	0	0	0	0	0	0	0	0	0	0	0	0	0	0	0	0	0	0	0	0	0	0	0	0	0.966445268189176	0.66683874943972	0	0	0	0	0	0	0	0	0	0.917019596854822	0	0	0	0	0	0	0	0	0	0	0	0	0	0	0	0	0	0	0	0	0	0	0	0	0	0	0	0	0	0	0	0	0
