0	0.683188596844268	0.824636699027875	0.516232597213777	0.69262598623053	0.742496377180901	0.59931079678641	0	0	0	0	0	0	0	0	0	0	0	0	0	0	0.762316678038663	0	0	0	0	0.899325220723057	0	0	0	0	0	0	0	0	0	0	0	0.622802925698813	0.705285473273701	0.562630690570511	0.748044980791258	0.975269614965353	0.815358719913109	0.93514218447168	0	0	0	0	0	0	0	0	0	0	0	0	0	0	0	0	0	0	0	0	0	0	0	0	0	0	0	0	0	0	0	0	0	0	0	0	0	0	0	0	0	0	0	0	0
0.692273018985699	0	0.887778215196386	0.83978623010066	0.868800446904167	0.517176329032795	0.674771926161911	0.813952211765201	0.816366386696592	0	0	0	0	0	0	0	0	0	0	0	0	0	0	0	0	0	0	0	0	0	0	0	0	0	0	0	0	0	0	0.911206554941097	0.853262497056297	0.698846058792157	0.682693859962791	0.502512567333152	0.52510897842154	0	0	0	0	0	0	0	0	0	0	0	0	0	0	0	0	0	0	0	0	0	0	0	0	0	0	0	0	0	0	0	0	0	0	0	0	0	0	0	0	0	0	0	0	0
0.525910570803197	0.527064892134186	0	0.805218010020187	0.503458195911085	0.783982427249699	0.722229090735191	0.762230566100351	0.91799772832212	0.970286748301383	0	0	0	0	0	0	0	0	0	0	0	0	0	0	0	0	0	0	0	0	0	0	0	0	0	0	0	0	0	0	0.856235514500742	0.818408559872942	0.557647252087483	0.767089735168233	0.639783281663589	0	0	0	0	0	0	0	0	0	0	0	0	0	0	0	0	0	0	0	0	0	0	0	0	0	0	0	0	0	0	0	0	0	0	0	0	0	0	0	0	0	0	0	0	0
0.569402699961684	0.727608892777483	0.706126640600516	0	0.959740022328959	0.821145699081482	0.683278877246282	0.670152372626586	0.563215677551817	0.560011417393144	0.929138121743215	0	0	0	0	0	0	0	0	0	0	0	0	0	0	0	0	0	0	0	0	0	0	0	0	0	0	0	0	0	0	0.854111879013522	0.537840308066255	0.521136753926192	0.976679043426689	0	0	0	0	0	0	0	0	0	0	0	0	0	0	0	0	0	0	0	0	0	0	0	0	0	0	0	0	0	0	0	0	0	0	0	0	0	0	0	0	0	0	0	0	0
0.700988765344789	0.624338249116675	0.855725060652189	0.819549289164504	0	0.588303378594395	0.762670038346214	0.878539180722829	0.580673352340969	0.698573221463894	0.634179815919402	0.783345950513316	0	0	0	0	0	0	0	0	0	0	0	0	0	0	0	0	0	0	0	0	0	0	0	0	0	0	0	0	0	0	0.748099747099159	0.991704307288876	0.885889250383633	0	0	0	0	0	0	0	0	0	0	0	0	0	0	0	0	0	0	0	0	0	0	0	0	0	0	0	0	0	0	0	0	0	0	0	0	0	0	0	0	0	0	0	0	0
0.736233822463009	0.858263369451953	0.924079930929959	0.516129241925111	0.552212807295986	0	0.570891823422017	0.91871998560759	0.703926022779014	0.693050216867942	0.995556958894516	0.707831366310982	0.769632216091225	0	0	0	0	0	0	0	0	0	0	0	0	0	0	0	0	0	0	0	0	0	0	0	0	0	0	0	0	0	0	0.566561570457021	0.709059784315205	0	0	0	0	0	0	0	0	0	0	0	0	0	0	0	0	0	0	0	0	0	0	0	0	0	0	0	0	0	0	0	0	0	0	0	0	0	0	0	0	0	0	0	0	0
0.802641937999646	0.691118854187101	0.520709873443052	0.510323216923559	0.728594108176901	0.64763310280925	0	0.727158029304765	0.649153196620758	0.738598924527494	0.831991160156737	0.968468024394938	0.87414104278887	0.853270184967104	0	0	0	0	0	0	0	0	0	0	0	0	0	0	0	0	0	0	0	0	0	0	0	0	0	0	0	0	0	0	0.844968634056733	0	0	0	0	0	0	0	0	0	0	0	0	0	0	0	0	0	0	0	0	0	0	0	0	0	0	0	0	0	0	0	0	0	0	0	0	0	0	0	0	0	0	0	0	0
0	0.875796872630341	0.540139746854829	0.701660162023118	0.976674586980767	0.907243049699704	0.835982020414774	0	0.676057178769036	0.567046039315746	0.743840827416427	0.500782769638402	0.707916313961915	0.911912830655259	0.91922696192465	0	0.668672326630249	0	0	0	0	0	0	0	0	0	0	0	0	0	0	0	0	0	0	0	0	0	0	0	0	0	0	0	0	0	0	0	0	0	0	0	0	0	0	0	0	0	0	0	0	0	0	0	0	0	0	0	0	0	0	0	0	0	0	0	0	0	0	0	0	0	0	0	0	0	0	0	0	0
0	0.506877430329215	0.52151458310537	0.536971662577341	0.664399562103465	0.895712621529437	0.617499094299438	0.528904193872487	0	0.558739217447814	0.57629152944999	0.866056544326366	0.553697702018751	0.814590976602755	0.675600727475913	0.920422154432695	0	0	0	0	0	0	0	0	0	0	0	0	0	0	0	0	0	0	0	0	0	0	0	0	0	0	0	0	0	0	0	0	0	0	0	0	0	0	0	0	0	0	0	0	0	0	0	0	0	0	0	0	0	0	0	0	0	0	0	0	0	0	0	0	0	0	0	0	0	0	0	0	0	0
0	0	0.761226750246913	0.750749199882221	0.740626061236264	0.905101634918497	0.604164560142007	0.536903543929571	0.540202552239978	0	0.947727952247799	0.526924779688113	0.643644456875319	0.741234059634803	0.861813725040939	0.603393356415483	0.90006549079618	0	0	0	0	0	0	0	0	0	0	0	0	0	0	0	0	0	0	0	0	0	0	0	0	0	0	0	0	0	0	0	0	0	0	0	0	0	0	0	0	0	0	0	0	0	0	0	0	0	0	0	0	0	0	0	0	0	0	0	0	0	0	0	0	0	0	0	0	0	0	0	0	0
0	0	0	0.623217017593789	0.685447061718082	0.986811972353851	0.847506015795232	0.725195541536554	0.629899664766766	0.607348560345851	0	0.507270072423312	0.629599366873035	0.637562352860363	0.746221173209363	0.91805569114917	0.828068427092313	0.72967792775608	0	0	0	0	0	0	0	0	0	0	0	0	0	0	0	0	0	0	0	0	0	0	0	0	0	0	0	0	0	0	0	0	0	0	0	0	0	0	0	0	0	0	0	0	0	0	0	0	0	0	0	0	0	0	0	0	0	0	0	0	0	0	0	0	0	0	0	0	0	0	0	0
0	0	0	0	0.764041166909016	0.964900680604066	0.553811037296421	0.95587806867479	0.853908824919007	0.98943506369009	0.9569256067278	0	0.759673616708567	0.560998062027943	0.76220872584381	0.701568291246591	0.949264043778187	0.938809028323642	0.542524504873219	0	0	0	0	0	0	0	0	0	0	0	0	0	0	0	0	0	0	0	0	0	0	0	0	0	0	0	0	0	0	0	0	0	0	0	0	0	0	0	0	0	0	0	0	0	0	0	0	0	0	0	0	0	0	0	0	0	0	0	0	0	0	0	0	0	0	0	0	0	0	0
0	0	0	0	0	0.559837006676538	0.758720545003317	0.890737532111069	0.592125892119576	0.73666805562567	0.550767565188516	0.872572098689087	0	0.727818753807368	0.81252328049503	0.639242781698748	0.847280917655832	0.651316974846208	0.565842076483279	0.715255039871836	0	0	0	0	0	0	0	0	0	0	0	0	0	0	0	0	0	0	0	0	0	0	0	0	0	0	0	0	0	0	0	0	0	0	0	0	0	0	0	0	0	0	0	0	0	0	0	0	0	0	0	0	0	0	0	0	0	0	0	0	0	0	0	0	0	0	0	0	0	0
0	0	0	0	0	0	0.831723626080852	0.575826772306018	0.756522136846793	0.980814523756528	0.773888583268388	0.869218604346911	0.53292156471794	0	0.904875889338834	0.665356300873371	0.619576915863148	0.58334671351765	0.652366077768514	0.875080026479692	0.900206014026774	0	0	0	0	0	0	0	0	0	0	0	0	0	0	0	0	0	0	0	0	0	0	0	0	0	0	0	0	0	0	0	0	0	0	0	0	0	0	0	0	0	0	0	0	0	0	0	0	0	0	0	0	0	0	0	0	0	0	0	0	0	0	0	0	0	0	0	0	0
0	0	0	0	0	0	0	0.647370348827793	0.706585248515702	0.611897587493679	0.513343048192458	0.971599869437422	0.787400731945023	0.89675707641581	0	0.501777364877505	0.998006068633936	0.688584643902678	0.911715305294876	0.828720069795407	0	0.73861202091986	0	0	0	0	0	0	0	0	0	0	0	0	0.997598034698902	0	0	0	0	0	0	0	0	0	0	0	0	0	0	0	0	0	0	0	0	0	0	0	0	0	0	0	0	0	0	0	0	0	0	0	0	0	0	0	0	0	0	0	0	0	0	0	0	0	0	0	0	0	0	0
0	0	0	0	0	0	0	0	0.587253955756591	0.791982884033439	0.957351935389038	0.549425561804701	0.651718639900918	0.767635268213421	0.551169527668533	0	0.720351886464884	0.801082560602363	0.649733680833628	0.942873866029263	0.649184590010251	0.778945422649255	0.910324256160425	0	0	0	0	0	0	0	0	0	0	0	0	0	0	0	0	0	0	0	0	0	0	0	0	0	0	0	0	0	0	0	0	0	0	0	0	0	0	0	0	0	0	0	0	0	0	0	0	0	0	0	0	0	0	0	0	0	0	0	0	0	0	0	0	0	0	0
0	0	0	0	0	0	0	0.609816149683719	0	0.999575357434853	0.510557869557093	0.566324067613622	0.900517923536303	0.670091677867978	0.654515617390498	0.845427600856013	0	0.58236187253974	0.915095105170772	0.785852608061849	0.858833298332521	0	0.985956644897349	0.970142365467496	0	0	0	0	0	0	0	0	0	0	0	0	0	0	0	0	0	0	0	0	0	0	0	0	0	0	0	0	0	0	0	0	0	0	0	0	0	0	0	0	0	0	0	0	0	0	0	0	0	0	0	0	0	0	0	0	0	0	0	0	0	0	0	0	0	0
0	0	0	0	0	0	0	0	0	0	0.953523398633374	0.533584228585709	0.572530562910939	0.777170237413297	0.705427845516285	0.689501863995382	0.588146400073436	0	0.906684721989077	0.696071466661913	0.549662207547406	0.890660192553943	0.996845012364187	0.786279238827598	0.558248346588946	0	0	0	0	0	0	0	0	0	0	0	0	0	0	0	0	0	0	0	0	0	0	0	0	0	0	0	0	0	0	0	0	0	0	0	0	0	0	0	0	0	0	0	0	0	0	0	0	0	0	0	0	0	0	0	0	0	0	0	0	0	0	0	0	0
0	0	0	0	0	0	0	0	0	0	0	0.539599222563457	0.507593098692225	0.836463849127527	0.533236546057627	0.978949016762216	0.645716614879768	0.50713757869833	0	0.822081223404242	0.653124893235534	0.695636207001458	0.911627667283666	0.867751264431889	0.6946094215436	0.914151895523154	0	0	0	0	0	0	0	0	0	0	0	0	0	0	0	0	0	0	0	0	0	0	0	0	0	0	0	0	0	0	0	0	0	0	0	0	0	0	0	0	0	0	0	0	0	0	0	0	0	0	0	0	0	0	0	0	0	0	0	0	0	0	0	0
0	0	0	0	0	0	0	0	0	0	0	0	0.712707145191898	0.682201733007923	0.833718256289373	0.983396441081305	0.624019282961682	0.809531104793708	0.685750859849295	0	0.690132538760015	0.549449721969343	0.542472064859943	0.680326507208677	0.824157102514829	0.71352011330852	0.985397629086856	0	0	0	0	0	0	0	0	0	0	0	0	0	0	0	0	0	0	0	0	0	0	0	0	0	0	0	0	0	0	0	0	0	0	0	0	0	0	0	0	0	0	0	0	0	0	0	0	0	0	0	0	0	0	0	0	0	0	0	0	0	0	0
0	0	0	0	0	0	0	0	0	0	0	0	0	0.516284946547161	0	0.769463866178878	0.778560992037461	0.642178028274867	0.554655047558485	0.903795235870449	0	0.501476688321008	0.718636636558842	0.597127045256268	0.761558531573445	0.799374168787735	0.980778269915938	0.768332641598294	0	0	0	0	0	0	0	0	0	0	0	0	0	0	0	0	0	0	0	0	0	0	0	0	0	0	0	0	0	0	0	0	0	0	0	0	0	0	0	0	0	0	0	0	0	0	0	0	0	0	0	0	0	0	0	0	0	0	0	0	0	0
0.596311665740492	0	0	0	0	0	0	0	0	0	0	0	0	0	0.917578691696126	0.535199013577359	0	0.719012007015922	0.719954746059123	0.806992796522704	0.990624027246559	0	0.663728354927959	0.728171783490172	0.564004239229038	0.554736678056234	0.565693563300799	0.855131536051072	0.819653927692943	0	0	0	0	0	0	0	0	0	0	0	0	0	0	0	0	0	0	0	0	0	0	0	0	0	0	0	0	0	0	0	0	0	0	0	0	0	0	0	0	0	0	0	0	0	0	0	0	0	0	0	0	0	0	0	0	0	0	0	0	0
0	0	0	0	0	0	0	0	0	0	0	0	0	0	0	0.563459519581044	0.619550093614119	0.779103312490318	0.84369216841141	0.654400774348858	0.553586373252271	0.687032913757613	0	0.749082855083074	0.549353867037086	0.827560975844027	0.708193860468079	0.518156953948433	0.541307127875161	0.768327983329229	0	0	0	0	0	0	0	0	0	0	0	0	0	0	0	0	0	0	0	0	0	0	0	0	0	0	0	0	0	0	0	0	0	0	0	0	0	0	0	0	0	0	0	0	0	0	0	0	0	0	0	0	0	0	0	0	0	0	0	0
0	0	0	0	0	0	0	0	0	0	0	0	0	0	0	0	0.928723430850757	0.990371642022987	0.938855263757084	0.969622162212438	0.798414895744483	0.993626366703756	0.996029159814447	0	0.953586437881487	0.645081897910789	0.509513366111636	0.837982593056275	0.900397238071618	0.551423076604004	0.581689921260261	0	0	0	0	0	0	0	0	0	0	0	0	0	0	0	0	0	0	0	0	0	0	0	0	0	0	0	0	0	0	0	0	0	0	0	0	0	0	0	0	0	0	0	0	0	0	0	0	0	0	0	0	0	0	0	0	0	0	0
0	0	0	0	0	0	0	0	0	0	0	0	0	0	0	0	0	0.52357630102285	0.747595519845956	0.691976870278974	0.993326557608034	0.763678024302656	0.827332808458087	0.603650047160328	0	0.845297170975764	0.933096632473212	0.654631442288003	0.89915849703789	0.814500240737093	0.732386685411231	0.589019525750441	0	0	0	0	0	0	0	0	0	0	0	0	0	0	0	0	0	0	0	0	0	0	0	0	0	0	0	0	0	0	0	0	0	0	0	0	0	0	0	0	0	0	0	0	0	0	0	0	0	0	0	0	0	0	0	0	0	0
0	0	0	0	0	0	0	0	0	0	0	0	0	0	0	0	0	0	0.850434519839579	0.572348791901909	0.826382371667008	0.985548042687407	0.625919505594291	0.838661677328477	0.953220113902985	0	0.882506885889229	0.78022503371637	0.566671667209841	0.688276348930226	0.954392246611624	0.843032162179913	0.684203491108892	0	0	0	0	0	0	0	0	0	0	0	0	0	0	0	0	0	0	0	0	0	0	0	0	0	0	0	0	0	0	0	0	0	0	0	0	0	0	0	0	0	0	0	0	0	0	0	0	0	0	0	0	0	0	0	0	0
0.786787214648587	0	0	0	0	0	0	0	0	0	0	0	0	0	0	0	0	0	0	0.890800284676186	0.77209058068568	0.592743016731855	0.866599118207273	0.529942975891875	0.572700864674898	0.987868036897297	0	0.857808623759807	0.808689245407458	0.603391886142159	0.989449797843724	0.579557824694085	0.67142344354091	0	0	0	0	0	0	0	0	0	0	0	0	0	0	0	0	0	0	0	0	0	0	0	0	0	0	0	0	0	0	0	0	0	0	0	0	0	0	0	0	0	0	0	0	0	0	0	0	0	0	0	0	0	0	0	0	0
0	0	0	0	0	0	0	0	0	0	0	0	0	0	0	0	0	0	0	0	0.868098423604301	0.858358159242665	0.598146144931112	0.913544954303708	0.962875634597903	0.546493472019793	0.743174096878651	0	0.593381931223754	0.777826820598614	0.849611071584111	0.940972719314847	0.948462830515254	0.87797436163726	0.584949746136208	0	0	0	0	0	0	0	0	0	0	0	0	0	0	0	0	0	0	0	0	0	0	0	0	0	0	0	0	0	0	0	0	0	0	0	0	0	0	0	0	0	0	0	0	0	0	0	0	0	0	0	0	0	0	0
0	0	0	0	0	0	0	0	0	0	0	0	0	0	0	0	0	0	0	0	0	0.556429285467063	0.634560803281009	0.761983591480467	0.874019182377151	0.700129628525405	0.859751115388414	0.736659832212741	0	0.98955554512584	0.688893152974261	0.955011325319595	0.593059449127504	0.996670228210485	0.726884033623347	0.62115312909245	0	0	0	0	0	0	0	0	0	0	0	0	0	0	0	0	0	0	0	0	0	0	0	0	0	0	0	0	0	0	0	0	0	0	0	0	0	0	0	0	0	0	0	0	0	0	0	0	0	0	0	0	0	0
0	0	0	0	0	0	0	0	0	0	0	0	0	0	0	0	0	0	0	0	0	0	0.913717489760905	0.860999604011315	0.680693283624825	0.81290291124181	0.756525278349125	0.867472362643536	0.526658486360855	0	0.774215853040462	0.646912654238891	0.824713420063129	0.829020753602168	0.509949848706036	0.529886708053187	0.769396175773808	0	0	0	0	0	0	0	0	0	0	0	0	0	0	0	0	0	0	0	0	0	0	0	0	0	0	0	0	0	0	0	0	0	0	0	0	0	0	0	0	0	0	0	0	0	0	0	0	0	0	0	0	0
0	0	0	0	0	0	0	0	0	0	0	0	0	0	0	0	0	0	0	0	0	0	0	0.510944117959527	0.744652214718133	0.738320697115889	0.599183911792026	0.588026364999866	0.573089421464969	0.630473979484409	0	0.789724585512659	0.507799850099723	0.661349846403884	0.771776681426759	0.581495481859503	0.544463588237271	0.987857216592968	0	0	0	0	0	0	0	0	0	0	0	0	0	0	0	0	0	0	0	0	0	0	0	0	0	0	0	0	0	0	0	0	0	0	0	0	0	0	0	0	0	0	0	0	0	0	0	0	0	0	0	0
0	0	0	0	0	0	0	0	0	0	0	0	0	0	0	0	0	0	0	0	0	0	0	0	0.63966101858009	0.843710646317985	0.998310149374495	0.811365873326453	0.819522908857966	0.890934241290419	0.505615807953372	0	0.851051408298203	0.805946254580355	0.647255985707178	0.815198526000797	0.807553696431998	0.735039838589512	0.878352325858639	0	0	0	0	0	0	0	0	0	0	0	0	0	0	0	0	0	0	0	0	0	0	0	0	0	0	0	0	0	0	0	0	0	0	0	0	0	0	0	0	0	0	0	0	0	0	0	0	0	0	0
0	0	0	0	0	0	0	0	0	0	0	0	0	0	0	0	0	0	0	0	0	0	0	0	0	0.722308769749106	0.731322839450453	0.933228652179852	0.531793033839809	0.784769932345347	0.711511600016963	0.845722042540735	0	0.664636709180527	0.614144774452096	0.901092506278098	0.618623144548666	0.649967014577571	0.846868110434092	0.792281483673982	0	0	0	0	0	0	0	0	0	0	0	0	0	0	0	0	0	0	0	0	0	0	0	0	0	0	0	0	0	0	0	0	0	0	0	0	0	0	0	0	0	0	0	0	0	0	0	0	0	0
0	0	0	0	0	0	0	0	0	0	0	0	0	0	0	0	0	0	0	0	0	0	0	0	0	0	0	0.901919786216464	0.954093226399002	0.975759297542039	0.678039949359371	0.927729216265784	0.923253562783623	0	0.712165065128667	0.594655543006108	0.738103000044634	0.564392597174341	0.557927536788134	0.562577870253281	0.536143198072233	0	0	0	0	0	0	0	0	0	0	0	0	0	0	0	0	0	0	0	0	0	0	0	0	0	0	0	0	0	0	0	0	0	0	0	0	0	0	0	0	0	0	0	0	0	0	0	0	0
0	0	0	0	0	0	0	0	0	0	0	0	0	0	0.717251986709706	0	0	0	0	0	0	0	0	0	0	0	0	0.77434989452308	0.862472939042198	0.836727972237598	0.578867114603815	0.788767118552258	0.579103135643024	0.679205467060906	0	0.921557720546698	0.829544235907734	0.753212981414236	0.613899322899068	0.627263866448253	0.878745091349179	0.764434650239443	0	0	0	0	0	0	0	0	0	0	0	0	0	0	0	0	0	0	0	0	0	0	0	0	0	0	0	0	0	0	0	0	0	0	0	0	0	0	0	0	0	0	0	0	0	0	0	0
0	0	0	0	0	0	0	0	0	0	0	0	0	0	0	0	0	0	0	0	0	0	0	0	0	0	0	0	0.576606954703486	0.968106553528315	0.655920202523595	0.694813845116065	0.67925081837782	0.755031520273164	0.727992306527001	0	0.517618584238451	0.764489940826059	0.745162365504821	0.974169367351859	0.553007110301018	0.801564391374775	0.538360741596085	0	0	0	0	0	0	0	0	0	0	0	0	0	0	0	0	0	0	0	0	0	0	0	0	0	0	0	0	0	0	0	0	0	0	0	0	0	0	0	0	0	0	0	0	0	0	0
0	0	0	0	0	0	0	0	0	0	0	0	0	0	0	0	0	0	0	0	0	0	0	0	0	0	0	0	0	0.956769146053824	0.827279803279866	0.67570787642524	0.72559959195185	0.743699252422275	0.841820903894444	0.537244360820271	0	0.681387459809949	0.904208937901478	0.504797853152239	0.541658345123915	0.658121234671625	0.915680289280456	0.747876166459674	0	0	0	0	0	0	0	0	0	0	0	0	0	0	0	0	0	0	0	0	0	0	0	0	0	0	0	0	0	0	0	0	0	0	0	0	0	0	0	0	0	0	0	0	0	0
0	0	0	0	0	0	0	0	0	0	0	0	0	0	0	0	0	0	0	0	0	0	0	0	0	0	0	0	0	0	0.764690842272956	0.64403649853308	0.942591810402304	0.86653463861022	0.524556706050962	0.785989904999155	0.93917494419929	0	0.808873168326049	0.941172027208832	0.869744127138337	0.844539579018618	0.668590500717005	0.612211669445969	0.637924312097528	0	0	0	0	0	0	0	0	0	0	0	0	0	0	0	0	0	0	0	0	0	0	0	0	0	0	0	0	0	0	0	0	0	0	0	0	0	0	0	0	0	0	0	0	0
0.514084379221238	0	0	0	0	0	0	0	0	0	0	0	0	0	0	0	0	0	0	0	0	0	0	0	0	0	0	0	0	0	0	0.722177011360417	0.704372609338002	0.739771971637293	0.61692457819474	0.559004832579286	0.913352190261958	0.597053317307713	0	0.580737866082748	0.637232691697935	0.691313536380834	0.724568841555169	0.789953696075564	0.72388332083864	0	0	0	0	0	0	0	0	0	0	0	0	0	0	0	0	0	0	0	0	0	0	0	0	0	0	0	0	0	0	0	0	0	0	0	0	0	0	0	0	0	0	0	0	0
0.942756224966791	0.834607726026896	0	0	0	0	0	0	0	0	0	0	0	0	0	0	0	0	0	0	0	0	0	0	0	0	0	0	0	0	0	0	0.977396459462974	0.779518414416028	0.681976686375804	0.688901537657127	0.590660884781503	0.807865545963434	0.680095002502311	0	0.894008898774611	0.927239439717267	0.868171588408789	0.797948116044926	0.805790934946591	0	0	0	0	0	0	0	0	0	0	0	0	0	0	0	0	0	0	0	0	0	0	0	0	0	0	0	0	0	0	0	0	0	0	0	0	0	0	0	0	0	0	0	0	0
0.909918535732666	0.969195488914071	0.589376940277882	0	0	0	0	0	0	0	0	0	0	0	0	0	0	0	0	0	0	0	0	0	0	0	0	0	0	0	0	0	0	0.885018335679096	0.73265340324405	0.842634631134175	0.620969332435413	0.589954889480824	0.825747156039287	0.953663587823349	0	0.697023449851747	0.658949633549415	0.721075211090964	0.777816968208031	0	0	0	0	0	0	0	0	0	0	0	0	0	0	0	0	0	0	0	0	0	0	0	0	0	0	0	0	0	0	0	0	0	0	0	0	0	0	0	0	0	0	0	0	0
0.771503843764863	0.760282635158027	0.540667339196439	0.709509703638837	0	0	0	0	0	0	0	0	0	0	0	0	0	0	0	0	0	0	0	0	0	0	0	0	0	0	0	0	0	0	0.64650640179758	0.970751108297253	0.666326943798363	0.695043925211642	0.825972720520483	0.595549378758966	0.824541181845791	0	0.727228593614864	0.766694082208214	0.730714603091585	0	0	0	0	0	0	0	0	0	0	0	0	0	0	0	0	0	0	0	0	0	0	0	0	0	0	0	0	0	0	0	0	0	0	0	0	0	0	0	0	0	0	0	0	0
0.593922822999975	0.946216145952092	0.509157742707844	0.721379611347876	0.999323754778979	0	0	0	0	0	0	0	0	0	0	0	0	0	0	0	0	0	0	0	0	0	0	0	0	0	0	0	0	0	0	0.927569510485711	0.737065688757683	0.736973911668703	0.979489325314594	0.769248550391951	0.537556176160078	0.942413764315349	0	0.701388349713593	0.674399314002229	0	0	0	0	0	0	0	0	0	0	0	0	0	0	0	0	0	0	0	0	0	0	0	0	0	0	0	0	0	0	0	0	0	0	0	0	0	0	0	0	0	0	0	0	0
0.554899590342077	0.813246405348114	0.748710479938267	0.88193504803364	0.613897433177615	0.696176686520282	0	0	0	0	0	0	0	0	0	0	0	0	0	0	0	0	0	0	0	0	0	0	0	0	0	0	0	0	0	0	0.801179137539773	0.799953341277845	0.807226412529692	0.828108213341739	0.71612808887242	0.924156919633023	0.936521803296722	0	0.741083678701084	0	0	0	0	0	0	0	0	0	0	0	0	0	0	0	0	0	0	0	0	0	0	0	0	0	0	0	0	0	0	0	0	0	0	0	0	0	0	0	0	0	0	0	0	0
0.799167707721898	0.553507136783657	0.699466878711191	0.599040737034259	0.680518378883932	0.851413505652975	0.677542843585831	0	0	0	0	0	0	0	0	0	0	0	0	0	0	0	0	0	0	0	0	0	0	0	0	0	0	0	0	0	0	0.728485434351735	0.720307129169887	0.713335743039803	0.875217031777808	0.553415552026285	0.893764291152839	0.537486514037338	0	0	0	0	0	0	0	0	0	0	0	0	0	0	0	0	0	0	0	0	0	0	0	0	0	0	0	0	0	0	0	0	0	0	0	0	0	0	0	0	0	0	0	0	0	0
0	0	0	0	0	0	0	0	0	0	0	0	0	0	0	0	0	0	0	0	0	0	0	0	0	0	0	0	0	0	0	0	0	0	0	0	0	0	0	0	0	0	0	0	0	0	0	0	0	0	0	0	0	0	0	0	0	0	0	0	0	0	0	0	0	0	0	0	0	0	0	0	0	0	0	0.740177883523052	0	0	0	0	0	0.685332040067467	0.650102288564829	0	0	0	0.564212584574313	0	0	0
0	0	0	0	0	0	0	0	0	0	0	0	0	0	0	0	0	0	0	0	0	0	0	0	0	0	0	0	0	0	0	0	0	0	0	0	0	0	0	0	0	0	0	0	0	0	0	0	0	0.659548734749203	0	0	0	0	0	0	0	0	0.897838862775764	0	0.765445776776751	0	0	0	0	0	0	0	0	0	0	0	0	0	0.788147562481879	0	0	0	0.707053819562391	0.964742148693484	0	0	0	0	0	0	0	0	0	0.901555474158086
0	0	0	0	0	0	0	0	0	0	0	0	0	0	0	0	0	0	0	0	0	0	0	0	0	0	0	0	0	0	0	0	0	0	0	0	0	0	0	0	0	0	0	0	0	0	0	0	0	0	0.565860840017841	0	0	0	0	0	0	0	0.766092211197869	0	0	0	0	0	0	0	0	0	0	0	0	0	0	0	0	0	0	0	0	0	0.73895212351894	0	0	0.908961532724912	0	0	0	0	0	0
0	0	0	0	0	0	0	0	0	0	0	0	0	0	0	0	0	0	0	0	0	0	0	0	0	0	0	0	0	0	0	0	0	0	0	0	0	0	0	0	0	0	0	0	0	0	0	0	0	0	0	0	0	0	0	0	0	0	0.857546699188752	0	0.821198762099982	0.842397895587475	0	0	0	0	0	0	0	0	0	0.685698140499335	0	0	0	0	0	0	0	0	0	0	0.827209201618284	0	0	0	0	0.739419533667525	0	0.792433821847912
0	0	0	0	0	0	0	0	0	0	0	0	0	0	0	0	0	0	0	0	0	0	0	0	0	0	0	0	0	0	0	0	0	0	0	0	0	0	0	0	0	0	0	0	0	0	0.673688250824573	0	0	0	0	0	0.587300410278763	0	0	0	0	0	0	0	0	0.75194108684879	0	0	0	0	0	0	0	0	0.983863108446423	0	0	0	0	0	0	0	0	0.987134763543077	0	0	0	0.726551671609291	0	0	0	0	0	0
0	0	0	0	0	0	0	0	0	0	0	0	0	0	0	0	0	0	0	0	0	0	0	0	0	0	0	0	0	0	0	0	0	0	0	0	0	0	0	0	0	0	0	0	0	0	0	0.938649941227367	0	0	0	0	0	0	0	0	0	0	0	0	0	0	0	0	0	0.708293409918035	0.987683664265651	0.705293819191546	0	0.714186691033071	0.908988421509271	0	0	0	0	0	0.690906539931081	0.618763293645369	0	0	0	0	0	0	0	0	0	0	0	0
0	0	0	0	0	0	0	0	0	0	0	0	0	0	0	0	0	0	0	0	0	0	0	0	0	0	0	0	0	0	0	0	0	0	0	0	0	0	0	0	0	0	0	0	0	0	0	0	0	0	0	0	0.571811141055018	0	0.946687693295387	0	0	0	0.989902615877859	0	0	0	0	0.901367979641019	0	0	0.91639534005781	0	0	0	0	0	0	0	0	0	0	0	0	0	0.502899549916827	0	0	0	0	0	0	0	0	0
0	0	0	0	0	0	0	0	0	0	0	0	0	0	0	0	0	0	0	0	0	0	0	0	0	0	0	0	0	0	0	0	0	0	0	0	0	0	0	0	0	0	0	0	0	0	0	0	0	0.89956441170755	0	0.718623836574574	0	0	0	0	0	0	0.783535968699888	0	0	0	0	0	0	0	0	0	0.79976661825467	0	0	0	0	0	0	0.869233056742655	0	0	0	0	0	0	0	0	0	0.781683869102218	0	0	0	0
0	0	0	0	0	0	0	0	0	0	0	0	0	0	0	0	0	0	0	0	0	0	0	0	0	0	0	0	0	0	0	0	0	0	0	0	0	0	0	0	0	0	0	0	0	0	0	0	0	0	0	0	0	0	0	0	0.70065800110891	0	0	0.759350664290814	0	0	0.873015062683025	0.639393963626447	0	0	0	0	0	0	0.71413139043984	0	0	0	0	0	0	0	0	0	0	0	0	0	0	0.673655933353138	0	0	0.828466785306721	0
0	0	0	0	0	0	0	0	0	0	0	0	0	0	0	0	0	0	0	0	0	0	0	0	0	0	0	0	0	0	0	0	0	0	0	0	0	0	0	0	0	0	0	0	0	0	0	0	0	0	0	0.560171522780043	0	0	0	0	0	0	0	0	0.830808409615839	0	0	0	0.67481128176172	0	0	0	0	0	0	0	0	0	0	0	0.51536750482687	0	0	0	0	0	0.517939148766639	0.766238958570279	0	0	0.598698984562262	0.864613870866248	0	0
0	0	0	0	0	0	0	0	0	0	0	0	0	0	0	0	0	0	0	0	0	0	0	0	0	0	0	0	0	0	0	0	0	0	0	0	0	0	0	0	0	0	0	0	0	0	0	0	0	0	0	0	0	0	0	0	0	0.905317121687863	0	0.644605321550081	0	0	0	0	0	0	0	0	0	0	0.604507267513663	0	0.748075887297346	0	0.880623963074388	0.749700734674274	0.801285581019635	0	0	0	0	0	0	0	0	0	0	0.95072082046444	0.983899870685057	0
0	0	0	0	0	0	0	0	0	0	0	0	0	0	0	0	0	0	0	0	0	0	0	0	0	0	0	0	0	0	0	0	0	0	0	0	0	0	0	0	0	0	0	0	0	0	0	0	0	0	0	0	0	0.952306749015108	0	0	0	0	0	0.88862537091942	0	0	0	0	0	0	0	0	0	0	0	0	0	0	0	0	0	0	0.569302912024419	0	0.669544770612489	0	0	0	0	0.525568360141937	0	0	0	0
0	0	0	0	0	0	0	0	0	0	0	0	0	0	0	0	0	0	0	0	0	0	0	0	0	0	0	0	0	0	0	0	0	0	0	0	0	0	0	0	0	0	0	0	0	0	0	0	0	0	0	0	0	0	0	0.578242384738161	0	0	0.68457644213757	0	0	0	0	0	0	0	0	0	0	0.586652731442636	0	0	0	0	0	0	0	0	0	0	0	0	0	0	0	0.755411639001612	0	0	0	0
0	0	0	0	0	0	0	0	0	0	0	0	0	0	0	0	0	0	0	0	0	0	0	0	0	0	0	0	0	0	0	0	0	0	0	0	0	0	0	0	0	0	0	0	0	0	0.947316017530319	0.606095979060014	0.921894085517472	0	0	0.574013585998846	0.919006011486988	0	0	0	0	0.610873381497993	0	0.907282022681897	0	0.842563026516386	0	0	0	0	0	0	0	0	0	0	0	0	0.741462643418374	0	0	0.847573818503248	0	0	0	0	0	0	0	0	0	0	0	0
0	0	0	0	0	0	0	0	0	0	0	0	0	0	0	0	0	0	0	0	0	0	0	0	0	0	0	0	0	0	0	0	0	0	0	0	0	0	0	0	0	0	0	0	0	0	0	0	0	0	0	0	0	0.758647355196994	0	0.685267236721747	0.906859202009116	0	0.934581921531068	0	0	0	0	0	0	0	0	0	0	0	0.538521599472348	0	0	0	0	0	0	0	0	0	0	0	0	0	0	0	0	0	0	0
0	0	0	0	0	0	0	0	0	0	0	0	0	0	0	0	0	0	0	0	0	0	0	0	0	0	0	0	0	0	0	0	0	0	0	0	0	0	0	0	0	0	0	0	0	0	0.985048623145793	0	0.508601484397609	0	0	0	0	0	0.838216232418688	0	0	0	0	0	0	0	0	0	0	0	0	0	0	0	0	0.564293856712346	0	0	0	0	0.817898734956598	0	0.662132366067612	0	0	0	0	0	0	0	0	0	0	0
0	0	0	0	0	0	0	0	0	0	0	0	0	0	0	0	0	0	0	0	0	0	0	0	0	0	0	0	0	0	0	0	0	0	0	0	0	0	0	0	0	0	0	0	0	0	0	0	0.934055316094191	0.908187253480998	0	0	0	0	0	0	0	0	0.904795191492065	0	0	0	0	0	0.852647697387438	0	0	0	0	0	0	0.906998330728285	0	0.564345144430219	0.558682654680996	0	0	0	0	0	0	0	0	0.774205110973178	0	0	0.70164501202147	0	0	0
0	0	0	0	0	0	0	0	0	0	0	0	0	0	0	0	0	0	0	0	0	0	0	0	0	0	0	0	0	0	0	0	0	0	0	0	0	0	0	0	0	0	0	0	0	0	0	0	0	0	0	0	0	0.958476007968166	0	0	0	0	0	0	0	0	0	0	0.876325335782607	0	0	0	0	0	0	0	0	0	0	0	0	0	0	0	0	0	0	0.916399296445948	0	0.535710824531737	0	0	0	0
0	0	0	0	0	0	0	0	0	0	0	0	0	0	0	0	0	0	0	0	0	0	0	0	0	0	0	0	0	0	0	0	0	0	0	0	0	0	0	0	0	0	0	0	0	0	0	0	0	0	0	0.678483223402428	0	0.746849365920545	0	0	0	0	0	0	0	0	0	0	0	0.739791295314072	0	0	0	0	0	0	0	0	0	0	0	0	0	0	0	0	0	0	0	0	0	0	0	0
0	0	0	0	0	0	0	0	0	0	0	0	0	0	0	0	0	0	0	0	0	0	0	0	0	0	0	0	0	0	0	0	0	0	0	0	0	0	0	0	0	0	0	0	0	0	0	0	0	0	0	0	0	0	0.702847166604673	0	0	0	0	0	0	0.940007370743289	0.708542530467764	0	0	0	0	0	0	0	0	0	0	0	0	0	0	0	0	0	0	0.989380984373247	0	0	0	0	0.952963393740978	0	0	0
0	0	0	0	0	0	0	0	0	0	0	0	0	0	0	0	0	0	0	0	0	0	0	0	0	0	0	0	0	0	0	0	0	0	0	0	0	0	0	0	0	0	0	0	0	0	0	0	0	0	0.649663141191911	0	0	0	0	0	0	0	0	0	0	0	0	0.50721103388948	0	0	0	0.793072202412715	0	0	0	0	0	0	0	0.573062785908109	0	0	0	0	0	0	0	0	0	0	0	0.850733377053166	0	0.985089424215906
0	0	0	0	0	0	0	0	0	0	0	0	0	0	0	0	0	0	0	0	0	0	0	0	0	0	0	0	0	0	0	0	0	0	0	0	0	0	0	0	0	0	0	0	0	0	0	0	0	0	0.517522395703775	0.672375808515617	0	0	0	0	0	0	0	0	0	0	0	0	0	0	0	0	0	0.803102531572853	0	0	0	0.524464164088881	0	0	0	0	0	0	0.605305019152108	0	0	0	0	0	0	0	0	0
0	0	0	0	0	0	0	0	0	0	0	0	0	0	0	0	0	0	0	0	0	0	0	0	0	0	0	0	0	0	0	0	0	0	0	0	0	0	0	0	0	0	0	0	0	0	0	0	0	0	0.955910334446565	0	0	0	0	0	0	0	0	0	0	0	0	0	0	0.673289286475505	0	0	0	0	0.942092597408865	0	0	0	0	0	0	0	0	0	0	0	0.658493752254999	0	0.581892925010902	0	0.983751034025585	0	0	0
0	0	0	0	0	0	0	0	0	0	0	0	0	0	0	0	0	0	0	0	0	0	0	0	0	0	0	0	0	0	0	0	0	0	0	0	0	0	0	0	0	0	0	0	0	0	0	0	0	0	0	0	0.517283503745891	0	0	0	0	0	0	0	0	0	0	0	0	0	0	0	0	0.666090459711549	0.853180525085194	0	0	0	0	0	0	0.995586366231233	0	0	0	0	0	0	0	0	0	0	0	0
0	0	0	0	0	0	0	0	0	0	0	0	0	0	0	0	0	0	0	0	0	0	0	0	0	0	0	0	0	0	0	0	0	0	0	0	0	0	0	0	0	0	0	0	0	0	0	0	0	0	0.683232990277429	0	0	0	0	0	0	0.755873455461007	0	0	0	0	0	0	0	0	0.903258002567112	0	0.94730856090124	0	0	0	0.77349676514033	0	0	0	0	0	0.576151580193409	0	0	0	0	0	0.839681541065784	0	0	0	0	0
0	0	0	0	0	0	0	0	0	0	0	0	0	0	0	0	0	0	0	0	0	0	0	0	0	0	0	0	0	0	0	0	0	0	0	0	0	0	0	0	0	0	0	0	0	0	0	0	0	0.579598045215204	0.524555399639481	0	0	0.881169844980855	0	0.577203667552557	0	0	0	0.752716025663313	0	0	0	0	0	0	0	0.671203834063017	0.767020111940402	0	0	0	0	0	0	0	0	0	0.66163440207192	0	0	0	0	0	0	0	0	0	0	0
0	0	0	0	0	0	0	0	0	0	0	0	0	0	0	0	0	0	0	0	0	0	0	0	0	0	0	0	0	0	0	0	0	0	0	0	0	0	0	0	0	0	0	0	0	0	0	0	0.74663675857227	0	0	0	0	0	0	0	0	0	0	0	0.708173896440095	0.919718840238984	0	0	0	0	0	0	0	0	0	0	0	0	0	0	0	0	0	0	0	0.544656536917	0	0	0	0.675253655047161	0	0	0	0
0	0	0	0	0	0	0	0	0	0	0	0	0	0	0	0	0	0	0	0	0	0	0	0	0	0	0	0	0	0	0	0	0	0	0	0	0	0	0	0	0	0	0	0	0	0	0	0	0	0	0	0	0	0	0	0.604170145763549	0	0	0	0	0	0	0	0	0	0	0	0	0	0.583362559560731	0	0	0	0.941342155582779	0	0.784726966785529	0	0	0	0	0	0	0	0	0	0	0	0	0	0
0	0	0	0	0	0	0	0	0	0	0	0	0	0	0	0	0	0	0	0	0	0	0	0	0	0	0	0	0	0	0	0	0	0	0	0	0	0	0	0	0	0	0	0	0	0	0	0	0	0	0	0	0	0	0	0	0	0	0	0	0	0.627934768658113	0	0	0	0	0.930736324908953	0	0	0	0	0	0.98866801559952	0	0	0.950006456512609	0	0	0	0	0	0	0	0	0	0	0.793607980108164	0	0	0
0	0	0	0	0	0	0	0	0	0	0	0	0	0	0	0	0	0	0	0	0	0	0	0	0	0	0	0	0	0	0	0	0	0	0	0	0	0	0	0	0	0	0	0	0	0	0.582348652402311	0	0	0	0	0	0	0	0	0.80539225132768	0	0	0.95563014404638	0	0	0.73260190384095	0	0	0	0	0	0	0	0	0	0	0	0	0	0	0	0	0.918356569895498	0	0	0.688492193867371	0	0	0	0	0	0	0	0
0	0	0	0	0	0	0	0	0	0	0	0	0	0	0	0	0	0	0	0	0	0	0	0	0	0	0	0	0	0	0	0	0	0	0	0	0	0	0	0	0	0	0	0	0	0.976624518471784	0	0	0	0	0	0	0.93021949246093	0	0	0.786732407445044	0	0	0	0	0	0	0	0	0	0.733098143672239	0	0	0	0	0	0	0.990782617985221	0.637823874329181	0	0	0	0	0	0	0	0	0	0	0	0	0	0	0	0
0	0	0	0	0	0	0	0	0	0	0	0	0	0	0	0	0	0	0	0	0	0	0	0	0	0	0	0	0	0	0	0	0	0	0	0	0	0	0	0	0	0	0	0	0	0	0	0	0	0	0.506396927415431	0	0	0	0.565078721623979	0.9626182893126	0	0	0	0	0.970636907755651	0	0	0	0	0	0	0	0	0	0	0	0	0	0	0	0	0	0.857502762806064	0	0	0	0	0.844177029191677	0	0	0.639371397773556	0	0	0.58472718924574
0	0	0	0	0	0	0	0	0	0	0	0	0	0	0	0	0	0	0	0	0	0	0	0	0	0	0	0	0	0	0	0	0	0	0	0	0	0	0	0	0	0	0	0	0	0	0	0	0	0	0.945978338584693	0	0	0	0	0	0	0	0.797043589605968	0	0	0	0	0	0	0	0	0	0.993782737040278	0	0	0	0	0	0	0	0	0	0	0	0.815934643669476	0	0	0	0	0	0	0	0	0
0	0	0	0	0	0	0	0	0	0	0	0	0	0	0	0	0	0	0	0	0	0	0	0	0	0	0	0	0	0	0	0	0	0	0	0	0	0	0	0	0	0	0	0	0	0	0.885881571271183	0	0	0	0	0	0	0	0	0	0.967537097870511	0	0	0	0.821220630904649	0	0	0	0	0	0	0	0	0.755201346491959	0.684634204347461	0	0	0	0.656386188545982	0	0.855586591987219	0	0	0	0	0.788955632693243	0	0	0.817453511267497	0	0	0	0.587485131828152	0
0	0	0	0	0	0	0	0	0	0	0	0	0	0	0	0	0	0	0	0	0	0	0	0	0	0	0	0	0	0	0	0	0	0	0	0	0	0	0	0	0	0	0	0	0	0	0.619703443984885	0	0	0.538595112621219	0	0	0	0	0	0	0	0	0	0	0	0	0	0	0	0	0	0	0	0	0	0	0	0	0	0	0	0	0	0	0.895881882989892	0	0	0	0	0	0	0	0	0
0	0	0	0	0	0	0	0	0	0	0	0	0	0	0	0	0	0	0	0	0	0	0	0	0	0	0	0	0	0	0	0	0	0	0	0	0	0	0	0	0	0	0	0	0	0	0	0.915589490955326	0	0	0	0.878346367114414	0	0	0	0	0.974408430052453	0	0	0	0	0	0	0	0	0	0.887889209624214	0	0	0	0	0	0	0	0	0	0	0.687281850082301	0	0.975764475573452	0	0	0	0.934528967800626	0	0	0.6351885644066	0	0	0
0	0	0	0	0	0	0	0	0	0	0	0	0	0	0	0	0	0	0	0	0	0	0	0	0	0	0	0	0	0	0	0	0	0	0	0	0	0	0	0	0	0	0	0	0	0.669768489427091	0	0	0	0	0	0	0	0	0	0	0	0	0	0	0	0	0	0	0.720125260965174	0	0	0	0	0	0	0.863173580845313	0	0	0.711404649642088	0	0	0	0.540559260854716	0	0	0	0.640130185838516	0	0	0	0	0	0	0.706252668258606
0	0	0	0	0	0	0	0	0	0	0	0	0	0	0	0	0	0	0	0	0	0	0	0	0	0	0	0	0	0	0	0	0	0	0	0	0	0	0	0	0	0	0	0	0	0.545323114209953	0	0	0.925427557548153	0	0	0	0	0	0.736232043923912	0	0	0	0	0	0	0	0	0	0	0	0	0.840193473707983	0	0	0	0	0	0	0	0	0	0	0	0	0	0.554469541386922	0	0.893250485849507	0	0	0	0	0	0
0	0	0	0	0	0	0	0	0	0	0	0	0	0	0	0	0	0	0	0	0	0	0	0	0	0	0	0	0	0	0	0	0	0	0	0	0	0	0	0	0	0	0	0	0	0	0	0.577773198092206	0	0.61353029256333	0	0	0	0	0.782008151764586	0	0	0	0	0	0	0.842142967601653	0.586772571368969	0	0	0	0	0	0	0	0	0	0	0	0	0	0.83842487312409	0	0	0	0.931980778117874	0	0.861493321561658	0	0	0.975978242317095	0	0	0	0
0	0	0	0	0	0	0	0	0	0	0	0	0	0	0	0	0	0	0	0	0	0	0	0	0	0	0	0	0	0	0	0	0	0	0	0	0	0	0	0	0	0	0	0	0	0	0	0	0	0	0	0	0	0	0	0	0	0	0	0	0	0	0	0	0	0	0	0.572380832964344	0	0.718045036081826	0	0	0	0	0	0	0	0	0.984325526254709	0	0	0	0	0	0	0	0	0	0	0
0	0	0	0	0	0	0	0	0	0	0	0	0	0	0	0	0	0	0	0	0	0	0	0	0	0	0	0	0	0	0	0	0	0	0	0	0	0	0	0	0	0	0	0	0	0	0	0	0	0	0	0	0.868962449364289	0.540562653264306	0	0	0.924194255357507	0.868290954379497	0	0	0	0	0.556768595651241	0	0	0	0	0	0	0	0	0.578065958252806	0	0	0	0	0	0	0	0	0	0	0	0.750088722826157	0	0	0	0	0	0
0	0	0	0	0	0	0	0	0	0	0	0	0	0	0	0	0	0	0	0	0	0	0	0	0	0	0	0	0	0	0	0	0	0	0	0	0	0	0	0	0	0	0	0	0	0.888649310599634	0	0	0	0	0	0	0	0	0.637354368521565	0	0	0	0	0	0	0.885811782429395	0	0	0.715819263549304	0	0	0.856426661415843	0	0	0	0	0	0.861937983080006	0	0	0.838419898600362	0	0	0	0.889438156334636	0	0	0	0	0	0	0	0	0
0	0	0	0	0	0	0	0	0	0	0	0	0	0	0	0	0	0	0	0	0	0	0	0	0	0	0	0	0	0	0	0	0	0	0	0	0	0	0	0	0	0	0	0	0	0	0	0	0.690192998735158	0	0	0	0	0	0.906351683216535	0.717182885742024	0	0	0	0	0	0	0	0	0	0.789132019924914	0	0	0	0	0	0	0	0	0	0	0	0	0	0	0	0	0	0	0	0	0	0	0	0
0	0	0	0	0	0	0	0	0	0	0	0	0	0	0	0	0	0	0	0	0	0	0	0	0	0	0	0	0	0	0	0	0	0	0	0	0	0	0	0	0	0	0	0	0	0	0	0	0	0	0	0	0	0.6063438415667	0	0.779650832458587	0	0	0	0	0	0	0	0	0	0	0	0	0	0	0	0	0	0	0	0	0	0	0.893532022140539	0	0	0	0	0	0	0	0	0	0	0
0	0	0	0	0	0	0	0	0	0	0	0	0	0	0	0	0	0	0	0	0	0	0	0	0	0	0	0	0	0	0	0	0	0	0	0	0	0	0	0	0	0	0	0	0	0	0.651742985432936	0	0.956040865649308	0	0	0	0	0	0	0	0	0	0	0	0	0	0	0	0	0.672651178486277	0	0	0	0	0	0	0	0	0	0	0.607893981648585	0	0	0	0	0.605523087636891	0	0	0	0	0	0	0	0
