0	0.719999135361451	0.565786427957782	0.895677353280061	0	0	0	0	0	0	0	0	0	0	0	0	0	0	0	0	0	0	0	0	0	0	0	0	0	0	0	0	0	0	0	0	0	0	0	0	0	0	0.748330163402911	0.628612874190572	0.542606944544906	0	0	0	0	0	0	0	0	0	0	0	0	0	0	0	0	0	0	0	0	0	0	0	0	0	0	0	0	0	0	0	0	0	0	0	0	0	0	0	0	0	0	0	0	0
0.639098798020312	0	0.73686191147572	0.800698692683017	0.80311063398813	0	0	0	0	0	0	0	0	0	0	0	0	0	0	0	0	0	0	0	0	0	0	0	0	0	0	0	0	0	0	0	0	0	0	0	0	0	0	0.673841025281048	0.965130818611658	0	0	0	0	0	0	0	0	0	0	0	0	0	0	0	0	0	0	0	0	0	0	0	0	0	0	0	0	0	0	0	0	0	0	0	0	0	0	0	0	0	0	0	0	0
0.892297927257526	0.809197842336352	0	0.869983838380916	0.702745955237563	0.61143766843701	0	0	0	0	0	0	0	0	0	0	0	0	0	0	0	0	0	0	0	0	0	0	0	0	0	0	0	0	0	0	0	0	0	0	0	0	0	0	0.8029028895098	0	0	0	0	0	0	0	0	0	0	0	0	0	0	0	0	0	0	0	0	0	0	0	0	0	0	0	0	0	0	0	0	0	0	0	0	0	0	0	0	0	0	0	0	0
0.524749181955995	0.91194117331005	0.745912543547015	0	0	0.675621790298996	0.817727404348889	0	0	0	0	0	0	0	0.620670976969857	0	0	0	0	0	0	0	0	0	0	0	0	0	0	0	0	0	0	0	0	0	0	0	0	0	0	0	0	0	0	0	0	0	0	0	0	0	0	0	0	0	0	0	0	0	0	0	0	0	0	0	0	0	0	0	0	0	0	0	0	0	0	0	0	0	0	0	0	0	0	0	0	0	0	0
0	0.946019755142121	0.560881305795938	0	0	0.654146581307333	0.833707678687216	0.898115762902196	0	0	0	0	0	0	0	0	0	0	0	0	0	0	0	0	0	0	0	0	0	0	0	0	0	0	0	0	0	0	0	0	0	0	0	0	0	0	0	0	0	0	0	0	0	0	0	0	0	0	0	0	0	0	0	0	0	0	0	0	0	0	0	0	0	0	0	0	0	0	0	0	0	0	0	0	0	0	0	0	0	0
0	0	0.67388497437081	0.935679502507518	0.769612561488562	0	0.770947173310738	0.848091798031566	0.762505010613764	0	0	0	0	0	0	0	0	0	0	0	0	0	0	0	0	0	0	0	0	0	0	0	0	0	0	0	0	0	0	0	0	0	0	0	0	0	0	0	0	0	0	0	0	0	0	0	0	0	0	0	0	0	0	0	0	0	0	0	0	0	0	0	0	0	0	0	0	0	0	0	0	0	0	0	0	0	0	0	0	0
0	0	0	0.696744284291686	0.679226198702381	0.749267568283728	0	0.620373289567975	0.707317242121342	0.987414678982465	0	0	0	0	0	0	0	0	0	0	0	0	0	0	0	0	0	0	0	0	0	0	0	0	0	0	0	0	0	0	0	0	0	0	0	0	0	0	0	0	0	0	0	0	0	0	0	0	0	0	0	0	0	0	0	0	0	0	0	0	0	0	0	0	0	0	0	0	0	0	0	0	0	0	0	0	0	0	0	0
0	0	0	0	0.601894972524621	0.54887557442932	0.691245707365909	0	0.654981136761378	0.767617984072568	0.930786558568648	0	0	0	0	0	0	0	0	0	0	0	0	0	0	0	0	0	0	0	0	0	0	0	0	0	0	0	0	0	0	0	0	0	0	0	0	0	0	0	0	0	0	0	0	0	0	0	0	0	0	0	0	0	0	0	0	0	0	0	0	0	0	0	0	0	0	0	0	0	0	0	0	0	0	0	0	0	0	0
0	0	0	0	0	0.735136382364713	0.742608783247754	0.978667682392526	0	0.583650200692913	0.925038378418236	0.708416689578887	0	0	0	0	0	0	0	0	0	0	0	0	0	0	0	0	0	0	0	0	0	0	0	0	0	0	0	0	0	0	0	0	0	0	0	0	0	0	0	0	0	0	0	0	0	0	0	0	0	0	0	0	0	0	0	0	0	0	0	0	0	0	0	0	0	0	0	0	0	0	0	0	0	0	0	0	0	0
0	0	0	0	0	0	0.852408828457863	0.739298493260893	0.715353669430945	0	0.84627083626687	0.832548989672101	0.81941571638398	0	0	0	0	0	0	0	0	0	0	0	0	0	0	0	0	0	0	0	0	0	0	0	0	0	0	0	0	0	0	0	0	0	0	0	0	0	0	0	0	0	0	0	0	0	0	0	0	0	0	0	0	0	0	0	0	0	0	0	0	0	0	0	0	0	0	0	0	0	0	0	0	0	0	0	0	0
0	0	0	0	0	0	0	0.505708626588299	0.69850723821863	0.943500826421968	0	0.693365108817582	0.840079699336562	0.796631886679355	0	0	0	0	0	0	0	0	0	0	0	0	0	0	0	0	0	0	0	0	0	0	0	0	0	0	0	0	0	0	0	0	0	0	0	0	0	0	0	0	0	0	0	0	0	0	0	0	0	0	0	0	0	0	0	0	0	0	0	0	0	0	0	0	0	0	0	0	0	0	0	0	0	0	0	0
0	0	0	0	0	0	0	0	0.541434144608308	0.715669906812145	0.525883331701444	0	0.67009350650301	0.855751968361637	0.501655306597814	0	0	0	0	0	0	0	0	0	0	0	0	0	0	0	0	0	0	0	0	0	0	0	0	0	0	0	0	0	0	0	0	0	0	0	0	0	0	0	0	0	0	0	0	0	0	0	0	0	0	0	0	0	0	0	0	0	0	0	0	0	0	0	0	0	0	0	0	0	0	0	0	0	0	0
0	0	0	0	0	0	0	0	0	0.669422104814718	0.503636626710344	0.963044194384788	0	0.627226893411818	0.944782337975468	0.705827978757405	0	0	0	0	0	0	0	0	0	0	0	0	0	0	0	0	0	0	0	0	0	0	0	0	0	0	0	0	0	0	0	0	0	0	0	0	0	0	0	0	0	0	0	0	0	0	0	0	0	0	0	0	0	0	0	0	0	0	0	0	0	0	0	0	0	0	0	0	0	0	0	0	0	0
0	0	0	0	0	0	0	0	0	0	0.79148677458507	0.861295118704825	0.613597005095184	0	0.911034727216673	0.548108637196742	0.991179136062935	0	0	0	0	0	0	0	0	0	0	0	0	0	0	0	0	0	0	0	0	0	0	0	0	0	0	0	0	0	0	0	0	0	0	0	0	0	0	0	0	0	0	0	0	0	0	0	0	0	0	0	0	0	0	0	0	0	0	0	0	0	0	0	0	0	0	0	0	0	0	0	0	0
0	0	0	0.741881662487372	0	0	0	0	0	0	0	0.570496041152048	0.928682032558966	0.839054201151307	0	0.631213072439227	0.821208628496272	0.66265017318696	0	0	0	0	0	0	0	0	0	0	0	0	0	0	0	0	0	0	0	0	0	0	0	0	0	0	0	0	0	0	0	0	0	0	0	0	0	0	0	0	0	0	0	0	0	0	0	0	0	0	0	0	0	0	0	0	0	0	0	0	0	0	0	0	0	0	0	0	0	0	0	0
0	0	0	0	0	0	0	0	0	0	0	0	0.667855613064395	0.643606407616267	0.885885641432455	0	0.618852402032941	0.788530574558822	0.57312142129527	0	0	0	0	0	0	0	0	0	0	0	0	0	0	0	0	0	0	0	0	0	0	0	0	0	0	0	0	0	0	0	0	0	0	0	0	0	0	0	0	0	0	0	0	0	0	0	0	0	0	0	0	0	0	0	0	0	0	0	0	0	0	0	0	0	0	0	0	0	0	0
0	0	0	0	0	0	0	0	0	0	0	0	0	0.956667078132553	0.863647510688095	0.839295371533452	0	0.619626417146307	0.512396231888237	0.985796335344743	0	0	0	0	0	0	0	0	0	0	0	0	0	0	0	0	0	0	0	0	0	0	0	0	0	0	0	0	0	0	0	0	0	0	0	0	0	0	0	0	0	0	0	0	0	0	0	0	0	0	0	0	0	0	0	0	0	0	0	0	0	0	0	0	0	0	0	0	0	0
0	0	0	0	0	0	0	0	0	0	0	0	0	0	0.57934411655558	0.619859894453149	0.847862721788048	0	0.80020355585137	0.755132159631452	0.758452184792157	0	0	0	0	0	0	0	0	0	0	0	0	0	0	0	0	0	0	0	0	0	0	0	0	0	0	0	0	0	0	0	0	0	0	0	0	0	0	0	0	0	0	0	0	0	0	0	0	0	0	0	0	0	0	0	0	0	0	0	0	0	0	0	0	0	0	0	0	0
0	0	0	0	0	0	0	0	0	0	0	0	0	0	0	0.7385548980849	0.596649174490386	0.521602460806775	0	0.892983534406512	0.842390679511658	0.655784136612773	0	0	0	0	0	0	0	0	0	0	0	0	0	0	0	0	0	0	0	0	0	0	0	0	0	0	0	0	0	0	0	0	0	0	0	0	0	0	0	0	0	0	0	0	0	0	0	0	0	0	0	0	0	0	0	0	0	0	0	0	0	0	0	0	0	0	0	0
0	0	0	0	0	0	0	0	0	0	0	0	0	0	0	0	0.968373265671289	0.835757386627746	0.895549685620501	0	0.897853838191394	0.517286204910247	0.525056730316191	0	0	0	0	0	0	0	0	0	0	0	0	0	0	0	0	0	0	0	0	0	0	0	0	0	0	0	0	0	0	0	0	0	0	0	0	0	0	0	0	0	0	0	0	0	0	0	0	0	0	0	0	0	0	0	0	0	0	0	0	0	0	0	0	0	0	0
0	0	0	0	0	0	0	0	0	0	0	0	0	0	0	0	0	0.690696575983102	0.985408690739104	0.829845333792406	0	0.783522539233952	0.644870223947183	0.958606047877334	0	0	0	0	0	0	0	0	0	0	0	0	0	0	0	0	0	0	0	0	0	0	0	0	0	0	0	0	0	0	0	0	0	0	0	0	0	0	0	0	0	0	0	0	0	0	0	0	0	0	0	0	0	0	0	0	0	0	0	0	0	0	0	0	0	0
0	0	0	0	0	0	0	0	0	0	0	0	0	0	0	0	0	0	0.860618349691691	0.99600658079664	0.852211804861781	0	0.679009185228417	0.869022007694389	0.874342917439337	0	0	0	0	0	0	0	0	0	0	0	0	0	0	0	0	0	0	0	0	0	0	0	0	0	0	0	0	0	0	0	0	0	0	0	0	0	0	0	0	0	0	0	0	0	0	0	0	0	0	0	0	0	0	0	0	0	0	0	0	0	0	0	0	0
0	0	0	0	0	0	0	0	0	0	0	0	0	0	0	0	0	0	0	0.704750215795971	0.747619466426549	0.766084650121139	0	0.889145723333679	0.506139412970648	0.948016833744324	0	0	0	0	0	0	0	0	0	0	0	0	0	0	0	0	0	0	0	0	0	0	0	0	0	0	0	0	0	0	0	0	0	0	0	0	0	0	0	0	0	0	0	0	0	0	0	0	0	0	0	0	0	0	0	0	0	0	0	0	0	0	0	0
0	0	0	0	0	0	0	0	0	0	0	0	0	0	0	0	0	0	0	0	0.89812896532987	0.778462150591662	0.60110669029022	0	0.511687515970487	0.551287914458895	0.818908433367427	0	0	0	0	0	0	0	0	0	0	0	0	0	0	0	0	0	0	0	0	0	0	0	0	0	0	0	0	0	0	0	0	0	0	0	0	0	0	0	0	0	0	0	0	0	0	0	0	0	0	0	0	0	0	0	0	0	0	0	0	0	0	0
0	0	0	0	0	0	0	0	0	0	0	0	0	0	0	0	0	0	0	0	0	0.737645806865614	0.930601331412006	0.93861944457062	0	0.866525457436987	0	0	0	0	0	0	0	0	0	0	0.508733241797755	0	0	0.934608583178344	0	0	0	0	0	0	0	0	0	0	0	0	0	0	0	0	0	0	0	0	0	0	0	0	0	0	0	0	0	0	0	0	0	0	0	0	0	0	0	0	0	0	0	0	0	0	0	0	0	0
0	0	0	0	0	0	0	0	0	0	0	0	0	0	0	0	0	0	0	0	0	0	0.581167455857385	0.8699669222427	0.831334356355938	0	0.85295283672336	0.571083250799691	0.671043464950954	0	0	0	0	0	0	0	0	0	0	0	0	0	0	0	0	0	0	0	0	0	0	0	0	0	0	0	0	0	0	0	0	0	0	0	0	0	0	0	0	0	0	0	0	0	0	0	0	0	0	0	0	0	0	0	0	0	0	0	0	0
0	0	0	0	0	0	0	0	0	0	0	0	0	0	0	0	0	0	0	0	0	0	0	0.623113570582705	0	0.686445457459847	0	0.864799925631221	0.7459876951268	0.599086924210263	0	0	0	0	0	0	0	0	0	0	0	0	0	0	0	0	0	0	0	0	0	0	0	0	0	0	0	0	0	0	0	0	0	0	0	0	0	0	0	0	0	0	0	0	0	0	0	0	0	0	0	0	0	0	0	0	0	0	0	0
0	0	0	0	0	0	0	0	0	0	0	0	0	0	0	0	0	0	0	0	0	0	0	0	0	0.740460306630797	0.655117976704816	0	0.743602212344761	0.574834963574758	0.524398312700475	0	0	0	0	0	0	0	0	0	0	0	0	0	0	0	0	0	0	0	0	0	0	0	0	0	0	0	0	0	0	0	0	0	0	0	0	0	0	0	0	0	0	0	0	0	0	0	0	0	0	0	0	0	0	0	0	0	0	0
0	0	0	0	0	0	0	0	0	0	0	0	0	0	0	0	0	0	0	0	0	0	0	0	0	0.603007220772026	0.530593070017228	0.87126626470745	0	0.587103783425593	0.862219581660295	0.816254708441519	0	0	0	0	0	0	0	0	0	0	0	0	0	0	0	0	0	0	0	0	0	0	0	0	0	0	0	0	0	0	0	0	0	0	0	0	0	0	0	0	0	0	0	0	0	0	0	0	0	0	0	0	0	0	0	0	0	0
0	0	0	0	0	0	0	0	0	0	0	0	0	0	0	0	0	0	0	0	0	0	0	0	0	0	0.520312992523312	0.546403855217315	0.915979339726684	0	0.806766225758561	0.500770717517548	0.673587888387341	0	0	0	0	0	0	0	0	0	0	0	0	0	0	0	0	0	0	0	0	0	0	0	0	0	0	0	0	0	0	0	0	0	0	0	0	0	0	0	0	0	0	0	0	0	0	0	0	0	0	0	0	0	0	0	0	0
0	0	0	0	0	0	0	0	0	0	0	0	0	0	0	0	0	0	0	0	0	0	0	0	0	0	0	0.722659802972253	0.943328564898351	0.603134351827371	0	0.787594824684036	0.523587997658852	0.579523196516015	0	0	0	0	0	0	0	0	0	0	0	0	0	0	0	0	0	0	0	0	0	0	0	0	0	0	0	0	0	0	0	0	0	0	0	0	0	0	0	0	0	0	0	0	0	0	0	0	0	0	0	0	0	0	0	0
0	0	0	0	0	0	0	0	0	0	0	0	0	0	0	0	0	0	0	0	0	0	0	0	0	0	0	0	0.661665890262993	0.956555628603558	0.610141546948278	0	0.752499916659342	0.922174802399085	0.675385232743103	0	0	0	0	0	0	0	0	0	0	0	0	0	0	0	0	0	0	0	0	0	0	0	0	0	0	0	0	0	0	0	0	0	0	0	0	0	0	0	0	0	0	0	0	0	0	0	0	0	0	0	0	0	0	0
0	0	0	0	0	0	0	0	0	0	0	0	0	0	0	0	0	0	0	0	0	0	0	0	0	0	0	0	0	0.928438015433061	0.732106433266972	0.72827149388871	0	0.962723656527509	0.646210611670571	0.59092295025463	0	0	0	0	0	0	0	0	0	0	0	0	0	0	0	0	0	0	0	0	0	0	0	0	0	0	0	0	0	0	0	0	0	0	0	0	0	0	0	0	0	0	0	0	0	0	0	0	0	0	0	0	0	0
0	0	0	0	0	0	0	0	0	0	0	0	0	0	0	0	0	0	0	0	0	0	0	0	0	0	0	0	0	0	0.958895742496093	0.518987226853048	0.65428368220396	0	0.63484534870198	0.783436839520672	0.788094992242086	0	0	0	0	0	0	0	0	0	0	0	0	0	0	0	0	0	0	0	0	0	0	0	0	0	0	0	0	0	0	0	0	0	0	0	0	0	0	0	0	0	0	0	0	0	0	0	0	0	0	0	0	0
0	0	0	0	0	0	0	0	0	0	0	0	0	0	0	0	0	0	0	0	0	0	0	0	0	0	0	0	0	0	0	0.925328795136025	0.945696949162139	0.708894182028308	0	0.82322590125638	0.849292922028419	0.755252377696674	0	0	0	0	0	0	0	0	0	0	0	0	0	0	0	0	0	0	0	0	0	0	0	0	0	0	0	0	0	0	0	0	0	0	0	0	0	0	0	0	0	0	0	0	0	0	0	0	0	0	0	0
0	0	0	0	0	0	0	0	0	0	0	0	0	0	0	0	0	0	0	0	0	0	0	0	0	0	0	0	0	0	0	0	0.524791527722716	0.788505472763529	0.847464906755594	0	0.810923119341189	0.695808954933491	0.634901590103135	0	0	0	0	0	0	0	0	0	0	0	0	0	0	0	0	0	0	0	0	0	0	0	0	0	0	0	0	0	0	0	0	0	0	0	0	0	0	0	0	0	0	0	0	0	0	0	0	0	0	0
0	0	0	0	0	0	0	0	0	0	0	0	0	0	0	0	0	0	0	0	0	0	0	0	0.550037791528731	0	0	0	0	0	0	0	0	0.722538090977159	0.885342864297907	0.530527451776967	0	0.514290410991575	0.909714998340484	0.749101660023993	0	0	0	0	0	0	0	0	0	0	0	0	0	0	0	0	0	0	0	0	0	0	0	0	0	0	0	0	0	0	0	0	0	0	0	0	0	0	0	0	0	0	0	0	0	0	0	0	0	0
0	0	0	0	0	0	0	0	0	0	0	0	0	0	0	0	0	0	0	0	0	0	0	0	0	0	0	0	0	0	0	0	0	0	0.568642257328998	0.685821759612221	0.841815845849075	0	0.810752602821291	0.874962971329483	0.662326452233746	0	0	0	0	0	0	0	0	0	0	0	0	0	0	0	0	0	0	0	0	0	0	0	0	0	0	0	0	0	0	0	0	0	0	0	0	0	0	0	0	0	0	0	0	0	0	0	0	0
0	0	0	0	0	0	0	0	0	0	0	0	0	0	0	0	0	0	0	0	0	0	0	0	0	0	0	0	0	0	0	0	0	0	0	0.5445555229119	0.852183543098502	0.55252447541105	0	0.541132692671809	0.834383584672124	0.827425030870373	0	0	0	0	0	0	0	0	0	0	0	0	0	0	0	0	0	0	0	0	0	0	0	0	0	0	0	0	0	0	0	0	0	0	0	0	0	0	0	0	0	0	0	0	0	0	0	0
0	0	0	0	0	0	0	0	0	0	0	0	0	0	0	0	0	0	0	0	0	0	0	0	0.611774632239463	0	0	0	0	0	0	0	0	0	0	0	0.635476627576798	0.650420418826318	0.502503494284506	0	0.557355101965463	0.586397709283596	0.925986704021768	0	0	0	0	0	0	0	0	0	0	0	0	0	0	0	0	0	0	0	0	0	0	0	0	0	0	0	0	0	0	0	0	0	0	0	0	0	0	0	0	0	0	0	0	0	0	0
0	0	0	0	0	0	0	0	0	0	0	0	0	0	0	0	0	0	0	0	0	0	0	0	0	0	0	0	0	0	0	0	0	0	0	0	0	0.64584170649097	0.547281981690536	0.653451170458138	0	0.885324738445096	0.518468497686825	0.859550952839381	0	0	0	0	0	0	0	0	0	0	0	0	0	0	0	0	0	0	0	0	0	0	0	0	0	0	0	0	0	0	0	0	0	0	0	0	0	0	0	0	0	0	0	0	0	0
0	0	0	0	0	0	0	0	0	0	0	0	0	0	0	0	0	0	0	0	0	0	0	0	0	0	0	0	0	0	0	0	0	0	0	0	0	0	0.63592579328015	0.876493057860464	0.693941552348333	0	0.832425606890057	0.735889729226412	0.774312649595179	0	0	0	0	0	0	0	0	0	0	0	0	0	0	0	0	0	0	0	0	0	0	0	0	0	0	0	0	0	0	0	0	0	0	0	0	0	0	0	0	0	0	0	0	0
0.762045879713332	0	0	0	0	0	0	0	0	0	0	0	0	0	0	0	0	0	0	0	0	0	0	0	0	0	0	0	0	0	0	0	0	0	0	0	0	0	0	0.724575749886312	0.531006076913205	0.59791721672183	0	0.889400192634033	0.502857291808476	0	0	0	0	0	0	0	0	0	0	0	0	0	0	0	0	0	0	0	0	0	0	0	0	0	0	0	0	0	0	0	0	0	0	0	0	0	0	0	0	0	0	0	0	0
0.941454310646964	0.759303685634164	0	0	0	0	0	0	0	0	0	0	0	0	0	0	0	0	0	0	0	0	0	0	0	0	0	0	0	0	0	0	0	0	0	0	0	0	0	0	0.713313940049704	0.874164850903347	0.680557517857297	0	0.994914448228665	0	0	0	0	0	0	0	0	0	0	0	0	0	0	0	0	0	0	0	0	0	0	0	0	0	0	0	0	0	0	0	0	0	0	0	0	0	0	0	0	0	0	0	0	0
0.896248415590041	0.895305581370779	0.761734825902936	0	0	0	0	0	0	0	0	0	0	0	0	0	0	0	0	0	0	0	0	0	0	0	0	0	0	0	0	0	0	0	0	0	0	0	0	0	0	0.699731950442405	0.960412885562324	0.761379967122686	0	0	0	0	0	0	0	0	0	0	0	0	0	0	0	0	0	0	0	0	0	0	0	0	0	0	0	0	0	0	0	0	0	0	0	0	0	0	0	0	0	0	0	0	0	0
0	0	0	0	0	0	0	0	0	0	0	0	0	0	0	0	0	0	0	0	0	0	0	0	0	0	0	0	0	0	0	0	0	0	0	0	0	0	0	0	0	0	0	0	0	0	0.917236472988637	0	0	0.592672884932685	0.562221129982947	0.979407554628792	0.574617626467282	0	0.843981637311624	0	0	0	0	0	0.575243397523558	0	0	0	0	0	0	0	0.584976850780388	0.812562305141775	0.947546122621781	0	0	0	0	0	0	0	0	0	0	0.554581342631883	0.771829667937446	0	0	0.729602315612635	0.504987986791788	0	0.894087972520647	0
0	0	0	0	0	0	0	0	0	0	0	0	0	0	0	0	0	0	0	0	0	0	0	0	0	0	0	0	0	0	0	0	0	0	0	0	0	0	0	0	0	0	0	0	0	0.818244742709281	0	0.88921237639923	0	0.916985002550048	0	0	0	0	0	0	0	0	0	0	0	0	0	0	0.96086014792929	0	0.557131543532971	0	0	0	0.915315668218673	0.913310113641111	0.795691801846775	0.532495436150317	0	0	0	0.625866892548888	0	0.75327950429198	0	0	0	0	0.788944381963622	0	0	0.575987844918282	0.56924621425459	0
0	0	0	0	0	0	0	0	0	0	0	0	0	0	0	0	0	0	0	0	0	0	0	0	0	0	0	0	0	0	0	0	0	0	0	0	0	0	0	0	0	0	0	0	0	0	0.601370384414383	0	0	0	0.567538427325213	0	0	0	0.71707816596062	0	0	0.632204240284914	0.803864546983557	0	0	0	0.657752492023911	0.515876601796352	0	0	0	0	0	0	0	0.538657613401025	0	0	0	0	0	0.744140719618928	0	0.673712400079528	0	0	0	0	0	0	0	0	0.850586983121013	0
0	0	0	0	0	0	0	0	0	0	0	0	0	0	0	0	0	0	0	0	0	0	0	0	0	0	0	0	0	0	0	0	0	0	0	0	0	0	0	0	0	0	0	0	0	0	0	0	0	0	0.956336939769993	0	0.761411436475766	0	0.803201013587419	0	0.522392579162489	0	0	0	0	0	0.611457149535376	0	0.982487520753107	0	0	0	0	0	0	0	0	0	0	0.752019257214194	0	0.951617568707995	0	0	0	0	0.969223831011152	0.935014468677123	0	0.800679595996741	0	0	0	0
0	0	0	0	0	0	0	0	0	0	0	0	0	0	0	0	0	0	0	0	0	0	0	0	0	0	0	0	0	0	0	0	0	0	0	0	0	0	0	0	0	0	0	0	0	0.655615251473058	0.651634306014103	0	0	0	0	0.603491223765463	0.806442905839249	0.596075275168475	0	0	0	0	0.891529300025189	0.802032502133395	0	0	0	0	0	0	0.522345081786154	0.584739398979263	0	0.682826882923695	0.973395239456171	0	0	0.680659037338194	0.939237972891211	0.834994642232547	0	0	0	0	0	0.95560804635353	0	0.674443744456317	0	0	0	0	0	0.791644344482977
0	0	0	0	0	0	0	0	0	0	0	0	0	0	0	0	0	0	0	0	0	0	0	0	0	0	0	0	0	0	0	0	0	0	0	0	0	0	0	0	0	0	0	0	0	0.987926006716039	0	0.867942488868256	0.558329242518171	0	0	0	0.766405285301482	0	0	0.815829587563123	0	0	0	0.898344289628767	0	0.622474094833316	0.72057232352773	0	0	0	0	0	0.55803624596374	0.705449011645171	0	0	0	0	0	0	0.554341019595785	0	0.792176206243181	0	0	0	0	0	0	0	0.831796371333047	0	0	0.552756870205773
0	0	0	0	0	0	0	0	0	0	0	0	0	0	0	0	0	0	0	0	0	0	0	0	0	0	0	0	0	0	0	0	0	0	0	0	0	0	0	0	0	0	0	0	0	0.878265130425775	0	0	0	0.954384407155688	0	0	0	0.844907416230147	0	0	0	0	0.646138536142571	0	0	0	0	0	0	0	0	0	0	0.72015281509815	0	0.930731257084733	0.875060880830304	0.505840216458641	0	0	0	0	0	0	0	0	0.822167510544566	0	0	0	0.875364543705145	0	0.58705788299726	0
0	0	0	0	0	0	0	0	0	0	0	0	0	0	0	0	0	0	0	0	0	0	0	0	0	0	0	0	0	0	0	0	0	0	0	0	0	0	0	0	0	0	0	0	0	0.68063611854616	0	0	0.851323378525689	0.747291327073506	0.994735927737312	0	0	0	0	0	0	0	0.881156589222811	0.712103446195569	0	0	0	0.719629255507331	0.997122412036714	0	0.822679396077755	0	0	0	0	0	0	0.980267194659424	0	0	0	0.748421009827334	0	0.741132862448151	0	0.989201935061572	0	0.715493138881852	0	0	0	0	0	0
0	0	0	0	0	0	0	0	0	0	0	0	0	0	0	0	0	0	0	0	0	0	0	0	0	0	0	0	0	0	0	0	0	0	0	0	0	0	0	0	0	0	0	0	0	0	0	0	0	0.966984171942196	0	0.805229937379497	0	0	0	0	0.83457631962358	0	0.905744166163565	0.671113151150392	0	0	0	0	0	0.88673325027729	0	0	0	0	0.608342660085521	0	0.584253103319998	0	0.997648901332685	0.671312998997057	0	0	0.71345386287675	0.559729927283685	0	0.727219591526497	0	0	0	0	0.680832648876748	0	0	0
0	0	0	0	0	0	0	0	0	0	0	0	0	0	0	0	0	0	0	0	0	0	0	0	0	0	0	0	0	0	0	0	0	0	0	0	0	0	0	0	0	0	0	0	0	0.95555751839725	0	0.688761163290442	0.91482730924814	0	0	0	0	0	0	0.883215401565302	0.641728409492634	0	0.912228811499868	0	0.803215802916108	0	0	0	0.646722631971826	0	0.95182603703561	0	0	0	0	0	0	0	0	0	0	0	0	0.680315585419686	0	0	0.635474949185511	0	0	0	0	0.887023538406978	0	0.72852887149631
0	0	0	0	0	0	0	0	0	0	0	0	0	0	0	0	0	0	0	0	0	0	0	0	0	0	0	0	0	0	0	0	0	0	0	0	0	0	0	0	0	0	0	0	0	0	0	0	0	0	0.866086885778608	0	0	0	0.951290933347441	0	0	0.603790568735282	0	0	0.547312853146939	0.512229141087296	0	0	0	0.798506525354558	0	0.997495461021295	0	0	0	0	0	0	0	0	0.770003274232154	0.610468683117573	0.989840317695623	0	0	0	0	0	0	0.669365287331512	0.744536822417164	0	0.991346104871063	0
0	0	0	0	0	0	0	0	0	0	0	0	0	0	0	0	0	0	0	0	0	0	0	0	0	0	0	0	0	0	0	0	0	0	0	0	0	0	0	0	0	0	0	0	0	0	0	0	0.855768257711468	0	0	0	0	0.582806122006484	0.850388702031736	0	0	0	0	0	0	0.719622242303249	0	0	0	0	0	0	0	0.890875777524605	0	0	0	0.912278027567158	0.658202125801825	0	0.710740307070345	0	0.839213402503413	0	0.667131558715688	0	0.665802013802873	0	0	0	0	0	0	0
0	0	0	0	0	0	0	0	0	0	0	0	0	0	0	0	0	0	0	0	0	0	0	0	0	0	0	0	0	0	0	0	0	0	0	0	0	0	0	0	0	0	0	0	0	0	0	0.874278793535588	0	0	0	0	0	0	0	0.662444002152411	0	0	0.530210228603145	0	0	0	0.830750907127644	0.836041885633687	0.658270672011816	0	0	0.821522514743595	0.581877389236729	0	0	0	0	0	0.615330202577901	0	0	0.854955410439566	0	0	0	0	0.830234012422285	0.555360118225894	0.85269389197362	0	0	0	0	0
0	0	0	0	0	0	0	0	0	0	0	0	0	0	0	0	0	0	0	0	0	0	0	0	0	0	0	0	0	0	0	0	0	0	0	0	0	0	0	0	0	0	0	0	0	0	0	0.967754300653976	0	0.643551257424808	0	0.500027085238535	0.894446740898419	0.739720182384938	0.685838884506707	0	0	0.939726046373066	0	0.857922792562071	0	0.639651118583196	0	0	0	0.986489729217981	0	0.586742089546584	0	0	0	0.909630572215424	0	0	0	0.605334218265088	0	0	0	0	0	0	0.815608846421363	0	0.543387959024567	0	0	0.574717956994706	0	0
0	0	0	0	0	0	0	0	0	0	0	0	0	0	0	0	0	0	0	0	0	0	0	0	0	0	0	0	0	0	0	0	0	0	0	0	0	0	0	0	0	0	0	0	0	0	0	0	0	0.639099140260431	0.953621571212483	0	0.853016137585685	0.766662095989048	0	0	0	0	0.929665036098891	0	0.788770050328317	0	0	0.727774033932841	0.610648466245391	0	0	0	0	0	0	0	0.541439059389992	0.817450744018215	0.732618240767878	0	0.57326712427855	0	0	0.945174380047382	0.70084580640136	0	0	0	0.92184854394294	0	0	0	0	0
0	0	0	0	0	0	0	0	0	0	0	0	0	0	0	0	0	0	0	0	0	0	0	0	0	0	0	0	0	0	0	0	0	0	0	0	0	0	0	0	0	0	0	0	0	0.616976272947323	0	0	0	0	0	0	0	0	0.894817862534426	0.727922320848903	0	0	0	0.929568543094671	0	0	0.916338305628323	0	0	0.518342501008928	0	0.763505333095464	0.602806414656729	0.716960080236554	0	0	0.579591700901017	0	0	0	0	0	0	0	0	0	0.687290801396057	0	0.95545890248542	0	0.546189837897942	0.68825191883599	0	0.768604528583102
0	0	0	0	0	0	0	0	0	0	0	0	0	0	0	0	0	0	0	0	0	0	0	0	0	0	0	0	0	0	0	0	0	0	0	0	0	0	0	0	0	0	0	0	0	0	0	0	0	0	0.723872359590514	0	0	0	0	0.543947734863242	0.506599183801963	0	0.548130441654166	0	0	0	0.893429958454638	0	0.574756613886103	0	0	0	0.755781689751713	0.742797622361826	0	0	0.580961877776739	0	0.652341201784913	0	0	0	0.824703351844569	0	0	0	0	0	0	0.859364204320938	0.644595212404523	0	0	0
0	0	0	0	0	0	0	0	0	0	0	0	0	0	0	0	0	0	0	0	0	0	0	0	0	0	0	0	0	0	0	0	0	0	0	0	0	0	0	0	0	0	0	0	0	0	0	0.593824843377078	0.765548182395361	0	0.971687263299316	0	0	0	0	0	0	0.740352824906537	0	0	0.912569410041641	0.913632248050488	0	0	0	0	0	0.782672508982397	0	0.870334306423111	0	0.797962478141925	0	0.642187155933768	0	0	0	0.722883459707548	0	0	0.918584085533461	0.896105209115344	0	0	0	0	0.811619407408321	0.749276378599739	0	0
0	0	0	0	0	0	0	0	0	0	0	0	0	0	0	0	0	0	0	0	0	0	0	0	0	0	0	0	0	0	0	0	0	0	0	0	0	0	0	0	0	0	0	0	0	0	0	0.965109961351212	0	0	0	0	0.855016567548733	0	0	0	0	0.920219370031124	0	0.518346113099499	0	0	0	0	0	0.851050081910089	0	0	0	0	0	0	0	0	0.797771494306908	0	0.700468551545675	0	0	0.758974311843813	0	0	0.578201381192355	0	0.829138463483122	0.976428320754843	0	0.58815103946134	0	0
0	0	0	0	0	0	0	0	0	0	0	0	0	0	0	0	0	0	0	0	0	0	0	0	0	0	0	0	0	0	0	0	0	0	0	0	0	0	0	0	0	0	0	0	0	0	0.565535025111876	0	0.9225060522198	0	0	0	0.610627244447121	0	0.856029438534206	0	0	0.583140406540502	0	0.930344414628421	0	0.925755280148249	0	0	0	0	0	0	0	0	0	0.937004022339445	0	0.548315685881422	0	0	0	0	0.592201271404887	0.887244154860581	0	0	0	0	0	0.626659386674854	0	0	0	0
0	0	0	0	0	0	0	0	0	0	0	0	0	0	0	0	0	0	0	0	0	0	0	0	0	0	0	0	0	0	0	0	0	0	0	0	0	0	0	0	0	0	0	0	0	0	0	0	0	0	0	0	0	0.696474099468746	0	0.769573663483615	0	0	0.764422502875346	0	0.800086222989913	0	0	0.50560575896109	0	0	0	0	0	0	0.799549673680281	0.554897302449822	0	0	0	0.987284079475208	0	0	0	0	0	0	0	0	0.844253109444984	0	0	0.986976805956076	0.528005972252335	0.938161367512203
0	0	0	0	0	0	0	0	0	0	0	0	0	0	0	0	0	0	0	0	0	0	0	0	0	0	0	0	0	0	0	0	0	0	0	0	0	0	0	0	0	0	0	0	0	0	0.555559848264965	0	0	0.563147151658504	0	0	0.56027082180579	0	0.78701503053906	0	0	0	0	0	0	0	0	0	0	0	0	0	0	0	0.985895684635024	0.644399647588406	0.849379817716087	0	0	0	0	0	0	0	0	0.778600597985297	0.935157166288162	0	0	0	0	0	0.804495518928815	0
0	0	0	0	0	0	0	0	0	0	0	0	0	0	0	0	0	0	0	0	0	0	0	0	0	0	0	0	0	0	0	0	0	0	0	0	0	0	0	0	0	0	0	0	0	0	0	0	0	0.945735806200815	0	0	0	0	0	0.634206807161882	0	0.70965810042737	0.63094783608933	0	0.523765548394701	0	0.745423358533602	0	0	0	0	0	0	0	0.669839328096984	0	0.524382569540271	0.594308348753357	0.546861124786795	0	0	0.571240745015088	0	0	0	0.742494300433026	0	0.6950944032663	0	0	0	0	0.545296778410765	0.90769141729242
0	0	0	0	0	0	0	0	0	0	0	0	0	0	0	0	0	0	0	0	0	0	0	0	0	0	0	0	0	0	0	0	0	0	0	0	0	0	0	0	0	0	0	0	0	0.608100461990454	0	0	0	0	0.810012384170415	0	0	0	0	0	0	0.712479499400017	0	0	0.510249464656472	0.686745135260416	0	0	0	0	0	0	0	0	0.730426767250775	0	0	0	0	0	0.850280579583233	0.887667074756613	0.810798022821865	0	0	0.793365919624563	0	0	0	0.923312402385309	0	0	0	0
0	0	0	0	0	0	0	0	0	0	0	0	0	0	0	0	0	0	0	0	0	0	0	0	0	0	0	0	0	0	0	0	0	0	0	0	0	0	0	0	0	0	0	0	0	0.564514328208169	0	0	0	0.629463183846576	0.601531946234467	0.951164218093128	0	0	0	0	0.608710622644006	0	0	0	0.805147365767754	0.710684338294324	0.531686208100646	0	0	0	0	0	0	0	0	0.996434827312783	0	0.627118854862129	0	0.669801480571447	0	0.889768170994658	0	0.575127853291127	0.694264161733069	0	0	0	0	0.620017938776202	0	0.896107639450042	0	0
0	0	0	0	0	0	0	0	0	0	0	0	0	0	0	0	0	0	0	0	0	0	0	0	0	0	0	0	0	0	0	0	0	0	0	0	0	0	0	0	0	0	0	0	0	0.888710870843533	0.892439112293473	0	0	0.895600906394224	0	0	0	0.911831990337458	0	0	0	0	0	0	0	0	0	0	0	0.514853762230625	0.602793572124942	0.825971698460922	0.754982940631137	0	0	0	0	0	0.79256099053007	0	0	0.537336160976253	0	0	0.843421005293564	0	0	0	0	0	0.83102567279606	0.740720193410067	0	0
0	0	0	0	0	0	0	0	0	0	0	0	0	0	0	0	0	0	0	0	0	0	0	0	0	0	0	0	0	0	0	0	0	0	0	0	0	0	0	0	0	0	0	0	0	0	0.847052426077183	0.871031383205895	0	0	0	0.699886239297328	0	0	0	0	0	0	0.620768376018199	0	0	0	0.852007072984495	0	0.552438290789652	0.627919948642035	0.940493338603994	0	0	0.692629025896705	0	0	0.923062157935943	0.863100545533624	0	0.764825180307355	0	0	0.824389685684589	0	0.78058981015103	0	0	0	0	0	0	0	0.939726565473079	0
0	0	0	0	0	0	0	0	0	0	0	0	0	0	0	0	0	0	0	0	0	0	0	0	0	0	0	0	0	0	0	0	0	0	0	0	0	0	0	0	0	0	0	0	0	0	0.883497302461258	0	0	0	0	0.653320424877966	0	0.852544476793664	0	0	0	0	0	0.644685012378537	0.579667559708118	0.646908324212542	0	0	0	0	0.681714493640818	0.881856830463377	0	0	0	0.662385327318886	0	0.864417729488247	0.998222461103521	0.596386494321007	0.84056131455093	0.881600362703031	0	0.904374371295794	0	0	0	0.543930911473816	0	0	0.835981137073849	0	0	0
0	0	0	0	0	0	0	0	0	0	0	0	0	0	0	0	0	0	0	0	0	0	0	0	0	0	0	0	0	0	0	0	0	0	0	0	0	0	0	0	0	0	0	0	0	0	0.885603283827402	0	0	0.521524779753645	0	0.684718573077585	0.948319690156225	0	0	0	0.791386197845987	0	0	0.602166290466615	0	0	0.567084421838061	0	0.524229626336131	0	0	0.543683697284087	0	0.608773677778463	0	0.594295579470827	0.64216342685034	0	0	0.641259659784099	0	0	0	0.680982973012683	0	0.600993800926127	0.992977900679796	0.708541430675875	0	0	0	0.642905971470554	0	0
0	0	0	0	0	0	0	0	0	0	0	0	0	0	0	0	0	0	0	0	0	0	0	0	0	0	0	0	0	0	0	0	0	0	0	0	0	0	0	0	0	0	0	0	0	0	0	0	0	0.842777686509147	0	0	0	0.743653269912686	0	0	0.982443735548363	0.664153263091646	0	0.980460241964701	0	0.996820572804727	0	0.985810957721155	0	0	0	0.811151394866733	0	0	0.848730045946387	0	0.989378950516539	0	0	0	0	0	0.580461800209808	0	0	0	0	0	0	0	0.835887532354735	0.780971178864107	0.850279986533844	0
0	0	0	0	0	0	0	0	0	0	0	0	0	0	0	0	0	0	0	0	0	0	0	0	0	0	0	0	0	0	0	0	0	0	0	0	0	0	0	0	0	0	0	0	0	0	0	0	0.79460332752407	0.501176752751028	0	0	0	0.818257108162584	0	0	0	0	0.876477511445444	0	0	0	0	0	0	0.53024041796628	0	0	0	0.583595864082727	0	0.67750541323039	0.554338469883412	0.568781941845872	0	0	0	0	0	0.989877803400736	0.608868807675684	0	0.803967466017349	0	0.578927700234319	0	0	0	0	0
0	0	0	0	0	0	0	0	0	0	0	0	0	0	0	0	0	0	0	0	0	0	0	0	0	0	0	0	0	0	0	0	0	0	0	0	0	0	0	0	0	0	0	0	0	0	0	0	0	0	0.931308955107598	0	0	0	0	0.885524748501526	0.849022750966922	0	0	0.612707769730472	0	0	0	0.545101015295097	0	0	0	0	0.682668310916457	0	0	0	0.732844124966427	0	0	0	0	0	0	0.777041147428526	0	0.885281833596028	0	0.831307192922948	0	0	0	0	0	0
0	0	0	0	0	0	0	0	0	0	0	0	0	0	0	0	0	0	0	0	0	0	0	0	0	0	0	0	0	0	0	0	0	0	0	0	0	0	0	0	0	0	0	0	0	0	0.652701902900217	0.796590648851758	0.732896959591139	0	0	0	0.61855130209032	0	0	0.892757730252268	0	0.747493958447789	0	0	0	0	0.513277266682722	0	0	0	0	0.779725658455024	0.870642097529436	0.660610722096751	0.84265588710792	0	0.910709591766221	0	0	0	0	0	0	0	0	0.937608409119735	0.643419129119504	0	0	0.998735529185928	0.8984960712704	0	0	0
0	0	0	0	0	0	0	0	0	0	0	0	0	0	0	0	0	0	0	0	0	0	0	0	0	0	0	0	0	0	0	0	0	0	0	0	0	0	0	0	0	0	0	0	0	0	0	0	0	0	0.727973360741346	0	0	0.925708944167336	0	0.976982309018643	0.561411110885359	0	0	0	0	0.559440065985764	0	0	0.730247111082643	0	0	0	0.563854064557738	0	0	0.811724650616445	0	0	0.610361984807074	0	0	0	0	0	0.776636596291213	0	0.8054764872919	0.956730439475413	0.728181396870237	0.744179705332265	0	0	0.775939157833139	0
0	0	0	0	0	0	0	0	0	0	0	0	0	0	0	0	0	0	0	0	0	0	0	0	0	0	0	0	0	0	0	0	0	0	0	0	0	0	0	0	0	0	0	0	0	0	0.992735247057894	0.938421930722168	0	0	0	0	0.96841906706361	0.643710718439349	0.967509804603342	0	0	0	0	0.989355072560916	0	0	0	0.739677546552753	0.638038052890367	0	0	0	0	0.99002556352923	0	0	0.783503992021195	0.872623824179012	0	0.976773065737756	0.586952254186423	0	0	0	0	0	0.55508178695474	0	0	0	0.703301046628468	0.82441761480877	0.839197142392815	0
0	0	0	0	0	0	0	0	0	0	0	0	0	0	0	0	0	0	0	0	0	0	0	0	0	0	0	0	0	0	0	0	0	0	0	0	0	0	0	0	0	0	0	0	0	0	0	0	0	0	0	0	0	0	0	0	0.633022275747451	0	0	0.557180402761227	0	0	0.889083461235199	0	0	0	0	0	0	0.889388293252893	0.951156372190459	0.879677996961159	0	0	0	0.916924413896961	0	0	0.948356656336165	0	0	0	0.945559776522771	0	0.759464114481225	0.624025314234834	0	0.552262731464898	0	0.908551536062582
0	0	0	0	0	0	0	0	0	0	0	0	0	0	0	0	0	0	0	0	0	0	0	0	0	0	0	0	0	0	0	0	0	0	0	0	0	0	0	0	0	0	0	0	0	0.937724762699123	0	0	0	0.95681703133631	0	0	0.541695255234555	0.885015287974973	0	0	0	0	0	0	0	0	0.644001085240465	0	0	0	0.96486462565453	0.933301307979399	0.988208972359056	0	0	0	0	0.820115298225774	0	0	0.84184416970215	0.83320142482223	0	0	0	0	0	0	0	0	0	0.927699094857251	0	0.805968002090734
0	0	0	0	0	0	0	0	0	0	0	0	0	0	0	0	0	0	0	0	0	0	0	0	0	0	0	0	0	0	0	0	0	0	0	0	0	0	0	0	0	0	0	0	0	0.857487025854012	0	0	0.582622064027153	0	0	0.785106822206351	0	0	0.547738201911469	0	0.694017806443558	0.750775504642876	0.894461733349735	0	0.932166005456791	0	0	0.556582110421834	0	0	0.860381712793303	0	0	0	0	0	0	0.866863303227427	0	0.770980250621968	0	0.543492975491532	0.939443300632194	0.535357028018235	0.63676733725728	0	0	0	0	0	0.658856657579845	0	0.702318144258787	0.670609626937209
0	0	0	0	0	0	0	0	0	0	0	0	0	0	0	0	0	0	0	0	0	0	0	0	0	0	0	0	0	0	0	0	0	0	0	0	0	0	0	0	0	0	0	0	0	0	0	0	0.811821656676428	0.815277970426363	0	0	0.940395164182075	0	0	0	0	0.552442582780104	0	0	0	0	0	0	0	0	0	0.840673667506095	0	0	0	0	0.568277331423708	0.861206840562404	0	0	0.985301847392079	0	0.672491064566407	0	0	0	0	0	0.752084369912178	0	0.670831686745546	0	0.666938158658067	0
0	0	0	0	0	0	0	0	0	0	0	0	0	0	0	0	0	0	0	0	0	0	0	0	0	0	0	0	0	0	0	0	0	0	0	0	0	0	0	0	0	0	0	0	0	0	0.867705477790326	0	0	0	0	0	0	0	0	0	0	0.566010051245649	0.617380970065778	0.955949699732396	0.589709071985377	0	0	0.87809407410832	0	0.56400167990288	0	0	0	0	0	0	0	0	0	0.740683172299197	0	0	0.903102958355069	0	0.977129035627645	0	0	0.761078522239761	0	0.685905681593788	0.664536659401323	0	0	0.650187017138617
0	0	0	0	0	0	0	0	0	0	0	0	0	0	0	0	0	0	0	0	0	0	0	0	0	0	0	0	0	0	0	0	0	0	0	0	0	0	0	0	0	0	0	0	0	0.949859451824221	0	0	0.770037469752346	0	0	0	0	0	0	0.562891185502935	0	0	0	0	0	0.650833022509762	0	0.922144523607815	0.576188978282884	0	0	0	0.720535790430959	0.570426791260311	0	0	0	0	0	0	0	0.800636756116229	0.867548623615625	0	0.618757284781421	0	0	0	0.95004097184367	0	0.680458494486316	0	0	0.810953918263761
0	0	0	0	0	0	0	0	0	0	0	0	0	0	0	0	0	0	0	0	0	0	0	0	0	0	0	0	0	0	0	0	0	0	0	0	0	0	0	0	0	0	0	0	0	0.854971349824406	0	0	0	0	0.54916434520748	0.603326422503143	0	0.843157781640531	0	0.889387323516644	0	0	0	0	0.534594179002391	0.685877537099134	0.790212809082685	0	0	0	0	0	0	0	0.969061284621551	0	0.637939040796833	0	0.561358468691565	0	0	0.9647305782554	0	0.864496802670064	0	0	0.9808943023589	0.857767509698596	0.825485546280852	0.830039091069598	0	0	0.814295684790054	0.783831124433524
0	0	0	0	0	0	0	0	0	0	0	0	0	0	0	0	0	0	0	0	0	0	0	0	0	0	0	0	0	0	0	0	0	0	0	0	0	0	0	0	0	0	0	0	0	0	0.804478960735704	0	0	0	0	0	0	0	0.643243487689203	0	0	0	0.507657362504588	0	0.556435253875746	0	0.680927922117768	0.656955132897147	0	0.685761517326227	0	0	0	0.64244467031864	0.906889830871172	0	0	0.87460910513643	0.866557087754338	0	0	0	0	0.951819747658215	0.705046773827472	0.830342467169192	0	0	0	0	0	0	0.582583468057744	0.647143612725879
0	0	0	0	0	0	0	0	0	0	0	0	0	0	0	0	0	0	0	0	0	0	0	0	0	0	0	0	0	0	0	0	0	0	0	0	0	0	0	0	0	0	0	0	0	0.991138996925171	0.973456013246249	0.808011506980187	0	0	0	0.96375640886218	0	0	0	0.682438687350147	0	0	0	0	0	0	0	0	0	0.989437193830208	0.605356688584371	0.5335142906853	0	0	0	0.613472884584718	0	0	0.671533071922885	0	0	0	0.92430210092813	0.709123645226045	0	0	0.742272527490443	0.998227359576911	0	0	0.873745856526688	0.978153401198186	0	0
0	0	0	0	0	0	0	0	0	0	0	0	0	0	0	0	0	0	0	0	0	0	0	0	0	0	0	0	0	0	0	0	0	0	0	0	0	0	0	0	0	0	0	0	0	0	0	0	0	0.719070932250284	0.599424828810873	0	0	0	0.565431815239102	0	0	0	0	0	0.81939173143547	0	0	0	0	0.826779111891118	0	0.644875505800726	0	0	0	0	0	0	0	0	0	0	0	0	0.525347034024216	0.612744017299777	0.57046778999411	0	0.61126141375074	0.585535658865367	0.646447301679447	0.811766483953614	0	0
