0	0	0	0	0.941315036398798	0	0	0	0	0	0	0	0	0	0	0	0	0	0	0.735216531556847	0	0	0	0	0	0	0	0	0	0	0	0	0.886518985519411	0	0	0	0	0	0	0	0	0	0	0	0.764946515091108	0	0	0	0	0	0	0	0	0	0	0	0	0	0	0	0	0	0	0	0	0	0	0	0	0	0	0	0	0	0	0	0	0	0	0	0	0	0	0	0	0	0	0	0	0
0	0	0	0	0.920258171917957	0	0	0	0	0	0	0	0	0	0.829075050949985	0	0	0	0	0	0	0	0	0	0	0	0.892104591444035	0	0	0	0.815010777964196	0	0	0	0	0	0	0	0	0	0	0.844030644798022	0	0.747017211137867	0.804104584834707	0	0	0	0	0	0	0	0	0	0	0	0	0	0	0	0	0	0	0	0	0	0	0	0	0	0	0	0	0	0	0	0	0	0	0	0	0	0	0	0	0	0	0	0	0
0	0	0	0.603754732897075	0	0	0	0	0	0	0	0	0	0	0	0	0	0	0	0	0	0	0	0.627036745264268	0	0.826267665310127	0	0	0	0	0	0	0.731830838676367	0	0	0	0	0	0	0	0	0.597438089134137	0	0	0	0	0	0	0	0	0	0	0	0	0	0	0	0	0	0	0	0	0	0	0	0	0	0	0	0	0	0	0	0	0	0	0	0	0	0	0	0	0	0	0	0	0	0	0	0
0	0	0.668964196786701	0	0	0	0	0	0	0	0	0	0	0	0	0	0	0	0	0	0	0	0.70064112971365	0	0	0	0	0	0	0	0	0	0	0	0	0	0	0	0	0	0	0	0	0.515191792714269	0	0	0	0	0	0	0	0	0	0	0	0	0	0	0	0	0	0	0	0	0	0	0	0	0	0	0	0	0	0	0	0	0	0	0	0	0	0	0	0	0	0	0	0	0	0
0.865068990763025	0.715757212265184	0	0	0	0	0	0	0	0.821786429746858	0	0	0	0	0	0.66894467764114	0	0	0.712561709117446	0	0	0	0.909198663190131	0	0	0	0	0	0	0	0	0	0	0	0	0.868600055364156	0	0.591389351122953	0	0	0	0.682563342574938	0	0	0.89627906602716	0	0	0	0	0	0	0	0	0	0	0	0	0	0	0	0	0	0	0	0	0	0	0	0	0	0	0	0	0	0	0	0	0	0	0	0	0	0	0	0	0	0	0	0	0
0	0	0	0	0	0	0	0.566608199864935	0.564343038784761	0	0	0	0	0	0	0	0	0.781653484394907	0	0	0	0	0.709018970639438	0	0	0	0	0	0	0	0	0	0	0	0	0	0	0	0	0	0	0	0	0	0	0	0	0	0	0	0	0	0	0	0	0	0	0	0	0	0	0	0	0	0	0	0	0	0	0	0	0	0	0	0	0	0	0	0	0	0	0	0	0	0	0	0	0	0	0
0	0	0	0	0	0	0	0	0	0	0	0	0	0	0.959752836788826	0	0	0	0	0	0	0	0.599641372493274	0.888868721526408	0	0	0	0	0	0.707590898840748	0.830219946432877	0	0	0	0	0	0	0	0	0	0.785895724708648	0	0	0	0	0	0	0	0	0	0	0	0	0	0	0	0	0	0	0	0	0	0	0	0	0	0	0	0	0	0	0	0	0	0	0	0	0	0	0	0	0	0	0	0	0	0	0	0	0
0	0	0	0	0	0.704572155670007	0	0	0.890725675172642	0.726205237732736	0	0	0	0	0	0	0	0	0.991069435085653	0	0	0	0	0	0.979359201189592	0	0	0	0	0	0	0.8962833777145	0	0	0	0	0	0	0	0	0	0	0	0	0	0	0	0	0	0	0	0	0	0	0	0	0	0	0	0	0	0	0	0	0	0	0	0	0	0	0	0	0	0	0	0	0	0	0	0	0	0	0	0	0	0	0	0	0	0
0	0	0	0	0	0.990924092181645	0	0.626542331534915	0	0	0.860179578157017	0	0	0	0	0	0	0.775454777446186	0	0	0	0	0	0	0	0	0.73374093524601	0	0	0	0	0	0	0	0	0	0	0	0	0	0	0	0	0.782437521720369	0	0	0	0	0	0	0	0	0	0	0	0	0	0	0	0	0	0	0	0	0	0	0	0	0	0	0	0	0	0	0	0	0	0	0	0	0	0	0	0	0	0	0	0	0	0
0	0	0	0	0.972414383887501	0	0	0.845787568989407	0	0	0.504386896270458	0	0	0.912593148395797	0	0	0	0	0	0	0	0	0	0	0	0	0	0	0	0	0	0	0	0.822437460297051	0	0	0.578354340760515	0	0	0	0	0	0	0	0	0	0	0	0	0	0	0	0	0	0	0	0	0	0	0	0	0	0	0	0	0	0	0	0	0	0	0	0	0	0	0	0	0	0	0	0	0	0	0	0	0	0	0	0	0
0	0	0	0	0	0	0	0	0.637002419437899	0.809095689378882	0	0	0	0	0	0	0	0	0	0	0	0.648298522973208	0	0	0	0	0.684939754595067	0	0.550726871058454	0	0	0	0	0	0	0	0	0	0	0.977923328818702	0	0	0	0	0	0	0	0	0	0	0	0	0	0	0	0	0	0	0	0	0	0	0	0	0	0	0	0	0	0	0	0	0	0	0	0	0	0	0	0	0	0	0	0	0	0	0	0	0	0
0	0	0	0	0	0	0	0	0	0	0	0	0	0	0	0	0.949792345805131	0.985001032632252	0	0	0.635174675040405	0	0	0	0	0	0	0	0	0	0	0	0	0	0	0.652885044886097	0	0	0	0	0	0	0.848386265378786	0	0.695093879290115	0	0	0	0	0	0	0	0	0	0	0	0	0	0	0	0	0	0	0	0	0	0	0	0	0	0	0	0	0	0	0	0	0	0	0	0	0	0	0	0	0	0	0	0	0
0	0	0	0	0	0	0	0	0	0	0	0	0	0	0.570966739055204	0.617973775902711	0	0	0	0	0	0	0	0	0	0	0	0	0	0	0	0	0.507669506501106	0	0	0.781221584891619	0	0	0.668684968615651	0	0	0	0	0	0	0	0	0	0	0	0	0	0	0	0	0	0	0	0	0	0	0	0	0	0	0	0	0	0	0	0	0	0	0	0	0	0	0	0	0	0	0	0	0	0	0	0	0	0	0
0	0	0	0	0	0	0	0	0	0.631361736393945	0	0	0	0	0	0	0.770939308731487	0	0	0	0	0	0.809607936081333	0.64598949751263	0	0	0	0	0	0.994159376885129	0	0	0.885147610232899	0	0	0	0	0	0	0.934581477181234	0	0	0	0	0	0	0	0	0	0	0	0	0	0	0	0	0	0	0	0	0	0	0	0	0	0	0	0	0	0	0	0	0	0	0	0	0	0	0	0	0	0	0	0	0	0	0	0	0	0
0	0.934241063218012	0	0	0	0	0.942310455127353	0	0	0	0	0	0.818669283909223	0	0	0.77583126903507	0	0	0	0	0	0.64489297957582	0	0	0	0	0	0	0	0	0	0	0	0	0	0	0	0	0	0	0	0	0	0	0	0	0	0	0	0	0	0	0	0	0	0	0	0	0	0	0	0	0	0	0	0	0	0	0	0	0	0	0	0	0	0	0	0	0	0	0	0	0	0	0	0	0	0	0	0
0	0	0	0	0.554784142041825	0	0	0	0	0	0	0	0.613930392557252	0	0.722219138595785	0	0.875004237014609	0.539741999891669	0	0	0	0	0	0	0	0	0.870179277354228	0	0	0	0	0	0	0	0.546236132799691	0	0	0	0	0	0	0	0	0	0	0	0	0	0	0	0	0	0	0	0	0	0	0	0	0	0	0	0	0	0	0	0	0	0	0	0	0	0	0	0	0	0	0	0	0	0	0	0	0	0	0	0	0	0	0
0	0	0	0	0	0	0	0	0	0	0	0.736880417065894	0	0.562429558304902	0	0.587274429665332	0	0	0	0	0	0	0	0	0.78285649700917	0	0	0	0	0	0	0	0	0	0	0	0.696044647111284	0.686260685112117	0	0	0	0	0	0	0	0	0	0	0	0	0	0	0	0	0	0	0	0	0	0	0	0	0	0	0	0	0	0	0	0	0	0	0	0	0	0	0	0	0	0	0	0	0	0	0	0	0	0	0	0
0	0	0	0	0	0.998291655817759	0	0	0.552864156087703	0	0	0.983498485271647	0	0	0	0.967454145661911	0	0	0	0.747625903063618	0	0	0	0	0	0	0	0.972880294759304	0	0	0	0	0	0	0	0	0	0	0	0	0	0	0	0	0	0	0	0	0	0	0	0	0	0	0	0	0	0	0	0	0	0	0	0	0	0	0	0	0	0	0	0	0	0	0	0	0	0	0	0	0	0	0	0	0	0	0	0	0	0
0	0	0	0	0.651211835642525	0	0	0.552976750396414	0	0	0	0	0	0	0	0	0	0	0	0.528507232734705	0	0.882621834668924	0	0.720775541118549	0	0	0	0	0	0	0	0	0	0	0	0	0	0	0	0	0	0	0	0	0.518753603957142	0	0	0	0	0	0	0	0	0	0	0	0	0	0	0	0	0	0	0	0	0	0	0	0	0	0	0	0	0	0	0	0	0	0	0	0	0	0	0	0	0	0	0	0	0
0.535076866209396	0	0	0	0	0	0	0	0	0	0	0	0	0	0	0	0	0.596025828798148	0.587616314197881	0	0	0	0.664744700773511	0	0	0	0	0	0	0	0	0	0	0	0	0	0	0	0	0.694942844587036	0.924192854933743	0.747050455969744	0	0	0	0	0	0	0	0	0	0	0	0	0	0	0	0	0	0	0	0	0	0	0	0	0	0	0	0	0	0	0	0	0	0	0	0	0	0	0	0	0	0	0	0	0	0	0	0
0	0	0	0	0	0	0	0	0	0	0	0.909472754744114	0	0	0	0	0	0	0	0	0	0	0	0	0	0	0	0.752458711590394	0	0	0	0	0.765538022581766	0.542995874164684	0	0	0	0.584400401690736	0	0	0	0	0.865778093443014	0	0	0	0	0	0	0	0	0	0	0	0	0	0	0	0	0	0	0	0	0	0	0	0	0	0	0	0	0	0	0	0	0	0	0	0	0	0	0	0	0	0	0	0	0	0	0
0	0	0	0	0	0	0	0	0	0	0.502208988187667	0	0	0	0.554584962177615	0	0	0	0.815205856365978	0	0	0	0	0	0	0	0.802044218458886	0	0	0	0	0	0	0.700475903758964	0	0	0	0	0	0.846802347770146	0	0	0	0	0	0	0	0	0	0	0	0	0	0	0	0	0	0	0	0	0	0	0	0	0	0	0	0	0	0	0	0	0	0	0	0	0	0	0	0	0	0	0	0	0	0	0	0	0	0
0	0	0	0.834452033764566	0.707400225488889	0.625423916282865	0.551248063065984	0	0	0	0	0	0	0.917492279310676	0	0	0	0	0	0.889974203664919	0	0	0	0	0	0	0	0	0	0	0.652922156086646	0	0.900573609149225	0	0	0	0.628520606377686	0	0	0	0.921843469120857	0	0	0	0	0	0	0	0	0	0	0	0	0	0	0	0	0	0	0	0	0	0	0	0	0	0	0	0	0	0	0	0	0	0	0	0	0	0	0	0	0	0	0	0	0	0	0	0	0
0	0	0.694745815681275	0	0	0	0.732832802007371	0	0	0	0	0	0	0.643966410148711	0	0	0	0	0.599089664879629	0	0	0	0	0	0	0	0	0	0.728064146399959	0	0	0	0	0	0.787789963339746	0	0	0	0.977294798691175	0	0	0	0	0.780044414559616	0	0	0	0	0	0	0	0	0	0	0	0	0	0	0	0	0	0	0	0	0	0	0	0	0	0	0	0	0	0	0	0	0	0	0	0	0	0	0	0	0	0	0	0	0	0
0	0	0	0	0	0	0	0.649593522583839	0	0	0	0	0	0	0	0	0.667517187592324	0	0	0	0	0	0	0	0	0	0	0.97638779827954	0	0	0	0	0	0	0.517329899633174	0	0.905470458169866	0	0	0	0	0	0	0	0	0	0	0	0	0	0	0	0	0	0	0	0	0	0	0	0	0	0	0	0	0	0	0	0	0	0	0	0	0	0	0	0	0	0	0	0	0	0	0	0	0	0	0	0	0
0	0	0.709251417193116	0	0	0	0	0	0	0	0	0	0	0	0	0	0	0	0	0	0	0	0	0	0	0	0	0	0.637738437664995	0	0	0	0	0	0	0	0	0	0.527832444107921	0	0	0	0	0	0	0	0	0	0	0	0	0	0	0	0	0	0	0	0	0	0	0	0	0	0	0	0	0	0	0	0	0	0	0	0	0	0	0	0	0	0	0	0	0	0	0	0	0	0	0
0	0.893596244530487	0	0	0	0	0	0	0.943743914189566	0	0.508243703753875	0	0	0	0	0.51695978988168	0	0	0	0	0	0.801585571144525	0	0	0	0	0	0	0	0	0	0	0	0.662976118870121	0	0	0	0	0	0	0	0	0	0	0	0	0	0	0	0	0	0	0	0	0	0	0	0	0	0	0	0	0	0	0	0	0	0	0	0	0	0	0	0	0	0	0	0	0	0	0	0	0	0	0	0	0	0	0	0
0	0	0	0	0	0	0	0	0	0	0	0	0	0	0	0	0	0.746246446887838	0	0	0.984079201069889	0	0	0	0.694750442339036	0	0	0	0	0	0	0	0	0	0	0	0	0	0	0	0	0	0	0.736433300858796	0	0	0	0	0	0	0	0	0	0	0	0	0	0	0	0	0	0	0	0	0	0	0	0	0	0	0	0	0	0	0	0	0	0	0	0	0	0	0	0	0	0	0	0	0	0
0	0	0	0	0	0	0	0	0	0	0.809591497909722	0	0	0	0	0	0	0	0	0	0	0	0	0.968775962189708	0	0.824901460446388	0	0	0	0.543186178030976	0	0	0	0	0	0	0	0	0	0.603422288501089	0	0	0	0	0	0	0	0	0	0	0	0	0	0	0	0	0	0	0	0	0	0	0	0	0	0	0	0	0	0	0	0	0	0	0	0	0	0	0	0	0	0	0	0	0	0	0	0	0	0
0	0	0	0	0	0	0.682732199003654	0	0	0	0	0	0	0.801322719133859	0	0	0	0	0	0	0	0	0	0	0	0	0	0	0.852944892344418	0	0	0	0	0	0	0.649111967525893	0	0	0.590894659790779	0	0.747563936076504	0	0	0	0	0	0	0	0	0	0	0	0	0	0	0	0	0	0	0	0	0	0	0	0	0	0	0	0	0	0	0	0	0	0	0	0	0	0	0	0	0	0	0	0	0	0	0	0	0
0	0.722520504203249	0	0	0	0	0.927401866697044	0	0	0	0	0	0	0	0	0	0	0	0	0	0	0	0.519142148787481	0	0	0	0	0	0	0	0	0.536813870929581	0	0	0	0	0	0	0	0	0	0	0	0	0.834515543917464	0	0	0	0	0	0	0	0	0	0	0	0	0	0	0	0	0	0	0	0	0	0	0	0	0	0	0	0	0	0	0	0	0	0	0	0	0	0	0	0	0	0	0	0	0
0	0	0	0	0	0	0	0.669830909512225	0	0	0	0	0	0	0	0	0	0	0	0	0	0	0	0	0	0	0	0	0	0	0.781527882776584	0	0	0	0	0.523564887035169	0	0	0	0	0	0	0	0	0.612469173017245	0	0	0	0	0	0	0	0	0	0	0	0	0	0	0	0	0	0	0	0	0	0	0	0	0	0	0	0	0	0	0	0	0	0	0	0	0	0	0	0	0	0	0	0	0
0.829775989543561	0	0.665434465302063	0	0	0	0	0	0	0	0	0	0.965431817999834	0.615703573530961	0	0	0	0	0	0	0.722280583169706	0	0.917329947715704	0	0	0	0	0	0	0	0	0	0	0	0	0	0	0.646680961580332	0	0	0.541854173399639	0	0	0	0	0	0	0	0	0	0	0	0	0	0	0	0	0	0	0	0	0	0	0	0	0	0	0	0	0	0	0	0	0	0	0	0	0	0	0	0	0	0	0	0	0	0	0	0	0
0	0	0	0	0	0	0	0	0	0.506407572434297	0	0	0	0	0	0	0	0	0	0	0.586430486541776	0.823015139222509	0	0	0	0	0.691064955403239	0	0	0	0	0	0	0	0	0	0	0	0	0	0	0	0	0	0	0	0	0	0	0	0	0	0	0	0	0	0	0	0	0	0	0	0	0	0	0	0	0	0	0	0	0	0	0	0	0	0	0	0	0	0	0	0	0	0	0	0	0	0	0
0	0	0	0	0	0	0	0	0	0	0	0	0	0	0	0.983881770381035	0	0	0	0	0	0	0	0.691168366227967	0.835437641341132	0	0	0	0	0	0	0	0	0	0	0	0.612447662415043	0	0.796114193405286	0	0	0	0.584602228334723	0	0	0	0	0	0	0	0	0	0	0	0	0	0	0	0	0	0	0	0	0	0	0	0	0	0	0	0	0	0	0	0	0	0	0	0	0	0	0	0	0	0	0	0	0	0	0
0	0	0	0	0.708029775044346	0	0	0	0	0	0	0.72092970472956	0.583881833248292	0	0	0	0	0	0	0	0	0	0	0	0	0	0	0	0	0.566748774252299	0	0.627819977444016	0	0	0	0	0	0	0	0	0.707779718730784	0	0	0.553072195921816	0	0	0	0	0	0	0	0	0	0	0	0	0	0	0	0	0	0	0	0	0	0	0	0	0	0	0	0	0	0	0	0	0	0	0	0	0	0	0	0	0	0	0	0	0	0
0	0	0	0	0	0	0	0	0	0.904773422598491	0	0	0	0	0	0	0.713136582995234	0	0	0	0	0	0.713178874650163	0	0.92267630066284	0	0	0	0	0	0	0	0	0	0.506212196424915	0	0	0.941619100384517	0	0	0	0	0	0.627406594743756	0	0	0	0	0	0	0	0	0	0	0	0	0	0	0	0	0	0	0	0	0	0	0	0	0	0	0	0	0	0	0	0	0	0	0	0	0	0	0	0	0	0	0	0	0	0
0	0	0	0	0.77739020658687	0	0	0	0	0	0	0	0	0	0	0	0.755998803338238	0	0	0	0.568768522670381	0	0	0	0	0	0	0	0	0	0	0	0.796977329650428	0	0	0	0.527681569253449	0	0	0.529550612843253	0	0	0	0	0	0	0	0	0	0	0	0	0	0	0	0	0	0	0	0	0	0	0	0	0	0	0	0	0	0	0	0	0	0	0	0	0	0	0	0	0	0	0	0	0	0	0	0	0	0
0	0	0	0	0	0	0	0	0	0	0	0	0.82630234765845	0	0	0	0	0	0	0	0	0	0	0.867092775240967	0	0.697379973543007	0	0	0	0.941208692834576	0	0	0	0	0.603821801586018	0	0	0	0	0	0	0	0	0	0	0	0	0	0	0	0	0	0	0	0	0	0	0	0	0	0	0	0	0	0	0	0	0	0	0	0	0	0	0	0	0	0	0	0	0	0	0	0	0	0	0	0	0	0	0
0	0	0	0	0	0	0	0	0	0	0.703891092406304	0	0	0.990012336324291	0	0	0	0	0	0.770546881079419	0	0.564394037633759	0	0	0	0	0	0	0.97502996469739	0	0	0	0	0	0	0	0	0.559046941362483	0	0	0	0	0.906453322994322	0	0	0	0	0	0	0	0	0	0	0	0	0	0	0	0	0	0	0	0	0	0	0	0	0	0	0	0	0	0	0	0	0	0	0	0	0	0	0	0	0	0	0	0	0	0	0
0	0	0	0	0	0	0.692688019282644	0	0	0	0	0	0	0	0	0	0	0	0	0.57541670340812	0	0	0.567173272780597	0	0	0	0	0	0	0.668911726617955	0	0	0.524482462228009	0	0	0.918396461863865	0	0	0	0	0	0	0.636500632826024	0	0	0	0	0	0	0	0	0	0	0	0	0	0	0	0	0	0	0	0	0	0	0	0	0	0	0	0	0	0	0	0	0	0	0	0	0	0	0	0	0	0	0	0	0	0	0
0	0.847688355770091	0.570130441507632	0	0.679707827158701	0	0	0	0	0	0	0	0	0	0	0	0	0	0	0.508292411190968	0	0	0	0	0	0	0	0	0	0	0	0	0	0	0	0	0	0	0	0	0	0	0.64191285287184	0	0.893686097559385	0	0	0	0	0	0	0	0	0	0	0	0	0	0	0	0	0	0	0	0	0	0	0	0	0	0	0	0	0	0	0	0	0	0	0	0	0	0	0	0	0	0	0	0	0
0	0	0	0	0	0	0	0	0	0	0	0.762507647481417	0	0	0	0	0	0	0	0	0.860775719097373	0	0	0	0	0	0	0	0	0	0	0	0	0	0.846446718195579	0	0	0	0	0.743775102727691	0.518924972044356	0.65252280717828	0	0	0	0	0	0	0	0	0	0	0	0	0	0	0	0	0	0	0	0	0	0	0	0	0	0	0	0	0	0	0	0	0	0	0	0	0	0	0	0	0	0	0	0	0	0	0	0
0	0.924949093317617	0	0.608670416879994	0	0	0	0	0.766226152618749	0	0	0	0	0	0	0	0	0	0	0	0	0	0	0.880699528384072	0	0	0	0.573484752476092	0	0	0	0	0	0	0	0.890953095907203	0.697607956326542	0	0	0	0	0	0	0	0	0	0	0	0	0	0	0	0	0	0	0	0	0	0	0	0	0	0	0	0	0	0	0	0	0	0	0	0	0	0	0	0	0	0	0	0	0	0	0	0	0	0	0	0	0
0.755950184628324	0.947375138726797	0	0	0.533189535451768	0	0	0	0	0	0	0.958564719916018	0	0	0	0	0	0	0.934511062563958	0	0	0	0	0	0	0	0	0	0	0	0.611500068597094	0.55294013537838	0	0	0	0	0	0	0	0	0	0.572942452484645	0	0	0	0	0	0	0	0	0	0	0	0	0	0	0	0	0	0	0	0	0	0	0	0	0	0	0	0	0	0	0	0	0	0	0	0	0	0	0	0	0	0	0	0	0	0	0	0
0	0	0	0	0	0	0	0	0	0	0	0	0	0	0	0	0	0	0	0	0	0	0	0	0	0	0	0	0	0	0	0	0	0	0	0	0	0	0	0	0	0	0	0	0	0	0.961713278182266	0.945281931651517	0.677094050987765	0.62008170337746	0.686714793218315	0.737956273778723	0.639172641357073	0	0	0	0	0	0	0	0	0	0	0	0	0	0	0	0	0	0	0	0	0	0	0	0	0	0	0	0	0	0	0.763615458894422	0.927503035617574	0.95903190597993	0.699210954210889	0.873822688061671	0.701707078450479	0.990592117073705
0	0	0	0	0	0	0	0	0	0	0	0	0	0	0	0	0	0	0	0	0	0	0	0	0	0	0	0	0	0	0	0	0	0	0	0	0	0	0	0	0	0	0	0	0	0.633438548312996	0	0.544483999131736	0.920891854100412	0.55082849697354	0.967869443321199	0.512215340894747	0.520812609750152	0.889149484685169	0	0	0	0	0	0	0	0	0	0	0	0	0	0	0	0	0	0	0	0	0	0	0	0	0	0	0	0	0	0	0.637641924678187	0.854178050464148	0.877323344409599	0.729536403960412	0.734809259641256	0.841253683804059
0	0	0	0	0	0	0	0	0	0	0	0	0	0	0	0	0	0	0	0	0	0	0	0	0	0	0	0	0	0	0	0	0	0	0	0	0	0	0	0	0	0	0	0	0	0.981979701157567	0.530742234171678	0	0.561127253666748	0.823369338638626	0.69073531028523	0.969883154240607	0.903271628284001	0.633995722330194	0.925425927335026	0	0	0	0	0	0	0	0	0	0	0	0	0	0	0	0	0	0	0	0	0	0	0	0	0	0	0	0	0	0	0.841851146235464	0.588514332548911	0.979498300850144	0.550570948334008	0.517639981526115
0	0	0	0	0	0	0	0	0	0	0	0	0	0	0	0	0	0	0	0	0	0	0	0	0	0	0	0	0	0	0	0	0	0	0	0	0	0	0	0	0	0	0	0	0	0.771842586153967	0.553968562490844	0.962559995774992	0	0.841512286904183	0.894641195009911	0.720519031986251	0.677425548387302	0.889820033784907	0.660868912602049	0.773285792802154	0	0	0	0	0	0	0	0	0	0	0	0	0	0	0	0	0	0	0	0	0	0	0	0	0	0	0	0	0	0	0.821852459956909	0.547485458188321	0.819884201270625	0.695796084322378
0	0	0	0	0	0	0	0	0	0	0	0	0	0	0	0	0	0	0	0	0	0	0	0	0	0	0	0	0	0	0	0	0	0	0	0	0	0	0	0	0	0	0	0	0	0.585740320347011	0.94064707212556	0.767765482229742	0.669042501140456	0	0.947177155881812	0.874174125921239	0.625217887524614	0.760306473293378	0.773790064102274	0.701142128999798	0.522291581171825	0	0	0	0	0	0	0	0	0	0	0	0	0	0	0	0	0	0	0	0	0	0	0	0	0	0	0	0	0	0	0.999674465392626	0.805116763250177	0.642938276825288
0	0	0	0	0	0	0	0	0	0	0	0	0	0	0	0	0	0	0	0	0	0	0	0	0	0	0	0	0	0	0	0	0	0	0	0	0	0	0	0	0	0	0	0	0	0.727090252630953	0.507297735855218	0.808318579967396	0.573822794242366	0.631580318955916	0	0.523585990361754	0.750239125795507	0.698162840364008	0.78395686840769	0.549988764955493	0.692237793352397	0.70871520102313	0	0	0	0	0	0	0	0	0	0	0	0	0	0	0	0	0	0	0	0	0	0	0	0	0	0	0	0	0	0	0.646291692290714	0.546388605935243
0	0	0	0	0	0	0	0	0	0	0	0	0	0	0	0	0	0	0	0	0	0	0	0	0	0	0	0	0	0	0	0	0	0	0	0	0	0	0	0	0	0	0	0	0	0.724913713742597	0.516865261025789	0.89985084238473	0.866810518078582	0.717694912439604	0.503821498508769	0	0.638711644473225	0.605247536849395	0.927184564306494	0.847571378813727	0.877728857749388	0.884228078951549	0.973326875516407	0	0	0	0	0	0	0	0	0	0	0	0	0	0	0	0	0	0	0	0	0	0	0	0	0	0	0	0	0	0	0.618361254899353
0	0	0	0	0	0	0	0	0	0	0	0	0	0	0	0	0	0	0	0	0	0	0	0	0	0	0	0	0	0	0	0	0	0	0	0	0	0	0	0	0	0	0	0	0	0.834206994853256	0.581539887301595	0.589599399010127	0.677096094526162	0.986514218676076	0.586483906265101	0.638193749039722	0	0.869071813434384	0.949494863566863	0.894871665099324	0.850809748809612	0.868321284992797	0.808687929275895	0.957825462388466	0	0	0	0	0	0	0	0	0	0	0	0	0	0	0	0	0	0	0	0	0	0	0	0	0	0	0	0	0	0
0	0	0	0	0	0	0	0	0	0	0	0	0	0	0	0	0	0	0	0	0	0	0	0	0	0	0	0	0	0	0	0	0	0	0	0	0	0	0	0	0	0	0	0	0	0	0.685374360650254	0.898223713791423	0.787319602175043	0.659780504652941	0.532889203151124	0.549121312888418	0.796878003731315	0	0.674644077099694	0	0.9830804377921	0.877885496035859	0.9351867742685	0.702422098234357	0.723393367616387	0	0	0	0	0	0	0	0.523732098703751	0	0	0	0	0	0	0	0	0	0	0	0	0	0	0	0	0	0	0	0	0
0	0	0	0	0	0	0	0	0	0	0	0	0	0	0	0	0	0	0	0	0	0	0	0	0	0	0	0	0	0	0	0	0	0	0	0	0	0	0	0	0	0	0	0	0	0	0	0.633349294540874	0.582719656167715	0.811952460768459	0.597404861832336	0.66823524695871	0.993900300668957	0.724624352390905	0	0.713666033956533	0.584279624450131	0.995490922481579	0.864263851461377	0.727442155111883	0.50969509907338	0.547700028544085	0	0	0	0	0	0	0	0	0	0	0	0	0	0	0	0	0	0	0	0	0	0	0	0	0	0	0	0
0	0	0	0	0	0	0	0	0	0	0	0	0	0	0	0	0	0	0	0	0	0	0	0	0	0	0	0	0	0	0	0	0	0	0	0	0	0	0	0	0	0	0	0	0	0	0	0	0.924261209734086	0.754105170510446	0.588243010174423	0.72271043351559	0.828843350919772	0	0.950738868592594	0	0.575192378237412	0.618043209952059	0.782018509739678	0.840998387249022	0.968071673832375	0.681542314758376	0.861679148501479	0	0	0	0	0	0	0	0	0	0	0	0	0	0	0	0	0	0	0	0	0	0	0	0	0	0	0
0	0	0	0	0	0	0	0	0	0	0	0	0	0	0	0	0	0	0	0	0	0	0	0	0	0	0	0	0	0	0	0	0	0	0	0	0	0	0	0	0	0	0	0	0	0	0	0	0	0.536063626751539	0.800845917416772	0.512617530642599	0.83450842783183	0.881044737415618	0.749062990076592	0.970728870617968	0	0.948973956610514	0.77970155137007	0.950680862397812	0.651187101602915	0.929071385829805	0.685847921453479	0.811474187774126	0	0	0	0	0	0	0	0	0	0	0	0	0	0	0	0	0	0	0	0	0	0	0	0	0	0
0	0	0	0	0	0	0	0	0	0	0	0	0	0	0	0	0	0	0	0	0	0	0	0	0	0	0	0	0	0	0	0	0	0	0	0	0	0	0	0	0	0	0	0	0	0	0	0	0	0	0.584150697290502	0.643786004576212	0.99272899299473	0.792980084667617	0.882711142780425	0.661271030011898	0.738665330077833	0	0.99715420063784	0.957606186696291	0.737485539197352	0.770478324640146	0.872524701405238	0.80022069968466	0.794203886462798	0	0	0	0	0	0	0	0	0	0	0	0	0	0	0	0	0	0	0	0	0	0	0	0	0
0	0	0	0	0	0	0	0	0	0	0	0	0	0	0	0	0	0	0	0	0	0	0	0	0	0	0	0	0	0	0	0	0	0	0	0	0	0	0	0	0	0	0	0	0	0	0	0	0	0	0	0.983090218686955	0.710141605259832	0.77840500210862	0.521958995167704	0.67756813716799	0.722796999389702	0.653379944760949	0	0.522457871166424	0.61509006237589	0.751377695392638	0.765409845267856	0.542238033672975	0.59272874865425	0.892041653926591	0	0	0	0	0	0	0	0	0	0	0	0	0	0	0	0	0	0	0	0	0	0	0	0
0	0	0	0	0	0	0	0	0	0	0	0	0	0	0	0	0	0	0	0	0	0	0	0	0	0	0	0	0	0	0	0	0	0	0	0	0	0	0	0	0	0	0	0	0	0	0	0	0	0	0	0	0.815163703509495	0.780913282632775	0.763259398191371	0.591499770876508	0.803485807360783	0.722632877091326	0.823929695418911	0	0.860081104288852	0.559076004120122	0.652166836531186	0.739493850190881	0.984885430854689	0.840170913232398	0.638775322533293	0	0	0	0	0	0	0	0	0	0	0	0	0	0	0	0	0	0	0	0	0	0	0
0	0	0	0	0	0	0	0	0	0	0	0	0	0	0	0	0	0	0	0	0	0	0	0	0	0	0	0	0	0	0	0	0	0	0	0	0	0	0	0	0	0	0	0	0	0	0	0	0	0	0	0	0	0.539568623178637	0.562673049801909	0.596645087518144	0.665086979624129	0.946134067270024	0.720049325351032	0.634495524197641	0	0.931077606894025	0.844755148548315	0.549137810687725	0.936844522623643	0.766394810357857	0.646559130086627	0.62135033591521	0	0	0	0	0	0	0	0	0	0	0	0	0	0	0	0	0	0	0	0	0	0
0	0	0	0	0	0	0	0	0	0	0	0	0	0	0	0	0	0	0	0	0	0	0	0	0	0	0	0	0	0	0	0	0	0	0	0	0	0	0	0	0	0	0	0	0	0	0	0	0	0	0	0	0	0	0.533222778768343	0.916867073689263	0.706262977306052	0.845356350454188	0.860208157132369	0.921592704322449	0.880348414846983	0	0.720754719367595	0.708027680059871	0.799106193941934	0.849440907010966	0.651531824161893	0.973622683218335	0.812890963502922	0	0	0	0	0	0	0	0	0	0	0	0	0	0	0	0	0	0	0	0	0
0	0	0	0	0	0	0	0	0	0	0	0	0	0	0	0	0	0	0	0	0	0	0	0	0	0	0	0	0	0	0	0	0	0	0	0	0	0	0	0	0	0	0	0	0	0	0	0	0	0	0	0	0	0	0	0.689363274106807	0.900716301309363	0.928201688675113	0.531833070950711	0.935306414593437	0.948535698639473	0.880949386633249	0	0.777420924471384	0.752439119790355	0.760086597300379	0.717958090448349	0.547908854699823	0.790045713951244	0.644678947344107	0	0	0	0	0	0	0	0	0	0	0	0	0	0	0	0	0	0	0	0
0	0	0	0	0	0	0	0	0	0	0	0	0	0	0	0	0	0	0	0	0	0	0	0	0	0	0	0	0	0	0	0	0	0	0	0	0	0	0	0	0	0	0	0	0	0	0	0	0	0	0	0	0	0	0	0	0.752923494658113	0.586677714701803	0.73440851642114	0.588997208266233	0.577382498284267	0.60487950612374	0.913039296342505	0	0.672879111260334	0.902179684428236	0.875293342802002	0.626047020642879	0.877747099885045	0.592368423190156	0.873776512237702	0	0	0	0	0	0	0	0	0	0	0	0	0	0	0	0	0	0	0
0	0	0	0	0	0	0	0	0	0	0	0	0	0	0	0	0	0	0	0	0	0	0	0	0	0	0	0	0	0	0	0	0	0	0	0	0	0	0	0	0	0	0	0	0	0	0	0	0	0	0	0	0	0	0	0	0	0.837812080285295	0.731434826278395	0.636752198754123	0.557214983724577	0.768200354962828	0.753298569302924	0.732953545831127	0	0.893501923622279	0.742495266353525	0.532109852793219	0.862176527813896	0.640155743730253	0.762401680126522	0.599463199373991	0	0	0	0	0	0	0	0	0	0.822856179232069	0	0	0	0	0	0	0	0
0	0	0	0	0	0	0	0	0	0	0	0	0	0	0	0	0	0	0	0	0	0	0	0	0	0	0	0	0	0	0	0	0	0	0	0	0	0	0	0	0	0	0	0	0	0	0	0	0	0	0	0	0	0	0	0	0	0	0.785944789066839	0.589114799925314	0.57146675972264	0.870409958772814	0.742650131397209	0.58781079702256	0.541900504353884	0	0.629911191144405	0.638144511852665	0.945983205194409	0.873798338806116	0.642179640139716	0.697955332025896	0.907591685667512	0	0	0	0	0	0	0	0	0	0	0	0	0	0	0	0	0
0	0	0	0	0	0	0	0	0	0	0	0	0	0	0	0	0	0	0	0	0	0	0	0	0	0	0	0	0	0	0	0	0	0	0	0	0	0	0	0	0	0	0	0	0	0	0	0	0	0	0	0	0	0	0	0	0	0	0	0.700043402398146	0.604750653291395	0.521337295296606	0.953028630904096	0.522250809425646	0.564457937591821	0.72736054999705	0	0.681989812618808	0.93157101593077	0.708311095473336	0.687154981636155	0.646517487366683	0.762124886730261	0.990817945026574	0	0	0	0	0	0	0	0	0	0	0	0	0	0	0	0
0	0	0	0	0	0	0	0	0	0	0	0	0	0	0	0	0	0	0	0	0	0	0	0	0	0	0	0	0	0	0	0	0	0	0	0	0	0	0	0	0	0	0	0	0	0	0	0	0	0	0	0	0	0	0	0	0	0	0	0	0.617593081501781	0.688529320878402	0.703268726507265	0.964282389054743	0.619868763185977	0.600181815570804	0.690919238371029	0	0.886766443768796	0.723018425412878	0.571950996224842	0.91572664887351	0.717081787066045	0.866806509071903	0.873900017441207	0	0	0	0	0	0	0	0	0	0	0	0	0	0	0
0	0	0	0	0	0	0	0	0	0	0	0	0	0	0	0	0	0	0	0	0	0	0	0	0	0	0	0	0	0	0	0	0	0	0	0	0	0	0	0	0	0	0	0	0	0	0	0	0	0	0	0	0	0.849807366851557	0	0	0	0	0	0	0	0.751000382679138	0.571440243038234	0.793850670525349	0.734500247535265	0.562863699739817	0.534684229658329	0.919358919945542	0	0.584931807610296	0.693980963767519	0.586805257554872	0.973493410011856	0.7587445693703	0.64093899152704	0.51719178228526	0	0	0	0	0	0	0	0	0	0	0	0	0	0
0	0	0	0	0	0	0	0	0	0	0	0	0	0	0	0	0	0	0	0	0	0	0	0	0	0	0	0	0	0	0	0	0	0	0	0	0	0	0	0	0	0	0	0	0	0	0	0	0	0	0	0	0	0	0	0	0	0	0	0	0	0	0.848547159065165	0.515570099213748	0.558418362417107	0.719336834440489	0.696588790213543	0.968818501190675	0.527348969169718	0	0.625873192602194	0.644645303711273	0.621240536312722	0.819609512875851	0.566721322383759	0.69145939855467	0.520369578663464	0	0	0	0	0	0	0	0	0	0	0	0	0
0	0	0	0	0	0	0	0	0	0	0	0	0	0	0	0	0	0	0	0	0	0	0	0	0	0	0	0	0	0	0	0	0	0	0	0	0	0	0	0	0	0	0	0	0	0	0	0	0	0	0	0	0	0	0	0	0	0	0	0	0	0	0	0.790510466464846	0.908254310050847	0.961774360396764	0.550239097902768	0.531665217541751	0.796843576778063	0.856250911294275	0	0.579163286976613	0.652664394914414	0.661828027679987	0.947721902274904	0.646223419099571	0.783096956740494	0.57242231226418	0	0	0	0	0	0	0	0	0	0	0	0
0	0	0	0	0	0	0	0	0	0	0	0	0	0	0	0	0	0	0	0	0	0	0	0	0	0	0	0	0	0	0	0	0	0	0	0	0	0	0	0	0	0	0	0	0	0	0	0	0	0	0	0	0	0	0	0	0	0	0	0	0	0	0	0	0.954255829868778	0.557025272372034	0.972692143026275	0.777644667704157	0.730494316423721	0.977873475177685	0.763432029508743	0	0.605885240332527	0.578640981127415	0.914648534594778	0.910080957414498	0.733245323456786	0.821788499852116	0.625463868887073	0	0	0	0	0	0	0	0	0	0	0
0	0	0	0	0	0	0	0	0	0	0	0	0	0	0	0	0	0	0	0	0	0	0	0	0	0	0	0	0	0	0	0	0	0	0	0	0	0	0	0	0	0	0	0	0	0	0	0	0	0	0	0	0	0	0	0	0	0	0	0	0	0	0	0	0	0.740258541733707	0.973737455019546	0.895085415002189	0.555776453900694	0.512129876693498	0.684606556729088	0.891582022703582	0	0.885617837123257	0.893625003318368	0.911733370506899	0.679970200970477	0.623435152051204	0.650289364591881	0.735932117825558	0	0	0	0	0	0	0	0	0	0
0	0	0	0	0	0	0	0	0	0	0	0	0	0	0	0	0	0	0	0	0	0	0	0	0	0	0	0	0	0	0	0	0	0	0	0	0	0	0	0	0	0	0	0	0	0	0	0	0	0	0	0	0	0	0	0	0	0	0	0	0	0	0	0	0	0	0.859175309688194	0.612516370922898	0.904052685667803	0.557868589768456	0.974372911318322	0.97607006227122	0.732782074718797	0	0.872492576248129	0.921456347695474	0.786111518293553	0.660810594481059	0.804121523697976	0.874490031684229	0.643893385661898	0	0	0	0	0	0	0	0	0
0	0	0	0	0	0	0	0	0	0	0	0	0	0	0	0	0	0	0	0	0	0	0	0	0	0	0	0	0	0	0	0	0	0	0	0	0	0	0	0	0	0	0	0	0	0	0	0	0	0	0	0	0	0	0	0	0	0	0	0	0	0	0	0	0	0	0	0.551481071563565	0.996710098301615	0.534961071086898	0.52153131433205	0.529822611910709	0.547032980879222	0.890954150526661	0	0.507127250196417	0.773648174058273	0.685372856436113	0.924115294838886	0.572499108814603	0.809798797814298	0.823504461587913	0	0	0	0	0	0	0	0
0	0	0	0	0	0	0	0	0	0	0	0	0	0	0	0	0	0	0	0	0	0	0	0	0	0	0	0	0	0	0	0	0	0	0	0	0	0	0	0	0	0	0	0	0	0	0	0	0	0	0	0	0	0	0	0	0	0	0	0	0	0	0	0	0	0	0	0	0.645191570567816	0.884475267264984	0.738163594601226	0.517756293405295	0.524689285396038	0.899289219954229	0.950252535209983	0	0.959349297357815	0.81254452456234	0.839575372133005	0.840543925491208	0.821075545801283	0.918106237153126	0.930094956124465	0	0	0	0	0	0	0
0	0	0	0	0	0	0	0	0	0	0	0	0	0	0	0	0	0	0	0	0	0	0	0	0	0	0	0	0	0	0	0	0	0	0	0	0	0	0	0	0	0	0	0	0	0	0	0	0	0	0	0	0	0	0	0	0	0	0	0	0	0	0	0	0	0	0	0	0	0.802935820326447	0.671057149795632	0.613410822175032	0.777883242607729	0.630710478576897	0.978525823043941	0.794832869075509	0	0.533182461309103	0.968574140466805	0.523688404123919	0.717926693453538	0.51531541710109	0.923875392835334	0.887303534682813	0	0	0	0	0	0
0	0	0	0	0	0	0	0	0	0	0	0	0	0	0	0	0	0	0	0	0	0	0	0	0	0	0	0	0	0	0	0	0	0	0	0	0	0	0	0	0	0	0	0	0	0	0	0	0	0	0	0	0	0	0	0	0	0	0	0	0	0	0	0	0	0	0	0	0	0	0.970462700426325	0.882122484701153	0.856888483724638	0.6749118207008	0.696138167140425	0.931483927784763	0.966250740170338	0	0.912583189001887	0.948296083755597	0.533431547407306	0.876870643552564	0.985975663965374	0.703576756392424	0.586366352730868	0	0	0	0	0
0	0	0	0	0	0	0	0	0	0	0	0	0	0	0	0	0	0	0	0	0	0	0	0	0	0	0	0	0	0	0	0	0	0	0	0	0	0	0	0	0	0	0	0	0	0	0	0	0	0	0	0	0	0	0	0	0	0	0	0	0	0	0	0	0	0	0	0	0	0	0	0.750138211670388	0.541962129362476	0.619723339338271	0.836612245059406	0.727457300757485	0.987533058152309	0.735473097106624	0	0.507878281811726	0.602847052489581	0.628592654529964	0.800314508735293	0.913578499207933	0.891372820431117	0.592092026955645	0	0	0	0
0	0	0	0	0	0	0	0	0	0	0	0	0	0	0	0	0	0	0	0	0	0	0	0	0	0	0	0	0	0	0	0	0	0	0	0	0	0	0	0	0	0	0	0	0	0	0	0	0	0	0	0	0	0	0	0	0	0	0	0	0	0	0	0	0	0	0	0	0	0	0	0	0.590498340465316	0.837787517098142	0.81628308403182	0.907688412500365	0.735541144330842	0.680926913125719	0.700227193069202	0	0.91081436620877	0.96475629068864	0.556993259751592	0.864436822169132	0.597142090089098	0.918025539533162	0.660319642508275	0	0	0
0	0	0	0	0	0	0	0	0	0	0	0	0	0	0	0	0	0	0	0	0	0	0	0	0	0	0	0	0	0	0	0	0	0	0	0	0	0	0	0	0	0	0	0	0	0	0	0	0	0	0	0	0	0	0	0	0	0	0	0	0	0	0	0	0	0	0	0	0	0	0	0	0	0.59308654720093	0.760880482343153	0.844966238403359	0.842679224359542	0.772838506332801	0.806701893488076	0.520732956409542	0	0.827096783415576	0.945366364305713	0.969090737300289	0.836754630141656	0.940501776458325	0.841876634751395	0.654460366375474	0	0
0	0	0	0	0	0	0	0	0	0	0	0	0	0	0	0	0	0	0	0	0	0	0	0	0	0	0	0	0	0	0	0	0	0	0	0	0	0	0	0	0	0	0	0	0	0	0	0	0	0	0	0	0	0	0	0	0	0	0	0	0	0	0	0	0.520704032062817	0	0	0	0	0	0	0	0	0	0.656042832951962	0.89693175722357	0.587043725362852	0.644879832403618	0.760975347550135	0.843824495017143	0.932861497682	0	0.896772599572844	0.699970913014077	0.522548592485607	0.730557372891844	0.869716913569747	0.529769754273072	0	0
0	0	0	0	0	0	0	0	0	0	0	0	0	0	0	0	0	0	0	0	0	0	0	0	0	0	0	0	0	0	0	0	0	0	0	0	0	0	0	0	0	0	0	0	0	0	0	0	0	0	0	0	0	0	0	0	0	0	0	0	0	0	0	0	0	0	0	0	0	0	0	0	0	0	0	0.994172452530599	0.828185742137664	0.94263684521432	0.796315631226837	0.858780235575503	0.631153592301862	0.590709217693854	0	0.944429335221423	0.739716628644524	0.616818960278245	0.50891670311405	0.874579151405372	0.787502471223682	0.754142478677892
0	0	0	0	0	0	0	0	0	0	0	0	0	0	0	0	0	0	0	0	0	0	0	0	0	0	0	0	0	0	0	0	0	0	0	0	0	0	0	0	0	0	0	0	0	0.903846762466524	0	0	0	0	0	0	0	0	0	0	0	0	0	0	0	0	0	0	0	0	0	0	0	0	0	0	0	0	0	0	0.560773517437108	0.806048948460599	0.520575099030392	0.652669833995492	0.878418583288071	0.816889180427171	0.530618504572985	0	0.866181947661546	0.628923416840447	0.90182187790495	0.952252737821978	0.72450582640604	0.80112534749166
0	0	0	0	0	0	0	0	0	0	0	0	0	0	0	0	0	0	0	0	0	0	0	0	0	0	0	0	0	0	0	0	0	0	0	0	0	0	0	0	0	0	0	0	0	0.931133337124805	0.927765564474601	0	0	0	0	0	0	0	0	0	0	0	0	0	0	0	0	0	0	0	0	0	0	0	0	0	0	0	0	0	0	0.546188339126593	0.785573699658708	0.871838781207523	0.699326851008513	0.623759242582722	0.791300512022756	0.846423589526689	0	0.775049655753338	0.585763789812783	0.617069313488466	0.973269166985872	0.813297385205847
0	0	0	0	0	0	0	0	0	0	0	0	0	0	0	0	0	0	0	0	0	0	0	0	0	0	0	0	0	0	0	0	0	0	0	0	0	0	0	0	0	0	0	0	0	0.505606965886364	0.506789667980511	0.769955521562653	0	0	0	0	0	0	0	0	0	0	0	0	0	0	0	0	0	0	0	0	0	0	0	0	0	0	0	0	0	0	0.690683412500626	0.745380959778988	0.565228707695101	0.935510797770306	0.924920392522607	0.955963891135398	0.775733456798772	0	0.791322101287736	0.738224542430553	0.824521707753689	0.50626485908358
0	0	0	0	0	0	0	0	0	0	0	0	0	0	0	0	0	0	0	0	0	0	0	0	0	0	0	0	0	0	0	0	0	0	0	0	0	0	0	0	0	0	0	0	0	0.503168893441131	0.637929568640385	0.695702821537701	0.615464505383828	0	0	0	0	0	0	0	0	0	0	0	0	0	0	0	0	0	0	0	0	0	0	0	0	0	0	0	0	0	0	0.553680196503604	0.565884498018868	0.99645401970667	0.746559235314668	0.738464828011554	0.585416909419068	0.880374118370991	0	0.630780101770183	0.537064135007138	0.823347046157895
0	0	0	0	0	0	0	0	0	0	0	0	0	0	0	0	0	0	0	0	0	0	0	0	0	0	0	0	0	0	0	0	0	0	0	0	0	0	0	0	0	0	0	0	0	0.61166482220703	0.814615931887845	0.920544674001899	0.648864550080558	0.503737389705048	0	0	0	0	0	0	0	0	0	0	0	0	0	0	0	0	0	0	0	0	0	0	0	0	0	0	0	0	0	0	0.664032468124305	0.884924289898768	0.968534798108162	0.675378924184975	0.586778604956549	0.608579305863753	0.996908210149089	0	0.801939225426678	0.514287026783023
0	0	0	0	0	0	0	0	0	0	0	0	0	0	0	0	0	0	0	0	0	0	0	0	0	0	0	0	0	0	0	0	0	0	0	0	0	0	0	0	0	0	0	0	0	0.607380151670778	0.867610617296358	0.830136006012558	0.505178389044569	0.647167744988655	0.537942037051405	0	0	0	0	0	0	0	0	0	0	0	0	0	0	0	0	0	0	0	0	0	0	0	0	0	0	0	0	0	0	0	0.728459767906061	0.842590186461137	0.745562417785463	0.653641948863054	0.676090663483708	0.502171308879943	0	0.57453655053735
0	0	0	0	0	0	0	0	0	0	0	0	0	0	0	0	0	0	0	0	0	0	0	0	0	0	0	0	0	0	0	0	0	0	0	0	0	0	0	0	0	0	0	0	0	0.684580128874719	0.971553384133793	0.957560168479179	0.5676138323263	0.757718351034918	0.655721769250057	0.692444819284001	0	0	0	0	0	0	0	0	0	0	0	0	0	0	0	0	0	0	0	0	0	0	0	0	0	0	0	0	0	0	0.689628300034223	0.713907341015629	0.833802668219073	0.944839326077403	0.886043341358304	0.968171587608764	0.850804725989805	0
