0	0	0.986925568546032	0	0.932931117488843	0	0	0	0	0	0	0.658116689084677	0	0.542539669866173	0	0	0	0	0	0	0	0	0.591550718054657	0	0	0	0	0	0	0	0	0	0.966304535149567	0	0	0	0	0	0	0	0	0	0	0.647267714332984	0	0	0	0	0	0	0	0	0	0	0	0	0	0	0	0	0	0	0	0	0	0	0	0	0	0	0	0	0	0	0	0	0	0	0	0	0	0	0	0	0	0	0	0	0	0
0	0	0	0.823298906950296	0	0	0	0	0	0	0	0	0	0	0	0	0.803167598345763	0	0	0.705048937857712	0	0	0	0	0.539836742926605	0	0	0	0	0	0	0	0	0	0	0	0	0	0	0.814973138945407	0	0	0	0	0	0	0	0	0	0	0	0	0	0	0	0	0	0	0	0	0	0	0	0	0	0	0	0	0	0	0	0	0	0	0	0	0	0	0	0	0	0	0	0	0	0	0	0	0	0
0.610482005098656	0	0	0	0	0	0	0	0	0	0	0	0	0	0	0	0.731160726615651	0	0	0	0	0	0	0.636854867450163	0	0	0	0	0	0	0	0	0	0	0	0	0	0	0	0	0	0	0	0.550372787262416	0	0	0	0	0	0	0	0	0	0	0	0	0	0	0	0	0	0	0	0	0	0	0	0	0	0	0	0	0	0	0	0	0	0	0	0	0	0	0	0	0	0	0	0	0	0
0	0.747109655380551	0	0	0.913042144110901	0	0	0	0	0	0	0	0	0	0.768672509215885	0	0	0	0	0	0	0.507661359353489	0.904910934553866	0	0	0	0	0	0	0	0	0	0	0	0	0	0	0	0.711444479187977	0	0.862943153462073	0	0	0	0	0	0	0	0	0	0	0	0	0	0	0	0	0	0	0	0	0	0	0	0	0	0	0	0	0	0	0	0	0	0	0	0	0	0	0	0	0	0	0	0	0	0	0	0	0
0.521055449553929	0	0	0.533464562116887	0	0	0	0.906910533269423	0.631842142864213	0	0	0	0	0	0	0	0	0	0.958053626144799	0.889741938999913	0	0	0	0	0	0	0	0.92736927732971	0	0	0	0	0	0	0	0	0	0	0	0	0	0	0	0	0	0	0	0	0	0	0	0	0	0	0	0	0	0	0	0	0	0	0	0	0	0	0	0	0	0	0	0	0	0	0	0	0	0	0	0	0	0	0	0	0	0	0	0	0	0
0	0	0	0	0	0	0.763828100033145	0	0	0	0	0	0	0	0	0	0	0	0	0	0	0	0	0	0	0	0	0	0	0.981227076115752	0	0	0	0	0	0	0	0	0	0.838465432621162	0	0	0.791778698187484	0	0	0	0	0	0	0	0	0	0	0	0	0	0	0	0	0	0	0	0	0	0	0	0	0	0	0	0	0	0	0	0	0	0	0	0	0	0	0	0	0	0	0	0	0	0	0
0	0	0	0	0	0.962320305514606	0	0	0.509506048383204	0	0	0	0	0	0	0.611079375387934	0	0.519021808020588	0	0	0	0	0	0	0	0	0	0	0	0	0	0	0	0	0	0	0.844041130467051	0	0	0.922983244810221	0	0	0	0	0	0	0	0	0	0	0	0	0	0	0	0	0	0	0	0	0	0	0	0	0	0	0	0	0	0	0	0	0	0	0	0	0	0	0	0	0	0	0	0	0	0	0	0	0	0
0	0	0	0	0.75064838941855	0	0	0	0	0	0	0.849580577511498	0	0	0	0	0	0	0	0	0	0	0.557275475112043	0	0	0	0	0	0	0	0	0	0.735718101230233	0	0	0	0	0	0	0	0	0	0	0	0	0	0	0	0	0	0	0	0	0	0	0	0	0	0	0	0	0	0	0	0	0	0	0	0	0	0	0	0	0	0	0	0	0	0	0	0	0	0	0	0	0	0	0	0	0
0	0	0	0	0.710654714487019	0	0.745131519585765	0	0	0	0.55353016230257	0	0	0	0	0	0	0	0	0.919487941099456	0	0	0	0	0	0.633763536978987	0	0	0	0	0	0.949778966397411	0	0	0	0	0	0	0	0	0	0	0	0	0.886186713991362	0	0	0	0	0	0	0	0	0	0	0	0	0	0	0	0	0	0	0	0	0	0	0	0	0	0	0	0	0	0	0	0	0	0	0	0	0	0	0	0	0	0	0	0	0
0	0	0	0	0	0	0	0	0	0	0	0.889961064344919	0	0.883515876847827	0	0	0	0	0	0	0	0	0	0	0	0	0.870264723307889	0	0	0	0.879559380615339	0	0	0	0	0	0	0	0	0	0	0	0	0.945720366413095	0	0	0	0	0	0	0	0	0	0	0	0	0	0	0	0	0	0	0	0	0	0	0	0	0	0	0	0	0	0	0	0	0	0	0	0	0	0	0	0	0	0	0	0	0	0
0	0	0	0	0	0	0	0	0.664926493251666	0	0	0	0	0	0	0	0	0	0	0	0	0	0	0	0.602598540292705	0	0	0	0	0	0	0	0	0	0	0	0.73369940211061	0	0.868607289975401	0	0	0	0	0	0.935040561509433	0	0	0	0	0	0	0	0	0	0	0	0	0	0	0	0	0	0	0	0	0	0	0	0	0	0	0	0	0	0	0	0	0	0	0	0	0	0	0	0	0	0	0	0	0
0.934340326757244	0	0	0	0	0	0	0.855135667366831	0	0.58507199808053	0	0	0.9210283578577	0.856419717807212	0	0	0	0	0	0	0	0	0	0.628639301968367	0	0	0	0	0	0	0	0	0	0	0	0	0	0	0	0	0	0	0	0	0	0	0	0	0	0	0	0	0	0	0	0	0	0	0	0	0	0	0	0	0	0	0	0	0	0	0	0	0	0	0	0	0	0	0	0	0	0	0	0	0	0	0	0	0	0
0	0	0	0	0	0	0	0	0	0	0	0.969921035425841	0	0	0.858727080707399	0	0	0	0	0	0	0	0	0	0	0	0	0	0	0	0	0	0	0	0.866114039602371	0.842985413396278	0	0	0	0	0	0	0	0	0	0	0	0	0	0	0	0	0	0	0	0	0	0	0	0	0	0	0	0	0	0	0	0	0	0	0	0	0	0	0	0	0	0	0	0	0	0	0	0	0	0	0	0	0	0
0.830878961651556	0	0	0	0	0	0	0	0	0.754260152551607	0	0.906282750332544	0	0	0	0	0	0	0	0	0	0	0	0	0	0	0	0	0	0	0	0	0	0	0	0.942455686058833	0	0.974928282611123	0	0	0	0	0.874445879313093	0	0	0	0	0	0	0	0	0	0	0	0	0	0	0	0	0	0	0	0	0	0	0	0	0	0	0	0	0	0	0	0	0	0	0	0	0	0	0	0	0	0	0	0	0	0	0
0	0	0	0.949105559019881	0	0	0	0	0	0	0	0	0.657680229890873	0	0	0	0.559191341235675	0	0	0.778771994184246	0	0	0	0	0	0	0	0	0	0	0	0	0	0	0	0.910360045619779	0	0	0.679629591060471	0	0	0	0	0	0	0	0	0	0	0	0	0	0	0	0	0	0	0	0	0	0	0	0	0	0	0	0	0	0	0	0	0	0	0	0	0	0	0	0	0	0	0	0	0	0	0	0	0	0	0
0	0	0	0	0	0	0.699558938570234	0	0	0	0	0	0	0	0	0	0.57314252009901	0	0	0	0	0	0	0	0.836669477277844	0	0	0	0	0	0	0	0	0.676285368383884	0.918295690214149	0	0	0	0	0	0	0	0	0	0	0	0	0	0	0	0	0	0	0	0	0	0	0	0	0	0	0	0	0	0	0	0	0	0	0	0	0	0	0	0	0	0	0	0	0	0	0	0	0	0	0	0	0	0	0
0	0.962238575020985	0.853636239831556	0	0	0	0	0	0	0	0	0	0	0	0.579056591234658	0.828620562582817	0	0.818116259023053	0	0	0	0	0	0	0	0	0	0	0	0	0	0	0	0.60086954833302	0.6808074527383	0	0	0	0	0	0.78274845163523	0	0	0.512977288437658	0	0	0	0	0	0	0	0	0	0	0	0	0	0	0	0	0	0	0	0	0	0	0	0	0	0	0	0	0	0	0	0	0	0	0	0	0	0	0	0	0	0	0	0	0	0
0	0	0	0	0	0	0.553600621309308	0	0	0	0	0	0	0	0	0	0.573924290649151	0	0	0	0.518800159743428	0	0	0	0	0	0.589303380448646	0	0	0	0	0.519857618893542	0	0	0	0	0	0	0	0.648042551402281	0	0	0	0	0.894529367338831	0	0	0	0	0	0	0	0	0	0	0	0	0	0	0	0	0	0	0	0	0	0	0	0	0	0	0	0	0	0	0	0	0	0	0	0	0	0	0	0	0	0	0	0	0
0	0	0	0	0.800784749619523	0	0	0	0	0	0	0	0	0	0	0	0	0	0	0.887545998089012	0	0.580976506525505	0	0	0	0	0	0	0	0	0	0	0	0	0	0.824072478798712	0	0	0.86791764109504	0	0	0	0	0	0	0	0	0	0	0	0	0	0	0	0	0	0	0	0	0	0	0	0	0	0	0	0	0	0	0	0	0	0	0	0	0	0	0	0	0	0	0	0	0	0	0	0	0	0	0
0	0.956326174177079	0	0	0.593436769768319	0	0	0	0.503530382153157	0	0	0	0	0	0.741485933602492	0	0	0	0.775984573585843	0	0	0	0	0	0	0	0	0	0	0	0	0	0.995405326947294	0	0	0	0	0.572863137474991	0	0	0	0	0.681362648406569	0	0	0	0	0	0	0	0	0	0	0	0	0	0	0	0	0	0	0	0	0	0	0	0	0	0	0	0	0	0	0	0	0	0	0	0	0	0	0	0	0	0	0	0	0	0	0
0	0	0	0	0	0	0	0	0	0	0	0	0	0	0	0	0	0.962676445830397	0	0	0	0	0	0	0	0	0	0	0.690340532157629	0.862732474296574	0	0.624329533283741	0	0	0	0	0	0	0	0	0	0	0.828924762210274	0	0	0	0	0	0	0	0	0	0	0	0	0	0	0	0	0	0	0	0	0	0	0	0	0	0	0	0	0	0	0	0	0	0	0	0	0	0	0	0	0	0	0	0	0	0	0
0	0	0	0.801976948136638	0	0	0	0	0	0	0	0	0	0	0	0	0	0	0.602781165881431	0	0	0	0.537838968288436	0	0.596350002371472	0	0	0.609619899985529	0	0	0.617704673194089	0	0.520206861231571	0	0	0	0	0	0	0	0	0.918869618464001	0	0	0	0	0	0	0	0	0	0	0	0	0	0	0	0	0	0	0	0	0	0	0	0	0	0	0	0	0	0	0	0	0	0	0	0	0	0	0	0	0	0	0	0	0	0	0	0
0.641037812416161	0	0	0.71793900720245	0	0	0	0.581104045941768	0	0	0	0	0	0	0	0	0	0	0	0	0	0.72918572045872	0	0	0	0	0	0	0	0	0	0	0	0	0.540771197460726	0	0.826697699426206	0.585076313006023	0	0	0	0	0	0	0.616745522573498	0	0	0	0	0	0	0	0	0	0	0	0	0	0	0	0	0	0	0	0	0	0	0	0	0	0	0	0	0	0	0	0	0	0	0	0	0	0	0	0	0	0	0	0	0
0	0	0.670656688869166	0	0	0	0	0	0	0	0	0.707175459108005	0	0	0	0	0	0	0	0	0	0	0	0	0	0.811917945038989	0.645081027137764	0	0	0	0	0	0	0	0	0	0	0	0	0	0	0	0	0.752184282446649	0	0	0	0	0	0	0	0	0	0	0	0	0	0	0	0	0	0	0	0	0	0	0	0	0	0	0	0	0	0	0	0	0	0	0	0	0	0	0	0	0	0	0	0	0	0
0	0.545880777260008	0	0	0	0	0	0	0	0	0.664959870074866	0	0	0	0	0.707634971406613	0	0	0	0	0	0.814650556064529	0	0	0	0.913401736036776	0	0.904477352314312	0	0	0	0	0	0	0	0.72423349763271	0	0	0	0	0.587912230718268	0	0	0	0	0	0	0	0	0	0	0	0	0	0	0	0	0	0	0	0	0	0	0	0	0	0	0	0	0	0	0	0	0	0	0	0	0	0	0	0	0	0	0	0	0	0	0	0	0
0	0	0	0	0	0	0	0	0.576422087693977	0	0	0	0	0	0	0	0	0	0	0	0	0	0	0.964237650499926	0.854284083589741	0	0	0	0	0	0	0	0.57426028459517	0	0	0	0	0	0	0.593705737806272	0	0	0	0	0	0	0	0	0	0	0	0	0	0	0	0	0	0	0	0	0	0	0	0	0	0	0	0	0	0	0	0	0	0	0	0	0	0	0	0	0	0	0	0	0	0	0	0	0	0
0	0	0	0	0	0	0	0	0	0.685367599240969	0	0	0	0	0	0	0	0.757493463143124	0	0	0	0	0	0.776427837518038	0	0	0	0	0	0.66349162215525	0	0	0.665272370894332	0	0	0	0	0.532960517908407	0	0	0	0	0.844364079222239	0	0	0	0	0	0	0	0	0	0	0	0	0	0	0	0	0	0	0	0	0	0	0	0	0	0	0	0	0	0	0	0	0	0	0	0	0	0	0	0	0	0	0	0	0	0	0
0	0	0	0	0.573861298826719	0	0	0	0	0	0	0	0	0	0	0	0	0	0	0	0	0.80741667859192	0	0	0.657376081433833	0	0	0	0	0.906320189235107	0	0	0	0.627009350021116	0	0	0	0	0	0	0	0	0	0	0	0	0	0	0	0	0	0	0	0	0	0	0	0	0	0	0	0	0	0	0	0	0	0	0	0	0	0	0	0	0	0	0	0	0	0	0	0	0	0	0	0	0	0	0	0
0	0	0	0	0	0	0	0	0	0	0	0	0	0	0	0	0	0	0	0	0.577463112130935	0	0	0	0	0	0	0	0	0	0.968922906686539	0.997875256823426	0	0	0	0.55689305304767	0	0	0.554007975685992	0	0	0	0.582160373872018	0	0	0	0	0	0	0	0	0	0	0	0	0	0	0	0	0	0	0	0	0	0	0	0	0	0	0	0	0	0	0	0	0	0	0	0	0	0	0	0	0	0	0	0	0	0	0
0	0	0	0	0	0.771795783583789	0	0	0	0	0	0	0	0	0	0	0	0	0	0	0.534592362294954	0	0	0	0	0	0.611761487763787	0.885099634964831	0	0	0	0	0	0	0	0	0	0	0	0	0	0	0	0	0	0	0	0	0	0	0	0	0	0	0	0	0	0	0	0	0	0	0	0	0	0	0	0	0	0	0	0	0	0	0	0	0	0	0	0	0	0	0	0	0	0	0	0	0	0
0	0	0	0	0	0	0	0	0	0.686548852533356	0	0	0	0	0	0	0	0	0	0	0	0.556647696975852	0	0	0	0	0	0	0.506878565073854	0	0	0	0	0.535408896877582	0	0	0	0	0	0	0	0	0	0	0	0	0	0	0	0	0	0	0	0	0	0	0	0	0	0	0	0	0	0	0	0	0	0	0	0	0	0	0	0	0	0	0	0	0	0	0	0	0	0	0	0	0	0	0	0
0	0	0	0	0	0	0	0	0.809858317095117	0	0	0	0	0	0	0	0	0.721122912722265	0	0	0.522298385037809	0	0	0	0	0	0	0	0.961147128770577	0	0	0	0	0	0	0	0	0	0.560497115145148	0	0	0	0.820680011489386	0	0	0	0	0	0	0	0	0	0	0	0	0	0	0	0	0	0	0	0	0	0	0	0	0	0	0	0	0	0	0	0	0	0	0	0	0	0	0	0	0	0	0	0	0	0	0
0.998693348387226	0	0	0	0	0	0	0.750184824201839	0	0	0	0	0	0	0	0	0	0	0	0.740023418432678	0	0.673018419008416	0	0	0	0.956586878336327	0.56430768118952	0	0	0	0	0	0	0	0	0	0	0	0	0	0	0	0	0	0	0	0	0	0	0	0	0	0	0	0	0	0	0	0	0	0	0	0	0	0	0	0	0	0	0	0	0	0	0	0	0	0	0	0	0	0	0	0	0	0	0	0	0	0	0
0	0	0	0	0	0	0	0	0	0	0	0	0	0	0	0.744382361199692	0.885643584107818	0	0	0	0	0	0	0	0	0	0	0.590947450579493	0	0	0.81063875861441	0	0	0	0.768204391590137	0	0	0	0	0.944168270746271	0	0	0	0	0	0	0	0	0	0	0	0	0	0	0	0	0	0	0	0	0	0	0	0	0	0	0	0	0	0	0	0	0	0	0	0	0	0	0	0	0	0	0	0	0	0	0	0	0	0
0	0	0	0	0	0	0	0	0	0	0	0	0.770347095904914	0	0	0.597812369920759	0.968689872411264	0	0	0	0	0	0.612724445968167	0	0	0	0	0	0	0	0	0	0	0.943338481248474	0	0	0	0	0.80314044487047	0	0	0	0	0	0	0	0	0	0	0	0	0	0	0	0	0	0	0	0	0	0	0	0	0	0	0	0	0	0	0	0	0	0	0	0	0	0	0	0	0	0	0	0	0	0	0	0	0	0	0
0	0	0	0	0	0	0	0	0	0	0	0	0.565550001437201	0.877175642621059	0.932260893586404	0	0	0	0.725009843204424	0	0	0	0	0	0.696015891744436	0	0	0	0.983143364975082	0	0	0	0	0	0	0	0	0	0	0	0	0	0	0	0	0	0	0	0	0	0	0	0	0	0	0	0	0	0	0	0	0	0	0	0	0	0	0	0	0	0	0	0	0	0	0	0	0	0	0	0	0	0	0	0	0	0	0	0	0
0	0	0	0	0	0	0.523258202177033	0	0	0	0.741150849654923	0	0	0	0	0	0	0	0	0	0	0	0.629383349755727	0	0	0	0	0	0	0	0	0	0	0	0	0	0	0	0	0.600103513109559	0	0	0	0	0	0	0	0	0	0	0	0	0	0	0	0	0	0	0	0	0	0	0	0	0	0	0	0	0	0	0	0	0	0	0	0	0	0	0	0	0	0	0	0	0	0	0	0	0	0
0	0	0	0	0	0	0	0	0	0	0	0	0	0.906947318691736	0	0	0	0	0	0.851529021109684	0	0	0.665103797188265	0	0	0	0.92794264901284	0	0	0	0	0	0	0	0	0	0	0	0	0	0.989918525608344	0	0	0	0.53283657468351	0	0	0	0	0	0	0	0	0	0	0	0	0	0	0	0	0	0	0	0	0	0	0	0	0	0	0	0	0	0	0	0	0	0	0	0	0	0	0	0	0	0	0	0	0
0	0	0	0.802446604414887	0	0	0	0	0	0	0.681511820587396	0	0	0	0.561649414901235	0	0	0	0.924568854913901	0	0	0	0	0	0	0	0	0	0.701948543100231	0	0	0.692584788564584	0	0	0.938974551640534	0	0	0	0	0	0	0	0	0	0	0	0	0	0	0	0	0	0	0	0	0	0	0	0	0	0	0	0	0	0	0	0	0	0	0	0	0	0	0	0	0	0	0	0	0	0	0	0	0	0	0	0	0	0	0
0	0.831378322819389	0	0	0	0.709921307699103	0.605576100563512	0	0	0	0	0	0	0	0	0	0	0.607586831139281	0	0	0	0	0	0	0	0.613403855258104	0	0	0	0	0	0	0	0.705750045657757	0	0	0.616599255888831	0	0	0	0	0	0	0	0	0	0	0	0	0	0	0	0	0	0	0	0	0	0	0	0	0	0	0	0	0	0	0	0	0	0	0	0	0	0	0	0	0	0	0	0	0	0	0	0	0	0	0	0	0
0	0	0	0.966465204422208	0	0	0	0	0	0	0	0	0	0	0	0	0.795344051145177	0	0	0	0	0	0	0	0.644740850015254	0	0	0	0	0	0	0	0	0	0	0	0	0.951033306487599	0	0	0	0	0.682104465320032	0.969137441819486	0	0	0	0	0	0	0	0	0	0	0	0	0	0	0	0	0	0	0	0	0	0	0	0	0	0	0	0	0	0	0	0	0	0	0	0	0	0	0	0	0	0	0	0	0	0
0	0	0	0	0	0	0	0	0	0	0	0	0	0	0	0	0	0	0	0	0	0.907512844564848	0	0	0	0	0	0	0	0	0	0	0	0	0	0	0	0	0	0	0	0	0.931519516587454	0.529204312974426	0.548256136194813	0	0	0	0	0	0	0	0	0	0	0	0	0	0	0	0	0	0	0	0	0	0	0	0	0	0	0	0	0	0	0	0	0	0	0	0	0	0	0	0	0	0	0	0	0
0	0	0	0	0	0.639332581148062	0	0	0	0	0	0	0	0.876696412614446	0	0	0	0	0	0.609427849113141	0.826014926880589	0	0	0	0	0	0.794906083326991	0	0.921011238157298	0	0	0.848387176446145	0	0	0	0	0	0	0	0	0.972495195016674	0.903610204927338	0	0	0.567349270934765	0	0	0	0	0	0	0	0	0	0	0	0	0	0	0	0	0	0	0	0	0	0	0	0	0	0	0	0	0	0	0	0	0	0	0	0	0	0	0	0	0	0	0	0	0
0.588296968424277	0	0.517787697908898	0	0	0	0	0	0	0.905382227223097	0	0	0	0	0	0	0.758922311166399	0	0	0	0	0	0	0.664143772025774	0	0	0	0	0	0	0	0	0	0	0	0	0	0	0	0	0.540678698093151	0.812092470559966	0	0	0	0	0	0	0	0	0	0	0	0	0	0	0	0	0	0	0	0	0	0	0	0	0	0	0	0	0	0	0	0	0	0	0	0	0	0	0	0	0	0	0	0	0	0	0	0
0	0	0	0	0	0	0	0	0.77730009472412	0	0.985030386284211	0	0	0	0	0	0	0.923309616627862	0	0	0	0	0.624482399686318	0	0	0	0	0	0	0	0	0	0	0	0	0	0	0.521790454320983	0	0	0	0.619881198758617	0.629440468858019	0	0	0	0	0	0	0	0	0	0	0	0	0	0	0	0	0	0	0	0	0	0	0	0	0	0	0	0	0	0	0	0	0	0	0	0	0	0	0	0	0	0	0	0	0	0	0
0	0	0	0	0	0	0	0	0	0	0	0	0	0	0	0	0	0	0	0	0	0	0	0	0	0	0	0	0	0	0	0	0	0	0	0	0	0	0	0	0	0	0	0	0	0	0.83881024255045	0.50245940736441	0.951956402954822	0.523494184879852	0.842895950518747	0.815070875699123	0.893475671039795	0	0	0	0	0	0	0	0	0	0	0	0	0	0	0	0	0	0	0	0	0	0	0	0	0	0	0	0	0	0	0.958345940538774	0.788976794506006	0.626095272238646	0.695657918732006	0.680124363271192	0.500158652821433	0.710211728328577
0	0	0	0	0	0	0	0	0	0	0	0	0	0	0	0	0	0	0	0	0	0	0	0	0	0	0	0	0	0	0	0	0	0	0	0	0	0	0	0	0	0	0	0	0	0.738144450199546	0	0.528796005550219	0.781276673944721	0.863207465288977	0.55333809666009	0.776327097379635	0.782290321603065	0.578892920805268	0	0	0	0	0	0	0	0	0	0	0	0	0	0	0	0	0	0	0	0	0	0	0	0	0	0	0	0	0	0	0.939916951284585	0.524511273847637	0.690986621208485	0.656409498920543	0.681105557813807	0.999683473401788
0	0	0	0	0	0	0	0	0	0	0	0	0	0	0	0	0	0	0	0	0	0	0	0	0	0	0	0	0	0	0	0	0	0	0	0	0	0	0	0	0	0	0	0	0	0.871533694278936	0.794424371231873	0	0.988456904934624	0.698110820952669	0.539156737320878	0.795713844956659	0.897913338775817	0.539991359603316	0.572102978075232	0	0	0	0.530470619791201	0	0	0	0	0	0	0	0	0	0	0	0	0	0	0	0	0	0	0	0	0	0	0	0	0	0	0.935571418788341	0.585187524294252	0.658695362277343	0.967019895020782	0.880443791092976
0	0	0	0	0	0	0	0	0	0	0	0	0	0	0	0	0	0	0	0	0	0	0	0	0	0	0	0	0	0	0	0	0	0	0	0	0	0	0	0	0	0	0	0	0	0.628943919195058	0.868595952219985	0.617495925226033	0	0.539559805151303	0.781288939723163	0.807308091019285	0.798115745320614	0.721552825272959	0.638769322377074	0.716972223399737	0	0	0	0	0	0	0	0	0	0	0	0	0	0	0	0	0	0	0	0	0	0	0	0	0	0	0	0	0	0	0.959770810235962	0.905993260274983	0.997300070281866	0.940943576575769
0	0	0	0	0	0	0	0	0	0	0	0	0	0	0	0	0	0	0	0	0	0	0	0	0	0	0	0	0	0	0	0	0	0	0	0	0	0	0	0	0	0	0	0	0	0.941811784869033	0.549011369126885	0.676511152221701	0.710636407648463	0	0.745734971581909	0.652394326748394	0.965911744559445	0.913550239886626	0.811868602963276	0.757942891620306	0.658263135332124	0	0	0	0	0	0	0	0	0	0	0	0	0	0	0	0	0	0	0	0	0	0	0	0	0	0.661473292119105	0	0	0	0	0.747957359120617	0.941734881767576	0.929675216090001
0	0	0	0	0	0	0	0	0	0	0	0	0	0	0	0	0	0	0	0	0	0	0	0	0	0	0	0	0	0	0	0	0	0	0	0	0	0	0	0	0	0	0	0	0	0.914791943540268	0.815209496902344	0.727683030799919	0.529049989952389	0.835393693443469	0	0	0.97457642793759	0.518816894232669	0.889749795724926	0.983012379316472	0.77724729617106	0.500462377566102	0	0	0	0	0	0	0	0	0	0	0	0	0	0	0	0	0	0	0	0	0	0	0.956268339614342	0	0	0	0	0	0	0	0.991860444730303	0.625399299344365
0	0	0	0	0	0	0	0	0	0	0	0	0	0	0	0	0	0	0	0	0	0	0	0	0	0	0	0	0	0	0	0	0	0	0	0	0	0	0	0	0	0	0	0	0	0.793255499676928	0.548980709946917	0.508035031990426	0.743682181061418	0.769341064461931	0	0	0.930652492124341	0.564686016600138	0.820417469800651	0.916129009522729	0.877102414159128	0.928301566979169	0.61295369537254	0	0	0	0	0	0	0	0	0	0	0	0	0	0	0	0	0	0	0	0	0	0	0	0	0	0	0	0	0	0	0.989921102238847
0	0	0	0	0	0	0	0	0	0	0	0	0	0	0	0	0	0	0	0	0	0	0	0	0	0	0	0	0	0	0	0	0	0	0	0	0	0	0	0	0	0	0	0	0	0.558913751509236	0.96594984449829	0.670268634480099	0.886818219027669	0.896285663660321	0.592310794516642	0.527269656481918	0	0.540213591185165	0.596319133651089	0.706994924527403	0.549838442321461	0.664314518272983	0.61594248513329	0.970516660920813	0	0	0	0	0	0	0	0	0	0	0	0	0	0	0	0	0	0	0	0	0	0	0	0	0	0	0	0	0	0
0	0	0	0	0	0	0	0	0	0	0	0	0	0	0	0	0	0	0	0	0	0	0	0	0	0	0	0	0	0	0	0	0	0	0	0	0	0	0	0	0	0	0	0	0	0	0.733733467907194	0.663212350449127	0.92295987229067	0.616243641176321	0.857809181713014	0.874742761744135	0.590955832175935	0	0.555118912139622	0.804961910148977	0.732328659667478	0.534296785983464	0.839421970375343	0.518534033387651	0.734477315286718	0	0	0	0	0	0	0	0	0	0	0	0	0	0	0	0	0	0	0	0	0	0	0	0	0	0	0	0	0
0	0	0	0	0	0	0	0	0	0	0	0	0	0	0	0	0	0	0	0	0	0	0	0	0	0	0	0	0	0	0	0	0	0	0	0	0	0	0	0	0	0	0	0	0	0	0	0.900376665558317	0.673045823654717	0.883354860741888	0.712849365242116	0.8755099562122	0.913254934625987	0.8569503488332	0	0.952048130857675	0.706414438179774	0.656614071266285	0.707169924967217	0.892394232712048	0.875718645768281	0.648113766436649	0	0	0	0	0	0	0	0	0	0	0	0	0	0	0	0	0	0	0	0	0	0	0	0	0	0	0	0
0	0	0	0	0	0	0	0	0	0	0	0	0	0	0	0	0	0	0	0	0	0	0	0	0	0	0	0	0	0	0	0	0	0	0	0	0	0	0	0	0	0	0	0	0	0	0	0	0.913356046765167	0.523371739312651	0.598268074504978	0.905273536440307	0.973639311543315	0.86616825761385	0.866517153728084	0	0.849940879110671	0.947247550143975	0.931757863138443	0.651748832369663	0.572718635734297	0.643751133207585	0.81090848537314	0	0	0	0	0	0	0	0	0	0	0	0	0	0	0	0	0	0	0	0	0	0	0	0	0	0	0
0	0	0	0	0	0	0	0	0	0	0	0	0	0	0	0	0	0	0	0	0	0	0	0	0	0	0	0	0	0	0	0	0	0	0	0	0	0	0	0	0	0	0	0	0	0	0	0	0	0.579638745141939	0.827126097182669	0.779821757446314	0.971918977668576	0.582256903250585	0.769329610603473	0.569388712417546	0	0.650209617030071	0.967666818760805	0.703395389882835	0.843228724127698	0.906630546364809	0.645248009996231	0.642684886838385	0	0	0	0	0	0	0	0	0	0	0	0	0	0	0	0	0	0	0	0	0	0	0	0	0	0
0	0	0	0	0	0	0	0	0	0	0	0	0	0	0	0	0	0	0	0	0	0	0	0	0	0	0	0	0	0	0	0	0	0	0	0	0	0	0	0	0	0	0	0	0	0	0	0	0	0	0.897774337308467	0.82031226647638	0.889037310591345	0.785181112270904	0.542075084032018	0.728067139981611	0.610324447600141	0	0.635315650246778	0.686636541853819	0.610206105139184	0.961368415438619	0.766008615649681	0.901246618698375	0.865894886797696	0	0	0	0	0	0	0	0	0.640278371367595	0	0	0	0	0	0	0	0	0	0	0	0	0	0	0	0
0	0	0	0	0	0	0	0	0	0	0	0	0	0	0	0	0	0	0	0	0	0	0	0	0	0	0	0	0	0	0	0	0	0	0	0	0	0	0	0	0	0	0	0	0	0	0	0.648261193761513	0	0	0	0.608295527837562	0.813936872136923	0.725926589627536	0.503805164638203	0.792242325066964	0.784486752796046	0.698815491126564	0	0.942360110054484	0.774922363766319	0.815319388953274	0.892632151668922	0.819717901726483	0.862972733255364	0	0	0	0	0	0	0	0	0	0	0	0	0	0	0	0	0	0	0	0	0	0	0	0	0
0	0	0	0	0	0	0	0	0	0	0	0	0	0	0	0	0	0	0	0	0	0	0	0	0	0	0	0	0	0	0	0	0	0	0	0	0	0	0	0	0	0	0	0	0	0	0	0	0	0	0	0	0.514889022083111	0.730450437886078	0.983398782549982	0.931748829878653	0.925205688101994	0.624240344362216	0.62854805162823	0	0.503222721635196	0.999399260290971	0.860615822499942	0.592019332474947	0.579964812314985	0.977180233710141	0.74716793402988	0	0	0	0	0	0	0	0	0	0	0	0	0	0	0	0	0	0	0	0	0	0	0
0	0	0	0	0	0	0	0	0	0	0	0	0	0	0	0	0	0	0	0	0	0	0	0	0	0	0	0	0	0	0	0	0	0	0	0	0	0	0	0	0	0	0	0	0	0	0	0	0	0	0	0	0	0.893117399128191	0.701767101769539	0.641737503118246	0.874435273344516	0.711020322723036	0.655631255919877	0.725281608143296	0	0.696190490393318	0.503633414207758	0.813732307755053	0.788215019990886	0.512952021334074	0.896952479838643	0.617986829729352	0	0	0	0	0	0	0	0	0	0	0	0	0	0	0	0	0	0	0	0	0	0
0	0	0	0	0	0	0	0	0	0	0	0	0	0	0	0	0	0	0	0	0	0	0	0	0	0	0	0	0	0	0	0	0	0	0	0	0	0	0	0	0	0	0	0	0	0	0	0	0	0	0	0	0	0	0.724292452387716	0.820785850750678	0.637735244139838	0.505293676814927	0.697182779131276	0.7623887463666	0.619231451099491	0	0.981713084268321	0.934664536497323	0.704548031662526	0.636204280758925	0.585021080706281	0.762621742175983	0.822924327884572	0	0	0	0	0	0	0	0	0	0	0	0	0	0	0	0	0	0	0	0	0
0	0	0	0	0	0	0	0	0	0	0	0	0	0	0	0	0	0	0	0	0	0	0	0	0	0	0	0	0	0	0	0	0	0	0	0	0	0	0	0	0	0	0	0	0	0	0	0	0	0	0	0	0	0	0	0.952331796084382	0.718263638038682	0.968588448032324	0.928789785956787	0.934820003828795	0.70318783031576	0.702526299533811	0	0.654765115725565	0.692086340186753	0.900142255315754	0.717805432733494	0.703606180769874	0.793438803032528	0.99955703381721	0	0	0	0	0	0	0	0	0	0	0	0	0	0	0	0	0	0	0	0
0	0	0	0	0	0	0	0	0	0	0	0	0	0	0	0	0	0	0	0	0	0	0	0	0	0	0	0	0	0	0	0	0	0	0	0	0	0	0	0	0	0	0	0	0	0	0	0	0	0	0	0	0	0	0	0	0.890678802683565	0.862193292896402	0.56938713512824	0.891306749826825	0.670946619866253	0.973970965915713	0.701186284814489	0	0.507865945739532	0.739392843930589	0.603244879375463	0.659448967986667	0.71712794249753	0.757230192753588	0.815357557764453	0	0	0	0	0	0	0	0	0	0	0	0	0	0	0	0	0	0	0
0	0	0	0	0	0	0	0	0	0	0	0	0	0	0	0	0	0	0	0	0	0	0	0	0	0	0	0	0	0	0	0	0	0	0	0	0	0	0	0	0	0	0	0	0	0	0	0	0	0	0	0	0	0	0	0	0	0.674787694887157	0.642352435640505	0.597106474340219	0.674338975225002	0.740875446062171	0.896753571947325	0.981243813728846	0	0.866181166227694	0.859761830168362	0.600371457257163	0.520298493202626	0.573220723346889	0.963994142904228	0.945583257221686	0	0	0	0	0	0	0	0	0	0	0	0	0	0	0	0	0	0
0	0	0	0	0	0	0	0	0	0	0	0	0	0	0	0	0	0	0	0	0	0	0	0	0	0	0	0	0	0	0	0	0	0	0	0	0	0	0	0	0	0	0	0	0	0	0	0	0	0	0	0	0	0	0	0	0	0	0	0.679672249701267	0.956395394973413	0.863266031990431	0.981977133429206	0.72783478495463	0.855021866753972	0	0.825147349438447	0.919906710009005	0.691887153667827	0.960507839425853	0.519665251803185	0.543756316562632	0.761922932474619	0	0	0	0	0	0	0	0	0	0	0	0	0	0	0	0	0
0	0	0	0	0	0	0	0	0	0	0	0	0	0	0	0	0	0	0	0	0	0	0	0	0	0	0	0	0	0	0	0	0	0	0	0	0	0	0	0	0	0	0	0	0	0	0	0	0	0	0	0	0	0	0	0	0	0	0	0.795332343734501	0.860319050539003	0.570947937582484	0.610697311819368	0.919893320031076	0.744495014563313	0.712072037374661	0	0.575292984916933	0.606299845520624	0.664368569146783	0.727191728804642	0.810471085286732	0.583815746164349	0.738552776695347	0	0	0	0	0	0	0	0	0	0	0	0	0	0	0	0
0	0	0	0	0	0	0	0	0	0	0	0	0	0	0	0	0	0	0	0	0	0	0	0	0	0	0	0	0	0	0	0	0	0	0	0	0	0	0	0	0	0	0	0	0	0	0	0	0	0	0	0	0	0	0	0	0	0	0	0	0.556258630712531	0.799446245052247	0.68688515072218	0.748337554848644	0.510646193267034	0.828456200802174	0.709461716013377	0	0.652811913662989	0.837529632486414	0.90604452240692	0.88726607130905	0.747511287120013	0.596922647474585	0.807781439628778	0	0	0	0	0	0	0	0	0	0	0	0	0	0	0
0	0	0	0	0	0	0	0	0	0	0	0	0	0	0	0	0	0	0	0	0	0	0	0	0	0	0	0	0	0	0	0	0	0	0	0	0	0	0	0	0	0	0	0	0	0	0	0	0	0	0	0	0	0	0	0	0	0	0	0	0	0.569135003772032	0.965640257995011	0.754766021787181	0.758950402044857	0.907994933636522	0.642646706261615	0.939440310676558	0	0.703971727992926	0.616819314120159	0.622936918788354	0.861497977332327	0.556691810923146	0.84729630474529	0.894175872226585	0	0	0	0	0	0	0	0	0	0	0	0	0	0
0	0	0	0	0	0	0	0	0	0	0	0	0	0	0	0	0	0	0	0	0	0	0	0	0	0	0	0	0	0	0	0	0	0	0	0	0	0	0	0	0	0	0	0	0	0	0	0	0	0	0	0	0	0	0	0	0	0	0	0	0	0	0.734959946761545	0.910247228853705	0.616505337267525	0.715242037177889	0.766873953239701	0.988289653608745	0.97631387452198	0	0.919926138840973	0.821512191316683	0.518663376212537	0.866439996426002	0.785413706413001	0.674805622087602	0.855163107727202	0	0	0	0	0	0	0	0	0	0	0	0	0
0	0	0	0	0	0	0	0	0	0	0	0	0	0	0	0	0	0	0	0	0	0	0	0	0	0	0	0	0	0	0	0	0	0	0	0	0	0	0	0	0	0	0	0	0	0	0	0	0	0	0	0	0	0	0	0	0	0	0	0	0	0	0	0.80591400770129	0.997301013406801	0.548688664625627	0.654812600184208	0.683588521438138	0.647020056696363	0.531034568571254	0	0.522490920893265	0.51878510171617	0.990967989812351	0.951301078757499	0.67951811690654	0.931868081786997	0.814123207425089	0	0	0	0	0	0	0	0	0	0	0	0
0	0	0	0	0	0	0	0	0	0	0	0	0	0	0	0	0	0	0	0	0	0	0	0	0	0	0	0	0	0	0	0	0	0	0	0	0	0	0	0	0	0	0	0	0	0	0	0	0	0	0	0	0	0	0	0	0	0	0	0	0	0	0	0	0.826167675109206	0.797610384852885	0.876428058882585	0.923865917820562	0.861785597182969	0.75668438413971	0.714612040071134	0	0.549357643518489	0.783146579908647	0.739284895279901	0.848073012444149	0.892262038469134	0.944839511273291	0.945555143635781	0	0	0	0	0	0	0	0	0	0	0
0	0	0	0	0	0	0	0	0	0	0	0	0	0	0	0	0	0	0	0	0	0	0	0	0	0	0	0	0	0	0	0	0	0	0	0	0	0	0	0	0	0	0	0	0	0	0	0	0	0	0	0	0	0	0	0	0	0	0	0	0	0	0	0	0	0.68691458860447	0.819412579612734	0.944245216302993	0.720866287383883	0.837314082016334	0.768727741068467	0.5640764039252	0	0.776715108007922	0.69867478631677	0.708860127170951	0.735286304377191	0.595596633763138	0.505692722525269	0.836863562182293	0	0	0	0	0	0	0	0	0	0
0	0	0	0	0	0	0	0	0	0	0	0	0	0	0	0	0	0	0	0	0	0	0	0	0	0	0	0	0	0	0	0	0	0	0	0	0	0	0	0	0	0	0	0	0	0	0	0	0	0	0	0	0	0	0	0	0	0.685253192234394	0	0	0	0	0	0	0	0	0.83086494366838	0.569643287391144	0.940977353141939	0.824714861638065	0.714099588992547	0.686305197251276	0.966217811735349	0	0.675891020807054	0	0.693432303476553	0.94103968629785	0.610061539555501	0.658799238069012	0.853233674239711	0	0	0	0	0	0	0	0	0
0	0	0	0	0	0	0	0	0	0	0	0	0	0	0	0	0	0	0	0	0	0	0	0	0	0	0	0	0	0	0	0	0	0	0	0	0	0	0	0	0	0	0	0	0	0	0	0	0	0	0	0	0	0	0	0	0	0	0	0	0	0	0	0	0	0	0	0.64897480120436	0.711846743764022	0.955688316945257	0.5048974364234	0.656350348485867	0.914535037086026	0.5136845916843	0	0.705857480452165	0.584442371664738	0.84910352861464	0.675876101253196	0.878244661318803	0.753290832060548	0.724380672712059	0	0	0	0	0	0	0	0
0	0	0	0	0	0	0	0	0	0	0	0	0	0	0	0	0	0	0	0	0	0	0	0	0	0	0	0	0	0	0	0	0	0	0	0	0	0	0	0	0	0	0	0	0	0	0	0	0	0	0	0	0	0	0	0	0	0	0	0	0	0	0	0	0	0	0	0	0.671704925650626	0.910965209267104	0.583774292169556	0.513327491172097	0.803596634368055	0	0.562617554038653	0	0.911466554607496	0.595806186703639	0.746633950338892	0.884435384789351	0.974188238324567	0.991996948439058	0.869315026048802	0	0	0	0	0	0	0
0	0	0	0	0	0	0	0	0	0	0	0	0	0	0	0	0	0	0	0	0	0	0	0	0	0	0	0	0	0	0	0	0	0	0	0	0	0	0	0	0	0	0	0	0	0	0	0	0	0	0	0	0	0	0	0	0	0	0	0	0	0	0	0	0	0	0	0	0	0.546325959151046	0.817616831095623	0.850756917953683	0.592630625809161	0.928311154784649	0.516909012221787	0.545529369389683	0	0.799330352963772	0.973438730406313	0.734193342660773	0.875433063729461	0.755616114263306	0.709368038668349	0.966599252046811	0	0	0	0	0	0
0	0	0	0	0	0	0	0	0	0	0	0	0	0	0	0	0	0	0	0	0	0	0	0	0	0	0	0	0	0	0	0	0	0	0	0	0	0	0	0	0	0	0	0	0	0	0	0	0	0	0	0	0	0	0	0	0	0	0	0	0	0	0	0	0	0	0	0	0	0	0.64307277413403	0.94011643941943	0.698271853817529	0.870254360813721	0.779358641634818	0.978999774400728	0.859073250539876	0	0.966151286573081	0.521807409054337	0.89955103608621	0.594681400455131	0.530668582296511	0.896552783662063	0.856503319812048	0	0	0	0	0
0	0	0	0	0	0	0	0	0	0	0	0	0	0	0	0	0	0	0	0	0	0	0	0	0	0	0	0	0	0	0	0	0	0	0	0	0	0	0	0	0	0	0	0	0	0	0	0	0	0	0	0	0	0	0	0	0	0	0	0	0	0	0	0	0	0	0	0	0	0	0	0.975665447676764	0.765903480440833	0.87304062992194	0.735016947190304	0.678651380113432	0.701928485271957	0.768710373376445	0	0.875548213921465	0.526234726107226	0.845062489269798	0.75000442380793	0.807720191852786	0.694852591500749	0.9860981371606	0	0	0	0
0	0	0	0	0	0	0	0	0	0	0	0	0	0	0	0	0	0	0	0	0	0	0	0	0	0	0	0	0	0	0	0	0	0	0	0	0	0	0	0	0	0	0	0	0	0	0	0	0	0	0	0	0	0	0	0	0	0	0	0	0	0	0	0	0	0	0	0	0	0	0	0	0.704407526770363	0.555597543620223	0.667797551059343	0.967236352300982	0.970278778099578	0.654181060461645	0.859911780599386	0	0.9674994834072	0.610247830726604	0.693039006988424	0.996154142314165	0.561880659240698	0.537925959074767	0.540567788588183	0	0	0
0	0	0	0	0	0	0	0	0	0	0	0	0	0	0	0	0	0	0	0	0	0	0	0	0	0	0	0	0	0	0	0	0	0	0	0	0	0	0	0	0	0	0	0	0	0	0	0	0	0	0.979997980556944	0	0	0	0	0	0	0	0	0	0	0	0	0	0	0	0	0	0	0	0	0	0	0.651156980301812	0.523451810099922	0.719956381462251	0.836561898675881	0.67884264773442	0.827101913192046	0.970487414766932	0	0.746288972453472	0.557985500874255	0.93226649844494	0.673192238267482	0.787258651394503	0.920363729368975	0.771256799354633	0	0
0	0	0	0	0	0	0	0	0	0	0	0	0	0	0	0	0	0	0	0	0	0	0	0	0	0	0	0	0	0	0	0	0	0	0	0	0	0	0	0	0	0	0	0	0	0	0	0	0	0	0	0	0	0	0	0	0	0	0	0	0	0	0	0	0	0	0	0	0	0	0	0	0	0	0.817293600732609	0.605414497115625	0.967133533798081	0.847008570387797	0.657501113299232	0.811847624014768	0.628964318359849	0	0.642276881127295	0.712572545476782	0.830350506992913	0.683054046093233	0.736509955925764	0.792779071631144	0.53220618364017	0
0	0	0	0	0	0	0	0	0	0	0	0	0	0	0	0	0	0	0	0	0	0	0	0	0	0	0	0	0	0	0	0	0	0	0	0	0	0	0	0	0	0	0	0	0	0	0	0	0	0.57827385250709	0	0	0	0	0	0	0	0	0	0	0	0	0	0	0	0	0	0	0	0	0	0	0	0	0	0.72514267356354	0.555635682655684	0.949371525239439	0.623046860625603	0.983854651900578	0.727426405848798	0.50781563382439	0	0.801118130887521	0.957455263986693	0	0.852726609566722	0.830198136874067	0.506018250928535	0.577299328217988
0	0	0	0	0	0	0	0	0	0	0	0	0	0	0	0	0	0	0	0	0	0	0	0	0	0	0	0	0	0	0	0	0	0	0	0	0	0	0	0	0	0	0	0	0	0.896819188465303	0	0	0	0	0	0	0	0	0	0	0	0	0	0	0	0	0	0	0	0	0	0	0	0	0	0	0	0	0	0	0.967148678599934	0.675929517617874	0.653104390567523	0.622067768479847	0.902458215453513	0.686468421307632	0.953055943934377	0	0.991423759511554	0.735036157279175	0.790611885312112	0.603644811740227	0.991947445020519	0.519565985272459
0	0	0	0	0	0	0	0	0	0	0	0	0	0	0	0	0	0	0	0	0	0	0	0	0	0	0	0	0	0	0	0	0	0	0	0	0	0	0	0	0	0	0	0	0	0.682577805703475	0.991718212841295	0	0	0	0	0	0	0	0	0	0	0	0	0	0	0	0	0	0	0	0	0	0	0	0	0	0	0	0	0	0	0.725554535227905	0.690678295227033	0.632213279597295	0.969846022901555	0.672209058602142	0.688458210557123	0.787892761278102	0	0.82896272180984	0.646559052675538	0.784304487598215	0.923888162107617	0.728420633483241
0	0	0	0	0	0	0	0	0	0	0	0	0	0	0	0	0	0	0	0	0	0	0	0	0	0	0	0	0	0	0	0	0	0	0	0	0	0	0	0	0	0	0	0	0	0.585563958856896	0.720498390066796	0.504379674591376	0	0	0	0	0	0	0	0	0	0	0	0	0	0	0	0	0	0	0	0	0	0	0	0	0	0	0	0	0	0	0.63573789106079	0.676724503136305	0.939026326439752	0.997839041156744	0	0.521777194569282	0.563453516116734	0	0.589917527778428	0.832604788942808	0.679105727947484	0.52650830953865
0	0	0	0	0	0	0	0	0	0	0	0	0	0	0	0	0	0	0	0	0	0	0	0	0	0	0	0	0	0	0	0	0	0	0	0	0	0	0	0	0	0	0	0	0	0.739233156235927	0.62201616728681	0.703388388111201	0.518902950717728	0	0	0	0	0	0	0	0	0	0	0	0	0	0	0	0	0	0	0	0	0	0	0	0	0	0	0	0	0	0	0.837831864033979	0.545902568940839	0.504051866019793	0.795134637131541	0.67576517528609	0.924406448718167	0.903335642200287	0	0.599400848655644	0.824875904452802	0.855439629367831
0	0	0	0	0	0	0	0	0	0	0	0	0	0	0	0	0	0	0	0	0	0	0	0	0	0	0	0	0	0	0	0	0	0	0	0	0	0	0	0	0	0	0	0	0	0.998133358462827	0.936008191671769	0.71891214070843	0.566590159866448	0.526136744740074	0	0	0	0	0	0	0	0	0	0	0	0	0	0	0	0	0	0	0	0	0	0	0	0	0	0	0	0	0	0	0.82751651879336	0.773751765242119	0.926587555195418	0.617552409607062	0.593967454406942	0.570993794085445	0.520835909997769	0	0.850894391918235	0.781746946381113
0	0	0	0	0	0	0	0	0	0	0	0	0	0	0	0	0	0	0	0	0	0	0	0	0	0	0	0	0	0	0	0	0	0	0	0	0	0	0	0	0	0	0	0	0	0.57476185176784	0.584070799383638	0.652139333052931	0.565978694767002	0.993478146018958	0.635622668657562	0	0	0	0	0	0	0	0	0	0	0	0	0	0	0	0	0	0	0	0	0	0	0	0	0	0	0	0	0	0	0.934084454665457	0.75783613310639	0.609806365224413	0.932812336643119	0.795578616328994	0.995963009368542	0.893885956863219	0	0.771497658488149
0	0	0	0	0	0	0	0	0	0	0	0	0	0	0	0	0	0	0	0	0	0	0	0	0	0	0	0	0	0	0	0	0	0	0	0	0	0	0	0	0	0	0	0	0	0.776515319095137	0.584851123845614	0.790967788347145	0.932458704082379	0.930831546062673	0.811104069260868	0.663359650138653	0	0	0	0	0	0	0	0	0	0	0	0	0	0	0	0	0	0	0	0	0	0	0	0	0	0	0	0	0	0	0.502683629418134	0.941361297702481	0.677276368949881	0.920634971822024	0.717249962717717	0.505283762801278	0.51062822669971	0
