0	0.863824975435539	0.780893510939059	0.578133535257669	0.981592696107332	0.934152376404445	0.813082289882333	0.890551361095255	0.612340009682565	0	0	0	0	0	0	0	0	0	0	0	0	0	0	0	0	0	0	0	0	0	0	0	0	0	0	0	0	0	0.76916188968013	0.724703227487468	0.748905872887691	0.945019691929102	0.705200500773763	0.734967742203718	0.71645052340481	0	0	0	0	0	0	0	0	0	0	0	0	0	0	0	0	0	0	0	0	0	0	0	0	0	0	0	0	0	0	0	0	0	0	0	0	0	0	0	0	0	0	0	0	0
0.767404593345207	0	0.964323967572769	0.524254118844248	0.592115361856335	0.842065771873005	0.579342885712116	0.530701889355153	0.636920416853648	0	0	0	0	0	0	0	0	0	0	0	0	0	0	0	0	0	0	0	0	0	0	0	0	0	0	0	0	0	0	0.712345463297099	0.507440420173866	0.72573094588762	0.558571900505097	0.755930435086875	0.612506329598537	0	0	0	0	0	0	0	0	0	0	0	0	0	0	0	0	0	0	0	0	0	0	0	0	0	0	0	0	0	0	0	0	0	0	0	0	0	0	0	0	0	0	0	0	0
0.742513036677327	0.653022831049368	0	0.914910630489651	0.636982537679528	0.965038584174036	0.605530743028508	0.866336480600508	0.931368076824024	0.568428255418207	0	0	0	0	0	0	0	0	0	0	0	0	0	0	0	0	0	0	0	0	0	0	0	0	0	0	0	0	0	0	0.681316765608218	0.800226034642083	0.841484403569232	0.74148477229625	0.923407036445424	0	0	0	0	0	0	0	0	0	0	0	0	0	0	0	0	0	0	0	0	0	0	0	0	0	0	0	0	0	0	0	0	0	0	0	0	0	0	0	0	0	0	0	0	0
0.562419538200762	0.505971617495867	0.7697298358432	0	0.743035925969672	0.933129259926132	0.934501846512091	0.583652071757493	0.744020293502218	0.845634980188116	0.921916890046142	0	0	0	0	0	0	0	0	0.743290435679064	0	0	0	0	0	0	0	0	0	0	0	0	0	0	0	0	0	0	0	0	0	0.766675447869516	0.764623473272203	0.682549543519955	0.762408641097879	0	0	0	0	0	0	0	0	0	0	0	0	0	0	0	0	0	0	0	0	0	0	0	0	0	0	0	0	0	0	0	0	0	0	0	0	0	0	0	0	0	0	0	0	0
0.914141996556264	0.762153718061822	0.907585290365927	0.505986842351169	0	0.723921417909098	0.750207681308481	0.720304553571593	0.863233597064327	0.995151046364015	0.525044301633129	0.81924252545612	0	0	0	0	0	0	0	0	0	0	0	0	0	0	0	0	0	0	0	0	0	0	0	0	0	0	0	0	0	0	0.615095455159923	0.910955330770756	0.605717320650466	0	0	0	0	0	0	0	0	0	0	0	0	0	0	0	0	0	0	0	0	0	0	0	0	0	0	0	0	0	0	0	0	0	0	0	0	0	0	0	0	0	0	0	0	0
0.524715123965307	0.624754732055713	0.964667900641608	0.540747738601805	0.867112527221733	0	0.51719909990392	0.600035145292742	0.596627831091721	0.659064375126459	0.520177142375954	0.851310294169836	0.738005253592021	0	0	0	0	0	0	0	0	0	0	0	0	0	0	0	0	0	0	0	0	0	0	0	0	0	0	0	0	0	0	0.529591966626243	0.526875382214903	0	0	0	0	0	0	0	0	0	0	0	0	0	0	0	0	0	0	0	0	0	0	0	0	0	0	0	0	0	0	0	0	0	0	0	0	0	0	0	0	0	0	0	0	0
0.607966516862526	0.900483568029994	0.635261124303472	0.652415675837675	0.928691818185759	0.618886945387148	0	0.935167371084768	0.765498012492346	0.915711270084719	0.50954874745657	0.703990475086121	0	0.881289063059669	0	0	0	0	0	0	0	0	0	0	0	0	0	0	0	0	0	0	0	0	0	0	0	0	0	0	0	0	0	0	0.781980157484223	0	0	0	0	0	0	0	0	0	0	0	0	0	0	0	0	0	0	0	0	0	0	0	0	0	0	0	0	0	0	0	0	0	0	0	0	0	0	0	0	0	0	0	0	0
0.638823982860153	0.761059508369017	0.682392851575867	0.940694369576893	0.617373523636975	0.941606384732054	0.81857136902368	0	0.974533294672593	0.598797109043969	0.643326173369535	0.885788275569393	0.881539541642754	0.759380700739734	0.738532351774327	0	0	0	0	0	0	0	0	0	0	0	0	0.688513813359483	0	0	0	0	0	0	0	0	0	0	0	0	0	0	0	0	0	0	0	0	0	0	0	0	0	0	0	0	0	0	0	0	0	0	0	0	0	0	0	0	0	0	0	0	0	0	0	0	0	0	0	0	0	0	0	0	0	0	0	0	0	0
0.513889656149016	0.650530902773919	0.919487510017326	0.545377725324676	0.629668218189337	0.901558154763094	0.93671104116447	0.572816223926616	0	0.728175234306473	0.698937880078793	0	0.969369833404944	0.755420156558685	0.69400048725782	0.970577835448081	0	0	0	0	0	0	0	0	0	0	0	0	0	0	0	0	0	0	0	0	0	0	0	0	0	0	0	0	0	0	0	0	0	0	0	0	0	0	0	0	0	0	0	0	0	0	0	0	0	0	0	0	0	0	0	0	0	0	0	0	0	0	0	0	0	0	0	0	0	0	0	0	0	0
0	0	0.624387632921951	0.987250564724988	0.880510676172519	0.586069204504423	0.931796357800497	0.50102153182453	0.674581128701102	0	0.520112037164218	0.73195297184814	0.810494504040082	0.690538071111882	0	0.870441369621374	0.817990041581314	0	0	0	0	0	0	0.557460971224528	0	0	0	0	0	0	0	0	0	0	0	0	0	0	0	0	0	0	0	0	0	0	0	0	0	0	0	0	0	0	0	0	0	0	0	0	0	0	0	0	0	0	0	0	0	0	0	0	0	0	0	0	0	0	0	0	0	0	0	0	0	0	0	0	0	0
0	0	0	0.578058621217845	0.938730461709386	0.844856903825611	0.813574983688278	0.863666625985534	0.662981686882747	0.95087559228197	0	0.553902153712134	0.672764619667273	0.717186086467822	0.872146349370201	0.518943758955696	0.678958377183303	0.558166551137945	0	0	0	0	0	0	0	0	0	0	0	0	0	0	0	0	0	0	0	0	0	0	0	0	0	0	0	0	0	0	0	0	0	0	0	0	0	0	0	0	0	0	0	0	0	0	0	0	0	0	0	0	0	0	0	0	0	0	0	0	0	0	0	0	0	0	0	0	0	0	0	0
0	0	0	0	0.609371465778069	0.585044435252585	0.668382417742461	0.97670701184001	0	0.522050063330764	0.991360781547117	0	0.755073315394536	0.639833676760112	0.553919212614883	0.545191835212679	0.694358381355774	0.505744808284013	0.773135933678491	0	0	0	0	0	0	0	0	0	0	0	0	0	0	0	0	0	0	0	0	0	0	0	0	0	0	0	0	0	0	0	0	0	0	0	0	0	0	0	0	0	0	0	0	0	0	0	0	0	0	0	0	0	0	0	0	0	0	0	0	0	0	0	0	0	0	0	0	0	0	0
0	0	0	0	0	0.699180273269516	0	0.843764704093485	0.671674626669198	0.867517188349766	0.571757046061607	0.569452870066921	0	0.590184057503965	0.971702521040719	0.703949130985586	0.996041533724201	0.905810725833047	0.693523241993563	0.653929398122655	0	0	0	0	0	0	0	0	0	0	0	0	0	0	0	0	0	0	0	0	0	0	0	0	0	0	0	0	0	0	0	0	0	0	0	0	0	0	0	0	0	0	0	0	0	0	0	0	0	0	0	0	0	0	0	0	0	0	0	0	0	0	0	0	0	0	0	0	0	0
0	0	0	0	0	0	0.670526435363681	0.515645355810895	0.504576288570272	0.822271080069446	0.637067806405707	0.651306002393147	0.890972577007099	0	0.581361601672324	0.927370966556375	0.534426119282977	0.613141350024827	0.546169004438476	0.515584429244444	0	0	0	0	0	0	0	0.665402507887386	0	0	0	0	0	0	0	0	0	0	0	0	0	0	0	0	0	0	0	0	0	0	0	0	0	0	0	0	0	0	0	0	0	0	0	0	0	0	0	0	0	0	0	0	0	0	0	0	0	0	0	0	0	0	0	0	0	0	0	0	0	0
0	0	0	0	0	0	0	0.57753922685934	0.692487104861034	0	0.544355309064615	0.878374069966264	0.805350860512693	0.820895994189679	0	0.978833826232404	0.7454985669625	0.534673910128371	0.910279630689531	0.500622341353632	0.667198120663182	0.643757002084855	0	0	0	0	0	0	0	0	0	0	0	0	0	0	0	0	0	0	0	0	0	0	0	0	0	0	0	0	0	0	0	0	0	0	0	0	0	0	0	0	0	0	0	0	0	0	0	0	0	0	0	0	0	0	0	0	0	0	0	0	0	0	0	0	0	0	0	0
0	0	0	0	0	0	0	0	0.530745286315025	0.970775676424765	0.797747880365355	0.919981109126021	0.622012875007776	0.864439578878855	0.979271394439293	0	0.732031885693044	0.850864565385026	0.750828094007899	0.71544211971799	0.67784294482701	0.529550144577907	0.973682537373639	0	0	0	0	0	0	0	0	0	0	0	0	0	0	0	0	0	0	0	0	0	0	0	0	0	0	0	0	0	0	0	0	0	0	0	0	0	0	0	0	0	0	0	0	0	0	0	0	0	0	0	0	0	0	0	0	0	0	0	0	0	0	0	0	0	0	0
0	0	0	0	0	0	0	0	0	0.835033279324257	0.705344970407868	0.69678676779096	0.527879212569334	0.710847861473752	0.724993592286707	0.562666643088134	0	0.937016108995722	0.822178147865575	0.910114244813632	0.583534087667158	0.994448617762726	0.646298229980498	0.727844774201871	0	0	0	0	0	0	0	0	0	0	0	0	0	0	0	0	0	0	0	0	0	0	0	0	0	0	0	0	0	0	0	0	0	0	0	0	0	0	0	0	0	0	0	0	0	0	0	0	0	0	0	0	0	0	0	0	0	0	0	0	0	0	0	0	0	0
0	0	0	0	0	0	0	0	0	0	0.83374808166998	0.890461403218554	0.537081330464144	0.575586702023562	0.55760399272391	0.958234681366745	0.934017320088823	0	0.93485857915649	0.75953690020034	0.861746464034737	0.975631607897063	0.984859745808102	0.739919477964786	0.694979295067098	0	0	0	0	0	0	0	0	0	0	0	0	0	0	0	0	0	0	0	0	0	0	0	0	0	0	0	0	0	0	0	0	0	0	0	0	0	0	0	0	0	0	0	0	0	0	0	0	0	0	0	0	0	0	0	0	0	0	0	0	0	0	0	0	0
0	0	0	0	0	0	0	0	0	0	0	0.670351357388383	0.969096895194873	0.843082287867349	0.88025650925864	0.67206383240825	0.957904710998896	0.626362032051084	0	0.741140852149667	0.997220214347452	0.660058044987159	0.621469523056508	0.517226976906251	0.714743080139371	0.809429114031345	0	0	0	0	0	0	0	0	0	0	0	0	0	0	0	0	0	0	0	0	0	0	0	0	0	0	0	0	0	0	0	0	0	0	0	0	0	0	0	0	0	0	0	0	0	0	0	0	0	0	0	0	0	0	0	0	0	0	0	0	0	0	0	0
0	0	0	0.818225665378353	0	0	0	0	0	0	0	0	0.702004226959315	0.766838593080125	0.716089646606643	0.922023646569744	0.983331125499435	0.681276618800858	0.999704549868471	0	0.661927919556198	0.680871594369683	0.605917378597526	0.807320577111992	0.948455726086391	0.93818892458032	0.651441837229261	0	0	0	0	0	0	0	0	0	0	0	0	0	0	0	0	0	0	0	0	0	0	0	0	0	0	0	0	0	0	0	0	0	0	0	0	0	0	0	0	0	0	0	0	0	0	0	0	0	0	0	0	0	0	0	0	0	0	0	0	0	0	0
0	0	0	0	0	0	0	0	0	0	0	0	0	0	0.871504976704295	0.70387533850894	0.771733155239995	0.917762664284554	0.976150639851723	0.584910537174049	0	0.697692371239137	0.804645623065423	0	0.701522729513562	0.79616758601153	0.82926069596366	0.923629482600575	0	0.535355384901093	0	0	0	0	0	0	0	0	0	0	0	0	0	0	0	0	0	0	0	0	0	0	0	0	0	0	0	0	0	0	0	0	0	0	0	0	0	0	0	0	0	0	0	0	0	0	0	0	0	0	0	0	0	0	0	0	0	0	0	0
0	0	0	0	0	0	0	0	0	0	0	0	0	0	0.818240239010707	0.917853608018835	0.545020290073239	0.9385071725683	0.72701355421332	0.599976944559488	0.753544661435459	0	0.778062246495581	0.502092726853378	0.768965668405273	0.555732521859027	0.868175982047248	0.947037376655819	0.9105910493193	0	0	0	0	0	0	0	0	0	0	0	0	0	0	0	0	0	0	0	0	0	0	0	0	0	0	0	0	0	0	0	0	0	0	0	0	0	0	0	0	0	0	0	0	0	0	0	0	0	0	0	0	0	0	0	0	0	0	0	0	0
0	0	0	0	0	0	0	0	0	0	0	0	0	0	0	0.930915863507606	0.748469670391015	0.625365588617137	0.667419225638461	0.939910691035645	0.883298624929121	0.569283518732091	0	0.60840363471631	0.741545844879519	0.868010812995055	0.722597850949228	0.721772153641314	0.544041052228847	0.790222970166139	0	0	0	0	0	0	0	0	0	0	0	0	0	0	0	0	0	0	0	0	0	0	0	0	0	0	0	0	0	0	0	0	0	0	0	0	0	0	0	0	0	0	0	0	0	0	0	0	0	0	0	0	0	0	0	0	0	0	0	0
0	0	0	0	0	0	0	0	0	0.549714961591124	0	0	0	0	0	0	0.9951617072128	0.958498003757827	0.585462520959469	0.707503603063298	0	0.76881725957895	0.908696048574408	0	0.94845609739932	0	0.621197300959224	0.804657055636783	0.840263991002158	0.785026746330171	0.976539249458066	0	0	0.702104857640308	0	0	0	0	0	0	0	0	0	0	0	0	0	0	0	0	0	0	0	0	0	0	0	0	0	0	0	0	0	0	0	0	0	0	0	0	0	0	0	0	0	0	0	0	0	0	0	0	0	0	0	0	0	0	0	0
0	0	0	0	0	0	0	0	0	0	0	0	0	0	0	0	0	0.587884651652987	0.552161385592284	0.540861036411489	0.820535626595105	0.831208822221074	0.783987782460072	0.91609453748371	0	0.592650013694875	0.988386569641268	0.53168334988673	0.674644885719027	0.5805628726487	0.510486896717647	0.968285172022763	0	0	0	0	0	0	0	0	0	0	0	0	0	0	0	0	0	0	0	0	0	0	0	0	0	0	0	0	0	0	0	0	0	0	0	0	0	0	0	0	0	0	0	0	0	0	0	0	0	0	0	0	0	0	0	0	0	0
0	0	0	0	0	0	0	0	0	0	0	0	0	0	0	0	0	0	0.600899990494388	0.646507393800337	0.544170984306641	0.90106320695938	0.844536375833541	0	0.653876522241876	0	0.653598309995971	0.830113293688249	0.836788716843503	0.838336320207301	0.723835119495098	0	0.57631746466921	0.863151221086512	0	0	0	0	0	0	0	0	0	0	0	0	0	0	0	0	0	0	0	0	0	0	0	0	0	0	0	0	0	0	0	0	0	0	0	0	0	0	0	0	0	0	0	0	0	0	0	0	0	0	0	0	0	0	0	0
0	0	0	0	0	0	0	0	0	0	0	0	0	0	0	0	0	0	0	0.674395467394793	0.70443875544323	0.514156169966564	0.701657488141605	0.817141305397701	0.711658173573615	0.693558641174342	0	0.801426030632656	0.903154902115436	0.608240660139967	0.600992503508081	0.661691622196454	0.607789684555739	0.867633026557142	0	0	0	0	0	0	0	0	0	0	0	0	0	0	0	0	0	0	0	0	0	0	0	0	0	0	0	0	0	0	0	0	0	0	0	0	0	0	0	0	0	0	0	0	0	0	0	0	0	0	0	0	0	0	0	0
0	0	0	0	0	0	0	0.864804145806583	0	0	0	0	0	0.711094275790476	0	0	0	0	0	0	0.644846989502319	0.88527027631449	0.511694499348561	0.616253206810107	0.806806574146418	0.984608601327846	0.969464922170423	0	0.786923227331362	0	0.908769088580402	0.585191009976759	0.624388667492746	0.837380691151419	0.521010381088782	0	0.851138388392531	0	0	0	0	0	0	0	0	0	0	0	0	0	0	0	0	0	0	0	0	0	0	0	0	0	0	0	0	0	0	0	0	0	0	0	0	0	0	0	0	0	0	0	0	0	0	0	0	0	0	0	0	0
0	0	0	0	0	0	0	0	0	0	0	0	0	0	0	0	0	0	0	0	0	0.958160532057166	0.866108175160331	0.770451429552827	0.654804556936965	0.608669940015816	0.599364781794707	0.932957897164143	0	0.663700241531338	0.526992821165784	0.536380098343531	0.581304515730044	0.923544929296157	0.526917819987873	0.661642795278378	0	0	0	0	0	0	0	0	0	0	0	0	0	0	0	0	0	0	0	0	0	0	0	0	0	0	0	0	0	0	0	0	0	0	0	0	0	0	0	0	0	0	0	0	0	0	0	0	0	0	0	0	0	0
0	0	0	0	0	0	0	0	0	0	0	0	0	0	0	0	0	0	0	0	0.720138082619589	0	0.981272184905045	0.7349097203808	0.657052346227516	0.842516831922463	0.990956992888921	0	0.83466843583394	0	0.727798863633778	0.840773062749794	0.975894732003365	0.820408339501306	0.815526508068111	0.982156400265257	0.901518891439098	0	0	0	0	0	0	0	0	0	0	0	0	0	0	0	0	0	0	0	0	0	0	0	0	0	0	0	0	0	0	0	0	0	0	0	0	0	0	0	0	0	0	0	0	0	0	0	0	0	0	0	0	0
0	0	0	0	0	0	0	0	0	0	0	0	0	0	0	0	0	0	0	0	0	0	0	0.515447652128029	0.802668020447446	0.524854207157122	0.585264684232309	0.919852093585273	0.62943337034769	0.896565010750406	0	0.963695710755416	0.910888485170186	0.662658376582399	0.803195955665043	0.930225883661575	0.706799008693742	0.951034749676085	0	0	0	0	0	0	0	0	0	0	0	0	0	0	0	0	0	0	0	0	0	0	0	0	0	0	0	0	0	0	0	0	0	0	0	0	0	0	0	0	0	0	0	0	0	0	0	0	0	0	0	0
0	0	0	0	0	0	0	0	0	0	0	0	0	0	0	0	0	0	0	0	0	0	0	0	0.639327433944003	0	0.854146470134827	0.972228981673316	0.671000232962881	0.787716407360626	0.640406243923986	0	0.748396197325268	0.711801640916814	0.999379673267423	0.538916030341351	0.625076960992891	0.754205417990188	0.537327816491516	0	0	0	0	0	0	0	0	0	0	0	0	0	0	0	0	0	0	0	0	0	0	0	0	0	0	0	0	0	0	0	0	0	0	0	0	0	0	0	0	0	0	0	0	0	0	0	0	0	0	0
0	0	0	0	0	0	0	0	0	0	0	0	0	0	0	0	0	0	0	0	0	0	0	0	0	0.72691617349008	0.525848375853249	0.961094170485144	0.540962789332862	0.761729276767523	0.534473577387541	0.801670063622384	0	0.636624905137825	0.776077444375326	0.661675745729767	0.995196500546701	0.96565534975221	0.832159104839339	0.76687386148273	0	0	0	0	0	0	0	0	0	0	0	0	0	0	0	0	0	0	0	0	0	0	0	0	0	0	0	0	0	0	0	0	0	0	0	0	0	0	0	0	0	0	0	0	0	0	0	0	0	0
0	0	0	0	0	0	0	0	0	0	0	0	0	0	0	0	0	0	0	0	0	0	0	0.698638734311888	0	0.800668679832617	0.595267899457165	0.966269173220943	0.507520654021277	0.857696606943228	0.51159883051066	0.752094367065559	0.945343157302797	0	0.609463751773797	0.554829559660813	0.513685168014357	0.69439837271679	0.696155149331653	0.956354483683992	0.589232943029272	0	0	0	0	0	0	0	0	0	0	0	0	0	0	0	0	0	0	0	0	0	0	0	0	0	0	0	0	0	0	0	0	0	0	0	0	0	0	0	0	0	0	0	0	0	0	0	0	0
0	0	0	0	0	0	0	0	0	0	0	0	0	0	0	0	0	0	0	0	0	0	0	0	0	0	0	0.855682762564002	0.714756679523373	0.750150234652402	0.535073397218434	0.634039854210114	0.759879252388006	0.764998137500164	0	0.915060503535449	0.896137522826949	0.677799491420915	0.622962526505411	0.849004563002908	0.510301416740772	0.731816582244512	0	0	0	0	0	0	0	0	0	0	0	0	0	0	0	0	0	0	0	0	0	0	0	0	0	0	0	0	0	0	0	0	0	0	0	0	0	0	0	0	0	0	0	0	0	0	0	0
0	0	0	0	0	0	0	0	0	0	0	0	0	0	0	0	0	0	0	0	0	0	0	0	0	0	0	0	0.893819455538567	0.717933678249264	0.547845215162867	0.618864199159726	0.720921958252825	0.912178154340756	0.564596759618486	0	0.72353503577582	0.707758516258327	0.659218294172744	0.942141350747507	0.924507821593457	0.645438519312609	0.542696785692034	0	0	0	0	0	0	0	0	0	0	0	0	0	0	0	0	0	0	0	0	0	0	0	0	0	0	0	0	0	0	0	0	0	0	0	0	0	0	0	0	0	0	0	0	0	0	0
0	0	0	0	0	0	0	0	0	0	0	0	0	0	0	0	0	0	0	0	0	0	0	0	0	0	0	0.753298173209408	0	0.529730587488494	0.828081996072505	0.664475909455166	0.651869361911596	0.612428794843198	0.910711919719149	0.762771540312274	0	0.865384260778157	0.53180230461107	0.507538671839999	0.71051857581269	0.681166710091798	0	0.711881552282057	0	0	0	0	0	0	0	0	0	0	0	0	0	0	0	0	0	0	0	0	0	0	0	0	0	0	0	0	0	0	0	0	0	0	0	0	0	0	0	0	0	0	0	0	0	0
0	0	0	0	0	0	0	0	0	0	0	0	0	0	0	0	0	0	0	0	0	0	0	0	0	0	0	0	0	0	0.75662353004523	0.96443300634634	0.629954386567722	0.524254163374355	0.902852353772412	0.62140130540838	0.717514848482829	0	0.929672758292374	0.641705629868912	0.516942525606342	0.639601540587968	0.514698207554092	0.756591481977361	0.613407760825112	0	0	0	0	0	0	0	0	0	0	0	0	0	0	0	0	0	0	0	0	0	0	0	0	0	0	0	0	0	0	0	0	0	0	0	0	0	0	0	0	0	0	0	0	0
0.607690471112489	0	0	0	0	0	0	0	0	0	0	0	0	0	0	0	0	0	0	0	0	0	0	0	0	0	0	0	0	0	0	0.668194893714956	0.96599527955146	0.929335126084315	0.822405176423554	0.70195259086574	0.69585743650827	0.61546927469417	0	0.92111181626571	0.838749118219466	0.97559765119707	0.779714393647204	0.876906880022713	0.850865901432419	0	0	0	0	0	0	0	0	0	0	0	0	0	0	0	0	0	0	0	0	0	0	0	0	0	0	0	0	0	0	0	0	0	0	0	0	0	0	0	0	0	0	0	0	0
0.701236158140612	0.650990444714153	0	0	0	0	0	0	0	0	0	0	0	0	0	0	0	0	0	0	0	0	0	0	0	0	0	0	0	0	0	0	0.92755140588025	0.7018516457437	0.570481176713624	0.922207547024208	0.570944719980184	0.565234604043436	0.639365142065365	0	0.829837965708349	0.763362907276641	0.562125768400533	0.589968158221904	0.668159437725016	0	0	0	0	0	0	0	0	0	0	0	0	0	0	0	0	0	0	0	0	0	0	0	0	0	0	0	0	0	0	0	0	0	0	0	0	0	0	0	0	0	0	0	0	0
0.943331677764646	0.620310648132613	0.54343450044308	0	0	0	0	0	0	0	0	0	0	0	0	0	0	0	0	0	0	0	0	0	0	0	0	0	0	0	0	0	0	0.557732489732413	0.853932253911532	0.983869167260237	0.895552228845102	0.740161044129531	0.886675053697695	0.799328617403081	0	0.899648682067672	0.995057681997736	0.814515601272822	0.927484162704696	0	0	0	0	0	0	0	0	0	0	0	0	0	0	0	0	0	0	0	0	0	0	0	0	0	0	0	0	0	0	0	0	0	0	0	0	0	0	0	0	0	0	0	0	0
0.539061397262612	0.976508086103943	0.950199100764432	0.985359109927019	0	0	0	0	0	0	0	0	0	0	0	0	0	0	0	0	0	0	0	0	0	0	0	0	0	0	0	0	0	0	0.82623183686914	0.5249332967329	0.588393433007852	0.930918369200014	0.64952041327566	0.512506427962467	0.93054160075981	0	0.891627397449694	0.65930265462481	0.898175062581792	0	0	0	0	0	0	0	0	0	0	0	0	0	0	0	0	0	0	0	0	0	0	0	0	0	0	0	0	0	0	0	0	0	0	0	0	0	0	0	0	0	0	0	0	0
0.801518930137862	0.832574538609168	0.835815268090353	0.597540715995114	0.566744111552486	0	0	0	0	0	0	0	0	0	0	0	0	0	0	0	0	0	0	0	0	0	0	0	0	0	0	0	0	0	0	0.691517393222829	0	0.870830008323703	0.760749671284039	0.763844079459983	0.882737359645842	0.875475690326522	0	0.656563780118519	0.948532530521489	0	0	0	0	0	0	0	0	0	0	0	0	0	0	0	0	0	0	0	0	0	0	0	0	0	0	0	0	0	0	0	0	0	0	0	0	0	0	0	0	0	0	0	0	0
0.863535673329571	0.9916274215059	0.935913514301389	0.806043175558867	0.656522085911565	0.502935038733815	0	0	0	0	0	0	0	0	0	0	0	0	0	0	0	0	0	0	0	0	0	0	0	0	0	0	0	0	0	0	0.682028298612472	0.59623802644139	0.818833035514535	0.599896082608074	0.6411942310966	0.540686570968711	0.795091301762868	0	0.797850471945068	0	0	0	0	0	0	0	0	0	0	0	0	0	0	0	0	0	0	0	0	0	0	0	0	0	0	0	0	0	0	0	0	0	0	0	0	0	0	0	0	0	0	0	0	0
0.913367001709155	0.919013823975638	0.836925690537985	0.756330682390271	0.775945738556867	0.945640548950651	0.976099813478465	0	0	0	0	0	0	0	0	0	0	0	0	0	0	0	0	0	0	0	0	0	0	0	0	0	0	0	0	0	0	0.672404935948886	0.978463572319601	0.823124617917314	0.895475811682354	0.7011476322545	0.575002196298149	0.708792448772619	0	0	0	0	0	0	0	0	0	0	0	0	0	0	0	0	0	0	0	0	0	0	0	0	0	0	0	0	0	0	0	0	0	0	0	0	0	0	0	0	0	0	0	0	0	0
0	0	0	0	0	0	0	0	0	0	0	0	0	0	0	0	0	0	0	0	0	0	0	0	0	0	0	0	0	0	0	0	0	0	0	0	0	0	0	0	0	0	0	0	0	0	0.989264892465852	0.667530350515413	0.767178639598635	0	0	0	0	0	0	0	0	0	0	0	0	0	0	0	0	0	0	0	0	0	0	0	0	0	0	0	0	0	0	0	0	0.686290918107622	0	0	0	0.90411963458773	0	0	0	0
0	0	0	0	0	0	0	0	0	0	0	0	0	0	0	0	0	0	0	0	0	0	0	0	0	0	0	0	0	0	0	0	0	0	0	0	0	0	0	0	0	0	0	0	0	0.748674349257782	0	0.666140986230061	0	0	0	0.90132971725848	0.906044529509332	0	0.868791183756353	0	0.842406814046913	0	0	0	0	0	0	0	0	0	0	0	0	0	0.696200553043154	0	0	0	0	0	0	0.51312118860225	0	0	0	0	0	0	0	0.899404490246187	0	0	0	0
0	0	0	0	0	0	0	0	0	0	0	0	0	0	0	0	0	0	0	0	0	0	0	0	0	0	0	0	0	0	0	0	0	0	0	0	0	0	0	0	0	0	0	0	0	0.977893237686273	0.881759297795815	0	0	0	0	0	0	0.709251719721763	0	0	0	0	0	0.909967872188988	0	0.872967803998409	0.616259732795389	0	0	0	0	0	0	0	0	0	0	0	0	0	0	0	0	0	0	0	0	0	0	0	0	0	0	0
0	0	0	0	0	0	0	0	0	0	0	0	0	0	0	0	0	0	0	0	0	0	0	0	0	0	0	0	0	0	0	0	0	0	0	0	0	0	0	0	0	0	0	0	0	0.582086358249724	0	0	0	0	0	0	0	0	0.722025162656421	0	0	0	0	0	0	0.85857135583226	0	0	0	0	0	0	0	0	0	0.809163118875105	0.686957872073172	0	0	0	0	0	0	0	0	0	0	0.867768886635879	0.524422065322653	0	0	0	0.667732662666268	0.774611305328884
0	0	0	0	0	0	0	0	0	0	0	0	0	0	0	0	0	0	0	0	0	0	0	0	0	0	0	0	0	0	0	0	0	0	0	0	0	0	0	0	0	0	0	0	0	0	0	0	0	0	0	0.929854755296471	0	0.740522039427962	0	0	0	0	0	0	0	0	0	0	0	0	0	0	0	0	0	0	0	0	0	0	0	0	0	0	0	0	0	0	0	0.779269591713755	0	0	0.652187328173393	0
0	0	0	0	0	0	0	0	0	0	0	0	0	0	0	0	0	0	0	0	0	0	0	0	0	0	0	0	0	0	0	0	0	0	0	0	0	0	0	0	0	0	0	0	0	0	0	0	0	0	0	0	0	0	0	0	0	0	0	0	0	0	0	0	0.759957929160333	0	0	0	0.897114071176474	0	0	0	0	0	0	0	0	0	0	0	0	0	0	0.845242756552587	0.558249487303733	0	0	0	0	0
0	0	0	0	0	0	0	0	0	0	0	0	0	0	0	0	0	0	0	0	0	0	0	0	0	0	0	0	0	0	0	0	0	0	0	0	0	0	0	0	0	0	0	0	0	0	0.739905501128096	0	0	0.898700879775923	0	0	0	0	0	0	0	0	0	0.663167640439897	0	0	0	0	0	0.930295264796512	0.51006216136566	0.845775674771409	0	0	0	0	0	0	0	0	0	0	0	0	0	0	0	0	0	0	0	0.636050271257806	0	0.508182539544633
0	0	0	0	0	0	0	0	0	0	0	0	0	0	0	0	0	0	0	0	0	0	0	0	0	0	0	0	0	0	0	0	0	0	0	0	0	0	0	0	0	0	0	0	0	0	0.915939193556151	0	0	0	0	0	0	0	0	0	0	0	0	0	0	0	0	0	0.812754111087756	0	0.638201366317356	0	0	0	0	0	0	0	0	0	0	0.522138020413608	0.946250508093702	0	0	0.986908367982085	0	0	0	0	0	0	0	0
0	0	0	0	0	0	0	0	0	0	0	0	0	0	0	0	0	0	0	0	0	0	0	0	0	0	0	0	0	0	0	0	0	0	0	0	0	0	0	0	0	0	0	0	0	0	0	0.777584917743291	0	0.701130670813851	0	0	0	0	0.812699427988419	0	0	0	0	0	0	0	0	0.599933613668721	0	0	0	0	0	0	0	0	0	0	0	0	0	0	0	0.736329731668229	0	0	0.667718022232908	0	0	0	0.861673852610956	0	0	0
0	0	0	0	0	0	0	0	0	0	0	0	0	0	0	0	0	0	0	0	0	0	0	0	0	0	0	0	0	0	0	0	0	0	0	0	0	0	0	0	0	0	0	0	0	0	0.92979874903062	0	0.925442438550574	0	0	0	0	0.826651953698288	0	0	0	0	0	0	0.764183700204028	0	0	0	0	0	0	0.644174838922143	0	0.97849061442947	0	0	0	0	0	0	0	0	0	0	0	0	0	0	0	0	0.867723220014665	0	0	0
0	0	0	0	0	0	0	0	0	0	0	0	0	0	0	0	0	0	0	0	0	0	0	0	0	0	0	0	0	0	0	0	0	0	0	0	0	0	0	0	0	0	0	0	0	0	0	0	0	0	0	0	0	0	0	0	0	0	0	0	0	0	0	0	0.690435060081994	0	0	0	0.771270435961207	0	0	0	0.906687320309978	0	0	0	0	0	0	0	0	0	0	0	0	0	0	0	0	0.787096129935234
0	0	0	0	0	0	0	0	0	0	0	0	0	0	0	0	0	0	0	0	0	0	0	0	0	0	0	0	0	0	0	0	0	0	0	0	0	0	0	0	0	0	0	0	0	0	0.83680102306707	0	0	0	0	0	0	0	0	0	0	0	0	0	0.915279606292339	0	0	0	0	0	0	0	0	0	0.818680951844517	0	0	0	0	0	0	0	0.688133848785086	0	0	0	0.991977409943084	0	0	0	0	0	0	0
0	0	0	0	0	0	0	0	0	0	0	0	0	0	0	0	0	0	0	0	0	0	0	0	0	0	0	0	0	0	0	0	0	0	0	0	0	0	0	0	0	0	0	0	0	0	0	0	0	0	0	0	0	0	0	0	0	0	0	0.624090413214983	0.852545291963538	0.62959124696693	0	0	0	0	0.899364244158804	0.680418539410154	0	0	0	0	0	0	0	0.942045686267917	0	0	0	0	0	0	0	0	0	0	0	0	0	0
0	0	0	0	0	0	0	0	0	0	0	0	0	0	0	0	0	0	0	0	0	0	0	0	0	0	0	0	0	0	0	0	0	0	0	0	0	0	0	0	0	0	0	0	0	0	0	0	0	0	0	0	0	0	0	0	0	0	0	0	0	0	0	0	0	0.878353938650008	0	0	0	0	0	0	0	0	0	0	0	0	0	0	0	0	0	0	0	0	0	0	0.527636146278961	0.80170948350795
0	0	0	0	0	0	0	0	0	0	0	0	0	0	0	0	0	0	0	0	0	0	0	0	0	0	0	0	0	0	0	0	0	0	0	0	0	0	0	0	0	0	0	0	0	0	0	0.65389031132384	0	0	0	0.904346352503218	0	0	0	0	0	0.555277396546222	0	0	0.655504633112564	0	0	0	0	0	0	0	0	0	0	0	0.533631586488324	0	0	0	0	0	0.737126230242299	0	0	0	0	0	0	0	0	0	0	0
0	0	0	0	0	0	0	0	0	0	0	0	0	0	0	0	0	0	0	0	0	0	0	0	0	0	0	0	0	0	0	0	0	0	0	0	0	0	0	0	0	0	0	0	0	0	0	0	0	0	0	0	0	0	0.904775517361204	0	0.584579155214883	0.950937729793745	0	0.876356913838773	0	0	0.897530517522276	0	0.980153829098897	0	0	0	0	0	0	0	0.610178890252329	0	0	0	0	0	0	0	0	0	0	0	0	0	0.826335248099073	0.51896384295389	0	0
0	0	0	0	0	0	0	0	0	0	0	0	0	0	0	0	0	0	0	0	0	0	0	0	0	0	0	0	0	0	0	0	0	0	0	0	0	0	0	0	0	0	0	0	0	0	0	0.577370268094024	0.751656683234212	0	0	0	0	0	0	0	0	0.762643811998197	0	0	0	0	0	0	0	0	0	0	0	0	0	0	0	0	0	0.583697624897173	0	0	0	0	0	0	0	0	0	0.882805234748872	0	0	0	0
0	0	0	0	0	0	0	0	0	0	0	0	0	0	0	0	0	0	0	0	0	0	0	0	0	0	0	0	0	0	0	0	0	0	0	0	0	0	0	0	0	0	0	0	0	0	0	0.794927737630701	0	0	0	0	0	0	0	0	0	0	0	0	0.99812360128247	0	0	0.688754915110592	0	0	0	0	0.862656147739757	0.97535549860073	0	0	0	0	0	0	0	0	0.723310620613854	0.756278729804985	0	0	0	0	0.632330642087486	0	0	0	0	0
0	0	0	0	0	0	0	0	0	0	0	0	0	0	0	0	0	0	0	0	0	0	0	0	0	0	0	0	0	0	0	0	0	0	0	0	0	0	0	0	0	0	0	0	0	0	0	0	0	0	0	0	0	0.598290499281356	0	0	0	0	0	0	0	0	0.565986164534925	0	0	0	0	0	0.63720243319854	0	0	0	0	0	0	0	0	0	0	0	0	0.804879592690944	0	0.656956642718028	0	0	0	0	0	0
0	0	0	0	0	0	0	0	0	0	0	0	0	0	0	0	0	0	0	0	0	0	0	0	0	0	0	0	0	0	0	0	0	0	0	0	0	0	0	0	0	0	0	0	0	0	0	0	0	0	0.78401080788951	0	0.698206781327668	0	0	0.617586409579453	0	0	0	0	0.504601918678986	0	0	0	0	0	0	0	0	0	0	0	0	0	0	0	0.98198343518543	0	0.969649279534363	0	0	0	0.628430288017694	0	0	0	0	0	0	0
0	0	0	0	0	0	0	0	0	0	0	0	0	0	0	0	0	0	0	0	0	0	0	0	0	0	0	0	0	0	0	0	0	0	0	0	0	0	0	0	0	0	0	0	0	0	0	0	0	0	0	0.813441508640956	0	0	0	0	0	0	0.952685827508758	0	0	0	0	0	0	0	0	0.853197432997588	0	0	0	0	0	0.988249940866961	0	0	0	0	0.99359052887387	0	0	0	0	0	0	0	0	0	0	0.853098893045562
0	0	0	0	0	0	0	0	0	0	0	0	0	0	0	0	0	0	0	0	0	0	0	0	0	0	0	0	0	0	0	0	0	0	0	0	0	0	0	0	0	0	0	0	0	0	0	0	0	0	0	0.569158287326313	0.56122076524046	0	0	0	0	0.628692518958179	0	0	0	0	0	0	0	0	0	0	0	0	0	0	0	0	0	0	0	0	0	0	0	0	0	0	0.92303363598803	0	0	0	0	0
0	0	0	0	0	0	0	0	0	0	0	0	0	0	0	0	0	0	0	0	0	0	0	0	0	0	0	0	0	0	0	0	0	0	0	0	0	0	0	0	0	0	0	0	0	0	0	0	0	0	0	0.725128064195712	0	0	0.918737899762307	0	0	0.585237250802928	0	0	0	0	0	0	0	0.929309188879411	0	0	0	0	0	0	0	0.887483030192377	0	0	0	0	0.780362258110659	0	0	0.885377061254479	0	0	0	0.576065392141104	0	0	0	0
0	0	0	0	0	0	0	0	0	0	0	0	0	0	0	0	0	0	0	0	0	0	0	0	0	0	0	0	0	0	0	0	0	0	0	0	0	0	0	0	0	0	0	0	0	0	0	0	0	0	0.605768443463109	0	0	0	0	0.839419903830928	0	0	0	0	0	0	0.617690669182412	0.564058855377007	0	0	0	0	0	0	0	0.762601884598349	0.627494763118178	0	0	0.533166038008507	0	0	0	0.741021421142724	0	0	0	0	0	0.632943075929768	0.968851066661282	0	0	0
0	0	0	0	0	0	0	0	0	0	0	0	0	0	0	0	0	0	0	0	0	0	0	0	0	0	0	0	0	0	0	0	0	0	0	0	0	0	0	0	0	0	0	0	0	0	0	0	0	0	0	0	0	0	0.854839594871523	0	0	0	0	0	0	0	0.585048185587457	0	0	0	0	0	0	0	0	0.761293773365495	0	0	0	0.527958185781742	0	0	0	0	0	0	0	0	0.512192174602854	0	0	0	0	0
0	0	0	0	0	0	0	0	0	0	0	0	0	0	0	0	0	0	0	0	0	0	0	0	0	0	0	0	0	0	0	0	0	0	0	0	0	0	0	0	0	0	0	0	0	0	0.927559810770045	0	0	0	0	0	0	0	0	0	0.92722329807579	0	0	0	0	0	0	0	0	0	0	0	0	0	0	0	0.744322345467864	0	0	0	0.61698116673045	0	0	0	0	0	0	0	0	0	0	0	0	0
0	0	0	0	0	0	0	0	0	0	0	0	0	0	0	0	0	0	0	0	0	0	0	0	0	0	0	0	0	0	0	0	0	0	0	0	0	0	0	0	0	0	0	0	0	0	0	0	0.705754510568745	0	0	0	0	0	0	0	0	0	0	0	0	0	0	0	0	0	0	0	0.708540885861844	0.90742709790895	0	0	0.827149030288374	0	0	0.513962916287553	0	0	0	0	0	0	0	0	0	0	0	0.995172770762645	0	0
0	0	0	0	0	0	0	0	0	0	0	0	0	0	0	0	0	0	0	0	0	0	0	0	0	0	0	0	0	0	0	0	0	0	0	0	0	0	0	0	0	0	0	0	0	0	0	0	0.829132896710967	0	0	0	0	0	0	0.731099989493184	0	0	0	0.552802849743917	0.854408052176794	0	0	0	0	0	0	0	0.947323778833248	0	0.94965176798437	0.863739346772878	0	0	0	0	0	0	0	0	0	0	0	0	0	0	0	0	0	0.751731763616231
0	0	0	0	0	0	0	0	0	0	0	0	0	0	0	0	0	0	0	0	0	0	0	0	0	0	0	0	0	0	0	0	0	0	0	0	0	0	0	0	0	0	0	0	0	0	0	0	0	0	0	0	0	0	0	0	0	0	0	0	0	0	0	0	0	0.561830128431268	0	0.623683764823154	0	0	0	0	0	0	0	0	0	0	0	0	0	0.62782199962471	0	0	0	0	0	0	0	0
0	0	0	0	0	0	0	0	0	0	0	0	0	0	0	0	0	0	0	0	0	0	0	0	0	0	0	0	0	0	0	0	0	0	0	0	0	0	0	0	0	0	0	0	0	0	0	0	0	0	0	0	0	0	0	0	0	0	0	0	0	0	0	0	0	0	0	0	0	0	0	0	0	0	0	0	0.99046567042911	0.764007877987687	0	0	0.571442540559954	0	0	0	0.665909897120008	0	0	0	0.525084046167347	0
0	0	0	0	0	0	0	0	0	0	0	0	0	0	0	0	0	0	0	0	0	0	0	0	0	0	0	0	0	0	0	0	0	0	0	0	0	0	0	0	0	0	0	0	0	0	0	0	0	0	0	0	0	0	0	0	0	0.978158559913207	0	0	0	0.697079883992406	0	0	0	0	0	0	0.925792647117427	0.86947030993341	0	0.560399433251964	0	0	0	0	0	0	0	0.540841198258882	0	0	0.789237597497029	0	0	0	0	0	0	0
0	0	0	0	0	0	0	0	0	0	0	0	0	0	0	0	0	0	0	0	0	0	0	0	0	0	0	0	0	0	0	0	0	0	0	0	0	0	0	0	0	0	0	0	0	0	0	0	0	0	0	0	0	0	0	0	0	0	0	0	0	0	0	0	0.553019863480174	0	0	0	0	0	0.809754741391715	0	0	0	0.627900051334054	0	0	0	0	0	0	0	0	0	0	0	0	0	0.673701513347726	0
0	0	0	0	0	0	0	0	0	0	0	0	0	0	0	0	0	0	0	0	0	0	0	0	0	0	0	0	0	0	0	0	0	0	0	0	0	0	0	0	0	0	0	0	0	0	0.781374208059767	0	0	0	0	0	0.936459531555352	0	0	0	0	0	0	0	0	0	0	0	0	0	0	0	0	0	0	0	0	0	0.883544999623726	0	0	0	0	0	0	0	0	0.669670990498708	0	0	0	0	0	0
0	0	0	0	0	0	0	0	0	0	0	0	0	0	0	0	0	0	0	0	0	0	0	0	0	0	0	0	0	0	0	0	0	0	0	0	0	0	0	0	0	0	0	0	0	0	0	0	0	0	0	0	0.552667158734514	0	0	0	0.894584393713715	0	0	0.603541059312871	0	0	0.776938384421998	0	0.641246153590789	0.552474225364214	0	0.617184909445711	0	0	0	0	0	0	0	0	0	0	0	0	0	0	0	0	0	0	0	0	0	0
0	0	0	0	0	0	0	0	0	0	0	0	0	0	0	0	0	0	0	0	0	0	0	0	0	0	0	0	0	0	0	0	0	0	0	0	0	0	0	0	0	0	0	0	0	0	0	0	0	0	0	0	0	0.537251667471644	0	0	0	0	0	0	0	0	0.593449695982489	0	0	0	0	0	0.916533182509136	0	0	0	0	0	0	0.785865300584761	0	0	0	0	0.536039933048696	0	0	0	0	0	0	0	0	0
0	0	0	0	0	0	0	0	0	0	0	0	0	0	0	0	0	0	0	0	0	0	0	0	0	0	0	0	0	0	0	0	0	0	0	0	0	0	0	0	0	0	0	0	0	0	0	0	0	0	0	0	0	0	0	0	0	0	0	0	0	0	0	0	0	0	0	0	0	0	0	0	0	0	0.620737105479416	0	0	0	0	0.906710623649704	0	0	0.835252067485589	0	0	0	0	0	0.946452792264877	0.872191196860985
0	0	0	0	0	0	0	0	0	0	0	0	0	0	0	0	0	0	0	0	0	0	0	0	0	0	0	0	0	0	0	0	0	0	0	0	0	0	0	0	0	0	0	0	0	0.6134686294545	0	0	0	0	0	0	0.826611715511413	0	0	0	0	0	0	0	0	0	0	0.582611852972054	0	0	0	0.93806216029124	0	0	0	0	0	0.927569577151132	0	0	0	0	0	0	0	0	0.711814120863147	0	0	0	0	0	0	0
0	0	0	0	0	0	0	0	0	0	0	0	0	0	0	0	0	0	0	0	0	0	0	0	0	0	0	0	0	0	0	0	0	0	0	0	0	0	0	0	0	0	0	0	0	0	0	0	0	0	0	0	0	0.562243460167493	0	0	0.822268194546935	0	0	0	0	0	0	0	0.909470440247474	0	0	0	0	0	0	0	0	0	0	0.982405350803156	0	0	0	0	0.966119955595792	0.66681524219898	0	0	0	0	0	0	0.827067329666084	0.805845626401897
0	0	0	0	0	0	0	0	0	0	0	0	0	0	0	0	0	0	0	0	0	0	0	0	0	0	0	0	0	0	0	0	0	0	0	0	0	0	0	0	0	0	0	0	0	0	0	0	0.729827395546415	0	0.55419202617256	0	0	0	0	0	0	0	0	0	0	0	0	0.760927421541901	0	0	0	0	0	0	0	0	0	0	0	0	0	0.748145298281595	0	0	0	0	0	0	0	0	0	0	0	0
0	0	0	0	0	0	0	0	0	0	0	0	0	0	0	0	0	0	0	0	0	0	0	0	0	0	0	0	0	0	0	0	0	0	0	0	0	0	0	0	0	0	0	0	0	0	0	0	0.80309757291148	0	0.625967033403062	0	0	0	0	0	0	0	0	0	0	0	0.753232123407277	0	0	0	0.572711770286079	0	0	0.522067492252258	0	0	0	0	0.712724284144318	0	0	0	0	0	0	0	0	0	0	0	0	0	0	0.835551109734929
0	0	0	0	0	0	0	0	0	0	0	0	0	0	0	0	0	0	0	0	0	0	0	0	0	0	0	0	0	0	0	0	0	0	0	0	0	0	0	0	0	0	0	0	0	0.7066363549594	0.678065258830055	0	0	0.642058197641537	0	0	0	0	0	0	0	0	0	0	0	0.633996961128187	0	0	0	0	0	0.640967480717312	0.624760322885359	0	0	0	0	0	0	0	0	0	0	0	0	0	0	0	0	0	0	0	0	0
0	0	0	0	0	0	0	0	0	0	0	0	0	0	0	0	0	0	0	0	0	0	0	0	0	0	0	0	0	0	0	0	0	0	0	0	0	0	0	0	0	0	0	0	0	0	0	0	0	0	0	0	0	0.74832369452701	0.650200478956873	0	0	0	0	0	0.941372656635675	0	0	0	0	0	0	0	0.737914477414494	0	0	0	0	0	0	0	0	0	0	0	0	0	0	0	0	0	0	0.728820664149231	0	0
0	0	0	0	0	0	0	0	0	0	0	0	0	0	0	0	0	0	0	0	0	0	0	0	0	0	0	0	0	0	0	0	0	0	0	0	0	0	0	0	0	0	0	0	0	0	0	0	0	0	0	0.50445344973476	0	0	0	0	0	0	0	0	0.875475645646359	0	0	0	0	0	0	0	0	0	0	0.991733880950177	0	0	0	0	0	0	0	0	0	0	0	0	0	0	0.983348847857379	0	0	0
0	0	0	0	0	0	0	0	0	0	0	0	0	0	0	0	0	0	0	0	0	0	0	0	0	0	0	0	0	0	0	0	0	0	0	0	0	0	0	0	0	0	0	0	0	0	0	0	0.618345076646268	0.677701329275217	0	0	0	0	0	0	0	0	0.611119498417608	0	0	0	0	0	0	0	0	0	0	0	0	0	0	0	0.979423554119996	0	0.670956375149752	0	0	0	0.941692080120399	0	0.899940719238176	0	0	0	0	0	0	0
0	0	0	0	0	0	0	0	0	0	0	0	0	0	0	0	0	0	0	0	0	0	0	0	0	0	0	0	0	0	0	0	0	0	0	0	0	0	0	0	0	0	0	0	0	0	0	0	0.603474612243439	0	0	0.633503504487423	0	0	0	0.94790409241323	0	0	0.800215400045564	0	0	0	0	0	0	0.5019059244004	0	0	0	0	0	0	0.990087181446598	0	0	0	0	0	0	0	0.649736367515285	0	0.527016871471957	0	0.605354807618312	0	0	0	0	0
