0	0.67158507499894	0.844533443613654	0.957850992458517	0	0	0	0	0	0	0	0	0	0	0	0	0	0	0	0	0	0	0	0	0	0	0	0	0	0	0	0	0	0	0	0	0	0	0	0	0	0	0.759457462672714	0.716347950628695	0.567930745978738	0	0	0	0	0	0	0	0	0	0	0	0	0	0	0	0	0	0	0	0	0	0	0	0	0	0	0	0	0	0	0	0	0	0	0	0	0	0	0	0	0	0	0	0	0
0.718664170123109	0	0.697126446574444	0.780855742407684	0.88220721320381	0	0	0	0	0	0	0	0	0	0	0	0	0	0	0	0	0	0	0	0	0	0	0	0	0	0	0	0	0	0	0	0	0	0	0	0	0	0	0.743880717027854	0.909593429494677	0	0	0	0	0	0	0	0	0	0	0	0	0	0	0	0	0	0	0	0	0	0	0	0	0	0	0	0	0	0	0	0	0	0	0	0	0	0	0	0	0	0	0	0	0
0.811680593250958	0.66262157398709	0	0.625726020832886	0.683117613470498	0.608170931675432	0	0	0	0	0	0	0	0	0	0	0	0	0	0	0	0	0	0	0	0	0	0	0	0	0	0	0	0	0	0	0	0	0	0	0	0	0	0	0.793984940367871	0	0	0	0	0	0	0	0	0	0	0	0	0	0	0	0	0	0	0	0	0	0	0	0	0	0	0	0	0	0	0	0	0	0	0	0	0	0	0	0	0	0	0	0	0
0.912515312004384	0.830293926108797	0.646963509131537	0	0.717411558292292	0.607177985655649	0.509373895915436	0	0	0	0	0	0	0	0	0	0	0	0	0	0	0	0	0	0	0	0	0	0	0	0	0	0	0	0	0	0	0	0	0	0	0	0	0	0	0	0	0	0	0	0	0	0	0	0	0	0	0	0	0	0	0	0	0	0	0	0	0	0	0	0	0	0	0	0	0	0	0	0	0	0	0	0	0	0	0	0	0	0	0
0	0.598345982836324	0.881104020277419	0.60378280793991	0	0	0.907635857963494	0.651745636032795	0	0	0	0	0	0	0	0	0	0	0	0	0	0	0	0	0	0	0	0	0	0	0	0	0	0	0.946896467018639	0	0	0	0	0	0	0	0	0	0	0	0	0	0	0	0	0	0	0	0	0	0	0	0	0	0	0	0	0	0	0	0	0	0	0	0	0	0	0	0	0	0	0	0	0	0	0	0	0	0	0	0	0	0	0
0	0	0.770897811345513	0.656060873145423	0	0	0.983944169581068	0.671126967059966	0.815645686505206	0	0	0	0	0	0	0	0	0	0	0	0	0	0	0	0	0	0	0	0	0	0	0	0	0	0	0	0	0	0	0	0	0	0	0	0	0	0	0	0	0	0	0	0	0	0	0	0	0	0	0	0	0	0	0	0	0	0	0	0	0	0	0	0	0	0	0	0	0	0	0	0	0	0	0	0	0	0	0	0	0
0	0	0	0.843061818509986	0.965880835884148	0.86458949948533	0	0.851663198315087	0.559213810194633	0.690407538451597	0	0	0	0	0	0	0	0	0	0	0	0	0	0	0	0	0	0	0	0	0	0	0	0	0	0	0	0	0	0	0	0	0	0	0	0	0	0	0	0	0	0	0	0	0	0	0	0	0	0	0	0	0	0	0	0	0	0	0	0	0	0	0	0	0	0	0	0	0	0	0	0	0	0	0	0	0	0	0	0
0	0	0	0	0.981362826943051	0.921219685372393	0.888763033718844	0	0.607116780585585	0.925456995217944	0.854036437822383	0	0	0	0	0	0	0	0	0	0	0	0	0	0	0	0	0	0	0	0	0	0	0	0	0	0	0	0	0	0	0	0	0	0	0	0	0	0	0	0	0	0	0	0	0	0	0	0	0	0	0	0	0	0	0	0	0	0	0	0	0	0	0	0	0	0	0	0	0	0	0	0	0	0	0	0	0	0	0
0	0	0	0	0	0.770758744522896	0.512635817390474	0.544008458638206	0	0.737319526346343	0.59220401841796	0.959700781874848	0	0	0	0	0	0	0	0	0	0	0	0	0	0	0	0	0	0	0	0	0	0	0	0	0	0	0	0	0	0	0	0	0	0	0	0	0	0	0	0	0	0	0	0	0	0	0	0	0	0	0	0	0	0	0	0	0	0	0	0	0	0	0	0	0	0	0	0	0	0	0	0	0	0	0	0	0	0
0	0	0	0	0	0	0.572506354281177	0.712066762116585	0.943131862333975	0	0.634102875635383	0.572122597310355	0.561863735757955	0	0	0	0	0	0	0	0	0	0	0	0	0	0	0	0	0	0	0	0	0	0	0	0	0	0	0	0	0	0	0	0	0	0	0	0	0	0	0	0	0	0	0	0	0	0	0	0	0	0	0	0	0	0	0	0	0	0	0	0	0	0	0	0	0	0	0	0	0	0	0	0	0	0	0	0	0
0	0	0	0	0	0	0	0.705531322901964	0.709689035667944	0.508984846422408	0	0.894983043973843	0.961429898297746	0.839020539606714	0	0	0	0	0	0	0	0	0	0	0	0	0	0	0	0	0	0	0	0	0	0	0	0	0	0	0	0	0	0	0	0	0	0	0	0	0	0	0	0	0	0	0	0	0	0	0	0	0	0	0	0	0	0	0	0	0	0	0	0	0	0	0	0	0	0	0	0	0	0	0	0	0	0	0	0
0	0	0	0	0	0	0	0	0.567766577337607	0.768945650098677	0.579293031563802	0	0.948831719545911	0.609086873221521	0.927895984160687	0	0	0	0	0	0	0	0	0	0	0	0	0	0	0	0	0	0	0	0	0	0	0	0	0	0	0	0	0	0	0	0	0	0	0	0	0	0	0	0	0	0	0	0	0	0	0	0	0	0	0	0	0	0	0	0	0	0	0	0	0	0	0	0	0	0	0	0	0	0	0	0	0	0	0
0	0	0	0	0	0	0	0	0	0.844529072603728	0.715109245710329	0.935111000035819	0	0.639278860895299	0.564285211764073	0.659779397093028	0.854773164329992	0	0	0	0	0	0	0	0	0	0	0	0	0	0	0	0	0	0	0	0	0	0	0	0	0	0	0	0	0	0	0	0	0	0	0	0	0	0	0	0	0	0	0	0	0	0	0	0	0	0	0	0	0	0	0	0	0	0	0	0	0	0	0	0	0	0	0	0	0	0	0	0	0
0	0	0	0	0	0	0	0	0	0	0.650466845498813	0.762079623719775	0.598881801405542	0	0.677236379001636	0.59628939790776	0.863878256881291	0	0	0	0	0	0	0	0	0	0	0	0	0	0	0	0	0	0	0	0	0	0	0	0	0	0	0	0	0	0	0	0	0	0	0	0	0	0	0	0	0	0	0	0	0	0	0	0	0	0	0	0	0	0	0	0	0	0	0	0	0	0	0	0	0	0	0	0	0	0	0	0	0
0	0	0	0	0	0	0	0	0	0	0	0.611650940855042	0.916204627239502	0.611099022081328	0	0.579028752484472	0.556430592033913	0.81983709118098	0	0	0	0	0	0	0	0	0	0	0	0	0	0	0	0	0	0	0	0	0	0	0	0	0	0	0	0	0	0	0	0	0	0	0	0	0	0	0	0	0	0	0	0	0	0	0	0	0	0	0	0	0	0	0	0	0	0	0	0	0	0	0	0	0	0	0	0	0	0	0	0
0	0	0	0	0	0	0	0	0	0	0	0	0.548825813766299	0.784771494229997	0.912069745381473	0	0.67701030964318	0.518836467857984	0.505371127664938	0	0	0	0	0	0	0	0	0	0	0	0	0	0	0	0	0	0	0	0	0	0	0	0	0	0	0	0	0	0	0	0	0	0	0	0	0	0	0	0	0	0	0	0	0	0	0	0	0	0	0	0	0	0	0	0	0	0	0	0	0	0	0	0	0	0	0	0	0	0	0
0	0	0	0	0	0	0	0	0	0	0	0	0.925526988174608	0.997130730391455	0.98196423417673	0.998593680179253	0	0.556637136079417	0	0.949248755841609	0	0	0	0	0	0	0	0	0	0	0	0	0	0	0	0	0	0	0	0	0	0	0	0	0	0	0	0	0	0	0	0	0	0	0	0	0	0	0	0	0	0	0	0	0	0	0	0	0	0	0	0	0	0	0	0	0	0	0	0	0	0	0	0	0	0	0	0	0	0
0	0	0	0	0	0	0	0	0	0	0	0	0	0	0.627384234936897	0.746803754811707	0.794078917723039	0	0.660598488295866	0.509178739695655	0.883957616981168	0	0	0	0	0	0	0	0	0	0	0	0	0	0	0	0	0	0	0	0	0	0	0	0	0	0	0	0	0	0	0	0	0	0	0	0	0	0	0	0	0	0	0	0	0	0	0	0	0	0	0	0	0	0	0	0	0	0	0	0	0	0	0	0	0	0	0	0	0
0	0	0	0	0	0	0	0	0	0	0	0	0	0	0	0.637188406191792	0	0.722491411648315	0	0.92790290263033	0.89430806844197	0.76953486983836	0	0	0	0	0	0	0	0	0	0	0	0	0	0	0	0	0	0	0	0	0	0	0	0	0	0	0	0	0	0	0	0	0	0	0	0	0	0	0	0	0	0	0	0	0	0	0	0	0	0	0	0	0	0	0	0	0	0	0	0	0	0	0	0	0	0	0	0
0	0	0	0	0	0	0	0	0	0	0	0	0	0	0	0	0.82457227708146	0.979388006405501	0.92072147660152	0	0.957817090119625	0.998809782857767	0.781144188597007	0	0	0	0	0	0	0	0	0	0	0	0	0	0	0	0	0	0	0	0	0	0	0	0	0	0	0	0	0	0	0	0	0	0	0	0	0	0	0	0	0	0	0	0	0	0	0	0	0	0	0	0	0	0	0	0	0	0	0	0	0	0	0	0	0	0	0
0	0	0	0	0	0	0	0	0	0	0	0	0	0	0	0	0	0.537690082493619	0.676871844925074	0.526365255455813	0	0.546238964470693	0.692097412065501	0.566026765370348	0	0	0.858015361194957	0	0	0	0	0	0	0	0	0	0	0	0	0	0	0	0	0	0	0	0	0	0	0	0	0	0	0	0	0	0	0	0	0	0	0	0	0	0	0	0	0	0	0	0	0	0	0	0	0	0	0	0	0	0	0	0	0	0	0	0	0	0	0
0	0	0	0	0	0	0	0	0	0	0	0	0	0	0	0	0	0	0.698169995005792	0.904009035766229	0.87314625739074	0	0.929812319290634	0.911517458685068	0.896848391664549	0	0	0	0	0	0	0	0	0	0	0	0	0	0	0	0	0	0	0	0	0	0	0	0	0	0	0	0	0	0	0	0	0	0	0	0	0	0	0	0	0	0	0	0	0	0	0	0	0	0	0	0	0	0	0	0	0	0	0	0	0	0	0	0	0
0	0	0	0	0	0	0	0	0	0	0	0	0	0	0	0	0	0	0	0.529187497307209	0.698180212601995	0.698897899962582	0	0.545122717199038	0.807012986175757	0.703226953533393	0	0	0	0	0	0	0	0	0	0	0	0	0	0	0	0	0	0	0	0	0	0	0	0	0	0	0	0	0	0	0	0	0	0	0	0	0	0	0	0	0	0	0	0	0	0	0	0	0	0	0	0	0	0	0	0	0	0	0	0	0	0	0	0
0	0	0	0	0	0	0	0	0	0	0	0	0	0	0	0	0	0	0	0	0.685804211564609	0.616825869275941	0.935690807722513	0	0.876517641096437	0.76632239013786	0.507233184237545	0	0	0	0	0	0	0	0	0	0	0	0	0	0	0	0	0	0	0	0	0	0	0	0	0	0	0	0	0	0	0	0	0	0	0	0	0	0	0	0	0	0	0	0	0	0	0	0	0	0	0	0	0	0	0	0	0	0	0	0	0	0	0
0	0	0	0	0	0	0	0	0	0	0	0	0	0	0	0	0	0	0	0	0	0.602235611037043	0.99150391915005	0.697357392000406	0	0.945221080938426	0.678579903136638	0.521618754484467	0	0	0	0	0	0	0	0	0	0	0	0	0	0	0	0	0	0	0	0	0	0	0	0	0	0	0	0	0	0	0	0	0	0	0	0	0	0	0	0	0	0	0	0	0	0	0	0	0	0	0	0	0	0	0	0	0	0	0	0	0	0
0	0	0	0	0	0	0	0	0	0	0	0	0	0	0	0	0	0	0	0	0	0	0.948788626518607	0.633711014618021	0.998102390675448	0	0.914193452906749	0.794758402025469	0.885015071046183	0	0	0	0	0	0	0	0	0	0	0	0	0	0	0	0	0	0	0	0	0	0	0	0	0	0	0	0	0	0	0	0	0	0	0	0	0	0	0	0	0	0	0	0	0	0	0	0	0	0	0	0	0	0	0	0	0	0	0	0	0
0	0	0	0	0	0	0	0	0	0	0	0	0	0	0	0	0	0	0	0	0.753973706398916	0	0	0.862982681252258	0.726936777339992	0.867242582359186	0	0.631283445130303	0.550930375290768	0	0	0	0	0	0	0	0	0	0	0	0	0	0	0	0	0	0	0	0	0	0	0	0	0	0	0	0	0	0	0	0	0	0	0	0	0	0	0	0	0	0	0	0	0	0	0	0	0	0	0	0	0	0	0	0	0	0	0	0	0
0	0	0	0	0	0	0	0	0	0	0	0	0	0	0	0	0	0	0	0	0	0	0	0	0.909256585115665	0.75391331570222	0.694151010622712	0	0.663507744917732	0.876550363949359	0.558972495401684	0	0	0	0	0	0	0	0	0	0	0	0	0	0	0	0	0	0	0	0	0	0	0	0	0	0	0	0	0	0	0	0	0	0	0	0	0	0	0	0	0	0	0	0	0	0	0	0	0	0	0	0	0	0	0	0	0	0	0
0	0	0	0	0	0	0	0	0	0	0	0	0	0	0	0	0	0	0	0	0	0	0	0	0	0.855796547973872	0.520585420868035	0.953547023460132	0	0.598275095457127	0.966106530338744	0.890707969762627	0	0	0	0	0	0	0	0	0	0	0	0	0	0	0	0	0	0	0	0	0	0	0	0	0	0	0	0	0	0	0	0	0	0	0	0	0	0	0	0	0	0	0	0	0	0	0	0	0	0	0	0	0	0	0	0	0	0
0	0	0	0	0	0	0	0	0	0	0	0	0	0	0	0	0	0	0	0	0	0	0	0	0	0	0	0.618896492530679	0.919582606432255	0	0.864650583047456	0.927432858126374	0.533371437829302	0	0	0	0	0	0	0	0	0	0	0	0	0	0	0	0	0	0	0	0	0	0	0	0	0	0	0	0	0	0	0	0	0	0	0	0	0	0	0	0	0	0	0	0	0	0	0	0	0	0	0	0	0	0	0	0	0
0	0	0	0	0	0	0	0	0	0	0	0	0	0	0	0	0	0	0	0	0	0	0	0	0	0	0	0.579010848518321	0.889378855454684	0.735125716087469	0	0.702740278267973	0.80380121935814	0.927467052025371	0	0	0	0	0	0	0	0	0	0	0	0	0	0	0	0	0	0	0	0	0	0	0	0	0	0	0	0	0	0	0	0	0	0	0	0	0	0	0	0	0	0	0	0	0	0	0	0	0	0	0	0	0	0	0	0
0	0	0	0	0	0	0	0	0	0	0	0	0	0	0	0	0	0	0	0	0	0	0	0	0	0	0	0	0.798311003598512	0.837745380397354	0.682571801119454	0	0.569058828795966	0.809535488463035	0.978722724742631	0	0	0	0	0	0	0	0	0	0	0	0	0	0	0	0	0	0	0	0	0	0	0	0	0	0	0	0	0	0	0	0	0	0	0	0	0	0	0	0	0	0	0	0	0	0	0	0	0	0	0	0	0	0	0
0	0	0	0	0	0	0	0	0	0	0	0	0	0	0	0	0	0	0	0	0	0	0	0	0	0	0	0	0	0.563943276540921	0.779954854567697	0.551662714214711	0	0.605147024227566	0.58022895091476	0.849026007948627	0	0	0	0	0	0	0	0	0	0	0	0	0	0	0	0	0	0	0	0	0	0	0	0	0	0	0	0	0	0	0	0	0	0	0	0	0	0	0	0	0	0	0	0	0	0	0	0	0	0	0	0	0	0
0	0	0	0	0	0	0	0	0	0	0	0	0	0	0	0	0	0	0	0	0	0	0	0	0	0	0	0	0	0	0.845606129102702	0.867436770039406	0.998857458271898	0	0.725731209328854	0.813793748539476	0.670257567516584	0	0	0	0	0	0	0	0	0	0	0	0	0	0	0	0	0	0	0	0	0	0	0	0	0	0	0	0	0	0	0	0	0	0	0	0	0	0	0	0	0	0	0	0	0	0	0	0	0	0	0	0	0
0	0	0	0	0.561025892707868	0	0	0	0	0	0	0	0	0	0	0	0	0	0	0	0	0	0	0	0	0	0	0	0	0	0	0.819716641217294	0.839341403635554	0.881162002016509	0	0.784002584130218	0.672725897104982	0.645622240051369	0	0	0	0	0	0	0	0	0	0	0	0	0	0	0	0	0	0	0	0	0	0	0	0	0	0	0	0	0	0	0	0	0	0	0	0	0	0	0	0	0	0	0	0	0	0	0	0	0	0	0	0
0	0	0	0	0	0	0	0	0	0	0	0	0	0	0	0	0	0	0	0	0	0	0	0	0	0	0	0	0	0	0	0	0.58815165301167	0.920058782935701	0.600074809441141	0	0.842920623548721	0.565061049558123	0.627758044775541	0	0	0	0	0	0	0	0	0	0	0	0	0	0	0	0	0	0	0	0	0	0	0	0	0	0	0	0	0	0	0	0	0	0	0	0	0	0	0	0	0	0	0	0	0	0	0	0	0	0	0
0	0	0	0	0	0	0	0	0	0	0	0	0	0	0	0	0	0	0	0	0	0	0	0	0	0	0	0	0	0	0	0	0	0.62030218391888	0.717918604850581	0.825872136956528	0	0.511996981771649	0.507449426500825	0.77021654374427	0	0	0	0	0	0	0	0	0	0	0	0	0	0	0	0	0	0	0	0	0	0	0	0	0	0	0	0	0	0	0	0	0	0	0	0	0	0	0	0	0	0	0	0	0	0	0	0	0	0
0	0	0	0	0	0	0	0	0	0	0	0	0	0	0	0	0	0	0	0	0	0	0	0	0	0	0	0	0	0	0	0	0	0	0.620106543903715	0.737498936296904	0.690247668261746	0	0.57522586158191	0.890953554352557	0.75092670469799	0	0	0	0	0	0	0	0	0	0	0	0	0	0	0	0	0	0	0	0	0	0	0	0	0	0	0	0	0	0	0	0	0	0	0	0	0	0	0	0	0	0	0	0	0	0	0	0	0
0	0	0	0	0	0	0	0	0	0	0	0	0	0	0	0	0	0	0	0	0	0	0	0	0	0	0	0	0	0	0	0	0	0	0	0.753500585779634	0.85689114398577	0.794991743919651	0	0.775305821791575	0.738950386880148	0.725024547114483	0	0	0	0	0	0	0	0	0	0	0	0	0	0	0	0	0	0	0	0	0	0	0	0	0	0	0	0	0	0	0	0	0	0	0	0	0	0	0	0	0	0	0	0	0	0	0	0
0	0	0	0	0	0	0	0	0	0	0	0	0	0	0	0	0	0	0	0	0	0	0	0	0	0	0	0	0	0	0	0	0	0	0	0	0.507647484284709	0.759063107295437	0.686465701705058	0	0.69223827025351	0.621166830115433	0.628730153672931	0	0	0	0	0	0	0	0	0	0	0	0	0	0	0	0	0	0	0	0	0	0	0	0	0	0	0	0	0	0	0	0	0	0	0	0	0	0	0	0	0	0	0	0	0	0	0
0	0	0	0	0	0	0	0	0	0	0	0	0	0	0	0	0	0	0	0	0	0	0	0	0	0	0	0	0	0	0	0	0	0	0	0	0	0.975815031508129	0.749116545363573	0.913937465445978	0	0.589139968445446	0.69131591261322	0.571918602135866	0	0	0	0	0	0	0	0	0	0	0	0	0	0	0	0	0	0	0	0	0	0	0	0	0	0	0	0	0	0	0	0	0	0	0	0	0	0	0	0	0	0	0	0	0	0
0	0	0	0	0	0	0	0	0	0	0	0	0	0	0	0	0	0	0	0	0	0	0	0	0	0	0	0	0	0	0	0	0	0	0	0	0	0	0.628315198279092	0.921470533473208	0.583942884545337	0	0.936904626807713	0.823647931424305	0.97438472398236	0	0	0	0	0	0	0	0	0	0	0	0	0	0	0	0	0	0	0	0	0	0	0	0	0	0	0	0	0	0	0	0	0	0	0	0	0	0	0	0	0	0	0	0	0
0.93339297809705	0	0	0	0	0	0	0	0	0	0	0	0	0	0	0	0	0	0	0	0	0	0	0	0	0	0	0	0	0	0	0	0	0	0	0	0	0	0	0.608370439180801	0.90507285930638	0.534805787898846	0	0.999587877955745	0.75315702569117	0	0	0	0	0	0	0	0	0	0	0	0	0	0	0	0	0	0	0	0	0	0	0	0	0	0	0	0	0	0	0	0	0	0	0	0	0	0	0	0	0	0	0	0	0
0.677852301778815	0.573329418083382	0	0	0	0	0	0	0	0	0	0	0	0	0	0	0	0	0	0	0	0	0	0	0	0	0	0	0	0	0	0	0	0	0	0	0	0	0	0	0.716631732377682	0.84219562288324	0.821684382970712	0	0.966191438785622	0	0	0	0	0	0	0	0	0	0	0	0	0	0	0	0	0	0	0	0	0	0	0	0	0	0	0	0	0	0	0	0	0	0	0	0	0	0	0	0	0	0	0	0	0
0.533803411546403	0.862057974294512	0.852050386953602	0	0	0	0	0	0	0	0	0	0	0	0	0	0	0	0	0	0	0	0	0	0	0	0	0	0	0	0	0	0	0	0	0	0	0	0	0	0	0.669705413552673	0.866338030669437	0.962083227204515	0	0	0	0	0	0	0	0	0	0	0	0	0	0	0	0	0	0	0	0	0	0	0	0	0	0	0	0	0	0	0	0	0	0	0	0	0	0	0	0	0	0	0	0	0	0
0	0	0	0	0	0	0	0	0	0	0	0	0	0	0	0	0	0	0	0	0	0	0	0	0	0	0	0	0	0	0	0	0	0	0	0	0	0	0	0	0	0	0	0	0	0	0	0.968249610304921	0	0	0.708270720359537	0.652770407849285	0.523737570012593	0	0	0	0.693639180787166	0.680824424746513	0	0.654867307777176	0	0.854312598553534	0	0	0	0	0	0	0	0	0	0	0	0.550294265008625	0	0	0.982649036458141	0.512475978101313	0	0	0	0	0	0.909983489027494	0.78096602884197	0	0	0	0	0
0	0	0	0	0	0	0	0	0	0	0	0	0	0	0	0	0	0	0	0	0	0	0	0	0	0	0	0	0	0	0	0	0	0	0	0	0	0	0	0	0	0	0	0	0	0	0	0	0	0	0.557827152426813	0.935019312992109	0.846560342208346	0	0	0	0.618611709347265	0.588483908250709	0	0	0.565395067579097	0.921275734284206	0.798745227082582	0	0	0	0	0	0	0	0	0	0	0	0	0	0.767578336420968	0	0	0	0	0	0	0.837994070925485	0	0	0	0.64697553486331	0	0
0	0	0	0	0	0	0	0	0	0	0	0	0	0	0	0	0	0	0	0	0	0	0	0	0	0	0	0	0	0	0	0	0	0	0	0	0	0	0	0	0	0	0	0	0	0.624668048995417	0	0	0	0	0.800634767493761	0	0	0	0	0	0	0	0.975630208108522	0	0	0	0	0.986086032606953	0.637276976968524	0	0	0.622470893394309	0	0	0	0	0	0	0.556441497385507	0	0	0.679275540281226	0	0.84555789137128	0	0	0	0.799943727346857	0	0	0	0	0	0
0	0	0	0	0	0	0	0	0	0	0	0	0	0	0	0	0	0	0	0	0	0	0	0	0	0	0	0	0	0	0	0	0	0	0	0	0	0	0	0	0	0	0	0	0	0	0	0	0	0.957345874090536	0	0	0.969455263229037	0	0.735279809029543	0	0.731749616746975	0	0	0	0	0	0	0.944797872007765	0	0	0	0	0	0	0.688552102204218	0	0.694863713440067	0.747781872279315	0.99917937133332	0	0	0	0	0	0	0	0.902695085110974	0.608334321537036	0	0	0	0	0.779408751753307	0.555855307924741
0	0	0	0	0	0	0	0	0	0	0	0	0	0	0	0	0	0	0	0	0	0	0	0	0	0	0	0	0	0	0	0	0	0	0	0	0	0	0	0	0	0	0	0	0	0	0	0	0.787218046549478	0	0.527895696777738	0	0	0.818941818412792	0.860981771042822	0	0	0	0	0.601735535161363	0.953255007320738	0.851610433130971	0	0	0	0	0.865033976478368	0	0.622498794811732	0	0	0	0	0.822692658891389	0	0	0.678448604581138	0	0	0.735780306804696	0	0.856598830626326	0	0.635665317904446	0	0	0	0.649967257440039	0	0
0	0	0	0	0	0	0	0	0	0	0	0	0	0	0	0	0	0	0	0	0	0	0	0	0	0	0	0	0	0	0	0	0	0	0	0	0	0	0	0	0	0	0	0	0	0.616107303491422	0.792330529884901	0.846934818070313	0	0.903940431053852	0	0	0	0	0	0	0	0.759515342727902	0.909693017077211	0	0	0	0	0.850290609662942	0	0	0.637781113961415	0	0	0	0	0.749460455472638	0	0.667492595319289	0	0	0	0	0	0.603801265893936	0.903004440024834	0	0	0	0	0.943600777982004	0	0.975779098561131	0.798299618562768	0
0	0	0	0	0	0	0	0	0	0	0	0	0	0	0	0	0	0	0	0	0	0	0	0	0	0	0	0	0	0	0	0	0	0	0	0	0	0	0	0	0	0	0	0	0	0.657666279943108	0.600283525312793	0	0	0	0	0	0.95671263846461	0	0	0	0.548316663415363	0	0	0	0	0	0	0	0	0.704650713461139	0.680382889368622	0	0	0	0.536449996011286	0	0	0	0	0	0.677675738390715	0	0	0	0	0	0	0	0	0	0	0.724101294180775	0	0
0	0	0	0	0	0	0	0	0	0	0	0	0	0	0	0	0	0	0	0	0	0	0	0	0	0	0	0	0	0	0	0	0	0	0	0	0	0	0	0	0	0	0	0	0	0.874407965619417	0.849272792069615	0	0.988674869006276	0	0	0.915408165537365	0	0	0	0.907003725406014	0.85583959547182	0.838715779910842	0	0.532146343144284	0	0.550085400589735	0.724955439619849	0.6130527861876	0	0.934339911166003	0	0.984022056906626	0.758704469432597	0	0	0	0	0.981110158529458	0	0.672488816822753	0	0	0	0.545587174965799	0	0	0.79420671177345	0	0	0	0	0	0	0
0	0	0	0	0	0	0	0	0	0	0	0	0	0	0	0	0	0	0	0	0	0	0	0	0	0	0	0	0	0	0	0	0	0	0	0	0	0	0	0	0	0	0	0	0	0	0	0	0	0.640470658499368	0	0	0	0	0.828638504313041	0	0.677560394676871	0.655445152445655	0	0	0.997564652621523	0.990689267671566	0	0.58081018427274	0	0	0	0	0	0.909909297281663	0	0	0	0.674685630671747	0	0	0	0	0.606157865804187	0	0	0.894647330045384	0	0	0	0	0.711867935737676	0	0	0.832537184397285
0	0	0	0	0	0	0	0	0	0	0	0	0	0	0	0	0	0	0	0	0	0	0	0	0	0	0	0	0	0	0	0	0	0	0	0	0	0	0	0	0	0	0	0	0	0	0	0	0.612264515093289	0.652295174913973	0	0	0	0.624617774413944	0	0	0	0.608500488210645	0.558790728169559	0	0	0	0.96243898835842	0	0	0	0	0	0	0.517672189683389	0.95671545584235	0.623465789958004	0	0	0.719929185742722	0	0.958079401256717	0	0.894426510255543	0	0	0	0	0	0	0	0	0.518293053725742	0.846670987371333	0.840411070394456
0	0	0	0	0	0	0	0	0	0	0	0	0	0	0	0	0	0	0	0	0	0	0	0	0	0	0	0	0	0	0	0	0	0	0	0	0	0	0	0	0	0	0	0	0	0	0	0	0	0	0	0	0.591663842274685	0	0	0	0.545176652979274	0	0.559446781667747	0	0	0	0	0	0.769546646159749	0	0	0	0	0	0	0.707600041998874	0	0	0	0	0	0	0	0.639966579879556	0	0	0.56981885266164	0	0.622335279754742	0.771763269341567	0	0.945773266202267	0	0.503154553237691
0	0	0	0	0	0	0	0	0	0	0	0	0	0	0	0	0	0	0	0	0	0	0	0	0	0	0	0	0	0	0	0	0	0	0	0	0	0	0	0	0	0	0	0	0	0.553054732328731	0.979140744257543	0	0.952307103542687	0	0	0.662542391712373	0.564500100580191	0.611042826433561	0	0.69390711277275	0	0	0.758897524487014	0	0.886231171138602	0	0	0.877894256513067	0	0	0	0.9356671196483	0	0	0	0	0	0	0	0.87815553149155	0.543012007511223	0.9694849945357	0	0	0	0	0	0	0	0	0	0	0	0
0	0	0	0	0	0	0	0	0	0	0	0	0	0	0	0	0	0	0	0	0	0	0	0	0	0	0	0	0	0	0	0	0	0	0	0	0	0	0	0	0	0	0	0	0	0.867230268979551	0.878585802530725	0	0	0	0.813434154650388	0	0.689085181360719	0.882082973636039	0.728141680788014	0	0	0	0	0.516294039106888	0	0	0.688352586453267	0	0	0.958193929605252	0	0.929247095144499	0	0	0.777277082894011	0.653174227894373	0	0	0.758665578443577	0.880232985920209	0	0	0	0.539876629910068	0	0	0	0	0.867009760981123	0	0	0	0.51879013765493	0
0	0	0	0	0	0	0	0	0	0	0	0	0	0	0	0	0	0	0	0	0	0	0	0	0	0	0	0	0	0	0	0	0	0	0	0	0	0	0	0	0	0	0	0	0	0	0	0.703392817102678	0	0	0.567979695007798	0	0	0	0.626637312650231	0.920284991415012	0.516533197479153	0	0	0.656255578652829	0	0.782191574068596	0	0	0	0	0	0.783569636827663	0	0	0	0.567444021149593	0	0.933116614430878	0	0.688599272533998	0.75674276650863	0	0	0.532920976231676	0	0	0	0	0	0	0	0	0	0.805016139544495
0	0	0	0	0	0	0	0	0	0	0	0	0	0	0	0	0	0	0	0	0	0	0	0	0	0	0	0	0	0	0	0	0	0	0	0	0	0	0	0	0	0	0	0	0	0.60183289382079	0	0	0	0.508556119443276	0	0	0.932456274853095	0	0	0	0	0.756114913211925	0.547993484253279	0	0	0	0.522037553083933	0	0.912369357956206	0.513771599505187	0	0	0	0	0	0.966102455476958	0	0	0	0	0	0	0	0.726600716497736	0	0	0	0.582276585337422	0	0	0	0	0	0
0	0	0	0	0	0	0	0	0	0	0	0	0	0	0	0	0	0	0	0	0	0	0	0	0	0	0	0	0	0	0	0	0	0	0	0	0	0	0	0	0	0	0	0	0	0	0.928073428333222	0	0	0.766452103131402	0	0	0	0.676365756047286	0	0	0.861659323370102	0	0	0	0	0.793872278757789	0	0	0	0.876679233569124	0.93865321625396	0	0	0.905330818747868	0	0	0	0	0.997015667982516	0.840110298335154	0.656613674407416	0	0	0	0.661739653074563	0	0	0.732959007653789	0	0.652200885177758	0.93327426321551	0.625693395667227	0	0
0	0	0	0	0	0	0	0	0	0	0	0	0	0	0	0	0	0	0	0	0	0	0	0	0	0	0	0	0	0	0	0	0	0	0	0	0	0	0	0	0	0	0	0	0	0.597085383765993	0.762876862177909	0	0	0.922803469694658	0	0	0.855877411352061	0.962276331846747	0	0	0	0	0.639485984711646	0	0.718499625371591	0	0	0.705984882154611	0	0.862394299385941	0	0.917775724271448	0	0.982115431855186	0	0	0.619517727118752	0.609288786269918	0	0.700358771302433	0	0	0	0	0	0	0	0	0	0	0	0	0.966186979059301	0
0	0	0	0	0	0	0	0	0	0	0	0	0	0	0	0	0	0	0	0	0	0	0	0	0	0	0	0	0	0	0	0	0	0	0	0	0	0	0	0	0	0	0	0	0	0	0.621263412488536	0	0	0	0	0	0.872515201616299	0	0.892068241008378	0	0	0.889877983856124	0	0.900908989971443	0	0	0	0	0	0.871009829092759	0.765195419111726	0.668431798971282	0	0.763399183015408	0	0	0	0	0	0.746767994917124	0.941380413417876	0	0	0	0.692683063189247	0.836630925670696	0	0	0.868237257815691	0	0	0	0	0
0	0	0	0	0	0	0	0	0	0	0	0	0	0	0	0	0	0	0	0	0	0	0	0	0	0	0	0	0	0	0	0	0	0	0	0	0	0	0	0	0	0	0	0	0	0	0	0.71821852494093	0.897573698909369	0	0.701249139192571	0	0.616908452359214	0.948500575305818	0	0	0.751020127906513	0	0	0	0	0.910726968830809	0	0	0	0.778205078539861	0	0	0	0.688881905241874	0.954538090108535	0	0.82562617747841	0	0	0	0	0	0.610174342374469	0	0	0	0	0	0.82481978416079	0.815749774595888	0	0	0	0.974338433222446
0	0	0	0	0	0	0	0	0	0	0	0	0	0	0	0	0	0	0	0	0	0	0	0	0	0	0	0	0	0	0	0	0	0	0	0	0	0	0	0	0	0	0	0	0	0	0	0.61055099234437	0	0	0	0	0	0	0	0.664715389566838	0	0	0	0.906608434559847	0	0	0	0	0	0	0	0	0	0	0	0.79984193767856	0.938642290181011	0	0	0	0	0	0	0	0	0	0	0	0.789299185986186	0	0	0	0	0.574487174268803
0	0	0	0	0	0	0	0	0	0	0	0	0	0	0	0	0	0	0	0	0	0	0	0	0	0	0	0	0	0	0	0	0	0	0	0	0	0	0	0	0	0	0	0	0	0	0	0	0	0	0	0.711904218465797	0.600405975434153	0	0	0	0	0.611316880158388	0	0.977924049232308	0.630979682937309	0.531374962508412	0.62838977545707	0.831462321583529	0	0	0.977144009807929	0.758822009937632	0	0	0.682550499394003	0	0.603135612964388	0	0	0	0	0	0	0.806764432608422	0.531983629624513	0	0	0	0	0	0	0.75121256790665	0	0.556844121691575
0	0	0	0	0	0	0	0	0	0	0	0	0	0	0	0	0	0	0	0	0	0	0	0	0	0	0	0	0	0	0	0	0	0	0	0	0	0	0	0	0	0	0	0	0	0	0	0	0	0.666666443246942	0.529832063336009	0.932855837939905	0	0	0	0	0	0	0	0	0.611948366445535	0	0.597268332558674	0	0	0.631565857636415	0	0	0	0	0	0.507171577542484	0.803361800913072	0.786812120952964	0	0	0	0	0.814411261572163	0	0	0.847240692307889	0.988462628052498	0.563544266859248	0	0.579584564981824	0	0.844572251611206	0	0.907383311351183
0	0	0	0	0	0	0	0	0	0	0	0	0	0	0	0	0	0	0	0	0	0	0	0	0	0	0	0	0	0	0	0	0	0	0	0	0	0	0	0	0	0	0	0	0	0	0	0.770685820924576	0	0	0	0	0.585987577015362	0	0	0	0.901801919790819	0.574772251524125	0.513782703351419	0	0	0.644084602792567	0.790215117451294	0	0	0.53983398738534	0	0	0	0	0.533965714849143	0	0.551200695655635	0	0	0.653378228952097	0	0.755170795606011	0	0	0	0.594842874600788	0	0	0	0.712419353439517	0.557729893150768	0.992796910917481	0	0
0	0	0	0	0	0	0	0	0	0	0	0	0	0	0	0	0	0	0	0	0	0	0	0	0	0	0	0	0	0	0	0	0	0	0	0	0	0	0	0	0	0	0	0	0	0	0	0	0	0.988359368251595	0	0	0.548408776718329	0	0	0	0	0	0	0	0	0	0	0	0	0	0	0	0	0	0	0	0	0.704404667699405	0	0.710254848125694	0.808317878542403	0.66357842590885	0.732748811568513	0.561447924798766	0	0	0	0.830222938688751	0.996357284355814	0.657053023012844	0.818872937355766	0	0	0.7109991341086
0	0	0	0	0	0	0	0	0	0	0	0	0	0	0	0	0	0	0	0	0	0	0	0	0	0	0	0	0	0	0	0	0	0	0	0	0	0	0	0	0	0	0	0	0	0	0	0	0	0	0	0	0	0.543679742569896	0.613221410338066	0	0	0	0	0	0.858837350334272	0.582853755008884	0.963404228624313	0.849159467110465	0	0	0	0	0	0	0	0	0.713424444701498	0	0	0	0.768558650511167	0.879976280538373	0	0	0.9549580057233	0	0	0.88029514645691	0	0	0	0	0	0.791257000998507
0	0	0	0	0	0	0	0	0	0	0	0	0	0	0	0	0	0	0	0	0	0	0	0	0	0	0	0	0	0	0	0	0	0	0	0	0	0	0	0	0	0	0	0	0	0	0	0	0.696810893510067	0	0	0.641179762479857	0	0	0.828239485347217	0	0	0.945648285473771	0	0	0	0	0	0.740128965480004	0	0.995241875619258	0	0.7011060741065	0	0	0	0	0	0	0.904004486914116	0.924731897623871	0.540491855022285	0.608753790556644	0	0	0	0	0.860423998948704	0	0.936413040810792	0	0	0	0	0.557249324478116
0	0	0	0	0	0	0	0	0	0	0	0	0	0	0	0	0	0	0	0	0	0	0	0	0	0	0	0	0	0	0	0	0	0	0	0	0	0	0	0	0	0	0	0	0	0	0	0	0	0	0.966946517263988	0	0	0	0.665167155220488	0.573401380448201	0	0.527592901145612	0.954284217917743	0.503232266246479	0	0	0	0	0.748783114808926	0	0.943469175305676	0	0	0	0	0	0	0	0	0	0	0	0	0.635105882375504	0	0	0	0	0.683712789702086	0.807396581166229	0.665116207064882	0	0	0
0	0	0	0	0	0	0	0	0	0	0	0	0	0	0	0	0	0	0	0	0	0	0	0	0	0	0	0	0	0	0	0	0	0	0	0	0	0	0	0	0	0	0	0	0	0	0	0	0.619878093860126	0	0	0	0	0	0	0	0	0	0	0	0	0.557602076963105	0	0.871147935887354	0.959823641393951	0.534396418369996	0.931183238396303	0.566666693525665	0	0.972318091108345	0	0	0	0.780785074602532	0	0.998218228429686	0.704658239235726	0	0	0	0	0.844618466670306	0	0.74299727442001	0	0.86509197605162	0.701701705629739	0	0	0
0	0	0	0	0	0	0	0	0	0	0	0	0	0	0	0	0	0	0	0	0	0	0	0	0	0	0	0	0	0	0	0	0	0	0	0	0	0	0	0	0	0	0	0	0	0.805954469093444	0	0	0.738290531053654	0.56932905247713	0.715862043944163	0	0.786107036580024	0.972445651484743	0	0	0	0	0.997712745140553	0	0	0.567547326341888	0	0	0	0	0.720069253905035	0	0.801251258195611	0	0	0	0.819578243607632	0	0	0.572939674591709	0	0	0	0.845573154721467	0	0	0.64894591679283	0	0	0	0	0	0.998575169299243	0
0	0	0	0	0	0	0	0	0	0	0	0	0	0	0	0	0	0	0	0	0	0	0	0	0	0	0	0	0	0	0	0	0	0	0	0	0	0	0	0	0	0	0	0	0	0	0	0.919055944452877	0.859420629288509	0	0	0	0	0	0.709485041633106	0	0	0.644283877817604	0	0	0.954363138205738	0	0	0	0	0	0	0	0	0	0.653123559776314	0	0	0	0	0	0.718786687170368	0	0.66686382381838	0.706644430788656	0	0	0	0	0	0.984614100730951	0	0	0.726471331215312	0.893632340625196
0	0	0	0	0	0	0	0	0	0	0	0	0	0	0	0	0	0	0	0	0	0	0	0	0	0	0	0	0	0	0	0	0	0	0	0	0	0	0	0	0	0	0	0	0	0	0	0	0	0	0	0	0.690680649576793	0	0	0	0.670986403667333	0.921704296868015	0.807260901140906	0	0.648521845867298	0.560251341739423	0.721739961103452	0	0	0	0	0.629311511850874	0.781658728934228	0	0.569362910496406	0	0.526263079693451	0.834444457202688	0	0	0.991548425627506	0.720256886540885	0.933804444392882	0	0.605976086640865	0	0.652807325034148	0.534330289366861	0	0	0.711442670044593	0	0.564481171911442	0.747692888582234
0	0	0	0	0	0	0	0	0	0	0	0	0	0	0	0	0	0	0	0	0	0	0	0	0	0	0	0	0	0	0	0	0	0	0	0	0	0	0	0	0	0	0	0	0	0.541137329481817	0.580931347296832	0	0	0.923569946880311	0	0.659800841764133	0	0	0.842501430206482	0	0.54870445943153	0	0.552933361487457	0	0.917544451034357	0	0.672719711465483	0	0	0	0	0	0.941966603188956	0.718023596279752	0.508303891565925	0	0.801077902586723	0	0.554719648465448	0.568287723676105	0	0	0.799912912100927	0.614078716207173	0	0.950141359578193	0.6306602775581	0	0.578353054748394	0	0.589341919903827	0.731180128291209	0.951152854570805	0.759363979514333
0	0	0	0	0	0	0	0	0	0	0	0	0	0	0	0	0	0	0	0	0	0	0	0	0	0	0	0	0	0	0	0	0	0	0	0	0	0	0	0	0	0	0	0	0	0.569774532638834	0	0.817382853458985	0	0	0	0	0	0	0	0	0.670457233752193	0	0	0	0	0	0	0	0	0	0	0.716617058320596	0.709106083100991	0.890958021278746	0.69675422231047	0	0	0	0	0.600943321937495	0	0	0.959231545590613	0.503969248574478	0	0	0	0	0	0.989410141658368	0	0.709981904611743	0	0
0	0	0	0	0	0	0	0	0	0	0	0	0	0	0	0	0	0	0	0	0	0	0	0	0	0	0	0	0	0	0	0	0	0	0	0	0	0	0	0	0	0	0	0	0	0	0	0	0	0	0	0	0	0.791365069460315	0.971037498834932	0	0	0	0	0	0	0	0	0.764750215632528	0	0	0.750552214112678	0	0.683655019764777	0	0	0	0	0	0.775100286879546	0.853462388434178	0.564331137128296	0.723679370063399	0	0	0.772233014285002	0	0.828627173912682	0	0.577439252137967	0.78690012164298	0	0	0	0.948752415340771
0	0	0	0	0	0	0	0	0	0	0	0	0	0	0	0	0	0	0	0	0	0	0	0	0	0	0	0	0	0	0	0	0	0	0	0	0	0	0	0	0	0	0	0	0	0	0	0.935179016823233	0	0.751321223551208	0.618900851519201	0	0.786318462046601	0	0	0.811023065660285	0	0.621229886360001	0.712008337563506	0.84545037824521	0	0	0	0	0	0.750336475327063	0	0	0.804735315934244	0	0	0.847676884266672	0	0.861714910911841	0.59985802311225	0	0.662338308481063	0.794691291186743	0	0	0.618059990560651	0	0	0	0	0	0.557016643708141	0	0	0.893324437754802
0	0	0	0	0	0	0	0	0	0	0	0	0	0	0	0	0	0	0	0	0	0	0	0	0	0	0	0	0	0	0	0	0	0	0	0	0	0	0	0	0	0	0	0	0	0	0	0	0	0	0.63472667521697	0	0	0	0	0	0	0	0	0	0.789726376913881	0	0.871209445627784	0	0	0.782355751159534	0	0	0	0.991621449297692	0	0	0	0	0	0.781714468894744	0	0	0.857426984510598	0.700037628042806	0	0	0.690881321615575	0	0.83389904101982	0	0	0	0	0
0	0	0	0	0	0	0	0	0	0	0	0	0	0	0	0	0	0	0	0	0	0	0	0	0	0	0	0	0	0	0	0	0	0	0	0	0	0	0	0	0	0	0	0	0	0	0	0	0	0.884431047234606	0	0	0	0.882867471675792	0	0	0	0	0	0	0	0	0.562442010398635	0	0	0	0.906052227958812	0.928271667397313	0	0	0	0	0.996719044004021	0	0	0	0.906206594683282	0	0	0	0	0	0	0.617285972356806	0	0.573369273642521	0.539596434130402	0	0.884903662779118	0
0	0	0	0	0	0	0	0	0	0	0	0	0	0	0	0	0	0	0	0	0	0	0	0	0	0	0	0	0	0	0	0	0	0	0	0	0	0	0	0	0	0	0	0	0	0	0	0	0.608486589581803	0	0	0	0.689380427324559	0	0	0.892412479463062	0	0	0	0	0	0	0	0	0	0	0.795130391606917	0	0	0	0.679540204051471	0	0	0.524525059956375	0	0.845201001736307	0.924698768404226	0	0.770844637950539	0	0.951405703479319	0	0	0.712794164881735	0	0.51113285590971	0.726249578138747	0.609340884273521	0	0
0	0	0	0	0	0	0	0	0	0	0	0	0	0	0	0	0	0	0	0	0	0	0	0	0	0	0	0	0	0	0	0	0	0	0	0	0	0	0	0	0	0	0	0	0	0.579974036735632	0.926660842920187	0.862547112805065	0.856676916418886	0.949903078076606	0	0	0	0	0	0	0	0	0	0.761491260668959	0.960511873535636	0	0	0	0	0	0.516445254975536	0	0.899472054171595	0.983298421995415	0	0	0.821521102790117	0	0	0.500086086153426	0	0	0	0	0	0.983024827608603	0.737881996969805	0	0	0	0.732083355271902	0	0	0
0	0	0	0	0	0	0	0	0	0	0	0	0	0	0	0	0	0	0	0	0	0	0	0	0	0	0	0	0	0	0	0	0	0	0	0	0	0	0	0	0	0	0	0	0	0.857774381762394	0	0	0	0	0	0	0	0	0	0.627654830230115	0	0.549712287895214	0	0	0	0	0.518646410643531	0.528355941739839	0.974664947828964	0	0	0	0.93037912739104	0	0.957555722414572	0.975111941951098	0	0	0	0	0.783688858645513	0	0.904997394891855	0	0.728498429390136	0	0	0	0	0.554929147508624	0	0	0	0
0	0	0	0	0	0	0	0	0	0	0	0	0	0	0	0	0	0	0	0	0	0	0	0	0	0	0	0	0	0	0	0	0	0	0	0	0	0	0	0	0	0	0	0	0	0	0	0	0	0	0.913158724028026	0	0	0	0	0.834421118340538	0	0	0	0	0.923045922533092	0	0	0.749019750234001	0	0	0.591589354745264	0.813663302351044	0.697886622017736	0	0	0.91534080381878	0.614653076794778	0	0.620321374515229	0	0	0.529208841495986	0.951367435127905	0	0	0.776160718584932	0.99850464249962	0	0.507255195542022	0	0	0	0	0
0	0	0	0	0	0	0	0	0	0	0	0	0	0	0	0	0	0	0	0	0	0	0	0	0	0	0	0	0	0	0	0	0	0	0	0	0	0	0	0	0	0	0	0	0	0	0	0	0	0	0	0	0	0.978571887922796	0	0	0	0	0	0	0.66566293412879	0	0	0	0	0	0	0.680161558564423	0.910977111018761	0	0	0.555145136260585	0.531874192406655	0	0	0.821243289613503	0.547077266081664	0	0	0.632059622817825	0	0.931706015943843	0.782028369175336	0.641070847234572	0	0	0	0	0.835566455518538	0.526834346994073
0	0	0	0	0	0	0	0	0	0	0	0	0	0	0	0	0	0	0	0	0	0	0	0	0	0	0	0	0	0	0	0	0	0	0	0	0	0	0	0	0	0	0	0	0	0	0.893551832476841	0	0	0.907151024709616	0.837205850488646	0.549309917277655	0	0	0.629258420650442	0.718663515534171	0	0	0	0	0.515538451264436	0	0	0	0	0.953274699104166	0.552114988942257	0.855203646561869	0	0	0	0	0	0	0	0	0.659906640786885	0.734002385948842	0	0	0	0	0.850498648578681	0	0	0	0	0	0	0
0	0	0	0	0	0	0	0	0	0	0	0	0	0	0	0	0	0	0	0	0	0	0	0	0	0	0	0	0	0	0	0	0	0	0	0	0	0	0	0	0	0	0	0	0	0	0	0	0.634467104974399	0	0.745650780064722	0	0	0	0.904643555381661	0	0	0.865237550595955	0	0	0	0.971855392425806	0	0	0	0	0	0	0	0	0	0	0	0.931119871738036	0.55672174071584	0.926332691339762	0.951602940814551	0	0	0	0	0.738810388244653	0	0	0	0	0.700592432318084	0	0	0
0	0	0	0	0	0	0	0	0	0	0	0	0	0	0	0	0	0	0	0	0	0	0	0	0	0	0	0	0	0	0	0	0	0	0	0	0	0	0	0	0	0	0	0	0	0	0	0	0.765467313968986	0	0	0	0	0.569713356212713	0.892029626967802	0.68422019265509	0	0	0.74880216297695	0	0	0	0	0.936525388327843	0.833330647822429	0.572262891759161	0.515131775871188	0	0.745634641724425	0.934228623808954	0.65623192822859	0	0	0	0.859092126956016	0.8492876599427	0.785631480206644	0	0.73912639279645	0.830600008007379	0	0	0	0	0	0	0.965533110508542	0	0	0
