0	0	0	0	0.950276732308078	0	0	0	0	0.968790565402532	0	0	0	0	0	0	0	0.924643399192266	0	0	0	0	0	0	0	0	0	0	0	0	0	0	0	0	0	0	0.845827395985283	0	0	0.999187995496262	0	0	0	0	0.597651272070803	0	0	0	0	0	0	0	0	0	0	0	0	0	0	0	0	0	0	0	0	0	0	0	0	0	0	0	0	0	0	0	0	0	0	0	0	0	0	0	0	0	0	0	0	0
0	0	0	0	0	0	0.507239385377022	0	0	0	0	0	0.788851832971642	0	0	0	0	0	0	0	0	0	0	0	0	0	0	0	0.807766590324711	0.622327816753527	0	0	0	0.704671733726637	0	0	0	0	0	0	0.702841022441484	0	0	0.707361211799392	0	0	0	0	0	0	0	0	0	0	0	0	0	0	0	0	0	0	0	0	0	0	0	0	0	0	0	0	0	0	0	0	0	0	0	0	0	0	0	0	0	0	0	0	0	0
0	0	0	0	0	0	0	0	0	0	0.753291540118698	0	0	0	0	0.687687357224107	0	0	0	0	0	0	0	0	0	0	0	0	0	0	0	0	0	0.618812247910476	0.580293952439252	0	0	0	0	0	0	0	0	0	0	0	0	0	0	0	0	0	0	0	0	0	0	0	0	0	0	0	0	0	0	0	0	0	0	0	0	0	0	0	0	0	0	0	0	0	0	0	0	0	0	0	0	0	0	0
0	0	0	0	0.993529831867109	0	0	0	0.870539168068028	0	0	0	0	0	0	0	0	0	0	0	0	0	0	0	0	0	0	0	0.501017735638289	0	0	0	0	0	0	0	0	0.50194412694679	0	0	0	0	0	0	0	0	0	0	0	0	0	0	0	0	0	0	0	0	0	0	0	0	0	0	0	0	0	0	0	0	0	0	0	0	0	0	0	0	0	0	0	0	0	0	0	0	0	0	0	0
0.840436493279222	0	0	0.7651175077713	0	0	0	0	0	0	0	0.969538448634562	0	0	0	0	0	0.74308919716237	0	0	0	0	0	0	0	0	0	0	0	0	0	0	0	0	0.684168036498145	0	0	0	0	0.687886783262823	0	0.736759336325528	0	0.920549564565888	0	0	0	0	0	0	0	0	0	0	0	0	0	0	0	0	0	0	0	0	0	0	0	0	0	0	0	0	0	0	0	0	0	0	0	0	0	0	0	0	0	0	0	0	0	0
0	0	0	0	0	0	0	0	0	0	0.891440898319664	0	0	0	0	0	0	0	0.719794844687266	0	0	0	0.878799476657118	0	0.516993902572564	0	0	0	0.668769363768685	0	0	0	0.72249181168202	0	0.728226307443063	0	0	0	0	0	0	0	0	0	0	0	0	0	0	0	0	0	0	0	0	0	0	0	0	0	0	0	0	0	0	0	0	0	0	0	0	0	0	0	0	0	0	0	0	0	0	0	0	0	0	0	0	0	0	0
0	0.992009450939857	0	0	0	0	0	0.863594638148719	0	0	0	0	0	0	0	0	0	0	0.524260096442304	0	0	0	0	0	0	0	0	0	0	0	0	0	0	0	0	0	0	0	0	0.766815355224489	0	0	0	0	0	0	0	0	0	0	0	0	0	0	0	0	0	0	0	0	0	0	0	0	0	0	0	0	0	0	0	0	0	0	0	0	0	0	0	0	0	0	0	0	0	0	0	0	0	0
0	0	0	0	0	0	0.769177916183715	0	0	0.660746172016051	0	0	0	0	0.587437705335969	0	0	0	0	0	0	0	0	0	0	0	0	0	0	0	0.790272739141587	0	0.616568563813943	0.572057093622597	0	0	0	0	0	0	0	0	0	0	0	0	0	0	0	0	0	0	0	0	0	0	0	0	0	0	0	0	0	0	0	0	0	0	0	0	0	0	0	0	0	0	0	0	0	0	0	0	0	0	0	0	0	0	0	0
0	0	0	0.650740552679371	0	0	0	0	0	0	0	0	0	0	0	0.777088470628763	0.891813457531903	0	0	0	0	0	0	0	0	0	0	0	0	0	0	0	0	0	0	0	0.603228338806635	0	0	0	0	0	0	0.692573532290723	0	0	0	0	0	0	0	0	0	0	0	0	0	0	0	0	0	0	0	0	0	0	0	0	0	0	0	0	0	0	0	0	0	0	0	0	0	0	0	0	0	0	0	0	0	0
0.735719814382149	0	0	0	0	0	0	0.50758451022725	0	0	0	0.788481633286038	0	0	0.885723865225273	0	0	0	0	0	0.531637798831246	0	0	0.623639817942995	0	0.691511149200204	0	0	0	0	0	0	0	0	0	0	0	0	0	0	0.66543176807557	0	0	0	0	0	0	0	0	0	0	0	0	0	0	0	0	0	0	0	0	0	0	0	0	0	0	0	0	0	0	0	0	0	0	0	0	0	0	0	0	0	0	0	0	0	0	0	0	0
0	0	0.822997875388253	0	0	0.710243637390087	0	0	0	0	0	0	0	0	0.954411569255415	0	0	0	0	0	0	0	0	0	0	0	0	0	0.864089260649215	0	0	0.647982336234349	0	0	0	0	0	0	0.830228785197123	0	0	0	0	0	0	0	0	0	0	0	0	0	0	0	0	0	0	0	0	0	0	0	0	0	0	0	0	0	0	0	0	0	0	0	0	0	0	0	0	0	0	0	0	0	0	0	0	0	0	0
0	0	0	0	0.890093640173067	0	0	0	0	0.903775439647934	0	0	0	0	0	0	0	0	0.557157134291948	0	0	0	0.761499117489161	0	0	0	0	0	0	0.597877026208533	0	0	0	0	0	0	0	0.78999112601945	0	0	0	0	0	0	0	0	0	0	0	0	0	0	0	0	0	0	0	0	0	0	0	0	0	0	0	0	0	0	0	0	0	0	0	0	0	0	0	0	0	0	0	0	0	0	0	0	0	0	0	0
0	0.890172672478607	0	0	0	0	0	0	0	0	0	0	0	0	0	0	0.639779828896784	0	0	0	0	0	0	0.85850804142525	0	0	0	0	0	0	0	0	0	0	0.883685839208689	0	0	0	0.618902532753627	0	0	0	0.855570637062326	0	0	0	0	0	0	0	0	0	0	0	0	0	0	0	0	0	0	0	0	0	0	0	0	0	0	0	0	0	0	0	0	0	0	0	0	0	0	0	0	0	0	0	0	0	0	0
0	0	0	0	0	0	0	0	0	0	0	0	0	0	0.835561301557464	0	0	0	0	0	0	0	0.528241817408299	0	0	0	0	0	0	0.692346313369694	0	0.762811807701257	0	0	0	0	0.775174678428055	0	0	0	0.959136013218642	0	0	0	0	0	0	0	0	0	0	0	0	0	0	0	0	0	0	0	0	0	0	0	0	0	0	0	0	0	0	0	0	0	0	0	0	0	0	0	0	0	0	0	0	0	0	0	0	0
0	0	0	0	0	0	0	0.796622228584386	0	0.604342999669906	0.864956947605024	0	0	0.822603359041856	0	0.596091487802913	0	0	0	0	0.663676180344121	0	0	0	0	0	0	0	0	0	0	0	0	0	0	0	0	0	0	0.906830829477778	0	0	0	0	0	0	0	0	0	0	0	0	0	0	0	0	0	0	0	0	0	0	0	0	0	0	0	0	0	0	0	0	0	0	0	0	0	0	0	0	0	0	0	0	0	0	0	0	0	0
0	0	0.904234443104147	0	0	0	0	0	0.898528706468851	0	0	0	0	0	0.691069146566926	0	0	0	0	0	0.699547457110482	0	0	0	0	0	0	0	0.995122635776134	0	0	0	0.706803161873863	0	0	0	0.500035545500108	0	0	0	0	0	0	0	0	0	0	0	0	0	0	0	0	0	0	0	0	0	0	0	0	0	0	0	0	0	0	0	0	0	0	0	0	0	0	0	0	0	0	0	0	0	0	0	0	0	0	0	0	0
0	0	0	0	0	0	0	0	0.748377624991758	0	0	0	0.850419687421413	0	0	0	0	0	0	0	0	0	0	0	0	0	0.915795700203884	0	0	0	0	0	0	0.676889231706341	0	0	0	0	0	0	0	0	0	0	0.766662932511463	0	0	0	0	0	0	0	0	0	0	0	0	0	0	0	0	0	0	0	0	0	0	0	0	0	0	0	0	0	0	0	0	0	0	0	0	0	0	0	0	0	0	0	0	0
0.612457475011791	0	0	0	0.871910614872304	0	0	0	0	0	0	0	0	0	0	0	0	0	0	0	0	0.836339135201421	0.907855857782751	0	0	0	0	0	0	0	0	0	0	0	0	0	0	0	0.770223892956529	0	0	0	0.790826698136593	0	0	0	0	0	0	0	0	0	0	0	0	0	0	0	0	0	0	0	0	0	0	0	0	0	0	0	0	0	0	0	0	0	0	0	0	0	0	0	0	0	0	0	0	0	0	0
0	0	0	0	0	0.712293051853933	0.544122518122301	0	0	0	0	0.505508307840776	0	0	0	0	0	0	0	0	0	0.619926853255773	0	0	0	0	0	0.944457294255274	0	0	0	0	0	0	0	0	0	0	0.94448821070876	0	0	0	0	0	0	0	0	0	0	0	0	0	0	0	0	0	0	0	0	0	0	0	0	0	0	0	0	0	0	0	0	0	0	0	0	0	0	0	0	0	0	0	0	0	0	0	0	0	0	0
0	0	0	0	0	0	0	0	0	0	0	0	0	0	0	0	0	0	0	0	0	0	0.516337172433204	0.962976036607007	0	0.596302737282412	0	0	0	0.845114600759104	0	0	0	0	0	0	0	0	0	0	0	0	0.997824448780217	0	0	0	0	0	0	0	0	0	0	0	0	0	0	0	0	0	0	0	0	0	0	0	0	0	0	0	0	0	0	0	0	0	0	0	0	0	0	0	0	0	0	0	0	0	0	0
0	0	0	0	0	0	0	0	0	0.659887328369823	0	0	0	0	0.645014569515141	0.747630397610657	0	0	0	0	0	0	0.972373744340211	0	0	0	0	0	0	0	0	0	0	0	0	0	0	0	0	0	0	0	0	0	0	0	0	0	0	0	0	0	0	0	0	0	0	0	0	0	0	0	0	0	0	0	0	0	0	0	0	0	0	0	0	0	0	0	0	0	0	0	0	0	0	0	0	0	0	0
0	0	0	0	0	0	0	0	0	0	0	0	0	0	0	0	0	0.824906748363955	0.773355388495123	0	0	0	0.568851113375718	0	0	0.502264715579146	0	0	0	0.883268377627313	0	0	0	0	0	0	0	0	0	0.695958752438321	0	0	0	0	0	0	0	0	0	0	0	0	0	0	0	0	0	0	0	0	0	0	0	0	0	0	0	0	0	0	0	0	0	0	0	0	0	0	0	0	0	0	0	0	0	0	0	0	0	0
0	0	0	0	0	0.783596850163211	0	0	0	0	0	0.840669506696793	0	0.911768380347692	0	0	0	0.904355494871796	0	0.577652564987969	0.78642892884449	0.656730324983462	0	0	0	0	0	0	0	0	0	0	0	0	0	0	0	0	0	0	0	0	0	0	0	0	0	0	0	0	0	0	0	0	0	0	0	0	0	0	0	0	0	0	0	0	0	0	0	0	0	0	0	0	0	0	0	0	0	0	0	0	0	0	0	0	0	0	0	0
0	0	0	0	0	0	0	0	0	0.86322693167761	0	0	0.904432850721216	0	0	0	0	0	0	0.863882789039851	0	0	0	0	0	0.917102391288205	0	0	0	0	0	0	0	0.75291450755127	0	0	0	0	0	0	0	0	0	0.623787511163405	0	0	0	0	0	0	0	0	0	0	0	0	0	0	0	0	0	0	0	0	0	0	0	0	0	0	0	0	0	0	0	0	0	0	0	0	0	0	0	0	0	0	0	0	0	0
0	0	0	0	0	0.630445344595968	0	0	0	0	0	0	0	0	0	0	0	0	0	0	0	0	0	0	0	0	0.597033865623771	0	0	0	0	0	0	0.512539512888086	0	0	0	0	0	0	0	0	0	0	0	0	0	0	0	0	0	0	0	0	0	0	0	0	0	0	0	0	0	0	0	0	0	0	0	0	0	0	0	0	0	0	0	0	0	0	0	0	0	0	0	0	0	0	0	0
0	0	0	0	0	0	0	0	0	0.899686459429986	0	0	0	0	0	0	0	0	0	0.852728333949402	0	0.628375513097864	0	0.934472325898659	0	0	0	0.519146318295025	0	0	0	0	0.779313153342803	0	0	0	0	0	0	0	0	0	0	0	0	0	0	0	0	0	0	0	0	0	0	0	0	0	0	0	0	0	0	0	0	0	0	0	0	0	0	0	0	0	0	0	0	0	0	0	0	0	0	0	0	0	0	0	0	0
0	0	0	0	0	0	0	0	0	0	0	0	0	0	0	0	0.653856859925944	0	0	0	0	0	0	0	0.849647080655188	0	0	0	0	0.548645744909222	0	0	0	0	0	0.874069088363215	0	0	0	0.973773685819183	0	0.580259253478353	0	0	0	0	0	0	0	0	0	0	0	0	0	0	0	0	0	0	0	0	0	0	0	0	0	0	0	0	0	0	0	0	0	0	0	0	0	0	0	0	0	0	0	0	0	0	0	0
0	0	0	0	0	0	0	0	0	0	0	0	0	0	0	0	0	0	0.625647693033246	0	0	0	0	0	0	0.638657650639715	0	0	0	0	0	0.665908701673302	0	0	0	0	0.863357691394933	0	0	0.784018560222644	0	0	0	0	0	0	0	0	0	0	0	0	0	0	0	0	0	0	0	0	0	0	0	0	0	0	0	0	0	0	0	0	0	0	0	0	0	0	0	0	0	0	0	0	0	0	0	0	0	0
0	0.502013009082668	0	0.710291111069506	0	0.744457475734749	0	0	0	0	0.676387852164796	0	0	0	0	0.584551726779577	0	0	0	0	0	0	0	0	0	0	0	0	0	0	0	0.855049488720343	0	0	0	0	0	0.632201085296174	0	0	0	0.996465920116557	0	0	0	0	0	0	0	0	0	0	0	0	0	0	0	0	0	0	0	0	0	0	0	0	0	0	0	0	0	0	0	0	0	0	0	0	0	0	0	0	0	0	0	0	0	0	0	0
0	0.972628705340166	0	0	0	0	0	0	0	0	0	0.614509750362748	0	0.949485275099487	0	0	0	0	0	0.784714885796397	0	0.756471143016465	0	0	0	0	0.60843842230236	0	0	0	0	0	0	0	0	0	0	0	0	0.778147016909613	0	0	0	0	0	0	0	0	0	0	0	0	0	0	0	0	0	0	0	0	0	0	0	0	0	0	0	0	0	0	0	0	0	0	0	0	0	0	0	0	0	0	0	0	0	0	0	0	0	0
0	0	0	0	0	0	0	0.809682587354305	0	0	0	0	0	0	0	0	0	0	0	0	0	0	0	0	0	0	0	0	0	0	0	0	0.670943438685408	0	0	0.995877178434427	0	0	0	0.956358324586205	0	0	0	0	0	0	0	0	0	0	0	0	0	0	0	0	0	0	0	0	0	0	0	0	0	0	0	0	0	0	0	0	0	0	0	0	0	0	0	0	0	0	0	0	0	0	0	0	0	0
0	0	0	0	0	0	0	0	0	0	0.944426417269174	0	0	0.676350208012935	0	0	0	0	0	0	0	0	0	0	0	0	0	0.589886612131852	0.558334959225678	0	0	0	0.733864762581784	0	0	0	0.760991947827638	0.521640302063592	0	0	0	0	0	0	0	0	0	0	0	0	0	0	0	0	0	0	0	0	0	0	0	0	0	0	0	0	0	0	0	0	0	0	0	0	0	0	0	0	0	0	0	0	0	0	0	0	0	0	0	0
0	0	0	0	0	0.501106978131445	0	0.561872586188309	0	0	0	0	0	0	0	0.798761697610104	0	0	0	0	0	0	0	0	0	0.731203702767519	0	0	0	0	0.565350601517861	0.777551877802699	0	0.76968864806525	0	0.700081158669227	0	0	0	0	0	0	0	0	0.901146501462775	0	0	0	0	0	0	0	0	0	0	0	0	0	0	0	0	0	0	0	0	0	0	0	0	0	0	0	0	0	0	0	0	0	0	0	0	0	0	0	0	0	0	0	0	0
0	0.988705104483737	0.649909595328016	0	0	0	0	0.683556614931426	0	0	0	0	0	0	0	0	0.740884622561309	0	0	0	0	0	0	0.752748500241907	0.737337650984706	0	0	0	0	0	0	0	0.516841615237074	0	0	0	0	0	0	0	0	0	0	0	0	0	0	0	0	0	0	0	0	0	0	0	0	0	0	0	0	0	0	0	0	0	0	0	0	0	0	0	0	0	0	0	0	0	0	0	0	0	0	0	0	0	0	0	0	0
0	0	0.832099503482739	0	0.910874129139789	0.873522217934601	0	0	0	0	0	0	0.679380778501298	0	0	0	0	0	0	0	0	0	0	0	0	0	0	0	0	0	0	0	0	0	0	0	0	0	0	0	0	0.797629915855302	0	0	0	0	0	0	0	0	0	0	0	0	0	0	0	0	0	0	0	0	0	0	0	0	0	0	0	0	0	0	0	0	0	0	0	0	0	0	0	0	0	0	0	0	0	0	0	0
0	0	0	0	0	0	0	0	0	0	0	0	0	0	0	0	0	0	0	0	0	0	0	0	0	0	0.842909644191185	0	0	0	0.773824654951223	0	0.929243885014615	0	0	0	0.60413721791109	0.735342774367521	0	0	0	0	0	0	0.74337318493502	0	0	0	0	0	0	0	0	0	0	0	0	0	0	0	0	0	0	0	0	0	0	0	0	0	0	0	0	0	0	0	0	0	0	0	0	0	0	0	0	0	0	0	0	0
0.546268353200769	0	0	0	0	0	0	0	0.867382453413521	0	0	0	0	0.63958422144429	0	0.790530250097945	0	0	0	0	0	0	0	0	0	0	0	0.793209975691713	0	0	0	0.857892028770989	0	0	0	0.791965777577197	0	0	0	0	0	0	0	0	0	0	0	0	0	0	0	0	0	0	0	0	0	0	0	0	0	0	0	0	0	0	0	0	0	0	0	0	0	0	0	0	0	0	0	0	0	0	0	0	0	0	0	0	0	0
0	0	0	0.972771588094692	0	0	0	0	0	0	0	0.68489626678713	0	0	0	0	0	0	0	0	0	0	0	0	0	0	0	0	0.879263693040951	0	0	0.939404680316314	0	0	0	0.842188522163189	0	0	0	0	0	0	0.795095598349546	0	0	0	0	0	0	0	0	0	0	0	0	0	0	0	0	0	0	0	0	0	0	0	0	0	0	0	0	0	0	0	0	0	0	0	0	0	0	0	0	0	0	0	0	0	0	0
0	0	0	0	0	0	0	0	0	0	0.798483696886762	0	0.962700159370101	0	0	0	0	0.822015064577555	0.618484183616887	0	0	0	0	0	0	0	0	0	0	0	0	0	0	0	0	0	0	0	0	0	0	0	0	0.920132471837892	0	0	0	0	0	0	0	0	0	0	0	0	0	0	0	0	0	0	0	0	0	0	0	0	0	0	0	0	0	0	0	0	0	0	0	0	0	0	0	0	0	0	0	0	0	0
0.744263470956511	0	0	0	0.917734101259366	0	0.746082351239927	0	0	0	0	0	0	0	0.859224221150814	0	0	0	0	0	0	0.640571103971771	0	0	0	0	0.717445438885615	0.643179454844935	0	0.636610228565859	0.809511061899263	0	0	0	0	0	0	0	0	0	0	0	0	0	0	0	0	0	0	0	0	0	0	0	0	0	0	0	0	0	0	0	0	0	0	0	0	0	0	0	0	0	0	0	0	0	0	0	0	0	0	0	0	0	0	0	0	0	0	0
0	0.811965887245559	0	0	0	0	0	0	0	0.977406008846369	0	0	0	0.940274845545433	0	0	0	0	0	0	0	0	0	0	0	0	0	0	0	0	0	0	0	0	0	0	0	0	0	0	0	0.521414850293713	0	0.560278244620394	0	0	0	0	0	0	0	0	0	0	0	0	0	0	0	0	0	0	0	0	0	0	0	0	0	0	0	0	0	0	0	0	0	0	0	0	0	0	0	0	0	0	0	0	0	0
0	0	0	0	0.632714414993413	0	0	0	0	0	0	0	0	0	0	0	0	0	0	0	0	0	0	0	0	0	0.974464703099806	0	0.959145018311542	0	0	0	0	0	0.622270251415458	0	0	0	0	0	0.835976704860616	0	0	0	0.963404557630295	0	0	0	0	0	0	0	0	0	0	0	0	0	0	0	0	0	0	0	0	0	0	0	0	0	0	0	0	0	0	0	0	0	0	0	0	0	0	0	0	0	0	0	0	0
0	0	0	0	0	0	0	0	0	0	0	0	0.643326338309722	0	0	0	0	0.557073865626638	0	0.992870498789728	0	0	0	0	0	0	0	0	0	0	0	0	0	0	0	0	0	0.538467871220085	0	0	0	0	0	0	0.540354939130987	0	0	0	0	0	0	0	0	0	0	0	0	0	0	0	0	0	0	0	0	0	0	0	0	0	0	0	0	0	0	0	0	0	0	0	0	0	0	0	0	0	0	0	0	0
0	0.627528281570431	0	0	0.60364949489946	0	0	0	0.674293867319688	0	0	0	0	0	0	0	0	0	0	0	0	0	0	0.798277933622532	0	0	0	0	0	0	0	0	0	0	0	0	0	0	0.828421779627881	0	0.516256376712612	0	0	0	0	0	0	0	0	0	0	0	0	0	0	0	0	0	0	0	0	0	0	0	0	0	0	0	0	0	0	0	0	0	0	0	0	0	0	0	0	0	0	0	0	0	0	0	0	0
0.844005414619822	0	0	0	0	0	0	0	0	0	0	0	0	0	0	0	0.811966296746211	0	0	0	0	0	0	0	0	0	0	0	0	0	0	0	0.815948092431001	0	0	0.53573271710496	0	0	0	0	0	0.715323149790829	0.514132864263032	0	0	0	0	0	0	0	0	0	0	0	0	0	0	0	0	0	0	0	0	0	0	0	0	0	0	0	0	0	0	0	0	0	0	0	0	0	0	0	0	0	0	0	0	0	0	0
0	0	0	0	0	0	0	0	0	0	0	0	0	0	0	0	0	0	0	0	0	0	0	0	0	0	0	0	0	0	0	0	0	0	0	0	0	0	0	0	0	0	0	0	0	0	0.868980540306699	0.62445495326064	0.731583709378007	0.554696806617975	0.736988982359193	0	0.972859580068179	0	0	0	0	0	0	0	0	0	0	0	0	0	0	0	0	0	0	0	0.614962999210176	0	0	0	0	0	0	0	0	0	0	0.816106361430316	0.815216153582737	0.53151432407166	0.799432699819243	0.600149086426322	0.661060241088174	0.736597953358181
0	0	0	0	0	0	0	0	0	0	0	0	0	0	0	0	0	0	0	0	0	0	0	0	0	0	0	0	0	0	0	0	0	0	0	0	0	0	0	0	0	0	0	0	0	0.635337596757526	0	0.677974810313954	0.718829866772094	0.827068829879017	0.602788611730643	0.894554906824468	0.78712914061301	0.946485284016143	0	0	0	0	0	0	0	0	0	0	0	0	0	0	0	0	0	0	0	0	0	0	0	0	0	0	0	0	0	0	0.959764557900259	0.753390465331546	0.987251661287572	0.579553911061294	0.874280598683195	0.74031165146281
0	0	0	0	0	0	0	0	0	0	0	0	0	0	0	0	0	0	0	0	0	0	0	0	0	0	0	0	0	0	0	0	0	0	0	0	0	0	0	0	0	0	0	0	0	0.661258609767178	0.58711905275523	0	0.959689332120938	0.671790019416982	0.692120895950344	0.730296730294177	0.71586301294395	0.98093662149744	0.882673291082364	0	0	0	0	0	0	0	0	0	0	0	0.871266302803202	0	0	0	0	0	0	0	0	0	0	0	0	0	0	0	0	0	0	0.778545701535057	0.83837652344789	0.898367011200764	0.770215845077194	0.838612240452631
0	0	0	0	0	0	0	0	0	0	0	0	0	0	0	0	0	0	0	0	0	0	0	0	0	0	0	0	0	0	0	0	0	0	0	0	0	0	0	0	0	0	0	0	0	0.935121035953612	0.54318807595146	0.720867022087286	0	0	0.947186756272271	0.740363785316912	0.912376106085178	0.570319619347093	0.616631796597036	0.794363384663861	0	0	0.503850654831942	0	0	0	0	0	0	0	0.656483832930933	0	0	0	0	0.973664361224252	0	0	0	0	0	0	0	0	0	0	0	0	0	0	0.938738323886454	0.698483221171767	0.984371056469447	0.976167629559995
0	0	0	0	0	0	0	0	0	0	0	0	0	0	0	0	0	0	0	0	0	0	0	0	0	0	0	0	0	0	0	0	0	0	0	0	0	0	0	0	0	0	0	0	0	0.553416475506965	0.680275615843891	0.950959187645096	0	0	0.677932422478589	0.647414343989728	0	0.737136033934541	0.652629632585618	0.62663812983487	0.698835156740869	0	0	0	0	0	0	0	0	0	0	0	0.586329783608789	0	0	0	0	0	0	0	0	0	0	0	0	0	0	0	0	0	0	0.788540007127043	0.544656304576967	0.700667901139337
0	0	0	0	0	0	0	0	0	0	0	0	0	0	0	0	0	0	0	0	0	0	0	0	0	0	0	0	0	0	0	0	0	0	0	0	0	0	0	0	0	0	0	0	0	0.582783978713343	0.754609680972751	0.720188740138693	0.66457037691561	0.836381741202821	0	0.522546692200358	0.885621956149841	0.62042453088859	0.537863311153992	0.984281165853493	0.617602512493561	0.697159480356853	0	0	0	0	0	0	0	0	0	0	0	0	0	0	0	0	0	0	0	0	0	0	0	0	0	0	0	0	0	0	0.820364299359288	0.699210428295195
0	0	0	0	0	0	0	0	0	0	0	0	0	0	0	0	0	0	0	0	0	0	0	0	0	0	0	0	0	0	0	0	0	0	0	0	0	0	0	0	0	0	0	0	0	0	0.808465900043538	0.544870785084739	0.793709345721646	0.587119893499858	0.705115295584578	0	0.794415679630657	0.594058183019655	0.673057380230263	0.597998714884928	0.618349359261334	0.79690738811812	0.843128094521075	0	0	0	0	0	0	0	0	0	0	0	0	0	0	0	0	0	0	0	0	0	0	0	0	0	0	0	0	0	0	0.998458301084542
0	0	0	0	0	0	0	0	0	0	0	0	0	0	0	0	0	0	0	0	0	0	0	0	0	0	0	0	0	0	0	0	0	0	0	0	0	0	0	0	0	0	0	0	0	0.653730473114788	0.605481122819006	0.983845450797071	0.788654946251047	0	0.809615526795499	0.60048724757556	0	0.78405799509194	0.605621692625083	0.846689813934765	0.549812376949161	0.601399070061732	0.554268594572536	0.832824052244377	0	0	0	0	0	0	0	0	0	0	0	0	0	0	0	0	0	0	0	0	0	0	0	0	0	0	0	0	0	0
0	0	0	0	0	0	0	0	0	0	0	0	0	0	0	0	0	0	0	0	0	0	0	0	0	0	0	0	0	0	0	0	0	0	0	0	0	0	0	0	0	0	0	0	0	0	0.747008570210734	0.696377165577178	0.805770429087873	0.743047108285994	0.711387131314425	0.724205614425796	0.675550067008476	0	0.880359197081381	0.855330672443119	0	0.679533398418096	0.922674896867575	0.565157829439249	0.532568204888692	0	0	0	0.965784131514586	0	0	0	0	0	0	0	0	0	0	0	0	0	0	0	0	0	0	0	0	0	0	0	0	0
0	0	0	0	0	0	0	0	0	0	0	0	0	0	0	0	0	0	0	0	0	0	0	0	0	0	0	0	0	0	0	0	0	0	0	0	0	0	0	0	0	0	0	0	0	0	0	0.543819761545536	0.740144637879051	0.602856139413806	0.738642266418527	0.712744937287275	0.725086988495513	0.810848671558061	0	0.914872145959999	0.737999804501624	0.752182462449613	0.718748304029863	0.834082825371903	0.768296756315404	0.797318624578591	0	0	0	0	0	0	0	0	0	0	0	0	0	0	0	0	0	0	0	0	0	0	0	0	0	0	0	0
0	0	0	0	0	0	0	0	0	0	0	0	0	0	0	0	0	0	0	0	0	0	0	0	0	0	0	0	0	0	0	0	0	0	0	0	0	0	0	0	0	0	0	0	0	0	0	0	0.768841037613861	0.753955800386617	0.515057771993109	0.513194883984335	0.819190379053648	0.996296516967355	0.627557030159378	0	0.611908277097831	0.991182969261142	0.833419360232933	0.786962277353179	0.565480863371599	0.98106033481091	0.883933849009635	0	0	0	0	0	0	0	0	0	0	0	0	0	0	0	0	0	0	0	0	0	0	0	0	0	0	0
0	0	0	0	0	0	0	0	0	0	0	0	0	0	0	0	0	0	0	0	0	0	0	0	0	0	0	0	0	0	0	0	0	0	0	0	0	0	0	0	0	0	0	0	0	0	0	0	0	0.843832869773832	0.805931203092272	0.730899780515859	0.868353021419631	0	0.766074737698554	0.747039336977194	0	0.689225807541613	0.530173037521271	0.688474588005545	0.530059390732398	0.519483694596274	0.884471519274304	0.952560334975863	0	0	0	0	0	0	0	0	0	0	0	0	0	0	0	0	0	0	0	0	0	0	0	0	0	0
0	0	0	0	0	0	0	0	0	0	0	0	0	0	0	0	0	0	0	0	0	0	0	0	0	0	0	0	0	0	0	0	0	0	0	0	0	0	0	0	0	0	0	0	0	0	0	0	0	0	0.784540284238751	0.860014171163327	0.500967599984936	0.700303772507107	0.825198252317759	0.821083114903161	0.732475886004583	0	0.72722011968928	0.990561385755581	0.761535071625136	0.820614533572231	0.708877977261245	0.985244396026594	0.569642883997737	0	0	0	0	0	0	0	0	0	0	0	0	0	0	0	0	0	0	0	0	0	0	0	0	0
0	0	0	0	0	0	0	0	0	0	0	0	0	0	0	0	0	0	0	0	0	0	0	0	0	0	0	0	0	0	0	0	0	0	0	0	0	0	0	0	0	0	0	0	0	0	0	0	0.917329531548364	0	0	0.535077059892479	0.602637758933117	0.797527545640733	0.890058620367329	0.976106490903125	0.530181419856435	0.961684063662553	0	0.515129886125744	0.625255693620261	0.633336278434253	0	0.874342178440548	0.687924338527398	0.846043752639169	0	0	0	0	0	0	0	0	0	0	0	0	0	0	0	0	0	0.789305191297103	0	0	0	0	0	0
0	0	0	0	0	0	0	0	0	0	0	0	0	0	0	0	0	0	0	0	0	0	0	0	0	0	0	0	0	0	0	0	0	0	0	0	0	0	0	0	0	0	0	0	0	0	0	0	0	0	0	0	0.713153341523182	0.915267867791515	0.581070070368306	0.732797357742749	0.682323345884214	0.875149698785628	0.885358974721784	0	0.989474431636946	0.529544334780982	0.837152224485583	0.575612919144748	0.518041243508078	0.956159085584278	0.664411010436055	0	0	0	0	0	0	0	0	0	0	0	0	0	0	0	0	0	0	0	0	0	0	0
0	0	0	0	0	0	0	0	0	0	0	0	0	0	0	0	0	0	0	0	0	0	0	0	0	0	0	0	0	0	0	0	0	0	0	0	0	0	0	0	0	0	0	0	0	0	0	0	0	0	0	0	0	0.939066298995008	0.538379565932503	0.61033801457503	0.598472222626287	0.553894084854571	0.851410278701268	0.594438801263565	0	0.584574828723419	0.712874415132739	0.988220833302996	0.504302706590505	0.803707948585904	0.686101365024355	0.615329442593106	0	0	0	0	0	0	0	0	0	0	0	0	0	0	0	0	0	0	0	0	0	0
0	0	0	0	0	0	0	0	0	0	0	0	0	0	0	0	0	0	0	0	0	0	0	0	0	0	0	0	0	0	0	0	0	0	0	0	0	0	0	0	0	0	0	0	0	0	0	0	0	0	0	0	0	0	0.623729437674089	0.92236802021396	0.876695080062248	0.511732329862987	0.60590832882982	0.523272240360466	0.665637222115375	0	0.94401872896159	0.979909887653382	0.865507147830145	0.835761082371997	0.672221193397168	0.90087276631247	0.981580319337585	0	0	0	0	0	0	0	0	0	0	0	0	0	0	0	0	0	0	0	0	0
0	0	0	0	0	0	0	0	0	0	0	0	0	0	0	0	0	0	0	0	0	0	0	0	0	0	0	0	0	0	0	0	0	0	0	0	0	0	0	0	0	0	0	0	0	0	0	0	0	0	0	0	0	0	0	0.8081988884338	0.731969305221194	0.908257602868612	0	0.988953838076074	0.937273548606594	0.704820336837835	0	0.681469437115114	0.56261061341064	0.660665289863639	0.559251116050107	0.9766831658828	0.672711126310062	0.627521303518322	0	0	0	0	0	0	0	0	0	0	0	0	0	0	0	0	0	0	0	0
0	0	0	0	0	0	0	0	0	0	0	0	0	0	0	0	0	0	0	0	0	0	0	0	0	0	0	0	0	0	0	0	0	0	0	0	0	0	0	0	0	0	0	0	0	0	0	0	0	0	0	0	0	0	0	0	0.739823721408023	0.89131283466917	0.849921762644655	0.560879353719209	0.602603067711958	0.871999961755631	0.540674344063152	0	0.76049782881662	0.83991234261112	0.519970667527081	0.560636554443826	0.50402900133181	0.756874148242728	0.703689051434206	0	0	0	0	0	0	0	0	0	0	0	0	0	0	0	0	0	0	0
0	0	0	0	0	0	0	0	0	0	0	0	0	0	0	0	0	0	0	0	0	0	0	0	0	0	0	0	0	0	0	0	0	0	0	0	0	0	0	0	0	0	0	0	0	0	0	0	0	0	0	0	0	0.848192312128741	0	0	0	0.868039441154582	0.976128306929973	0.578171472093	0.595009829363729	0.821489334183571	0.674688180221434	0.523126128947034	0	0.857157818403629	0.878907470053359	0.692468245969189	0.998749341254791	0.682700497377272	0.770707146920315	0.639886204450003	0	0	0	0	0	0	0	0	0	0	0	0	0	0	0	0	0	0
0	0	0	0	0	0	0	0	0	0	0	0	0	0	0	0	0	0	0	0	0	0	0	0	0	0	0	0	0	0	0	0	0	0	0	0	0	0	0	0	0	0	0	0	0	0	0	0	0	0	0	0	0	0	0	0	0	0	0.900838410828371	0.718108143414172	0.770341582811127	0.69702164346057	0.958877662048866	0.781812941452858	0.554288334307478	0	0.621982776130842	0.815791241644757	0.708772357686723	0.691258624976055	0.635853466541595	0.652043584833519	0.511972384945155	0	0	0	0	0	0	0	0	0	0	0	0	0	0	0	0	0
0	0	0	0	0	0	0	0	0	0	0	0	0	0	0	0	0	0	0	0	0	0	0	0	0	0	0	0	0	0	0	0	0	0	0	0	0	0	0	0	0	0	0	0	0	0	0	0.773555370389096	0.777534195757281	0	0	0	0	0	0	0	0	0	0	0.797106835641362	0.963917790733244	0.730967915691668	0.670400486335605	0.816011839597998	0.843347042740026	0.843354350689594	0	0.780095326460485	0.519242846478106	0.942469766569251	0.832953300648591	0.690213890464226	0.541495650885363	0	0	0	0	0	0	0	0	0	0	0	0	0	0	0	0	0
0	0	0	0	0	0	0	0	0	0	0	0	0	0	0	0	0	0	0	0	0	0	0	0	0	0	0	0	0	0	0	0	0	0	0	0	0	0	0	0	0	0	0	0	0	0	0	0	0	0	0	0	0	0	0	0	0	0	0	0	0.708691651451028	0.711527074621644	0.83533621529493	0.992951570783912	0.541464982380393	0.997210345637134	0.583720873014354	0	0.996622401522327	0.56428474786263	0.6602087954379	0.996528302633442	0.757169837679298	0.712841827253176	0.984168451445934	0	0	0	0	0	0	0	0	0	0	0	0	0	0	0
0	0	0	0	0	0	0	0	0	0	0	0	0	0	0	0	0	0	0	0	0	0	0	0	0	0	0	0	0	0	0	0	0	0	0	0	0	0	0	0	0	0	0	0	0	0	0	0	0	0.53802980001686	0	0	0	0	0	0	0	0	0	0	0	0.95236998136543	0.608838521367501	0.822505965715291	0.794844850226638	0.925602771706811	0.590106983734518	0.553194471109523	0	0.551887111726529	0.592737557501856	0.987417174703889	0.785968030577895	0.855621293278335	0.61581265188169	0.653551795656839	0	0	0	0	0	0	0	0	0	0	0	0	0	0
0	0	0	0	0	0	0	0	0	0	0	0	0	0	0	0	0	0	0	0	0	0	0	0	0	0	0	0	0	0	0	0	0	0	0	0	0	0	0	0	0	0	0	0	0	0	0	0	0	0	0	0	0	0	0	0	0	0	0	0	0	0	0.941267056870187	0.713798034014864	0.919603318786598	0.86203456929084	0.780659717867128	0.918683880181605	0.792909557614563	0	0.995122991719001	0.719477452287586	0.778761532970427	0.719343578069261	0.505379060368204	0.590742651990401	0.5231472663032	0	0	0	0	0	0	0	0	0	0	0	0	0
0	0	0	0	0	0	0	0	0	0	0	0	0	0	0	0	0	0	0	0	0	0	0	0	0	0	0	0	0	0	0	0	0	0	0	0	0	0	0	0	0	0	0	0	0	0	0	0	0	0	0	0	0	0	0	0	0	0	0	0	0	0	0	0.973943486443902	0.546312016868851	0.620953089416675	0.671659369853867	0.750518286595973	0.587221108538728	0.904747161853964	0	0.831239301296144	0.749983540987014	0	0.704817372838633	0.929781402455067	0.721115169249328	0.559386851530296	0	0	0.546517911373002	0	0	0	0	0	0	0	0	0
0	0	0	0	0	0	0	0	0	0	0	0	0	0	0	0	0	0	0	0	0	0	0	0	0	0	0	0	0	0	0	0	0	0	0	0	0	0	0	0	0	0	0	0	0	0	0	0	0.779107881307213	0	0	0	0	0	0	0	0	0	0	0	0	0	0	0	0.543503665742308	0.727208676402775	0.900796862408549	0.780006938381636	0.741385970141946	0.563035953281916	0.525462336801768	0	0.742178685964847	0	0.639464458377559	0.939998063508642	0.617684885241602	0.89767727082786	0.668925984034233	0	0	0	0	0	0	0	0	0	0	0
0	0	0	0	0	0	0	0	0	0	0	0	0	0	0	0	0	0	0	0	0	0	0	0	0	0	0	0	0	0	0	0	0	0	0	0	0	0	0	0	0	0	0	0	0	0.512956673186221	0	0	0	0	0	0	0	0	0	0	0	0	0	0	0	0	0	0	0	0.906710395629929	0.867007614457625	0.944230442890326	0.713662240369	0.651419297183243	0.675727196456354	0.882395254813577	0	0.960294535235803	0.721109433315703	0.536035923043523	0.760799587422797	0.95151523772144	0.967543839797198	0.899856798136625	0	0	0	0	0	0	0	0	0	0
0	0	0	0	0	0	0	0	0	0	0	0	0	0	0	0	0	0	0	0	0	0	0	0	0	0	0	0	0	0	0	0	0	0	0	0	0	0	0	0	0	0	0	0	0	0	0	0	0	0	0	0	0	0	0	0	0	0	0	0	0	0	0	0	0	0	0	0.94078343471799	0.611282934493015	0.508228507705385	0	0	0.964868848806124	0	0.660927833764528	0.619740564027978	0.50108518018366	0.989404919350683	0.50291818605592	0.764953378115036	0.545199485489004	0	0	0	0	0	0	0	0	0
0	0	0	0	0	0	0	0	0	0	0	0	0	0	0	0	0	0	0	0	0	0	0	0	0	0	0	0	0	0	0	0	0	0	0	0	0	0	0	0	0	0	0	0	0	0	0	0	0	0	0	0	0	0	0	0	0	0	0	0	0	0	0	0	0	0	0	0.564106767666534	0.743498374574592	0.911894603977946	0.944404948816116	0.75458576959254	0.620122459270658	0.653997913907545	0	0.737658065355231	0.77797202094379	0.711264528727413	0.945160441523256	0.654326038368225	0.671467250070134	0.614413934376922	0	0	0	0	0	0	0	0
0	0	0	0	0	0	0	0	0	0	0	0	0	0	0	0	0	0	0	0	0	0	0	0	0	0	0	0	0	0	0	0	0	0	0	0	0	0	0	0	0	0	0	0	0	0	0	0	0	0	0	0	0	0	0	0	0	0	0	0	0	0	0	0	0	0	0	0	0.513807358942909	0.842280038611832	0.812915163301106	0.682550840985793	0.7564480091862	0.551970388463674	0.869942547889549	0	0.641058285530678	0.739753547017472	0.881585761724439	0.5744047245993	0.98535764843962	0.630997917021105	0.93100010095725	0	0	0	0	0	0	0
0	0	0	0	0	0	0	0	0	0	0	0	0	0	0	0	0	0	0	0	0	0	0	0	0	0	0	0	0	0	0	0	0	0	0	0	0	0	0	0	0	0	0	0	0	0	0	0	0	0	0	0	0	0	0	0	0	0	0	0	0	0	0	0	0	0	0	0	0	0.71317441249436	0.917801368286252	0.654822505283534	0.671951819027935	0.939771028705867	0.675712766141656	0.668995334783558	0	0.905537350824129	0.571520470613855	0.568976932771865	0.854507985473479	0.58057581605012	0.637820839193643	0.981575110791075	0	0	0	0	0	0
0	0	0	0	0	0	0	0	0	0	0	0	0	0	0	0	0	0	0	0	0	0	0	0	0	0	0	0	0	0	0	0	0	0	0	0	0	0	0	0	0	0	0	0	0	0	0	0	0	0	0	0	0	0	0	0	0	0	0	0	0	0	0	0	0	0	0	0	0	0	0.742802194196315	0.918094304346329	0.920643922983136	0.845901873938768	0.668326740081105	0.713190920339718	0.959460852921045	0	0.946473039977152	0.515548833198202	0.521798492114844	0.609635036565405	0.7748867589358	0.80739123293149	0.725132805024925	0	0	0	0	0
0	0	0	0	0	0	0	0	0	0	0	0	0	0	0	0	0	0	0	0	0	0	0	0	0	0	0	0	0	0	0	0	0	0	0	0	0	0	0	0	0	0	0	0	0	0	0	0	0	0	0	0	0	0	0	0	0	0	0	0	0	0	0	0	0	0	0	0	0	0	0	0.834503544070313	0.84771426555534	0.898738140548952	0.979329067805176	0.545672936899381	0.67235009627797	0.599048104632323	0	0.54729047842108	0.928002374804608	0.579992238023689	0.651769539738606	0.918930778123809	0.630603442171927	0.638270494520427	0	0	0	0
0	0	0	0	0	0	0	0	0	0	0	0	0	0	0	0	0	0	0	0	0	0	0	0	0	0	0	0	0	0	0	0	0	0	0	0	0	0	0	0	0	0	0	0	0	0	0	0	0	0	0	0	0	0	0	0	0	0	0	0	0	0	0	0	0	0	0	0	0	0	0	0	0.870203999440032	0.799883524721123	0.85552067254028	0.500051397256569	0.62831360288754	0.597159144426389	0.94592250655138	0	0.535189328468035	0.645798185439349	0.835240886719586	0.827450112611748	0.926370608288522	0.980061574711593	0.948861669398514	0	0	0
0	0	0	0	0	0	0	0	0	0	0	0	0	0	0	0	0	0	0	0	0	0	0	0	0	0	0	0	0	0	0	0	0	0	0	0	0	0	0	0	0	0	0	0	0	0	0	0	0	0	0	0	0	0	0	0	0	0	0	0	0	0	0	0	0	0	0	0	0	0	0.565481948746157	0	0	0.597535271535744	0.71563076803627	0.580346715582065	0.55724223282111	0.977047914551754	0.575714549391756	0.957594957311299	0	0.700888424000799	0.594319199847719	0.888541250881338	0.570995392142266	0.892203037036412	0.844027358982885	0.614070988540056	0	0
0	0	0	0	0	0	0	0	0	0	0	0	0	0	0	0	0	0	0	0	0	0	0	0	0	0	0	0	0	0	0	0	0	0	0	0	0	0	0	0	0	0	0	0	0	0	0	0	0	0	0	0	0	0	0	0	0	0	0	0	0	0	0	0	0	0	0	0	0	0	0	0	0	0	0.853831920016107	0.950337770661773	0.700735848969668	0.750649776160895	0.921589032430454	0.545478810335259	0.726170078796825	0	0.524582330255911	0.857287001266176	0.587492885813955	0.505007278606947	0.857563161173978	0.981243874820517	0.799170681548407	0
0	0	0	0	0	0	0	0	0	0	0	0	0	0	0	0	0	0	0	0	0	0	0	0	0	0	0	0	0	0	0	0	0	0	0	0	0	0	0	0	0	0	0	0	0	0	0	0	0	0	0	0	0	0	0	0	0	0	0	0	0	0	0	0	0	0	0	0	0	0	0	0	0	0	0	0.585407449515138	0.713653377393556	0.986346913844254	0.824752367609719	0.72348082397321	0.711993799123471	0.947199112339265	0	0.809546558656661	0.744839548974471	0.615645266446926	0.710770044758657	0.67656458029657	0.663076471910291	0.833240825529722
0	0	0	0	0	0	0	0	0	0	0	0	0	0	0	0	0	0	0	0	0	0	0	0	0	0	0	0	0	0	0	0	0	0	0	0	0	0	0	0	0	0	0	0	0	0.69234594223585	0	0	0	0	0	0	0	0	0	0	0	0	0.836266214124837	0	0	0	0	0	0	0	0	0	0	0	0	0	0	0	0	0	0.626666200535399	0.722932757695632	0.860571995225476	0.927059742813658	0.901123669729683	0.550594684034394	0.647007970043228	0	0.512870529975409	0	0.652434228252214	0.772015007923461	0.787676796358435	0.935735474662582
0	0	0	0	0	0	0	0	0	0	0	0	0	0	0	0	0	0	0	0	0	0	0	0	0	0	0	0	0	0	0	0	0	0	0	0	0	0	0	0	0	0	0	0	0	0.820228077566675	0.670941029877586	0	0	0	0	0	0	0	0	0	0	0	0	0	0	0	0	0	0	0	0	0	0	0	0	0	0	0	0	0	0	0.535223018409642	0.501567776324972	0.721526110835712	0.914225144289218	0.89340979431946	0.575422871534504	0.996181909714897	0	0.960561514325634	0.518808595398325	0.857451976016693	0.86470684485161	0.78366474504015
0	0	0	0	0	0	0	0	0	0	0	0	0	0	0	0	0	0	0	0	0	0	0	0	0	0	0	0	0	0	0	0	0	0	0	0	0	0	0	0	0	0	0	0	0	0.649410571459849	0.963014390728863	0.755941845043832	0	0	0	0	0	0	0	0	0	0	0	0	0	0	0	0	0	0	0	0	0	0	0	0	0	0	0	0	0	0	0.611964850715151	0.783518531001199	0.618674452814155	0.50758547463818	0.798939502576886	0	0.575318586298395	0	0.554987718651849	0.789092580385556	0.553216189860885	0.990189719424635
0	0	0	0	0	0	0	0	0	0	0	0	0	0	0	0	0	0	0	0	0	0	0	0	0	0	0	0	0	0	0	0	0	0	0	0	0	0	0	0	0	0	0	0	0	0.664172585085747	0.584682219830756	0.584723443035936	0.968045424641292	0	0	0	0	0	0	0	0	0	0	0	0	0	0	0	0	0	0	0	0	0	0	0	0	0	0	0	0	0	0	0.533302473680375	0.907637178241403	0.827329771928276	0.694452861698978	0.535023290386557	0.988616930401053	0.902672127054588	0	0.546804287912965	0.529247905273498	0.714710258742009
0	0	0	0	0	0	0	0	0	0	0	0	0	0	0	0	0	0	0	0	0	0	0	0	0	0	0	0	0	0	0	0	0	0	0	0	0	0	0	0	0	0	0	0	0	0.636561358623584	0.677356604089532	0.974450247143768	0.608842735002046	0.982809634498937	0	0	0	0	0	0	0	0	0	0	0	0	0	0	0	0	0	0	0	0	0	0	0	0	0	0	0	0	0	0	0.732160704206305	0.71083295461013	0.510353758671479	0.612655603401398	0.686020525906305	0.877765014191193	0.806754428249228	0	0.810878181411184	0.845450569867422
0	0	0	0	0	0	0	0	0	0	0	0	0	0	0	0	0	0	0	0	0	0	0	0	0	0	0	0	0	0	0	0	0	0	0	0	0	0	0	0	0	0	0	0	0	0.536902253121456	0.666353984380764	0.773254727749953	0.522840907379928	0.756352585887799	0.832159412818988	0	0	0	0	0	0	0	0	0	0	0	0	0	0	0	0	0	0	0	0	0	0	0	0	0	0	0	0	0	0	0.877513261312789	0.966509226117686	0.907596057777931	0.681970608379196	0.930132841275934	0.720001996271145	0.661930906526205	0	0.744286657078504
0	0	0	0	0	0	0	0	0	0	0	0	0	0	0	0	0	0	0	0	0	0	0	0	0	0	0	0	0	0	0	0	0	0	0	0	0	0	0	0	0	0	0	0	0	0.669508739205121	0.977978007954498	0.604794084479397	0.715609773514624	0.791134970504156	0.606186513773221	0.863008915335142	0	0	0	0	0	0	0	0	0	0	0	0	0	0	0	0	0	0	0	0	0	0	0	0	0	0	0	0	0	0	0.734022806772158	0.649362248961373	0.747630533367628	0.623340704078768	0.988778410654257	0.75815135176094	0.572614204919576	0
