0	0.795671498630656	0.959340003199794	0.761700715800609	0	0	0	0	0	0	0	0	0	0	0	0	0	0	0	0	0	0	0	0	0	0	0	0	0	0	0	0	0	0	0	0	0	0	0	0	0	0	0.900766691238834	0.984262624353305	0.508432322646667	0	0	0	0	0	0	0	0	0	0	0	0	0	0	0	0	0	0	0	0	0	0	0	0	0	0	0	0	0	0	0	0	0	0	0	0	0	0	0	0	0	0	0	0	0
0.637227316227261	0	0.549336483074062	0.649464487398861	0.816586862945593	0	0	0	0	0	0	0	0	0	0	0	0	0	0	0	0	0	0	0	0	0	0	0	0	0	0	0	0	0	0	0	0	0	0	0	0	0	0	0.648026906529878	0.529975378117624	0	0	0	0	0	0	0	0	0	0	0	0	0	0	0	0	0	0	0	0	0	0	0	0	0	0	0	0	0	0	0	0	0	0	0	0	0	0	0	0	0	0	0	0	0
0.986110215127968	0.783926983846991	0	0.670567091402929	0.873938083624495	0.560838641617756	0	0	0	0	0	0	0	0	0	0	0	0	0	0	0	0	0	0	0	0	0	0	0	0	0	0	0	0	0	0	0	0	0	0	0	0	0	0	0.589210230167912	0	0	0	0	0	0	0	0	0	0	0	0	0	0	0	0	0	0	0	0	0	0	0	0	0	0	0	0	0	0	0	0	0	0	0	0	0	0	0	0	0	0	0	0	0
0.595383524170755	0.714480652053116	0.996010172937221	0	0.741946405319922	0.546979559266737	0.574503880630813	0	0	0	0	0	0	0	0	0	0	0	0	0	0	0	0	0	0	0	0	0	0	0	0	0	0	0	0	0	0	0	0	0	0	0	0	0	0	0	0	0	0	0	0	0	0	0	0	0	0	0	0	0	0	0	0	0	0	0	0	0	0	0	0	0	0	0	0	0	0	0	0	0	0	0	0	0	0	0	0	0	0	0
0	0.905484991400176	0.890153208360023	0.868738330311602	0	0.949271971902926	0.752393650359977	0.855696393693477	0	0	0	0	0	0	0	0	0	0	0	0	0	0	0	0	0	0	0	0	0	0	0	0	0	0	0	0	0	0	0	0	0	0	0	0	0	0	0	0	0	0	0	0	0	0	0	0	0	0	0	0	0	0	0	0	0	0	0	0	0	0	0	0	0	0	0	0	0	0	0	0	0	0	0	0	0	0	0	0	0	0
0	0	0.591650125380097	0.612937559230308	0.865144627892091	0	0.797208138770465	0.582117737833134	0.770728531840355	0	0	0	0	0	0	0	0	0	0	0	0	0	0	0	0	0	0	0	0	0	0	0	0	0	0	0	0	0	0	0	0	0	0	0	0	0	0	0	0	0	0	0	0	0	0	0	0	0	0	0	0	0	0	0	0	0	0	0	0	0	0	0	0	0	0	0	0	0	0	0	0	0	0	0	0	0	0	0	0	0
0	0	0	0.749116715772274	0.61853908260551	0.879911344717036	0	0.869004150614118	0.700598954265803	0.625084873130769	0	0	0	0	0	0	0	0	0	0	0	0	0	0	0	0	0	0	0	0	0	0	0	0	0	0	0	0	0	0	0	0	0	0	0	0	0	0	0	0	0	0	0	0	0	0	0	0	0	0	0	0	0	0	0	0	0	0	0	0	0	0	0	0	0	0	0	0	0	0	0	0	0	0	0	0	0	0	0	0
0	0	0	0	0.79676373246994	0.685759818644357	0.615411524111923	0	0.823292512930342	0.518467027339359	0.865593772915221	0	0	0	0	0	0	0	0	0	0	0	0	0	0	0.657262331177726	0	0	0	0	0	0	0	0	0	0	0	0	0	0	0	0	0	0	0	0	0	0	0	0	0	0	0	0	0	0	0	0	0	0	0	0	0	0	0	0	0	0	0	0	0	0	0	0	0	0	0	0	0	0	0	0	0	0	0	0	0	0	0	0
0	0	0	0	0	0.855838299824517	0.839657786984867	0.608995167284702	0	0.722233097798631	0.510140947258184	0.806909233118768	0	0	0	0	0	0	0	0	0	0	0	0	0	0	0	0	0	0	0	0	0	0	0	0	0	0	0	0	0	0	0	0	0	0	0	0	0	0	0	0	0	0	0	0	0	0	0	0	0	0	0	0	0	0	0	0	0	0	0	0	0	0	0	0	0	0	0	0	0	0	0	0	0	0	0	0	0	0
0	0	0	0	0	0	0.552564556621068	0.533923332302188	0.860622001154461	0	0.556421878427747	0.9399102160386	0.781373202924228	0	0	0	0	0	0	0	0	0	0	0	0	0	0	0	0	0	0	0	0	0	0	0	0	0	0	0	0	0	0	0	0	0	0	0	0	0	0	0	0	0	0	0	0	0	0	0	0	0	0	0	0	0	0	0	0	0	0	0	0	0	0	0	0	0	0	0	0	0	0	0	0	0	0	0	0	0
0	0	0	0	0	0	0	0.575342282535205	0.869431135370427	0.949518982845151	0	0.829945612647735	0.963737252534354	0.691836519077816	0	0	0	0	0	0	0	0	0	0	0	0	0	0	0	0	0	0	0	0	0	0	0	0	0	0	0	0	0	0	0	0	0	0	0	0	0	0	0	0	0	0	0	0	0	0	0	0	0	0	0	0	0	0	0	0	0	0	0	0	0	0	0	0	0	0	0	0	0	0	0	0	0	0	0	0
0	0	0	0	0	0	0	0	0.523546642535261	0.830257466527246	0.704545551848386	0	0.515418413714546	0.634907939591645	0.535632365840968	0	0	0	0	0	0	0	0	0	0	0	0	0	0	0	0	0	0	0	0	0	0	0	0	0	0	0	0	0	0	0	0	0	0	0	0	0	0	0	0	0	0	0	0	0	0	0	0	0	0	0	0	0	0	0	0	0	0	0	0	0	0	0	0	0	0	0	0	0	0	0	0	0	0	0
0	0	0	0	0	0	0	0	0	0.860297146947765	0.536812122320213	0.526154679608549	0	0.902914477810958	0.904681961604539	0.572921368517534	0	0	0	0	0	0	0	0	0	0	0	0	0	0	0	0	0	0	0	0	0	0	0	0	0	0	0	0	0	0	0	0	0	0	0	0	0	0	0	0	0	0	0	0	0	0	0	0	0	0	0	0	0	0	0	0	0	0	0	0	0	0	0	0	0	0	0	0	0	0	0	0	0	0
0	0	0	0	0	0	0	0	0	0	0.915730263394569	0.762644305496408	0.7529830029223	0	0.841736035574608	0.962913938541974	0.807458885300862	0	0	0	0	0	0	0	0	0	0	0	0	0	0	0	0	0	0	0	0	0	0	0	0	0	0	0	0	0	0	0	0	0	0	0	0	0	0	0	0	0	0	0	0	0	0	0	0	0	0	0	0	0	0	0	0	0	0	0	0	0	0	0	0	0	0	0	0	0	0	0	0	0
0	0	0	0	0	0	0	0	0	0	0	0.723242846567825	0.955872913705356	0.6201935594257	0	0.596258320016554	0.880746045449177	0.878533095438944	0	0	0	0	0	0	0	0	0	0	0	0	0	0	0	0	0	0	0	0	0	0	0	0	0	0	0	0	0	0	0	0	0	0	0	0	0	0	0	0	0	0	0	0	0	0	0	0	0	0	0	0	0	0	0	0	0	0	0	0	0	0	0	0	0	0	0	0	0	0	0	0
0	0	0	0	0	0	0	0	0	0	0	0	0.87462325153327	0.870547030602185	0.826142237940148	0	0.81703221801473	0.665933167464652	0.800652507047185	0	0	0	0	0	0	0	0	0	0	0	0	0	0	0	0	0	0	0	0	0	0	0	0	0	0	0	0	0	0	0	0	0	0	0	0	0	0	0	0	0	0	0	0	0	0	0	0	0	0	0	0	0	0	0	0	0	0	0	0	0	0	0	0	0	0	0	0	0	0	0
0	0	0	0	0	0	0	0	0	0	0	0	0	0.602703347989125	0.950941702158315	0.924762278474594	0	0.931283914880249	0.93146480236731	0.919475132917585	0	0	0	0	0	0	0	0	0	0	0	0	0	0	0	0	0	0	0	0	0	0	0	0	0	0	0	0	0	0	0	0	0	0	0	0	0	0	0	0	0	0	0	0	0	0	0	0	0	0	0	0	0	0	0	0	0	0	0	0	0	0	0	0	0	0	0	0	0	0
0	0	0	0	0	0	0	0	0	0	0	0	0	0	0.63224776851364	0.943376622816955	0.601269579864822	0	0.502409353932587	0.81122000491709	0.786758532240182	0	0	0	0	0	0	0	0	0	0	0	0	0	0	0	0	0	0	0	0	0	0	0	0	0	0	0	0	0	0	0	0	0	0	0	0	0	0	0	0	0	0	0	0	0	0	0	0	0	0	0	0	0	0	0	0	0	0	0	0	0	0	0	0	0	0	0	0	0
0	0	0	0	0	0	0	0	0	0	0	0	0	0	0	0.819069345912179	0.576759969154592	0.537328616031028	0	0.910860881009292	0.947769391570969	0.50071391660154	0	0	0	0	0	0	0	0	0	0	0	0	0	0	0	0	0	0	0	0	0	0	0	0	0	0	0	0	0	0	0	0	0	0	0	0	0	0	0	0	0	0	0	0	0	0	0	0	0	0	0	0	0	0	0	0	0	0	0	0	0	0	0	0	0	0	0	0
0	0	0	0	0	0	0	0	0	0	0	0	0	0	0	0	0.679686194802583	0.835212922354437	0.595574339877037	0	0.866266941456658	0.98299157349262	0.81270277789426	0	0	0	0	0	0	0	0	0	0	0	0	0	0	0	0	0	0	0	0	0	0	0	0	0	0	0	0	0	0	0	0	0	0	0	0	0	0	0	0	0	0	0	0	0	0	0	0	0	0	0	0	0	0	0	0	0	0	0	0	0	0	0	0	0	0	0
0	0	0	0	0	0	0	0	0	0	0	0	0	0	0	0	0	0.910632547339609	0.715149787624196	0.835619541125748	0	0.930249618353543	0.768933649886025	0.671647357643681	0	0	0	0	0	0	0	0	0	0	0	0	0	0	0	0	0	0	0	0	0	0	0	0	0	0	0	0	0	0	0	0	0	0	0	0	0	0	0	0	0	0	0	0	0	0	0	0	0	0	0	0	0	0	0	0	0	0	0	0	0	0	0	0	0	0
0	0	0	0	0	0	0	0	0	0	0	0	0	0	0	0	0	0	0.780868996793423	0.798251019513321	0.793738620547623	0	0.836267915907642	0.825884540980569	0.638906138644899	0	0	0	0	0	0	0	0	0	0	0	0	0	0	0	0	0	0	0	0	0	0	0	0	0	0	0	0	0	0	0	0	0	0	0	0	0	0	0	0	0	0	0	0	0	0	0	0	0	0	0	0	0	0	0	0	0	0	0	0	0	0	0	0	0
0	0	0	0	0	0	0	0	0	0	0	0	0	0	0	0	0	0	0	0.670658013146681	0.757939610402425	0.936071609123896	0	0.701184956191937	0.91174651831495	0.937571573983288	0	0	0	0	0	0	0	0	0	0	0	0	0	0	0	0	0	0	0	0	0	0	0	0	0	0	0	0	0	0	0	0	0	0	0	0	0	0	0	0	0	0	0	0	0	0	0	0	0	0	0	0	0	0	0	0	0	0	0	0	0	0	0	0
0	0	0	0	0	0	0	0	0	0	0	0	0	0	0	0	0	0	0	0	0.894647744213641	0.954441412067847	0.948106366073609	0	0.588916299728709	0.821184467220186	0.64337136664389	0	0	0	0	0	0	0	0	0	0	0	0	0	0	0	0	0	0	0	0	0	0	0	0	0	0	0	0	0	0	0	0	0	0	0	0	0	0	0	0	0	0	0	0	0	0	0	0	0	0	0	0	0	0	0	0	0	0	0	0	0	0	0
0	0	0	0	0	0	0	0	0	0	0	0	0	0	0	0	0	0	0	0	0	0.879746870351086	0.959262029802465	0.861044398454246	0	0.918173467948653	0.528278011005346	0.926299798256927	0	0	0	0	0	0	0	0	0	0	0	0	0	0	0	0	0	0	0	0	0	0	0	0	0	0	0	0	0	0	0	0	0	0	0	0	0	0	0	0	0	0	0	0	0	0	0	0	0	0	0	0	0	0	0	0	0	0	0	0	0	0
0	0	0	0	0	0	0	0.681053458541059	0	0	0	0	0	0	0	0	0	0	0	0	0	0	0.877472721382984	0.532596707069488	0.721270930539506	0	0.507344207421289	0.534852638302862	0	0	0	0	0	0	0	0	0	0	0	0	0	0	0	0	0	0	0	0	0	0	0	0	0	0	0	0	0	0	0	0	0	0	0	0	0	0	0	0	0	0	0	0	0	0	0	0	0	0	0	0	0	0	0	0	0	0	0	0	0	0
0	0	0	0	0	0	0	0	0	0	0	0	0	0	0	0	0	0	0	0	0	0	0	0.851893418296875	0.912423381091223	0.520726410816481	0	0.895043833487852	0.793160311904016	0.662365124407365	0	0	0	0	0	0	0	0	0	0	0	0	0	0	0	0	0	0	0	0	0	0	0	0	0	0	0	0	0	0	0	0	0	0	0	0	0	0	0	0	0	0	0	0	0	0	0	0	0	0	0	0	0	0	0	0	0	0	0	0
0	0	0	0	0	0	0	0	0	0	0	0	0	0	0	0	0	0	0	0	0	0	0	0	0.500669616894418	0.868269574290239	0.968863146574612	0	0.642089272394419	0.657634898749867	0.56566282205441	0	0	0	0	0	0	0	0	0	0	0	0	0	0	0	0	0	0	0	0	0	0	0	0	0	0	0	0	0	0	0	0	0	0	0	0	0	0	0	0	0	0	0	0	0	0	0	0	0	0	0	0	0	0	0	0	0	0	0
0	0	0	0	0	0	0	0	0	0	0	0	0	0	0	0	0	0	0	0	0	0	0	0	0	0	0.587243682942828	0.989364334736177	0	0.891341610751945	0.755098715002015	0.630978183764647	0	0	0	0	0	0	0	0	0	0	0	0	0	0	0	0	0	0	0	0	0	0	0	0	0	0	0	0	0	0	0	0	0	0	0	0	0	0	0	0	0	0	0	0	0	0	0	0	0	0	0	0	0	0	0	0	0	0
0	0	0	0	0	0	0	0	0	0	0	0	0	0	0	0	0	0	0	0	0	0	0	0	0	0	0.515002783770236	0.881039281029955	0.601599801056057	0	0.915488459067812	0.677959222028967	0.512694140176592	0	0	0	0	0	0	0	0	0	0	0	0	0	0	0	0	0	0	0	0	0	0	0	0	0	0	0	0	0	0	0	0	0	0	0	0	0	0	0	0	0	0	0	0	0	0	0	0	0	0	0	0	0	0	0	0	0
0	0	0	0	0	0	0	0	0	0	0	0	0	0	0	0	0	0	0	0	0	0	0	0	0	0	0	0.820704854870354	0.996612268462949	0.864391499950877	0	0.973266450794723	0.978907765444861	0.692224793484692	0	0	0	0	0	0	0	0	0	0	0	0	0	0	0	0	0	0	0	0	0	0	0	0	0	0	0	0	0	0	0	0	0	0	0	0	0	0	0	0	0	0	0	0	0	0	0	0	0	0	0	0	0	0	0	0
0	0	0	0	0	0	0	0	0	0	0	0	0	0	0	0	0	0	0	0	0	0	0	0	0	0	0	0	0.779635932047273	0.72673859043336	0.644139589916199	0	0.73274026527356	0.62843421932337	0.558300868334121	0	0	0	0	0	0	0	0	0	0	0	0	0	0	0	0	0	0	0	0	0	0	0	0	0	0	0	0	0	0	0	0	0	0	0	0	0	0	0	0	0	0	0	0	0	0	0	0	0	0	0	0	0	0	0
0	0	0	0	0	0	0	0	0	0	0	0	0	0	0	0	0	0	0	0	0	0	0	0	0	0	0	0	0	0.966932556755811	0.859892018355032	0.713064017452763	0	0.674949342960867	0.60910167524233	0.813791334370362	0	0	0	0	0	0	0	0	0	0	0	0	0	0	0	0	0	0	0	0	0	0	0	0	0	0	0	0	0	0	0	0	0	0	0	0	0	0	0	0	0	0	0	0	0	0	0	0	0	0	0	0	0	0
0	0	0	0	0	0	0	0	0	0	0	0	0	0	0	0	0	0	0	0	0	0	0	0	0	0	0	0	0	0	0.531751287550408	0.740587255282309	0.800392904411518	0	0.999657676412367	0.893984758781083	0.941822043347746	0	0	0	0	0	0	0	0	0	0	0	0	0	0	0	0	0	0	0	0	0	0	0	0	0	0	0	0	0	0	0	0	0	0	0	0	0	0	0	0	0	0	0	0	0	0	0	0	0	0	0	0	0
0	0	0	0	0	0	0	0	0	0	0	0	0	0	0	0	0	0	0	0	0	0	0	0	0	0	0	0	0	0	0	0.882372407246125	0.632549498216864	0.643992277255719	0	0.629014982176967	0.773642129094764	0.874447700587548	0	0	0	0	0	0	0	0	0	0	0	0	0	0	0	0	0	0	0	0	0	0	0	0	0	0	0	0	0	0	0	0	0	0	0	0	0	0	0	0	0	0	0	0	0	0	0	0	0	0	0	0
0	0	0	0	0	0	0	0	0	0	0	0	0	0	0	0	0	0	0	0	0	0	0	0	0	0	0	0	0	0	0	0	0.868076950657743	0.518696904612956	0.688741713919071	0	0.57335575503705	0.800000130904668	0.829506645842127	0	0	0	0	0	0	0	0	0	0	0	0	0	0	0	0	0	0	0	0	0	0	0	0	0	0	0	0	0	0	0	0	0	0	0	0	0	0	0	0	0	0	0	0	0	0	0	0	0	0	0
0	0	0	0	0	0	0	0	0	0	0	0	0	0	0	0	0	0	0	0	0	0	0	0	0	0	0	0	0	0	0	0	0	0.859440230163377	0.6494061100208	0.779849981848377	0	0.852141393350102	0.899331407707529	0.982100914471704	0	0	0	0	0	0	0	0	0	0	0	0	0	0	0	0	0	0	0	0	0	0	0	0	0	0	0	0	0	0	0	0	0	0	0	0	0	0	0	0	0	0	0	0	0	0	0	0	0	0
0	0	0	0	0	0	0	0	0	0	0	0	0	0	0	0	0	0	0	0	0	0	0	0	0	0	0	0	0	0	0	0	0	0	0.507192773423063	0.843407415143812	0.615619906187965	0	0.740565055323279	0.514294865430201	0.808899310424662	0	0	0	0	0	0	0	0	0	0	0	0	0	0	0	0	0	0	0	0	0	0	0	0	0	0	0	0	0	0	0	0	0	0	0	0	0	0	0	0	0	0	0	0	0	0	0	0	0
0	0	0	0	0	0	0	0	0	0	0	0	0	0	0	0	0	0	0	0	0	0	0	0	0	0	0	0	0	0	0	0	0	0	0	0.973360338358001	0.608738869873479	0.80957227775036	0	0.855544232970529	0.547366435938273	0.931110595721765	0	0	0	0	0	0	0	0	0	0	0	0	0	0	0	0	0	0	0	0	0	0	0	0	0	0	0	0	0	0	0	0	0	0	0	0	0	0	0	0	0	0	0	0	0	0	0	0
0	0	0	0	0	0	0	0	0	0	0	0	0	0	0	0	0	0	0	0	0	0	0	0	0	0	0	0	0	0	0	0	0	0	0	0	0.714028312911498	0.937958952534517	0.602165383193304	0	0.55555775950588	0.843063223085507	0.667272175848137	0	0	0	0	0	0	0	0	0	0	0	0	0	0	0	0	0	0	0	0	0	0	0	0	0	0	0	0	0	0	0	0	0	0	0	0	0	0	0	0	0	0	0	0	0	0	0
0	0	0	0	0	0	0	0	0	0	0	0	0	0	0	0	0	0	0	0	0	0	0	0	0	0	0	0	0	0	0	0	0	0	0	0	0	0.544697343173652	0.710781173687012	0.54401289084607	0	0.999779540202298	0.956026860169472	0.955396768490277	0	0	0	0	0	0	0	0	0	0	0	0	0	0	0	0	0	0	0	0	0	0	0	0	0	0	0	0	0	0	0	0	0	0	0	0	0	0	0	0	0	0	0	0	0	0
0	0	0	0	0	0	0	0	0	0	0	0	0	0	0	0	0	0	0	0	0	0	0	0	0	0	0	0	0	0	0	0	0	0	0	0	0	0	0.621071819783579	0.578705191085145	0.689492875137569	0	0.612565060916602	0.637095024775575	0.760132456327624	0	0	0	0	0	0	0	0	0	0	0	0	0	0	0	0	0	0	0	0	0	0	0	0	0	0	0	0	0	0	0	0	0	0	0	0	0	0	0	0	0	0	0	0	0
0.60127657089103	0	0	0	0	0	0	0	0	0	0	0	0	0	0	0	0	0	0	0	0	0	0	0	0	0	0	0	0	0	0	0	0	0	0	0	0	0	0	0.518495982296751	0.670402598938538	0.524967311019638	0	0.960514365032255	0.558912427441124	0	0	0	0	0	0	0	0	0	0	0	0	0	0	0	0	0	0	0	0	0	0	0	0	0	0	0	0	0	0	0	0	0	0	0	0	0	0	0	0	0	0	0	0	0
0.964181028007257	0.646184210633181	0	0	0	0	0	0	0	0	0	0	0	0	0	0	0	0	0	0	0	0	0	0	0	0	0	0	0	0	0	0	0	0	0	0	0	0	0	0	0.617779934266417	0.718274795069733	0.702907297563236	0	0.88484625128511	0	0	0	0	0	0	0	0	0	0	0	0	0	0	0	0	0	0	0	0	0	0	0	0	0	0	0	0	0	0	0	0	0	0	0	0	0	0	0	0	0	0	0	0	0
0.770432815855576	0.710693199882882	0.653950319202747	0	0	0	0	0	0	0	0	0	0	0	0	0	0	0	0	0	0	0	0	0	0	0	0	0	0	0	0	0	0	0	0	0	0	0	0	0	0	0.874311008073919	0.567686861311506	0.88714588555568	0	0	0	0	0	0	0	0	0	0	0	0	0	0	0	0	0	0	0	0	0	0	0	0	0	0	0	0	0	0	0	0	0	0	0	0	0	0	0	0	0	0	0	0	0	0
0	0	0	0	0	0	0	0	0	0	0	0	0	0	0	0	0	0	0	0	0	0	0	0	0	0	0	0	0	0	0	0	0	0	0	0	0	0	0	0	0	0	0	0	0	0	0.704866325872864	0	0.546290331104026	0.690934103110337	0.638402455686347	0.512046819598887	0.966999465191581	0.899510339282984	0	0.583104155553987	0	0.941817329030534	0	0	0	0	0	0.742264644538231	0	0	0	0	0	0	0	0	0.652805417910804	0	0	0.945034382421848	0	0	0	0	0.522277793167859	0	0	0	0	0	0	0	0.846376110007195	0
0	0	0	0	0	0	0	0	0	0	0	0	0	0	0	0	0	0	0	0	0	0	0	0	0	0	0	0	0	0	0	0	0	0	0	0	0	0	0	0	0	0	0	0	0	0.750508538591917	0	0	0	0	0	0.538379181282417	0	0	0	0.900075334773591	0	0.591012251497619	0.891083450663746	0	0	0	0	0	0.638774632351178	0	0	0.727901784948581	0.987251441780037	0	0	0	0	0	0	0	0	0	0	0	0	0.952906781633904	0	0	0	0.533344496260527	0	0	0	0
0	0	0	0	0	0	0	0	0	0	0	0	0	0	0	0	0	0	0	0	0	0	0	0	0	0	0	0	0	0	0	0	0	0	0	0	0	0	0	0	0	0	0	0	0	0	0	0	0.757041089720315	0	0	0	0	0	0.703306517768252	0	0.705101160717639	0	0.854033875253883	0	0	0.971814033554095	0	0	0.563187499014766	0	0.766183199956639	0	0	0	0	0	0	0	0	0	0	0	0.872001687696528	0.534305659903034	0	0.749144260457329	0.822747179981118	0.819221965800324	0	0	0.565921169207177	0	0.538577138125828	0
0	0	0	0	0	0	0	0	0	0	0	0	0	0	0	0	0	0	0	0	0	0	0	0	0	0	0	0	0	0	0	0	0	0	0	0	0	0	0	0	0	0	0	0	0	0.789998072707373	0	0.668914216825176	0	0	0.898617750569977	0	0	0	0.984758285116823	0	0	0	0	0	0	0	0	0	0	0	0	0.515021271632718	0.671973895744103	0	0	0.615999333490386	0	0	0.639814802563308	0	0	0	0	0.673626004958144	0.632588350934182	0	0	0	0.693077397411948	0	0	0	0	0
0	0	0	0	0	0	0	0	0	0	0	0	0	0	0	0	0	0	0	0	0	0	0	0	0	0	0	0	0	0	0	0	0	0	0	0	0	0	0	0	0	0	0	0	0	0.980556585284841	0	0	0	0	0	0	0	0	0.68733783361993	0.66122300716019	0	0	0.609444432003292	0.764803939967121	0	0.66869247034281	0.722485331003045	0.716595133617125	0.940794267569827	0	0	0	0.761145841174914	0	0	0.84856468801729	0	0	0	0.591698522561193	0	0	0	0	0	0.603516661619434	0.884338986113595	0	0	0	0	0.747310000128431	0.621313486390045	0
0	0	0	0	0	0	0	0	0	0	0	0	0	0	0	0	0	0	0	0	0	0	0	0	0	0	0	0	0	0	0	0	0	0	0	0	0	0	0	0	0	0	0	0	0	0.552530722257399	0	0	0.771517411701578	0	0	0.876714495629904	0	0	0	0	0.915371961498522	0	0.790836609562	0	0.899696421969753	0	0.621703612824561	0.852553232644301	0	0.592534539225627	0	0	0	0	0	0	0	0	0	0	0.822223873142808	0	0	0	0.95978226612248	0	0	0	0.7260450913934	0	0	0	0.743176928183593	0
0	0	0	0	0	0	0	0	0	0	0	0	0	0	0	0	0	0	0	0	0	0	0	0	0	0	0	0	0	0	0	0	0	0	0	0	0	0	0	0	0	0	0	0	0	0.874572242824635	0.550090298345188	0	0	0	0.509042272222533	0	0	0	0.65803543548792	0	0.744483130614483	0.702453532902624	0	0	0.5835575887177	0	0	0	0	0	0	0	0	0	0	0	0	0	0.927610340476422	0.61988747222559	0	0	0	0.708939556072403	0	0	0.703786272259257	0.605146386992337	0	0.796966043807245	0	0	0	0.600464927790365
0	0	0	0	0	0	0	0	0	0	0	0	0	0	0	0	0	0	0	0	0	0	0	0	0	0	0	0	0	0	0	0	0	0	0	0	0	0	0	0	0	0	0	0	0	0.662832741237139	0	0	0	0	0	0	0	0	0	0.589984972247892	0	0	0.711787965846847	0.93501622484558	0	0	0.812986650491975	0	0	0	0	0.817969521281997	0	0	0	0	0	0.576464771700607	0	0	0	0	0	0	0	0	0	0	0.591165377834765	0.908824598938248	0	0.583295715371339	0	0
0	0	0	0	0	0	0	0	0	0	0	0	0	0	0	0	0	0	0	0	0	0	0	0	0	0	0	0	0	0	0	0	0	0	0	0	0	0	0	0	0	0	0	0	0	0.699642698811338	0	0	0	0	0	0	0	0	0.921275398511746	0	0	0.982694813044299	0	0	0.708371644461491	0	0	0	0	0	0	0.502748305041676	0	0	0.868771718760894	0.954998678767808	0	0	0.736584091625119	0	0	0	0	0	0.837271425485751	0	0	0	0.765057799535906	0	0	0	0	0.668079596235058
0	0	0	0	0	0	0	0	0	0	0	0	0	0	0	0	0	0	0	0	0	0	0	0	0	0	0	0	0	0	0	0	0	0	0	0	0	0	0	0	0	0	0	0	0	0	0	0.789997527406724	0.971578634756169	0.663606440901168	0	0.525401939313541	0	0.977306462667794	0	0.54592685077797	0.947189132455837	0.834500678451694	0	0	0	0	0	0	0	0	0	0.660122307489674	0	0.961255586951754	0	0	0	0.567363682696737	0.612918684408985	0.750062365893964	0	0	0.834215627925761	0	0	0	0	0	0	0	0	0	0	0
0	0	0	0	0	0	0	0	0	0	0	0	0	0	0	0	0	0	0	0	0	0	0	0	0	0	0	0	0	0	0	0	0	0	0	0	0	0	0	0	0	0	0	0	0	0.781738866356311	0.759305170358183	0	0	0.661204792204922	0	0	0.901570330751842	0	0.876904375100767	0	0.610858220419904	0.877655281655106	0	0	0.574580863958668	0	0	0	0	0	0	0	0	0.505181563549256	0	0	0	0	0.989220838572114	0	0.660657499282873	0	0	0	0.537126318327545	0.682285915816031	0	0.571273984105345	0	0	0	0	0	0
0	0	0	0	0	0	0	0	0	0	0	0	0	0	0	0	0	0	0	0	0	0	0	0	0	0	0	0	0	0	0	0	0	0	0	0	0	0	0	0	0	0	0	0	0	0	0	0.529597849639433	0	0	0.908522724258382	0.715555597669035	0	0	0.643762607812139	0.678502642815255	0	0.545270464456364	0.754754780859932	0	0	0.979890834492166	0	0.780301194678608	0	0	0.834842156733959	0	0	0	0.998654066076905	0	0	0	0	0	0	0	0	0	0	0.60380574259482	0	0	0.608552903610836	0	0	0	0	0
0	0	0	0	0	0	0	0	0	0	0	0	0	0	0	0	0	0	0	0	0	0	0	0	0	0	0	0	0	0	0	0	0	0	0	0	0	0	0	0	0	0	0	0	0	0.981358235691235	0.884737653326581	0	0	0	0	0.742857105171228	0	0.807404429589215	0.736751672826432	0.816700837490617	0.760651955792161	0	0	0	0.650789128632178	0	0	0	0.894926408549566	0	0	0	0.833467212094542	0	0	0	0	0.981192197439715	0	0	0	0	0	0	0	0.908578963033428	0	0	0	0.505373691211459	0.549918241723746	0	0	0
0	0	0	0	0	0	0	0	0	0	0	0	0	0	0	0	0	0	0	0	0	0	0	0	0	0	0	0	0	0	0	0	0	0	0	0	0	0	0	0	0	0	0	0	0	0	0.959151534851452	0.61289179466425	0	0.600346238020229	0.608668771803493	0	0.528697501271022	0	0	0	0.752602874957796	0	0	0	0.555121950797602	0	0	0	0	0	0	0	0.587629537828036	0	0	0.586981412557391	0	0.790474279025342	0	0	0.87605756789184	0	0	0	0	0.927935318441134	0	0	0	0	0	0.973798333927407	0	0
0	0	0	0	0	0	0	0	0	0	0	0	0	0	0	0	0	0	0	0	0	0	0	0	0	0	0	0	0	0	0	0	0	0	0	0	0	0	0	0	0	0	0	0	0	0	0	0	0	0.511323815168403	0	0	0.748491120172073	0	0	0	0	0	0	0	0	0	0.99841392701364	0.895463174007058	0	0	0	0	0	0.787687160348903	0.783283859745889	0	0	0	0	0	0	0.598088219880525	0.643490606141644	0	0.880703514890798	0.804754647289557	0	0	0	0	0.52975220665219	0.7325782568463	0	0.746055082758693
0	0	0	0	0	0	0	0	0	0	0	0	0	0	0	0	0	0	0	0	0	0	0	0	0	0	0	0	0	0	0	0	0	0	0	0	0	0	0	0	0	0	0	0	0	0	0	0	0	0	0.787362392333685	0.62107312745919	0	0.732091891673791	0	0.503405511107168	0	0.982037501087658	0.549072724473724	0	0	0	0.799218028358666	0	0.769170727929583	0.560168144081403	0	0.902044064411892	0	0.736176949207623	0.855978743211124	0	0	0	0	0	0	0.603907536000475	0.980190279882879	0	0	0	0	0	0.833084480159776	0	0	0	0.727178474112021	0
0	0	0	0	0	0	0	0	0	0	0	0	0	0	0	0	0	0	0	0	0	0	0	0	0	0	0	0	0	0	0	0	0	0	0	0	0	0	0	0	0	0	0	0	0	0	0	0.86904793656701	0	0.57872254360727	0	0	0	0	0	0	0.567168090072223	0	0	0	0	0	0.886653547289531	0.707441870609753	0.696403774285771	0.531179828067099	0.900505055754384	0	0	0	0.752333563229073	0	0	0	0	0	0.790128962055646	0	0	0	0	0.806755682467192	0.866500497625394	0	0	0	0.731944219864098	0	0.924139462950385	0
0	0	0	0	0	0	0	0	0	0	0	0	0	0	0	0	0	0	0	0	0	0	0	0	0	0	0	0	0	0	0	0	0	0	0	0	0	0	0	0	0	0	0	0	0	0	0	0	0	0.734534102195212	0.969471577978571	0	0.721543574946845	0	0	0	0	0	0	0.86972164438762	0.878525189278232	0.73193494930195	0	0	0.518101619483146	0.797961398387687	0.553273954039597	0.800053757070706	0.716894451331571	0.687091512873206	0	0	0	0	0	0	0	0	0	0.509341643964513	0	0	0	0	0.561544712667018	0.700209206150961	0.676345539801935	0	0.71137381383852	0
0	0	0	0	0	0	0	0	0	0	0	0	0	0	0	0	0	0	0	0	0	0	0	0	0	0	0	0	0	0	0	0	0	0	0	0	0	0	0	0	0	0	0	0	0	0.777379069104985	0	0	0	0.660900460146202	0.945649592689835	0	0	0	0	0	0.580712826727004	0	0	0.729745640769643	0	0.862468319123134	0	0	0	0.518430428305568	0.980455544932833	0	0.769455174859846	0	0.603666890681544	0.688163344433087	0	0	0	0	0.731499185472948	0	0	0	0	0.9996563162141	0	0	0	0	0	0	0	0
0	0	0	0	0	0	0	0	0	0	0	0	0	0	0	0	0	0	0	0	0	0	0	0	0	0	0	0	0	0	0	0	0	0	0	0	0	0	0	0	0	0	0	0	0	0	0.569377250816486	0.56142170525696	0	0.922027433891079	0	0	0	0	0	0	0	0.712785783967985	0	0	0.635563015252651	0.972477554619036	0.988568505049329	0	0	0.967856379638012	0.900494615214422	0	0	0	0	0.642577373146427	0	0	0.733578118520643	0.822534051269763	0	0.516156578488654	0	0	0	0	0	0.782779796776387	0	0	0	0.74083881068019	0	0
0	0	0	0	0	0	0	0	0	0	0	0	0	0	0	0	0	0	0	0	0	0	0	0	0	0	0	0	0	0	0	0	0	0	0	0	0	0	0	0	0	0	0	0	0	0	0	0	0	0	0.866260448387407	0	0	0	0	0	0	0	0	0	0.820617155807245	0.666172403252737	0.630779240672187	0.758887937792645	0.923895763309936	0	0.676798320633192	0	0	0.732252099805717	0	0	0	0.597546399099815	0	0	0	0	0	0.52407966776428	0	0	0	0.750264189322333	0	0	0	0	0.734108686715257	0
0	0	0	0	0	0	0	0	0	0	0	0	0	0	0	0	0	0	0	0	0	0	0	0	0	0	0	0	0	0	0	0	0	0	0	0	0	0	0	0	0	0	0	0	0	0	0	0.641741379586118	0	0	0	0	0	0	0	0	0.856409818069963	0	0	0	0	0.875820299604391	0.572404015421627	0.663652721763441	0.87415725166577	0.959156370536174	0	0.767957293715761	0	0.561724244356916	0.606706543070647	0	0.769375902901736	0	0	0	0.503993742594522	0.609894263668908	0	0	0.672797517555194	0	0	0.775648905622378	0.653891877098506	0	0	0	0.608298220235291	0.633953441153188
0	0	0	0	0	0	0	0	0	0	0	0	0	0	0	0	0	0	0	0	0	0	0	0	0	0	0	0	0	0	0	0	0	0	0	0	0	0	0	0	0	0	0	0	0	0	0.652062181005143	0	0.548576236335504	0	0	0	0.638102222090587	0.96608175179594	0.60383890451138	0	0	0	0	0	0.639111234691906	0	0.508943348417161	0	0	0	0.797223130059365	0	0	0	0.545290728685942	0	0	0.794300354153522	0	0	0	0.667857888930413	0	0	0.69591313582217	0.662886328352141	0	0.601653625245869	0.91550061370175	0	0	0	0	0
0	0	0	0	0	0	0	0	0	0	0	0	0	0	0	0	0	0	0	0	0	0	0	0	0	0	0	0	0	0	0	0	0	0	0	0	0	0	0	0	0	0	0	0	0	0	0.505757396269607	0	0.868048064936389	0.507142678812382	0	0	0	0	0	0	0	0.681112682115348	0.95509502056017	0	0	0	0.723026108523268	0.538296073180152	0	0	0	0	0	0	0	0	0.600255047679356	0.90975362494165	0	0	0	0.98042329188504	0	0	0.812501603358727	0	0	0	0	0	0	0	0	0.587401867575598
0	0	0	0	0	0	0	0	0	0	0	0	0	0	0	0	0	0	0	0	0	0	0	0	0	0	0	0	0	0	0	0	0	0	0	0	0	0	0	0	0	0	0	0	0	0	0	0	0	0	0	0	0	0	0.650859682429619	0.994215592906721	0	0	0	0.608969901204409	0.965346716321172	0	0.617578387168556	0	0	0.556265887020823	0.862770310983602	0	0	0	0	0.923217342410184	0.916973643832118	0.938512593285991	0.762505998974472	0	0.748061904003103	0.983467288306056	0	0	0	0	0	0	0	0.741195236286664	0	0.896879122750749	0	0
0	0	0	0	0	0	0	0	0	0	0	0	0	0	0	0	0	0	0	0	0	0	0	0	0	0	0	0	0	0	0	0	0	0	0	0	0	0	0	0	0	0	0	0	0	0	0	0	0	0	0	0	0	0.995102664389789	0	0	0.713252355217958	0	0	0.925740412186187	0.807897733375659	0.531238570085643	0	0.519153949919112	0	0	0.877217892490234	0.994625635153196	0	0	0	0.619664280040159	0	0	0	0.957755042905718	0.742725663996053	0	0	0	0	0	0	0	0.959476775610171	0	0.764169103939887	0	0	0.549723144132326
0	0	0	0	0	0	0	0	0	0	0	0	0	0	0	0	0	0	0	0	0	0	0	0	0	0	0	0	0	0	0	0	0	0	0	0	0	0	0	0	0	0	0	0	0	0	0	0	0.678473643575472	0.978044009396901	0	0	0	0.661830582646149	0	0	0	0	0.793195041342772	0	0	0	0	0.832591656078875	0.894576432996568	0	0	0	0	0.636649952142499	0.973913614680646	0	0.981432763484911	0.592164591574792	0	0	0	0	0.669932526514012	0.71210289396598	0	0	0	0.685065919344585	0	0.604703162876198	0	0	0	0.571249977348664
0	0	0	0	0	0	0	0	0	0	0	0	0	0	0	0	0	0	0	0	0	0	0	0	0	0	0	0	0	0	0	0	0	0	0	0	0	0	0	0	0	0	0	0	0	0.884938201084546	0	0	0	0	0	0	0	0	0	0	0	0	0	0	0	0	0	0	0	0	0.822130225470785	0	0.931960636605531	0.502013817148184	0	0.886799375856299	0	0.556040958614104	0.68289581045556	0.718229003953874	0	0.648454694854727	0.78836448446654	0	0.543588259042354	0	0	0	0	0.792339138049291	0.875916424547229	0	0	0
0	0	0	0	0	0	0	0	0	0	0	0	0	0	0	0	0	0	0	0	0	0	0	0	0	0	0	0	0	0	0	0	0	0	0	0	0	0	0	0	0	0	0	0	0	0	0	0	0	0	0	0	0.869695797468182	0	0.855274793099864	0	0	0.76624831204657	0.862498026124839	0	0	0	0	0	0	0.587700054031583	0	0.639310169574882	0.982524609276941	0.921605158331498	0	0.511005631917838	0.523511379960907	0	0	0	0.638162953273936	0	0	0	0	0	0.612659223535102	0	0.760546517971918	0	0.581314640580257	0	0	0.67673715856948
0	0	0	0	0	0	0	0	0	0	0	0	0	0	0	0	0	0	0	0	0	0	0	0	0	0	0	0	0	0	0	0	0	0	0	0	0	0	0	0	0	0	0	0	0	0	0	0	0.801602880647027	0	0	0.630993639299293	0	0.565092123040433	0.877485059331673	0.994320876443449	0	0	0	0	0	0	0	0	0.766896553553719	0	0	0	0	0.539128839432035	0	0	0.61494774615193	0	0	0.563440594574685	0	0.833108257709825	0	0	0	0	0	0.885881526497024	0	0	0.59727444151828	0.75824723749087	0.738960150905948	0.961538599300402
0	0	0	0	0	0	0	0	0	0	0	0	0	0	0	0	0	0	0	0	0	0	0	0	0	0	0	0	0	0	0	0	0	0	0	0	0	0	0	0	0	0	0	0	0	0.970303344968758	0	0	0	0.867427322658642	0	0.854481928050144	0	0	0.898846905149808	0	0	0	0	0	0	0	0	0	0.848095541006761	0	0	0	0	0	0.614320691430812	0	0.556836302962556	0	0.805591968956483	0	0	0	0	0	0	0.587616049280035	0.896733883249572	0	0	0	0.991178480837339	0	0.835345695109478	0.977269253350602
0	0	0	0	0	0	0	0	0	0	0	0	0	0	0	0	0	0	0	0	0	0	0	0	0	0	0	0	0	0	0	0	0	0	0	0	0	0	0	0	0	0	0	0	0	0	0	0	0	0	0.991110050236232	0	0	0	0	0.877689324282223	0	0	0.828752232796265	0	0	0.521970771809494	0	0.793375925640441	0	0	0.986869933860072	0	0	0.952180335574844	0.697984696310314	0	0	0.673248195482971	0	0	0	0.639346349496168	0	0	0.801730435210541	0.657742150823044	0.80482635154268	0.934651564001555	0	0	0	0	0	0
0	0	0	0	0	0	0	0	0	0	0	0	0	0	0	0	0	0	0	0	0	0	0	0	0	0	0	0	0	0	0	0	0	0	0	0	0	0	0	0	0	0	0	0	0	0	0	0	0	0	0	0	0	0	0	0	0	0	0	0.818250340535948	0.812426878329277	0	0	0	0.547879168578205	0	0.835000433415595	0.691256942784831	0.584192140501152	0.880263666119809	0	0	0.993390954769139	0	0.816886885095634	0	0.945762498071376	0	0.879047740080641	0.672853156269448	0	0.588963697847312	0	0.980176587824007	0.81268155491051	0.608317815757407	0	0	0	0
0	0	0	0	0	0	0	0	0	0	0	0	0	0	0	0	0	0	0	0	0	0	0	0	0	0	0	0	0	0	0	0	0	0	0	0	0	0	0	0	0	0	0	0	0	0	0	0.819157253557774	0	0	0	0	0	0	0.729938590119362	0	0	0	0	0.566822217771728	0.715742354271591	0	0	0	0	0	0	0	0	0	0	0.820597993446416	0.925925393052336	0	0	0	0	0.675285101690838	0	0.836923793042511	0.53998587789224	0	0	0.683425358916379	0.863789190952194	0.685970735286866	0	0.720427892405622	0.6189727123062	0
0	0	0	0	0	0	0	0	0	0	0	0	0	0	0	0	0	0	0	0	0	0	0	0	0	0	0	0	0	0	0	0	0	0	0	0	0	0	0	0	0	0	0	0	0	0	0	0.565867965987812	0.77645655411271	0	0	0.56317862329409	0	0	0	0	0	0	0	0	0	0	0.658719132065579	0	0	0.799078358962656	0	0	0	0	0	0.648538592670852	0	0	0	0	0	0.936844852743602	0.80763989142833	0	0.835179800739029	0	0	0	0.63035472560591	0	0.60964800842443	0	0	0
0	0	0	0	0	0	0	0	0	0	0	0	0	0	0	0	0	0	0	0	0	0	0	0	0	0	0	0	0	0	0	0	0	0	0	0	0	0	0	0	0	0	0	0	0	0.700971840974994	0	0	0.735364240547193	0	0.764772971726048	0	0	0.546134308921137	0	0.529623179702578	0	0	0	0.719794095275792	0	0	0	0	0	0	0.946730470970546	0.761252525778215	0.555316799698989	0	0	0	0.667183637099535	0	0	0	0.526421614439293	0	0.614874493613362	0.525930552556786	0	0.800750352732699	0	0.939987869029233	0	0	0	0	0	0
0	0	0	0	0	0	0	0	0	0	0	0	0	0	0	0	0	0	0	0	0	0	0	0	0	0	0	0	0	0	0	0	0	0	0	0	0	0	0	0	0	0	0	0	0	0	0.852978800030488	0.664089947302319	0	0.673269500067041	0	0	0	0	0	0.943699673652765	0.849143450760777	0.582991590162054	0.746597741823158	0.753354845241772	0	0.972008744798022	0	0.855965255400788	0	0	0	0.78715990780057	0	0	0	0	0	0	0	0.612814219676919	0.893863005508601	0.771203558094257	0	0	0.649111241877404	0	0.55032011341804	0.889441097890679	0	0.938253765093736	0.922763832651982	0.632969202661928	0	0
0	0	0	0	0	0	0	0	0	0	0	0	0	0	0	0	0	0	0	0	0	0	0	0	0	0	0	0	0	0	0	0	0	0	0	0	0	0	0	0	0	0	0	0	0	0	0	0.731198432151036	0	0.892401425753032	0	0.537667057219113	0	0	0	0	0	0	0	0	0	0.713640528423041	0	0	0	0	0	0	0	0	0	0	0	0.538264795749865	0	0.882278744957473	0.73821901165045	0	0	0	0	0.727709467365225	0	0	0	0	0.716231740620074	0	0.772578483087918	0
0	0	0	0	0	0	0	0	0	0	0	0	0	0	0	0	0	0	0	0	0	0	0	0	0	0	0	0	0	0	0	0	0	0	0	0	0	0	0	0	0	0	0	0	0	0	0	0.817185229027928	0	0	0	0.829243111079601	0	0	0	0.70515380872697	0	0	0	0	0	0	0	0	0.677016948121706	0.996583432102505	0.953589600771735	0.746829589516001	0	0	0	0.757813700726045	0	0	0.865372291156741	0	0.934603518705007	0.889158576214179	0.578620289205267	0	0.736933162217989	0.696386962310282	0	0	0.94353214443053	0	0	0	0	0.837688749021725
0	0	0	0	0	0	0	0	0	0	0	0	0	0	0	0	0	0	0	0	0	0	0	0	0	0	0	0	0	0	0	0	0	0	0	0	0	0	0	0	0	0	0	0	0	0	0	0	0.872367575999925	0	0.650226841484752	0	0.806370059574813	0.793220436776582	0	0	0.564309498343691	0	0	0	0.514712455072235	0	0.56069391710193	0	0	0	0.990137937979374	0.858283083451386	0	0	0.722875900392797	0	0	0.987206205551274	0	0	0	0.723142949244803	0.50821645858662	0.610884595160205	0	0	0	0.85881210587999	0	0.921950982691993	0.906904223243571	0.801780213275378	0	0
0	0	0	0	0	0	0	0	0	0	0	0	0	0	0	0	0	0	0	0	0	0	0	0	0	0	0	0	0	0	0	0	0	0	0	0	0	0	0	0	0	0	0	0	0	0	0.878728075827886	0	0	0	0	0.863794295059296	0.842781528501712	0	0	0	0	0.717213731333743	0	0	0	0	0.686852943394023	0	0	0	0	0	0	0.726552853295111	0	0.80028110517516	0.97729353237837	0	0	0	0	0.789996246984978	0.99201290656725	0	0	0.818094064052788	0	0	0.958451574697549	0	0.887216150038046	0.684618566510946	0	0.608721993910708
0	0	0	0	0	0	0	0	0	0	0	0	0	0	0	0	0	0	0	0	0	0	0	0	0	0	0	0	0	0	0	0	0	0	0	0	0	0	0	0	0	0	0	0	0	0	0	0.767317157888957	0	0	0	0	0	0	0	0	0	0.963135283459181	0	0.598093609764593	0	0.607408542980478	0.63825388692521	0	0	0	0	0	0	0	0.807821588590472	0	0.87308863390805	0.823034592166944	0.701653548480219	0.615180964629555	0	0	0	0.52124052735013	0	0.763257484842631	0.920486369309185	0	0.759018931806667	0.519325143613417	0	0	0	0.694854332193063
0	0	0	0	0	0	0	0	0	0	0	0	0	0	0	0	0	0	0	0	0	0	0	0	0	0	0	0	0	0	0	0	0	0	0	0	0	0	0	0	0	0	0	0	0	0	0	0	0	0.527091550876998	0	0	0.561830935330808	0	0	0	0	0	0.816408313171091	0.608962670901603	0	0	0	0	0.718000659189522	0	0	0	0	0.500438352950491	0	0	0	0	0.966641247094829	0	0	0	0.755158615341703	0	0	0.792704484864572	0	0	0.573472861559865	0.941244018151492	0	0	0	0.670083388669239
0	0	0	0	0	0	0	0	0	0	0	0	0	0	0	0	0	0	0	0	0	0	0	0	0	0	0	0	0	0	0	0	0	0	0	0	0	0	0	0	0	0	0	0	0	0.538781621971842	0	0.798011657458275	0	0.507243916372486	0.685941332588168	0	0	0	0	0	0	0	0	0	0.941267916368404	0.67113961134356	0.954788481216189	0	0	0.895094536645601	0.780307436394608	0	0	0	0	0	0	0	0.980954729202012	0.687626139091712	0	0	0.74867140193829	0	0	0	0.586603333821039	0	0	0	0	0	0	0
0	0	0	0	0	0	0	0	0	0	0	0	0	0	0	0	0	0	0	0	0	0	0	0	0	0	0	0	0	0	0	0	0	0	0	0	0	0	0	0	0	0	0	0	0	0	0	0	0	0	0	0.843458983749197	0	0.561038409837364	0	0	0	0	0	0.763174911021909	0	0	0	0	0	0	0.830413372609994	0	0.709133746703921	0	0.685968641414976	0.8532445987884	0	0.699691645563822	0.949861490626353	0.589743247852034	0	0	0	0	0	0	0	0.915247956672976	0	0.683736928643108	0.937662595272128	0.659088988228738	0	0
