0	0	0.8086439823282	0	0	0	0	0	0	0	0	0	0	0.934197976166331	0.589348091677985	0	0	0	0	0	0.618709392994581	0	0	0	0	0	0	0	0	0.664292891507484	0.879266320666813	0	0	0	0	0	0	0	0.636357094502038	0	0	0	0.9652103196941	0	0	0	0	0	0	0	0	0	0	0	0	0	0	0	0	0	0	0	0	0	0	0	0	0	0	0	0	0	0	0	0	0	0	0	0	0	0	0	0	0	0	0	0	0	0	0
0	0	0	0	0	0	0	0.617420093858196	0	0	0	0	0	0	0	0	0	0	0	0	0	0	0	0	0.728072400589116	0	0.990039350596866	0	0	0	0	0	0	0	0	0.748995459827446	0.554385934231648	0	0	0	0	0	0	0.698483302323203	0	0	0	0	0	0	0	0	0	0	0	0	0	0	0	0	0	0	0	0	0	0	0	0	0	0	0	0	0	0	0	0	0	0	0	0	0	0	0	0	0	0	0	0	0	0
0.845175049570836	0	0	0	0	0	0	0.928499256874459	0	0	0	0	0	0	0	0	0	0	0	0	0	0	0	0	0	0	0	0	0	0	0	0	0	0.918266672598541	0	0	0	0	0	0	0	0	0	0	0	0	0	0	0	0	0	0	0	0	0	0	0	0	0	0	0	0	0	0	0	0	0	0	0	0	0	0	0	0	0	0	0	0	0	0	0	0	0	0	0	0	0	0	0	0
0	0	0	0	0	0	0	0.683850862442015	0	0	0	0	0	0	0.787239152654246	0	0	0	0.850564684908879	0	0	0	0	0.752285475569009	0	0	0	0	0	0	0	0	0	0	0	0.870558594859416	0	0	0	0.722339439817394	0	0	0	0	0	0	0	0	0	0	0	0	0	0	0	0	0	0	0	0	0	0	0	0	0	0	0	0	0	0	0	0	0	0	0	0	0	0	0	0	0	0	0	0	0	0	0	0	0	0
0	0	0	0	0	0	0	0.694807221572687	0	0	0	0	0.575624248676666	0.564675487756259	0	0	0	0.656983464046973	0	0	0	0	0	0	0	0.992382910890034	0	0	0	0	0	0	0	0.784007286069453	0	0	0	0	0	0	0	0	0	0	0	0	0	0	0	0	0	0	0	0	0	0	0	0	0	0	0	0	0	0	0	0	0	0	0	0	0	0	0	0	0	0	0	0	0	0	0	0	0	0	0	0	0	0	0	0
0	0	0	0	0	0	0	0	0	0	0	0	0	0.687152648056285	0	0	0	0	0	0	0	0	0	0	0	0	0	0	0	0	0	0	0	0	0.956119421646506	0	0	0	0	0	0	0	0	0	0.968525837064245	0	0	0	0	0	0	0	0	0	0	0	0	0	0	0	0	0	0	0	0	0	0	0	0	0	0	0	0	0	0	0	0	0	0	0	0	0	0	0	0	0	0	0	0	0
0	0	0	0	0	0	0	0.999716185272369	0	0.621884839355194	0	0	0.714881737646208	0	0	0	0	0	0	0	0	0	0	0	0	0	0	0	0	0	0	0	0	0.650086069846098	0	0	0	0	0	0	0	0	0	0	0	0	0	0	0	0	0	0	0	0	0	0	0	0	0	0	0	0	0	0	0	0	0	0	0	0	0	0	0	0	0	0	0	0	0	0	0	0	0	0	0	0	0	0	0	0
0	0.566365717563434	0.839391407019311	0.692562872102673	0.693606980631921	0	0.628720885542356	0	0	0.587650277629763	0	0	0	0	0	0.773232983462195	0	0	0	0	0	0	0	0.748025039365008	0	0	0	0	0	0.808703138114821	0	0	0	0	0	0	0	0	0.996742951565735	0	0	0	0	0	0.977371252713768	0	0	0	0	0	0	0	0	0	0	0	0	0	0	0	0	0	0	0	0	0	0	0	0	0	0	0	0	0	0	0	0	0	0	0	0	0	0	0	0	0	0	0	0	0
0	0	0	0	0	0	0	0	0	0	0	0	0.763014028110118	0	0	0.594391805812433	0	0.617505654585583	0.882265393155387	0	0	0	0	0	0.974221793918081	0	0	0.918975985662765	0	0	0	0	0	0	0	0	0	0	0	0	0	0	0	0	0	0	0	0	0	0	0	0	0	0	0	0	0	0	0	0	0	0	0	0	0	0	0	0	0	0	0	0	0	0	0	0	0	0	0	0	0	0	0	0	0	0	0	0	0	0
0	0	0	0	0	0	0.996331523894858	0.747412318825975	0	0	0	0.864227606686084	0	0.79311649710926	0	0	0	0	0	0	0	0	0	0	0	0	0	0	0	0	0	0	0	0	0	0.874282206625518	0	0	0.754945256670003	0.575165979401127	0	0.541067834162678	0	0	0.543343430662227	0	0	0	0	0	0	0	0	0	0	0	0	0	0	0	0	0	0	0	0	0	0	0	0	0	0	0	0	0	0	0	0	0	0	0	0	0	0	0	0	0	0	0	0	0
0	0	0	0	0	0	0	0	0	0	0	0.88815887412434	0	0.781920035881363	0	0	0	0	0	0	0	0	0	0	0	0	0	0	0	0.953458468783363	0	0	0	0	0	0	0	0	0	0	0	0	0	0	0.694480075898768	0	0	0	0	0	0	0	0	0	0	0	0	0	0	0	0	0	0	0	0	0	0	0	0	0	0	0	0	0	0	0	0	0	0	0	0	0	0	0	0	0	0	0	0	0
0	0	0	0	0	0	0	0	0	0.501908832651605	0.987131032451043	0	0.929629952709414	0.579621318163599	0	0	0	0	0	0	0.599532497161474	0	0	0	0	0	0	0	0	0.588537423775436	0	0	0.844537273358963	0	0	0.673452485976256	0	0	0	0	0	0	0	0	0	0	0	0	0	0	0	0	0	0	0	0	0	0	0	0	0	0	0	0	0	0	0	0	0	0	0	0	0	0	0	0	0	0	0	0	0	0	0	0	0	0	0	0	0	0
0	0	0	0	0.659945885055896	0	0.890300282432679	0	0.705580752432725	0	0	0.940595207680107	0	0	0	0	0	0	0	0	0	0	0	0	0	0	0	0	0	0	0	0	0	0	0	0	0	0	0	0	0	0	0	0	0	0	0	0	0	0	0	0	0	0	0	0	0	0	0	0	0	0	0	0	0	0	0	0	0	0	0	0	0	0	0	0	0	0	0	0	0	0	0	0	0	0	0	0	0	0
0.564228633733073	0	0	0	0.793235240995035	0.732471333246013	0	0	0	0.868702381755909	0.975092996891561	0.507942486969429	0	0	0.923132127029327	0	0	0	0	0	0	0	0	0	0	0	0	0.916521662462995	0	0	0	0	0	0	0	0	0	0	0	0	0	0	0.592215041714552	0	0	0	0	0	0	0	0	0	0	0	0	0	0	0	0	0	0	0	0	0	0	0	0	0	0	0	0	0	0	0	0	0	0	0	0	0	0	0	0	0	0	0	0	0	0	0
0.95058214811695	0	0	0.692374091090921	0	0	0	0	0	0	0	0	0	0.712931119299774	0	0.598159088325642	0	0	0	0.757310217005027	0	0	0	0	0	0	0	0	0	0	0	0	0	0	0	0	0	0	0	0	0.593467992732893	0	0	0.87649216587259	0	0	0	0	0	0	0	0	0	0	0	0	0	0	0	0	0	0	0	0	0	0	0	0	0	0	0	0	0	0	0	0	0	0	0	0	0	0	0	0	0	0	0	0	0	0
0	0	0	0	0	0	0	0.818281473448364	0.830474354123064	0	0	0	0	0	0.716977315144582	0	0	0	0.934577408334846	0	0	0	0	0.676993740413238	0	0	0	0.672061865210801	0	0	0	0	0.734470618812668	0	0	0	0	0	0	0.611822445726498	0	0.931824725596051	0	0	0	0	0	0	0	0	0	0	0	0	0	0	0	0	0	0	0	0	0	0	0	0	0	0	0	0	0	0	0	0	0	0	0	0	0	0	0	0	0	0	0	0	0	0	0	0
0	0	0	0	0	0	0	0	0	0	0	0	0	0	0	0	0	0.943489148531174	0	0	0	0	0	0	0	0	0	0	0	0	0	0	0	0	0	0	0	0	0.537345944113527	0	0	0.653582592906722	0	0	0.96000981219084	0	0	0	0	0	0	0	0	0	0	0	0	0	0	0	0	0	0	0	0	0	0	0	0	0	0	0	0	0	0	0	0	0	0	0	0	0	0	0	0	0	0	0	0	0
0	0	0	0	0.872874405740776	0	0	0	0.686904672366231	0	0	0	0	0	0	0	0.561681497192253	0	0.837269416688161	0.70664878551338	0	0	0	0	0	0	0	0	0	0	0	0	0	0	0	0	0	0.918283994207204	0	0	0	0	0	0	0	0	0	0	0	0	0	0	0	0	0	0	0	0	0	0	0	0	0	0	0	0	0	0	0	0	0	0	0	0	0	0	0	0	0	0	0	0	0	0	0	0	0	0	0	0
0	0	0	0.593826033343765	0	0	0	0	0.65685099780703	0	0	0	0	0	0	0.969506768450119	0	0.763851374034276	0	0	0	0	0	0	0	0	0	0	0	0	0	0	0.576160135417609	0	0	0.984386962315182	0	0	0	0	0	0	0.8149214551599	0	0	0	0	0	0	0	0	0	0	0	0	0	0	0	0	0	0	0	0	0	0	0	0	0	0	0	0	0	0	0	0	0	0	0	0	0	0	0	0	0	0	0	0	0	0	0
0	0	0	0	0	0	0	0	0	0	0	0	0	0	0.928087240022114	0	0	0.978982838853036	0	0	0	0.862241179195681	0	0	0	0	0	0	0	0	0	0.97819576499819	0	0	0	0	0	0	0	0	0	0	0	0	0.710086051669614	0	0	0	0	0	0	0	0	0	0	0	0	0	0	0	0	0	0	0	0	0	0	0	0	0	0	0	0	0	0	0	0	0	0	0	0	0	0	0	0	0	0	0	0	0
0.63328218782407	0	0	0	0	0	0	0	0	0	0	0.835523835515425	0	0	0	0	0	0	0	0	0	0	0	0	0	0	0	0.902727155466325	0	0.597145407965396	0	0	0	0	0	0	0	0	0	0	0	0	0	0	0	0	0	0	0	0	0	0	0	0	0	0	0	0	0	0	0	0	0	0	0	0	0	0	0	0	0	0	0	0	0	0	0	0	0	0	0	0	0	0	0	0	0	0	0	0
0	0	0	0	0	0	0	0	0	0	0	0	0	0	0	0	0	0	0	0.549811993120288	0	0	0	0.907167407005238	0	0	0	0	0.697094418523249	0.756091850508409	0.682231105440236	0	0	0	0.713054141879142	0	0	0	0	0	0.526704716563892	0	0	0	0.791814035790476	0	0	0	0	0	0	0	0	0	0	0	0	0	0	0	0	0	0	0	0	0	0	0	0	0	0	0	0	0	0	0	0	0	0	0	0	0	0	0	0	0	0	0	0	0
0	0	0	0	0	0	0	0	0	0	0	0	0	0	0	0	0	0	0	0	0	0	0	0.850830626468275	0.60102006736966	0.55171708326044	0	0	0	0	0	0	0	0	0	0.878270619851397	0	0	0	0	0	0	0	0	0	0	0	0	0	0	0	0	0	0	0	0	0	0	0	0	0	0	0	0	0	0	0	0	0	0	0	0	0	0	0	0	0	0	0	0	0	0	0	0	0	0	0	0	0	0
0	0	0	0.998468435027245	0	0	0	0.536792997592297	0	0	0	0	0	0	0	0.808484937764696	0	0	0	0	0	0.867060004381087	0.716676359481013	0	0	0.595861308863138	0	0	0	0	0	0	0	0	0	0.725885533366656	0	0.883819093139019	0	0	0	0	0	0	0	0	0	0	0	0	0	0	0	0	0	0	0	0	0	0	0	0	0	0	0	0	0	0	0	0	0	0	0	0	0	0	0	0	0	0	0	0	0	0	0	0	0	0	0	0
0	0.791192631155329	0	0	0	0	0	0	0.918037793938825	0	0	0	0	0	0	0	0	0	0	0	0	0	0.980445342010475	0	0	0	0.502602758997392	0	0	0	0	0	0.990309414865505	0	0.574281989392334	0	0	0.779418293458291	0	0	0	0	0	0	0	0	0	0	0	0	0	0	0	0	0	0	0	0	0	0	0	0	0	0	0	0	0	0	0	0	0	0	0	0	0	0	0	0	0	0	0	0	0	0	0	0	0	0	0	0
0	0	0	0	0.775740803594803	0	0	0	0	0	0	0	0	0	0	0	0	0	0	0	0	0	0.554951674812904	0.609378279085747	0	0	0	0	0	0.843010109810858	0	0	0	0	0	0	0	0	0	0	0	0	0	0	0	0	0	0	0	0	0	0	0	0	0	0	0	0	0	0	0	0	0	0	0	0	0	0	0	0	0	0	0	0	0	0	0	0	0	0	0	0	0	0	0	0	0	0	0	0
0	0.725054270990379	0	0	0	0	0	0	0	0	0	0	0	0	0	0	0	0	0	0	0	0	0	0	0.687539732597308	0	0	0.988560487017013	0	0	0	0.854125963516463	0	0	0	0	0	0	0	0	0	0.938919138188129	0	0	0	0	0	0	0	0	0	0	0	0	0	0	0	0	0	0	0	0	0	0	0	0	0	0	0	0	0	0	0	0	0	0	0	0	0	0	0	0	0	0	0	0	0	0	0	0
0	0	0	0	0	0	0	0	0.529518152795192	0	0	0	0	0.575822414071498	0	0.957134207630313	0	0	0	0	0.673344539312792	0	0	0	0	0	0.727832913233595	0	0	0.923635071182664	0	0	0	0	0	0	0	0	0	0	0	0	0	0	0	0	0	0	0	0	0	0	0	0	0	0	0	0	0	0	0	0	0	0	0	0	0	0	0	0	0	0	0	0	0	0	0	0	0	0	0	0	0	0	0	0	0	0	0	0
0	0	0	0	0	0	0	0	0	0	0	0	0	0	0	0	0	0	0	0	0	0.659462052056856	0	0	0	0	0	0	0	0	0.639867822244503	0	0	0	0	0	0.925193109644622	0	0	0	0.604390753551646	0	0	0	0	0	0	0	0	0	0	0	0	0	0	0	0	0	0	0	0	0	0	0	0	0	0	0	0	0	0	0	0	0	0	0	0	0	0	0	0	0	0	0	0	0	0	0	0	0
0.920031991373891	0	0	0	0	0	0	0.917073478845729	0	0	0.875004530637213	0.512417943424849	0	0	0	0	0	0	0	0	0.615866827603222	0.617050117955992	0	0	0	0.853482180685033	0	0.971726055235924	0	0	0	0	0	0	0	0	0	0	0	0	0	0	0	0	0	0	0	0	0	0	0	0	0	0	0	0	0	0	0	0	0	0	0	0	0	0	0	0	0	0	0	0	0	0	0	0	0	0	0	0	0	0	0	0	0	0	0	0	0	0
0.83712309968253	0	0	0	0	0	0	0	0	0	0	0	0	0	0	0	0	0	0	0	0	0.913341378339347	0	0	0	0	0	0	0.754636023354033	0	0	0.899255665450852	0	0.784183626237275	0.651506408052692	0	0	0	0	0	0	0	0	0	0	0	0	0	0	0	0	0	0	0	0	0	0	0	0	0	0	0	0	0	0	0	0	0	0	0	0	0	0	0	0	0	0	0	0	0	0	0	0	0	0	0	0	0	0	0
0	0	0	0	0	0	0	0	0	0	0	0	0	0	0	0	0	0	0	0.595380452573062	0	0	0	0	0	0	0.856257604474173	0	0	0	0.726295297225003	0	0	0	0	0	0	0	0	0	0.940133913453977	0	0	0	0	0	0	0	0	0	0	0	0	0	0	0	0	0	0	0	0	0	0	0	0	0	0	0	0	0	0	0	0	0	0	0	0	0	0	0	0	0	0	0	0	0	0	0	0	0
0	0	0	0	0	0	0	0	0	0	0	0.625235849885858	0	0	0	0.566789211151583	0	0	0.716543050222281	0	0	0	0	0	0.584973724602425	0	0	0	0	0	0	0	0	0.521566267573474	0	0.665342596775699	0.54171534609571	0	0	0	0	0	0	0	0	0	0	0	0	0	0	0	0	0	0	0	0	0	0	0	0	0	0	0	0	0	0	0	0	0	0	0	0	0	0	0	0	0	0	0	0	0	0	0	0	0	0	0	0	0
0	0	0.83998800791712	0	0.642463863319918	0	0.882755770408336	0	0	0	0	0	0	0	0	0	0	0	0	0	0	0	0	0	0	0	0	0	0	0	0.576789655767588	0	0.554623403050865	0	0	0	0.50104160715243	0	0	0	0	0	0	0	0	0	0	0	0	0	0	0	0	0	0	0	0	0	0	0	0	0	0	0	0	0	0	0	0	0	0	0	0	0	0	0	0	0	0	0	0	0	0	0	0	0	0	0	0	0
0	0	0	0	0	0.547545277431149	0	0	0	0	0	0	0	0	0	0	0	0	0	0	0	0.714286958138586	0	0	0.932440030501679	0	0	0	0	0	0.533671849885575	0	0	0	0	0.990517618628051	0	0	0	0	0.89961779838673	0	0	0	0	0	0	0	0	0	0	0	0	0	0	0	0	0	0	0	0	0	0	0	0	0	0	0	0	0	0	0	0	0	0	0	0	0	0	0	0	0	0	0	0	0	0	0	0	0
0	0.70273026179824	0	0.981693930925202	0	0	0	0	0	0.884146449750097	0	0.965519346686042	0	0	0	0	0	0	0.585561344914281	0	0	0	0.938426676897336	0.766131171204642	0	0	0	0	0	0	0	0	0.504173228492294	0	0.99206718742183	0	0	0	0.894374956240189	0	0	0	0	0	0	0	0	0	0	0	0	0	0	0	0	0	0	0	0	0	0	0	0	0	0	0	0	0	0	0	0	0	0	0	0	0	0	0	0	0	0	0	0	0	0	0	0	0	0	0
0	0.979989878557776	0	0	0	0	0	0	0	0	0	0	0	0	0	0	0	0	0	0	0	0	0	0	0	0	0	0	0.829583957518439	0	0	0	0.52775100319168	0.953566120366665	0	0	0	0	0	0.954359302340293	0	0	0	0	0	0	0	0	0	0	0	0	0	0	0	0	0	0	0	0	0	0	0	0	0	0	0	0	0	0	0	0	0	0	0	0	0	0	0	0	0	0	0	0	0	0	0	0	0	0
0	0	0	0	0	0	0	0	0	0	0	0	0	0	0	0	0	0.617222045917214	0	0	0	0	0	0.523435318230472	0.569711985917294	0	0	0	0	0	0	0	0	0	0	0	0	0	0	0.708441441911536	0	0	0	0	0	0	0	0	0	0	0	0	0	0	0	0	0	0	0	0	0	0	0	0	0	0	0	0	0	0	0	0	0	0	0	0	0	0	0	0	0	0	0	0	0	0	0	0	0	0
0.550489429176209	0	0	0	0	0	0	0.658629709218642	0	0.682179612173153	0	0	0	0	0	0	0.535481332280336	0	0	0	0	0	0	0	0	0	0	0	0	0	0	0	0	0	0	0.758097379627091	0	0	0	0	0	0	0	0	0	0	0	0	0	0	0	0	0	0	0	0	0	0	0	0	0	0	0	0	0	0	0	0	0	0	0	0	0	0	0	0	0	0	0	0	0	0	0	0	0	0	0	0	0	0
0	0	0	0.811995261663267	0	0	0	0	0	0.786187835359215	0	0	0	0	0	0.837778407887863	0	0	0	0	0	0	0	0	0	0	0	0	0	0	0	0	0	0	0	0	0.830221764846247	0.657561784570984	0	0	0.796696485366569	0	0	0	0	0	0	0	0	0	0	0	0	0	0	0	0	0	0	0	0	0	0	0	0	0	0	0	0	0	0	0	0	0	0	0	0	0	0	0	0	0	0	0	0	0	0	0	0	0
0	0	0	0	0	0	0	0	0	0	0	0	0	0	0.827378344238338	0	0	0	0	0	0	0.928718584728344	0	0	0	0	0	0	0.793096891818212	0	0	0.631329247363478	0	0	0.575309800168947	0	0	0	0	0.910389766281015	0	0.838608070414396	0	0	0	0	0	0	0	0	0	0	0	0	0	0	0	0	0	0	0	0	0	0	0	0	0	0	0	0	0	0	0	0	0	0	0	0	0	0	0	0	0	0	0	0	0	0	0	0
0	0	0	0	0	0	0	0	0	0.821454609529065	0	0	0	0	0	0.77970661484961	0.810725956440934	0	0	0	0	0	0	0	0	0	0.811927483034873	0	0	0	0	0	0	0	0	0	0	0	0	0	0.628037243164376	0	0.589714340902161	0	0	0	0	0	0	0	0	0	0	0	0	0	0	0	0	0	0	0	0	0	0	0	0	0	0	0	0	0	0	0	0	0	0	0	0	0	0	0	0	0	0	0	0	0	0	0
0.965354110392686	0	0	0	0	0	0	0	0	0	0	0	0	0.55938847475894	0	0	0	0	0.764612315213975	0	0	0	0	0	0	0	0	0	0	0	0	0	0	0	0	0	0	0	0	0	0	0.992738291483454	0	0.600304915070857	0	0	0	0	0	0	0	0	0	0	0	0	0	0	0	0	0	0	0	0	0	0	0	0	0	0	0	0	0	0	0	0	0	0	0	0	0	0	0	0	0	0	0	0	0	0
0	0.83739565267983	0	0	0	0	0	0	0	0	0	0	0	0	0.813183051326347	0	0	0	0	0	0	0	0	0	0	0	0	0	0	0	0	0	0	0	0	0	0	0	0	0	0	0	0.589297104929778	0	0	0	0	0	0	0	0	0	0	0	0	0	0	0	0	0	0	0	0	0	0	0	0	0	0	0	0	0	0	0	0	0	0	0	0	0	0	0	0	0	0	0	0	0	0	0
0	0	0	0	0	0.548758877599039	0	0.854801522288164	0	0.561881163015726	0.931396305856013	0	0	0	0	0	0.943052756798415	0	0	0.504677131811475	0	0.945860430047156	0	0	0	0	0	0	0	0	0	0	0	0	0	0	0	0	0	0	0	0	0	0	0	0	0	0	0	0	0	0	0	0	0	0	0	0	0	0	0	0	0	0	0	0	0	0	0	0	0	0	0	0	0	0	0	0	0	0	0	0	0	0	0	0	0	0	0	0
0	0	0	0	0	0	0	0	0	0	0	0	0	0	0	0	0	0	0	0	0	0	0	0	0	0	0	0	0	0	0	0	0	0	0	0	0	0	0	0	0	0	0	0	0	0	0.750006260627234	0.74581641433751	0.779273191052963	0.887970556230931	0.689777286081775	0.782071663125293	0.943045423197621	0	0	0	0	0	0	0	0	0	0	0	0	0	0	0	0	0	0	0	0	0	0	0	0	0	0	0	0	0	0	0.827268635568714	0.764011679086355	0.929234926120006	0.818938780649515	0.751155191769034	0.57221697598538	0.874792231574444
0	0	0	0	0	0	0	0	0	0	0	0	0	0	0	0	0	0	0	0	0	0	0	0	0	0	0	0	0	0	0	0	0	0	0	0	0	0	0	0	0	0	0	0	0	0.589863292492148	0	0.765567303365208	0.796060056161537	0.509200119701471	0.666940309845016	0.838090678066772	0.894809759310707	0.572181073387742	0	0	0	0	0	0	0	0	0	0	0	0	0	0	0	0	0	0	0	0	0	0	0	0	0	0	0	0	0	0	0.503980378535888	0.763737079635547	0.84494743606921	0.577379995854302	0.826018047893016	0.858880352114487
0	0	0	0	0	0	0	0	0	0	0	0	0	0	0	0	0	0	0	0	0	0	0	0	0	0	0	0	0	0	0	0	0	0	0	0	0	0	0	0	0	0	0	0	0	0.820940070816569	0.922476117144135	0	0.7175459803277	0.593965049438935	0.81904542598678	0.506912472784165	0.975781753590443	0.522844135866763	0.522774151903239	0	0	0	0	0	0	0	0	0	0	0	0	0	0	0	0	0	0	0	0	0	0	0	0	0	0	0	0	0	0	0	0.819311318670107	0.967861388099951	0.736056843634846	0.549833425385394
0	0	0	0	0	0	0	0	0	0	0	0	0	0	0	0	0	0	0	0	0	0	0	0	0	0	0	0	0	0	0	0	0	0	0	0	0	0	0	0	0	0	0	0	0	0.526356477070153	0.950210002146247	0.779695480233943	0	0.717844914937489	0.562436729154967	0.819170225822491	0.606991845294001	0.838320256654883	0.744553451183214	0.541113955674918	0	0	0	0	0	0	0	0	0	0	0	0	0	0	0	0	0	0	0	0	0	0	0	0	0	0	0	0	0	0	0.801684791816267	0.766041056578563	0.959742292468424	0.523655411533438
0	0	0	0	0	0	0	0	0	0	0	0	0	0	0	0	0	0	0	0	0	0	0	0	0	0	0	0	0	0	0	0	0	0	0	0	0	0	0	0	0	0	0	0	0	0.798799451826071	0.544456256892355	0.723239483498178	0.989132489405499	0	0.639511164507641	0	0.577372252839393	0.663977152138785	0.766630828749804	0.881530303551011	0.602927652909508	0	0.701733331549227	0.86242368342041	0	0	0	0	0	0	0	0	0	0	0	0	0	0	0	0	0	0	0	0.927254546945336	0	0	0	0	0	0	0	0.505662775059682	0.976383727874686	0.648591209346924
0	0	0	0	0	0	0	0	0	0	0	0	0	0	0	0	0	0	0	0	0	0	0	0	0	0	0	0	0	0	0	0	0	0	0	0	0	0	0	0	0	0	0	0	0	0.642664441636952	0.691705377585274	0.730421367047408	0.801732793124103	0.975965082664451	0	0.500017700023799	0.778032445589499	0.66725811178502	0.846250696510756	0.747502031470665	0.847539054046978	0.651502474817784	0	0	0	0	0	0	0	0	0	0	0	0	0	0	0	0	0	0	0	0	0	0	0	0	0	0	0	0	0	0	0.734932884006665	0.564352254979135
0	0	0	0	0	0	0	0	0	0	0	0	0	0	0	0	0	0	0	0	0	0	0	0	0	0	0	0	0	0	0	0	0	0	0	0	0	0	0	0	0	0	0	0	0	0.841977265833546	0.523503633576047	0.713728823518022	0.896907678681199	0	0.965703849161764	0	0.522702266833598	0.724111244288877	0.544830971654779	0.968876094463708	0.857767341096079	0.87133875030456	0.826381476406043	0	0	0	0	0	0	0	0	0	0	0	0	0	0	0	0	0	0	0	0	0	0	0	0	0	0	0	0	0	0	0.5426473626083
0	0	0	0	0	0	0	0	0	0	0	0	0	0	0	0	0	0	0	0	0	0	0	0	0	0	0	0	0	0	0	0	0	0	0	0	0	0	0	0	0	0	0	0	0	0.984870140987759	0.753327280711117	0.615048188345339	0.514282142176457	0.970652002989048	0.501639272098556	0.672267319627603	0	0.864669275690396	0.769583221043382	0.939314542364378	0.673539339193672	0.773615656659296	0.869584383846571	0.708379978619192	0	0	0	0	0	0	0	0	0	0	0	0	0	0	0	0	0	0	0	0	0	0	0	0	0	0	0	0	0	0
0	0	0	0	0	0	0	0	0	0	0	0	0	0	0	0	0	0	0	0	0	0	0	0	0	0	0	0	0	0	0	0	0	0	0	0	0	0	0	0	0	0	0	0	0	0	0.758535152663435	0.736577508022616	0.702183222983546	0.763882203643703	0.639122658186254	0.833215309587651	0.590234822116034	0	0.719420686179351	0.98689328694954	0.688921184643489	0.613451214220729	0.793967070442943	0.556553023964526	0.633453173557427	0	0	0	0	0	0	0	0	0	0	0	0	0	0	0	0	0	0	0	0	0	0	0	0	0	0	0	0	0
0	0	0	0	0	0	0	0	0	0	0	0	0	0	0	0	0	0	0	0	0	0	0	0	0	0	0	0	0	0	0	0	0	0	0	0	0	0	0	0	0	0	0	0	0	0	0	0.884968746018533	0.849634428865759	0.909763258756892	0.890307128667215	0.614876274743809	0.807320438743096	0.553918394767144	0	0.591272118044393	0.509755596383771	0.670175749833361	0.570307686174175	0.542801469494822	0.958317034991169	0.839207153869998	0	0	0	0	0	0	0	0	0	0	0	0	0	0	0	0	0	0	0	0	0	0	0	0	0	0	0	0
0	0	0	0	0	0	0	0	0	0	0	0	0	0	0	0	0	0	0	0	0	0	0	0	0	0	0	0	0	0	0	0	0	0	0	0	0	0	0	0	0	0	0	0	0	0	0	0	0.980283958262017	0.972707450090243	0.51526009363402	0.803086313959908	0.959070673252639	0.879263653559031	0.989412087401474	0	0.998443601987126	0.692095498973688	0.751724089911201	0.996398886806848	0.510659910354076	0.524129084135168	0.863021067330656	0	0	0	0	0	0	0	0	0	0	0	0	0	0	0	0	0	0	0	0	0	0	0	0	0	0	0
0	0	0	0	0	0	0	0	0	0	0	0	0	0	0	0	0	0	0	0	0	0	0	0	0	0	0	0	0	0	0	0	0	0	0	0	0	0	0	0	0	0	0	0	0	0	0	0	0	0.502109270699295	0.611131240508285	0.616524586240439	0.626902908194448	0.76310244547678	0.823127837636233	0.7713148663839	0	0.963414640750849	0.655223817291405	0.548415858382704	0.913536599099331	0.502147614576508	0.61259095090322	0.981519125799954	0	0	0	0	0	0	0	0	0	0	0	0	0	0	0	0	0	0	0	0	0	0	0	0	0	0
0	0	0	0	0	0	0	0	0	0	0	0	0	0	0	0	0	0	0	0	0	0	0	0	0	0	0	0	0	0	0	0	0	0	0	0	0	0	0	0	0	0	0	0	0	0	0	0	0	0	0.550823338484737	0.775706269971653	0.76377662018561	0.623043750524634	0.540589422646517	0.936735724644686	0.897585180024051	0	0.598672441181747	0.867397111981349	0.953507229327688	0.699924629729121	0.572125876265548	0.814971584351932	0.530261094314994	0	0	0	0	0	0	0	0	0	0	0	0	0	0	0	0	0	0	0	0	0	0	0	0	0
0	0	0	0	0	0	0	0	0	0	0	0	0	0	0	0	0	0	0	0	0	0	0	0	0	0	0	0	0	0	0	0	0	0	0	0	0	0	0	0	0	0	0	0	0	0	0	0	0	0.802992492632021	0	0.854699638404276	0.994614545407122	0.767769944385397	0.964616195729949	0.638023451733601	0.7180202945222	0.518754533310434	0	0.954674650454245	0.795133585026413	0.812329940886419	0.822948203324215	0	0.534826661592017	0.995162181212597	0	0	0	0	0	0	0	0	0	0	0	0	0	0	0	0	0	0	0	0	0	0	0	0
0	0	0	0	0	0	0	0	0	0	0	0	0	0	0	0	0	0	0	0	0	0	0	0	0	0	0	0	0	0	0	0	0	0	0	0	0	0	0	0	0	0	0	0	0	0	0	0	0	0.765321148468219	0	0	0.923991506771631	0.613907905536581	0.722778600834246	0.859830737008439	0.789465337106613	0.714184265499706	0.661836282199423	0	0.748986785671792	0.624308274714993	0.505916870890041	0	0.583011945059918	0.574360002758545	0.825932038566595	0	0	0	0	0	0	0	0	0	0	0	0	0	0	0	0	0	0	0.625231419343552	0	0	0	0
0	0	0	0	0	0	0	0	0	0	0	0	0	0	0	0	0	0	0	0	0	0	0	0	0	0	0	0	0	0	0	0	0	0	0	0	0	0	0	0	0	0	0	0	0	0	0	0	0	0	0	0	0	0.943521157846755	0.921360806412516	0.850075060562611	0.599334813111595	0.670305369073046	0.828804316013644	0.816885241931275	0	0.501412633200722	0.819282232682113	0.988284244280818	0.894652488411139	0.640701150657046	0.962220622570946	0.501259280200078	0	0	0	0	0	0	0	0	0	0	0	0	0	0	0	0	0	0	0	0	0	0
0	0	0	0	0	0	0	0	0	0	0	0	0	0	0	0	0	0	0	0	0	0	0	0	0	0	0	0	0	0	0	0	0	0	0	0	0	0	0	0	0	0	0	0	0	0	0	0	0	0	0	0	0	0	0.53900309364257	0.714968951987981	0.620827512423301	0.977073273032822	0.515161060005129	0.515443247887263	0.677633474806813	0	0.505738241941972	0.767166082054402	0.732606298564959	0.661540142954005	0.883630523107464	0.811820571615814	0.73514630406261	0	0	0	0	0	0	0	0	0	0	0	0	0	0	0	0	0	0	0	0	0
0	0	0	0	0	0	0	0	0	0	0	0	0	0	0	0	0	0	0	0	0	0	0	0	0	0	0	0	0	0	0	0	0	0	0	0	0	0	0	0	0	0	0	0	0	0	0	0	0	0	0	0	0	0	0	0.817435256518965	0.647470360421998	0.736038221473972	0.67092570709139	0.700359314576922	0.663667058855513	0.660939742902733	0	0.643427544115238	0.700370343424373	0.720187005031207	0.548794235440687	0.556411621766419	0.545207562331384	0.931791013179866	0	0	0	0	0	0	0	0	0	0	0	0	0	0	0	0	0	0	0	0
0	0	0	0	0	0	0	0	0	0	0	0	0	0	0	0	0	0	0	0	0	0	0	0	0	0	0	0	0	0	0	0	0	0	0	0	0	0	0	0	0	0	0	0	0	0	0	0	0	0	0	0	0	0	0	0	0.803305027256132	0.850353378633928	0	0	0.860335121584581	0.718402109777779	0.700138488108535	0	0.949699331390035	0.891819363714459	0.762331565064731	0.985340207549874	0.834391595538694	0.765818755628751	0.679301840438162	0	0	0	0	0	0	0	0	0	0	0	0	0	0	0	0	0	0	0
0	0	0	0	0	0	0	0	0	0	0	0	0	0	0	0	0	0	0	0	0	0	0	0	0	0	0	0	0	0	0	0	0	0	0	0	0	0	0	0	0	0	0	0	0	0	0	0	0	0	0	0	0	0	0	0	0	0.675678555293317	0.611727428920438	0.930799197291605	0.614468353730149	0.573068122734369	0.695282383297849	0.57640288180614	0	0.867220143678327	0.551046644919537	0.860702548132901	0.555892089826529	0.609086927237542	0.561161352943039	0.745505333417305	0	0	0	0	0	0	0	0	0	0	0	0	0	0	0	0	0	0
0	0	0	0	0	0	0	0	0	0	0	0	0	0	0	0	0	0	0	0	0	0	0	0	0	0	0	0	0	0	0	0	0	0	0	0	0	0	0	0	0	0	0	0	0	0	0	0	0	0	0	0	0	0	0	0	0	0	0.909789729092824	0.811717880962626	0.877486688974153	0.5126360267433	0.643292838351244	0.791074372137259	0.636159765113162	0	0.918602649456338	0.509188964130031	0.709320115141429	0.942862377090141	0.597385556986826	0.638436886803032	0.747816087852502	0	0	0	0	0	0	0	0	0.799452402150338	0	0	0	0	0	0	0	0
0	0	0	0	0	0	0	0	0	0	0	0	0	0	0	0	0	0	0	0	0	0	0	0	0	0	0	0	0	0	0	0	0	0	0	0	0	0	0	0	0	0	0	0	0	0	0	0	0	0	0	0	0	0	0	0	0	0	0	0.753047674919987	0.582790842505396	0.54417188559797	0.959316142443101	0.988839996783086	0.899029937105694	0.974290012801397	0	0.773204673964059	0.989926065870344	0.793876144779237	0.557131554270884	0.925401073810007	0.697588157701717	0.886561241887214	0	0.500463025082875	0	0	0	0	0	0	0	0	0	0	0	0	0	0
0	0	0	0	0	0	0	0	0	0	0	0	0	0	0	0	0	0	0	0	0	0	0	0	0	0	0	0	0	0	0	0	0	0	0	0	0	0	0	0	0	0	0	0	0	0	0	0	0	0	0	0	0	0	0	0	0	0	0	0	0.885579685440688	0.705885741221462	0.713355039437203	0.812443086966333	0.734413825804217	0.91702472757946	0.647445774542063	0	0.625806227799591	0	0.817536907993332	0.507062220204355	0.92485877123955	0.741827019129033	0.893806326731264	0	0	0	0	0	0	0	0	0	0	0	0.957497048002465	0	0	0
0	0	0	0	0	0	0	0	0	0	0	0	0	0	0	0	0	0	0	0	0	0	0	0	0	0	0	0	0	0	0	0	0	0	0	0	0	0	0	0	0	0	0	0	0	0	0	0	0	0	0	0	0	0	0	0	0	0	0	0	0	0.960702029015856	0.551439523906446	0.848399736114927	0.879423059037322	0.914912971343622	0.748630498407602	0.571450060499528	0	0.853560273358877	0.601804264352533	0.512829804914473	0.735101985433707	0.645221345307891	0.708467126896968	0.68919557152043	0	0	0	0	0	0	0	0	0	0	0	0	0	0
0	0	0	0	0	0	0	0	0	0	0	0	0	0	0	0	0	0	0	0	0	0	0	0	0	0	0	0	0	0	0	0	0	0	0	0	0	0	0	0	0	0	0	0	0	0	0	0	0	0	0	0	0	0	0	0	0	0	0	0	0	0	0.700390514559386	0.904629275325128	0.88803788861617	0.775277807200334	0.799076041671739	0	0.953453188150246	0	0.613831975148574	0.523933733781996	0.810384767247548	0.74916120294625	0.834229156216825	0.876049988945772	0.889341625726792	0	0	0	0	0	0	0	0	0	0	0	0	0
0	0	0	0	0	0	0	0	0	0	0	0	0	0	0	0	0	0	0	0	0	0	0	0	0	0	0	0	0	0	0	0	0	0	0	0	0	0	0	0	0	0	0	0	0	0	0	0	0	0	0	0	0	0	0	0	0	0	0	0	0	0	0	0.762984771158003	0.652735402681637	0.880799421441442	0.907014502592208	0.665859496435095	0.837971467507459	0.787587726662557	0	0.904442994913157	0.652337768768707	0.537551699984289	0.879230863497248	0.998494570553463	0.893038917871862	0.993810989495593	0	0	0	0	0	0	0	0	0	0	0	0
0	0	0	0	0	0	0	0	0	0	0	0	0	0	0	0	0	0	0	0	0	0	0	0	0	0	0	0	0	0	0	0	0	0	0	0	0	0	0	0	0	0	0	0	0	0	0	0	0	0	0	0	0	0	0	0	0	0	0	0	0	0	0	0	0.98630337129313	0.95553001617686	0.544766434809806	0.64902942409571	0.59367433836045	0.984423377681105	0.506591187908026	0	0.902700856547003	0.560798104361881	0.53299031997207	0.897451321718277	0.712549273137216	0.591684159815155	0.549630764280974	0	0	0	0	0	0	0	0	0	0	0
0	0	0	0	0	0	0	0	0	0	0	0	0	0	0	0	0	0	0	0	0	0	0	0	0	0	0	0	0	0	0	0	0	0	0	0	0	0	0	0	0	0	0	0	0	0	0	0	0	0	0	0	0	0	0	0	0	0	0	0	0	0	0	0	0	0.524699036075734	0.796516700560341	0.792022960823552	0.65559639014479	0.937543500917368	0.632827474168565	0.959861939219717	0	0.864949263886758	0.52142039482481	0.866073501068425	0.505132281903219	0.503647775304335	0.653790767528802	0.599559303294691	0	0	0	0	0	0	0	0	0	0
0	0	0	0	0	0	0	0	0	0	0	0	0	0	0	0	0	0	0	0	0	0	0	0	0	0	0	0	0	0	0	0	0	0	0	0	0	0	0	0	0	0	0	0	0	0	0	0	0	0	0	0	0	0	0	0	0	0	0	0	0	0	0	0	0	0	0.53874996781946	0.736605698293676	0.801417730435493	0.703970197285494	0.927758956140834	0.685026802898545	0.795888122436679	0	0.874122598449042	0.625653004748264	0.653331577866179	0.752417199163017	0.75877732638974	0.843488191791699	0.780520715199098	0	0	0	0	0	0	0	0	0
0	0	0	0	0	0	0	0	0	0	0	0	0	0	0	0	0	0	0	0	0	0	0	0	0	0	0	0	0	0	0	0	0	0	0	0	0	0	0	0	0	0	0	0	0	0	0	0	0	0	0	0	0	0	0	0	0	0	0	0	0	0	0	0	0	0	0	0.535562718617451	0.528911225721451	0.513174975053267	0.64639533298841	0.953247615765265	0.715046641553871	0.720171286167216	0	0.690282966762023	0.726990991387812	0.682720221374024	0.656148754444397	0.580831394396314	0.947900765893487	0.990388981477827	0	0	0	0	0	0	0	0
0	0	0	0	0	0	0	0	0	0	0	0	0	0	0	0	0	0	0	0	0	0	0	0	0	0	0	0	0	0	0	0	0	0	0	0	0	0	0	0	0	0	0	0	0	0	0	0	0	0	0	0	0	0	0	0	0	0	0	0	0	0	0	0	0	0	0.761743111775026	0	0.672890585686873	0.740988038683322	0.97703870427251	0.549765277284288	0.839982526389991	0.780769203476751	0.804724331332831	0	0	0.81373326620186	0.556392890936992	0.73631624057079	0.539396648069841	0.53246187943431	0.931939534875465	0	0	0	0	0	0	0
0	0	0	0	0	0	0	0	0	0	0	0	0	0	0	0	0	0	0	0	0	0	0	0	0	0	0	0	0	0	0	0	0	0	0	0	0	0	0	0	0	0	0	0	0	0	0	0	0	0	0	0	0	0	0	0	0	0	0	0	0	0	0	0	0	0	0	0	0	0.675423502280578	0.910833364744071	0.828306697916895	0.997558090634712	0.919906300490474	0.89497311393318	0	0	0.530413012452328	0.641833304666723	0.545098164162124	0.636888275110722	0.930655359906948	0.673950414053776	0.866048011947655	0	0	0	0	0	0
0	0	0	0	0	0	0	0	0	0	0	0	0	0	0	0	0	0	0	0	0	0	0	0	0	0	0	0	0	0	0	0	0	0	0	0	0	0	0	0	0	0	0	0	0	0	0	0	0	0	0	0	0	0	0	0	0	0	0	0	0	0	0	0	0	0	0	0	0	0	0.554420483281661	0.553010028851025	0.516894306877286	0.907450423100803	0.89548277476333	0.857878745870339	0.954918376100527	0	0.777306880520284	0.595522462206278	0.574180052477707	0.954064097560133	0.95247958444211	0.947315899027521	0.535312980019482	0	0	0	0	0
0	0	0	0	0	0	0	0	0	0	0	0	0	0	0	0	0	0	0	0	0	0	0	0	0	0	0	0	0	0	0	0	0	0	0	0	0	0	0	0	0	0	0	0	0	0	0	0	0	0	0	0	0	0	0	0	0	0	0	0	0	0	0	0	0	0	0	0	0	0	0	0.738974339869485	0.516811154060725	0.718717087669816	0.59446020090954	0.783452604796672	0.795636781438326	0.577698933039841	0	0.762546372309802	0.859088786930092	0.941775825035901	0.730469717979749	0.959426506880414	0.635543436645048	0.655055201029481	0	0	0	0
0	0	0	0	0	0	0	0	0	0	0	0	0	0	0	0	0	0	0	0	0	0	0	0	0	0	0	0	0	0	0	0	0	0	0	0	0	0	0	0	0	0	0	0	0	0	0	0	0	0.559330556179102	0	0	0	0	0	0	0	0	0	0	0	0	0	0	0	0	0	0	0	0	0	0	0.925758758820462	0.600900118921242	0.784373905204727	0.604016943645425	0.856692311288636	0.876248499631206	0.570999522462907	0	0.790224760769558	0.664847772052738	0.609362483432938	0.541823625605989	0.861412458829696	0.640695600341509	0.625779981678731	0	0	0
0	0	0	0	0	0	0	0	0	0	0	0	0	0	0	0	0	0	0	0	0	0	0	0	0	0	0	0	0	0	0	0	0	0	0	0	0	0	0	0	0	0	0	0	0	0	0	0	0	0	0	0	0	0	0	0	0	0	0	0	0	0	0	0	0	0	0	0	0	0	0	0	0	0.832330391947261	0.734181319124994	0.929395485911624	0.793782582668226	0.71320191810293	0.856002839233075	0.669946065203736	0	0.811248329219016	0.893982768545679	0.762367358234602	0.519232560891413	0.912037928132181	0.841551027264668	0.694356659026194	0	0
0	0	0	0	0	0	0	0	0	0	0	0	0	0	0	0	0	0	0	0	0	0	0	0	0	0	0	0	0	0	0	0	0	0	0	0	0	0	0	0	0	0	0	0	0	0	0	0	0	0	0	0	0	0	0	0	0	0	0	0	0	0	0	0	0	0.669336164111824	0	0	0	0	0	0	0	0	0.858547432518573	0.794451000297714	0.905361776967591	0.819158905490037	0.586024512401079	0.518092404599077	0.561925821239528	0	0.979848234384646	0.721981387845303	0	0.791664536366951	0.954983057759658	0.548919621502079	0.75932192193129	0
0	0	0	0	0	0	0	0	0	0	0	0	0	0	0	0	0	0	0	0	0	0	0	0	0	0	0	0	0	0	0	0	0	0	0	0	0	0	0	0	0	0	0	0	0	0	0	0	0	0	0	0	0	0	0	0	0	0	0	0	0	0	0	0	0	0	0	0	0	0	0	0	0	0	0	0.654257124891786	0.537551756072941	0.685625450455899	0.555360714306698	0.968852337967604	0.899531415353192	0.539266754643769	0	0.603356189849292	0.991303573357657	0.720709472754999	0.911664363679756	0.794357370368665	0.594609606344309	0.814824293709263
0	0	0	0	0	0	0	0	0	0	0	0	0	0	0	0	0	0	0	0	0	0	0	0	0	0	0	0	0	0	0	0	0	0	0	0	0	0	0	0	0	0	0	0	0	0.702067816280405	0	0	0	0	0	0	0	0	0	0	0	0	0	0	0	0	0	0	0	0	0	0	0	0	0	0	0	0	0	0	0.97101094968163	0.725592541108854	0.831713492338885	0.831926260336306	0.782798488671079	0.812303499463394	0.81528972397946	0	0.816419125345085	0.826065424786758	0.835064509300513	0.758946952954163	0.663198702230463	0.642794233185064
0	0	0	0	0	0	0	0	0	0	0	0	0	0	0	0	0	0	0	0	0	0	0	0	0	0	0	0	0	0	0	0	0	0	0	0	0	0	0	0	0	0	0	0	0	0.986753714842242	0.92732029613757	0	0	0	0	0	0	0	0	0	0	0	0	0	0	0	0	0	0	0	0	0	0	0	0	0	0	0	0	0	0	0.522917159478194	0.837135806061043	0.551896469556474	0.601307449979387	0	0.688711167897582	0.717534617531557	0	0.646245005661867	0.898208858167427	0.87176118752632	0.753949044476827	0.830969932758437
0	0	0	0	0	0	0	0	0	0	0	0	0	0	0	0	0	0	0	0	0	0	0	0	0	0	0	0	0	0	0	0	0	0	0	0	0	0	0	0	0	0	0	0	0	0.592585853790148	0.794944798103507	0	0	0	0	0	0	0	0	0	0	0	0	0.676779264310676	0	0	0	0	0	0	0	0	0	0	0	0	0	0	0	0	0	0	0.597097789139249	0.587128872674217	0.526265196010861	0.563868542431151	0.576395499003773	0.588912378869667	0.917813357340345	0	0.974749959480156	0.50915614159649	0.894296388384882	0.597350478153485
0	0	0	0	0	0	0	0	0	0	0	0	0	0	0	0	0	0	0	0	0	0	0	0	0	0	0	0	0	0	0	0	0	0	0	0	0	0	0	0	0	0	0	0	0	0.864951381627518	0.663409765381443	0.784826051768485	0.590750400117771	0	0	0	0	0	0	0	0	0	0	0	0	0	0	0	0	0	0	0.693603364579352	0	0	0	0	0	0	0	0	0	0	0	0.684934145952178	0.512066390120142	0.707500308360803	0.815542933509471	0.60903419672997	0.654278698899283	0.990801596330834	0	0.822070753972745	0.973636951170211	0.635174156479608
0	0	0	0	0	0	0	0	0	0	0	0	0	0	0	0	0	0	0	0	0	0	0	0	0	0	0	0	0	0	0	0	0	0	0	0	0	0	0	0	0	0	0	0	0	0.96223018548322	0.67237402105578	0.646104420420785	0.957293742391738	0.897992980460446	0	0	0	0	0	0	0	0	0	0	0	0	0	0	0	0	0	0	0	0	0	0	0	0	0	0	0	0	0	0	0.90160288991525	0.820911256319419	0.955830866624442	0.866898953902208	0.618070445394779	0.993225087812709	0.648423356703368	0	0.86154400541792	0.507994712677301
0	0	0	0	0	0	0	0	0	0	0	0	0	0	0	0	0	0	0	0	0	0	0	0	0	0	0	0	0	0	0	0	0	0	0	0	0	0	0	0	0	0	0	0	0	0.677722899161092	0.991699844323489	0.812225442465585	0.921671407462554	0.917610747429721	0.525703006785049	0	0	0	0	0	0	0	0	0	0	0	0	0	0	0	0	0	0	0	0	0	0	0	0	0	0	0	0	0	0	0.728825061444578	0.520790819215927	0.562604052531904	0.66020641783614	0.511184577727798	0.812363380102199	0.992620210993728	0	0.654657668980004
0	0	0	0	0	0	0	0	0	0	0	0	0	0	0	0	0	0	0	0	0	0	0	0	0	0	0	0	0	0	0	0	0	0	0	0	0	0	0	0	0	0	0	0	0	0.509880940090479	0.749751597329879	0.564727301323736	0.835954733748698	0.520410042904498	0.621987461116045	0.88414421707183	0	0	0	0	0	0	0	0	0	0	0	0	0	0	0	0	0	0	0	0	0	0	0	0	0	0	0	0	0	0	0.932243180985272	0.73994099210434	0.523966752762479	0.650741487956319	0.8260766136735	0.558129671544611	0.556179236927988	0
