0	0.842961662293014	0	0	0	0	0.511729729984947	0.817815166276116	0	0	0	0	0	0	0	0	0	0.860307247452274	0	0	0	0	0	0.778437888549151	0	0	0	0	0	0	0	0	0	0	0	0	0	0	0	0	0	0	0	0	0	0	0	0	0	0	0	0	0	0	0	0	0	0	0	0	0	0	0	0	0	0	0	0	0	0	0	0	0	0	0	0	0	0	0	0	0	0	0	0	0	0	0	0	0	0
0.668643465714579	0	0	0	0	0	0	0	0	0	0	0.529479236159603	0	0	0	0	0	0	0.50412353910178	0	0	0	0	0	0.569533909309315	0	0	0	0	0	0	0	0	0	0	0	0	0.549722497343136	0	0	0	0	0	0	0	0	0	0	0	0	0	0	0	0	0	0	0	0	0	0	0	0	0	0	0	0	0	0	0	0	0	0	0	0	0	0	0	0	0	0	0	0	0	0	0	0	0	0	0	0
0	0	0	0.918942115485952	0	0.981793012187187	0.70235683132167	0.992355382633913	0	0	0	0.959433906561177	0	0	0	0	0	0.757605178194831	0	0.52002261753731	0	0	0	0	0	0	0	0	0	0	0	0	0	0	0	0	0.791069011088164	0	0	0	0.768512090254485	0	0	0	0	0	0	0	0	0	0	0	0	0	0	0	0	0	0	0	0	0	0	0	0	0	0	0	0	0	0	0	0	0	0	0	0	0	0	0	0	0	0	0	0	0	0	0	0	0
0	0	0.805889079481022	0	0	0	0	0	0	0	0.758531834633692	0	0	0	0	0	0	0	0	0	0	0	0	0	0	0	0	0	0	0	0	0	0	0	0	0	0.735478908030607	0	0	0.781666985263751	0	0	0.631840082369828	0	0	0	0	0	0	0	0	0	0	0	0	0	0	0	0	0	0	0	0	0	0	0	0	0	0	0	0	0	0	0	0	0	0	0	0	0	0	0	0	0	0	0	0	0	0	0
0	0	0	0	0	0	0	0	0	0	0	0	0	0.690672545005814	0	0	0	0	0	0.794334162116248	0	0	0.903231482874457	0	0.817087291927281	0	0	0	0	0	0.706796258682305	0	0	0.902599301459907	0	0	0	0	0	0	0	0	0	0	0	0	0	0	0	0	0	0	0	0	0	0	0	0	0	0	0	0	0	0	0	0	0	0	0	0	0	0	0	0	0	0	0	0	0	0	0	0	0	0	0	0	0	0	0	0
0	0	0.994573177631249	0	0	0	0	0.897389025634634	0	0	0	0	0	0	0.727488134109493	0	0	0.55497796706643	0	0	0	0	0.924457885088226	0.986466044967693	0	0	0.905463492513063	0.641198855577925	0.994628837217809	0	0	0	0.714528725563211	0	0	0	0	0	0.566099000454873	0	0	0	0	0	0	0	0	0	0	0	0	0	0	0	0	0	0	0	0	0	0	0	0	0	0	0	0	0	0	0	0	0	0	0	0	0	0	0	0	0	0	0	0	0	0	0	0	0	0	0
0.724133955082447	0	0.537440969608831	0	0	0	0	0	0	0.72169813522203	0	0	0	0	0	0	0	0	0	0	0	0	0	0	0	0	0	0	0	0	0	0	0	0	0	0	0.999674531425351	0	0	0	0	0.872459866000217	0	0	0	0	0	0	0	0	0	0	0	0	0	0	0	0	0	0	0	0	0	0	0	0	0	0	0	0	0	0	0	0	0	0	0	0	0	0	0	0	0	0	0	0	0	0	0	0
0.83468011467673	0	0.511891768456844	0	0	0.725107650496951	0	0	0.656033900465356	0	0	0	0	0	0	0	0	0	0	0	0	0	0	0	0	0	0	0	0	0	0	0	0	0	0	0	0	0	0	0	0	0	0	0	0	0	0	0	0	0	0	0	0	0	0	0	0	0	0	0	0	0	0	0	0	0	0	0	0	0	0	0	0	0	0	0	0	0	0	0	0	0	0	0	0	0	0	0	0	0
0	0	0	0	0	0	0	0.942633422905071	0	0	0	0	0	0	0	0	0	0	0	0.690059716819306	0	0	0	0	0	0	0	0	0.599333116768864	0	0	0	0.997162948538157	0	0	0	0	0	0.705682529914406	0	0	0	0	0.61094393566535	0	0	0	0	0	0	0	0	0	0	0	0	0	0	0	0	0	0	0	0	0	0	0	0	0	0	0	0	0	0	0	0	0	0	0	0	0	0	0	0	0	0	0	0	0	0
0	0	0	0	0	0	0.586753559618131	0	0	0	0	0	0.587697668723979	0	0	0	0	0	0	0	0	0.807704743420155	0	0	0.956399360620836	0	0	0	0	0	0	0	0	0.665533503137284	0	0.856061542497885	0	0	0	0	0	0	0	0	0	0	0	0	0	0	0	0	0	0	0	0	0	0	0	0	0	0	0	0	0	0	0	0	0	0	0	0	0	0	0	0	0	0	0	0	0	0	0	0	0	0	0	0	0	0
0	0	0	0.758866688774574	0	0	0	0	0	0	0	0	0	0.552107607055774	0	0	0	0	0	0	0	0	0	0	0	0.732351739843282	0	0.710142195610499	0	0	0	0	0	0	0	0	0	0	0	0	0	0	0	0.835645898488426	0	0	0	0	0	0	0	0	0	0	0	0	0	0	0	0	0	0	0	0	0	0	0	0	0	0	0	0	0	0	0	0	0	0	0	0	0	0	0	0	0	0	0	0	0	0
0	0.772171032919072	0.599615348986084	0	0	0	0	0	0	0	0	0	0	0.547324921786518	0	0	0	0	0.617252348166492	0	0	0	0	0	0.808283200206074	0	0	0	0	0	0.815038359909819	0.970756396291664	0.60800566813489	0	0	0	0	0	0	0	0	0	0	0	0	0	0	0	0	0	0	0	0	0	0	0	0	0	0	0	0	0	0	0	0	0	0	0	0	0	0	0	0	0	0	0	0	0	0	0	0	0	0	0	0	0	0	0	0	0
0	0	0	0	0	0	0	0	0	0.866351089731356	0	0	0	0	0	0.632386286985547	0	0	0	0	0	0	0	0	0	0	0	0	0	0	0.933666342174139	0	0	0	0.653719703458474	0	0	0.508411094847514	0	0.542483805094413	0	0	0	0	0	0	0	0	0	0	0	0	0	0	0	0	0	0	0	0	0	0	0	0	0	0	0	0	0	0	0	0	0	0	0	0	0	0	0	0	0	0	0	0	0	0	0	0	0	0
0	0	0	0	0.818033839981808	0	0	0	0	0	0.505691315972995	0.539327452611139	0	0	0.62252532808348	0.739714103071522	0	0	0	0	0	0	0	0.909564704567804	0	0	0	0	0	0	0	0	0	0	0	0	0	0	0	0.626469626101272	0	0	0	0	0	0	0	0	0	0	0	0	0	0	0	0	0	0	0	0	0	0	0	0	0	0	0	0	0	0	0	0	0	0	0	0	0	0	0	0	0	0	0	0	0	0	0	0	0	0
0	0	0	0	0	0.976623727760763	0	0	0	0	0	0	0	0.708999433937139	0	0.506108737732064	0	0	0	0	0.671727127335223	0.777622850546622	0	0	0	0	0	0	0	0	0	0	0	0	0	0	0.968686630060504	0	0	0	0	0	0	0	0	0	0	0	0	0	0	0	0	0	0	0	0	0	0	0	0	0	0	0	0	0	0	0	0	0	0	0	0	0	0	0	0	0	0	0	0	0	0	0	0	0	0	0	0	0
0	0	0	0	0	0	0	0	0	0	0	0	0.841707057500322	0.76634257650481	0.930552419998658	0	0	0	0	0.853996037480114	0	0	0	0	0	0	0	0	0	0	0	0	0	0	0	0	0	0	0	0	0.971650746187782	0	0	0	0	0	0	0	0	0	0	0	0	0	0	0	0	0	0	0	0	0	0	0	0	0	0	0	0	0	0	0	0	0	0	0	0	0	0	0	0	0	0	0	0	0	0	0	0	0
0	0	0	0	0	0	0	0	0	0	0	0	0	0	0	0	0	0	0	0	0	0	0	0	0	0.656472899725796	0	0	0	0	0.585463512958393	0	0	0	0	0	0	0	0	0	0	0.981797846321599	0.658826076069974	0	0	0	0	0	0	0	0	0	0	0	0	0	0	0	0	0	0	0	0	0	0	0	0	0	0	0	0	0	0	0	0	0	0	0	0	0	0	0	0	0	0	0	0	0	0	0
0.880053128080634	0	0.705623427284103	0	0	0.502366671852336	0	0	0	0	0	0	0	0	0	0	0	0	0	0	0	0	0	0	0	0	0	0	0	0	0	0	0	0	0	0	0	0	0	0	0.953267711015309	0	0	0	0	0	0	0	0	0	0	0	0	0	0	0	0	0	0	0	0	0	0	0	0	0	0	0	0	0	0	0	0	0	0	0	0	0	0	0	0	0	0	0	0	0	0	0	0	0
0	0.924630077527274	0	0	0	0	0	0	0	0	0	0.684723186646354	0	0	0	0	0	0	0	0.829599945382068	0	0.900694457743749	0	0	0	0	0	0	0	0	0	0	0	0	0	0	0	0	0	0	0.648752258833366	0	0	0	0	0	0	0	0	0	0	0	0	0	0	0	0	0	0	0	0	0	0	0	0	0	0	0	0	0	0	0	0	0	0	0	0	0	0	0	0	0	0	0	0	0	0	0	0	0
0	0	0.904362314717548	0	0.887941492401083	0	0	0	0.848117398013474	0	0	0	0	0	0	0.936350431562962	0	0	0.708241389668049	0	0	0	0	0	0	0	0	0	0	0	0	0	0	0	0	0	0	0	0	0	0	0.515377366625457	0	0.713560019706214	0.725606111162797	0	0	0	0	0	0	0	0	0	0	0	0	0	0	0	0	0	0	0	0	0	0	0	0	0	0	0	0	0	0	0	0	0	0	0	0	0	0	0	0	0	0	0	0	0
0	0	0	0	0	0	0	0	0	0	0	0	0	0	0.910430731723864	0	0	0	0	0	0	0.612637198586833	0	0	0.940873339321422	0	0.942350857979076	0	0	0	0	0	0	0	0	0	0	0	0	0	0	0	0	0	0	0	0	0	0	0	0	0	0	0	0	0	0	0	0	0	0	0	0	0	0	0	0	0	0	0	0	0	0	0	0	0	0	0	0	0	0	0	0	0	0	0	0	0	0	0
0	0	0	0	0	0	0	0	0	0.643370735249853	0	0	0	0	0.616000464208407	0	0	0	0.75111672426548	0	0.702107081161203	0	0	0	0	0	0	0	0	0	0	0	0	0	0	0	0	0	0	0.880039214458306	0	0	0	0.795119259308398	0	0	0	0	0	0	0	0	0	0	0	0	0	0	0	0	0	0	0	0	0	0	0	0	0	0	0	0	0	0	0	0	0	0	0	0	0	0	0	0	0	0	0	0	0	0
0	0	0	0	0.644203250833963	0.711483886054423	0	0	0	0	0	0	0	0	0	0	0	0	0	0	0	0	0	0	0	0	0	0	0	0	0.842552880471982	0	0	0.698075178534028	0	0.74393647070996	0	0	0.674349861338915	0	0	0	0	0	0.512943795301587	0	0	0	0	0	0	0	0	0	0	0	0	0	0	0	0	0	0	0	0	0	0	0	0	0	0	0	0	0	0	0	0	0	0	0	0	0	0	0	0	0	0	0	0	0
0.571830868314569	0	0	0	0	0.979309586805147	0	0	0	0	0	0	0	0.984537062230522	0	0	0	0	0	0	0	0	0	0	0	0	0	0	0	0.502900420259754	0	0	0	0	0.522806907007908	0	0	0.592420326288676	0	0	0	0	0	0	0	0	0	0	0	0	0	0	0	0	0	0	0	0	0	0	0	0	0	0	0	0	0	0	0	0	0	0	0	0	0	0	0	0	0	0	0	0	0	0	0	0	0	0	0	0
0	0.765320870827974	0	0	0.603864395372979	0	0	0	0	0.822951172650864	0	0.79353330812297	0	0	0	0	0	0	0	0	0.64993227021292	0	0	0	0	0	0	0	0	0	0	0	0	0	0	0.711428584541963	0	0	0	0	0	0.69412123762248	0	0	0.511345894243904	0	0	0	0	0	0	0	0	0	0	0	0	0	0	0	0	0	0	0	0	0	0	0	0	0	0	0	0	0	0	0	0	0	0	0	0	0	0	0	0	0	0	0	0	0
0	0	0	0	0	0	0	0	0	0	0.51430883063621	0	0	0	0	0	0.82211041084409	0	0	0	0	0	0	0	0	0	0.881548769267624	0.970789055234078	0.889633849031985	0	0	0	0	0	0	0	0	0	0	0	0	0	0	0.558948453449825	0	0	0	0	0	0	0	0	0	0	0	0	0	0	0	0	0	0	0	0	0	0	0	0	0	0	0	0	0	0	0	0	0	0	0	0	0	0	0	0	0	0	0	0	0	0
0	0	0	0	0	0.53981437686879	0	0	0	0	0	0	0	0	0	0	0	0	0	0	0.683101029956138	0	0	0	0	0.999202172585037	0	0	0	0	0	0	0	0	0	0	0	0	0	0.611472419695237	0	0	0.932433398658667	0	0	0	0	0	0	0	0	0	0	0	0	0	0	0	0	0	0	0	0	0	0	0	0	0	0	0	0	0	0	0	0	0	0	0	0	0	0	0	0	0	0	0	0	0	0	0
0	0	0	0	0	0.995410006070591	0	0	0	0	0.764122159772114	0	0	0	0	0	0	0	0	0	0	0	0	0	0	0.692184273698122	0	0	0.558760867804923	0	0	0	0.634596673368791	0	0	0	0.839098649657609	0	0	0	0.553668823800468	0	0	0	0	0	0	0	0	0	0	0	0	0	0	0	0	0	0	0	0	0	0	0	0	0	0	0	0	0	0	0	0	0	0	0	0	0	0	0	0	0	0	0	0	0	0	0	0	0
0	0	0	0	0	0.660023805675961	0	0	0.65535546071421	0	0	0	0	0	0	0	0	0	0	0	0	0	0	0	0	0.813437057605205	0	0.799039402190887	0	0.695973615570379	0	0	0	0	0	0	0	0	0	0	0	0	0	0	0	0	0	0	0	0	0	0	0	0	0	0	0	0	0	0	0	0	0	0	0	0	0	0	0	0	0	0	0	0	0	0	0	0	0	0	0	0	0	0	0	0	0	0	0	0
0	0	0	0	0	0	0	0	0	0	0	0	0	0	0	0	0	0	0	0	0	0	0	0.503550701298986	0	0	0	0	0.523887836472829	0	0.929283674629858	0	0	0	0	0	0	0.775235450543975	0	0	0	0	0	0	0	0	0	0	0	0	0	0	0	0	0	0	0	0	0	0	0	0	0	0	0	0	0	0	0	0	0	0	0	0	0	0	0	0	0	0	0	0	0	0	0	0	0	0	0	0
0	0	0	0	0.749387759706081	0	0	0	0	0	0	0.851124812940133	0.539035437004106	0	0	0	0.635164436975489	0	0	0	0	0	0.508673773932954	0	0	0	0	0	0	0.743353905177365	0	0.882338687400419	0	0	0.818643548210329	0	0	0	0	0	0	0	0	0	0	0	0	0	0	0	0	0	0	0	0	0	0	0	0	0	0	0	0	0	0	0	0	0	0	0	0	0	0	0	0	0	0	0	0	0	0	0	0	0	0	0	0	0	0	0
0	0	0	0	0	0	0	0	0	0	0	0.784680494866529	0	0	0	0	0	0	0	0	0	0	0	0	0	0	0	0	0	0	0.562324588624187	0	0	0	0.50283417138382	0	0	0	0	0	0	0	0	0	0	0	0	0	0	0	0	0	0	0	0	0	0	0	0	0	0	0	0	0	0	0	0	0	0	0	0	0	0	0	0	0	0	0	0	0	0	0	0	0	0	0	0	0	0	0
0	0	0	0	0	0.63345751664635	0	0	0.78717597745776	0	0	0.970787281043464	0	0	0	0	0	0	0	0	0	0	0	0	0	0	0	0.98699408357913	0	0	0	0	0	0	0	0.572709198949569	0	0	0.852403081420769	0	0	0	0	0	0	0	0	0	0	0	0	0	0	0	0	0	0	0	0	0	0	0	0	0	0	0	0	0	0	0	0	0	0	0	0	0	0	0	0	0	0	0	0	0	0	0	0	0	0	0
0	0	0	0	0.596397372490229	0	0	0	0	0.568713745322578	0	0	0	0	0	0	0	0	0	0	0	0	0.895286971654072	0	0	0	0	0	0	0	0	0	0	0	0.916746853909277	0	0.935075593817429	0.844900707364824	0	0.989157289093928	0	0	0.599506266174471	0	0	0	0	0	0	0	0	0	0	0	0	0	0	0	0	0	0	0	0	0	0	0	0	0	0	0	0	0	0	0	0	0	0	0	0	0	0	0	0	0	0	0	0	0	0	0
0	0	0	0	0	0	0	0	0	0	0	0	0.923626513558677	0	0	0	0	0	0	0	0	0	0	0.578798789612202	0	0	0	0	0	0	0.800999712454244	0.780824346291131	0	0.812765076816749	0	0	0	0	0	0.641509756822096	0.713287343769833	0.676976001232005	0	0	0	0	0	0	0	0	0	0	0	0	0	0	0	0	0	0	0	0	0	0	0	0	0	0	0	0	0	0	0	0	0	0	0	0	0	0	0	0	0	0	0	0	0	0	0	0
0	0	0	0	0	0	0	0	0	0.978120131907276	0	0	0	0	0	0	0	0	0	0	0	0	0.709900662385508	0	0.994895030395936	0	0	0	0	0	0	0	0.760109323140387	0	0	0	0	0	0	0.763138107537389	0	0	0	0	0	0	0	0	0	0	0	0	0	0	0	0	0	0	0	0	0	0	0	0	0	0	0	0	0	0	0	0	0	0	0	0	0	0	0	0	0	0	0	0	0	0	0	0	0	0
0	0	0.522582892773376	0.534028869959774	0	0	0.713809167806944	0	0	0	0	0	0	0	0.573037821580056	0	0	0	0	0	0	0	0	0	0	0	0	0.690937078019054	0	0	0	0	0	0.845499572074115	0	0	0	0	0	0	0	0	0	0	0	0	0	0	0	0	0	0	0	0	0	0	0	0	0	0	0	0	0	0	0	0	0	0	0	0	0	0	0	0	0	0	0	0	0	0	0	0	0	0	0	0	0	0	0	0
0	0.919590740246787	0	0	0	0	0	0	0	0	0	0	0.542091356832933	0	0	0	0	0	0	0	0	0	0	0.963340690788189	0	0	0	0	0	0.847433915299836	0	0	0	0.782925637646497	0	0	0	0	0	0	0	0	0	0	0	0	0	0	0	0	0	0	0	0	0	0	0	0	0	0	0	0	0	0	0	0	0	0	0	0	0	0	0	0	0	0	0	0	0	0	0	0	0	0	0	0	0	0	0	0
0	0	0	0	0	0.655709582127203	0	0	0.566928516279611	0	0	0	0	0	0	0	0	0	0	0	0	0	0.88705092487712	0	0	0	0	0	0	0	0	0	0.651953033487066	0	0	0	0	0	0	0	0	0	0	0	0	0	0	0	0	0	0	0	0	0	0	0	0	0	0	0	0	0	0	0	0	0	0	0	0	0	0	0	0	0	0	0	0	0	0	0	0	0	0	0	0	0	0	0	0	0
0	0	0	0.524755460948759	0	0	0	0	0	0	0	0	0.634419040272068	0.941129780250286	0	0	0	0	0	0	0	0.766585909160195	0	0	0	0	0.706519418036135	0	0	0	0	0	0	0.663777765391191	0.765883122005297	0.699644979444175	0	0	0	0	0	0	0	0	0	0	0	0	0	0	0	0	0	0	0	0	0	0	0	0	0	0	0	0	0	0	0	0	0	0	0	0	0	0	0	0	0	0	0	0	0	0	0	0	0	0	0	0	0	0
0	0	0.994587819711815	0	0	0	0	0	0	0	0	0	0	0	0	0.600901809201962	0	0.812641331333832	0.870528739145822	0	0	0	0	0	0	0	0	0.706992266396345	0	0	0	0	0	0	0.632035848784607	0	0	0	0	0	0	0	0.570429289584492	0	0	0	0	0	0	0	0	0	0	0	0	0	0	0	0	0	0	0	0	0	0	0	0	0	0	0	0	0	0	0	0	0	0	0	0	0	0	0	0	0	0	0	0	0	0	0
0	0	0	0	0	0	0.706638804804971	0	0	0	0	0	0	0	0	0	0.901105296743357	0	0	0.909835614713709	0	0	0	0	0.928770657472862	0	0	0	0	0	0	0	0	0	0.716537110833332	0	0	0	0	0	0	0	0	0	0.868685293964482	0	0	0	0	0	0	0	0	0	0	0	0	0	0	0	0	0	0	0	0	0	0	0	0	0	0	0	0	0	0	0	0	0	0	0	0	0	0	0	0	0	0	0	0	0
0	0	0	0.747773766756685	0	0	0	0	0	0	0	0	0	0	0	0	0.591041391246763	0	0	0	0	0	0	0	0	0	0.762744936391719	0	0	0	0	0	0	0.601391872390489	0	0	0	0	0	0	0.804714418459277	0	0	0.647823948042812	0	0	0	0	0	0	0	0	0	0	0	0	0	0	0	0	0	0	0	0	0	0	0	0	0	0	0	0	0	0	0	0	0	0	0	0	0	0	0	0	0	0	0	0	0	0
0	0	0	0	0	0	0	0	0.699761808116651	0	0.728691606059457	0	0	0	0	0	0	0	0	0.81933997419856	0	0.731989559770434	0	0	0	0.598440954579399	0	0	0	0	0	0	0	0	0	0	0	0	0	0	0	0	0.61663716686923	0	0.651365279206337	0	0	0	0	0	0	0	0	0	0	0	0	0	0	0	0	0	0	0	0	0	0	0	0	0	0	0	0	0	0	0	0	0	0	0	0	0	0	0	0	0	0	0	0	0
0	0	0	0	0	0	0	0	0	0	0	0	0	0	0	0	0	0	0	0.57120776506041	0	0	0.978714142696803	0	0.957892986471683	0	0	0	0	0	0	0	0	0	0	0	0	0	0	0	0	0.812029137323151	0	0.968714325118631	0	0	0	0	0	0	0	0	0	0	0	0	0	0	0	0	0	0	0	0	0	0	0	0	0	0	0	0	0	0	0	0	0	0	0	0	0	0	0	0	0	0	0	0	0	0
0	0	0	0	0	0	0	0	0	0	0	0	0	0	0	0	0	0	0	0	0	0	0	0	0	0	0	0	0	0	0	0	0	0	0	0	0	0	0	0	0	0	0	0	0	0	0.942816874435904	0.976940513206445	0.745376201925327	0.941570789158334	0.77968287243687	0.500263740033575	0.705728313440677	0	0	0	0	0	0	0	0	0	0	0	0	0	0	0	0	0	0	0	0	0	0	0	0	0	0	0	0	0	0	0.521038513082522	0.843791399364701	0.799214866410748	0.731762087283759	0.771865301847017	0.509815545584589	0.902273919652975
0	0	0	0	0	0	0	0	0	0	0	0	0	0	0	0	0	0	0	0	0	0	0	0	0	0	0	0	0	0	0	0	0	0	0	0	0	0	0	0	0	0	0	0	0	0.877847392387108	0	0.730633612291073	0.875580859028622	0.820071570970788	0.804615793583228	0.690876940902521	0.639900144467437	0.904566453388305	0	0	0	0	0	0	0	0	0	0	0	0	0	0	0	0	0	0	0	0	0	0	0	0	0	0	0	0	0	0	0.708822079611235	0.900612228542847	0.663620348864586	0.900501832432471	0.689937372995124	0.956682479961572
0	0	0	0	0	0	0	0	0	0	0	0	0	0	0	0	0	0	0	0	0	0	0	0	0	0	0	0	0	0	0	0	0	0	0	0	0	0	0	0	0	0	0	0	0	0.607986153830609	0.864826172789796	0	0.894247567762444	0.82355585632701	0.669625391457208	0.740950325089122	0.550556166157353	0.555135449290213	0.825767734844191	0	0	0	0	0	0	0	0	0	0	0	0	0	0	0	0	0	0	0	0	0	0	0	0	0	0	0	0	0	0	0	0.86922847135992	0.893854578886413	0.711433435609798	0.646374450629671
0	0	0	0	0	0	0	0	0	0	0	0	0	0	0	0	0	0	0	0	0	0	0	0	0	0	0	0	0	0	0	0	0	0	0	0	0	0	0	0	0	0	0	0	0	0.917850593559432	0.540324640195967	0.795749697887599	0	0.643022288321586	0.727961590997137	0.88728050946195	0.510415584732621	0.702701049619239	0.504784540226359	0.607258636130254	0	0	0	0	0	0	0	0	0	0	0	0	0	0	0	0	0	0	0	0	0	0	0	0	0	0	0	0	0	0	0.981047871007306	0.704206504048074	0.844703361747117	0.933485088286422
0	0	0	0	0	0	0	0	0	0	0	0	0	0	0	0	0	0	0	0	0	0	0	0	0	0	0	0	0	0	0	0	0	0	0	0	0	0	0	0	0	0	0	0	0	0.573863836165083	0.666846456404793	0.824759110643569	0.993465793917753	0	0.819111697603867	0	0.653434525869002	0.964906642822238	0.945311711115325	0.862462635545727	0.516814093551467	0	0	0	0	0	0	0	0	0	0	0	0	0	0	0	0	0	0.620647888085597	0	0	0	0	0	0	0	0	0	0	0	0	0.837825627439415	0.944695175538609	0.765960454122643
0	0	0	0	0	0	0	0	0	0	0	0	0	0	0	0	0	0	0	0	0	0	0	0	0	0	0	0	0	0	0	0	0	0	0	0	0	0	0	0	0	0	0	0	0	0.804472619315737	0.678214857337863	0.629856846310563	0.937077115814687	0.842604981338593	0	0.83719082301133	0.577666632715449	0.569681462376131	0.678391850311712	0.835200602742002	0.504110519898997	0.564319965662838	0	0	0	0	0	0	0	0	0	0	0	0	0	0	0	0	0	0	0	0	0	0	0	0	0	0	0	0	0	0	0	0.730236725887293
0	0	0	0	0	0	0	0	0	0	0	0	0	0	0	0	0	0	0	0	0	0	0	0	0	0	0	0	0	0	0	0	0	0	0	0	0	0	0	0	0	0	0	0	0	0.969492198373237	0.680101032321215	0.701664951721003	0.602024182545505	0	0.613697665185873	0	0.99493357593149	0.593522514186128	0.593125846785073	0.818537421324214	0.723407850167506	0.694638176765831	0.555564825360085	0	0	0	0	0	0	0	0	0	0	0	0	0	0.976434006274131	0	0	0	0	0.981759971847498	0	0	0	0	0	0	0	0.536355185756578	0	0	0	0.992028692364427
0	0	0	0	0	0	0	0	0	0	0	0	0	0	0	0	0	0	0	0	0	0	0	0	0	0	0	0	0	0	0	0	0	0	0	0	0	0	0	0	0	0	0	0	0	0.537329390697616	0.845974800626722	0.883214900920291	0.69103438963746	0.71312627734788	0.779768857261424	0.545281361932128	0	0.871070448265099	0.560990604508419	0.74313228544858	0.52426813142602	0.796690508872823	0.73980077793157	0.796472678770329	0	0	0	0	0	0	0	0	0	0	0	0	0	0	0	0	0	0	0	0	0	0	0	0	0	0	0	0	0	0
0	0	0	0	0	0	0	0	0	0	0	0	0	0	0	0	0	0	0	0	0	0	0	0	0	0	0	0	0	0	0	0	0	0	0	0	0	0	0	0	0	0	0	0	0	0	0.927082294543792	0.96721048432204	0.730452997279188	0.598114141456179	0.903182151481435	0.659031624361363	0.945872292557285	0	0.652114213348719	0.933374238624793	0.760253379612834	0.968842140744239	0.524086902822666	0.865483664057153	0.819155537166123	0	0	0	0	0	0	0	0	0	0	0	0	0	0	0	0	0	0	0	0	0	0	0	0	0	0	0	0	0
0	0	0	0	0	0	0	0	0	0	0	0	0	0	0	0	0	0	0	0	0	0	0	0	0	0	0	0	0	0	0	0	0	0	0	0	0	0	0	0	0	0	0	0	0	0	0	0.520633878303841	0.860836955475642	0.82214238351461	0.732127818539936	0.860501815119145	0.621842830053423	0.898809892448506	0	0.697148203985225	0.83943399356226	0.997850694889735	0.564743899248795	0.632818108584452	0.802978970494608	0.775614067291978	0	0	0	0	0	0	0	0	0	0	0	0	0	0	0	0	0	0	0	0	0	0	0	0	0	0	0	0
0	0	0	0	0	0	0	0	0	0	0	0	0	0	0	0	0	0	0	0	0	0	0	0	0	0	0	0	0	0	0	0	0	0	0	0	0	0	0	0	0	0	0	0	0	0	0	0	0.786585123787372	0.505754419642141	0.603568657773952	0.937313771545685	0.871484125160593	0.819852402778804	0.96771064281068	0	0.880900436353098	0.79198986962667	0.605340898829886	0.799453024575479	0.845762891361921	0.625518262800325	0.575333540394411	0	0	0	0	0	0	0	0	0	0	0	0	0	0	0	0	0	0	0	0	0	0	0	0	0	0	0
0	0	0	0	0	0	0	0	0	0	0	0	0	0	0	0	0	0	0	0	0	0	0	0	0	0	0	0	0	0	0	0	0	0	0	0	0	0	0	0	0	0	0	0	0	0	0	0	0	0.686550234425055	0.982494088647931	0.598115061232965	0.905683967901314	0.945763872604642	0.75759751879861	0.85869446415727	0	0.779161226169446	0.872804105926311	0.812602031663009	0.74121567697783	0.713863149164261	0.670870765755719	0.993336934547277	0	0	0	0	0	0	0	0	0	0	0	0	0	0	0	0	0	0	0	0	0	0	0	0	0	0
0	0	0	0	0	0	0	0	0	0	0	0	0	0	0	0	0	0	0	0	0	0	0	0	0	0	0	0	0	0	0	0	0	0	0	0	0	0	0	0	0	0	0	0	0	0	0	0	0	0	0.713610099379019	0.785008289330126	0.795772538678835	0.871604149134641	0.864588938669623	0.963783638681045	0.944461466202091	0	0.785030816455779	0.730549756046765	0.563780465381178	0.867495350717505	0.769073768396637	0.838629927615134	0.668411228832339	0	0	0	0	0	0	0	0	0	0	0	0	0	0	0	0	0	0	0	0	0	0	0	0	0
0	0	0	0	0	0	0	0	0	0	0	0	0	0	0	0	0	0	0	0	0	0	0	0	0	0	0	0	0	0	0	0	0	0	0	0	0	0	0	0	0	0	0	0	0	0	0	0	0	0	0	0.769313856296191	0.631722968793947	0.529171017251972	0.605148907613039	0.547622847182276	0.847437357008768	0.620978988496663	0	0.88422092268776	0.930238258721621	0.765498031724493	0.527966634382671	0.852908960878979	0.779626354452006	0.961585104534696	0	0	0	0	0	0	0	0	0	0	0	0	0	0	0	0	0	0	0	0	0	0	0	0
0	0	0	0	0	0	0	0	0	0	0	0	0	0	0	0	0	0	0	0	0	0	0	0	0	0	0	0	0	0	0	0	0	0	0	0	0	0	0	0	0	0	0	0	0	0	0	0	0	0	0	0	0.708673879322838	0.57337982344863	0.913647074977365	0.870550141486135	0.943535659804323	0.843554947818521	0.506886343039714	0	0.89580117747538	0.705552592862152	0.599417095741468	0.814465669795015	0.553005521691031	0.938253048075582	0.944176907309388	0	0	0	0	0	0	0	0	0	0	0	0	0	0	0	0	0	0	0	0	0	0	0
0	0	0	0	0	0	0	0	0	0	0	0	0	0	0	0	0	0	0	0	0	0	0	0	0	0	0	0	0	0	0	0	0	0	0	0	0	0	0	0	0	0	0	0	0	0	0	0	0	0	0	0	0	0.759049181384635	0.917067249195689	0.688814134828076	0.867229860706648	0.953030643911645	0.518736160904674	0.50786648811359	0	0.644358987441423	0.905559188857245	0.793739062074082	0.7603136054024	0.777765432641872	0.742196600751692	0.744554292207682	0	0	0	0	0	0	0	0	0	0	0	0	0	0	0	0	0	0	0	0	0	0
0	0	0	0	0	0	0	0	0	0	0	0	0	0	0	0	0	0	0	0	0	0	0	0	0	0	0	0	0	0	0	0	0	0	0	0	0	0	0	0	0	0	0	0	0	0	0	0	0	0	0	0	0	0	0.98172173528214	0.741865943047358	0.717480081777341	0.964301992538132	0.840113448119084	0.900340011331968	0.755730180067243	0	0.56145998979916	0.506534309505368	0.910682806158224	0.791274874358097	0.549326792876808	0.505633841953685	0.586398763980173	0	0	0	0	0	0	0	0	0	0	0	0	0	0	0	0	0	0	0	0	0
0	0	0	0	0	0	0	0	0	0	0	0	0	0	0	0	0	0	0	0	0	0	0	0	0	0	0	0	0	0	0	0	0	0	0	0	0	0	0	0	0	0	0	0	0	0	0	0	0	0	0	0	0	0	0	0.88223881480387	0.571022893751778	0.64741151807657	0.728786013148974	0.795590485004513	0.522042127010999	0.599108544586533	0	0.847923023387526	0.504268563319156	0.944160629150167	0.941380463240534	0.813242963483781	0.565065152161864	0.549601059192137	0	0	0	0	0	0	0	0	0	0	0	0	0	0	0	0	0	0	0	0
0	0	0	0	0	0	0	0	0	0	0	0	0	0	0	0	0	0	0	0	0	0	0	0	0	0	0	0	0	0	0	0	0	0	0	0	0	0	0	0	0	0	0	0	0	0	0	0	0	0	0	0	0	0	0	0	0.911817220985414	0.932016307416261	0.887276267912907	0.524041064028148	0.841051962698788	0.767877499912666	0.798476015876486	0	0.679343614077254	0.747519740886226	0.905297904724753	0.664288701450484	0.934805125880157	0.986074504684447	0.77090292607792	0	0	0	0	0	0	0	0	0	0	0	0	0	0	0	0	0	0	0
0	0	0	0	0	0	0	0	0	0	0	0	0	0	0	0	0	0	0	0	0	0	0	0	0	0	0	0	0	0	0	0	0	0	0	0	0	0	0	0	0	0	0	0	0	0	0	0	0	0	0	0	0	0	0	0	0	0.577407878205082	0.855766032129439	0.570978844051339	0.948499687301049	0.933202758520461	0.732293982954486	0.67791215918579	0	0.89622609975955	0.892051379710495	0.665463207480783	0.682871977404606	0.993768968735544	0.845026001438727	0.751757378714494	0	0	0	0	0	0	0	0	0	0	0	0	0	0	0	0	0	0
0	0	0	0	0	0	0	0	0	0	0	0	0	0	0	0	0	0	0	0	0	0	0	0	0	0	0	0	0	0	0	0	0	0	0	0	0	0	0	0	0	0	0	0	0	0	0	0	0	0	0	0	0	0	0	0	0	0	0.697331811553111	0.989492290435435	0.632978665341013	0.925986470906031	0.901017985088512	0.598734414306265	0.831264628194637	0	0.611167190612424	0.627434582807713	0.692444109031139	0.56845821199069	0.69316308950687	0.812768425630173	0.545216944117437	0	0	0	0	0	0	0	0	0	0	0	0	0	0	0	0	0
0	0	0	0	0	0	0	0	0	0	0	0	0	0	0	0	0	0	0	0	0	0	0	0	0	0	0	0	0	0	0	0	0	0	0	0	0	0	0	0	0	0	0	0	0	0	0	0	0	0	0	0	0	0	0	0	0	0	0	0.556724965248168	0.776539106191711	0.680399973835973	0.646218263657469	0.627538844523063	0.757039195604622	0.923607550883845	0	0.65775933597109	0.729936899326842	0.844243684395619	0.561915742629123	0.908241513285746	0.646437068290799	0.854826382217047	0	0	0	0	0	0	0	0	0	0	0	0	0	0	0	0
0	0	0	0	0	0	0	0	0	0	0	0	0	0	0	0	0	0	0	0	0	0	0	0	0	0	0	0	0	0	0	0	0	0	0	0	0	0	0	0	0	0	0	0	0	0	0	0	0	0	0	0	0	0	0	0	0	0	0	0	0.93128053531339	0.886714262870517	0.82946971302795	0.611050405803817	0.684853862536827	0.838813774313848	0.80800505579251	0	0.750281323973153	0.900946971797777	0.54768299532184	0.532796891239382	0.594978766886446	0.92574549762019	0.940491115603293	0	0	0	0	0	0	0	0	0	0	0	0	0	0	0
0	0	0	0	0	0	0	0	0	0	0	0	0	0	0	0	0	0	0	0	0	0	0	0	0	0	0	0	0	0	0	0	0	0	0	0	0	0	0	0	0	0	0	0	0	0	0	0	0	0	0	0	0	0	0	0	0	0	0	0	0	0.952849087333976	0.987672099861736	0.725438669756193	0.958634691155475	0.668903759311275	0.662201825730206	0.505786895656937	0	0.716543870318328	0.737548461673772	0.674318225853404	0.770368596762103	0.713467160804752	0.602999015934123	0.990956215213063	0	0	0	0	0	0	0	0	0	0	0	0	0	0
0	0	0	0	0	0	0	0	0	0	0	0	0	0	0	0	0	0	0	0	0	0	0	0	0	0	0	0	0	0	0	0	0	0	0	0	0	0	0	0	0	0	0	0	0	0	0	0	0	0	0	0	0	0	0	0	0	0	0	0	0	0	0.996552896731917	0.777304059033262	0.965019370948675	0.664979973672297	0.613541886684346	0.704454452783368	0.854105441128844	0	0.825540484242139	0.708675712394313	0.560684193084588	0.876076270625433	0.703568703830171	0.954837265274062	0.873332567873599	0	0	0	0	0	0	0	0	0	0	0	0	0
0	0	0	0	0	0	0	0	0	0	0	0	0	0	0	0	0	0	0	0	0	0	0	0	0	0	0	0	0	0	0	0	0	0	0	0	0	0	0	0	0	0	0	0	0	0	0	0	0	0	0	0	0	0	0	0	0	0	0	0	0	0	0	0.829880356151996	0.920037135012789	0.787798692516046	0.517366242211558	0.979545088343878	0.870946116135702	0.900350585069668	0	0.905686876966848	0.52518980268632	0.796113498433541	0.695940165141843	0.827798229034075	0.901489041341572	0.864752121953584	0	0	0	0	0	0	0	0	0	0	0	0
0	0	0	0	0	0	0	0	0	0	0	0	0	0	0	0	0	0	0	0	0	0	0	0	0	0	0	0	0	0	0	0	0	0	0	0	0	0	0	0	0	0	0	0	0	0	0	0	0	0	0	0	0	0	0	0	0	0	0	0	0	0	0	0	0.523514455271632	0.886643345920228	0.871427749833473	0.757451445969551	0.632997023918799	0.866364005452372	0.734785459616168	0	0.8916404918871	0.863454471158697	0.743179290984286	0.978478813839842	0.531833584659085	0.505110813014822	0.741292369670036	0	0	0	0	0	0	0	0	0	0	0
0	0	0	0	0	0	0	0	0	0	0	0	0	0	0	0	0	0	0	0	0	0	0	0	0	0	0	0	0	0	0	0	0	0	0	0	0	0	0	0	0	0	0	0	0	0	0	0	0	0	0	0.623403456039128	0	0	0	0	0	0	0	0	0	0	0	0	0	0.861688291111648	0.796423789727871	0.813773425253583	0.779868961890153	0.759130256954033	0.944422781363334	0.542653014617877	0	0.555359493109533	0.649255445912717	0.842872651566489	0.585040459202093	0.791290321123336	0	0.720986657452973	0	0	0	0	0	0	0	0	0	0
0	0	0	0	0	0	0	0	0	0	0	0	0	0	0	0	0	0	0	0	0	0	0	0	0	0	0	0	0	0	0	0	0	0	0	0	0	0	0	0	0	0	0	0	0	0	0	0	0	0	0	0	0	0	0	0	0	0	0	0	0	0	0	0	0	0	0.930335660075094	0.586419621886145	0.848248330047098	0.941890577774705	0.781465537688723	0.813952119934299	0.968417126444742	0	0.99280659929721	0.610130124662066	0.832197091047779	0.609902781318048	0.53936502858102	0.84803785459042	0.583739300322639	0	0	0	0	0	0	0	0	0
0	0	0	0	0	0	0	0	0	0	0	0	0	0	0	0	0	0	0	0	0	0	0	0	0	0	0	0	0	0	0	0	0	0	0	0	0	0	0	0	0	0	0	0	0	0	0	0	0	0.580304552882231	0	0	0	0	0	0	0	0	0	0	0	0	0	0	0	0	0	0.857905638708582	0.561412192983775	0.700145695508049	0.765862391893658	0.73522929352099	0.990405421906889	0.71532935090152	0	0.528405876803077	0	0.567609030503496	0.896725946010803	0.668569737143364	0.581640843984532	0.856688218267042	0	0	0	0.768883002445336	0	0	0	0
0	0	0	0	0	0	0	0	0	0	0	0	0	0	0	0	0	0	0	0	0	0	0	0	0	0	0	0	0	0	0	0	0	0	0	0	0	0	0	0	0	0	0	0	0	0	0	0	0	0	0	0	0	0	0	0	0	0	0	0	0	0	0	0	0	0	0	0	0.792021814242794	0.703249706295895	0.534075900544967	0.711059393106415	0.861954262369938	0.701611213658023	0.687052395669687	0	0.710668987719379	0.82392000076044	0.819712172167996	0.847598313667245	0.840103265070782	0.90557615336663	0.818572778253781	0	0	0	0	0	0	0
0	0	0	0	0	0	0	0	0	0	0	0	0	0	0	0	0	0	0	0	0	0	0	0	0	0	0	0	0	0	0	0	0	0	0	0	0	0	0	0	0	0	0	0	0	0	0	0	0	0	0	0	0	0	0	0	0	0	0	0	0	0	0	0	0	0	0	0	0	0.739427603866762	0.770802621597029	0.512501637626232	0.809068730064399	0.71030879591317	0	0.998687871805628	0	0.923164230238992	0.85668097079213	0.661871642733903	0.901359827528084	0.974927307463563	0.716497620745751	0.82682740871928	0	0	0	0	0	0
0	0	0	0	0	0	0	0	0	0	0	0	0	0	0	0	0	0	0	0	0	0	0	0	0	0	0	0	0	0	0	0	0	0	0	0	0	0	0	0	0	0	0	0	0	0	0	0	0	0	0	0.789079279423901	0	0	0	0	0	0	0	0	0	0	0	0	0	0	0	0	0	0	0.611158131514581	0.579941803410865	0.96947722005099	0.7759834715768	0.701466075482952	0.520974363422048	0.584158367185116	0	0.601676664405758	0.643557372643973	0.979480324615221	0.586853491919457	0	0.941967115286644	0.619440034926141	0	0	0	0	0
0	0	0	0	0	0	0	0	0	0	0	0	0	0	0	0	0	0	0	0	0	0	0	0	0	0	0	0	0	0	0	0	0	0	0	0	0	0	0	0	0	0	0	0	0	0	0	0	0	0	0	0	0	0	0	0	0	0	0	0	0	0	0	0	0	0	0	0	0	0	0	0.787475787941039	0	0.895296555737052	0.62545385163908	0.857830926373938	0.73915240513543	0.646263258838428	0	0.537755347349303	0.901676765736004	0.874483881079187	0.575792268514333	0.579152899543413	0.705066378004861	0.973484320057419	0	0	0	0
0	0	0	0	0	0	0	0	0	0	0	0	0	0	0	0	0	0	0	0	0	0	0	0	0	0	0	0	0	0	0	0	0	0	0	0	0	0	0	0	0	0	0	0	0	0	0	0	0	0	0	0	0	0	0	0	0	0	0	0	0	0	0	0	0	0	0	0	0	0	0	0	0.862334911944918	0.913822226405997	0.941768528034455	0.937140074326308	0.514250240886672	0.637174742616701	0.571323809671916	0	0.687952041233762	0.873266055283746	0.937097690680086	0.796697924885083	0.78001141545412	0.648217499361232	0.570117073956178	0	0.817673346430597	0
0	0	0	0	0	0	0	0	0	0	0	0	0	0	0	0	0	0	0	0	0	0	0	0	0	0	0	0	0	0	0	0	0	0	0	0	0	0	0	0	0	0	0	0	0	0	0	0	0	0	0	0	0	0	0	0	0	0	0	0	0	0	0	0	0	0	0	0	0	0	0	0	0	0.80541205179239	0.846282179479653	0.878795734521841	0.850489959113065	0.590119353562966	0.556219783315705	0.534318947205619	0	0.847711596517299	0.615384035157891	0.899172797302723	0.826717572476111	0.884777730045286	0.636283302812442	0.767220411375285	0	0
0	0	0	0	0	0	0	0	0	0	0	0	0	0	0	0	0	0	0	0	0	0	0	0	0	0	0	0	0	0	0	0	0	0	0	0	0	0	0	0	0	0	0	0	0	0	0	0	0	0	0	0	0	0	0	0	0	0	0	0	0	0	0	0	0	0	0	0	0	0	0	0	0	0	0.684463774368046	0.973293803427553	0.859265064994115	0.857662001600237	0.517836538302749	0.888918568164266	0.880521929881084	0	0.574748057559351	0.620540559317811	0.957455172135751	0.912991986863162	0.876172293121486	0.83341451779677	0.973349570475291	0
0	0	0	0	0	0	0	0	0	0	0	0	0	0	0	0	0	0	0	0	0	0	0	0	0	0	0	0	0	0	0	0	0	0	0	0	0	0	0	0	0	0	0	0	0	0	0	0	0	0	0	0	0	0	0	0	0	0	0	0	0	0	0	0	0	0	0	0	0	0	0	0	0	0	0	0.954688415831113	0.797159550935603	0	0.625107699653834	0.666348849998911	0.7238072157671	0.814685330584187	0	0.859695696179217	0.62800406388086	0.795815510546083	0.688206307845408	0.724006078048854	0.945467101230722	0.693463790739659
0	0	0	0	0	0	0	0	0	0	0	0	0	0	0	0	0	0	0	0	0	0	0	0	0	0	0	0	0	0	0	0	0	0	0	0	0	0	0	0	0	0	0	0	0	0.523785734302319	0	0	0	0	0	0	0	0	0	0	0	0	0	0	0	0	0	0	0	0	0	0	0	0	0	0	0	0	0	0	0.550885892280139	0.717062397687725	0.903359405746852	0.988253711972136	0.589196029467186	0.952650013515213	0.843402411616148	0	0.577402721643849	0.709508776256644	0.593883566232811	0.863663207756244	0.912685038292889	0.57349548718658
0	0	0	0	0	0	0	0	0	0	0	0	0	0	0	0	0	0	0	0	0	0	0	0	0	0	0	0	0	0	0	0	0	0	0	0	0	0	0	0	0	0	0	0	0	0.548380243821003	0.886822216655137	0	0	0	0	0	0	0	0	0	0	0	0	0	0	0	0	0	0	0	0	0	0	0	0	0	0	0	0	0	0	0.996150518545953	0.875866122960301	0.987941498420953	0.645183858447504	0.984251434343535	0.69632695767604	0.836542503523737	0	0.869150444590942	0.527719231588141	0.854406749682312	0.91154201901766	0.77147584011127
0	0	0	0	0	0	0	0	0	0	0	0	0	0	0	0	0	0	0	0	0	0	0	0	0	0	0	0	0	0	0	0	0	0	0	0	0	0	0	0	0	0	0	0	0	0.61335505738242	0.676282378215499	0	0	0	0	0.885980159637612	0	0	0	0	0	0	0	0	0	0	0	0	0	0	0	0	0	0	0	0	0	0	0.710053101810175	0	0	0	0.904491720288753	0.852388343582199	0.656481232842312	0.814939978824637	0.510409442050216	0.802767535143944	0.965936145197143	0	0.935829346965333	0.94355950305917	0.99866603930423	0.81374158949126
0	0	0	0	0	0	0	0	0	0	0	0	0	0	0	0	0	0	0	0	0	0	0	0	0	0	0	0	0	0	0	0	0	0	0	0	0	0	0	0	0	0	0	0	0	0.669991131840341	0.864683144386445	0.576999490848073	0.741632909929643	0	0	0	0	0	0	0	0	0	0	0	0	0	0	0	0	0	0	0	0	0	0	0	0	0	0	0	0	0	0	0.833854505210966	0.56292480445943	0.912019634074563	0.796816409036668	0.552857146706313	0.965697151341739	0.837388366263673	0	0.686371220321925	0.609163493790062	0.923778428434287
0	0	0	0	0	0	0	0	0	0	0	0	0	0	0	0	0	0	0	0	0	0	0	0	0	0	0	0	0	0	0	0	0	0	0	0	0	0	0	0	0	0	0	0	0	0.949541074945396	0.62669758644368	0.607523696252435	0.620867258648436	0.948231297316025	0	0	0	0	0	0	0	0	0	0	0	0	0	0	0	0	0	0	0	0	0	0	0	0	0	0	0	0	0	0	0.814370389954649	0.574610963209267	0.84458314540068	0.960507931920886	0.612210037293239	0.741482259397153	0.750324327881406	0	0.796577409373719	0.760093304018889
0	0	0	0	0	0	0	0	0	0	0	0	0	0	0	0	0	0	0	0	0	0	0	0	0	0	0	0	0	0	0	0	0	0	0	0	0	0	0	0	0	0	0	0	0	0.791008391389007	0.891104039298801	0.66862504569322	0.92433871543219	0.604246058311622	0	0	0	0	0	0	0	0	0	0	0	0	0	0	0	0	0	0	0	0	0	0	0	0	0	0	0	0	0	0.871281045527243	0	0.872392131110276	0.680804655740836	0.750025084673054	0.691850534394012	0.810624005453391	0.883851878225256	0.622479652176358	0	0.638654431119319
0	0	0	0	0	0	0	0	0	0	0	0	0	0	0	0	0	0	0	0	0	0	0	0	0	0	0	0	0	0	0	0	0	0	0	0	0	0	0	0	0	0	0	0	0	0.794848338084904	0.747282522078675	0.614576208983127	0.564500302524264	0.738977697490198	0.805619155949026	0.569637065036898	0	0	0	0	0	0	0	0	0	0	0	0	0	0	0	0	0	0	0	0	0	0	0	0	0	0	0	0	0	0	0.521490437756569	0.515832456290759	0.874987721124467	0.968520512567123	0.664411251872373	0.842578397239613	0.937609578261134	0
