0	0.529602005266238	0.967383942796528	0.914481237385207	0.708688152692447	0.73688636905172	0.833572354724144	0.641449288838404	0	0	0	0	0	0	0	0	0	0	0	0	0	0	0	0	0	0	0	0	0	0	0	0	0	0	0	0	0	0	0.663587664030151	0.870139429409126	0.954563429925132	0.627232144240813	0.74680030896524	0.569748685651651	0.74528201683494	0	0	0	0	0	0	0	0	0	0	0	0	0	0	0	0	0	0	0	0	0	0	0	0	0	0	0	0	0	0	0	0	0	0	0	0	0	0	0	0	0	0	0	0	0
0.60993652449018	0	0.759681279160686	0.695885254638395	0.868453498245717	0.749999248114386	0.835813672826317	0.671411797793811	0.927017354805768	0	0	0	0	0	0	0	0	0	0	0	0	0	0	0	0	0	0	0	0	0	0	0	0	0	0	0	0	0	0	0.738834027169578	0.667748626004049	0.791206028933042	0.896682565816764	0.647625663726415	0.81987884587331	0	0	0	0	0	0	0	0	0	0	0	0	0	0	0	0	0	0	0	0	0	0	0	0	0	0	0	0	0	0	0	0	0	0	0	0	0	0	0	0	0	0	0	0	0
0.905275076080673	0.5733297604452	0	0.845448119383052	0.933878975744985	0.712635232366913	0.817565610214308	0.802370967620866	0.566228757666167	0.833907054793356	0	0	0	0	0	0	0	0	0	0	0	0	0	0	0	0	0	0	0	0	0	0	0	0	0	0	0	0	0	0	0.870345504905426	0.78525463610916	0.559992503620858	0.847893485093925	0.643216302801234	0	0	0	0	0	0	0	0	0	0	0	0	0	0	0	0	0	0	0	0	0	0	0	0	0	0	0	0	0	0	0	0	0	0	0	0	0	0	0	0	0	0	0	0	0
0.744995956694959	0.823169038643809	0.784886918125036	0	0.919214924679237	0.932034672687429	0.658094667240434	0.898886530616444	0.564128702495389	0.925638203629386	0.557901738561428	0	0	0	0	0	0	0	0	0	0	0	0	0	0	0	0	0	0	0	0	0	0	0	0	0	0	0	0	0	0	0.791249791287311	0.836752988247183	0.974346912802668	0.698114973414995	0	0	0	0	0	0	0	0	0	0	0	0	0	0	0	0	0	0	0	0	0	0	0	0	0	0	0	0	0	0	0	0	0	0	0	0	0	0	0	0	0	0	0	0	0
0.555511075856082	0.868720276433209	0.771735076937835	0.870448873783782	0	0.539044570775297	0.892337380036219	0.591765925538081	0.916523275585792	0.705295830345867	0.503906049633346	0.886724935296289	0	0	0	0	0	0	0	0	0	0	0	0	0	0	0	0	0	0	0	0	0	0	0	0	0	0	0	0	0	0	0.724010496928233	0.864331017498621	0.901713434080962	0	0	0	0	0	0	0	0	0	0	0	0	0	0	0	0	0	0	0	0	0	0	0	0	0	0	0	0	0	0	0	0	0	0	0	0	0	0	0	0	0	0	0	0	0
0.985018871191878	0.572008367760001	0.748070982000205	0.767391405915162	0.596691303098618	0	0.792146425020518	0.713285118161878	0.671235921066539	0.979198113232179	0.94330006046291	0.894455827034818	0.863958506057427	0	0	0	0	0	0	0	0	0	0	0	0	0	0	0	0	0	0	0	0	0	0	0	0	0	0	0	0	0	0	0.577174775258451	0.595241885618841	0	0	0	0	0	0	0	0	0	0	0	0	0	0	0	0	0	0	0	0	0	0	0	0	0	0	0	0	0	0	0	0	0	0	0	0	0	0	0	0	0	0	0	0	0
0.558292949605839	0.532857578222063	0.591815622786683	0.82797668131589	0.507909584363307	0.6807945165878	0	0.613246380701214	0.831007580625916	0.595617069952296	0.519562195059149	0.519946364742712	0.685745008717803	0.500207571091266	0	0	0	0	0	0	0	0	0	0	0	0	0	0	0	0	0	0	0	0	0	0	0	0	0	0	0	0	0	0	0.89301920007375	0	0	0	0	0	0	0	0	0	0	0	0	0	0	0	0	0	0	0	0	0	0	0	0	0	0	0	0	0	0	0	0	0	0	0	0	0	0	0	0	0	0	0	0	0
0.598498617006624	0.516537332940304	0.791086495192184	0.5309448841613	0.625929035513025	0.707843702576268	0.64934589127624	0	0.983115461854822	0.584102366236855	0.839482611438859	0.980306168509476	0	0.508388606642156	0.855280938426305	0	0	0	0	0	0	0	0	0	0	0	0	0	0	0	0.909715482276139	0	0	0	0	0	0	0	0	0	0	0	0	0	0	0	0	0	0	0	0	0	0	0	0	0	0	0	0	0	0	0	0	0	0	0	0	0	0	0	0	0	0	0	0	0	0	0	0	0	0	0	0	0	0	0	0	0	0	0
0	0.901151553785314	0.534330850745603	0.657591222911731	0.790189400413666	0.546042920151806	0.992738497332494	0.904507045596086	0	0.782278248926525	0.660465860116689	0.882006800756899	0.600013555769554	0.798717775970361	0.712128697396246	0.884677925678609	0	0	0	0	0	0	0	0	0	0	0	0	0	0	0	0	0	0	0	0	0	0	0	0	0	0	0	0	0	0	0	0	0	0	0	0	0	0	0	0	0	0	0	0	0	0	0	0	0	0	0	0	0	0	0	0	0	0	0	0	0	0	0	0	0	0	0	0	0	0	0	0	0	0
0	0	0.882434666524101	0.873344473768612	0.534733224792274	0.524679583960867	0.509435125191506	0.714342931306606	0.592821588540956	0	0.627530849082965	0.986848624718771	0.749535399926293	0.694752727843479	0.682944290059078	0.616468211084621	0.969046761644832	0	0	0	0	0	0	0	0	0	0	0	0	0	0	0	0	0	0	0	0	0	0	0	0	0	0	0	0	0	0	0	0	0	0	0	0	0	0	0	0	0	0	0	0	0	0	0	0	0	0	0	0	0	0	0	0	0	0	0	0	0	0	0	0	0	0	0	0	0	0	0	0	0
0	0	0	0.717033706525289	0.951299850063912	0.809145855966884	0.66531609589935	0.886731741055504	0.815695464556287	0.773371451470505	0	0.725178688990329	0.864571584312501	0.621786375012233	0.6881082618373	0.6742068047786	0.668623854041473	0.513119970497365	0	0	0	0	0	0	0	0	0	0	0	0	0	0	0	0	0	0	0	0	0	0	0	0	0	0	0	0	0	0	0	0	0	0	0	0	0	0	0	0	0	0	0	0	0	0	0	0	0	0	0	0	0	0	0	0	0	0	0	0	0	0	0	0	0	0	0	0	0	0	0	0
0	0	0	0	0.652749017110054	0.830615320310826	0.599876201402823	0.980906512557067	0.569021122413632	0.691895425133059	0.643987371282981	0	0.536221308957588	0.864507225754436	0.768473718287951	0.89412253808548	0.678845457949711	0.959715633525933	0.64602665752608	0	0	0	0	0	0	0	0	0	0	0	0	0	0	0	0	0	0	0	0	0	0	0	0	0	0	0	0	0	0	0	0	0	0	0	0	0	0	0	0	0	0	0	0	0	0	0	0	0	0	0	0	0	0	0	0	0	0	0	0	0	0	0	0	0	0	0	0	0	0	0
0	0	0	0	0	0.671869211660072	0.860604601861862	0	0.807695581226223	0.716504460810023	0.660265282318903	0.584930560353497	0	0.955929953595845	0.781516255885536	0.883854499119492	0.818423533346809	0.947264182146683	0.669233863947666	0.676499810979847	0	0	0	0	0	0	0	0	0	0	0	0	0	0	0	0	0	0	0	0	0	0	0	0	0	0	0	0	0	0	0	0	0	0	0	0	0	0	0	0	0	0	0	0	0	0	0	0	0	0	0	0	0	0	0	0	0	0	0	0	0	0	0	0	0	0	0	0	0	0
0	0	0	0	0	0	0.637490069464721	0.61367054928458	0.529843522266293	0.89214837807293	0.893033533837372	0.725202418843779	0.78428339289871	0	0.949092500473175	0.887362343435543	0.509356587659289	0.829891726125374	0.758754211475344	0.630694949028226	0.746544905703431	0	0	0	0	0	0	0	0	0	0	0	0	0	0	0	0	0	0	0	0	0	0	0	0	0	0	0	0	0	0	0	0	0	0	0	0	0	0	0	0	0	0	0	0	0	0	0	0	0	0	0	0	0	0	0	0	0	0	0	0	0	0	0	0	0	0	0	0	0
0	0	0	0	0	0	0	0.965051345047941	0.937357911266079	0.844871923013836	0.583247200987809	0.590393438839837	0.797517829338135	0.741948871836599	0	0.951698422135433	0.812198755599017	0	0.862400887607479	0.669677240880123	0.823293656499673	0.936244755794685	0	0	0.986971718265499	0	0	0	0	0	0	0	0	0	0	0	0	0	0	0	0	0	0	0	0	0	0	0	0	0	0	0	0	0	0	0	0	0	0	0	0	0	0	0	0	0	0	0	0	0	0	0	0	0	0	0	0	0	0	0	0	0	0	0	0	0	0	0	0	0
0	0	0	0	0	0	0	0	0.770279747133945	0.564433080546638	0.912854195621628	0.952624040231433	0.880950033690079	0.902011539548174	0.610491464200105	0	0.792693702245864	0.591771366293444	0.566809613507091	0.539320051266136	0.538047911996161	0.576983515391194	0.724040550387148	0	0	0	0	0	0	0	0	0	0	0	0	0	0	0	0	0	0	0	0	0	0	0	0	0	0	0	0	0	0	0	0	0	0	0	0	0	0	0	0	0	0	0	0	0	0	0	0	0	0	0	0	0	0	0	0	0	0	0	0	0	0	0	0	0	0	0
0	0	0	0	0	0	0	0	0	0.767140884269005	0.576276556861415	0.706758182877295	0.770885040118248	0.840626269388473	0.573718194686644	0.858204488299271	0	0.502484619973727	0.855390289420635	0.839308085194106	0.51046625455	0.737376618173146	0.634147985988977	0.869419503962617	0	0	0	0	0	0	0	0	0	0	0	0	0	0	0	0	0	0	0	0	0	0	0	0	0	0	0	0	0	0	0	0	0	0	0	0	0	0	0	0	0	0	0	0	0	0	0	0	0	0	0	0	0	0	0	0	0	0	0	0	0	0	0	0	0	0
0	0	0	0	0	0	0	0	0	0	0.923877291866041	0.50215357954276	0.776361802537871	0.869435425459471	0	0.785796110912697	0.66232127619871	0	0.539515317809759	0.631940456297964	0.857076526603685	0.863856667063676	0.905104835535195	0.589839400163029	0.970239166474016	0	0	0	0	0	0	0	0	0	0	0	0	0	0	0	0	0	0	0	0	0	0	0	0	0	0	0	0	0	0	0	0	0	0	0	0	0	0	0	0	0	0	0	0	0	0	0	0	0	0	0	0	0	0	0	0	0	0	0	0	0	0	0	0	0
0	0	0	0	0	0	0	0	0	0	0	0.665158407809959	0.554551755615234	0.722013170602537	0.942353689479196	0.533838612191575	0.718655007345492	0.502555469412765	0	0.964174588943044	0.771209623547663	0.88922136386588	0.94484638153167	0.974341698789155	0.862480497186712	0.714193351259647	0	0	0	0	0	0	0	0	0	0	0	0	0	0	0	0	0	0	0	0	0	0	0	0	0	0	0	0	0	0	0	0	0	0	0	0	0	0	0	0	0	0	0	0	0	0	0	0	0	0	0	0	0	0	0	0	0	0	0	0	0	0	0	0
0	0	0	0	0	0	0	0	0	0	0	0	0.888440714494478	0.839940618975755	0.618211218310176	0.650766075050916	0.501863462491141	0.796838030451479	0.644275221657268	0	0.986994699022283	0.629562875408971	0.704946139181675	0.730909430577476	0.567689305294834	0.545082099521022	0.764836323927947	0	0	0	0	0	0	0	0	0	0	0	0	0	0	0	0	0	0	0	0	0	0	0	0	0	0	0	0	0	0	0	0	0	0	0	0	0	0	0	0	0	0	0	0	0	0	0	0	0	0	0	0	0	0	0	0	0	0	0	0	0	0	0
0	0	0	0	0	0	0	0	0	0	0	0	0	0.512445799852441	0.702794153936573	0.982728361639389	0.709856944332884	0.853840327285627	0.719039828110517	0.720258683716481	0	0.502675144308815	0.512193959400553	0.722636821130366	0.964857184298016	0.718887849149671	0.790061426594158	0.809108284219973	0	0	0	0	0	0	0	0	0	0	0	0	0	0	0	0	0	0	0	0	0	0	0	0	0	0	0	0	0	0	0	0	0	0	0	0	0	0	0	0	0	0	0	0	0	0	0	0	0	0	0	0	0	0	0	0	0	0	0	0	0	0
0	0	0	0	0	0	0	0	0	0	0	0	0	0	0.900863133721025	0.662426160869617	0.671594493712821	0.857667545104913	0.752809395038336	0.626022910731253	0.792521385499527	0	0.912299367632584	0.896430656461273	0.959417396027712	0.79719093570954	0.718559634107238	0.542763588009622	0.883417851305272	0	0	0	0	0	0	0	0	0	0	0	0	0	0	0	0	0	0	0	0	0	0	0	0	0	0	0	0	0	0	0	0	0	0	0	0	0	0	0	0	0	0	0	0	0	0	0	0	0	0	0	0	0	0	0	0	0	0	0	0	0
0	0	0	0	0	0	0	0	0	0	0	0	0	0	0	0.952472232544617	0.606180421947615	0.615690237070634	0.955417256783198	0.637440347981049	0.960882412637437	0.526888637572999	0	0.54114370960113	0.786705396546316	0.789913302592014	0.566678639555088	0.998824496155128	0.942605267254156	0.569324024908336	0	0	0	0	0	0	0	0	0	0	0	0	0	0	0	0	0	0	0	0	0	0	0	0	0	0	0	0	0	0	0	0	0	0	0	0	0	0	0	0	0	0	0	0	0	0	0	0	0	0	0	0	0	0	0	0	0	0	0	0
0	0	0	0	0	0	0	0	0	0	0	0	0	0	0	0	0.990417010881365	0.893334943407699	0.857684809474675	0.783813236567291	0.991055411055485	0.731211005029706	0.81691698849911	0	0.93034107878619	0.527250388728673	0.55910138671197	0.507201104823292	0.512349995453856	0.8073044593342	0.629217166540338	0	0	0	0	0	0	0	0	0	0	0	0	0	0	0	0	0	0	0	0	0	0	0	0	0	0	0	0	0	0	0	0	0	0	0	0	0	0	0	0	0	0	0	0	0	0	0	0	0	0	0	0	0	0	0	0	0	0	0
0	0	0	0	0	0	0	0	0	0	0	0	0	0	0.985218276333135	0	0	0.716039458025509	0.905492905907298	0.514487318960035	0.956799615588664	0.892237449193413	0.581747790274625	0.633911464969047	0	0.998001599196211	0.934836175123861	0.53750112699269	0.764790597781718	0.798055623458749	0.517586220703116	0.800805187833591	0	0	0	0	0	0	0	0	0	0	0	0	0	0	0	0	0	0	0	0	0	0	0	0	0	0	0	0	0	0	0	0	0	0	0	0	0	0	0	0	0	0	0	0	0	0	0	0	0	0	0	0	0	0	0	0	0	0
0	0	0	0	0	0	0	0	0	0	0	0	0	0	0	0	0	0	0.74727875727405	0.857186126910608	0.647057479277783	0.947780304284949	0.719428534362698	0.63132939130213	0.664724408699362	0	0.985231607625754	0.659197114082516	0.600228043676601	0.952256554257508	0.773550789027271	0.577530012960832	0.5551584311471	0	0	0	0	0	0	0	0	0	0	0	0	0	0	0	0	0	0	0	0	0	0	0	0	0	0	0	0	0	0	0	0	0	0	0	0	0	0	0	0	0	0	0	0	0	0	0	0	0	0	0	0	0	0	0	0	0
0	0	0	0	0	0	0	0	0	0	0	0	0	0	0	0	0	0	0	0.592304919568892	0.61917938138258	0.810922155161905	0.604280532805355	0.732563190719485	0.979692148813367	0.570613347862448	0	0.941910024187379	0.697557920571799	0.659140870829828	0.899833607869887	0.946598046473617	0.792064242728562	0.780609644596485	0	0	0	0	0	0	0	0	0	0	0	0	0	0	0	0	0	0	0	0	0	0	0	0	0	0	0	0	0	0	0	0	0	0	0	0	0	0	0	0	0	0	0	0	0	0	0	0	0	0	0	0	0	0	0	0
0	0	0	0	0	0	0	0	0	0	0	0	0	0	0	0	0	0	0	0	0.507635389551195	0.837630856987181	0.779949690142669	0.739532509571109	0.871869921196538	0.515031390990928	0.770193333495424	0	0.628158362075885	0.561532412509401	0.631340060829941	0.542696098680856	0.508214109720332	0.536537649955093	0.762256809628806	0	0	0	0	0	0	0	0	0	0	0	0	0	0	0	0	0	0	0	0	0	0	0	0	0	0	0	0	0	0	0	0	0	0	0	0	0	0	0	0	0	0	0	0	0	0	0	0	0	0	0	0	0	0	0
0	0	0	0	0	0	0	0	0	0	0	0	0	0	0	0	0	0	0	0	0	0.995217721510319	0.779849626004	0.656212544583598	0.834827408533523	0.545015664352167	0.804702107357313	0.973417201696156	0	0.550248372085691	0.996093999208032	0.878697329365448	0.585191384843652	0.626470368321583	0.929096798100228	0.684548111993202	0	0	0	0	0	0	0	0	0	0	0	0	0	0	0	0	0	0	0	0	0	0	0	0	0	0	0	0	0	0	0	0	0	0	0	0	0	0	0	0	0	0	0	0	0	0	0	0	0	0	0	0	0	0
0	0	0	0	0	0	0	0	0	0	0	0	0	0	0	0	0	0	0	0	0	0	0.983992999250209	0.930938041659817	0.925771146428176	0.752966080528426	0.748634787246368	0.644396964457847	0.744655262188626	0	0.660500399518071	0.840824963627149	0.698676605416905	0.576475258812279	0.702585431975209	0.719393630510117	0.851850841491964	0	0	0	0	0	0	0	0	0	0	0	0	0	0	0	0	0	0	0	0	0	0	0	0	0	0	0	0	0	0	0	0	0	0	0	0	0	0	0	0	0	0	0	0	0	0	0	0	0	0	0	0	0
0	0	0	0	0	0	0	0.632295544330747	0	0	0	0	0	0	0	0	0	0	0	0	0	0	0	0.705797187284336	0.849405386219187	0.991578069446349	0.96991654762889	0.765708091049138	0.947264251436751	0.973768711285786	0	0.854728534602012	0.543175036736176	0.945874890462033	0.823587061843196	0.853203860957954	0.617108990306706	0.975496255865824	0	0	0	0	0	0	0	0	0	0	0	0	0	0	0	0	0	0	0	0	0	0	0	0	0	0	0	0	0	0	0	0	0	0	0	0	0	0	0	0	0	0	0	0	0	0	0	0	0	0	0	0
0	0	0	0	0	0	0	0	0	0	0	0	0	0	0	0	0	0	0	0	0	0	0	0	0.64301338910945	0.987586592517073	0.523545084289031	0.636566740521261	0.5739763819884	0.519334571854288	0.526010082718645	0	0.513063045631151	0.640683238140997	0.744572234865801	0.501773801754785	0.826837960503514	0.654624593758262	0.737721196796981	0	0	0	0	0	0	0	0	0	0	0	0	0	0	0	0	0	0	0	0	0	0	0	0	0	0	0	0	0	0	0	0	0	0	0	0	0	0	0	0	0	0	0	0	0	0	0	0	0	0	0
0	0	0	0	0	0	0	0	0	0	0	0	0	0	0	0	0	0	0	0	0	0	0	0	0	0.807239620325964	0.695611282456968	0.719796875148636	0.948214024366407	0.763526605111868	0.852528867786095	0.808220881042267	0	0.785251883586176	0.670991066320194	0.81223160545668	0.671379223829897	0.509157197603153	0.994797343531064	0.997834064201384	0	0	0	0	0	0	0	0	0	0	0	0	0	0	0	0	0	0	0	0	0	0	0	0	0	0	0	0	0	0	0	0	0	0	0	0	0	0	0	0	0	0	0	0	0	0	0	0	0	0
0	0	0	0	0	0	0	0	0	0	0	0	0	0	0	0	0	0	0	0	0	0	0	0	0	0	0.905845113902336	0.755251371395697	0.869277383342313	0.875293225349789	0.78372227764071	0.915685576347918	0.781189731326661	0	0.556568948214326	0.891392473703554	0.55184319333075	0.795166677354951	0.592127745572635	0.575559358881327	0.991751067589881	0	0	0	0	0	0	0	0	0	0	0	0	0	0	0	0	0	0	0	0	0	0	0	0	0	0	0	0	0	0	0	0	0	0	0	0	0	0	0	0	0	0	0	0	0	0	0	0	0
0	0	0	0	0	0	0	0	0	0	0	0	0	0	0	0	0	0	0	0	0	0	0	0	0	0	0	0.804000018515253	0.781598274618295	0.829814133332417	0.748633877924052	0.674258196123871	0.730786656520013	0.666296718091649	0	0.806248681379579	0.847661201975227	0.596867410395808	0.754187090817657	0.886212388395112	0.635622137417226	0.83003633696655	0	0	0	0	0	0	0	0	0	0	0	0	0	0	0	0	0	0	0	0	0	0	0	0	0	0	0	0	0	0	0	0	0	0	0	0	0	0	0	0	0	0	0	0	0	0	0	0
0	0	0	0	0	0	0	0	0	0	0	0	0	0	0	0	0	0	0	0	0	0	0	0	0	0	0	0	0.826121266651529	0.556363745511945	0.775331133002921	0.670027678735934	0.835986846997669	0.704466847269022	0.633659891091361	0	0.591546812230319	0.577681430854319	0.975180635118027	0.686306378180591	0.738351974437544	0.897177268120975	0.646816957878047	0	0	0	0	0	0	0	0	0	0	0	0	0	0	0	0	0	0	0	0	0	0	0	0	0	0	0	0	0	0	0	0	0	0	0	0	0	0	0	0	0	0	0	0	0	0	0
0	0	0	0	0	0	0	0	0	0	0	0	0	0	0	0	0	0	0	0	0	0	0	0	0	0	0	0	0	0.991117210035975	0.967333099641474	0.516083398146002	0.514836864786294	0.928802538300871	0.765638322945006	0.737861896513352	0	0.86288119155826	0.906469428765184	0.785170449042674	0.635011276918187	0.675892414984305	0.774719223171668	0.81421016848852	0	0	0	0	0	0	0	0	0	0	0	0	0	0	0	0	0	0	0	0	0	0	0	0	0	0	0	0	0	0	0	0	0	0	0	0	0	0	0	0	0	0	0	0	0	0
0	0	0	0	0	0	0	0	0	0	0	0	0	0	0	0	0	0	0	0	0	0	0	0	0	0	0	0	0	0	0.897818486761374	0.669196338928879	0.741975445094553	0.625153727979229	0.855950505827137	0.749563560725129	0.641568398173825	0	0.897094604829776	0.977297245825406	0.967864903349777	0.864738481013903	0.825947628754262	0.947883694985903	0.605884626633004	0	0	0	0	0	0	0	0	0	0	0	0	0	0	0	0	0	0	0	0	0	0	0	0	0	0	0	0	0	0	0	0	0	0	0	0	0	0	0	0	0	0	0	0	0
0.766049913111194	0	0	0	0	0	0	0	0	0	0	0	0	0	0	0	0	0	0	0	0	0	0	0	0	0	0	0	0	0	0	0.545299531935342	0.540791322359827	0.878538596309513	0.575134167681205	0.742873434081611	0.722072433881895	0.951351265158194	0	0.892283089664268	0.550845144994516	0.965476251901029	0.56140811714916	0.937465695536257	0.533111103658632	0	0	0	0	0	0	0	0	0	0	0	0	0	0	0	0	0	0	0	0	0	0	0	0	0	0	0	0	0	0	0	0	0	0	0	0	0	0	0	0	0	0	0	0	0
0.724320173872179	0.774114204821793	0	0	0	0	0	0	0	0	0	0	0	0	0	0	0	0	0	0	0	0	0	0	0	0	0	0	0	0	0	0	0.756127849485951	0.768654362263634	0.807007036625493	0.973205152645308	0.854434345742692	0.52195331299136	0.974294682485593	0	0.568037918764859	0.722516169429146	0.983613779139986	0.643583544542308	0.97560875859046	0	0	0	0	0	0	0	0	0	0	0	0	0	0	0	0	0	0	0	0	0	0	0	0	0	0	0	0	0	0	0	0	0	0	0	0	0	0	0	0	0	0	0	0	0
0.757356046382624	0.74019712422056	0.737664268226831	0	0	0	0	0	0	0	0	0	0	0	0	0	0	0	0	0	0	0	0	0	0	0	0	0	0	0	0	0	0	0.881525538079607	0.633316161156641	0.814398124127223	0.81883117654219	0.939852323223402	0.878359739703582	0.788416138846272	0	0.883231929089961	0.537751537899475	0.999681073636705	0.657192519026395	0	0	0	0	0	0	0	0	0	0	0	0	0	0	0	0	0	0	0	0	0	0	0	0	0	0	0	0	0	0	0	0	0	0	0	0	0	0	0	0	0	0	0	0	0
0.851417854360813	0.946548116737261	0.677677872452343	0.755112657115394	0	0	0	0	0	0	0	0	0	0	0	0	0	0	0	0	0	0	0	0	0	0	0	0	0	0	0	0	0	0	0.65046714928856	0.794679240145891	0.734721849989337	0.790149117890734	0.753209642973657	0.912190152645451	0.831426086590311	0	0.596655649787469	0.72685645654922	0.628583620623611	0	0	0	0	0	0	0	0	0	0	0	0	0	0	0	0	0	0	0	0	0	0	0	0	0	0	0	0	0	0	0	0	0	0	0	0	0	0	0	0	0	0	0	0	0
0.844341531951849	0.785174394613813	0.627282305201781	0.864661961061868	0.840879439549278	0	0	0	0	0	0	0	0	0	0	0	0	0	0	0	0	0	0	0	0	0	0	0	0	0	0	0	0	0	0	0.763667932942682	0.954665204105346	0.548635345308374	0.662007332800492	0.869988762139523	0.920080812588838	0.8446585871498	0	0.731279772614981	0.613286921710229	0	0	0	0	0	0	0	0	0	0	0	0	0	0	0	0	0	0	0	0	0	0	0	0	0	0	0	0	0	0	0	0	0	0	0	0	0	0	0	0	0	0	0	0	0
0.894574208229613	0.711260199882959	0.833054693589429	0.791849192672062	0.824216854053587	0.524949999988808	0	0	0	0	0	0	0	0	0	0	0	0	0	0	0	0	0	0	0	0	0	0	0	0	0	0	0	0	0	0	0.771996910439073	0.697083133652267	0.546928487526131	0.947007465322713	0.508217758983309	0.542340851016444	0.658452046764485	0	0.709681152774395	0	0	0	0	0	0	0	0	0	0	0	0	0	0	0	0	0	0	0	0	0	0	0	0	0	0	0	0	0	0	0	0	0	0	0	0	0	0	0	0	0	0	0	0	0
0.5100869048606	0.624620611056312	0.898541006676101	0.747049762874929	0.631781605515231	0.673568233515583	0.609481832293571	0	0	0	0	0	0	0	0	0	0	0	0	0	0	0	0	0	0	0	0	0	0	0	0	0	0	0	0	0	0	0.605212200975748	0.640211231822601	0.704566561369616	0.517239542873013	0.728490844887877	0.747855735408723	0.647033259283251	0	0	0	0	0	0	0	0	0	0	0	0	0	0	0	0	0	0	0	0	0	0	0	0	0	0	0	0	0	0	0	0	0	0	0	0	0	0	0	0	0	0	0	0	0	0
0	0	0	0	0	0	0	0	0	0	0	0	0	0	0	0	0	0	0	0	0	0	0	0	0	0	0	0	0	0	0	0	0	0	0	0	0	0	0	0	0	0	0	0	0	0	0.728720983460725	0	0.996437881477507	0	0	0	0	0	0	0	0	0	0	0	0	0	0	0	0	0	0	0	0.731676373722488	0	0	0	0	0	0	0	0	0	0	0	0	0	0	0	0	0	0	0	0	0
0	0	0	0	0	0	0	0	0	0	0	0	0	0	0	0	0	0	0	0	0	0	0	0	0	0	0	0	0	0	0	0	0	0	0	0	0	0	0	0	0	0	0	0	0	0.951167243031468	0	0	0	0	0	0	0.747982786570575	0.689086687080376	0	0	0.769119585563208	0	0	0	0	0	0	0	0	0	0.832750818229204	0	0	0	0	0	0	0	0	0	0	0	0.870491933250039	0	0	0	0	0	0	0	0	0	0	0
0	0	0	0	0	0	0	0	0	0	0	0	0	0	0	0	0	0	0	0	0	0	0	0	0	0	0	0	0	0	0	0	0	0	0	0	0	0	0	0	0	0	0	0	0	0	0	0	0	0	0.847048819691388	0	0	0	0	0	0	0	0	0	0	0	0	0	0	0.714313295112325	0	0	0	0	0	0	0	0	0.885906603907582	0	0	0	0	0	0	0	0	0	0	0	0.616576697063947	0	0.810137501407132	0
0	0	0	0	0	0	0	0	0	0	0	0	0	0	0	0	0	0	0	0	0	0	0	0	0	0	0	0	0	0	0	0	0	0	0	0	0	0	0	0	0	0	0	0	0	0.716196541145165	0	0	0	0	0	0	0	0	0	0	0	0	0	0	0	0	0	0	0.551042473349409	0	0	0	0	0	0	0	0	0	0.544787835914917	0	0	0	0	0	0.672959984723751	0	0	0	0	0	0	0.632652393263434	0	0
0	0	0	0	0	0	0	0	0	0	0	0	0	0	0	0	0	0	0	0	0	0	0	0	0	0	0	0	0	0	0	0	0	0	0	0	0	0	0	0	0	0	0	0	0	0	0	0	0	0	0	0	0	0	0	0	0	0	0	0	0	0	0	0	0	0	0	0	0	0	0	0	0	0.820487891290787	0	0	0	0	0	0.807395554383462	0.502340653646628	0	0	0	0	0	0	0.562479628350676	0	0
0	0	0	0	0	0	0	0	0	0	0	0	0	0	0	0	0	0	0	0	0	0	0	0	0	0	0	0	0	0	0	0	0	0	0	0	0	0	0	0	0	0	0	0	0	0	0	0.670646828640353	0	0	0	0	0	0	0	0	0	0	0	0	0.544464162779194	0.500185025575186	0	0	0	0	0	0	0.614876586414219	0	0	0	0	0	0	0	0	0	0	0	0	0	0	0	0	0	0	0	0	0
0	0	0	0	0	0	0	0	0	0	0	0	0	0	0	0	0	0	0	0	0	0	0	0	0	0	0	0	0	0	0	0	0	0	0	0	0	0	0	0	0	0	0	0	0	0	0	0	0	0	0	0	0	0	0	0	0	0	0	0.919615094141711	0	0	0	0	0	0	0	0	0	0.753943174516744	0	0	0	0	0	0	0	0	0	0	0	0	0	0	0.739834644297917	0	0	0	0	0
0	0	0	0	0	0	0	0	0	0	0	0	0	0	0	0	0	0	0	0	0	0	0	0	0	0	0	0	0	0	0	0	0	0	0	0	0	0	0	0	0	0	0	0	0	0	0.716753640379679	0	0	0	0	0	0	0	0	0	0.759875651914424	0	0	0	0	0	0	0	0	0	0	0	0	0	0	0	0	0	0	0	0	0.886476756852719	0	0	0	0	0	0	0	0	0	0.7251515947052	0	0
0	0	0	0	0	0	0	0	0	0	0	0	0	0	0	0	0	0	0	0	0	0	0	0	0	0	0	0	0	0	0	0	0	0	0	0	0	0	0	0	0	0	0	0	0	0	0.786512553420923	0	0	0	0	0	0	0	0	0	0	0	0	0	0	0.618819898771727	0	0	0	0	0	0	0	0	0	0	0	0	0	0	0	0	0	0	0	0	0	0	0	0	0	0	0	0.870012422727841
0	0	0	0	0	0	0	0	0	0	0	0	0	0	0	0	0	0	0	0	0	0	0	0	0	0	0	0	0	0	0	0	0	0	0	0	0	0	0	0	0	0	0	0	0	0	0	0	0	0	0	0	0	0	0	0	0.542994541662814	0.576306707445747	0	0	0	0	0	0	0	0.616872642899701	0.863187480454296	0	0	0.956325576667862	0	0	0	0	0	0	0	0	0	0	0	0.721861670213506	0.611638150954202	0	0	0	0	0	0	0.594182707006313
0	0	0	0	0	0	0	0	0	0	0	0	0	0	0	0	0	0	0	0	0	0	0	0	0	0	0	0	0	0	0	0	0	0	0	0	0	0	0	0	0	0	0	0	0	0	0	0	0	0	0	0	0	0	0	0	0.561017830437893	0	0	0	0	0.653409823794321	0	0	0	0.986240864746601	0	0	0	0	0.731707718887219	0.687662332484616	0	0	0	0	0	0	0	0	0	0.828437534334744	0	0	0	0	0	0	0.650530738688873	0.962400349401734
0	0	0	0	0	0	0	0	0	0	0	0	0	0	0	0	0	0	0	0	0	0	0	0	0	0	0	0	0	0	0	0	0	0	0	0	0	0	0	0	0	0	0	0	0	0	0.601681298354467	0	0	0	0	0	0.621758331646205	0	0.687555218630932	0.857769296638577	0	0	0	0	0	0	0	0	0.619713244823226	0	0	0	0	0	0	0	0	0	0	0	0	0	0	0	0.655608947238936	0	0.825827612121377	0	0.569494362634112	0.907441271566539	0.958179115718081	0	0	0
0	0	0	0	0	0	0	0	0	0	0	0	0	0	0	0	0	0	0	0	0	0	0	0	0	0	0	0	0	0	0	0	0	0	0	0	0	0	0	0	0	0	0	0	0	0	0	0	0	0	0	0	0	0	0.532592325997388	0	0	0	0	0.698914275743872	0	0	0	0.897990244751443	0	0	0	0	0	0	0.644239754366923	0	0	0	0.702940475952873	0	0.951713961468236	0	0	0	0	0	0	0	0	0	0	0	0	0
0	0	0	0	0	0	0	0	0	0	0	0	0	0	0	0	0	0	0	0	0	0	0	0	0	0	0	0	0	0	0	0	0	0	0	0	0	0	0	0	0	0	0	0	0	0	0	0	0	0	0	0	0	0	0	0	0	0	0	0	0.574000302699566	0	0	0.850894577560181	0	0	0	0	0.607903067630852	0	0	0	0.826013637001775	0.642394630289398	0	0	0	0	0	0.850968787343985	0	0.926608743307536	0	0	0.933052594325594	0.720923803442372	0	0	0	0
0	0	0	0	0	0	0	0	0	0	0	0	0	0	0	0	0	0	0	0	0	0	0	0	0	0	0	0	0	0	0	0	0	0	0	0	0	0	0	0	0	0	0	0	0	0	0	0	0	0	0	0.583244408345189	0	0	0	0	0	0.997121471744145	0	0	0.606229989065388	0.878505604081932	0.914630705908869	0	0	0	0	0	0	0	0	0	0.688658396452611	0	0	0	0	0	0	0	0.619499776503061	0	0	0	0	0	0	0	0	0
0	0	0	0	0	0	0	0	0	0	0	0	0	0	0	0	0	0	0	0	0	0	0	0	0	0	0	0	0	0	0	0	0	0	0	0	0	0	0	0	0	0	0	0	0	0	0	0	0	0	0.537648450282103	0	0	0	0	0	0	0	0.884519838239974	0.880734158723807	0	0	0	0	0	0	0	0	0	0	0.538257275976651	0.853483720112324	0	0	0	0.987173357487832	0	0	0	0	0	0	0	0	0	0	0	0.804546018794911	0	0
0	0	0	0	0	0	0	0	0	0	0	0	0	0	0	0	0	0	0	0	0	0	0	0	0	0	0	0	0	0	0	0	0	0	0	0	0	0	0	0	0	0	0	0	0	0	0	0	0	0	0.584485352731897	0	0	0.804347095686826	0	0.86324745486828	0	0	0	0.824384545956303	0	0	0	0.517320469529719	0	0	0	0	0	0	0	0	0	0	0	0	0	0	0	0.913031367259038	0	0	0	0	0	0.66971687979639	0	0	0	0
0	0	0	0	0	0	0	0	0	0	0	0	0	0	0	0	0	0	0	0	0	0	0	0	0	0	0	0	0	0	0	0	0	0	0	0	0	0	0	0	0	0	0	0	0	0	0	0	0	0	0	0	0	0	0	0	0	0	0	0.80379894108066	0	0	0	0	0	0	0	0	0	0	0	0	0	0	0.712860481489293	0	0	0	0.588406412656766	0	0	0	0	0	0	0.758759997564687	0.763027310824461	0	0	0
0	0	0	0	0	0	0	0	0	0	0	0	0	0	0	0	0	0	0	0	0	0	0	0	0	0	0	0	0	0	0	0	0	0	0	0	0	0	0	0	0	0	0	0	0	0	0	0	0	0	0	0	0	0	0	0	0	0.730861633890044	0.96188270658072	0	0	0.962477083893732	0	0	0	0	0	0	0	0	0	0	0	0	0.567569294930304	0	0	0	0	0.794257090892751	0	0	0	0	0	0	0	0	0	0
0	0	0	0	0	0	0	0	0	0	0	0	0	0	0	0	0	0	0	0	0	0	0	0	0	0	0	0	0	0	0	0	0	0	0	0	0	0	0	0	0	0	0	0	0	0	0	0	0.6447788021929	0	0	0	0	0	0	0	0.731248189117654	0	0	0	0	0	0	0	0	0.549373364491208	0	0	0	0	0	0	0	0	0	0	0	0.645836336228521	0	0	0	0	0	0	0	0	0	0	0	0
0	0	0	0	0	0	0	0	0	0	0	0	0	0	0	0	0	0	0	0	0	0	0	0	0	0	0	0	0	0	0	0	0	0	0	0	0	0	0	0	0	0	0	0	0	0	0	0.720884876237954	0	0	0	0	0	0	0.540890765249227	0.730880548952469	0	0	0	0	0	0	0	0	0.976601014377033	0	0	0.782713873509409	0	0	0	0	0	0	0	0	0	0	0	0	0.709023422268658	0	0	0	0	0	0	0.608827334618776	0	0.989771930812226
0	0	0	0	0	0	0	0	0	0	0	0	0	0	0	0	0	0	0	0	0	0	0	0	0	0	0	0	0	0	0	0	0	0	0	0	0	0	0	0	0	0	0	0	0	0	0.877703560739552	0	0	0	0	0	0	0	0.64460859800737	0	0	0	0	0	0	0	0	0	0	0	0	0	0	0	0	0	0	0.941250770340061	0	0.965907891837203	0	0	0	0	0	0.973838677565152	0	0	0	0	0	0	0	0
0	0	0	0	0	0	0	0	0	0	0	0	0	0	0	0	0	0	0	0	0	0	0	0	0	0	0	0	0	0	0	0	0	0	0	0	0	0	0	0	0	0	0	0	0	0	0	0	0	0	0	0	0	0	0	0	0	0	0	0	0	0	0	0	0	0.533495696959335	0	0	0	0.889904263197964	0	0.982466916042924	0	0	0	0	0	0	0	0.818757608113443	0	0	0	0	0	0	0	0	0	0.949999176808505
0	0	0	0	0	0	0	0	0	0	0	0	0	0	0	0	0	0	0	0	0	0	0	0	0	0	0	0	0	0	0	0	0	0	0	0	0	0	0	0	0	0	0	0	0	0.760947582280674	0	0	0	0	0.924161025497879	0	0	0	0	0	0	0	0.554001702247969	0	0	0	0	0	0	0	0	0	0	0	0.924367513669148	0	0	0	0	0	0	0.517360170320428	0	0	0	0	0	0	0	0	0.632214935553223	0	0	0
0	0	0	0	0	0	0	0	0	0	0	0	0	0	0	0	0	0	0	0	0	0	0	0	0	0	0	0	0	0	0	0	0	0	0	0	0	0	0	0	0	0	0	0	0	0	0	0	0	0	0	0.559461050942482	0	0	0.527906541754578	0	0	0	0	0	0	0	0	0	0	0	0	0.572077664699126	0	0	0.998681230690039	0.740430662018707	0	0	0	0	0	0.504501555055661	0	0	0	0	0	0	0	0	0	0	0	0
0	0	0	0	0	0	0	0	0	0	0	0	0	0	0	0	0	0	0	0	0	0	0	0	0	0	0	0	0	0	0	0	0	0	0	0	0	0	0	0	0	0	0	0	0	0	0	0	0	0	0	0	0	0	0	0.729902938122081	0	0.80813968686921	0	0	0.603638745445327	0	0	0	0	0	0	0	0.962207880749007	0.998166708161907	0	0	0	0	0	0	0	0	0	0	0	0	0	0.576630049363624	0.936136288060608	0	0	0	0	0
0	0	0	0	0	0	0	0	0	0	0	0	0	0	0	0	0	0	0	0	0	0	0	0	0	0	0	0	0	0	0	0	0	0	0	0	0	0	0	0	0	0	0	0	0	0	0	0	0	0	0	0	0	0	0	0.954241537851951	0	0	0	0	0.50098813497907	0	0	0	0	0	0	0.857156021229586	0	0.547099030012373	0	0	0	0.749753556736751	0	0	0	0	0	0	0	0.801367750879215	0	0	0	0	0	0	0	0
0	0	0	0	0	0	0	0	0	0	0	0	0	0	0	0	0	0	0	0	0	0	0	0	0	0	0	0	0	0	0	0	0	0	0	0	0	0	0	0	0	0	0	0	0	0	0	0	0	0	0	0	0	0	0	0	0	0	0.651630309642236	0.956024238003334	0	0	0	0	0	0	0	0	0	0	0	0	0	0.801184129181041	0.970976881449789	0	0	0.628562934980404	0	0.760673571305341	0	0	0	0.808656412237864	0	0	0.847247605693036	0	0.801997439705999	0
0	0	0	0	0	0	0	0	0	0	0	0	0	0	0	0	0	0	0	0	0	0	0	0	0	0	0	0	0	0	0	0	0	0	0	0	0	0	0	0	0	0	0	0	0	0	0	0	0	0.935274520738585	0	0	0	0	0	0	0	0	0.776229800057191	0	0	0	0	0	0	0	0.887807760777593	0	0	0	0	0.743170600312171	0.947604154130465	0	0	0	0	0	0	0	0	0	0	0	0	0	0	0	0	0
0	0	0	0	0	0	0	0	0	0	0	0	0	0	0	0	0	0	0	0	0	0	0	0	0	0	0	0	0	0	0	0	0	0	0	0	0	0	0	0	0	0	0	0	0	0	0	0.866277023639769	0.790328533756941	0	0	0	0	0	0	0	0	0.636405791051415	0	0	0	0	0.656660772830331	0.948382005349624	0	0	0	0	0	0	0	0	0.622652126772101	0	0	0.809125219837895	0	0.672710237222177	0	0	0	0	0	0	0	0	0	0	0	0
0	0	0	0	0	0	0	0	0	0	0	0	0	0	0	0	0	0	0	0	0	0	0	0	0	0	0	0	0	0	0	0	0	0	0	0	0	0	0	0	0	0	0	0	0	0	0	0	0	0	0	0	0	0	0	0	0	0	0	0	0.633477076475939	0	0	0	0	0	0.678858046794559	0	0	0	0	0	0	0	0.710477936479306	0	0.590249827456401	0	0.994835871188809	0	0	0	0	0	0	0	0	0	0	0.979018075264367
0	0	0	0	0	0	0	0	0	0	0	0	0	0	0	0	0	0	0	0	0	0	0	0	0	0	0	0	0	0	0	0	0	0	0	0	0	0	0	0	0	0	0	0	0	0	0	0	0	0	0	0	0	0	0	0	0	0.603112381022429	0	0	0	0	0	0	0	0	0	0	0	0	0	0	0	0	0	0.737003847042894	0	0.805782170029887	0	0	0	0	0	0	0	0.581986120389683	0	0	0	0
0	0	0	0	0	0	0	0	0	0	0	0	0	0	0	0	0	0	0	0	0	0	0	0	0	0	0	0	0	0	0	0	0	0	0	0	0	0	0	0	0	0	0	0	0	0	0	0	0	0	0	0	0.75151098354912	0	0	0	0	0	0	0	0	0	0	0	0.78104474516724	0	0	0	0.893783109902878	0.600095719839412	0	0	0.697389816943501	0	0.63900491925229	0	0.913676081151283	0	0.700352988207097	0	0	0	0	0	0	0	0	0	0	0
0	0	0	0	0	0	0	0	0	0	0	0	0	0	0	0	0	0	0	0	0	0	0	0	0	0	0	0	0	0	0	0	0	0	0	0	0	0	0	0	0	0	0	0	0	0	0.881912016256688	0	0	0	0	0	0	0	0	0	0	0	0	0	0	0	0.604787253808915	0	0	0	0	0	0	0	0	0	0	0	0	0.953160816494695	0	0.958599327260143	0	0	0.777484849379994	0	0	0.574512971810247	0	0	0	0	0	0
0	0	0	0	0	0	0	0	0	0	0	0	0	0	0	0	0	0	0	0	0	0	0	0	0	0	0	0	0	0	0	0	0	0	0	0	0	0	0	0	0	0	0	0	0	0	0	0	0	0.537872349549488	0	0	0	0	0	0	0	0	0.612261354728859	0	0	0.60319339789478	0	0.633415464582429	0	0	0	0.68816126994655	0	0	0	0	0.58833811803334	0	0	0	0	0	0	0	0	0	0.955394088133669	0	0	0	0	0	0	0
0	0	0	0	0	0	0	0	0	0	0	0	0	0	0	0	0	0	0	0	0	0	0	0	0	0	0	0	0	0	0	0	0	0	0	0	0	0	0	0	0	0	0	0	0	0	0	0	0.563158245435248	0.9411071982471	0	0	0	0	0	0	0.676541059724284	0	0	0.972305587807406	0	0	0	0	0	0.994896762296319	0	0	0	0	0	0	0	0	0	0	0	0	0.685428764302118	0	0	0	0	0	0	0	0	0	0.519483836653465	0
0	0	0	0	0	0	0	0	0	0	0	0	0	0	0	0	0	0	0	0	0	0	0	0	0	0	0	0	0	0	0	0	0	0	0	0	0	0	0	0	0	0	0	0	0	0	0	0	0	0	0	0	0	0	0.877594847957834	0.929292638108109	0	0	0.974077612237575	0	0	0	0	0	0	0	0.720315565943017	0	0	0	0	0.617406106098313	0	0	0	0	0	0	0	0	0	0	0	0	0.953651641575123	0	0	0	0	0
0	0	0	0	0	0	0	0	0	0	0	0	0	0	0	0	0	0	0	0	0	0	0	0	0	0	0	0	0	0	0	0	0	0	0	0	0	0	0	0	0	0	0	0	0	0	0	0	0	0	0	0	0	0	0.92555588218611	0	0.626192391174325	0	0	0	0	0	0	0	0	0	0	0	0	0	0	0	0	0	0	0	0	0	0	0.845961421776841	0	0	0	0	0.652329291879121	0	0	0	0	0
0	0	0	0	0	0	0	0	0	0	0	0	0	0	0	0	0	0	0	0	0	0	0	0	0	0	0	0	0	0	0	0	0	0	0	0	0	0	0	0	0	0	0	0	0	0	0	0	0	0	0	0	0	0	0	0	0	0	0	0	0	0	0	0	0	0	0	0	0	0	0.674018898920137	0	0.588225453417938	0	0	0	0	0	0.967747778892607	0	0	0	0	0	0	0	0	0	0.764989217436674	0.901717647714524
0	0	0	0	0	0	0	0	0	0	0	0	0	0	0	0	0	0	0	0	0	0	0	0	0	0	0	0	0	0	0	0	0	0	0	0	0	0	0	0	0	0	0	0	0	0	0	0	0	0	0	0.668323999756632	0	0	0	0	0.692096280814904	0	0.975969374219062	0	0	0	0	0	0	0	0	0	0	0	0.797362511149884	0	0	0	0	0	0	0	0	0	0	0.751669557346324	0.524472108703671	0	0	0	0	0.730771677289394	0	0
0	0	0	0	0	0	0	0	0	0	0	0	0	0	0	0	0	0	0	0	0	0	0	0	0	0	0	0	0	0	0	0	0	0	0	0	0	0	0	0	0	0	0	0	0	0	0	0	0	0	0	0	0	0	0	0	0.750441063384665	0	0.526403336971001	0	0	0.935838717171951	0.971010759779629	0	0	0	0	0	0	0	0	0	0	0	0	0	0.943849052494473	0	0	0	0	0	0	0	0	0	0	0	0	0
0	0	0	0	0	0	0	0	0	0	0	0	0	0	0	0	0	0	0	0	0	0	0	0	0	0	0	0	0	0	0	0	0	0	0	0	0	0	0	0	0	0	0	0	0	0	0	0.541101291125738	0	0	0	0	0	0	0	0	0.588242967139316	0	0	0	0	0	0.925208263192124	0	0	0	0	0	0.670410789366281	0	0	0	0.960031143488291	0	0	0	0	0	0	0	0	0	0	0	0	0	0	0	0	0.746026595239841
0	0	0	0	0	0	0	0	0	0	0	0	0	0	0	0	0	0	0	0	0	0	0	0	0	0	0	0	0	0	0	0	0	0	0	0	0	0	0	0	0	0	0	0	0	0	0	0	0.744322434299096	0.521646399927092	0	0	0.872203807138637	0	0	0	0	0	0	0	0.984590434946963	0	0	0	0	0.808920305732614	0	0	0	0	0	0	0	0	0	0	0	0	0	0	0	0	0	0	0.651918322964735	0	0	0	0	0
0	0	0	0	0	0	0	0	0	0	0	0	0	0	0	0	0	0	0	0	0	0	0	0	0	0	0	0	0	0	0	0	0	0	0	0	0	0	0	0	0	0	0	0	0	0	0	0.856205199365928	0	0	0	0	0	0	0	0.958335486236924	0	0	0	0	0	0	0	0	0	0	0	0	0	0	0	0	0.600366543722815	0	0	0	0	0	0	0	0.609589980225824	0	0	0.784571421513757	0	0	0	0	0	0.558912790885943
0	0	0	0	0	0	0	0	0	0	0	0	0	0	0	0	0	0	0	0	0	0	0	0	0	0	0	0	0	0	0	0	0	0	0	0	0	0	0	0	0	0	0	0	0	0	0	0	0	0	0	0	0	0.742661153978888	0.697532182830749	0.953079509361602	0	0	0	0	0	0	0	0	0	0.653679161657632	0	0.829558395780784	0	0	0	0	0	0	0	0.992489003164392	0	0	0	0	0	0	0	0.570283784148472	0	0	0.845895912387836	0	0.684390794851653	0
