0	0.889606147593366	0.849732896238194	0.640107320605418	0	0	0	0	0	0	0	0	0	0	0	0	0	0	0	0	0	0	0	0	0	0	0	0	0	0	0	0	0	0	0	0	0	0	0	0	0	0	0.594015193026063	0.796814333490732	0.690028492514384	0	0	0	0	0	0	0	0	0	0	0	0	0	0	0	0	0	0	0	0	0	0	0	0	0	0	0	0	0	0	0	0	0	0	0	0	0	0	0	0	0	0	0	0	0
0.822799542912087	0	0.544355824942013	0.770314232735773	0.698555239282321	0	0	0	0	0	0	0	0	0	0	0	0	0	0	0	0	0	0	0	0	0	0	0	0	0	0	0	0	0	0	0	0	0	0	0	0	0	0	0.821632327856033	0	0	0	0	0	0	0	0	0	0	0	0	0	0	0	0	0	0	0	0	0	0	0	0	0	0	0	0	0	0	0	0	0	0	0	0	0	0	0	0	0	0	0	0	0	0
0.900690197089405	0.590051872985689	0	0.532252765026748	0.648151376561803	0.686675096518462	0	0	0	0	0	0	0	0	0	0	0	0	0	0	0	0	0	0	0	0	0	0	0.671469965826476	0	0	0	0	0	0	0	0	0	0	0	0	0	0	0	0.808350199234306	0	0	0	0	0	0	0	0	0	0	0	0	0	0	0	0	0	0	0	0	0	0	0	0	0	0	0	0	0	0	0	0	0	0	0	0	0	0	0	0	0	0	0	0	0
0.975491016108227	0.6093775758755	0.896797250641739	0	0.859073646070624	0.548733913688869	0.694504942298081	0	0	0	0	0	0	0	0	0	0	0	0	0	0	0	0	0	0	0	0	0	0	0	0	0	0	0	0	0	0	0	0	0	0	0	0	0	0	0	0	0	0	0	0	0	0	0	0	0	0	0	0	0	0	0	0	0	0	0	0	0	0	0	0	0	0	0	0	0	0	0	0	0	0	0	0	0	0	0	0	0	0	0
0	0.922151692396668	0.747559269644076	0.670043816535326	0	0.545284595646561	0.730642538743416	0.53212741505459	0	0	0	0	0	0	0	0	0	0	0	0	0	0	0	0	0	0	0	0	0	0	0	0	0	0	0	0	0	0	0	0	0	0	0	0	0	0	0	0	0	0	0	0	0	0	0	0	0	0	0	0	0	0	0	0	0	0	0	0	0	0	0	0	0	0	0	0	0	0	0	0	0	0	0	0	0	0	0	0	0	0
0	0	0.812773208072979	0.945541768541134	0.759399024375572	0	0.966297687371324	0.636579350786996	0.659097018522768	0	0	0	0	0	0	0	0	0	0	0	0	0	0	0	0	0	0	0	0	0	0	0	0	0	0	0	0	0	0	0	0	0	0	0	0	0	0	0	0	0	0	0	0	0	0	0	0	0	0	0	0	0	0	0	0	0	0	0	0	0	0	0	0	0	0	0	0	0	0	0	0	0	0	0	0	0	0	0	0	0
0	0	0	0.878176529727473	0.843640463843106	0.940542518488494	0	0.843226017852544	0.588802256235984	0.710100824385417	0	0	0	0	0	0	0	0	0	0	0	0	0	0	0	0	0	0	0	0	0	0	0	0	0	0	0	0	0	0	0	0	0	0	0	0	0	0	0	0	0	0	0	0	0	0	0	0	0	0	0	0	0	0	0	0	0	0	0	0	0	0	0	0	0	0	0	0	0	0	0	0	0	0	0	0	0	0	0	0
0	0	0	0	0.747098916769775	0.946048277884709	0.874378778503834	0	0.775512491094503	0.945668043839563	0.575020468959095	0	0	0	0	0	0	0	0	0	0	0	0	0	0	0	0	0	0	0	0	0	0	0	0	0	0	0	0	0	0	0	0	0	0	0	0	0	0	0	0	0	0	0	0	0	0	0	0	0	0	0	0	0	0	0	0	0	0	0	0	0	0	0	0	0	0	0	0	0	0	0	0	0	0	0	0	0	0	0
0	0	0	0	0	0.583790052738513	0.901421496795613	0.949352855970758	0	0.999349895505242	0.925973697296966	0.736203660704994	0	0	0	0	0	0	0	0	0	0	0	0	0	0	0	0	0	0	0	0	0	0	0	0	0	0	0	0	0.519423400726677	0	0	0	0	0	0	0	0	0	0	0	0	0	0	0	0	0	0	0	0	0	0	0	0	0	0	0	0	0	0	0	0	0	0	0	0	0	0	0	0	0	0	0	0	0	0	0	0	0
0	0	0	0	0	0	0.984450683388641	0.895970328593413	0.771480741483999	0	0.742484454242378	0.761024759968304	0.801381820875543	0	0	0	0	0	0	0	0	0	0	0	0	0	0	0	0	0	0	0	0	0	0	0	0	0	0	0	0	0	0	0	0	0	0	0	0	0	0	0	0	0	0	0	0	0	0	0	0	0	0	0	0	0	0	0	0	0	0	0	0	0	0	0	0	0	0	0	0	0	0	0	0	0	0	0	0	0
0	0	0	0	0	0	0	0.9488439539705	0.861080563560776	0.609713823206932	0	0	0	0.772982718491741	0	0	0	0	0	0	0	0	0	0	0	0	0	0	0	0	0	0	0	0	0.921693627569536	0	0	0	0	0	0.924105308276479	0	0	0	0	0	0	0	0	0	0	0	0	0	0	0	0	0	0	0	0	0	0	0	0	0	0	0	0	0	0	0	0	0	0	0	0	0	0	0	0	0	0	0	0	0	0	0	0	0
0	0	0	0	0	0	0	0	0.570846746755523	0.572941389941286	0	0	0.729320090686812	0.694264083468536	0.524404007176658	0	0	0	0	0	0	0	0	0	0	0	0	0	0	0	0	0	0	0	0	0	0	0	0	0	0	0	0	0	0	0	0	0	0	0	0	0	0	0	0	0	0	0	0	0	0	0	0	0	0	0	0	0	0	0	0	0	0	0	0	0	0	0	0	0	0	0	0	0	0	0	0	0	0	0
0	0	0	0	0	0	0	0	0	0.94613474995587	0	0.943871073166816	0	0.647571997535749	0.734011732031424	0.535254933603708	0	0	0	0	0	0	0	0	0	0	0	0	0	0	0	0	0	0	0	0	0	0	0	0	0	0	0	0	0	0	0	0	0	0	0	0	0	0	0	0	0	0	0	0	0	0	0	0	0	0	0	0	0	0	0	0	0	0	0	0	0	0	0	0	0	0	0	0	0	0	0	0	0	0
0	0	0	0	0	0	0	0	0	0	0.726482246726704	0.983868937886453	0.798090223536948	0	0.561259679293146	0.892170346370588	0.903628888428148	0	0	0	0	0	0	0	0	0	0	0	0	0	0	0	0	0	0	0	0	0	0	0	0	0	0	0	0	0	0	0	0	0	0	0	0	0	0	0	0	0	0	0	0	0	0	0	0	0	0	0	0	0	0	0	0	0	0	0	0	0	0	0	0	0	0	0	0	0	0	0	0	0
0	0	0	0	0	0	0	0	0	0	0	0.905393244416258	0.785878226009279	0.507059246377851	0	0.654465438874066	0.686962467578887	0.632417806837624	0	0	0	0	0	0	0	0	0	0	0	0	0	0	0	0	0	0	0	0	0	0	0	0	0	0	0	0	0	0	0	0	0	0	0	0	0	0	0	0	0	0	0	0	0	0	0	0	0	0	0	0	0	0	0	0	0	0	0	0	0	0	0	0	0	0	0	0	0	0	0	0
0	0	0	0	0	0	0	0	0	0	0	0	0.750045537337972	0.674807999711035	0.822986605652866	0	0.864580675476494	0.781793211089512	0.61791093449919	0	0	0	0	0	0	0	0	0	0	0	0	0	0	0	0	0	0	0	0	0	0	0	0	0	0	0	0	0	0	0	0	0	0	0	0	0	0	0	0	0	0	0	0	0	0	0	0	0	0	0	0	0	0	0	0	0	0	0	0	0	0	0	0	0	0	0	0	0	0	0
0	0	0	0	0	0	0	0	0	0	0	0	0	0.934644622080293	0.776117476782867	0.672272678317246	0	0.585251909424249	0.66377220348237	0.985725014577229	0	0	0	0	0	0	0	0	0	0	0	0	0	0	0	0	0	0	0	0	0	0	0	0	0	0	0	0	0	0	0	0	0	0	0	0	0	0	0	0	0	0	0	0	0	0	0	0	0	0	0	0	0	0	0	0	0	0	0	0	0	0	0	0	0	0	0	0	0	0
0	0	0	0	0	0	0	0	0	0	0	0	0	0	0.728439473443488	0.998074380766029	0.877828302565356	0	0.819078215357247	0.824452185822468	0.932520776733038	0	0	0	0	0	0	0	0	0	0	0	0	0	0	0	0	0	0	0	0	0	0	0	0	0	0	0	0	0	0	0	0	0	0	0	0	0	0	0	0	0	0	0	0	0	0	0	0	0	0	0	0	0	0	0	0	0	0	0	0	0	0	0	0	0	0	0	0	0
0	0	0	0	0	0	0	0	0	0	0	0	0	0	0	0.963571879064149	0.656904630988255	0.85550016846161	0	0.873341949613972	0.585148378993127	0.826684692074158	0	0	0	0	0	0	0	0	0	0	0	0	0	0	0	0	0	0	0	0	0	0	0	0	0	0	0	0	0	0	0	0	0	0	0	0	0	0	0	0	0	0	0	0	0	0	0	0	0	0	0	0	0	0	0	0	0	0	0	0	0	0	0	0	0	0	0	0
0	0	0	0	0	0	0	0	0	0	0	0	0	0	0	0	0.534779495593332	0.500213198770474	0.580612119735204	0	0.63434372096093	0.784484025388156	0.624531691563365	0	0	0	0	0	0	0	0	0	0	0	0	0	0	0	0	0	0	0	0	0	0	0	0	0	0	0	0	0	0	0	0	0	0	0	0	0	0	0	0	0	0	0	0	0	0	0	0	0	0	0	0	0	0	0	0	0	0	0	0	0	0	0	0	0	0	0
0	0	0	0	0	0	0	0	0	0	0	0	0	0	0	0	0	0.959549531420635	0.95223682711447	0.609399251969526	0	0.999025509977468	0.512135705661547	0.877571984040896	0	0	0	0	0	0	0	0	0	0	0	0	0	0	0	0	0	0	0	0	0	0	0	0	0	0	0	0	0	0	0	0	0	0	0	0	0	0	0	0	0	0	0	0	0	0	0	0	0	0	0	0	0	0	0	0	0	0	0	0	0	0	0	0	0	0
0	0	0	0	0	0	0	0	0	0	0	0	0	0	0	0	0	0	0.706006226825525	0.728978514882034	0.873865733456304	0	0.894313360783566	0.942255285297939	0.858504232439344	0	0	0	0	0	0	0	0	0	0	0	0	0	0	0	0	0	0	0	0	0	0	0	0	0	0	0	0	0	0	0	0	0	0	0	0	0	0	0	0	0	0	0	0	0	0	0	0	0	0	0	0	0	0	0	0	0	0	0	0	0	0	0	0	0
0	0	0	0	0	0	0	0	0	0	0	0	0	0	0	0	0	0	0	0.952639314793288	0.530762572764557	0.791224671729561	0	0.799435255860562	0.581046290245366	0.501638883959444	0	0	0	0	0	0	0	0	0	0	0	0	0	0	0	0	0	0	0	0	0	0	0	0	0	0	0	0	0	0	0	0	0	0	0	0	0	0	0	0	0	0	0	0	0	0	0	0	0	0	0	0	0	0	0	0	0	0	0	0	0	0	0	0
0	0	0	0	0	0	0	0	0	0	0	0	0	0	0	0	0	0	0	0	0.932923317614719	0.640660680106473	0.898396907816983	0	0.569018475880371	0.816847284072649	0.632315647281831	0	0	0	0	0	0	0	0	0	0	0	0	0	0	0	0	0	0	0	0	0	0	0	0	0	0	0	0	0	0	0	0	0	0	0	0	0	0	0	0	0	0	0	0	0	0	0	0	0	0	0	0	0	0	0	0	0	0	0	0	0	0	0
0	0	0	0	0	0	0	0	0	0	0	0	0	0	0	0	0	0	0	0	0	0.506657793413589	0.673094537614558	0.601896636405797	0	0.637102394515299	0.801896638515557	0.845043741973162	0	0	0	0	0	0	0	0	0	0	0	0	0	0	0	0	0	0	0	0	0	0	0	0	0	0	0	0	0	0	0	0	0	0	0	0	0	0	0	0	0	0	0	0	0	0	0	0	0	0	0	0	0	0	0	0	0	0	0	0	0	0
0	0	0	0	0	0	0	0	0	0	0	0	0	0	0	0	0	0	0	0	0	0	0.774682407434789	0.782454770939985	0.524807730874228	0	0.97790846593526	0.861202363109707	0.998439001442349	0	0	0	0	0	0	0	0	0	0	0	0	0	0	0	0	0	0	0	0	0	0	0	0	0	0	0	0	0	0	0	0	0	0	0	0	0	0	0	0	0	0	0	0	0	0	0	0	0	0	0	0	0	0	0	0	0	0	0	0	0
0	0	0	0	0	0	0	0	0	0	0	0	0	0	0	0	0	0	0	0	0	0	0	0.776469656704158	0.704720172142978	0.996846410360546	0	0.686229795158667	0.926325026096986	0.858739271794325	0	0	0	0	0	0	0	0	0	0	0	0	0	0	0	0	0	0	0	0	0	0	0	0	0	0	0	0	0	0	0	0	0	0	0	0	0	0	0	0	0	0	0	0	0	0	0	0	0	0	0	0	0	0	0	0	0	0	0	0
0	0	0	0	0	0	0	0	0	0	0	0	0	0	0	0	0	0	0	0	0	0	0	0	0.797082769180552	0.592519211582853	0.986953875806978	0	0.997183403621292	0.740678091666513	0.71648559618525	0	0	0	0	0	0	0	0	0	0	0	0	0	0	0	0	0	0	0	0	0	0	0	0	0	0	0	0	0	0	0	0	0	0	0	0	0	0	0	0	0	0	0	0	0	0	0	0	0	0	0	0	0	0	0	0	0	0	0
0	0	0.848391722905551	0	0	0	0	0	0	0	0	0	0	0	0	0	0	0	0	0	0	0	0	0	0	0.982240000605138	0.995010173681808	0.605275531988885	0	0.853923864175421	0	0.518019595853592	0	0	0	0	0	0	0	0	0	0	0	0	0	0	0	0	0	0	0	0	0	0	0	0	0	0	0	0	0	0	0	0	0	0	0	0	0	0	0	0	0	0	0	0	0	0	0	0	0	0	0	0	0	0	0	0	0	0
0	0	0	0	0	0	0	0	0	0	0	0	0	0	0	0	0	0	0	0	0	0	0	0	0	0	0.87210197891002	0.816657912729736	0.684087997092865	0	0.668759992540463	0.625317208030501	0.722349648532151	0	0	0	0	0	0	0	0	0	0	0	0	0	0	0	0	0	0	0	0	0	0	0	0	0	0	0	0	0	0	0	0	0	0	0	0	0	0	0	0	0	0	0	0	0	0	0	0	0	0	0	0	0	0	0	0	0
0	0	0	0	0	0	0	0	0	0	0	0	0	0	0	0	0	0	0	0	0	0	0	0	0	0	0	0.71024853732457	0	0.643898985369163	0	0.918449423823348	0.671029116980128	0.994726602134657	0	0	0	0	0	0	0	0	0	0	0	0	0	0	0	0	0	0	0	0	0	0	0	0	0	0	0	0	0	0	0	0	0	0	0	0	0	0	0	0	0	0	0	0	0	0	0	0	0	0	0	0	0	0	0	0
0	0	0	0	0	0	0	0	0	0	0	0	0	0	0	0	0	0	0	0	0	0	0	0	0	0	0	0	0.997886325812381	0.60276072993201	0.797166208915067	0	0.735030814806477	0.537755571352586	0.837387712783064	0	0	0	0	0	0	0	0	0	0	0	0	0	0	0	0	0	0	0	0	0	0	0	0	0	0	0	0	0	0	0	0	0	0	0	0	0	0	0	0	0	0	0	0	0	0	0	0	0	0	0	0	0	0	0
0	0	0	0	0	0	0	0	0	0	0	0	0	0	0	0	0	0	0	0	0	0	0	0	0	0	0	0	0	0.773159090091757	0.851783204887266	0.72966076815075	0	0.980196898598592	0.760047040020482	0.82562874276295	0	0	0	0	0	0	0	0	0	0	0	0	0	0	0	0	0	0	0	0	0	0	0	0	0	0	0	0	0	0	0	0	0	0	0	0	0	0	0	0	0	0	0	0	0	0	0	0	0	0	0	0	0	0
0	0	0	0	0	0	0	0	0	0	0	0	0	0	0	0	0	0	0	0	0	0	0	0	0	0	0	0	0	0	0.778079215498462	0.618854177342588	0.812409387885765	0	0.868855321583963	0.934359529899732	0.691039645546507	0	0	0	0	0	0	0	0.928135546075915	0	0	0	0	0	0	0	0	0	0	0	0	0	0	0	0	0	0	0	0	0	0	0	0	0	0	0	0	0	0	0	0	0	0	0	0	0	0	0	0	0	0	0	0	0
0	0	0	0	0	0	0	0	0	0	0.676868838505916	0	0	0	0	0	0	0	0	0	0	0	0	0	0	0	0	0	0	0	0	0.662478281505321	0.665508029601322	0.930192959463894	0	0.538179494357043	0.637763336661063	0.84325772969733	0	0	0	0	0	0	0	0	0	0	0	0	0	0	0	0	0	0	0	0	0	0	0	0	0	0	0	0	0	0	0	0	0	0	0	0	0	0	0	0	0	0	0	0	0	0	0	0	0	0	0	0
0	0	0	0	0	0	0	0	0	0	0	0	0	0	0	0	0	0	0	0	0	0	0	0	0	0	0	0	0	0	0	0	0.510914646860369	0.657641357629622	0.640883065073717	0	0.893224433713445	0.638574724407213	0.633024663040735	0	0	0	0	0	0	0	0	0	0	0	0	0	0	0	0	0	0	0	0	0	0	0	0	0	0	0	0	0	0	0	0	0	0	0	0	0	0	0	0	0	0	0	0	0	0	0	0	0	0	0
0	0	0	0	0	0	0	0	0	0	0	0	0	0	0	0	0	0	0	0	0	0	0	0	0	0	0	0	0	0	0	0	0	0.643763765829394	0.603559397697596	0.986408109175454	0	0.858577343035736	0.598803971604934	0.718143119885873	0	0	0	0	0	0	0	0	0	0	0	0	0	0	0	0	0	0	0	0	0	0	0	0	0	0	0	0	0	0	0	0	0	0	0	0	0	0	0	0	0	0	0	0	0	0	0	0	0	0
0	0	0	0	0	0	0	0	0	0	0	0	0	0	0	0	0	0	0	0	0	0	0	0	0	0	0	0	0	0	0	0	0	0	0.552728017357408	0.545461286435714	0.682657823046003	0	0.54866092179114	0.832398640556863	0.667180336487225	0	0	0	0	0	0	0	0	0	0	0	0	0	0	0	0	0	0	0	0	0	0	0	0	0	0	0	0	0	0	0	0	0	0	0	0	0	0	0	0	0	0	0	0	0	0	0	0	0
0	0	0	0	0	0	0	0	0	0	0	0	0	0	0	0	0	0	0	0	0	0	0	0	0	0	0	0	0	0	0	0	0	0	0	0.845500536689586	0.977979826215315	0.835286514869902	0	0.984187761099588	0.544320946425463	0.539192563884043	0	0	0	0	0	0	0	0	0	0	0	0	0	0	0	0	0	0	0	0	0	0	0	0	0	0	0	0	0	0	0	0	0	0	0	0	0	0	0	0	0	0	0	0	0	0	0	0
0	0	0	0	0	0	0	0	0	0	0	0	0	0	0	0	0	0	0	0	0	0	0	0	0	0	0	0	0	0	0	0	0	0	0	0	0.551968721864776	0.713255408045307	0.620143307607635	0	0.573514171829545	0.529066007730063	0.520324604553018	0	0	0	0	0	0	0	0	0	0	0	0	0	0	0	0	0	0	0	0	0	0	0	0	0	0	0	0	0	0	0	0	0	0	0	0	0	0	0	0	0	0	0	0	0	0	0
0	0	0	0	0	0	0	0	0.512643682361661	0	0.984127848185453	0	0	0	0	0	0	0	0	0	0	0	0	0	0	0	0	0	0	0	0	0	0	0	0	0	0	0.699380854517011	0.935242931069519	0.571471232329196	0	0.692673543054639	0.571420517212833	0	0	0	0	0	0	0	0	0	0	0	0	0	0	0	0	0	0	0	0	0	0	0	0	0	0	0	0	0	0	0	0	0	0	0	0	0	0	0	0	0	0	0	0	0	0	0
0	0	0	0	0	0	0	0	0	0	0	0	0	0	0	0	0	0	0	0	0	0	0	0	0	0	0	0	0	0	0	0	0	0	0	0	0	0	0.539821302394568	0.527143363307715	0.787355932409461	0	0.606433523065787	0.697388615417722	0.730553426546855	0	0	0	0	0	0	0	0	0	0	0	0	0	0	0	0	0	0	0	0	0	0	0	0	0	0	0	0	0	0	0	0	0	0	0	0	0	0	0	0	0	0	0	0	0
0.972691367111276	0	0	0	0	0	0	0	0	0	0	0	0	0	0	0	0	0	0	0	0	0	0	0	0	0	0	0	0	0	0	0	0	0	0	0	0	0	0	0.569979928342801	0.577350281133689	0.611190675735759	0	0.780866655969834	0.693565844595933	0	0	0	0	0	0	0	0	0	0	0	0	0	0	0	0	0	0	0	0	0	0	0	0	0	0	0	0	0	0	0	0	0	0	0	0	0	0	0	0	0	0	0	0	0
0.863789059687491	0.939657888058772	0	0	0	0	0	0	0	0	0	0	0	0	0	0	0	0	0	0	0	0	0	0	0	0	0	0	0	0	0	0	0	0	0	0	0	0	0	0	0	0.526676192294675	0.920184872058639	0	0.615542994107484	0	0	0	0	0	0	0	0	0	0	0	0	0	0	0	0	0	0	0	0	0	0	0	0	0	0	0	0	0	0	0	0	0	0	0	0	0	0	0	0	0	0	0	0	0
0.834786718176534	0	0.563605943578453	0	0	0	0	0	0	0	0	0	0	0	0	0	0	0	0	0	0	0	0	0	0	0	0	0	0	0	0	0	0	0.944960142823342	0	0	0	0	0	0	0	0.676210574221829	0.843834741029521	0.85147992939456	0	0	0	0	0	0	0	0	0	0	0	0	0	0	0	0	0	0	0	0	0	0	0	0	0	0	0	0	0	0	0	0	0	0	0	0	0	0	0	0	0	0	0	0	0	0
0	0	0	0	0	0	0	0	0	0	0	0	0	0	0	0	0	0	0	0	0	0	0	0	0	0	0	0	0	0	0	0	0	0	0	0	0	0	0	0	0	0	0	0	0	0	0	0.730489957456064	0.606632656094838	0	0	0.862953714430957	0	0	0	0	0	0	0	0	0.767432201465533	0.693349713127979	0	0	0	0	0.807579253143614	0	0	0	0	0	0.957386794023897	0	0	0	0	0.997850379179161	0	0.858621675554462	0.504955515190789	0.544349370355323	0	0	0	0	0.809215627366849	0.507033558268501	0.961281935854138	0.73848598731784
0	0	0	0	0	0	0	0	0	0	0	0	0	0	0	0	0	0	0	0	0	0	0	0	0	0	0	0	0	0	0	0	0	0	0	0	0	0	0	0	0	0	0	0	0	0	0	0.744366503401451	0	0.710008824310297	0	0	0	0	0.755769095213551	0	0	0.699558675544514	0	0	0	0	0.615446601569886	0.968600252755905	0	0	0	0	0.609052596957257	0	0	0	0.644701337306312	0	0	0.794147582012829	0.769863189889879	0	0	0	0.678357679161058	0	0.887909281249396	0.899187061270876	0.922473840091001	0	0	0	0	0
0	0	0	0	0	0	0	0	0	0	0	0	0	0	0	0	0	0	0	0	0	0	0	0	0	0	0	0	0	0	0	0	0	0	0	0	0	0	0	0	0	0	0	0	0	0.735246378795493	0.525331742159205	0	0.637133866703438	0	0	0	0.546644867742919	0	0	0.78378565553816	0	0.696067659661152	0.633371030304347	0	0.614724469742614	0	0	0	0	0.916243619575189	0	0.701719123623674	0	0	0	0	0	0	0	0	0	0	0.881707486074466	0	0	0	0	0.90226364446055	0.562762190871228	0	0	0	0	0
0	0	0	0	0	0	0	0	0	0	0	0	0	0	0	0	0	0	0	0	0	0	0	0	0	0	0	0	0	0	0	0	0	0	0	0	0	0	0	0	0	0	0	0	0	0.842469364244976	0	0.665096791117068	0	0	0	0	0.565063905635734	0.576196394590825	0	0.866511725730522	0	0	0	0	0.669528963079012	0	0	0	0.79702757646275	0	0	0.55786381568793	0	0.990335717140267	0	0	0.589915595624064	0	0	0	0	0.569354380053201	0	0	0	0.94778033096518	0	0	0	0	0	0	0.917818917577366	0.705809929445279
0	0	0	0	0	0	0	0	0	0	0	0	0	0	0	0	0	0	0	0	0	0	0	0	0	0	0	0	0	0	0	0	0	0	0	0	0	0	0	0	0	0	0	0	0	0	0.591218073144145	0	0	0	0	0	0.632849136517925	0	0.766420724782644	0	0	0	0.640179643667713	0	0	0	0	0	0	0	0	0.970231122869293	0	0	0.699514994110015	0	0	0	0.503400130939846	0.538279772172725	0.999484904486247	0.677523178428918	0.850477573878688	0	0	0	0.605581310808956	0	0	0	0	0.962845313884687	0	0
0	0	0	0	0	0	0	0	0	0	0	0	0	0	0	0	0	0	0	0	0	0	0	0	0	0	0	0	0	0	0	0	0	0	0	0	0	0	0	0	0	0	0	0	0	0	0	0	0	0	0	0	0	0	0	0	0.75228980142249	0	0	0	0	0.616785460130259	0.955906744940829	0.742865712193173	0.566186726891991	0	0	0.675840072386674	0	0	0	0	0	0	0.585486647232335	0.706967389824212	0	0	0	0	0.559793953966286	0	0	0	0	0	0	0.975524903118472	0	0
0	0	0	0	0	0	0	0	0	0	0	0	0	0	0	0	0	0	0	0	0	0	0	0	0	0	0	0	0	0	0	0	0	0	0	0	0	0	0	0	0	0	0	0	0	0.593335079263088	0	0	0	0	0	0	0.751838407159636	0.936599668690412	0	0.625473506959409	0	0.788650672153438	0	0.775997252720392	0	0.872133408063016	0	0	0	0.666011790316245	0	0	0.853792762636386	0	0	0	0	0	0	0	0	0	0.79302343637159	0.811049576228208	0.811831095332255	0	0.742364247516556	0.998340489385638	0	0	0.737147471101627	0.830141965776163	0.851785438014475	0
0	0	0	0	0	0	0	0	0	0	0	0	0	0	0	0	0	0	0	0	0	0	0	0	0	0	0	0	0	0	0	0	0	0	0	0	0	0	0	0	0	0	0	0	0	0	0	0.516395427624823	0.990911268376332	0.508836754807549	0	0.562974062389798	0	0	0.600514149975611	0	0.703292322993128	0	0	0.929990186116972	0	0	0	0	0	0.657982261810117	0.629954863236728	0.503326013340913	0.852755493674474	0	0	0	0	0.573299089639341	0.58925595908579	0	0.688150110467753	0	0	0.735921142443111	0	0	0	0	0	0.787320909519174	0.751966661196648	0	0	0.984541342492781
0	0	0	0	0	0	0	0	0	0	0	0	0	0	0	0	0	0	0	0	0	0	0	0	0	0	0	0	0	0	0	0	0	0	0	0	0	0	0	0	0	0	0	0	0	0	0	0	0.577886017536858	0	0	0.743173082009217	0	0	0	0.887916790683667	0	0.614245671289803	0.826364308633799	0.701046802032596	0	0.577026447760408	0	0.891351749947337	0	0	0	0	0	0	0.742082158664566	0	0	0	0	0	0.880097508770511	0.831662247612645	0	0	0	0	0	0	0	0	0	0	0.940418751679751	0
0	0	0	0	0	0	0	0	0	0	0	0	0	0	0	0	0	0	0	0	0	0	0	0	0	0	0	0	0	0	0	0	0	0	0	0	0	0	0	0	0	0	0	0	0	0	0.949416993516999	0	0	0.675081460089785	0	0	0.66868557125599	0	0	0	0	0.636198595892396	0	0.631272659142059	0	0.675201301043747	0	0.577453534863691	0	0	0	0	0	0.830205164096395	0	0	0	0.784614608120281	0.546318039048741	0	0	0.588359766030943	0	0	0.818777388639895	0	0.822571711889063	0	0	0.91288099872632	0	0	0	0
0	0	0	0	0	0	0	0	0	0	0	0	0	0	0	0	0	0	0	0	0	0	0	0	0	0	0	0	0	0	0	0	0	0	0	0	0	0	0	0	0	0	0	0	0	0	0	0.895389325640323	0.78753337249221	0	0	0.821327803033328	0	0.581744898717137	0	0	0	0.722942926012138	0.587876809543277	0.804648244978039	0	0	0.913984441626561	0	0	0.531464496875642	0	0	0	0.739591071621158	0	0.886327390746072	0	0.669152195781356	0	0	0	0.630779006529601	0.644760231295926	0.535373355472329	0	0	0	0	0	0	0.776525835975894	0	0	0
0	0	0	0	0	0	0	0	0	0	0	0	0	0	0	0	0	0	0	0	0	0	0	0	0	0	0	0	0	0	0	0	0	0	0	0	0	0	0	0	0	0	0	0	0	0	0	0	0	0	0.879405280826699	0	0.938932497904815	0	0	0	0	0	0	0.93856919661138	0	0	0	0	0	0.641535250864696	0	0	0.750017095991313	0.936923117202271	0	0.711409444600609	0	0.616580806699705	0.678542591608914	0	0	0.79372073388005	0	0.765427219526521	0	0	0.939693345811565	0	0	0	0.501757172698509	0.63207141172978	0	0
0	0	0	0	0	0	0	0	0	0	0	0	0	0	0	0	0	0	0	0	0	0	0	0	0	0	0	0	0	0	0	0	0	0	0	0	0	0	0	0	0	0	0	0	0	0	0.528727092311752	0.788042480968123	0	0	0	0.647932039312915	0	0.878785727662676	0.826020607765532	0.783488298892397	0	0	0.577118899007603	0	0	0	0.70044684285327	0	0	0.723886717060318	0	0	0	0	0	0	0.723492032941479	0	0	0.972395738062974	0.969645371843399	0.834061261047415	0	0	0	0	0	0.746174694500133	0	0	0.715630180665771	0	0	0
0	0	0	0	0	0	0	0	0	0	0	0	0	0	0	0	0	0	0	0	0	0	0	0	0	0	0	0	0	0	0	0	0	0	0	0	0	0	0	0	0	0	0	0	0	0	0	0.89759893316642	0	0.997607334003887	0	0	0	0.736456534476533	0	0.822997820504498	0	0.75601941589539	0	0	0	0	0	0	0.63197652378178	0.714542643780568	0	0.588838180994106	0	0.689926250351344	0.921737173042045	0	0.760819234518528	0	0	0	0	0	0	0.824953673902302	0	0.962445133322196	0	0.663734587261828	0	0	0	0	0	0
0	0	0	0	0	0	0	0	0	0	0	0	0	0	0	0	0	0	0	0	0	0	0	0	0	0	0	0	0	0	0	0	0	0	0	0	0	0	0	0	0	0	0	0	0	0	0	0	0	0	0	0.603971047971197	0.96567478529937	0.508506876292654	0.924949690254183	0.661488731927566	0.855925087936374	0	0	0	0.925424555346405	0.946743220673251	0	0.6761675515346	0	0.761526018858936	0	0	0	0	0	0	0	0	0	0	0.970505461825998	0	0.733621639492476	0	0.643647092151798	0	0	0	0.580652015278986	0	0.507639590040939	0.569400117518036	0	0
0	0	0	0	0	0	0	0	0	0	0	0	0	0	0	0	0	0	0	0	0	0	0	0	0	0	0	0	0	0	0	0	0	0	0	0	0	0	0	0	0	0	0	0	0	0.809092488398673	0	0.505079507605416	0.67007797257329	0	0	0	0	0	0	0	0	0	0	0.969604256185521	0	0	0	0	0	0.518491057567373	0	0.835925748970383	0.996482188180972	0	0.853456391387603	0	0.793391369567481	0	0.770413358849966	0.925261938038358	0	0	0	0.887629301532203	0.662386170216409	0	0	0.784026180510608	0	0	0	0	0	0
0	0	0	0	0	0	0	0	0	0	0	0	0	0	0	0	0	0	0	0	0	0	0	0	0	0	0	0	0	0	0	0	0	0	0	0	0	0	0	0	0	0	0	0	0	0.830125015321129	0	0	0	0	0.758589834204734	0.886743624936871	0	0.611451092141366	0.890685260586424	0	0	0	0	0.865046940015673	0	0	0	0	0	0.90029652914916	0	0.988836593707074	0.978488665389749	0	0.862838293237132	0	0	0	0	0.646464633843213	0	0.817226116661331	0.635072725965143	0.562603865386199	0	0	0	0	0	0	0	0	0	0
0	0	0	0	0	0	0	0	0	0	0	0	0	0	0	0	0	0	0	0	0	0	0	0	0	0	0	0	0	0	0	0	0	0	0	0	0	0	0	0	0	0	0	0	0	0	0.668036049320711	0	0	0	0.870518480447611	0	0	0	0	0.940946079632941	0	0.811653236402788	0	0	0	0	0	0	0.960631115913951	0	0	0	0	0	0	0	0	0	0	0.514384430896686	0	0	0	0	0.779295527671908	0	0	0.775939408579519	0.646981986313829	0	0	0.962620412951299	0	0
0	0	0	0	0	0	0	0	0	0	0	0	0	0	0	0	0	0	0	0	0	0	0	0	0	0	0	0	0	0	0	0	0	0	0	0	0	0	0	0	0	0	0	0	0	0	0.785532871377393	0	0	0	0.547433928391304	0	0	0.857553165960911	0.973222653489131	0	0	0	0	0.710454945405487	0	0	0	0	0	0.754011217490557	0.674591521572381	0	0.891037123977977	0	0	0	0	0	0	0.624417094947422	0	0	0	0	0.964594846474997	0.639461022477895	0	0.796874682446196	0	0	0	0	0.695638515963421	0.565796607916363
0	0	0	0	0	0	0	0	0	0	0	0	0	0	0	0	0	0	0	0	0	0	0	0	0	0	0	0	0	0	0	0	0	0	0	0	0	0	0	0	0	0	0	0	0	0	0	0	0.703034015183472	0	0.643125855686813	0	0	0	0	0	0	0	0.653025922114433	0	0	0	0.667616088968205	0	0	0	0	0.82891147311899	0.561237971497999	0	0.815620354354012	0	0	0	0	0	0	0.624863680469756	0.657120032386692	0.647797625464876	0	0	0	0	0.917604459021255	0	0	0	0	0.743493219380237
0	0	0	0	0	0	0	0	0	0	0	0	0	0	0	0	0	0	0	0	0	0	0	0	0	0	0	0	0	0	0	0	0	0	0	0	0	0	0	0	0	0	0	0	0	0	0	0.939074372872317	0	0	0	0.897156592410916	0.727897513510511	0	0	0.964652216925409	0.891071363542916	0.781612793829295	0.816775816923719	0.570030461724036	0.927489473697053	0.787697649465326	0	0.625452500724715	0	0	0	0	0	0	0	0.904593336197504	0.636489920912095	0	0.696351927323774	0	0	0	0	0	0	0	0	0.784906346051941	0.930524089671909	0	0	0	0	0
0	0	0	0	0	0	0	0	0	0	0	0	0	0	0	0	0	0	0	0	0	0	0	0	0	0	0	0	0	0	0	0	0	0	0	0	0	0	0	0	0	0	0	0	0	0.607775746331298	0	0	0	0	0	0	0.714351713895139	0	0	0	0	0	0	0	0	0	0	0.532769898272663	0	0	0	0	0.952715508744101	0	0.899657103507839	0	0	0.581451082936098	0.762645921050653	0	0.818518324786752	0	0	0.609635197344762	0	0	0	0	0.593934156061649	0	0.706654860734264	0.893873742075898	0	0.709833058735661
0	0	0	0	0	0	0	0	0	0	0	0	0	0	0	0	0	0	0	0	0	0	0	0	0	0	0	0	0	0	0	0	0	0	0	0	0	0	0	0	0	0	0	0	0	0	0	0.798493297840814	0.850543879377038	0.575128302545197	0.514986347892676	0	0.97844583517248	0	0	0	0	0	0.763999194157051	0	0.543647595354272	0.555579094128383	0	0	0.58269697548383	0	0	0	0	0.563979371716601	0	0	0.756413220951621	0.89560804412002	0	0	0	0	0.937230058760036	0	0	0	0.606853643799141	0	0.522891689951812	0	0.834527861154311	0.618457300919933	0	0
0	0	0	0	0	0	0	0	0	0	0	0	0	0	0	0	0	0	0	0	0	0	0	0	0	0	0	0	0	0	0	0	0	0	0	0	0	0	0	0	0	0	0	0	0	0	0.708156961198676	0	0	0	0	0.982710041342805	0.993292336549802	0	0	0	0.609784269415253	0	0	0	0.763287829262342	0.760274068385312	0	0.811664028909037	0.514079238761876	0	0.733831284464113	0	0	0	0	0.673146153646999	0	0	0	0.639061102609515	0	0	0	0.972371656765559	0	0	0	0	0	0	0	0	0	0
0	0	0	0	0	0	0	0	0	0	0	0	0	0	0	0	0	0	0	0	0	0	0	0	0	0	0	0	0	0	0	0	0	0	0	0	0	0	0	0	0	0	0	0	0	0	0	0	0.994483723099037	0	0	0	0	0	0.541297889115882	0.867471157595044	0.722142931126642	0	0.550297516519787	0	0	0	0	0	0	0	0	0.841923739160911	0	0	0	0.944145662411906	0.920197991215352	0	0	0.857203647622686	0.9979199381509	0	0	0	0	0	0	0	0.733206029440042	0	0	0	0	0
0	0	0	0	0	0	0	0	0	0	0	0	0	0	0	0	0	0	0	0	0	0	0	0	0	0	0	0	0	0	0	0	0	0	0	0	0	0	0	0	0	0	0	0	0	0	0	0	0	0.850837618014301	0	0	0	0.66676232408617	0	0	0	0	0.767408967824735	0	0.693660278905351	0.566952852953627	0	0	0.990994320313908	0	0.968332132818446	0	0	0	0	0.672324643732759	0	0	0.875423053610258	0	0.639052931934549	0.527760243581194	0	0	0	0	0	0.5113873109266	0.980464219355892	0	0	0.574993659778605	0	0
0	0	0	0	0	0	0	0	0	0	0	0	0	0	0	0	0	0	0	0	0	0	0	0	0	0	0	0	0	0	0	0	0	0	0	0	0	0	0	0	0	0	0	0	0	0	0	0	0	0	0	0	0	0	0	0.631651308062383	0.580993911997158	0	0	0	0	0	0	0	0	0.585438998234187	0	0	0.593508497319856	0.592858537897551	0.757943331096997	0	0.62425383182825	0.734240173118	0	0.670325237594206	0	0	0	0	0	0.803653068828869	0	0	0	0	0	0.816161198394032	0.878155156103737	0
0	0	0	0	0	0	0	0	0	0	0	0	0	0	0	0	0	0	0	0	0	0	0	0	0	0	0	0	0	0	0	0	0	0	0	0	0	0	0	0	0	0	0	0	0	0.709162694341842	0.748119568501185	0	0.708212267338757	0	0	0	0	0	0	0	0	0.896880101061469	0.590259585509262	0	0.766958614154237	0	0	0	0	0.547564696531609	0	0.675023599673267	0	0.56390039866157	0	0.540114880206213	0	0.91876332593656	0	0	0.852332771196478	0.658871451196145	0.719598552408312	0.966486209360108	0	0.892957699026287	0	0	0	0	0	0.806705938351514	0.870178431273588	0
0	0	0	0	0	0	0	0	0	0	0	0	0	0	0	0	0	0	0	0	0	0	0	0	0	0	0	0	0	0	0	0	0	0	0	0	0	0	0	0	0	0	0	0	0	0	0	0	0	0	0	0	0.561728379523365	0	0.726407170967088	0.698722075188389	0.709741384450295	0	0	0	0	0	0	0	0	0	0.605568834758353	0.913036634821927	0	0	0	0.820455355119737	0.760189394656637	0	0	0	0	0.846829155628849	0.649635267909545	0	0.713520755434703	0.565745379424532	0	0.921687058059161	0	0	0.796292526929499	0	0	0
0	0	0	0	0	0	0	0	0	0	0	0	0	0	0	0	0	0	0	0	0	0	0	0	0	0	0	0	0	0	0	0	0	0	0	0	0	0	0	0	0	0	0	0	0	0	0	0	0	0.956303176140026	0.929922229546957	0	0.556475051934604	0	0.978702029253573	0	0.946649157925891	0	0	0	0.705049957924792	0	0	0	0	0.593828371287138	0.93950290241159	0	0	0	0.6875952399348	0	0	0	0	0	0	0.933649354536006	0.522640713527831	0	0.862468642281402	0	0	0	0	0	0	0	0	0
0	0	0	0	0	0	0	0	0	0	0	0	0	0	0	0	0	0	0	0	0	0	0	0	0	0	0	0	0	0	0	0	0	0	0	0	0	0	0	0	0	0	0	0	0	0	0.585172838619579	0	0	0.564346486460002	0.669040360959345	0	0	0	0	0	0	0.814956735978492	0	0	0.894991285905553	0.582635206084559	0.953016165638186	0.562551251820475	0	0	0	0	0.832566824284876	0.785589889501087	0	0.540795718140763	0	0	0	0	0	0	0	0	0	0	0	0	0	0	0.997496591448885	0.745419887843111	0.513079441134461	0.982161785608662
0	0	0	0	0	0	0	0	0	0	0	0	0	0	0	0	0	0	0	0	0	0	0	0	0	0	0	0	0	0	0	0	0	0	0	0	0	0	0	0	0	0	0	0	0	0	0.640271504577384	0	0	0.796779348323419	0	0	0.513312000119033	0.994743966170233	0	0	0	0.819029798444014	0	0.639247796752571	0	0	0	0	0	0	0.69215969362585	0	0	0.54353926176402	0.769560266226938	0	0.508504548569391	0	0	0	0	0	0	0	0.990312882410697	0	0	0	0	0	0	0	0	0
0	0	0	0	0	0	0	0	0	0	0	0	0	0	0	0	0	0	0	0	0	0	0	0	0	0	0	0	0	0	0	0	0	0	0	0	0	0	0	0	0	0	0	0	0	0.953635572860273	0	0	0.818525948024245	0.799335361895074	0	0	0	0.619925494237635	0.625676324620796	0.620815574597872	0.889089619022874	0.898075272649714	0	0	0	0.609718471355758	0	0	0.506120446162064	0	0	0	0	0	0.571849933546366	0	0.760355513695881	0.921752268239349	0.697883814436228	0	0	0	0	0	0	0	0.635958280153857	0.54146151159409	0	0.910940804749117	0	0	0	0
0	0	0	0	0	0	0	0	0	0	0	0	0	0	0	0	0	0	0	0	0	0	0	0	0	0	0	0	0	0	0	0	0	0	0	0	0	0	0	0	0	0	0	0	0	0	0	0.854122426859666	0	0.880805949066943	0	0.528907207919305	0	0	0	0.816183888401521	0	0	0	0.903764088865873	0	0.632508511421199	0	0	0.985364486175188	0	0	0.655627289414866	0	0	0	0	0.851808982501052	0.735538061995594	0.995689700412649	0	0	0	0	0	0.520317665954711	0.723290125798871	0.654143690407818	0	0	0	0	0	0	0.712381216459869
0	0	0	0	0	0	0	0	0	0	0	0	0	0	0	0	0	0	0	0	0	0	0	0	0	0	0	0	0	0	0	0	0	0	0	0	0	0	0	0	0	0	0	0	0	0.73613115160126	0	0	0	0	0	0.807841696474774	0.992044714744921	0	0	0.832373529957699	0.640167213651468	0	0.500621772613078	0	0.669605979404425	0.504504244474777	0	0	0.579482764700654	0	0.578607250485184	0	0.574039108394555	0	0	0	0.588567147957292	0	0	0	0	0	0	0	0.884404614867326	0.994175440384644	0	0	0.682682950584829	0	0	0	0	0
0	0	0	0	0	0	0	0	0	0	0	0	0	0	0	0	0	0	0	0	0	0	0	0	0	0	0	0	0	0	0	0	0	0	0	0	0	0	0	0	0	0	0	0	0	0.783594865129951	0.875768731110963	0	0	0	0.686967822063495	0.620991894298252	0	0	0.958413412868501	0	0	0	0	0.529128233112803	0.929807643628657	0	0.57433979827828	0.716424301674303	0	0	0	0	0	0	0	0	0	0.597699711067965	0.765091886609121	0	0.910433578307494	0	0.617346247225535	0.656598807086245	0	0.890431193528288	0.75596862798328	0	0	0.983302378532435	0	0.616429183218798	0.559731035851711	0
0	0	0	0	0	0	0	0	0	0	0	0	0	0	0	0	0	0	0	0	0	0	0	0	0	0	0	0	0	0	0	0	0	0	0	0	0	0	0	0	0	0	0	0	0	0.520446293873618	0	0	0.838462973744448	0	0	0	0	0	0	0	0	0	0.900286360692857	0	0	0	0	0.908722827836551	0	0	0	0	0	0	0	0.678480576021982	0.882784008309909	0.600076197002694	0	0	0	0	0.785324598564433	0.542311591018298	0.823989903890156	0	0	0.688973239931204	0.574974962780875	0	0	0	0.514015578666434	0
0	0	0	0	0	0	0	0	0	0	0	0	0	0	0	0	0	0	0	0	0	0	0	0	0	0	0	0	0	0	0	0	0	0	0	0	0	0	0	0	0	0	0	0	0	0	0.94084810473611	0	0	0.945478380747888	0	0.516731100864011	0	0	0.667022953734003	0	0.66140889685183	0	0	0	0	0	0	0	0	0	0	0.789815317635479	0	0	0	0	0	0	0	0	0	0.84053477876954	0.877362151107816	0	0.919245905936203	0	0	0.581395569769019	0.65772122378478	0.591435687465267	0	0	0	0.570148071513501
0	0	0	0	0	0	0	0	0	0	0	0	0	0	0	0	0	0	0	0	0	0	0	0	0	0	0	0	0	0	0	0	0	0	0	0	0	0	0	0	0	0	0	0	0	0	0.591067778095729	0.924115454225435	0	0	0	0.743402254498078	0	0	0	0	0	0.719323996824366	0.809294104413698	0	0.635243513366622	0	0.695762221674255	0.795142770836484	0	0.818084364167876	0	0	0	0	0.802851017033745	0	0	0.561666807115168	0	0	0	0.546582957542267	0	0	0	0.883502975267333	0.860159820030256	0	0.981966630535849	0	0	0	0.890537475312656	0
0	0	0	0	0	0	0	0	0	0	0	0	0	0	0	0	0	0	0	0	0	0	0	0	0	0	0	0	0	0	0	0	0	0	0	0	0	0	0	0	0	0	0	0	0	0	0.918511425385246	0.560213841419007	0	0	0	0	0	0	0	0	0	0	0	0.942658950625579	0	0	0.724969537844864	0	0.72859548159054	0.638881679870619	0.818026482170895	0.730524160333711	0	0.803246514637009	0.849756518989929	0	0	0	0	0	0	0	0	0.54609455052047	0	0.985108902694746	0.52396248277197	0.809666971293298	0	0	0	0.642110049261449	0.894058484965947	0.996553246590955
0	0	0	0	0	0	0	0	0	0	0	0	0	0	0	0	0	0	0	0	0	0	0	0	0	0	0	0	0	0	0	0	0	0	0	0	0	0	0	0	0	0	0	0	0	0	0	0	0	0	0	0	0.718546354391881	0	0.631864146131765	0	0	0	0	0	0	0	0	0	0	0	0	0	0	0	0	0	0	0	0	0	0	0.727038352227046	0	0	0.701534124074654	0	0.979646650799836	0	0	0	0	0.858216841383688	0.950807211601238	0
0	0	0	0	0	0	0	0	0	0	0	0	0	0	0	0	0	0	0	0	0	0	0	0	0	0	0	0	0	0	0	0	0	0	0	0	0	0	0	0	0	0	0	0	0	0.627035537387211	0	0	0	0	0	0.964042395485394	0.559909274936507	0	0	0.889229550975974	0.896730073626384	0.816790264699157	0	0.98049742045177	0	0	0	0	0	0	0.513873460043947	0.992401637716838	0	0	0	0	0	0.717971061161706	0	0.80043331877712	0	0	0	0	0	0	0	0	0	0	0	0.575391753880906	0	0
0	0	0	0	0	0	0	0	0	0	0	0	0	0	0	0	0	0	0	0	0	0	0	0	0	0	0	0	0	0	0	0	0	0	0	0	0	0	0	0	0	0	0	0	0	0.848756069634275	0	0	0	0.614832959983331	0.67492169098738	0.633841429553455	0	0	0	0	0.557172006514904	0	0	0.9880300254861	0	0	0.782633511378861	0	0	0	0.546482653037393	0.974261268141556	0	0	0.859128549799393	0.584921910879579	0.735318497569193	0	0	0.674674343805505	0	0	0	0	0.611769226004601	0	0	0	0.74664478349424	0.789469600554724	0.681401471434275	0	0	0
0	0	0	0	0	0	0	0	0	0	0	0	0	0	0	0	0	0	0	0	0	0	0	0	0	0	0	0	0	0	0	0	0	0	0	0	0	0	0	0	0	0	0	0	0	0.941260697991063	0	0	0.769802174225765	0	0	0.674999443386166	0	0.913997640954483	0	0	0	0	0	0	0	0	0	0.747642123466329	0	0	0	0	0	0	0	0.516111386526162	0.560601684534858	0	0	0.594075292684394	0	0	0	0	0.858447095749277	0.569881642375032	0	0.884786936264081	0.748728903964317	0.665856384822858	0	0	0	0.636399128207181
0	0	0	0	0	0	0	0	0	0	0	0	0	0	0	0	0	0	0	0	0	0	0	0	0	0	0	0	0	0	0	0	0	0	0	0	0	0	0	0	0	0	0	0	0	0.913349246926265	0	0	0.704836619770667	0	0	0	0.81769324882635	0	0	0	0	0	0	0	0	0	0	0.645593977493699	0.527778875196859	0	0.703317625749335	0	0	0	0	0	0	0	0	0.805156432713624	0	0	0.830452376928937	0	0	0	0.581440507846585	0	0.529520495409305	0	0	0	0.987395879534204	0
