0	0.954526183898694	0.807763637841184	0.71124405814222	0.558612539595114	0.658860063307289	0.634334996259223	0.973734755159314	0	0	0	0	0	0	0	0	0	0	0	0	0	0	0	0	0	0	0	0	0	0	0	0	0	0	0	0	0	0	0.576716149579542	0.658064089048295	0.818210221473947	0.69695707002833	0.745908518556425	0.526881514335442	0.659819627933413	0	0	0	0	0	0	0	0	0	0	0	0	0	0	0	0	0	0	0	0	0	0	0	0	0	0	0	0	0	0	0	0	0	0	0	0	0	0	0	0	0	0	0	0	0
0.699306665963014	0	0.601277911179224	0.809076868974377	0.70653882852654	0.632247848379366	0.812068373704182	0.772196266562061	0.912623590191997	0	0	0	0	0	0	0.811410716732342	0	0	0	0	0	0	0	0	0	0	0	0	0	0	0	0	0	0	0	0	0	0	0	0.544994917830203	0.739711509577796	0.913671504255439	0.70374342918151	0.961907351083935	0.952027865764538	0	0	0	0	0	0	0	0	0	0	0	0	0	0	0	0	0	0	0	0	0	0	0	0	0	0	0	0	0	0	0	0	0	0	0	0	0	0	0	0	0	0	0	0	0
0.739370702884709	0.873390573377338	0	0.728181595795441	0.583087103867327	0.574495432761139	0.630121957212079	0.971038112717729	0.649096434751385	0.703570888230674	0	0	0	0	0	0	0	0	0	0	0	0	0	0	0	0	0	0	0	0	0	0	0	0	0	0	0	0	0	0	0.847777224626071	0.813487829186653	0.747793810127677	0.763095651790604	0.804811239964021	0	0	0	0	0	0	0	0	0	0	0	0	0	0	0	0	0	0	0	0	0	0	0	0	0	0	0	0	0	0	0	0	0	0	0	0	0	0	0	0	0	0	0	0	0
0.539704501571175	0.643015287618937	0.567065751484826	0	0.653479288299421	0.761883263837855	0.578525866213073	0.57680968020664	0.877124914965807	0.889076177061665	0.994765313544621	0	0	0	0	0	0	0	0	0	0	0	0	0	0	0	0	0	0	0	0	0	0	0	0	0	0	0	0	0	0	0.606524984011788	0.835697839249082	0.895697303458535	0.584622579168558	0	0	0	0	0	0	0	0	0	0	0	0	0	0	0	0	0	0	0	0	0	0	0	0	0	0	0	0	0	0	0	0	0	0	0	0	0	0	0	0	0	0	0	0	0
0.808809935434255	0.547512153970488	0.824113049109635	0.971865546162642	0	0.82643090100198	0.643626142652934	0.923565761931049	0.787602555905085	0.540782451384266	0	0.764003493819315	0	0	0	0	0	0	0	0	0	0	0	0	0	0	0	0	0	0	0.522509200248777	0	0	0	0	0	0	0	0	0	0	0	0.792530698702394	0.528443864457951	0.69807641359574	0	0	0	0	0	0	0	0	0	0	0	0	0	0	0	0	0	0	0	0	0	0	0	0	0	0	0	0	0	0	0	0	0	0	0	0	0	0	0	0	0	0	0	0	0
0.910516227443482	0.5118977199729	0.629672250809757	0.549954115299636	0.964781270990716	0	0.638704558334166	0.912125605571299	0.660492981051421	0.948175888709934	0.662937435970944	0.987674709663603	0.739391142964617	0	0	0	0	0	0	0	0	0	0	0	0	0	0	0	0	0	0	0	0	0	0	0	0	0	0	0	0	0	0	0.506592929643185	0.942169971878118	0	0	0	0	0	0	0	0	0	0	0	0	0	0	0	0	0	0	0	0	0	0	0	0	0	0	0	0	0	0	0	0	0	0	0	0	0	0	0	0	0	0	0	0	0
0.578961534948804	0.618188006795188	0.657937087202311	0.847716995499139	0.99427123703961	0.506271361263501	0	0.926145747850652	0.777027964383198	0.560692585871371	0.990801852292927	0.97940293312089	0.723756049402532	0.925096320171793	0	0	0	0	0	0	0	0	0	0	0	0	0	0	0	0	0	0	0	0	0	0	0	0	0	0	0	0	0	0	0.743023163529783	0	0	0	0	0	0	0	0	0	0	0	0	0	0	0	0	0	0	0	0	0	0	0	0	0	0	0	0	0	0	0	0	0	0	0	0	0	0	0	0	0	0	0	0	0
0.734575726096444	0.651125478423619	0.605900372139844	0.601388795802839	0.718384130873567	0.841325961880841	0.679948227242333	0	0.70427640523276	0.83956087175482	0.990302569637981	0.506541157214987	0.845731220494572	0.646331571966088	0.932099611141342	0	0	0	0	0	0	0	0	0	0	0	0	0	0	0	0	0	0	0	0	0	0	0	0	0	0	0	0	0	0	0	0	0	0	0	0	0	0	0	0	0	0	0	0	0	0	0	0	0	0	0	0	0	0	0	0	0	0	0	0	0	0	0	0	0	0	0	0	0	0	0	0	0	0	0
0	0.736059788643321	0.944350502999592	0.54471724592212	0.76072447735078	0.854653748276391	0.755609218705293	0.714266723050531	0	0.909206900308514	0.523070521609422	0.576874702234256	0.649936044542249	0.627581930870104	0.571661172360369	0.95752661683875	0	0	0	0	0	0	0	0	0	0	0	0	0	0	0	0	0	0	0	0	0	0	0	0	0	0	0	0	0	0	0	0	0	0	0	0	0	0	0	0	0	0	0	0	0	0	0	0	0	0	0	0	0	0	0	0	0	0	0	0	0	0	0	0	0	0	0	0	0	0	0	0	0	0
0	0	0.937920887886059	0.701195085769385	0.716526269429411	0.887574273782056	0.718432747194785	0.783933254865959	0.627157227879037	0	0.906777446772211	0.638507399605112	0.826547471455804	0.577746319030407	0.671008911612635	0.933632653514095	0.679255146543917	0	0	0	0	0	0	0	0	0	0	0	0	0	0	0	0	0	0	0	0	0	0	0	0	0	0	0	0	0	0	0	0	0	0	0	0	0	0	0	0	0	0	0	0	0	0	0	0	0	0	0	0	0	0	0	0	0	0	0	0	0	0	0	0	0	0	0	0	0	0	0	0	0
0	0	0	0.529895825445445	0	0.930200845064145	0.846247962619745	0.772598093704514	0.880314029990403	0.981992061807183	0	0.58512651309667	0.970333598076918	0.623728837523208	0.831392091921572	0.548161915822883	0.899397515690516	0.901693591317546	0	0	0	0	0	0	0	0	0	0	0	0	0	0	0	0	0	0	0	0	0	0	0	0	0	0	0	0	0	0	0	0	0	0	0	0	0	0	0	0	0	0	0	0	0	0	0	0	0	0	0	0	0	0	0	0	0	0	0	0	0	0	0	0	0	0	0	0	0	0	0	0
0	0	0	0	0.946481075303626	0.980499834351322	0.951295791962201	0.685269899260033	0.76371513743091	0.519170653112378	0.944151360174331	0	0.967768468326535	0.970913748421198	0.988201570648424	0.907701081072276	0.926857759752905	0.626978924450274	0.629018455441764	0	0	0	0	0	0	0	0	0	0	0	0	0	0	0	0	0	0	0	0	0	0	0	0	0	0	0	0	0	0	0	0	0	0	0	0	0	0	0	0	0	0	0	0	0	0	0	0	0	0	0	0	0	0	0	0	0	0	0	0	0	0	0	0	0	0	0	0	0	0	0
0	0	0	0	0	0.922458442832341	0.931891899710925	0.635772631808226	0.70410387606234	0.539157040386242	0.755747066516878	0.989476397941644	0	0.740839233904945	0.537658098711444	0.735716259690657	0.906771435321828	0.832536211051682	0.830103814823455	0.834958008173523	0	0	0	0	0	0	0	0	0	0	0	0	0	0	0	0	0	0	0	0	0	0	0	0	0	0	0	0	0	0	0	0	0	0	0	0	0	0	0	0	0	0	0	0	0	0	0	0	0	0	0	0	0	0	0	0	0	0	0	0	0	0	0	0	0	0	0	0	0	0
0	0	0	0	0	0	0.646065411723866	0.939273856638672	0.897231690184575	0.630034503245739	0.762053108062841	0.960820502249183	0.567515844083196	0	0.59740853350014	0.742852365629611	0.921330838888908	0.758254814963825	0	0.609009749316592	0.76390576032962	0	0	0	0	0	0	0	0	0	0	0	0	0	0	0	0	0	0.725973373883303	0	0	0	0	0	0	0	0	0	0	0	0	0	0	0	0	0	0	0	0	0	0	0	0	0	0	0	0	0	0	0	0	0	0	0	0	0	0	0	0	0	0	0	0	0	0	0	0	0	0	0
0	0	0	0	0	0	0	0.549178551450063	0.872773838830387	0.822208256759933	0.936430004177435	0.662913486807874	0.646192446767574	0.791057048460845	0	0.556339149447639	0.915274743866364	0.537178436397055	0.712521720943628	0.679504665918994	0.851219573011847	0.624058697357155	0	0	0	0.795152930873148	0	0	0	0	0	0	0	0	0	0	0	0	0	0	0	0	0	0	0	0	0	0	0	0	0	0	0	0	0	0	0	0	0	0	0	0	0	0	0	0	0	0	0	0	0	0	0	0	0	0	0	0	0	0	0	0	0	0	0	0	0	0	0	0
0	0.668281271616221	0	0	0	0	0	0	0.637866300730958	0.515579642109711	0.969895551153263	0.80574519445522	0.867085498255475	0.759381204022766	0.761771191429466	0	0.549605656468371	0.820444068166208	0.844653983131357	0.521968952247252	0	0.865988234003246	0.734730869519849	0	0	0	0	0	0	0	0	0	0	0	0	0	0	0	0	0	0	0	0	0	0	0	0	0	0	0	0	0	0	0	0	0	0	0	0	0	0	0	0	0	0	0	0	0	0	0	0	0	0	0	0	0	0	0	0	0	0	0	0	0	0	0	0	0	0	0
0	0	0	0	0	0	0	0	0	0.744631258028085	0.917361328361763	0.596360440229851	0.998697437844607	0.773608462255076	0.805355952676898	0.809679252168426	0	0.998336330201788	0.638312793678512	0.606063428834384	0.55124308440617	0.639435266910358	0.603930827868301	0.985098200553134	0	0	0	0	0	0	0	0	0	0	0	0	0	0	0	0	0	0	0	0	0	0	0	0	0	0	0	0	0	0	0	0	0	0	0	0	0	0	0	0	0	0	0	0	0	0	0	0	0	0	0	0	0	0	0	0	0	0	0	0	0	0	0	0	0	0
0	0	0	0	0	0	0	0	0	0	0.553762657948579	0.635410507663317	0.670374713206805	0.578036599835337	0.525342301031805	0.972291652467172	0.927798793793824	0	0.912645423861419	0.923310112469959	0.726888253611344	0.932746872265363	0.806422677477238	0.994599398551689	0.844068722259625	0	0	0	0	0	0	0	0	0	0	0	0	0	0	0	0	0	0	0	0	0	0	0	0	0	0	0	0	0	0	0	0	0	0	0	0	0	0	0	0	0	0	0	0	0	0	0	0	0	0	0	0	0	0	0	0	0	0	0	0	0	0	0	0	0
0	0	0	0	0	0	0	0	0	0	0	0.637899076635077	0.751936169052501	0	0.966375827132426	0.810310782802466	0.996046282856515	0.773668347277492	0	0.798224579392287	0.570265720433928	0.84841554207106	0.530728250405548	0.674481826532878	0.843918075521316	0.813152154152336	0	0	0	0	0	0	0	0	0	0	0	0	0	0	0	0	0	0	0	0	0	0	0	0	0	0	0	0	0	0	0	0	0	0	0	0	0	0	0	0	0	0	0	0	0	0	0	0	0	0	0	0	0	0	0	0	0	0	0	0	0	0	0	0
0	0	0	0	0	0	0	0	0	0	0	0	0.887389456753435	0.58540538039603	0.855201474779915	0.817085232798534	0.946968956071251	0.831488298248104	0.679990781541945	0	0.818105596628458	0.585596770968983	0.984205530682694	0.855564961193629	0.531171260808425	0.670201264872164	0.812061161304631	0	0	0	0	0	0	0	0	0	0	0	0	0	0	0	0	0	0	0	0	0	0	0	0	0	0	0	0	0	0	0	0	0	0	0	0	0	0	0	0	0	0	0	0	0	0	0	0	0	0	0	0	0	0	0	0	0	0	0	0	0	0	0
0	0	0	0	0	0	0	0	0	0	0	0	0	0.74358527192395	0.863417778859306	0	0.872606642851097	0.801927024179025	0.970024092692692	0.659455813850656	0	0.581126481653427	0.587398392721651	0.545124864696692	0.863955761556623	0.510894395816926	0.568111283152802	0.58679283188702	0	0	0	0	0	0	0	0	0	0	0	0	0	0	0	0	0	0	0	0	0	0	0	0	0	0	0	0	0	0	0	0	0	0	0	0	0	0	0	0	0	0	0	0	0	0	0	0	0	0	0	0	0	0	0	0	0	0	0	0	0	0
0	0	0	0	0	0	0	0	0	0	0	0	0	0	0.765498740645188	0.790301973353733	0.57669602328604	0.617383168383489	0.91178306517145	0.575476012999936	0.959650021993685	0	0.558305775677463	0.68876735661641	0.712974295100143	0.754310241544117	0.69885833582047	0.812880436747222	0	0	0	0	0	0	0	0	0	0	0	0	0	0	0.816991464404993	0	0	0	0	0	0	0	0	0	0	0	0	0	0	0	0	0	0	0	0	0	0	0	0	0	0	0	0	0	0	0	0	0	0	0	0	0	0	0	0	0	0	0	0	0	0	0
0	0	0	0	0	0	0	0	0	0	0	0	0	0	0	0.515885332621885	0.506082456399688	0.867914979949568	0.895265160045557	0.754211432613994	0.514627937470083	0.638360703119943	0	0.626783040644681	0.545668233930335	0.853844387962685	0.507944546769429	0.724251044018972	0.823762328722008	0.981521299013419	0	0	0	0	0	0	0	0	0	0	0	0	0	0	0	0	0	0	0	0	0	0	0	0	0	0	0	0	0	0	0	0	0	0	0	0	0	0	0	0	0	0	0	0	0	0	0	0	0	0	0	0	0	0	0	0	0	0	0	0
0	0	0	0	0	0	0	0	0	0	0	0	0	0	0	0	0.728136420509852	0.54931875149521	0.569380531940533	0.762022390530153	0.765268541214078	0.812978602527439	0.980713373064954	0	0.671519769257268	0.803859143241626	0.851524905585823	0.622991287580131	0.848266352193044	0.736582340995724	0.680661044870204	0	0	0	0	0	0	0	0	0	0	0	0	0	0	0	0	0	0	0	0	0	0	0	0	0	0	0	0	0	0	0	0	0	0	0	0	0	0	0	0	0	0	0	0	0	0	0	0	0	0	0	0	0	0	0	0	0	0	0
0	0	0	0	0	0	0	0	0	0	0	0	0	0	0	0	0	0.70365428170846	0.959748427589226	0.69596203932431	0.728074940094208	0.716676036680269	0.903035720070818	0.595484094293019	0	0.501068930277973	0.690617914089034	0.785072185308269	0.810225590760272	0.787946689120759	0.892936207867603	0.99889757831902	0	0	0	0	0	0	0	0	0	0	0	0	0	0	0	0	0	0	0	0	0	0	0	0	0	0	0	0	0	0	0	0	0	0	0	0	0	0	0	0	0	0	0	0	0	0	0	0	0	0	0	0	0	0	0	0	0	0
0	0	0	0	0	0	0	0	0	0	0	0	0	0	0.824493103294027	0	0	0	0.891883790671307	0.851652952219182	0.813095397484872	0.683860245761551	0.895466108271992	0.819327162590992	0.876365858168682	0	0.61875337688265	0	0.877429517169124	0.981561326683004	0	0.575878361072437	0.570399941639598	0	0	0.774359316849642	0	0	0	0	0	0	0	0	0	0	0	0	0	0	0	0	0	0	0	0	0	0	0	0	0	0	0	0	0	0	0	0	0	0	0	0	0	0	0	0	0	0	0	0	0	0	0	0	0	0	0	0	0	0
0	0	0	0	0	0	0	0	0	0	0	0	0	0	0	0	0	0	0	0.934181648519985	0.545430296577106	0.936470054764624	0.957783573729154	0.59102380625627	0.986313960481051	0.582704264161884	0	0.698478728757895	0.859667142662114	0.736098495882404	0.949124972360214	0.547093694861409	0.57089980337652	0.650895139718096	0	0	0	0	0	0	0	0	0	0	0	0	0	0	0	0	0	0	0	0	0	0	0	0	0	0	0	0	0	0	0	0	0	0	0	0	0	0	0	0	0	0	0	0	0	0	0	0	0	0	0	0	0	0	0	0
0	0	0	0	0	0	0	0	0	0	0	0	0	0	0	0	0	0	0	0	0.563673968191553	0.695661968774545	0.512460054423737	0.9433552341303	0.891876754603736	0	0.515551838927751	0	0.848247140912869	0.838023625825209	0.506932929310795	0.567025779038619	0.844754269996384	0.601409680339662	0.825169974570045	0	0	0	0	0	0	0	0	0	0	0	0	0	0	0	0	0	0	0	0	0	0	0	0	0	0	0	0	0	0	0	0	0	0	0	0	0	0	0	0	0	0	0	0	0	0	0	0	0	0	0	0	0	0	0
0	0	0	0	0	0	0	0	0	0	0	0	0	0	0	0	0	0	0	0	0	0	0.522434760200199	0.5576997152007	0.903384885998612	0.535449960979219	0.53517873915498	0.978538318025916	0	0.675786746456428	0.955980314935613	0.712761736648262	0.809529017565522	0.995382272642113	0.643667970291117	0.775425638476505	0	0	0	0	0	0	0	0	0	0	0	0	0	0	0	0	0	0	0	0	0	0	0	0	0	0	0	0	0	0	0	0	0	0	0	0	0	0	0	0	0	0	0	0	0	0	0	0	0	0	0	0	0	0
0	0	0	0	0	0	0	0	0	0	0	0	0	0	0	0	0	0	0	0	0	0	0.596437814743099	0.872632182431057	0.922958983735728	0.752717499876428	0.894865337122779	0.870902133061898	0.76211208258531	0	0.770092689223359	0.591179184329811	0.657734055612598	0.887140351769986	0.994910681536297	0.653526070347346	0.758517185676072	0	0	0	0	0	0	0	0	0	0	0	0	0	0	0	0	0	0	0	0	0	0	0	0	0	0	0	0	0	0	0	0	0	0	0	0	0	0	0	0	0	0	0	0	0	0	0	0	0	0	0	0	0
0	0	0	0	0.533845241156127	0	0	0	0	0	0	0	0	0	0	0	0	0	0	0	0	0	0	0.768980409084602	0.512062946434599	0	0.7592802982063	0.758861184285522	0.81189703325022	0.726656436233523	0	0.706440989019716	0.844038176809512	0.632980659633285	0.891101593913618	0.500365629217468	0.637548533813445	0.938656578497507	0	0	0	0	0	0	0	0	0	0	0	0	0	0	0	0	0	0	0	0	0	0	0	0	0	0	0	0	0	0	0	0	0	0	0	0	0	0	0	0	0	0	0	0	0	0	0	0	0	0	0	0
0	0	0	0	0	0	0	0	0	0	0	0	0	0	0	0	0	0	0	0	0	0	0	0	0.667652271149734	0.657644615829463	0.543748436232068	0.829140432776806	0.605249915559257	0.969917153060587	0.790513314233705	0	0.789836086698483	0.897654637227884	0.612072490113068	0.981307683226067	0.574144859070548	0.618477971047955	0.66128439072801	0	0	0	0	0	0	0	0	0	0	0	0	0	0	0	0	0	0	0	0	0	0	0	0	0	0	0	0	0	0	0	0	0	0	0	0	0	0	0	0	0	0	0	0	0	0	0	0	0	0	0
0	0	0	0	0	0	0	0	0	0	0	0	0	0	0	0	0	0	0	0	0	0	0	0	0	0.733641666665259	0.506069889653282	0.57047200360778	0.91278648519199	0.740333727197205	0.973562567881132	0.755968262099692	0	0.751689645748083	0.629565962851344	0.63997105837821	0.521591492365746	0.915742292938684	0.752972155174868	0.813117270588889	0	0	0	0	0	0	0	0	0	0	0	0	0	0	0	0	0	0	0	0	0	0	0	0	0	0	0	0	0	0	0	0	0	0	0	0	0	0	0	0	0	0	0	0	0	0	0	0	0	0
0	0	0	0	0	0	0	0	0	0	0	0	0	0	0	0	0	0	0	0	0	0	0	0	0	0	0.836781800409664	0.936562765318239	0.849177084854235	0.862119643851939	0.653404293188624	0.547542333863553	0.836244349608942	0	0.634566339149721	0.641681579346926	0.640926175392272	0.65887631891471	0.545094918297181	0.91509881738793	0.847524064274327	0	0	0	0	0	0	0	0	0	0	0	0	0	0	0	0	0	0	0	0	0	0	0	0	0	0	0	0	0	0	0	0	0	0	0	0	0	0	0	0	0	0	0	0	0	0	0	0	0
0	0	0	0	0	0	0	0	0	0	0	0	0	0	0	0	0	0	0	0	0	0	0	0	0	0	0	0.657888239942767	0.734277075450557	0.608375696718287	0.656028911624451	0.598506845407344	0.72019162402451	0.983965511509433	0	0.642092786417154	0.73283229671795	0.593739659939122	0.656078201527388	0.836623642239537	0.784092249886362	0.782783359734272	0	0	0	0	0	0	0	0	0	0	0	0	0	0	0	0	0	0	0	0	0	0	0	0	0	0	0	0	0	0	0	0	0	0	0	0	0	0	0	0	0	0	0	0	0	0	0	0
0	0	0	0	0	0	0	0	0	0	0	0	0	0	0	0	0	0	0	0	0	0	0	0	0	0.898935164870692	0	0	0.515741613780126	0.728834784527656	0.594891477221786	0.899606954429242	0.917057533577804	0.73616558712558	0.979721869459537	0	0.71950007766628	0.778497788828923	0.957174164692192	0.871513642717124	0.901954509436718	0.603604934416839	0.653586296244153	0	0	0	0	0	0	0	0	0	0	0	0	0	0	0	0	0	0	0	0	0	0	0	0	0	0	0	0	0	0	0	0	0	0	0	0	0	0	0	0	0	0	0	0	0	0	0
0	0	0	0	0	0	0	0	0	0	0	0	0	0	0	0	0	0	0	0	0	0	0	0	0	0	0	0	0	0.985892746838484	0.820224069814046	0.771733644545188	0.825971019347392	0.531988757671404	0.666961231146521	0.942058406505518	0	0.741741368395543	0.877892156624978	0.95632201989155	0.556237740699516	0.715689435910309	0.759246730148631	0.92426646549747	0	0	0	0	0	0	0	0	0	0	0	0	0	0	0	0	0	0	0	0	0	0	0	0	0	0	0	0	0	0	0	0	0	0	0	0	0	0	0	0	0	0	0	0	0	0
0	0	0	0	0	0	0	0	0	0	0	0	0	0	0	0	0	0	0	0	0	0	0	0	0	0	0	0	0	0	0.888301274668281	0.700057818409989	0.795664319457278	0.854833404760484	0.565851551552063	0.71562540506661	0.684063629720018	0	0.940628562325526	0.991009081359588	0.84247987213325	0.99940182802509	0.974347149377812	0.894664286098767	0.960514793454598	0	0	0	0	0	0	0	0	0	0	0	0	0	0	0	0	0	0	0	0	0	0	0	0	0	0	0	0	0	0	0	0	0	0	0	0	0	0	0	0	0	0	0	0	0
0.630825328317381	0	0	0	0	0	0	0	0	0	0	0	0	0.520415702651441	0	0	0	0	0	0	0	0	0	0	0	0	0	0	0	0	0	0.810115612487272	0.663463739369225	0.884429657564718	0.919099769881186	0.659473228695799	0.878183855857251	0.920800762472658	0	0.815676020019622	0.682037512568223	0.929247672352673	0.729063979297127	0.545274075887487	0.725373469535162	0	0	0	0	0	0	0	0	0	0	0	0	0	0	0	0	0	0	0	0	0	0	0	0	0	0	0	0	0	0	0	0	0	0	0	0	0	0	0	0	0	0	0	0	0
0.825730677857933	0.692011861489988	0	0	0	0	0	0	0	0	0	0	0	0	0	0	0	0	0	0	0	0	0	0	0	0	0	0	0	0	0	0	0.549266781494387	0.947857497956993	0.940205007433201	0.742159953735173	0.828966356524616	0.695162299063208	0.782817891610216	0	0.716814001398425	0.842421476444979	0.989736135743429	0.714505287958887	0.837069533787929	0	0	0	0	0	0	0	0	0	0	0	0	0	0	0	0	0	0	0	0	0	0	0	0	0	0	0	0	0	0	0	0	0	0	0	0	0	0	0	0	0	0	0	0	0
0.906917049717489	0.558206223422714	0.68484192209343	0	0	0	0	0	0	0	0	0	0	0	0	0	0	0	0	0	0	0	0	0	0	0	0	0	0	0	0	0	0	0.797865903385507	0.944518050822212	0.846903252281594	0.908120373813041	0.921416217447838	0.998114617075307	0.65951957673142	0	0.690588707064225	0.91684961899848	0.867296545614114	0.916780331163051	0	0	0	0	0	0	0	0	0	0	0	0	0	0	0	0	0	0	0	0	0	0	0	0	0	0	0	0	0	0	0	0	0	0	0	0	0	0	0	0	0	0	0	0	0
0.927723882109117	0.515279423738951	0.608795881205977	0.789633458626925	0	0	0	0	0	0	0	0	0	0	0	0	0	0	0	0	0	0	0	0	0	0	0	0	0	0	0	0	0	0	0.611805581501891	0.919741592441171	0.968660866250371	0.891438181018741	0.810333183385375	0.554151824630969	0.633815235539722	0	0.837262569989656	0.817471676128674	0.551404318630777	0	0	0	0	0	0	0	0	0	0	0	0	0	0	0	0	0	0	0	0	0	0	0	0	0	0	0	0	0	0	0	0	0	0	0	0	0	0	0	0	0	0	0	0	0
0.858738914157344	0.589471360073525	0.535887480853456	0.894731578201956	0.80860246252205	0	0	0	0	0	0	0	0	0	0	0	0	0	0	0	0	0.503213207984458	0	0	0	0	0	0	0	0	0	0	0	0	0	0.825490967393934	0.928573690690285	0.569539004185425	0.603055705783019	0.557610443383629	0.943746741593952	0.967508717900147	0	0.871900744442777	0.575070770698137	0	0	0	0	0	0	0	0	0	0	0	0	0	0	0	0	0	0	0	0	0	0	0	0	0	0	0	0	0	0	0	0	0	0	0	0	0	0	0	0	0	0	0	0	0
0.689956146979761	0.930003147308031	0.791483519698696	0.573625362226445	0.835141848733978	0.65447443852426	0	0	0	0	0	0	0	0	0	0	0	0	0	0	0	0	0	0	0	0	0	0	0	0	0	0	0	0	0	0	0.803469317409107	0.973851076959705	0.90252286969144	0.598962174082151	0.713690919648149	0.904065248101736	0.883655441614386	0	0.98943764839388	0	0	0	0	0	0	0	0	0	0	0	0	0	0	0	0	0	0	0	0	0	0	0	0	0	0	0	0	0	0	0	0	0	0	0	0	0	0	0	0	0	0	0	0	0
0.943451140284899	0.563455561397891	0.826110537826335	0.634659886905924	0.528542677270224	0.79326787029729	0.859326953213677	0	0	0	0	0	0	0	0	0	0	0	0	0	0	0	0	0	0	0	0	0	0	0	0	0	0	0	0	0	0	0.812027238017446	0.828546027901155	0.510825686948399	0.868003604222749	0.590991647508614	0.745944929014325	0.793945277953419	0	0	0	0	0	0	0	0	0	0	0	0	0	0	0	0	0	0	0	0	0	0	0	0	0	0	0	0	0	0	0	0	0	0	0	0	0	0	0	0	0	0	0	0	0	0
0	0	0	0	0	0	0	0	0	0	0	0	0	0	0	0	0	0	0	0	0	0	0	0	0	0	0	0	0	0	0	0	0	0	0	0	0	0	0	0	0	0	0	0	0	0	0	0.692498014319174	0	0	0	0	0	0	0	0	0.880094549381502	0	0	0.986001194137329	0	0	0	0	0.833268674696275	0	0.917975788675276	0	0	0	0	0	0	0	0	0	0	0	0	0	0	0	0	0	0	0	0	0	0	0
0	0	0	0	0	0	0	0	0	0	0	0	0	0	0	0	0	0	0	0	0	0	0	0	0	0	0	0	0	0	0	0	0	0	0	0	0	0	0	0	0	0	0	0	0	0	0	0	0	0.729349097908899	0	0	0	0	0.631740301196123	0	0	0.959106216238394	0	0	0	0	0	0	0	0.801256419361398	0	0	0.820491086085229	0	0	0	0	0	0	0.736203935978719	0	0	0	0	0	0	0	0	0	0	0	0	0	0
0	0	0	0	0	0	0	0	0	0	0	0	0	0	0	0	0	0	0	0	0	0	0	0	0	0	0	0	0	0	0	0	0	0	0	0	0	0	0	0	0	0	0	0	0	0.808752215304335	0	0	0	0	0	0	0	0	0	0	0	0	0	0	0	0	0	0	0.512705624772397	0	0	0	0	0	0.784799974332139	0	0.703181898266451	0	0	0	0.697394700370322	0	0	0	0	0	0	0	0	0	0	0	0	0.601024126599758
0	0	0	0	0	0	0	0	0	0	0	0	0	0	0	0	0	0	0	0	0	0	0	0	0	0	0	0	0	0	0	0	0	0	0	0	0	0	0	0	0	0	0	0	0	0	0	0	0	0	0.958230491790967	0	0	0	0	0.780253376121984	0	0	0	0.739247716417126	0	0	0.959788642400114	0	0.6688842232723	0	0	0	0.634514971101553	0	0	0	0	0	0	0	0	0.965746642183957	0	0	0	0	0	0	0	0	0	0	0.748389442845649	0
0	0	0	0	0	0	0	0	0	0	0	0	0	0	0	0	0	0	0	0	0	0	0	0	0	0	0	0	0	0	0	0	0	0	0	0	0	0	0	0	0	0	0	0	0	0	0.880546196598656	0	0	0	0	0	0	0	0	0	0	0.567780718541961	0	0	0	0	0	0	0	0	0	0	0	0	0	0.894817928033756	0	0	0.789884351441422	0	0.856819025615062	0	0	0	0	0	0	0	0	0	0	0	0.919045946967018	0
0	0	0	0	0	0	0	0	0	0	0	0	0	0	0	0	0	0	0	0	0	0	0	0	0	0	0	0	0	0	0	0	0	0	0	0	0	0	0	0	0	0	0	0	0	0	0	0	0.899448195853917	0	0	0	0	0.641550915155411	0	0	0	0	0	0	0	0	0	0	0	0	0	0	0	0	0.907771060925846	0	0	0.679301354757857	0	0	0.740658804484656	0	0	0	0	0	0	0	0	0	0	0	0	0
0	0	0	0	0	0	0	0	0	0	0	0	0	0	0	0	0	0	0	0	0	0	0	0	0	0	0	0	0	0	0	0	0	0	0	0	0	0	0	0	0	0	0	0	0	0	0	0	0	0	0	0	0	0	0	0	0	0	0	0	0	0	0	0	0.738684831317757	0	0	0	0	0	0	0	0	0	0.749855787564801	0	0	0	0	0	0	0	0	0	0.949841329779828	0	0	0	0	0
0	0	0	0	0	0	0	0	0	0	0	0	0	0	0	0	0	0	0	0	0	0	0	0	0	0	0	0	0	0	0	0	0	0	0	0	0	0	0	0	0	0	0	0	0	0	0	0	0	0	0	0	0	0	0	0	0	0	0	0	0	0	0	0	0	0	0	0.87309822585446	0	0	0	0	0	0	0.613817221085864	0	0.716872521796827	0	0	0	0	0	0	0	0.581957364063352	0	0	0	0	0
0	0	0	0	0	0	0	0	0	0	0	0	0	0	0	0	0	0	0	0	0	0	0	0	0	0	0	0	0	0	0	0	0	0	0	0	0	0	0	0	0	0	0	0	0	0	0	0	0	0	0.616788975054587	0	0	0	0.951191235225012	0	0.978577866249295	0	0.528272077671337	0.548212231970799	0	0	0	0	0	0	0	0	0	0	0	0	0	0	0	0	0	0	0	0	0	0	0	0	0	0	0	0	0.520642701538001	0
0	0	0	0	0	0	0	0	0	0	0	0	0	0	0	0	0	0	0	0	0	0	0	0	0	0	0	0	0	0	0	0	0	0	0	0	0	0	0	0	0	0	0	0	0	0	0.79188411581109	0	0	0	0	0	0	0.87810832084646	0	0	0	0	0	0	0	0	0	0	0	0	0	0	0	0	0	0	0	0.968186749587929	0	0.59669495348879	0	0	0	0	0	0	0	0	0	0	0	0	0	0
0	0	0	0	0	0	0	0	0	0	0	0	0	0	0	0	0	0	0	0	0	0	0	0	0	0	0	0	0	0	0	0	0	0	0	0	0	0	0	0	0	0	0	0	0	0	0	0	0.675347715573044	0	0	0	0	0	0	0	0	0	0.699183987239252	0	0.950368545983101	0	0	0	0	0	0	0	0	0	0	0	0	0	0	0	0	0	0	0	0	0	0	0	0	0	0	0	0	0
0	0	0	0	0	0	0	0	0	0	0	0	0	0	0	0	0	0	0	0	0	0	0	0	0	0	0	0	0	0	0	0	0	0	0	0	0	0	0	0	0	0	0	0	0	0.925968051385388	0	0	0	0	0	0	0	0.756626726980964	0	0	0	0	0	0	0	0	0	0	0	0	0	0	0	0	0	0	0	0	0	0.926801629480594	0	0	0	0	0	0	0	0	0.712557437603338	0	0	0	0	0.686707900905087
0	0	0	0	0	0	0	0	0	0	0	0	0	0	0	0	0	0	0	0	0	0	0	0	0	0	0	0	0	0	0	0	0	0	0	0	0	0	0	0	0	0	0	0	0	0	0.84188970343351	0	0	0.785917185972121	0	0	0	0	0	0	0	0	0	0	0.775321951575383	0	0	0	0.943199030381203	0.900757328991432	0	0	0	0	0	0.580748380680505	0	0	0	0	0	0	0.834548848738421	0	0	0	0	0	0	0	0	0	0	0
0	0	0	0	0	0	0	0	0	0	0	0	0	0	0	0	0	0	0	0	0	0	0	0	0	0	0	0	0	0	0	0	0	0	0	0	0	0	0	0	0	0	0	0	0	0	0	0	0	0	0	0	0	0.790545264819577	0	0.526668132098452	0	0	0	0	0	0	0	0	0	0	0	0	0	0	0.824214969165617	0	0	0	0	0.895456562599899	0	0	0	0	0	0	0	0.622093273129767	0	0	0	0	0	0.510097947557193
0	0	0	0	0	0	0	0	0	0	0	0	0	0	0	0	0	0	0	0	0	0	0	0	0	0	0	0	0	0	0	0	0	0	0	0	0	0	0	0	0	0	0	0	0	0.692278338802211	0	0	0.85814342983543	0	0	0	0	0.859008717464568	0	0	0	0	0	0	0.672210198832161	0	0.570717002845251	0	0.619591493115437	0	0	0	0	0	0	0	0	0	0	0	0	0	0.702564953153407	0	0	0	0	0	0	0	0	0	0	0
0	0	0	0	0	0	0	0	0	0	0	0	0	0	0	0	0	0	0	0	0	0	0	0	0	0	0	0	0	0	0	0	0	0	0	0	0	0	0	0	0	0	0	0	0	0	0	0	0	0	0	0	0	0	0	0.63129899724607	0	0.72431051257032	0	0.525785002735836	0	0	0	0.532862234997443	0	0	0	0	0	0	0	0	0.829954909545248	0	0	0	0	0	0	0	0.990490815430183	0	0	0	0.984050439012643	0.876517027583792	0.81850887495531	0	0	0
0	0	0	0	0	0	0	0	0	0	0	0	0	0	0	0	0	0	0	0	0	0	0	0	0	0	0	0	0	0	0	0	0	0	0	0	0	0	0	0	0	0	0	0	0	0	0	0	0	0	0	0	0	0	0	0	0	0	0	0	0	0	0	0.588224834990638	0	0	0	0	0.846396036839937	0.883083182366369	0	0	0	0	0	0	0	0	0	0	0	0	0	0.914422019274188	0	0	0	0	0	0
0	0	0	0	0	0	0	0	0	0	0	0	0	0	0	0	0	0	0	0	0	0	0	0	0	0	0	0	0	0	0	0	0	0	0	0	0	0	0	0	0	0	0	0	0	0	0	0	0.665348528653511	0	0	0	0	0	0	0	0	0	0	0.682204378132609	0	0	0	0	0.675675980492025	0	0	0	0	0	0	0	0	0	0	0	0	0.904943513513085	0	0	0	0	0	0	0	0.508421737903077	0	0.641980239218097	0	0
0	0	0	0	0	0	0	0	0	0	0	0	0	0	0	0	0	0	0	0	0	0	0	0	0	0	0	0	0	0	0	0	0	0	0	0	0	0	0	0	0	0	0	0	0	0	0	0	0	0	0	0	0	0	0	0	0	0	0	0	0.761120935268793	0.777606489365838	0	0	0.88200826714546	0.905506365492983	0	0	0	0.590464008085022	0	0	0	0	0	0	0	0	0	0	0	0	0	0	0	0	0	0.578071042093057	0	0
0	0	0	0	0	0	0	0	0	0	0	0	0	0	0	0	0	0	0	0	0	0	0	0	0	0	0	0	0	0	0	0	0	0	0	0	0	0	0	0	0	0	0	0	0	0.885439557331995	0	0.964298070173544	0.883563847791869	0	0	0.581161175019868	0	0	0	0	0	0.58647575322726	0	0.923819848495292	0	0	0.623828500114177	0.526298795402038	0	0	0	0.896778381614448	0	0	0	0	0	0	0.531907553719479	0	0.659406768442583	0	0	0	0	0	0.928019185581254	0	0	0	0	0	0	0
0	0	0	0	0	0	0	0	0	0	0	0	0	0	0	0	0	0	0	0	0	0	0	0	0	0	0	0	0	0	0	0	0	0	0	0	0	0	0	0	0	0	0	0	0	0	0.614628344705412	0	0	0	0	0	0	0	0	0	0	0.729546377664019	0	0	0	0	0	0.980155255072472	0	0	0	0.58638554585469	0	0	0	0	0.733964285265159	0	0	0	0	0	0	0	0	0	0	0	0.586459741268835	0	0	0	0	0
0	0	0	0	0	0	0	0	0	0	0	0	0	0	0	0	0	0	0	0	0	0	0	0	0	0	0	0	0	0	0	0	0	0	0	0	0	0	0	0	0	0	0	0	0	0.639056717196099	0	0	0	0	0	0	0	0	0	0	0	0	0	0	0	0	0	0	0	0	0	0	0	0	0	0	0	0	0	0	0.920974660805589	0.539339906884088	0	0	0.857710612021344	0	0	0	0	0.82847431599059	0	0	0	0
0	0	0	0	0	0	0	0	0	0	0	0	0	0	0	0	0	0	0	0	0	0	0	0	0	0	0	0	0	0	0	0	0	0	0	0	0	0	0	0	0	0	0	0	0	0	0	0	0	0	0	0	0.780619522855429	0	0	0	0	0	0	0	0	0	0	0	0.566420657337698	0.614903424168551	0	0	0.51852315435971	0	0	0	0	0	0	0	0	0	0	0	0	0	0.559273788535469	0	0	0	0	0	0	0
0	0	0	0	0	0	0	0	0	0	0	0	0	0	0	0	0	0	0	0	0	0	0	0	0	0	0	0	0	0	0	0	0	0	0	0	0	0	0	0	0	0	0	0	0	0	0.576357698121645	0	0.527805515233267	0	0	0	0	0	0	0	0	0	0	0	0	0.618276209005803	0	0	0	0	0	0.659072193038968	0	0	0	0.736341880544793	0	0	0	0	0	0	0.900636035496961	0	0	0	0	0	0	0	0	0	0	0
0	0	0	0	0	0	0	0	0	0	0	0	0	0	0	0	0	0	0	0	0	0	0	0	0	0	0	0	0	0	0	0	0	0	0	0	0	0	0	0	0	0	0	0	0	0	0	0	0	0	0	0	0	0	0	0	0	0	0	0	0	0.752216197817581	0	0.876567855845203	0	0	0	0	0	0	0	0.886357130223034	0	0	0	0	0	0	0	0	0	0	0.719965699120678	0	0	0	0	0	0	0
0	0	0	0	0	0	0	0	0	0	0	0	0	0	0	0	0	0	0	0	0	0	0	0	0	0	0	0	0	0	0	0	0	0	0	0	0	0	0	0	0	0	0	0	0	0	0	0.819142240275001	0	0	0.554011992287943	0	0	0	0	0	0	0	0.625040091959509	0	0	0	0	0	0	0	0	0	0	0	0	0.825261661542594	0.764806483603405	0	0	0	0	0	0	0	0	0.510193731930381	0.708863892584733	0	0	0	0.913163357953138	0	0.76415292237037	0
0	0	0	0	0	0	0	0	0	0	0	0	0	0	0	0	0	0	0	0	0	0	0	0	0	0	0	0	0	0	0	0	0	0	0	0	0	0	0	0	0	0	0	0	0	0	0	0	0	0.538130060541044	0	0	0	0	0	0	0	0.758033829684417	0	0	0	0	0	0	0	0	0	0	0.58299446270231	0.738253352550368	0.64478012872001	0	0	0	0.522203980125129	0	0	0	0	0	0	0	0	0	0	0	0.909089716092747	0.783798177103852	0	0
0	0	0	0	0	0	0	0	0	0	0	0	0	0	0	0	0	0	0	0	0	0	0	0	0	0	0	0	0	0	0	0	0	0	0	0	0	0	0	0	0	0	0	0	0	0	0	0.870318584890908	0	0	0	0	0	0	0	0	0	0	0	0	0.884466983587367	0	0	0	0	0.850029438368239	0	0	0	0	0.634611923209288	0	0	0	0.566798674926925	0	0	0	0	0.873839647626903	0.562173408098648	0	0	0	0	0	0	0	0	0
0	0	0	0	0	0	0	0	0	0	0	0	0	0	0	0	0	0	0	0	0	0	0	0	0	0	0	0	0	0	0	0	0	0	0	0	0	0	0	0	0	0	0	0	0	0	0	0	0	0	0.694675422129598	0	0	0	0.993839625324981	0	0	0	0	0	0	0	0	0	0	0	0	0	0	0	0	0	0	0	0	0.616156706174925	0	0.691440390842543	0	0	0	0	0	0	0	0	0	0	0	0
0	0	0	0	0	0	0	0	0	0	0	0	0	0	0	0	0	0	0	0	0	0	0	0	0	0	0	0	0	0	0	0	0	0	0	0	0	0	0	0	0	0	0	0	0	0	0	0	0	0.813963462526554	0	0.735222902470618	0.929010552574009	0	0	0	0	0	0	0	0	0	0	0	0.854389406492912	0	0	0	0	0	0	0.777429329167989	0.772162355178733	0	0	0	0	0	0	0	0	0	0	0	0	0.596033607376332	0	0	0	0
0	0	0	0	0	0	0	0	0	0	0	0	0	0	0	0	0	0	0	0	0	0	0	0	0	0	0	0	0	0	0	0	0	0	0	0	0	0	0	0	0	0	0	0	0	0	0.862827404804503	0	0	0	0	0	0	0	0.735606941083397	0	0.808120446487047	0	0.586361896387174	0	0	0	0	0	0	0	0	0	0	0	0	0	0	0.524236429536497	0	0	0	0	0.847869497438559	0	0	0	0	0	0	0.769716078481545	0.872150141485548	0	0	0
0	0	0	0	0	0	0	0	0	0	0	0	0	0	0	0	0	0	0	0	0	0	0	0	0	0	0	0	0	0	0	0	0	0	0	0	0	0	0	0	0	0	0	0	0	0	0	0.962450602661153	0	0.807806593275561	0.529829550109212	0	0.733421879903356	0	0	0	0	0	0	0	0	0	0	0	0.70940570921149	0	0.767268592481765	0	0	0	0	0	0	0	0	0	0	0.94373557858745	0	0	0	0	0	0	0	0	0	0	0	0
0	0	0	0	0	0	0	0	0	0	0	0	0	0	0	0	0	0	0	0	0	0	0	0	0	0	0	0	0	0	0	0	0	0	0	0	0	0	0	0	0	0	0	0	0	0	0	0	0.808192871846134	0	0	0	0	0	0	0	0	0	0	0	0	0	0.666906347977586	0	0	0	0.685935355475865	0	0	0	0	0	0	0.870277064448009	0	0	0.557753668685975	0	0	0	0	0	0.584443309644312	0.65892065447217	0	0	0	0	0	0
0	0	0	0	0	0	0	0	0	0	0	0	0	0	0	0	0	0	0	0	0	0	0	0	0	0	0	0	0	0	0	0	0	0	0	0	0	0	0	0	0	0	0	0	0	0	0	0	0	0	0	0	0	0	0	0	0	0.528733330357331	0	0.59813293158614	0	0	0	0	0	0	0	0	0.851863321468977	0	0	0	0	0	0	0.730367916063349	0	0	0	0	0.927646776645304	0.996362028249892	0	0	0	0	0	0	0	0
0	0	0	0	0	0	0	0	0	0	0	0	0	0	0	0	0	0	0	0	0	0	0	0	0	0	0	0	0	0	0	0	0	0	0	0	0	0	0	0	0	0	0	0	0	0	0	0	0	0	0	0	0	0	0	0	0	0	0	0	0	0	0	0	0	0	0	0	0	0	0	0	0.580474376278619	0	0	0	0	0	0	0	0	0	0	0	0.757839247722731	0	0	0	0.546893509852704	0
0	0	0	0	0	0	0	0	0	0	0	0	0	0	0	0	0	0	0	0	0	0	0	0	0	0	0	0	0	0	0	0	0	0	0	0	0	0	0	0	0	0	0	0	0	0	0	0	0	0	0	0	0	0	0	0	0	0	0	0	0.794040894688874	0	0	0	0	0	0.934520294459521	0	0	0	0	0	0.819814558698581	0	0	0	0	0	0.882338433274576	0	0	0.724851969430124	0	0	0	0	0	0	0	0
0	0	0	0	0	0	0	0	0	0	0	0	0	0	0	0	0	0	0	0	0	0	0	0	0	0	0	0	0	0	0	0	0	0	0	0	0	0	0	0	0	0	0	0	0	0	0	0	0	0	0	0	0	0	0	0	0	0	0	0	0	0	0	0	0	0	0	0	0	0	0.743211380780844	0	0	0	0	0	0	0	0.979622058814579	0	0.606301566234757	0	0	0.696850942525281	0.739226045996136	0	0	0	0	0
0	0	0	0	0	0	0	0	0	0	0	0	0	0	0	0	0	0	0	0	0	0	0	0	0	0	0	0	0	0	0	0	0	0	0	0	0	0	0	0	0	0	0	0	0	0	0	0	0	0	0	0	0	0	0	0	0	0	0	0	0	0	0	0	0.770037856548541	0	0	0.542445178643521	0	0.952715527799984	0.60513278542087	0	0	0	0	0	0	0.595762879643064	0	0	0	0	0	0	0	0	0	0	0.644928325806216	0
0	0	0	0	0	0	0	0	0	0	0	0	0	0	0	0	0	0	0	0	0	0	0	0	0	0	0	0	0	0	0	0	0	0	0	0	0	0	0	0	0	0	0	0	0	0	0	0	0	0	0	0	0	0	0	0	0	0	0.587944895237801	0	0	0.928379399475887	0	0	0	0	0	0	0	0	0	0	0	0	0	0	0	0.975319972334202	0	0	0	0.9272343311469	0	0	0.66116913979554	0	0.511954687399725	0	0	0
0	0	0	0	0	0	0	0	0	0	0	0	0	0	0	0	0	0	0	0	0	0	0	0	0	0	0	0	0	0	0	0	0	0	0	0	0	0	0	0	0	0	0	0	0	0	0	0	0	0	0	0.94159015618117	0.833562108185642	0	0	0	0.617612844157173	0	0	0	0.838084169817973	0	0	0	0	0.687330567448543	0	0	0	0	0	0	0	0	0	0	0	0	0	0.89890582926306	0	0.632228503035821	0	0.736969266356136	0	0	0.955957514722827	0.702275413474017	0	0.632792403690188
0	0	0	0	0	0	0	0	0	0	0	0	0	0	0	0	0	0	0	0	0	0	0	0	0	0	0	0	0	0	0	0	0	0	0	0	0	0	0	0	0	0	0	0	0	0	0	0	0	0	0	0	0	0	0	0	0	0	0	0	0.971081579299896	0	0.581940356355813	0	0	0	0.580980617806485	0	0	0	0	0	0	0	0.500174339274722	0.930480889733129	0	0	0	0	0	0	0	0	0	0	0	0	0.768875314934788	0
0	0	0	0	0	0	0	0	0	0	0	0	0	0	0	0	0	0	0	0	0	0	0	0	0	0	0	0	0	0	0	0	0	0	0	0	0	0	0	0	0	0	0	0	0	0	0	0	0	0	0	0	0	0	0	0	0	0	0	0	0.512734982075111	0	0	0	0	0	0	0	0	0	0.900556064838932	0.672867440971167	0	0	0	0.502759389753293	0	0	0	0	0	0	0	0.5435446895984	0.849193406005561	0	0	0	0	0
0	0	0	0	0	0	0	0	0	0	0	0	0	0	0	0	0	0	0	0	0	0	0	0	0	0	0	0	0	0	0	0	0	0	0	0	0	0	0	0	0	0	0	0	0	0	0	0	0	0	0	0	0	0	0	0	0	0	0	0	0	0	0.501912428127052	0.648799606988817	0	0	0	0	0	0	0	0.838730234066137	0	0	0	0	0	0	0	0	0	0	0	0	0.816288121558029	0	0	0	0	0
0	0	0	0	0	0	0	0	0	0	0	0	0	0	0	0	0	0	0	0	0	0	0	0	0	0	0	0	0	0	0	0	0	0	0	0	0	0	0	0	0	0	0	0	0	0	0	0	0.928651370142277	0.562334851280109	0	0	0	0.873684750543329	0	0	0	0	0	0	0	0	0	0	0	0	0	0	0	0	0.551272605497289	0	0	0	0	0	0	0	0	0.530743635103702	0	0	0.750355671625329	0	0	0.851526742583551	0	0	0	0
0	0	0	0	0	0	0	0	0	0	0	0	0	0	0	0	0	0	0	0	0	0	0	0	0	0	0	0	0	0	0	0	0	0	0	0	0	0	0	0	0	0	0	0	0	0	0	0.765573060657473	0	0	0	0	0	0	0	0	0.898696612971287	0	0.980430195073879	0	0	0	0	0	0	0	0	0	0	0	0	0	0	0	0	0	0	0	0	0	0	0	0	0	0.530216660921115	0	0	0	0	0
