0	0.940945226787934	0.812514238893146	0.651194338308141	0.681339533550816	0.755402315985316	0.99487161706888	0.779975238545377	0	0	0	0	0	0	0	0	0	0	0	0	0	0	0	0	0	0	0	0	0	0	0	0	0	0	0	0	0	0	0.796047750973035	0.981154205924107	0.603601875982203	0.543171889785899	0.649257079625703	0.654244454763087	0.929063879937321	0	0	0	0	0	0	0	0	0	0	0	0	0	0	0	0	0	0	0	0	0	0	0	0	0	0	0	0	0	0	0	0	0	0	0	0	0	0	0	0	0	0	0	0	0
0.726872545205615	0	0.647589047918379	0.598002797104894	0.71551706282881	0.586456982535952	0.722561495319318	0.716793268490727	0.927364451433479	0	0	0	0	0	0	0	0	0	0	0	0	0	0	0	0	0	0	0	0	0	0	0	0	0	0	0	0	0	0	0.603668669706384	0.751470488094358	0.6502897128686	0.870822287334269	0.693139413070284	0.836538353159543	0	0	0	0	0	0	0	0	0	0	0	0	0	0	0	0	0	0	0	0	0	0	0	0	0	0	0	0	0	0	0	0	0	0	0	0	0	0	0	0	0	0	0	0	0
0.908257951099116	0.619102062473018	0	0.525627501274061	0.653148083600462	0.522480890617147	0.730209080530451	0.591649339844522	0.601194463366186	0.8181793968466	0	0	0	0	0	0.841678508066758	0	0	0	0	0	0	0	0	0	0	0	0	0	0	0	0	0	0	0	0	0	0	0	0	0.514710388455869	0.850663311607576	0.712904351696506	0.807405641721789	0.637652061423509	0	0	0	0	0	0	0	0	0	0	0	0	0	0	0	0	0	0	0	0	0	0	0	0	0	0	0	0	0	0	0	0	0	0	0	0	0	0	0	0	0	0	0	0	0
0.645184384895978	0.620567857284446	0.60277474160094	0	0.811144068203057	0.753720292042223	0.684721177688753	0.644013951164649	0.781093440229248	0.949244787658846	0.939814009302512	0	0	0	0	0	0	0	0	0	0	0	0	0	0	0	0	0	0	0	0	0	0	0	0	0	0	0	0	0	0	0.629235357743485	0	0.719560276556682	0.578597649256448	0	0	0	0	0	0	0	0	0	0	0	0	0	0	0	0	0	0	0	0	0	0	0	0	0	0	0	0	0	0	0	0	0	0	0	0	0	0	0	0	0	0	0	0	0
0.794702713919535	0.934946152540286	0.53976177854803	0.664949987954087	0	0.548858693459628	0.688994224547288	0.844833656277725	0.698847932207523	0.796070658914381	0.71750991033013	0.680733669054284	0	0	0	0	0	0	0	0	0	0	0	0	0	0	0	0	0	0	0	0	0	0	0	0	0	0	0	0	0	0	0.634291465063566	0.846193605105706	0.782555094568471	0	0	0	0	0	0	0	0	0	0	0	0	0	0	0	0	0	0	0	0	0	0	0	0	0	0	0	0	0	0	0	0	0	0	0	0	0	0	0	0	0	0	0	0	0
0.755263516742797	0.618904282600065	0.994451044192813	0.615133301725985	0.631559049425195	0	0.985178393017525	0.626684350366191	0.942269693286379	0.76795218093507	0.897576557857924	0.791986280419155	0.61440556491823	0	0	0	0	0	0	0	0	0	0	0	0	0	0	0	0	0	0	0	0	0	0	0	0	0	0	0	0	0	0	0.809559261966514	0.529464603593001	0	0	0	0	0	0	0	0	0	0	0	0	0	0	0	0	0	0	0	0	0	0	0	0	0	0	0	0	0	0	0	0	0	0	0	0	0	0	0	0	0	0	0	0	0
0.67549194522369	0.962370066472943	0.734682697238827	0.844135825507577	0.502995798670345	0.635358269097366	0	0.773330252413118	0.912377442967895	0.71633260494462	0.710859888244196	0.683621022893053	0.752747624506847	0.847398685242893	0	0	0	0	0	0	0	0	0	0	0	0	0	0	0	0	0	0	0	0	0	0	0	0	0	0	0	0	0	0	0.848432347424547	0	0	0	0	0	0	0	0	0	0	0	0	0	0	0	0	0	0	0	0	0	0	0	0	0	0	0	0	0	0	0	0	0	0	0	0	0	0	0	0	0	0	0	0	0
0.529983812844662	0.604535205913986	0.565144402027606	0.913021234462203	0.972099186250016	0.610863618815894	0.670400147490761	0	0.634750637167866	0.78283050448044	0.722100696095593	0.994092076417219	0	0.974019052013096	0.874765503989281	0	0	0	0	0	0	0	0	0	0	0	0	0	0	0	0	0	0	0	0	0	0	0	0	0	0	0	0	0.658966394015877	0	0	0	0	0	0	0	0	0	0	0	0	0	0	0	0	0	0	0	0	0	0	0	0	0	0	0	0	0	0	0	0	0	0	0	0	0	0	0	0	0	0	0	0	0	0
0	0.822619010421365	0.57900224165884	0.696752809367473	0.555860565043179	0.901046054700746	0.817595022735464	0.548589575907833	0	0.507607205175374	0.555311993635498	0.865183320637768	0.867356478086092	0.595551015796248	0.588677065149344	0.842550594122473	0	0	0	0	0	0	0	0	0	0	0	0	0	0	0	0	0	0	0	0	0	0	0	0	0	0	0	0	0	0	0	0	0	0	0	0	0	0	0	0	0	0	0	0	0	0	0	0	0	0	0	0	0	0	0	0	0	0	0	0	0	0	0	0	0	0	0	0	0	0	0	0	0	0
0	0	0.696789635674197	0.518470492137009	0.951250162516975	0.833090360425824	0.768527407926134	0.863061367521943	0.652447472799312	0	0.929469150673683	0.837560951343559	0.89639186615227	0.699393679403136	0.760509766427162	0.993854242179957	0.975455932029993	0	0	0	0	0	0	0	0	0	0	0	0	0	0	0	0	0	0	0	0	0	0	0	0	0	0	0	0	0	0	0	0	0	0	0	0	0	0	0	0	0	0	0	0	0	0	0	0	0	0	0	0	0	0	0	0	0	0	0	0	0	0	0	0	0	0	0	0	0	0	0	0	0
0	0	0	0.625618324526274	0.974521618136777	0.541055041384734	0.603055705621024	0.5039903990735	0.867094697651193	0.869679319622423	0	0.638215815456193	0.70068835234216	0.646905224498993	0.923358576904576	0.925328271640497	0.987584882702818	0.944302433513903	0	0	0	0	0	0	0	0	0	0	0	0	0	0	0	0	0	0	0	0	0	0	0	0	0	0	0	0	0	0	0	0	0	0	0	0	0	0	0	0	0	0	0	0	0	0	0	0	0	0	0	0	0	0	0	0	0	0	0	0	0	0	0	0	0	0	0	0	0	0	0	0
0	0	0	0	0.824005560705261	0.836713317294071	0.707177858025827	0.808166137041064	0.898999811408179	0.686496924462407	0.92751544220347	0	0.696874028689629	0.889047793238384	0.984034728557814	0.900192820258279	0.925017348342265	0.969346703685632	0.783365344548006	0	0	0	0	0	0	0	0	0	0	0	0	0	0	0	0	0	0	0	0	0	0	0	0	0	0	0	0	0	0	0	0	0	0	0	0	0	0	0	0	0	0	0	0	0	0	0	0	0	0	0	0	0	0	0	0	0	0	0	0	0	0	0	0	0	0	0	0	0	0	0
0	0	0	0	0	0.936957101097313	0.511175600492314	0	0.567904506843893	0.847230975800199	0.573554258481316	0.965600777656164	0	0.880713545921344	0.997491675634364	0.536036831830002	0.73676859345581	0.551493864033696	0.65381855780604	0.889340770962332	0	0	0	0	0	0	0	0	0	0	0	0	0	0	0	0	0	0	0	0	0	0	0	0	0	0	0	0	0	0	0	0	0	0	0	0	0	0	0	0	0	0	0	0	0	0	0	0	0	0	0	0	0	0	0	0	0	0	0	0	0	0	0	0	0	0	0	0	0	0
0	0	0	0	0	0	0.968038658505279	0.935268732465931	0.797540797887404	0.704431842883968	0.975528418780542	0.966127767348825	0.519545719831563	0	0.571446112192048	0.947889724532688	0.916474456202106	0.643045747577877	0.968514262555448	0.633094442375875	0.913899334688205	0	0	0	0	0	0	0	0	0	0	0	0	0	0	0	0	0	0	0	0	0	0.608667050739689	0	0	0	0	0	0	0	0	0	0	0	0	0	0	0	0	0	0	0	0	0	0	0	0	0	0	0	0	0	0	0	0	0	0	0	0	0	0	0	0	0	0	0	0	0	0	0
0	0	0	0	0	0	0	0.552904796973312	0.806607149151171	0.747582703467255	0.663407184403515	0.734024662363504	0.541641105604589	0.949939482740512	0	0.93288859967179	0.606500590399631	0.830975063585943	0.928642103195192	0.537028797336742	0.939680855954393	0.656749812429866	0	0	0	0	0	0	0	0	0	0	0	0	0	0	0	0	0	0	0	0	0	0	0	0	0	0	0	0	0	0	0	0	0	0	0	0	0	0	0	0	0	0	0	0	0	0	0	0	0	0	0	0	0	0	0	0	0	0	0	0	0	0	0	0	0	0	0	0
0	0	0.92056637338663	0	0	0	0	0	0.723894790017739	0.940674728781771	0.836249576416337	0.735011398388768	0.888368403602194	0.892853366226281	0.857761969640987	0	0.675637497247994	0.881317923252498	0.617014777978669	0.858547633780986	0.676083434143197	0	0.528401789763826	0	0	0	0	0	0	0	0	0	0	0	0	0	0	0	0	0	0	0	0	0	0	0	0	0	0	0	0	0	0	0	0	0	0	0	0	0	0	0	0	0	0	0	0	0	0	0	0	0	0	0	0	0	0	0	0	0	0	0	0	0	0	0	0	0	0	0
0	0	0	0	0	0	0	0	0	0.532228364082717	0.714152647793564	0.975892976296777	0.735214625573021	0.723126160853759	0.575214989689515	0.989930730070785	0	0.564189913447218	0.696287909546895	0.70877205075501	0.617123016158179	0.580043478889362	0.754045409539304	0.922603604342725	0	0	0	0	0	0	0	0	0	0	0	0	0	0	0	0	0	0	0	0	0	0	0	0	0	0	0	0	0	0	0	0	0	0	0	0	0	0	0	0	0	0	0	0	0	0	0	0	0	0	0	0	0	0	0	0	0	0	0	0	0	0	0	0	0	0
0	0	0	0	0	0	0	0	0	0	0.820256736176809	0.80629840018661	0.958621865399048	0.853281578773935	0.798107164127351	0.544810552192927	0.718468684161896	0	0.551323293614921	0.887932251211817	0.534374097043876	0.918786217429263	0.751611219177309	0.944342445537846	0.648413212396127	0	0	0	0	0	0	0	0	0	0	0	0	0	0	0	0	0	0	0	0	0	0	0	0	0	0	0	0	0	0	0	0	0	0	0	0	0	0	0	0	0	0	0	0	0	0	0	0	0	0	0	0	0	0	0	0	0	0	0	0	0	0	0	0	0
0	0	0	0	0	0	0	0	0	0	0	0.90306151843526	0.830848574482081	0.824083775406694	0.746801518862129	0.513069017587894	0.600499090631664	0.70063844957759	0	0.783828315874532	0.868738253056441	0.634452400665218	0.748573779474957	0.891375059531723	0.816237240821964	0.511358904569966	0	0	0	0	0	0	0	0	0	0	0	0	0	0	0	0	0	0	0	0	0	0	0	0	0	0	0	0	0	0	0	0	0	0	0	0	0	0	0	0	0	0	0	0	0	0	0	0	0	0	0	0	0	0	0	0	0	0	0	0	0	0	0	0
0	0	0	0	0	0	0	0	0	0	0	0	0.613811765155957	0.726572131497275	0.645894673435466	0.53076535645924	0.724810844204874	0.982491505341965	0.825442667157916	0	0.543616704138371	0.976268846707022	0.538336068900475	0.510837414243313	0.582954815790415	0.905105816482401	0.755419645519982	0	0	0	0	0	0	0	0	0	0	0	0	0	0	0	0	0	0	0	0	0	0	0	0	0	0	0	0	0	0	0	0	0	0	0	0	0	0	0	0	0	0	0	0	0	0	0	0	0	0	0	0	0	0	0	0	0	0	0	0	0	0	0
0	0	0	0	0	0	0	0	0	0	0	0	0	0.876284188793966	0.849508310105454	0.94613763539111	0.69948549514831	0.695677304208994	0.957052786619119	0.927205922838491	0	0.973013925424383	0.685390664213284	0.574607118883194	0.528558824773251	0.885063496616791	0.779761576600545	0.559398362320449	0	0	0	0	0	0	0	0	0	0	0	0	0	0	0	0	0	0	0	0	0	0	0	0	0	0	0	0	0	0	0	0	0	0	0	0	0	0	0	0	0	0	0	0	0	0	0	0	0	0	0	0	0	0	0	0	0	0	0	0	0	0
0	0	0	0	0	0	0	0	0	0	0	0	0	0	0.855435952587185	0	0.870503716202616	0.698760918225822	0.689003229884359	0.581360627277804	0.852384938659212	0	0.849292627792878	0.599994934034988	0.641291964875409	0.650186274136063	0.61066258285765	0.982430133953908	0.626609335120599	0	0	0	0	0	0	0	0	0	0	0	0	0	0	0	0	0	0	0	0	0	0	0	0	0	0	0	0	0	0	0	0	0	0	0	0	0	0	0	0	0	0	0	0	0	0	0	0	0	0	0	0	0	0	0	0	0	0	0	0	0
0	0	0	0	0	0	0	0	0	0	0	0	0	0	0	0.647016822691739	0.58843046539633	0.949066697895239	0.979824255234503	0.701042573038928	0.606982966060051	0.631539441586148	0	0.82042847731176	0.767429417668009	0.619390097576909	0.727122437587842	0.744229216516948	0.805895329151403	0.575254552001296	0	0	0	0	0	0	0	0	0	0	0	0	0	0	0	0	0	0	0	0	0	0	0	0	0	0	0	0	0	0	0	0	0	0	0	0	0	0	0	0	0	0	0	0	0	0	0	0	0	0	0	0	0	0	0	0	0	0	0	0
0	0	0	0	0	0	0	0	0	0	0	0	0	0	0	0	0.569639354445899	0.835026508537795	0.842996173454996	0.680888019129368	0.557488920479536	0.910376191362386	0.943711877698144	0	0.906192414217735	0.909718264856547	0.864434135121902	0.666823446490431	0.982656627301635	0.66593662719521	0.960184752705877	0	0	0	0	0	0	0	0	0	0	0	0	0	0	0	0	0	0	0	0	0	0	0	0	0	0	0	0	0	0	0	0	0	0	0	0	0	0	0	0	0	0	0	0	0	0	0	0	0	0	0	0	0	0	0	0	0	0	0
0	0	0	0	0	0	0	0	0	0	0	0	0	0	0	0	0	0.832624449774106	0.920304973700316	0.686020242639632	0.680276012141452	0.748402629048338	0.743614221093259	0.599735960931334	0	0.603120213420532	0.930004084560854	0.992881529534973	0.701146809758773	0.943637458246987	0.540523925800193	0.89211171897536	0	0	0	0	0	0	0	0	0	0	0	0	0	0	0	0	0	0	0	0	0	0	0	0	0	0	0	0	0	0	0	0	0	0	0	0	0	0	0	0	0	0	0	0	0	0	0	0	0	0	0	0	0	0	0	0	0	0
0	0	0	0	0	0	0	0	0	0	0	0	0	0	0	0	0	0	0.628340012697457	0.900498372000302	0.844111266788625	0.632161439631385	0.751336220603329	0.930010143843513	0.754149909416328	0	0.888865053193548	0.595500068303924	0.562454427284273	0.626749833458639	0.551536245887882	0.570538472425926	0.69075678930373	0	0	0	0	0	0	0	0	0	0	0	0	0	0	0	0	0	0	0	0	0	0	0	0	0	0	0	0	0	0	0	0	0	0	0	0	0	0	0	0	0	0	0	0	0	0	0	0	0	0	0	0	0	0	0	0	0
0	0	0	0	0	0	0	0	0	0	0	0	0	0	0	0	0	0	0	0.556555301678427	0.624357045713571	0.917359911027632	0.629646710236596	0.906445698527042	0.720471118081782	0.513188385049131	0	0.639740036478696	0.911740927944038	0.65222853915679	0.705628037297688	0.589636934361324	0.877960921659204	0.715895435895837	0	0	0	0	0	0	0	0	0	0	0	0	0	0	0	0	0	0	0	0	0	0	0	0	0	0	0	0	0	0	0	0	0	0	0	0	0	0	0	0	0	0	0	0	0	0	0	0	0	0	0	0	0	0	0	0
0	0	0	0	0	0	0	0	0	0	0	0	0	0	0	0	0	0	0	0	0.700174361095761	0.806428851524467	0.853256591086997	0.542682039052757	0.618409797665486	0.524173170557765	0.992222564775559	0	0.650182338434524	0.824287991461972	0.877394985564945	0.935607587142702	0.518979803236318	0.745914204534732	0.883748934892127	0	0	0	0	0	0	0	0	0	0	0	0	0	0	0	0	0	0	0	0	0	0	0	0	0	0	0	0	0	0	0	0	0	0	0	0	0	0	0	0	0	0	0	0	0	0	0	0	0	0	0	0	0	0	0
0	0	0	0	0	0	0	0	0	0	0	0	0	0	0	0	0	0	0	0	0	0.925132090232958	0.985986283249336	0.992199166771712	0.512148171840035	0.807009893773202	0.657543099101043	0.85089714036285	0	0.80205347361048	0.968588577637111	0.526276337787717	0.790743394988242	0.739532716745323	0.506858549536816	0.934204674979202	0	0	0	0	0	0	0	0	0	0	0	0	0	0	0	0	0	0	0	0	0	0	0	0	0	0	0	0	0	0	0	0	0	0	0	0	0	0	0	0	0	0	0	0	0	0	0	0	0	0	0	0	0	0
0	0	0	0	0	0	0	0	0	0	0	0	0	0	0	0	0	0	0	0	0	0	0.518884633686723	0.79937889061797	0.543828877974544	0.897008036148607	0.550694882276457	0.615286911780061	0.913755888360209	0	0.949066055438095	0.531487809537961	0.559889601759233	0.590188861243353	0.628359292338119	0.738803121871241	0.775006119521452	0	0	0	0	0	0	0	0	0	0	0	0	0	0	0	0	0	0	0	0	0	0	0	0	0	0	0	0	0	0	0	0	0	0	0	0	0	0	0	0	0	0	0	0	0	0	0	0	0	0	0	0	0
0	0	0	0	0	0	0	0	0	0	0	0	0	0	0	0	0	0	0	0	0	0	0	0.778587341855117	0.643899339045117	0.69152633523357	0.815997291764422	0.962455103077945	0.500172362063266	0.69343370941439	0	0.866917459180174	0.610745454294597	0.896618118544536	0.752788396659155	0.91523476989485	0.533797962865992	0.799439575672193	0	0	0	0	0	0	0	0	0	0	0	0	0	0	0	0	0	0	0	0	0	0	0	0	0	0	0	0	0	0	0	0	0	0	0	0	0	0	0	0	0	0	0	0	0	0	0	0	0	0	0	0
0	0	0	0	0	0	0	0	0	0	0	0	0	0	0	0	0	0	0	0	0	0	0	0	0.699691244955485	0.913078883812908	0.987413300361255	0.892901455461485	0.533602061614413	0.501867763583678	0.767530586699179	0	0.539594990773724	0.850354042236827	0.820637924091292	0.601136269438372	0.965531443158396	0.750632711970371	0.802247915599055	0	0	0	0	0	0	0	0	0	0	0	0	0	0	0	0	0	0	0	0	0	0	0	0	0	0	0	0	0	0	0	0	0	0	0	0	0	0	0	0	0	0	0	0	0	0	0	0	0	0	0
0	0	0	0	0	0	0	0	0	0	0	0	0	0	0	0	0	0	0	0	0	0	0	0	0	0.565450416931025	0.906983790335878	0.918827762619318	0.680710344526314	0.739388757118246	0.567897687094625	0.845597699994767	0	0.895467324539067	0.713301376440427	0.555290443239217	0.689310692641038	0.956637413817831	0.575548044986197	0.832466248654566	0	0	0	0	0	0	0	0	0	0	0	0	0	0	0	0	0	0	0	0	0	0	0	0	0	0	0	0	0	0	0	0	0	0	0	0	0	0	0	0	0	0	0	0	0	0	0	0	0	0
0	0	0	0	0	0	0	0	0	0	0	0	0	0	0	0	0	0	0	0	0	0	0	0	0	0	0.823967784627976	0.632024940145534	0.773143788128939	0.993349055302625	0.94592780550226	0.502615954754079	0.9754360922171	0	0.823439685476122	0.625649311477323	0.905504607092608	0.551664788821591	0.735452178706907	0.618765812740487	0.619016585971686	0	0	0	0	0	0	0	0	0	0	0	0	0	0	0	0	0	0	0	0	0	0	0	0	0	0	0	0	0	0	0	0	0	0	0	0	0	0	0	0	0	0	0	0	0	0	0	0	0
0	0	0	0	0	0	0	0	0	0	0	0	0	0	0	0	0	0	0	0	0	0	0	0	0	0	0	0.98099776433147	0.531778296580048	0.764875266535795	0.548230799364032	0.548045048785766	0.501862335271026	0.647907385709926	0	0.588249570431056	0.925345871790891	0.636959237776789	0.994745286123564	0.856332096196346	0.64402615214002	0.753358061599156	0	0	0	0	0	0	0	0	0	0	0	0	0	0	0	0	0	0	0	0	0	0	0	0	0	0	0	0	0	0	0	0	0	0	0	0	0	0	0	0	0	0	0	0	0	0	0	0
0	0	0	0	0	0	0	0	0	0	0	0	0	0	0	0	0	0	0	0	0	0	0	0	0	0	0	0	0.961960855479229	0.53482214745379	0.561553156055217	0.566695355183211	0.771829602192361	0.67108148939248	0.775477495122169	0	0.714243188101498	0.690142535086036	0.818981665949179	0.902517736100432	0.807940312769238	0.605507968246622	0.500777085320328	0	0	0	0	0	0	0	0	0	0	0	0	0	0	0	0	0	0	0	0	0	0	0	0	0	0	0	0	0	0	0	0	0	0	0	0	0	0	0	0	0	0	0	0	0	0	0
0	0	0	0	0	0	0	0	0	0	0	0	0	0	0	0	0	0	0	0	0	0	0	0	0	0	0	0	0	0.5972401785724	0.911553792742151	0.562023626929711	0.725258072185711	0.832342386918806	0.894496461933041	0.71730395049326	0	0.847593320770617	0.820344422779509	0.784892422544001	0.790163999753716	0.643090123304465	0.535299736811655	0.752606428294899	0	0	0	0	0	0	0	0	0	0	0	0	0	0	0	0	0	0	0	0	0	0	0	0	0	0	0	0	0	0	0	0	0	0	0	0	0	0	0	0	0	0	0	0	0	0
0	0	0	0	0	0	0	0	0	0	0	0	0	0	0	0	0	0	0	0	0	0	0	0	0	0	0	0	0	0	0.619958880104732	0.631175011813035	0.709631663819775	0.967356516782624	0.607080733263133	0.661668692549442	0.558427835135034	0	0.719862574206515	0.516441816414807	0.554000183634224	0.946252779021132	0.960332901902377	0.954168570708811	0.917718818672484	0	0	0	0	0	0	0	0	0	0	0	0	0	0	0	0	0	0	0	0	0	0	0	0	0	0	0	0	0	0	0	0	0	0	0	0	0	0	0	0	0	0	0	0	0
0.846618712876902	0	0	0	0	0	0	0	0	0	0	0	0	0	0	0	0	0	0	0	0	0	0	0	0	0	0	0	0	0	0	0.779395064597511	0.814723005619976	0.779693659890431	0.81932344009475	0.971876311491927	0.521600864228962	0.869530972126549	0	0.762479769030785	0.99746548629454	0.781463392377613	0.759324265833407	0.91841587738899	0.999669319568651	0	0	0	0	0	0	0	0	0	0	0	0	0	0	0	0	0	0	0	0	0	0	0	0	0	0	0	0	0	0	0	0	0	0	0	0	0	0	0	0	0	0	0	0	0
0.600959461350125	0.998428403872633	0	0	0	0	0	0	0	0	0	0	0	0	0	0	0	0	0	0	0	0	0	0	0	0	0	0	0	0	0	0	0.520282912239064	0.902420567586114	0.71863670855144	0.739025776561102	0.53008965112449	0.925660604509035	0.813235734041671	0	0.985666610086034	0.938553420778499	0.579550128128705	0.643585802593439	0.784834698901421	0	0	0	0	0	0	0	0	0	0	0	0	0	0	0	0	0	0	0	0	0	0	0	0	0	0	0	0	0	0	0	0	0	0	0	0	0	0	0	0	0	0	0	0	0
0.964002037250561	0.543662693829145	0.998829565401509	0	0	0	0	0	0	0	0	0	0	0	0	0	0	0	0	0	0	0	0	0	0	0	0	0	0	0	0	0	0	0.629089769680739	0.99880840644108	0.60987192587354	0.693180150554203	0.519553853264222	0.722046859851968	0.768406580706893	0	0.513460825634776	0.677656065762513	0.586481367425049	0.5140343810098	0	0	0	0	0	0	0	0	0	0	0	0	0	0	0	0	0	0	0	0	0	0	0	0	0	0	0	0	0	0	0	0	0	0	0	0	0	0	0	0	0	0	0	0	0
0.753628319264427	0.962863541162183	0.627636497514621	0.605601511689699	0	0	0	0	0	0	0	0	0	0	0	0	0	0	0	0	0	0	0	0	0	0	0	0	0	0	0	0	0	0	0.505134526662962	0.537242968346591	0.68441626434613	0.51168300363541	0.690680157514137	0.774104143142548	0.762559936520033	0	0.95085999217479	0.558225813365366	0.806823411572757	0	0	0	0	0	0	0	0	0	0	0	0	0	0	0	0	0	0	0	0	0	0	0	0	0	0	0	0	0	0	0	0	0	0	0	0	0	0	0	0	0	0	0	0	0
0.68111435135335	0.716089693057701	0.900299447052459	0	0.720387204750576	0	0	0	0	0	0	0	0	0.764735979522902	0	0	0	0	0	0	0	0	0	0	0	0	0	0	0	0	0	0	0	0	0	0.792777883225993	0.81180107212461	0.735992554746964	0.753146169930972	0.569798817844842	0.522709357086247	0.763710423141343	0	0.897973228484869	0.890527009780536	0	0	0	0	0	0	0	0	0	0	0	0	0	0	0	0	0	0	0	0	0	0	0	0	0	0	0	0	0	0	0	0	0	0	0	0	0	0	0	0	0	0	0	0	0
0.603068741509297	0.509474369416451	0.547029899172455	0.534193549458955	0.96241065894002	0.965842272203652	0	0.795293712266998	0	0	0	0	0	0	0	0	0	0	0	0	0	0	0	0	0	0	0	0	0	0	0	0	0	0	0	0	0.987088355174007	0.960199601226588	0.647780617543798	0.568464523304592	0.951232464163911	0.660922976193877	0.827646556125797	0	0.774896989493536	0	0	0	0	0	0	0	0	0	0	0	0	0	0	0	0	0	0	0	0	0	0	0	0	0	0	0	0	0	0	0	0	0	0	0	0	0	0	0	0	0	0	0	0	0
0.584023563018531	0.963792230484411	0.961155686558172	0.547264152979	0.750271374258876	0.916462928154694	0.989164072142123	0	0	0	0	0	0	0	0	0	0	0	0	0	0	0	0	0	0	0	0	0	0	0	0	0	0	0	0	0	0	0.908274838214401	0.94978350317509	0.629643590627441	0.51695304877024	0.927847896341781	0.601493285714612	0.541341296002206	0	0	0	0	0	0	0	0	0	0	0	0	0	0	0	0	0	0	0	0	0	0	0	0	0	0	0	0	0	0	0	0	0	0	0	0	0	0	0	0	0	0	0	0	0	0
0	0	0	0	0	0	0	0	0	0	0	0	0	0	0	0	0	0	0	0	0	0	0	0	0	0	0	0	0	0	0	0	0	0	0	0	0	0	0	0	0	0	0	0	0	0	0	0	0	0	0	0	0	0	0	0	0	0	0	0	0.65382039340015	0	0	0.626067194600824	0	0	0	0	0	0	0	0	0	0	0	0	0.79330203123505	0	0	0	0	0	0	0	0	0	0	0	0	0
0	0	0	0	0	0	0	0	0	0	0	0	0	0	0	0	0	0	0	0	0	0	0	0	0	0	0	0	0	0	0	0	0	0	0	0	0	0	0	0	0	0	0	0	0	0	0	0	0	0.718272740115656	0	0	0	0	0	0	0	0	0	0	0.595422029035007	0.84985866378901	0	0	0.611612658338218	0	0	0	0	0	0.569763915544508	0	0	0	0	0	0	0.550537594115907	0	0	0	0	0	0.556032536854847	0	0	0	0	0	0.713948997991524
0	0	0	0	0	0	0	0	0	0	0	0	0	0	0	0	0	0	0	0	0	0	0	0	0	0	0	0	0	0	0	0	0	0	0	0	0	0	0	0	0	0	0	0	0	0	0	0	0.835181715567037	0	0	0	0	0	0	0	0	0	0	0	0	0.589889200673998	0	0	0	0	0	0	0	0	0	0	0	0	0.538673412597558	0	0	0	0.519875075417376	0	0	0	0	0	0	0	0	0	0	0
0	0	0	0	0	0	0	0	0	0	0	0	0	0	0	0	0	0	0	0	0	0	0	0	0	0	0	0	0	0	0	0	0	0	0	0	0	0	0	0	0	0	0	0	0	0	0	0.694415546710596	0	0	0	0	0	0	0	0	0	0	0	0	0	0	0	0.822506980919019	0.572826272966237	0	0	0	0	0	0	0	0	0	0	0	0	0	0	0.57856363645487	0	0.775559290247212	0	0	0	0	0	0	0	0
0	0	0	0	0	0	0	0	0	0	0	0	0	0	0	0	0	0	0	0	0	0	0	0	0	0	0	0	0	0	0	0	0	0	0	0	0	0	0	0	0	0	0	0	0	0	0.678063132208178	0	0	0	0	0	0.85218956756239	0	0	0	0	0	0	0	0	0	0	0	0	0	0	0	0	0	0.689568981681193	0	0	0	0	0.958014242204546	0.659740750947023	0	0	0	0	0	0	0	0.507578664537726	0	0	0	0	0
0	0	0	0	0	0	0	0	0	0	0	0	0	0	0	0	0	0	0	0	0	0	0	0	0	0	0	0	0	0	0	0	0	0	0	0	0	0	0	0	0	0	0	0	0	0	0	0	0	0	0	0	0	0	0.690732732189857	0	0	0.78236700064343	0	0	0	0	0	0	0	0	0	0	0	0	0	0	0	0	0	0	0	0	0	0	0	0	0	0	0	0	0	0.921864797242007	0	0.51295288937285
0	0	0	0	0	0	0	0	0	0	0	0	0	0	0	0	0	0	0	0	0	0	0	0	0	0	0	0	0	0	0	0	0	0	0	0	0	0	0	0	0	0	0	0	0	0	0	0	0	0	0	0	0	0	0	0.709229771116744	0	0	0	0	0	0.950864231500995	0	0	0	0	0	0	0	0	0	0	0	0	0.769507041156286	0	0	0	0	0	0	0	0	0	0	0.938784550868663	0	0	0	0
0	0	0	0	0	0	0	0	0	0	0	0	0	0	0	0	0	0	0	0	0	0	0	0	0	0	0	0	0	0	0	0	0	0	0	0	0	0	0	0	0	0	0	0	0	0	0	0	0	0.547721551510497	0	0	0	0	0	0	0.740756394235975	0.707811745399662	0	0	0	0	0	0	0.964453078284197	0	0	0	0	0	0	0	0	0	0	0	0	0.640402708033517	0.715650145708028	0	0	0	0	0	0	0	0	0	0.886257993405474	0
0	0	0	0	0	0	0	0	0	0	0	0	0	0	0	0	0	0	0	0	0	0	0	0	0	0	0	0	0	0	0	0	0	0	0	0	0	0	0	0	0	0	0	0	0	0	0	0	0	0	0	0	0	0	0	0.587815959507934	0.895135626069846	0	0	0	0	0	0	0.524331336162867	0	0	0	0	0.641598843019067	0	0	0	0	0	0	0	0	0	0	0	0	0	0	0	0	0	0	0	0	0
0	0	0	0	0	0	0	0	0	0	0	0	0	0	0	0	0	0	0	0	0	0	0	0	0	0	0	0	0	0	0	0	0	0	0	0	0	0	0	0	0	0	0	0	0	0	0	0	0	0	0.569293714653809	0	0	0	0	0	0	0	0	0	0	0	0	0.853733676131751	0	0	0	0	0	0	0.888998004240192	0	0	0	0.825320075569909	0	0	0	0	0	0.70533492657446	0	0	0	0	0	0	0	0	0
0	0	0	0	0	0	0	0	0	0	0	0	0	0	0	0	0	0	0	0	0	0	0	0	0	0	0	0	0	0	0	0	0	0	0	0	0	0	0	0	0	0	0	0	0	0	0	0	0	0	0	0.794102379891768	0	0.883133118644931	0	0	0	0	0	0	0	0	0	0.96063969509737	0	0	0	0	0	0.573516663439188	0	0	0	0	0	0	0	0	0	0	0	0	0	0	0.815680025819812	0	0	0	0	0
0	0	0	0	0	0	0	0	0	0	0	0	0	0	0	0	0	0	0	0	0	0	0	0	0	0	0	0	0	0	0	0	0	0	0	0	0	0	0	0	0	0	0	0	0	0	0	0	0	0	0	0	0.662487241715954	0.83786436601002	0	0	0	0	0	0	0	0.81278321738369	0	0	0	0	0	0	0	0	0	0.984096203734909	0	0.970285561758519	0	0	0	0	0	0	0	0	0	0	0	0	0	0.754666526910674	0	0
0	0	0	0	0	0	0	0	0	0	0	0	0	0	0	0	0	0	0	0	0	0	0	0	0	0	0	0	0	0	0	0	0	0	0	0	0	0	0	0	0	0	0	0	0	0	0	0	0	0	0.875040537557089	0	0.901941661576051	0	0	0	0	0	0	0	0	0	0	0	0.534277650490151	0	0	0	0	0	0	0.830708758460228	0	0	0	0	0	0	0	0	0	0	0	0	0	0	0	0	0	0
0	0	0	0	0	0	0	0	0	0	0	0	0	0	0	0	0	0	0	0	0	0	0	0	0	0	0	0	0	0	0	0	0	0	0	0	0	0	0	0	0	0	0	0	0	0	0	0	0	0	0	0	0	0	0	0	0	0	0	0	0	0	0	0	0.927703907158953	0	0	0	0	0	0	0	0.969534475017697	0	0	0	0	0.913061494327015	0	0	0	0	0	0.638861733136968	0	0	0	0	0	0
0	0	0	0	0	0	0	0	0	0	0	0	0	0	0	0	0	0	0	0	0	0	0	0	0	0	0	0	0	0	0	0	0	0	0	0	0	0	0	0	0	0	0	0	0	0	0	0	0	0	0	0	0	0	0	0	0	0	0	0	0.760849369813341	0	0.891533921709432	0	0	0	0	0	0.525864129894818	0	0	0	0	0	0	0	0	0	0	0	0	0	0.992378522223496	0	0	0	0	0.969941647859724	0	0
0	0	0	0	0	0	0	0	0	0	0	0	0	0	0	0	0	0	0	0	0	0	0	0	0	0	0	0	0	0	0	0	0	0	0	0	0	0	0	0	0	0	0	0	0	0.502544270972855	0.728919214768968	0	0	0	0	0	0	0	0	0	0	0	0	0.550036380319048	0	0.822517747441835	0.939774200736624	0	0	0	0	0	0	0.795032904777265	0	0.517423564844145	0	0	0	0	0	0	0	0	0	0	0	0	0	0	0	0	0	0
0	0	0	0	0	0	0	0	0	0	0	0	0	0	0	0	0	0	0	0	0	0	0	0	0	0	0	0	0	0	0	0	0	0	0	0	0	0	0	0	0	0	0	0	0	0	0.992951854506074	0.852670390434437	0	0	0	0.925009730830919	0	0	0	0	0.798992459651799	0	0	0	0.756619741431295	0	0	0	0	0.707612521551376	0	0	0.565877122242102	0.631854761879167	0	0	0	0	0	0	0	0.743401905717415	0.613271014129525	0	0	0	0	0	0	0	0	0	0	0.76393374383668
0	0	0	0	0	0	0	0	0	0	0	0	0	0	0	0	0	0	0	0	0	0	0	0	0	0	0	0	0	0	0	0	0	0	0	0	0	0	0	0	0	0	0	0	0	0	0	0	0	0	0	0	0	0	0	0	0	0	0	0.741742242181313	0.875504434520727	0	0	0.636295084640256	0.525272801440011	0	0.958151895583704	0	0	0	0	0	0.703837804055798	0	0	0	0	0	0.565723665073293	0	0	0	0	0	0	0	0	0	0	0
0	0	0	0	0	0	0	0	0	0	0	0	0	0	0	0	0	0	0	0	0	0	0	0	0	0	0	0	0	0	0	0	0	0	0	0	0	0	0	0	0	0	0	0	0	0.701181486655021	0	0	0.900317231514334	0	0	0	0	0.740799760179097	0.531098802122395	0.602884039049367	0	0	0	0	0	0	0.999294196753296	0	0	0.77548577538715	0	0	0	0	0	0	0	0	0	0	0	0	0	0	0	0	0	0	0	0	0	0	0	0
0	0	0	0	0	0	0	0	0	0	0	0	0	0	0	0	0	0	0	0	0	0	0	0	0	0	0	0	0	0	0	0	0	0	0	0	0	0	0	0	0	0	0	0	0	0	0.805717457631785	0	0.758835788900735	0	0	0	0.622920881897955	0	0	0	0	0.527085752940418	0.58258592633908	0	0	0	0.614126605915145	0	0	0	0	0	0	0.92514453761928	0.797369049501873	0	0	0	0	0	0	0	0	0	0	0	0	0	0	0	0	0	0.731747915921331	0
0	0	0	0	0	0	0	0	0	0	0	0	0	0	0	0	0	0	0	0	0	0	0	0	0	0	0	0	0	0	0	0	0	0	0	0	0	0	0	0	0	0	0	0	0	0	0	0	0	0	0	0	0	0	0	0	0	0	0	0	0	0.913266103546313	0	0.939454842513281	0	0	0	0	0	0	0	0	0.780552408043639	0	0.938065689375755	0	0.552872206835574	0.765312056598013	0	0	0	0	0	0	0	0	0	0	0	0
0	0	0	0	0	0	0	0	0	0	0	0	0	0	0	0	0	0	0	0	0	0	0	0	0	0	0	0	0	0	0	0	0	0	0	0	0	0	0	0	0	0	0	0	0	0	0	0	0	0	0	0	0	0	0	0	0	0	0	0	0	0	0.598054850481639	0	0	0	0	0	0	0.50543311629421	0	0.770071289213228	0	0	0	0	0	0	0	0	0	0	0	0.557327524548127	0	0	0	0	0	0
0	0	0	0	0	0	0	0	0	0	0	0	0	0	0	0	0	0	0	0	0	0	0	0	0	0	0	0	0	0	0	0	0	0	0	0	0	0	0	0	0	0	0	0	0	0	0	0	0	0	0	0	0	0	0	0	0	0	0	0	0	0	0	0	0	0	0	0	0	0.537427421489045	0	0	0	0	0	0.635833035350458	0	0	0.656318306961284	0	0	0	0	0	0	0	0	0	0	0.567210515816278
0	0	0	0	0	0	0	0	0	0	0	0	0	0	0	0	0	0	0	0	0	0	0	0	0	0	0	0	0	0	0	0	0	0	0	0	0	0	0	0	0	0	0	0	0	0	0	0	0	0	0	0	0	0.988286576157065	0	0	0	0	0	0.860124877315255	0	0.532000977892329	0	0	0	0	0	0	0	0	0	0	0	0	0.842028073167733	0	0	0	0	0	0	0	0	0	0	0	0	0	0	0
0	0	0	0	0	0	0	0	0	0	0	0	0	0	0	0	0	0	0	0	0	0	0	0	0	0	0	0	0	0	0	0	0	0	0	0	0	0	0	0	0	0	0	0	0	0	0	0	0	0	0	0	0	0	0	0.949669400158291	0	0	0	0	0.897708905529133	0.625370045617612	0	0	0.803909587054049	0	0.56642743836116	0.880232174911484	0	0	0	0	0	0	0	0	0	0.817481634187676	0	0	0	0	0	0	0	0	0.682438218063881	0	0	0
0	0	0	0	0	0	0	0	0	0	0	0	0	0	0	0	0	0	0	0	0	0	0	0	0	0	0	0	0	0	0	0	0	0	0	0	0	0	0	0	0	0	0	0	0	0	0.75875316000821	0	0	0.668626492625017	0	0	0	0	0.613013408037236	0	0	0	0	0	0	0	0	0	0.813504181238861	0	0	0	0	0	0	0	0	0	0.624662201728616	0	0	0	0.622375105149575	0	0	0	0	0	0	0	0	0.844824469124318	0	0
0	0	0	0	0	0	0	0	0	0	0	0	0	0	0	0	0	0	0	0	0	0	0	0	0	0	0	0	0	0	0	0	0	0	0	0	0	0	0	0	0	0	0	0	0	0	0	0	0	0	0	0	0	0	0	0	0.739940971687012	0.776359719370936	0	0	0.794711881073749	0	0	0	0	0	0.789272876199731	0	0	0	0	0	0	0.977684241260645	0	0	0	0	0	0	0	0	0.854227335602122	0	0	0	0	0.675742402463853	0.685686921374792	0
0	0	0	0	0	0	0	0	0	0	0	0	0	0	0	0	0	0	0	0	0	0	0	0	0	0	0	0	0	0	0	0	0	0	0	0	0	0	0	0	0	0	0	0	0	0	0	0	0	0	0	0	0	0	0	0	0	0	0.570623352790441	0	0	0	0.693074193742061	0	0	0.759497801087609	0	0	0	0	0	0	0	0	0	0.981535338952744	0.668276771375153	0	0	0	0.788464799981976	0	0	0	0.839420100728454	0	0	0	0	0
0	0	0	0	0	0	0	0	0	0	0	0	0	0	0	0	0	0	0	0	0	0	0	0	0	0	0	0	0	0	0	0	0	0	0	0	0	0	0	0	0	0	0	0	0	0	0	0	0	0	0	0	0	0	0	0	0.688970003900807	0	0	0	0	0	0	0	0	0	0	0	0	0	0	0.614014017652689	0	0	0.820571326289613	0.716635967291051	0.695101855334338	0	0	0	0	0	0	0	0	0	0	0.635176879213665	0	0
0	0	0	0	0	0	0	0	0	0	0	0	0	0	0	0	0	0	0	0	0	0	0	0	0	0	0	0	0	0	0	0	0	0	0	0	0	0	0	0	0	0	0	0	0	0	0	0.806864136272072	0	0	0	0.923650774708728	0	0	0.525204841683243	0	0	0	0	0	0	0	0	0	0	0.543918244801767	0	0	0.88864444446144	0	0.999963589569065	0	0	0.575410706552553	0	0.739990434698175	0.974731572160138	0	0	0	0	0	0	0	0	0	0	0	0	0
0	0	0	0	0	0	0	0	0	0	0	0	0	0	0	0	0	0	0	0	0	0	0	0	0	0	0	0	0	0	0	0	0	0	0	0	0	0	0	0	0	0	0	0	0	0	0	0	0	0.527949381379194	0	0	0	0	0	0	0	0	0	0	0	0	0	0	0	0	0	0.713149755221625	0	0	0	0	0.775724182620996	0.538031105170396	0.611970297043976	0	0	0	0.982359373600765	0	0	0	0	0	0	0	0	0	0	0
0	0	0	0	0	0	0	0	0	0	0	0	0	0	0	0	0	0	0	0	0	0	0	0	0	0	0	0	0	0	0	0	0	0	0	0	0	0	0	0	0	0	0	0	0	0.714063613065698	0	0	0	0.849426420384807	0	0	0	0	0	0	0	0	0	0	0	0	0	0	0	0.93840550945312	0	0	0	0	0	0	0.535162094735237	0.863515360155715	0.996220798783848	0	0	0	0	0	0.720875773443127	0	0	0	0	0.996538169727564	0	0	0	0
0	0	0	0	0	0	0	0	0	0	0	0	0	0	0	0	0	0	0	0	0	0	0	0	0	0	0	0	0	0	0	0	0	0	0	0	0	0	0	0	0	0	0	0	0	0	0.59308510633677	0	0	0	0	0	0.57084449803683	0	0	0	0	0	0.702474744736144	0	0	0.61396021206953	0	0	0	0.79191022802407	0	0	0	0.541434400478489	0	0	0	0	0	0	0	0	0	0	0.998278750244103	0	0	0	0	0	0.612233556228491	0	0	0
0	0	0	0	0	0	0	0	0	0	0	0	0	0	0	0	0	0	0	0	0	0	0	0	0	0	0	0	0	0	0	0	0	0	0	0	0	0	0	0	0	0	0	0	0	0	0	0.92335196763911	0	0	0	0	0.669098613798448	0	0	0	0	0	0	0	0	0.666703155881274	0.519592664461363	0	0	0	0	0.829256211861001	0	0	0.788243970202992	0	0	0	0	0.698393749564292	0	0	0	0	0	0	0	0	0.93673084096911	0	0	0	0	0
0	0	0	0	0	0	0	0	0	0	0	0	0	0	0	0	0	0	0	0	0	0	0	0	0	0	0	0	0	0	0	0	0	0	0	0	0	0	0	0	0	0	0	0	0	0	0	0	0.730742773145828	0	0	0	0	0	0	0	0	0	0	0	0	0	0	0	0	0	0	0	0	0	0	0	0	0	0	0	0	0	0	0	0	0	0	0	0.720708198583105	0.800241956424637	0.866804402946609	0	0	0
0	0	0	0	0	0	0	0	0	0	0	0	0	0	0	0	0	0	0	0	0	0	0	0	0	0	0	0	0	0	0	0	0	0	0	0	0	0	0	0	0	0	0	0	0	0	0	0	0	0	0	0	0	0	0.693334890987506	0	0	0	0	0	0	0	0	0	0	0	0	0	0	0	0	0	0.637175091977629	0	0	0	0.844882111170347	0.500405367743649	0	0	0	0.786505771428416	0	0	0	0	0	0	0	0.995149230264815
0	0	0	0	0	0	0	0	0	0	0	0	0	0	0	0	0	0	0	0	0	0	0	0	0	0	0	0	0	0	0	0	0	0	0	0	0	0	0	0	0	0	0	0	0	0	0	0	0.664050004943044	0	0	0	0	0	0	0	0	0	0	0	0	0	0	0	0	0	0	0	0	0	0	0	0	0	0	0	0	0	0	0	0.823330667063779	0	0	0.873955373465951	0.646843005720138	0	0	0.664062508523116	0	0
0	0	0	0	0	0	0	0	0	0	0	0	0	0	0	0	0	0	0	0	0	0	0	0	0	0	0	0	0	0	0	0	0	0	0	0	0	0	0	0	0	0	0	0	0	0	0	0	0	0	0	0	0	0	0	0	0	0	0	0.898050184033073	0	0	0	0	0	0	0	0	0	0	0	0.960590514622577	0	0	0	0	0	0	0	0	0	0	0	0.725206849466696	0.792855895876666	0.833074433416795	0	0	0	0
0	0	0	0	0	0	0	0	0	0	0	0	0	0	0	0	0	0	0	0	0	0	0	0	0	0	0	0	0	0	0	0	0	0	0	0	0	0	0	0	0	0	0	0	0	0	0.543186203982751	0	0	0	0	0	0	0	0	0	0	0	0.893250924450742	0	0	0	0	0	0	0	0.676220903529644	0	0	0	0	0	0	0	0	0	0	0	0	0	0	0.540480601490782	0.986669019472228	0	0	0	0	0	0.524554466992802	0
0	0	0	0	0	0	0	0	0	0	0	0	0	0	0	0	0	0	0	0	0	0	0	0	0	0	0	0	0	0	0	0	0	0	0	0	0	0	0	0	0	0	0	0	0	0	0	0	0	0.912507752387428	0	0	0	0	0	0.551790076585905	0	0	0	0	0	0	0	0	0	0	0	0	0	0	0	0	0.620173827218383	0	0	0	0	0	0.556586781560723	0.580054466072332	0	0.846023714974635	0.806400638798082	0	0	0.653775344347071	0	0	0	0
0	0	0	0	0	0	0	0	0	0	0	0	0	0	0	0	0	0	0	0	0	0	0	0	0	0	0	0	0	0	0	0	0	0	0	0	0	0	0	0	0	0	0	0	0	0	0	0	0	0	0	0.669453809706134	0	0	0	0	0	0	0	0	0	0	0	0	0	0	0	0	0	0	0	0	0	0	0	0	0.826678808219376	0	0	0.967570007033662	0	0	0.592786806619544	0	0.831818141303935	0	0.823877042673658	0	0	0
0	0	0	0	0	0	0	0	0	0	0	0	0	0	0	0	0	0	0	0	0	0	0	0	0	0	0	0	0	0	0	0	0	0	0	0	0	0	0	0	0	0	0	0	0	0	0	0	0	0	0	0	0	0	0	0	0	0	0	0	0	0	0	0	0	0	0	0	0	0.989016123519559	0	0	0	0	0	0	0	0.796261176930943	0	0.755687475247739	0	0	0	0	0	0.775208679566851	0	0.555975526357598	0	0
0	0	0	0	0	0	0	0	0	0	0	0	0	0	0	0	0	0	0	0	0	0	0	0	0	0	0	0	0	0	0	0	0	0	0	0	0	0	0	0	0	0	0	0	0	0	0	0	0	0	0.637160953689448	0	0	0	0	0	0.668037829600387	0	0	0.550208754208623	0	0	0	0	0	0	0	0	0	0	0.650034604775536	0.514021030619819	0	0.705873620751228	0	0	0	0	0	0	0	0.829858561555007	0	0	0	0	0.993188370692757	0	0	0
0	0	0	0	0	0	0	0	0	0	0	0	0	0	0	0	0	0	0	0	0	0	0	0	0	0	0	0	0	0	0	0	0	0	0	0	0	0	0	0	0	0	0	0	0	0	0	0	0	0	0	0	0.63844580940934	0	0	0	0	0	0	0	0	0	0	0	0.604231734757428	0	0	0	0	0	0	0.613970229204415	0	0	0	0	0	0	0	0	0	0	0	0.719645143807951	0	0	0	0	0	0
0	0	0	0	0	0	0	0	0	0	0	0	0	0	0	0	0	0	0	0	0	0	0	0	0	0	0	0	0	0	0	0	0	0	0	0	0	0	0	0	0	0	0	0	0	0	0.516791645045797	0	0	0	0.789843944305388	0	0	0	0	0	0	0	0	0	0	0.538330744216029	0	0	0	0	0	0.843175902729165	0	0	0	0	0	0	0	0	0	0	0	0	0.630918909626942	0	0	0	0	0	0	0	0	0
