0	0.671322785414876	0.882778045335403	0.567654445660849	0	0	0	0	0	0	0	0	0	0	0	0	0	0	0	0	0	0	0	0	0	0	0	0	0	0	0	0	0	0	0	0	0	0	0	0	0	0	0.522561132171009	0.951489829255878	0.998654486112994	0	0	0	0	0	0	0	0	0	0	0	0	0	0	0	0	0	0	0	0	0	0	0	0	0	0	0	0	0	0	0	0	0	0	0	0	0	0	0	0	0	0	0	0	0
0.936345865459327	0	0.753151703469891	0.523900179944796	0.73616030873702	0	0	0	0	0	0	0	0	0	0	0	0	0	0	0	0	0	0	0	0	0	0	0	0	0	0	0	0	0	0	0	0	0	0	0	0	0	0	0.772694595546522	0.954703716186558	0	0	0	0	0	0	0	0	0	0	0	0	0	0	0	0	0	0	0	0	0	0	0	0	0	0	0	0	0	0	0	0	0	0	0	0	0	0	0	0	0	0	0	0	0
0.726025534722413	0.851776322944768	0	0.788933822533937	0.731194012323531	0.775906417655938	0	0	0	0	0	0	0	0	0	0	0	0	0	0	0	0	0	0	0	0	0	0	0	0	0	0	0	0	0	0	0	0	0	0	0	0	0	0	0.984929451885266	0	0	0	0	0	0	0	0	0	0	0	0	0	0	0	0	0	0	0	0	0	0	0	0	0	0	0	0	0	0	0	0	0	0	0	0	0	0	0	0	0	0	0	0	0
0.690183577632105	0.774160529905349	0.58782524359084	0	0.937914549877817	0.789865164323655	0.83284573129776	0	0	0	0	0	0	0	0	0	0	0	0	0	0	0	0	0	0	0	0	0	0	0	0	0	0	0	0	0	0	0	0	0	0	0	0	0	0	0	0	0	0	0	0	0	0	0	0	0	0	0	0	0	0	0	0	0	0	0	0	0	0	0	0	0	0	0	0	0	0	0	0	0	0	0	0	0	0	0	0	0	0	0
0	0.878205624681156	0.79276548062043	0.525152053757635	0	0.528843547101091	0.812918542500761	0.856706825602853	0	0	0	0	0	0	0	0	0	0	0	0	0	0	0	0	0	0	0	0	0	0	0	0	0	0	0	0	0	0	0	0	0	0	0	0	0	0	0	0	0	0	0	0	0	0	0	0	0	0	0	0	0	0	0	0	0	0	0	0	0	0	0	0	0	0	0	0	0	0	0	0	0	0	0	0	0	0	0	0	0	0
0	0	0.856879064855609	0.742540605437004	0.989898297234375	0	0.870190741379348	0.882865522052739	0.856215177119839	0	0	0	0	0	0	0	0	0	0	0	0	0	0	0	0	0	0	0	0	0	0	0	0	0	0	0	0	0	0	0	0	0	0	0	0	0	0	0	0	0	0	0	0	0	0	0	0	0	0	0	0	0	0	0	0	0	0	0	0	0	0	0	0	0	0	0	0	0	0	0	0	0	0	0	0	0	0	0	0	0
0	0	0	0.807820719086906	0.920431556304049	0.9622929974518	0	0.950907184528685	0.745030209380167	0.685456823854029	0	0	0	0	0	0	0	0	0	0	0	0	0	0	0	0	0	0	0	0	0	0	0	0	0	0	0	0	0	0	0	0	0	0	0	0	0	0	0	0	0	0	0	0	0	0	0	0	0	0	0	0	0	0	0	0	0	0	0	0	0	0	0	0	0	0	0	0	0	0	0	0	0	0	0	0	0	0	0	0
0	0	0	0	0.777540770642853	0.664569874834309	0.595832166849946	0	0.517417179728761	0.973663927041051	0.983627331156876	0	0	0	0	0	0	0	0	0	0	0	0	0	0	0	0	0	0	0	0	0	0	0	0	0	0	0	0	0	0	0	0	0	0	0	0	0	0	0	0	0	0	0	0	0	0	0	0	0	0	0	0	0	0	0	0	0	0	0	0	0	0	0	0	0	0	0	0	0	0	0	0	0	0	0	0	0	0	0
0	0	0	0	0	0.640774907834503	0.924137093670749	0.73892881366941	0	0.610192490415951	0.509678546190303	0.609536767383323	0	0	0	0	0	0	0	0	0	0	0	0	0	0	0	0	0	0	0	0	0	0	0	0	0	0	0	0	0	0	0	0	0	0	0	0	0	0	0	0	0	0	0	0	0	0	0	0	0	0	0	0	0	0	0	0	0	0	0	0	0	0	0	0	0	0	0	0	0	0	0	0	0	0	0	0	0	0
0	0	0	0	0	0	0.981484642614304	0.681337064302173	0.667480339261846	0	0.61211349638594	0.878434071845669	0.521386167302203	0	0	0	0	0	0	0	0	0	0	0	0	0	0	0	0	0	0	0	0	0	0	0	0	0	0	0	0	0	0	0	0	0	0	0	0	0	0	0	0	0	0	0	0	0	0	0	0	0	0	0	0	0	0	0	0	0	0	0	0	0	0	0	0	0	0	0	0	0	0	0	0	0	0	0	0	0
0	0	0	0	0	0	0	0.830989452511224	0.930589726005331	0.801625794928463	0	0.819844573205331	0.653920452532819	0.758476139365768	0	0	0	0	0	0	0	0	0	0	0	0	0	0	0	0	0	0	0	0	0	0	0	0	0	0	0	0	0	0	0	0	0	0	0	0	0	0	0	0	0	0	0	0	0	0	0	0	0	0	0	0	0	0	0	0	0	0	0	0	0	0	0	0	0	0	0	0	0	0	0	0	0	0	0	0
0	0	0	0	0	0	0	0	0.867342803795408	0.526173629174244	0.598857093527854	0	0.737315322291851	0	0.556884564615196	0	0	0	0	0	0	0	0	0	0	0	0	0	0	0	0	0	0	0	0.748867395961704	0	0	0	0	0	0	0	0	0	0	0	0	0	0	0	0	0	0	0	0	0	0	0	0	0	0	0	0	0	0	0	0	0	0	0	0	0	0	0	0	0	0	0	0	0	0	0	0	0	0	0	0	0	0	0
0	0	0	0	0	0	0	0	0	0.752980032778718	0.915746062544131	0.669991456976742	0	0.801505144005094	0.724726037809827	0.714251246535841	0	0	0	0	0	0	0	0	0	0	0	0	0	0	0	0	0	0	0	0	0	0	0	0	0	0	0	0	0	0	0	0	0	0	0	0	0	0	0	0	0	0	0	0	0	0	0	0	0	0	0	0	0	0	0	0	0	0	0	0	0	0	0	0	0	0	0	0	0	0	0	0	0	0
0	0	0	0	0	0	0	0	0	0	0.596714278275856	0	0.77435686068085	0	0.559081341451135	0.868838564766227	0.529469113716741	0	0	0	0	0	0	0	0	0	0	0	0	0	0	0	0	0	0	0	0	0	0	0	0	0	0	0	0	0	0	0	0	0	0	0	0	0	0	0	0	0	0	0	0	0	0	0	0	0	0	0	0	0	0	0	0	0	0	0	0	0	0	0	0	0	0	0	0	0	0	0	0	0
0	0	0	0	0	0	0	0	0	0	0	0.879632371498028	0.636105528217503	0.668982471046678	0	0.870240250892873	0.510404729162452	0.842096873081965	0	0	0	0	0	0	0	0	0	0	0	0	0	0	0	0	0	0	0	0	0	0	0	0	0	0	0	0	0	0	0	0	0	0	0	0	0	0	0	0	0	0	0	0	0	0	0	0	0	0	0	0	0	0	0	0	0	0	0	0	0	0	0	0	0	0	0	0	0	0	0	0
0	0	0	0	0	0	0	0	0	0	0	0	0.595422282996765	0.629638171542671	0.99844740804402	0	0.944373565230126	0.971785200449004	0.825523567134602	0	0	0	0	0	0	0	0	0	0	0	0	0	0	0	0	0	0	0	0	0	0	0	0	0	0	0	0	0	0	0	0	0	0	0	0	0	0	0	0	0	0	0	0	0	0	0	0	0	0	0	0	0	0	0	0	0	0	0	0	0	0	0	0	0	0	0	0	0	0	0
0	0	0	0	0	0	0	0	0	0	0	0	0	0.57647329576077	0.738767884611926	0.988264739445853	0	0.86885799268822	0.555806472368272	0.773193683372027	0	0	0	0	0	0	0	0	0	0	0	0	0	0	0	0	0	0	0	0	0	0	0	0	0	0	0	0	0	0	0	0	0	0	0	0	0	0	0	0	0	0	0	0	0	0	0	0	0	0	0	0	0	0	0	0	0	0	0	0	0	0	0	0	0	0	0	0	0	0
0	0	0	0	0	0	0	0	0	0	0	0	0	0	0.558280706889674	0.742677180189384	0.633885341670968	0	0.852117181553682	0.572242746624906	0.909038508927041	0	0	0	0	0	0	0	0	0	0	0	0	0	0	0	0	0	0	0	0	0	0	0	0	0	0	0	0	0	0	0	0	0	0	0	0	0	0	0	0	0	0	0	0	0	0	0	0	0	0	0	0	0	0	0	0	0	0	0	0	0	0	0	0	0	0	0	0	0
0	0	0	0	0	0	0	0	0	0	0	0	0	0	0	0.508796802082614	0.929377018519844	0.852352944472198	0	0.918296484792981	0.64859873163685	0.925841681815806	0	0	0	0	0	0	0	0	0	0	0	0	0	0	0	0	0	0	0	0	0	0	0	0	0	0	0	0	0	0	0	0	0	0	0	0	0	0	0	0	0	0	0	0	0	0	0	0	0	0	0	0	0	0	0	0	0	0	0	0	0	0	0	0	0	0	0	0
0	0	0	0	0	0	0	0	0	0	0	0	0	0	0	0	0.645777243109027	0.665442261906398	0.538455276338994	0	0.988142344332696	0.556724721699311	0.576260224128184	0	0	0	0	0	0	0	0	0	0	0	0	0	0	0	0	0	0	0	0	0	0	0	0	0	0	0	0	0	0	0	0	0	0	0	0	0	0	0	0	0	0	0	0	0	0	0	0	0	0	0	0	0	0	0	0	0	0	0	0	0	0	0	0	0	0	0
0	0	0	0	0	0	0	0	0	0	0	0	0	0	0	0	0	0.575247406131934	0.653277577036952	0.88566416856338	0	0.959165604710133	0.725287045446347	0.857377391627839	0	0	0	0	0	0	0	0	0	0	0	0	0	0	0	0	0	0	0	0	0	0	0	0	0	0	0	0	0	0	0	0	0	0	0	0	0	0	0	0	0	0	0	0	0	0	0	0	0	0	0	0	0	0	0	0	0	0	0	0	0	0	0	0	0	0
0	0	0	0	0	0	0	0	0	0	0	0	0	0	0	0	0	0	0.864240920308088	0.901673091688015	0.517399057889395	0	0.960417480140834	0.829214828792336	0.966992484313704	0	0	0	0	0	0	0	0	0	0	0	0	0	0	0	0	0	0	0	0	0	0	0	0	0	0	0	0	0	0	0	0	0	0	0	0	0	0	0	0	0	0	0	0	0	0	0	0	0	0	0	0	0	0	0	0	0	0	0	0	0	0	0	0	0
0	0	0	0	0	0	0	0	0	0	0	0	0	0	0	0	0	0	0	0.749233112326061	0.698142276909644	0.91208624377677	0	0.97816466284421	0.571479918288262	0.699162846405693	0	0	0	0	0	0	0	0	0	0	0	0	0	0	0	0	0	0	0	0	0	0	0	0	0	0	0	0	0	0	0	0	0	0	0	0	0	0	0	0	0	0	0	0	0	0	0	0	0	0	0	0	0	0	0	0	0	0	0	0	0	0	0	0
0	0	0	0	0	0	0	0	0	0	0	0	0	0	0	0	0	0	0	0	0.994418947192522	0.860240940562005	0.563006001749815	0	0.928085711180373	0.55793911913968	0.991711963250425	0	0	0	0	0	0	0	0	0	0	0	0	0	0	0	0	0	0	0	0	0	0	0	0	0	0	0	0	0	0	0	0	0	0	0	0	0	0	0	0	0	0	0	0	0	0	0	0	0	0	0	0	0	0	0	0	0	0	0	0	0	0	0
0	0	0	0	0	0	0	0	0	0	0	0	0	0	0	0	0	0	0	0	0	0.921152537540268	0.93734508521082	0.753515830435568	0	0.667557483506282	0.521440088915342	0.665110705724727	0	0	0	0	0	0	0	0	0	0	0	0	0	0	0	0	0	0	0	0	0	0	0	0	0	0	0	0	0	0	0	0	0	0	0	0	0	0	0	0	0	0	0	0	0	0	0	0	0	0	0	0	0	0	0	0	0	0	0	0	0	0
0	0	0	0	0	0	0	0	0	0	0	0	0	0	0	0	0	0	0	0	0	0	0.759623327891902	0.805518462824207	0.647613034563826	0	0.973743398469447	0.780158435302557	0.553267943896373	0	0	0	0	0	0	0	0	0	0	0	0	0	0	0	0	0	0	0	0	0	0	0	0	0	0	0	0	0	0	0	0	0	0	0	0	0	0	0	0	0	0	0	0	0	0	0	0	0	0	0	0	0	0	0	0	0	0	0	0	0
0	0	0	0	0	0	0	0	0	0	0	0	0	0	0	0	0	0	0	0	0	0	0	0.681045290952463	0.588466586095169	0.913605325870958	0	0.627179142317301	0.598542514479973	0.674198630101195	0	0	0	0	0	0	0	0	0	0	0	0	0	0	0	0	0	0	0	0	0	0	0	0	0	0	0	0	0	0	0	0	0	0	0	0	0	0	0	0	0	0	0	0	0	0	0	0	0	0	0	0	0	0	0	0	0	0	0	0
0	0	0	0	0	0	0	0	0	0	0	0	0	0	0	0	0	0	0	0	0	0	0	0	0.966719025263231	0.948104073935583	0.841613531198079	0	0.510917195882733	0.909876980770535	0.69029679716413	0	0	0	0	0	0	0	0	0	0	0	0	0	0	0	0	0	0	0	0	0	0	0	0	0	0	0	0	0	0	0	0	0	0	0	0	0	0	0	0	0	0	0	0	0	0	0	0	0	0	0	0	0	0	0	0	0	0	0
0	0	0	0	0	0	0	0	0	0	0	0	0	0	0	0	0	0	0	0	0	0	0	0	0	0.962215362785287	0.784122934959577	0.91881619275823	0	0.612391382784689	0.720804014503991	0.74783378219152	0	0	0	0	0	0	0	0	0	0	0	0	0	0	0	0	0	0	0	0	0	0	0	0	0	0	0	0	0	0	0	0	0	0	0	0	0	0	0	0	0	0	0	0	0	0	0	0	0	0	0	0	0	0	0	0	0	0
0	0	0	0	0	0	0	0	0	0	0	0	0	0	0	0	0	0	0	0	0	0	0	0	0	0	0.533162556853299	0.575005675229485	0.626663039237366	0	0.754208799530118	0.920361000453401	0.954800629186812	0	0	0	0	0	0	0	0	0	0	0	0	0	0	0	0	0	0	0	0	0	0	0	0	0	0	0	0	0	0	0	0	0	0	0	0	0	0	0	0	0	0	0	0	0	0	0	0	0	0	0	0	0	0	0	0	0
0	0	0	0	0	0	0	0	0	0	0	0	0	0	0	0	0	0	0	0	0	0	0	0	0	0	0	0.789777464491456	0.524808106738645	0.720829098359813	0	0.766402472823863	0.823495431309959	0.764304258692075	0	0	0	0	0	0	0	0	0	0	0	0	0	0	0	0	0	0	0	0	0	0	0	0	0	0	0	0	0	0	0	0	0	0	0	0	0	0	0	0	0	0	0	0	0	0	0	0	0	0	0	0	0	0	0	0
0	0	0	0	0	0	0	0	0	0	0	0	0	0	0	0	0	0	0	0	0	0	0	0	0	0	0	0	0.881011213421258	0.890420339090015	0.709130724681612	0	0.913941646477718	0.724007339526716	0.782559059139743	0	0	0	0	0	0	0	0	0	0	0	0	0	0	0	0	0	0	0	0	0	0	0	0	0	0	0	0	0	0	0	0	0	0	0	0	0	0	0	0	0	0	0	0	0	0	0	0	0	0	0	0	0	0	0
0	0	0	0	0	0	0	0	0	0	0	0	0	0	0	0	0	0	0	0	0	0	0	0	0	0	0	0	0	0.691274735298812	0.819331357122736	0.786023239733555	0	0.586338788175597	0.656961275398728	0.790535073464185	0	0	0	0	0	0	0	0	0	0	0	0	0	0	0	0	0	0	0	0	0	0	0	0	0	0	0	0	0	0	0	0	0	0	0	0	0	0	0	0	0	0	0	0	0	0	0	0	0	0	0	0	0	0
0	0	0	0	0	0	0	0	0	0	0	0	0	0	0	0	0	0	0	0	0	0	0	0	0	0	0	0	0	0	0.754582629612022	0.972640334087771	0.898476341657012	0	0.84146947161001	0.8331464512392	0.724122523268984	0	0	0	0	0	0	0	0	0	0	0	0	0	0	0	0	0	0	0	0	0	0	0	0	0	0	0	0	0	0	0	0	0	0	0	0	0	0	0	0	0	0	0	0	0	0	0	0	0	0	0	0	0
0	0	0	0	0	0	0	0	0	0	0	0.841733070326083	0	0	0	0	0	0	0	0	0	0	0	0	0	0	0	0	0	0	0	0.582081088622001	0.854082630569453	0.583640157498376	0	0.577769351005193	0.635626971336693	0.984381839497823	0	0	0	0	0	0	0	0	0	0	0	0	0	0	0	0	0	0	0	0	0	0	0	0	0	0	0	0	0	0	0	0	0	0	0	0	0	0	0	0	0	0	0	0	0	0	0	0	0	0	0	0
0	0	0	0	0	0	0	0	0	0	0	0	0	0	0	0	0	0	0	0	0	0	0	0	0	0	0	0	0	0	0	0	0.999624127773204	0.731512122577235	0.55850210689871	0	0.579939446049345	0.836210586513479	0.548802560694322	0	0	0	0	0	0	0	0	0	0	0	0	0	0	0	0	0	0	0	0	0	0	0	0	0	0	0	0	0	0	0	0	0	0	0	0	0	0	0	0	0	0	0	0	0	0	0	0	0	0	0
0	0	0	0	0	0	0	0	0	0	0	0	0	0	0	0	0	0	0	0	0	0	0	0	0	0	0	0	0	0	0	0	0	0.554598214838767	0.724699715231357	0.935852206410359	0	0.649139968943652	0.546174592394991	0.543265471611204	0	0	0	0	0	0	0	0	0	0	0	0	0	0	0	0	0	0	0	0	0	0	0	0	0	0	0	0	0	0	0	0	0	0	0	0	0	0	0	0	0	0	0	0	0	0	0	0	0	0
0	0	0	0	0	0	0	0	0	0	0	0	0	0	0	0	0	0	0	0	0	0	0	0	0	0	0	0	0	0	0	0	0	0	0.595814723311442	0.750309776520474	0.910168203460721	0	0.726601810378756	0.935711940760058	0.879085557862072	0	0	0	0	0	0	0	0	0	0	0	0	0	0	0	0	0	0	0	0	0	0	0	0	0	0	0	0	0	0	0	0	0	0	0	0	0	0	0	0	0	0	0	0	0	0	0	0	0
0	0	0	0	0	0	0	0	0	0	0	0	0	0	0	0	0	0	0	0	0	0	0	0	0	0	0	0	0	0	0	0	0	0	0	0.57654957234687	0.831286852448962	0.999851243476343	0	0.975076318463439	0.54130614327414	0.736682662544869	0	0	0	0	0	0	0	0	0	0	0	0	0	0	0	0	0	0	0	0	0	0	0	0	0	0	0	0	0	0	0	0	0	0	0	0	0	0	0	0	0	0	0	0	0	0	0	0
0	0	0	0	0	0	0	0	0	0	0	0	0	0	0	0	0	0	0	0	0	0	0	0	0	0	0	0	0	0	0	0	0	0	0	0	0.695957973033666	0.935626442051865	0.522982750383367	0	0.747272266730361	0.783058717604767	0.748692796431098	0	0	0	0	0	0	0	0	0	0	0	0	0	0	0	0	0	0	0	0	0	0	0	0	0	0	0	0	0	0	0	0	0	0	0	0	0	0	0	0	0	0	0	0	0	0	0
0	0	0	0	0	0	0	0	0	0	0	0	0	0	0	0	0	0	0	0	0	0	0	0	0	0	0	0	0	0	0	0	0	0	0	0	0	0.874225187960511	0.5726535046358	0.750502455961361	0	0.867776662475931	0.545708564897285	0.570099300967785	0	0	0	0	0	0	0	0	0	0	0	0	0	0	0	0	0	0	0	0	0	0	0	0	0	0	0	0	0	0	0	0	0	0	0	0	0	0	0	0	0	0	0	0	0	0
0	0	0	0	0	0	0	0	0	0	0	0	0	0	0	0	0	0	0	0	0	0	0	0	0	0	0	0	0	0	0	0	0	0	0	0	0	0	0.782462011977288	0.644264984721509	0.640679409237315	0	0.883667150437785	0.840885730628572	0.621118070623589	0	0	0	0	0	0	0	0	0	0	0	0	0	0	0	0	0	0	0	0	0	0	0	0	0	0	0	0	0	0	0	0	0	0	0	0	0	0	0	0	0	0	0	0	0
0.622481283872842	0	0	0	0	0	0	0	0	0	0	0	0	0	0	0	0	0	0	0	0	0	0	0	0	0	0	0	0	0	0	0	0	0	0	0	0	0	0	0.924409423982948	0.552243968099947	0.877867455661841	0	0.991034411566949	0.695710181702802	0	0	0	0	0	0	0	0	0	0	0	0	0	0	0	0	0	0	0	0	0	0	0	0	0	0	0	0	0	0	0	0	0	0	0	0	0	0	0	0	0	0	0	0	0
0.532303361014176	0.87958684574835	0	0	0	0	0	0	0	0	0	0	0	0	0	0	0	0	0	0	0	0	0	0	0	0	0	0	0	0	0	0	0	0	0	0	0	0	0	0	0.891851719512115	0.646431518197138	0.93283211788976	0	0.928568154070504	0	0	0	0	0	0	0	0	0	0	0	0	0	0	0	0	0	0	0	0	0	0	0	0	0	0	0	0	0	0	0	0	0	0	0	0	0	0	0	0	0	0	0	0	0
0.88493041152312	0.537030720548198	0.835062538484062	0	0	0	0	0	0	0	0	0	0	0	0	0	0	0	0	0	0	0	0	0	0	0	0	0	0	0	0	0	0	0	0	0	0	0	0	0	0	0.790246084561491	0.948518763635718	0.703563181285553	0	0	0	0	0	0	0	0	0	0	0	0	0	0	0	0	0	0	0	0	0	0	0	0	0	0	0	0	0	0	0	0	0	0	0	0	0	0	0	0	0	0	0	0	0	0
0	0	0	0	0	0	0	0	0	0	0	0	0	0	0	0	0	0	0	0	0	0	0	0	0	0	0	0	0	0	0	0	0	0	0	0	0	0	0	0	0	0	0	0	0	0	0.925619019691225	0	0.875173243420247	0	0.836377206054943	0	0.529019737342653	0	0	0	0.70980836454913	0	0	0	0.577444829655756	0.77947452601643	0	0	0	0	0	0	0	0	0	0	0	0	0.569558036402584	0.557796758930625	0.578555480321522	0	0	0	0.555761106303632	0	0.592708315352693	0	0.694713529384561	0	0	0	0.920462515180854	0
0	0	0	0	0	0	0	0	0	0	0	0	0	0	0	0	0	0	0	0	0	0	0	0	0	0	0	0	0	0	0	0	0	0	0	0	0	0	0	0	0	0	0	0	0	0.885820779231983	0	0.828435794559691	0	0	0	0	0	0	0	0	0.94438379842263	0.816132886045601	0	0	0.919743033265656	0	0.709356121931533	0.63985690450029	0	0	0	0.513811960880516	0	0	0	0.592321367444381	0	0	0.904982754767229	0	0	0	0	0.51215759522408	0	0.726449011588789	0	0	0	0.541568181732742	0	0	0	0
0	0	0	0	0	0	0	0	0	0	0	0	0	0	0	0	0	0	0	0	0	0	0	0	0	0	0	0	0	0	0	0	0	0	0	0	0	0	0	0	0	0	0	0	0	0	0.553552457335217	0	0	0	0	0	0	0	0	0	0.506107790737171	0.693423752372246	0	0	0	0	0.506489505107286	0.650564686759543	0	0.994597401739807	0	0.775982763236908	0	0	0	0.780801743098134	0	0	0	0.504067471749266	0.689082760612564	0	0.781358581187309	0	0	0	0	0	0	0	0	0	0	0
0	0	0	0	0	0	0	0	0	0	0	0	0	0	0	0	0	0	0	0	0	0	0	0	0	0	0	0	0	0	0	0	0	0	0	0	0	0	0	0	0	0	0	0	0	0.842111788898936	0	0	0	0	0.705480181957632	0.973032094897833	0	0	0	0.803689988263617	0	0.968459117057133	0.761361908509459	0.915535274966144	0.562421289852153	0	0	0.584376461101247	0.565142169723805	0	0	0	0	0.624783491805387	0	0	0.599611970324299	0	0	0	0	0.51027849492062	0	0	0	0.564946307825436	0	0	0	0	0	0	0	0
0	0	0	0	0	0	0	0	0	0	0	0	0	0	0	0	0	0	0	0	0	0	0	0	0	0	0	0	0	0	0	0	0	0	0	0	0	0	0	0	0	0	0	0	0	0	0	0	0	0	0.972246258655207	0.898862423566776	0.595127780600424	0	0.644634490542558	0.554428537599495	0	0	0	0.869348235389338	0	0	0.86448608066879	0	0.829311267442462	0	0	0	0	0	0.588518601983399	0	0.982965983195523	0	0	0.822057207187047	0.679069180130414	0	0	0.6979309748761	0.707787858046312	0	0	0.533897783672453	0	0	0	0.945315948176892	0.644511011403845	0.514140511198622
0	0	0	0	0	0	0	0	0	0	0	0	0	0	0	0	0	0	0	0	0	0	0	0	0	0	0	0	0	0	0	0	0	0	0	0	0	0	0	0	0	0	0	0	0	0.923568565469964	0	0	0.628941620793329	0.974257135767566	0	0	0	0.628656839571354	0	0	0	0	0	0.847142997902115	0	0.648809747520007	0	0	0	0	0	0.899758307426441	0	0	0	0.810946768262613	0	0	0.629694637194024	0	0.71528260841339	0.599798274322074	0	0	0	0.607201325498276	0	0.696572511423806	0.664883966355219	0	0	0	0	0
0	0	0	0	0	0	0	0	0	0	0	0	0	0	0	0	0	0	0	0	0	0	0	0	0	0	0	0	0	0	0	0	0	0	0	0	0	0	0	0	0	0	0	0	0	0	0	0	0.764689473625821	0.686126812728607	0	0	0	0	0.788835781144459	0	0.537775005420154	0	0	0	0	0.845017101967115	0	0	0	0.625168104884163	0	0	0	0	0	0.908699418233619	0.927365152539252	0	0.68069869901999	0	0.926391262235179	0.511682870396877	0	0	0	0	0.50029551936566	0	0	0	0	0.910907297364969	0	0.528842742624157
0	0	0	0	0	0	0	0	0	0	0	0	0	0	0	0	0	0	0	0	0	0	0	0	0	0	0	0	0	0	0	0	0	0	0	0	0	0	0	0	0	0	0	0	0	0.550941463758064	0	0	0	0.950772095593818	0	0	0	0	0	0	0	0	0	0.877992520563217	0.745890337665939	0	0.621304439043978	0	0	0.574141317628291	0.64544698137047	0	0.643958401156839	0	0.673990068075197	0	0	0	0	0.62104558621448	0	0.531050149858209	0.77973595591016	0	0.895965340202388	0	0	0	0.930547487152868	0.773563944216894	0	0.621479133572244	0.68425550805295	0
0	0	0	0	0	0	0	0	0	0	0	0	0	0	0	0	0	0	0	0	0	0	0	0	0	0	0	0	0	0	0	0	0	0	0	0	0	0	0	0	0	0	0	0	0	0	0	0	0	0	0.588772762793256	0	0	0	0.507184290046798	0	0	0.852503857555232	0	0.800650117431573	0	0	0	0	0	0.872554329683478	0	0	0.690697338082482	0	0.994737762608762	0.73896690570777	0	0	0	0	0	0.777507430799004	0	0	0	0	0	0	0	0	0.569634649435072	0.531611354420313	0	0
0	0	0	0	0	0	0	0	0	0	0	0	0	0	0	0	0	0	0	0	0	0	0	0	0	0	0	0	0	0	0	0	0	0	0	0	0	0	0	0	0	0	0	0	0	0	0	0	0	0.755136452961895	0	0.696895524004193	0	0.745345863896036	0	0.725878235985366	0.638952589637491	0	0.848114610068967	0	0.784754543832636	0	0	0	0.711245840263889	0	0	0	0	0	0	0	0	0	0.689696869307768	0	0	0.525249673382338	0	0	0	0	0	0	0	0	0	0.968700846843119	0	0.902451022890261
0	0	0	0	0	0	0	0	0	0	0	0	0	0	0	0	0	0	0	0	0	0	0	0	0	0	0	0	0	0	0	0	0	0	0	0	0	0	0	0	0	0	0	0	0	0	0	0	0.87210555765628	0.819152802503335	0	0	0	0	0.937924290006852	0	0	0	0	0	0	0	0.51989233709476	0	0	0	0.516123228367551	0.893382226195922	0	0	0	0.812399988817777	0.520519961790363	0	0	0.998500567614395	0.809051094202954	0	0	0	0.712772559527855	0	0	0.588448716249079	0.723989117140146	0	0	0	0	0.84740926049765
0	0	0	0	0	0	0	0	0	0	0	0	0	0	0	0	0	0	0	0	0	0	0	0	0	0	0	0	0	0	0	0	0	0	0	0	0	0	0	0	0	0	0	0	0	0.682573063871022	0.601041269378301	0.942034574212997	0	0	0	0.702760933887571	0	0	0.977586747666775	0	0	0.594946146158747	0.560065191809597	0	0	0.782993200743607	0	0	0.618322592967372	0	0	0	0.841338194377218	0	0	0	0	0	0	0	0	0	0	0	0.895878457831575	0	0	0	0	0	0	0.624915584017458	0	0
0	0	0	0	0	0	0	0	0	0	0	0	0	0	0	0	0	0	0	0	0	0	0	0	0	0	0	0	0	0	0	0	0	0	0	0	0	0	0	0	0	0	0	0	0	0	0.586431158251198	0.818623442656506	0.638126180639915	0	0	0	0	0.976959495153568	0	0	0.929573847326523	0	0	0	0	0.825680253125465	0.791042156911495	0	0	0	0.764546036060649	0.662443334002323	0	0.931709286676744	0.76207158521218	0	0	0	0	0	0.964854125518655	0	0	0	0	0.730162553387887	0	0	0	0	0	0	0	0
0	0	0	0	0	0	0	0	0	0	0	0	0	0	0	0	0	0	0	0	0	0	0	0	0	0	0	0	0	0	0	0	0	0	0	0	0	0	0	0	0	0	0	0	0	0	0	0	0.977336600917556	0	0	0	0	0	0.687185996089521	0	0.762651815250005	0	0	0.761112352880493	0	0	0.70196663927747	0	0	0	0.691401938612834	0.653771708096986	0	0	0.540646888762548	0	0.926261760748875	0	0	0	0	0	0	0	0	0.642272164704121	0	0	0	0	0.652965133662438	0.708597139236175	0	0
0	0	0	0	0	0	0	0	0	0	0	0	0	0	0	0	0	0	0	0	0	0	0	0	0	0	0	0	0	0	0	0	0	0	0	0	0	0	0	0	0	0	0	0	0	0	0	0	0.758538322183577	0.542090195285442	0.700560839918139	0	0.679942867600234	0.56548338320771	0	0	0	0	0.81776199448969	0	0.849601659303297	0.670377698218797	0	0	0	0	0.79335026574562	0	0	0.756827829529131	0	0	0	0	0	0.904177082072054	0	0	0.847815698211604	0	0	0	0	0	0.833351777464358	0	0.65983160829739	0	0	0
0	0	0	0	0	0	0	0	0	0	0	0	0	0	0	0	0	0	0	0	0	0	0	0	0	0	0	0	0	0	0	0	0	0	0	0	0	0	0	0	0	0	0	0	0	0.92867052419558	0.681889209856722	0	0.50371834054483	0	0	0	0.851706935287522	0	0.50829455591972	0	0	0	0	0.968657853013697	0	0.997797022700637	0	0	0.841520109340556	0.74827509670244	0	0	0.753547277344607	0	0.562567977645529	0	0	0	0	0	0	0	0	0	0	0	0.771439952101648	0	0	0	0	0	0	0
0	0	0	0	0	0	0	0	0	0	0	0	0	0	0	0	0	0	0	0	0	0	0	0	0	0	0	0	0	0	0	0	0	0	0	0	0	0	0	0	0	0	0	0	0	0.565264539574136	0	0	0	0	0.567656559407106	0.956503320421127	0	0	0	0	0.538390761772848	0.729052131251955	0	0.952560978203914	0.830468052147721	0	0	0	0	0	0.533214004724353	0	0	0	0	0.676365219934199	0.89870454788519	0	0.699118172756355	0.600995008858076	0	0.982036943974034	0.525834006147923	0.675194179058107	0	0.537307069579142	0	0	0	0	0	0.834264049788458	0	0
0	0	0	0	0	0	0	0	0	0	0	0	0	0	0	0	0	0	0	0	0	0	0	0	0	0	0	0	0	0	0	0	0	0	0	0	0	0	0	0	0	0	0	0	0	0	0.512971670666147	0.604257608764136	0	0.865054546513034	0	0	0.640711358408113	0	0	0.548332735756456	0	0.543785486211652	0.888540182195892	0	0	0	0	0.623426749469988	0	0	0.58107460073862	0	0.542845811500454	0.67355066573488	0	0.616467065279247	0	0	0.981141199470433	0	0	0	0	0	0	0	0	0	0.869264913578972	0	0	0	0	0
0	0	0	0	0	0	0	0	0	0	0	0	0	0	0	0	0	0	0	0	0	0	0	0	0	0	0	0	0	0	0	0	0	0	0	0	0	0	0	0	0	0	0	0	0	0	0.963702658522279	0.860530742046165	0.83877575065495	0	0	0	0	0	0	0	0	0	0	0	0	0	0.698679374470429	0	0	0	0.762930282264824	0.813513800547372	0.970778277583277	0.598644536244751	0	0.523359141175327	0	0	0.943241710451465	0	0	0	0	0	0	0	0	0.582929203170828	0	0	0	0	0	0.700949744098931
0	0	0	0	0	0	0	0	0	0	0	0	0	0	0	0	0	0	0	0	0	0	0	0	0	0	0	0	0	0	0	0	0	0	0	0	0	0	0	0	0	0	0	0	0	0	0	0	0.909689814457484	0.855119688602598	0	0	0	0	0.660576503648121	0	0.809999693566116	0	0	0	0.645397148892547	0	0	0	0	0	0.574363444875492	0	0.778775509009749	0.877787145092257	0	0	0.936077499607086	0	0	0	0	0.608921939896633	0	0	0	0	0	0	0	0	0	0.796313557771304	0.955318890345569	0.721593892370426
0	0	0	0	0	0	0	0	0	0	0	0	0	0	0	0	0	0	0	0	0	0	0	0	0	0	0	0	0	0	0	0	0	0	0	0	0	0	0	0	0	0	0	0	0	0	0	0.92343822780019	0	0	0	0.511016996913099	0.980833764742151	0.960416525529584	0	0	0	0	0	0	0.830165784205049	0	0	0	0	0	0.641979148229756	0.831342978653452	0.706984176626388	0	0.67620329353066	0	0	0.948490961457107	0.680078651369036	0	0	0	0	0	0	0	0.812612161950065	0	0.920173219242352	0	0	0	0	0
0	0	0	0	0	0	0	0	0	0	0	0	0	0	0	0	0	0	0	0	0	0	0	0	0	0	0	0	0	0	0	0	0	0	0	0	0	0	0	0	0	0	0	0	0	0	0	0	0	0	0	0	0.81411834176411	0	0	0.756934516596998	0	0.727238031182929	0.690616419004455	0.875870548185227	0	0.581587635177783	0.533556106512277	0.850338975512522	0.597937945752666	0.670444745286785	0	0.996364347841549	0.889588801599684	0.571790544928914	0	0	0.598109172963444	0	0	0.699465365132822	0.666122029633598	0	0.820662651990296	0	0	0	0.882005072465518	0	0	0.919024651096338	0	0	0	0.925669198656994
0	0	0	0	0	0	0	0	0	0	0	0	0	0	0	0	0	0	0	0	0	0	0	0	0	0	0	0	0	0	0	0	0	0	0	0	0	0	0	0	0	0	0	0	0	0	0.989616504903769	0.934567428490611	0	0	0.775534739668936	0	0	0	0	0.794955537724519	0	0.880476549194988	0.549078097790472	0	0	0	0	0.582983067434538	0	0.802029569382964	0.818184323398138	0	0	0.638527889455116	0	0.644497057750607	0	0.948649789306361	0	0	0	0	0	0.53739224906241	0	0.813567271483211	0.734195521847459	0	0	0	0	0	0	0
0	0	0	0	0	0	0	0	0	0	0	0	0	0	0	0	0	0	0	0	0	0	0	0	0	0	0	0	0	0	0	0	0	0	0	0	0	0	0	0	0	0	0	0	0	0	0	0	0	0	0	0	0.593705608047377	0.807019335198295	0	0	0.73999653882316	0	0	0	0.776977636729356	0	0.657315657492975	0.838064505118811	0.507803934679799	0.792624474317317	0.714339252101799	0	0	0.574420914075549	0.865594008019516	0	0.77672532383692	0.748996043002021	0	0.536551440104943	0	0	0	0	0	0	0	0	0	0	0	0	0.646012108146403	0
0	0	0	0	0	0	0	0	0	0	0	0	0	0	0	0	0	0	0	0	0	0	0	0	0	0	0	0	0	0	0	0	0	0	0	0	0	0	0	0	0	0	0	0	0	0	0	0	0.747155374323947	0	0	0	0	0	0	0	0	0.606327149776869	0	0.969990951524289	0	0	0.652657761645917	0.741276004638072	0.916897244716294	0	0.664727279595807	0.999473035123257	0.967579733381608	0	0	0	0.713646585262683	0	0	0.54637519519004	0.547943773495081	0	0.711780495580642	0	0	0	0	0.564177322945475	0.681969844546199	0	0	0.599092465799185	0	0
0	0	0	0	0	0	0	0	0	0	0	0	0	0	0	0	0	0	0	0	0	0	0	0	0	0	0	0	0	0	0	0	0	0	0	0	0	0	0	0	0	0	0	0	0	0	0	0	0	0.605010794738393	0	0	0.953813179453923	0.61948433399567	0	0	0	0.812029864656594	0.551124129076605	0	0.517011031006295	0	0	0	0	0.53198614387154	0	0	0.643605923274073	0	0	0	0.782205635473288	0.505699367108633	0	0	0	0.917056636169919	0	0	0	0	0	0.999919321472225	0.851530159465967	0	0	0.871438303474176	0	0
0	0	0	0	0	0	0	0	0	0	0	0	0	0	0	0	0	0	0	0	0	0	0	0	0	0	0	0	0	0	0	0	0	0	0	0	0	0	0	0	0	0	0	0	0	0	0.800400115064891	0.679957662185607	0	0	0.951577211960744	0.805093253122216	0	0.51027064431698	0	0.958312855223987	0	0	0	0	0	0.895578524895839	0.81747429477757	0.92688902887658	0	0	0	0.88818428486228	0	0	0	0	0	0.959060262044151	0	0	0	0.632663155609323	0	0	0.583646952691661	0	0	0	0	0.821409888782371	0	0	0.830249434311808	0.929013370504342
0	0	0	0	0	0	0	0	0	0	0	0	0	0	0	0	0	0	0	0	0	0	0	0	0	0	0	0	0	0	0	0	0	0	0	0	0	0	0	0	0	0	0	0	0	0	0	0	0.945460172497192	0.56682953512164	0	0.705342919044036	0	0	0	0.528695973852522	0	0	0.542015904021084	0	0	0.818106920262354	0	0	0.561365841970466	0	0.830447447675241	0	0.829364877869543	0.578610494465893	0.925044974305345	0	0	0.889148642528106	0.879997304267781	0.908413185896296	0	0	0.868789395581257	0	0.710196652457318	0	0.637850177620765	0	0	0.63827710257307	0	0	0	0
0	0	0	0	0	0	0	0	0	0	0	0	0	0	0	0	0	0	0	0	0	0	0	0	0	0	0	0	0	0	0	0	0	0	0	0	0	0	0	0	0	0	0	0	0	0	0	0	0	0	0	0	0	0	0	0	0	0	0	0	0	0	0	0	0	0.919590452495357	0	0.844691685437865	0.621320155074087	0	0.557076396181901	0.933938721472323	0.821427747077043	0	0.691750240837917	0.863550053237465	0	0	0	0.589532760411683	0	0.783055049402922	0	0	0.565312634951808	0	0.573923562617735	0.869035547243932	0	0.808645987110271
0	0	0	0	0	0	0	0	0	0	0	0	0	0	0	0	0	0	0	0	0	0	0	0	0	0	0	0	0	0	0	0	0	0	0	0	0	0	0	0	0	0	0	0	0	0.813901315568407	0.671688813986481	0	0	0	0.518953442540631	0.757314908253229	0	0	0.845134400449973	0	0	0	0	0	0	0.646013581401719	0.894246029875825	0.848381301580502	0	0.659432990674631	0	0	0	0	0	0	0.519736685532078	0.704934610493423	0	0	0	0.920418341068594	0	0	0	0	0	0	0	0.659241679213373	0	0	0	0.843286332939841
0	0	0	0	0	0	0	0	0	0	0	0	0	0	0	0	0	0	0	0	0	0	0	0	0	0	0	0	0	0	0	0	0	0	0	0	0	0	0	0	0	0	0	0	0	0.793844533145029	0	0.925527850300169	0	0.515508433730355	0	0	0.837645191420477	0	0	0.836605534554598	0	0	0	0.572288355549256	0	0.713464433426207	0	0	0	0	0.654358182537407	0	0.606416641634404	0.989669284530182	0	0	0.994884459198235	0.681451553812622	0	0	0	0.773109408137313	0	0	0.730926535700855	0	0.87187082587063	0	0	0.524122756877865	0.913649964954432	0	0	0
0	0	0	0	0	0	0	0	0	0	0	0	0	0	0	0	0	0	0	0	0	0	0	0	0	0	0	0	0	0	0	0	0	0	0	0	0	0	0	0	0	0	0	0	0	0.925498714774647	0	0.582426898405984	0	0.54465738275474	0.961055683247774	0.65817702876271	0	0	0	0.72077928981705	0	0.943762078171335	0	0	0	0	0	0	0	0	0.505491400261312	0	0	0.651551677598109	0	0	0	0	0	0	0	0.604943623757087	0	0.804073436768371	0	0	0.542448607413779	0.778717917345745	0	0	0	0	0	0
0	0	0	0	0	0	0	0	0	0	0	0	0	0	0	0	0	0	0	0	0	0	0	0	0	0	0	0	0	0	0	0	0	0	0	0	0	0	0	0	0	0	0	0	0	0	0	0	0.963678068350696	0	0.766537288153894	0.986744640209644	0.954643406288969	0.660095233077954	0.547837548098252	0	0	0	0	0	0	0.979253323145842	0	0	0.67426918388464	0	0	0	0	0	0.821579386554014	0.582723684489873	0	0	0.928314493814935	0.73539453117664	0.618553333497706	0	0.520964553461163	0	0	0.582366413742142	0	0	0	0	0.622766201862516	0	0	0.631674779864196
0	0	0	0	0	0	0	0	0	0	0	0	0	0	0	0	0	0	0	0	0	0	0	0	0	0	0	0	0	0	0	0	0	0	0	0	0	0	0	0	0	0	0	0	0	0	0	0.802071948144116	0	0	0	0	0.977963706853829	0	0	0	0	0	0	0.995954340061141	0	0.53895624294757	0	0	0	0	0.579338612254783	0	0	0.848541666064306	0	0	0.931106214763841	0	0	0	0	0.96663009639482	0	0.963048136342613	0.807535784361748	0	0	0.8815970742811	0.535731295726762	0.980069363222431	0	0	0	0
0	0	0	0	0	0	0	0	0	0	0	0	0	0	0	0	0	0	0	0	0	0	0	0	0	0	0	0	0	0	0	0	0	0	0	0	0	0	0	0	0	0	0	0	0	0	0.99319990929989	0	0	0.793949373221551	0	0	0	0	0	0	0	0	0	0	0	0.710719103424021	0	0	0	0	0	0.610001044020061	0	0	0	0	0	0.934769618773062	0	0	0.833846758717368	0	0.883950998234812	0	0.777561432264541	0	0.785578258372969	0	0.591495815077332	0	0.752189442382698	0	0.758637357225529	0
0	0	0	0	0	0	0	0	0	0	0	0	0	0	0	0	0	0	0	0	0	0	0	0	0	0	0	0	0	0	0	0	0	0	0	0	0	0	0	0	0	0	0	0	0	0.975008581141931	0	0	0	0.685662845602912	0	0	0.92910075342585	0	0	0.950681128070757	0.65431770847312	0	0	0	0	0	0	0	0	0	0	0	0	0	0	0.850023366997238	0.684185018010676	0	0	0.906393377093662	0	0	0.704432000671522	0.878428129854626	0	0	0	0	0	0.717013475486455	0	0	0.69430566751894	0.786990700346307
0	0	0	0	0	0	0	0	0	0	0	0	0	0	0	0	0	0	0	0	0	0	0	0	0	0	0	0	0	0	0	0	0	0	0	0	0	0	0	0	0	0	0	0	0	0	0.89507734385338	0	0.797047899169119	0	0.604274577172637	0	0	0	0	0	0	0.559040246974267	0.643610227257676	0	0	0.955922569774643	0	0	0	0	0	0.552040987219289	0	0	0	0	0	0.636410441917307	0	0	0	0.75322848093775	0	0	0	0	0.98947177501928	0	0.871992863957702	0	0.923831445638091	0.936979663592624	0	0
0	0	0	0	0	0	0	0	0	0	0	0	0	0	0	0	0	0	0	0	0	0	0	0	0	0	0	0	0	0	0	0	0	0	0	0	0	0	0	0	0	0	0	0	0	0.968090955832863	0	0	0	0	0	0.936175134945309	0	0	0	0	0	0	0	0	0.529800005788457	0	0	0	0	0.722511279535726	0.979620184018731	0.772327951958373	0	0	0	0	0.762220928561796	0	0	0.865798852177546	0.968067417963147	0	0	0.504181677514807	0	0.546095526493857	0	0	0	0	0	0	0.80743238280813	0.829187765346078
0	0	0	0	0	0	0	0	0	0	0	0	0	0	0	0	0	0	0	0	0	0	0	0	0	0	0	0	0	0	0	0	0	0	0	0	0	0	0	0	0	0	0	0	0	0	0	0	0	0.504275819338121	0.557051557803696	0	0	0	0	0.729657351603079	0	0	0	0	0	0	0	0.955653908127813	0	0	0	0	0	0.789071405299457	0.874185307658797	0	0	0	0	0	0.864605255733117	0	0.561294356175	0	0	0	0	0	0	0	0	0.76125990799565	0.544347779657345	0.57166946166418
0	0	0	0	0	0	0	0	0	0	0	0	0	0	0	0	0	0	0	0	0	0	0	0	0	0	0	0	0	0	0	0	0	0	0	0	0	0	0	0	0	0	0	0	0	0.70086709325961	0	0	0	0	0.612707218540924	0	0.855295472018149	0	0	0.638298202143693	0	0	0	0.990978334921496	0	0	0.53825011146773	0	0	0.950536199850179	0	0	0	0.64512601290769	0.601670924635262	0	0	0.673138468550001	0	0	0	0	0.804005701417696	0.744687314904563	0	0.753513546975906	0	0	0	0	0.766327621500171	0	0.953684154989597	0.741573885523446
0	0	0	0	0	0	0	0	0	0	0	0	0	0	0	0	0	0	0	0	0	0	0	0	0	0	0	0	0	0	0	0	0	0	0	0	0	0	0	0	0	0	0	0	0	0	0.907624815054127	0	0	0	0	0	0.546784199233404	0	0	0	0	0	0	0	0	0	0	0	0	0	0.906287070304946	0	0	0	0	0.895571745471884	0.890056207955061	0	0.788912917202134	0.698539041858591	0	0	0.778073712600571	0	0.774443129650184	0	0	0	0	0	0.876801473482193	0.817105141275754	0	0
0	0	0	0	0	0	0	0	0	0	0	0	0	0	0	0	0	0	0	0	0	0	0	0	0	0	0	0	0	0	0	0	0	0	0	0	0	0	0	0	0	0	0	0	0	0	0	0	0	0	0	0	0	0.831085821784563	0	0	0	0	0.901724507454537	0.844548228995219	0	0	0	0	0	0	0	0	0	0	0	0	0	0.814792331707175	0	0.870767238734381	0	0.910327108969795	0	0.658229059549242	0	0.863505311764694	0	0	0.984952278654554	0.857643339329405	0	0	0	0.544839525088416
0	0	0	0	0	0	0	0	0	0	0	0	0	0	0	0	0	0	0	0	0	0	0	0	0	0	0	0	0	0	0	0	0	0	0	0	0	0	0	0	0	0	0	0	0	0	0	0	0	0.71913949892787	0	0.87856895012414	0.541278692137916	0.974937987076109	0.63986445565659	0	0.732952919759363	0	0.549243737030923	0	0	0.916813433674764	0	0	0.834845260767599	0	0	0	0	0.784246805611091	0.803868004127363	0	0	0.991455897713207	0	0	0	0	0	0	0	0.691196826588743	0	0.544395086700862	0	0.669657577619152	0	0	0	0.898961011469305
0	0	0	0	0	0	0	0	0	0	0	0	0	0	0	0	0	0	0	0	0	0	0	0	0	0	0	0	0	0	0	0	0	0	0	0	0	0	0	0	0	0	0	0	0	0.68529617672855	0	0	0	0.863552471942722	0	0	0.713665008696006	0	0	0	0	0	0	0	0	0	0	0	0.642812458319094	0	0	0	0.614538291523259	0	0	0.881668321444436	0	0	0	0	0	0	0	0.579070814071617	0.528510295657717	0	0.726183185581194	0.584793086613187	0.519631490146978	0	0	0	0	0
0	0	0	0	0	0	0	0	0	0	0	0	0	0	0	0	0	0	0	0	0	0	0	0	0	0	0	0	0	0	0	0	0	0	0	0	0	0	0	0	0	0	0	0	0	0	0	0	0	0.864336293727441	0	0.642155956941853	0	0	0.8913661866222	0.72017147041908	0	0	0	0	0	0	0	0.550686981960785	0.595241561365241	0	0.723013488617995	0	0	0	0	0.659838071892235	0	0.583002963771042	0.664553132668738	0	0	0.963491303087536	0	0	0.672826730316794	0	0.500954867918845	0.934603416801164	0.912987589995972	0	0.85410490483452	0.575613320057842	0	0
