0	0	0.516354013848394	0.974901863454878	0.673377211621889	0.855619535436791	0.91592998212702	0.712029622170995	0	0	0	0	0	0	0	0	0	0	0	0	0	0	0	0	0.771235524087686	0	0	0	0	0	0	0	0	0	0	0	0	0	0.630195329786427	0.825062512215151	0.990516302911825	0.93744688557683	0.805160370621302	0.976913770497728	0.576892935758727	0	0	0	0	0	0	0	0	0	0	0	0	0	0	0	0	0	0	0	0	0	0	0	0	0	0	0	0	0	0	0	0	0	0	0	0	0	0	0	0	0	0	0	0	0
0	0	0.838618260198297	0.801740063978056	0.716075177235212	0.933562296701414	0.968047347156961	0.653488912710223	0.998228566844816	0	0	0	0	0	0	0	0	0	0	0	0	0	0	0	0	0	0	0	0	0	0	0	0	0	0	0	0	0	0	0.789097409810319	0.599598690323359	0.932645714420919	0.500861638005326	0.655034381605568	0.545644835155388	0	0	0	0	0	0	0	0	0	0	0	0	0	0	0	0	0	0	0	0	0	0	0	0	0	0	0	0	0	0	0	0	0	0	0	0	0	0	0	0	0	0	0	0	0
0.834951089006724	0.780247673932699	0	0.70718855786801	0.652600144658325	0.87403637484932	0.83754863287147	0.676204409246136	0.79048480139643	0.68100062336482	0	0	0	0	0	0	0	0	0	0	0	0	0	0	0	0	0	0	0	0	0	0	0	0	0	0	0	0	0	0	0.523534265085922	0.743832715363125	0.750969987123335	0.913701517858937	0.877090175192547	0	0	0	0	0	0	0	0	0	0	0	0	0	0	0	0	0	0	0	0	0	0	0	0	0	0	0	0	0	0	0	0	0	0	0	0	0	0	0	0	0	0	0	0	0
0.687414081917379	0.56131162641383	0.832832900048815	0	0.619139965978782	0.621327270357049	0.885814636551745	0.811230777104402	0.548278981629907	0	0.751010911997705	0	0	0	0	0	0	0	0	0	0	0	0	0	0	0	0	0	0	0	0	0	0	0.702941042290987	0	0	0	0	0	0	0	0.698121736434559	0.653747169664985	0.684738901757387	0.850557718505016	0	0	0	0	0	0	0	0	0	0	0	0	0	0	0	0	0	0	0	0	0	0	0	0	0	0	0	0	0	0	0	0	0	0	0	0	0	0	0	0	0	0	0	0	0
0.673953486541693	0.757442165162675	0.570524511049697	0.824354750603337	0	0.684396837125628	0.820530315823558	0.93206554758767	0.695592780020223	0.716668342595445	0.595402750164519	0.876337628487668	0	0	0	0.715104229681985	0	0	0	0	0	0	0	0	0	0	0	0	0	0	0	0	0	0	0	0	0	0	0	0	0	0	0.887254692885158	0.830014387699001	0.757524994688777	0	0	0	0	0	0	0	0	0	0	0	0	0	0	0	0	0	0	0	0	0	0	0	0	0	0	0	0	0	0	0	0	0	0	0	0	0	0	0	0	0	0	0	0	0
0.587828858930604	0.514622488396931	0.858844326884163	0.839761241224746	0.772413700703405	0	0.683395903190617	0.638057617590827	0.990085088161133	0.630573706816687	0.873905572116409	0.615385742376717	0.990634574690858	0	0	0	0	0	0	0	0	0	0	0	0	0	0	0	0	0	0	0	0	0	0	0	0	0	0	0	0	0	0	0	0.521471057133676	0	0	0	0	0	0	0	0	0	0	0	0	0	0	0	0	0	0	0	0	0	0	0	0	0	0	0	0	0	0	0	0	0	0	0	0	0	0	0	0	0	0	0	0	0
0.904510566898877	0.708542983597804	0.891227359678872	0.836430621358633	0.941102009042974	0.623907093702113	0	0.804432578825631	0.909145955673408	0.835204620220627	0.601375261508586	0.720157508385685	0.737589851293679	0.798054431885881	0	0	0	0.784131239469255	0	0	0	0	0	0	0	0	0	0	0	0	0	0	0	0	0	0	0	0	0	0	0	0	0	0	0.571103498184521	0	0	0	0	0	0	0	0	0	0	0	0	0	0	0	0	0	0	0	0	0	0	0	0	0	0	0	0	0	0	0	0	0	0	0	0	0	0	0	0	0	0	0	0	0
0.587686893715622	0.597868123342221	0.578496048150929	0.6958899414649	0.54088059622553	0.942186161000825	0.722419043970294	0	0.966540743423684	0	0.750890028501915	0.62240609476229	0.909302631282345	0.793026118064867	0.835599481284898	0	0	0	0	0	0	0	0	0.575957133211927	0	0	0	0	0	0	0	0	0	0	0	0	0	0	0	0	0	0	0	0	0.921620836650817	0	0	0	0	0	0	0	0	0	0	0	0	0	0	0	0	0	0	0	0	0	0	0	0	0	0	0	0	0	0	0	0	0	0	0	0	0	0	0	0	0	0	0	0	0
0	0.728839874559438	0.6950982403502	0.551255725200744	0.857830861604996	0.956382130224936	0.584140959507913	0.516023803209181	0	0.566321062267183	0.602903391763209	0.708139998459325	0.820419064741362	0.925423338935899	0.797240896843164	0.944518373341037	0	0	0	0	0	0	0	0	0	0	0	0	0	0	0	0	0	0	0	0	0	0	0	0	0	0	0	0	0	0	0	0	0	0	0	0	0	0	0	0	0	0	0	0	0	0	0	0	0	0	0	0	0	0	0	0	0	0	0	0	0	0	0	0	0	0	0	0	0	0	0	0	0	0
0	0	0.532078450597286	0	0.521318955725217	0.869314827981044	0.671004960856863	0	0.641671441274485	0	0.728265701399443	0.700105382489271	0	0.535006686624501	0.734115469980407	0.907201382099587	0.676100451616701	0	0	0	0	0	0.706781778060946	0	0	0	0	0	0	0	0	0	0	0	0	0	0	0	0	0	0	0	0	0	0	0	0	0	0	0	0	0	0	0	0	0	0	0	0	0	0	0	0	0	0	0	0	0	0	0	0	0	0	0	0	0	0	0	0	0	0	0	0	0	0	0	0	0	0	0
0	0	0	0.655737363796652	0.58296983060787	0.518287507415639	0.518019358001811	0.694504228713219	0.908685637426277	0.87715285398685	0	0.537448804744221	0.510393309631219	0.590349473660682	0.983991316844224	0.574979884294169	0.529371030423895	0.755174500018802	0	0	0	0	0	0	0	0	0	0	0	0	0	0	0	0	0	0	0	0	0	0	0	0	0	0	0	0	0	0	0	0	0	0	0	0	0	0	0	0	0	0	0	0	0	0	0	0	0	0	0	0	0	0	0	0	0	0	0	0	0	0	0	0	0	0	0	0	0	0	0	0
0	0	0	0	0.502062459885763	0.818075926735765	0.920300786260312	0.585293100580812	0.592652297677991	0.884686187374815	0.704995579518404	0	0.656746672235532	0.868587397718337	0.829256718339801	0.783675974058203	0.586214736127021	0.811132199674716	0.851883143221723	0	0	0	0	0	0	0	0	0	0	0	0	0	0	0	0	0	0	0	0	0	0	0	0	0	0	0	0	0	0	0	0	0	0	0	0	0	0	0	0	0	0	0	0	0	0	0	0	0	0	0	0	0	0	0	0	0	0	0	0	0	0	0	0	0	0	0	0	0	0	0
0	0	0	0	0	0.629472412068156	0.648127599555743	0.758797758297997	0.625987175387754	0	0.63364127935928	0.975131426205726	0	0.685596462121733	0.897422731396315	0.93396351588542	0.56226854765591	0.528668498371693	0.76032959262962	0.99388305379226	0	0	0	0	0	0	0	0	0	0	0	0	0	0	0	0	0	0	0	0	0	0	0	0	0	0	0	0	0	0	0	0	0	0	0	0	0	0	0	0	0	0	0	0	0	0	0	0	0	0	0	0	0	0	0	0	0	0	0	0	0	0	0	0	0	0	0	0	0	0
0	0	0	0	0	0	0.883734615875594	0.698853397684602	0.719670123833811	0.918523040704032	0.609646974190543	0.972406549007385	0.699401678577204	0	0.839179860332375	0.642455514465758	0.905405312980634	0.655626712067918	0	0.809158072749965	0.815261655381921	0.743015099838489	0	0	0	0	0	0	0	0	0	0	0	0	0	0	0	0	0	0	0	0	0	0	0	0	0	0	0	0	0	0	0	0	0	0	0	0	0	0	0	0	0	0	0	0	0	0	0	0	0	0	0	0	0	0	0	0	0	0	0	0	0	0	0	0	0	0	0	0
0	0	0	0	0	0	0	0.762049786819229	0.538356282779738	0.947588069817735	0.881535962407695	0.686275421062403	0.983464612099337	0.718275491715438	0	0	0.759939378893386	0.550114480876014	0.560188762765285	0.513542076587642	0.574345503426935	0.857122533605996	0	0	0	0	0	0.610558303469481	0	0	0	0	0	0	0	0	0	0	0	0	0	0	0	0	0	0	0	0	0	0	0	0	0	0	0	0	0	0	0	0	0	0	0	0	0	0	0	0	0	0	0	0	0	0	0	0	0	0	0	0	0	0	0	0	0	0	0	0	0	0
0	0	0	0	0.969460695639998	0	0	0	0.670488066616101	0.607817099988074	0.514242908878098	0.640067282380928	0.56057639308966	0.720058771834119	0	0	0.704886095319859	0	0.821838330421865	0.693088966366546	0.692346429411619	0	0.672908194344776	0	0	0	0	0	0	0.773126008159486	0	0	0	0	0	0	0	0	0	0	0	0	0	0	0	0	0	0	0	0	0	0	0	0	0	0	0	0	0	0	0	0	0	0	0	0	0	0	0	0	0	0	0	0	0	0	0	0	0	0	0	0	0	0	0	0	0	0	0	0
0	0	0	0	0	0	0	0	0	0.651093130924713	0.612071938067762	0.593508398900623	0.877533814925002	0.868095880323841	0.65526254766245	0.77735428917196	0	0.80124908734232	0.810821213570721	0.755442865379308	0.612120983563843	0.595283505543635	0.802828936042809	0.791050936387955	0	0	0	0	0	0	0	0	0	0	0	0	0	0	0	0	0	0	0	0	0	0	0	0	0	0	0	0	0	0	0	0	0	0	0	0	0	0	0	0	0	0	0	0	0	0	0	0	0	0	0	0	0	0	0	0	0	0	0	0	0	0	0	0	0	0
0	0	0	0	0	0	0.680012704591426	0	0	0	0.568401063818641	0.816734706065955	0.61392652563985	0.942676359478242	0.720279799102528	0	0.55346588220808	0	0.911994562244602	0.682240595589102	0.569370719780435	0.985298196930969	0.844282245404113	0	0.571428842597011	0	0	0	0	0	0	0	0	0	0	0	0	0	0	0	0	0	0	0	0	0	0	0	0	0	0	0	0	0	0	0	0	0	0	0	0	0	0	0	0	0	0	0	0	0	0	0	0	0	0	0	0	0	0	0	0	0	0	0	0	0	0	0	0	0
0	0	0	0	0	0	0	0	0	0	0	0.650203016790431	0.505633954836948	0	0.995890601879988	0.613919187020622	0.644483194461737	0.611160159977516	0	0.831430294680455	0.980155054640155	0.783328881277129	0.543734273679519	0.913888801222519	0.683346837221862	0.921778578563178	0	0	0	0	0	0	0	0	0	0	0	0	0	0	0	0	0	0	0	0	0	0	0	0	0	0	0	0	0	0	0	0	0	0	0	0	0	0	0	0	0	0	0	0	0	0	0	0	0	0	0	0	0	0	0	0	0	0	0	0	0	0	0	0
0	0	0	0	0	0	0	0	0	0	0	0	0.686513015571568	0.534447793049396	0.846792095782449	0.600981492228601	0.947132797057683	0.611737574984565	0.514994884489589	0	0.701280687838586	0.539868340573011	0.623703811381197	0.754643924905547	0.563852725940663	0.566281116010701	0.589943142459952	0	0	0	0	0	0	0	0	0	0	0	0	0	0	0	0	0	0	0	0	0	0	0	0	0	0	0	0	0	0	0	0	0	0	0	0	0	0	0	0	0	0	0	0	0	0	0	0	0	0	0	0	0	0	0	0	0	0	0	0	0	0	0
0	0	0	0	0	0	0	0	0	0	0	0	0	0.899732228923887	0.866551254291322	0.913003046472155	0.729691517178656	0.767441193949337	0.778828792591734	0.812051723485752	0	0.788603690785424	0.865049241016797	0.570833765477288	0.91056436520684	0.805623773880463	0.691747348634587	0.596128714070499	0	0	0	0	0	0	0	0	0	0	0	0	0	0	0	0	0	0	0	0	0	0	0	0	0	0	0	0	0	0	0	0	0	0	0	0	0	0	0	0	0	0	0	0	0	0	0	0	0	0	0	0	0	0	0	0	0	0	0	0	0	0
0	0	0	0	0	0	0	0	0	0	0	0	0	0.537127945647895	0.615383266389505	0	0.915378015194507	0.75882204263788	0.719495689739109	0.716945543004273	0.502450542303173	0	0.672996815801492	0.831234255407501	0.606600045364133	0.864173741678569	0.673417196886121	0.806277987749073	0.952425901288049	0	0	0	0	0	0	0	0	0	0	0	0	0	0	0.88035369296673	0	0	0	0	0	0	0	0	0	0	0	0	0	0	0	0	0	0	0	0	0	0	0	0	0	0	0	0	0	0	0	0	0	0	0	0	0	0	0	0	0	0	0	0	0	0
0	0	0	0	0	0	0	0	0	0.874093785918295	0	0	0	0	0	0.902825307145519	0.794823656262658	0.651772449436165	0.836482959568455	0.674637779230014	0.871827988407464	0.729508566895535	0	0.979976463093689	0.759107305025325	0.630502259867812	0.627024282495786	0.526378234642892	0.929574345843045	0.972353956349489	0	0	0	0	0	0	0	0	0	0	0	0	0	0	0	0	0	0	0	0	0	0	0	0	0	0	0	0	0	0	0	0	0	0	0	0	0	0	0	0	0	0	0	0	0	0	0	0	0	0	0	0	0	0	0	0	0	0	0	0
0	0	0	0	0	0	0	0.776876641852033	0	0	0	0	0	0	0	0	0.575313192207322	0	0.954454408853514	0.879620899631373	0.698495413986851	0.862382972901141	0.542705104630987	0	0	0.70549259943546	0.934944880870483	0.649476213317352	0.631264426970846	0.642537037896875	0.714185573341462	0	0	0	0	0	0	0	0	0	0	0	0	0	0	0	0	0	0	0	0	0	0	0	0	0	0	0	0	0	0	0	0	0	0	0	0	0	0	0	0	0	0	0	0	0	0	0	0	0	0	0	0	0	0	0	0	0	0	0
0.770091242540554	0	0	0	0	0	0	0	0	0	0	0	0	0	0	0	0	0.66055524565101	0.731957902058559	0.718531189906315	0.972236930584016	0.559396049334596	0.822633598082617	0	0	0.571836114211183	0.56458522918408	0.713936237159345	0	0.903275913368034	0.912037636251826	0.530458112057413	0	0	0	0	0	0.779467792417591	0	0	0	0	0	0	0	0	0	0	0	0	0	0	0	0	0	0	0	0	0	0	0	0	0	0	0	0	0	0	0	0	0	0	0	0	0	0	0	0	0	0	0	0	0	0	0	0	0	0	0	0
0	0	0	0	0	0	0	0	0	0	0	0	0	0	0	0	0	0	0.965359666099212	0.541168912505833	0.986909886190926	0.6594633482393	0.891850283770958	0.871716963266007	0.720484707684079	0	0.564442217343878	0.888316487102918	0.690429228240336	0.659935301019068	0.507886447377158	0.698370737259276	0.850984592915926	0	0	0	0	0	0	0	0	0	0	0	0	0	0	0	0	0	0	0	0	0	0	0	0	0	0	0	0	0	0	0	0	0	0	0	0	0	0	0	0	0	0	0	0	0	0	0	0	0	0	0	0	0	0	0	0	0
0	0	0	0	0	0	0	0	0	0	0	0	0	0	0	0	0	0	0	0.682963296427833	0.899557845690126	0.938107143257388	0.848816101456403	0.894596207390959	0.923993073478058	0.888068168244925	0	0.535088274123531	0.590573578388401	0.744183882282121	0.824513451695713	0.539687530131444	0.547667946053146	0.959261096213569	0	0	0	0	0	0	0	0	0	0	0	0	0	0	0	0	0	0	0	0	0	0	0	0	0	0	0	0	0	0	0	0	0	0	0	0	0	0	0	0	0	0	0	0	0	0	0	0	0	0	0	0	0	0	0	0
0	0	0	0	0	0	0	0	0	0	0	0	0	0	0.541842123642851	0	0	0	0	0	0.806980238263677	0.626075453950521	0.901673005149175	0.913074118714161	0.699292206677817	0.944039303216868	0.821435194052317	0	0.793981320173291	0.617629120127371	0.504972618585865	0.978850899017769	0.915915294258953	0.668670788681842	0.889393523485407	0	0	0	0	0	0	0	0	0	0	0	0	0	0	0	0	0	0	0	0	0	0	0	0	0	0	0	0	0	0	0	0	0	0	0	0	0	0	0	0	0	0	0	0	0	0	0	0	0	0	0	0	0	0	0
0	0	0	0	0	0	0	0	0	0	0	0	0	0	0	0	0	0	0	0	0	0.762248362454612	0.963244432033717	0.689847658028798	0	0.639662850143	0.782694037044809	0.809760487147155	0	0.603427923824884	0.927239851365711	0.605994411355869	0.593865313865074	0.877825930382571	0.667402194619892	0.78432972680288	0	0	0	0	0	0	0	0	0	0	0	0	0	0	0	0	0	0	0	0	0	0	0	0	0	0	0	0	0	0	0	0	0	0	0	0	0	0	0	0	0	0	0	0	0	0	0	0	0	0	0	0	0	0
0	0	0	0	0	0	0	0	0	0	0	0	0	0	0	0.77650000024029	0	0	0	0	0	0	0.789753656163751	0.506206642032919	0.931224872669528	0.826244601822492	0.802456469907175	0.57327824447058	0.913597010069931	0	0.933939037004756	0.927788677383811	0.682567235467144	0.508011691436058	0.748817349078265	0.660203457695692	0.684719964931981	0	0	0	0	0	0	0	0	0	0	0	0	0	0	0	0	0	0	0	0	0	0	0	0	0	0	0	0	0	0	0	0	0	0	0	0	0	0	0	0	0	0	0	0	0	0	0	0	0	0	0	0	0
0	0	0	0	0	0	0	0	0	0	0	0	0	0	0	0	0	0	0	0	0	0	0	0.953620311806791	0.657579151828396	0.62844047226397	0.770268748509647	0.63324600799493	0.921629437780324	0.687107054228897	0	0.732120559277261	0.771260846667495	0.940528115501359	0.792719461240171	0.696146881001366	0.890619969036959	0.867154595907339	0	0	0	0	0	0	0	0	0	0	0	0	0	0	0	0	0	0	0	0	0	0	0	0	0	0	0	0	0	0	0	0	0	0	0	0	0	0	0	0	0	0	0	0	0	0	0	0	0	0	0	0
0	0	0	0	0	0	0	0	0	0	0	0	0	0	0	0	0	0	0	0	0	0	0	0	0.519848157811224	0.551910853494581	0.888161599456613	0.928371371826669	0.725748808106226	0.784562087028797	0.809998219344492	0	0.673246305009622	0.847829379900444	0.638987220690194	0.730963681157868	0.759622648964285	0.749459584722765	0.848655559958095	0	0	0	0	0	0	0	0	0	0	0	0	0	0	0	0	0	0	0	0	0	0	0	0	0	0	0	0	0	0	0	0	0	0	0	0	0	0	0	0	0	0	0	0	0	0	0	0	0	0	0
0	0	0	0	0	0	0	0	0	0	0	0	0	0	0	0	0	0	0	0	0	0	0	0	0	0.685317482519563	0.922701592896539	0.870849301491543	0.902804358438808	0.509718122762967	0.671673282142528	0.505134425986973	0	0.632567019607811	0.561130644037983	0.644474995692713	0.643045205906065	0.625527787114206	0.787346731627311	0.756473493531377	0	0	0	0	0	0	0	0	0	0	0	0	0	0	0	0	0	0	0	0	0	0	0	0	0	0	0	0	0	0	0	0	0	0	0	0	0	0	0	0	0	0	0	0	0	0	0	0	0	0
0	0	0	0.858177720517461	0	0	0	0	0	0	0	0	0	0	0	0	0	0	0	0	0	0	0	0	0	0	0.527875951911626	0.68772333189278	0.746241873990236	0.610093531372608	0.695688151769301	0.848578398849118	0.531854346350268	0	0.780469565259863	0.732818606080467	0.621299806227193	0.763565558522119	0.604595234368341	0.845322616542528	0.985738288242126	0	0	0	0	0	0	0	0	0	0	0	0	0	0	0	0	0	0	0	0	0	0	0	0	0	0	0	0	0	0	0	0	0	0	0	0	0	0	0	0	0	0	0	0	0	0	0	0	0
0	0	0	0	0	0	0	0	0	0	0	0	0	0	0	0	0	0	0	0	0	0	0	0	0	0	0	0.789999560950936	0.661563855783669	0.938250023277004	0.853229975349313	0.805023527991932	0.702956962939077	0.515278173095893	0	0.710745870288702	0.834046357145484	0.602829983854286	0.735443683835005	0.973268085280691	0.671530475731446	0.529501524590757	0	0	0	0	0	0	0	0	0	0	0	0	0	0	0	0	0	0	0	0	0	0	0	0	0	0	0	0	0	0	0	0	0	0	0	0	0	0	0	0	0	0	0	0	0	0	0	0
0	0	0	0	0	0	0	0	0	0	0	0	0	0	0	0	0	0	0	0	0	0	0	0	0	0	0	0	0.907202701051931	0.676731729342116	0.872616160946891	0.93384019037428	0.756316677473986	0.846545820386934	0.540251743252698	0	0.578365502352426	0.882302901572555	0.554167029501287	0.500359500260393	0.800875918613554	0.640345194251011	0.75925972214028	0	0	0	0	0	0	0	0	0	0	0	0	0	0	0	0	0	0	0	0	0	0	0	0	0	0	0	0	0	0	0	0	0	0	0	0	0	0	0	0	0	0	0	0	0	0	0
0	0	0	0	0	0	0	0	0	0	0	0	0	0	0	0	0	0	0	0	0	0	0	0	0	0	0	0	0	0.635086484174188	0.845490925677265	0.796255222201398	0.788696971038045	0.73677283633712	0.914055118164454	0.543490690587926	0	0.932113434644055	0.985072698874157	0.570966647376624	0.828379928775047	0.828259780183413	0.640890060316978	0.843562256362322	0	0	0	0	0	0	0	0	0	0	0	0	0	0	0	0	0	0	0	0	0	0	0	0	0	0	0	0	0	0	0	0	0	0	0	0	0	0	0	0	0	0	0	0	0	0
0	0	0	0	0	0	0	0	0	0	0	0	0	0	0	0	0	0	0	0	0	0	0	0	0.531382293258758	0	0	0	0	0	0.825698989774	0.664001856126177	0.871885879697531	0.619367570814412	0.98128587084033	0.562418958663635	0.883499434513437	0	0.787542767157437	0.578149105228474	0.833726015014938	0.710639841666465	0.715413626492017	0.721310025492182	0.758859076387641	0	0	0	0	0	0	0	0	0	0	0	0	0	0	0	0	0	0	0	0	0	0	0	0	0	0	0	0	0	0	0	0	0	0	0	0	0	0	0	0	0	0	0	0	0
0.749919202184723	0	0	0	0	0	0	0	0	0	0	0	0	0	0	0	0	0	0	0	0	0	0	0	0	0	0	0	0	0	0	0.918778135159208	0.628733343242611	0.685674481156393	0.810594288121743	0.711127591514561	0.644297722585319	0.884070415003735	0	0.800205228974653	0.546078514302569	0.830087227167567	0.740078532536001	0.983063852964041	0.769364480318053	0	0	0	0	0	0	0	0	0	0	0	0	0	0	0	0	0	0	0	0	0	0	0	0	0	0	0	0	0	0	0	0	0	0	0	0	0	0	0	0	0	0	0	0	0
0.598820166284826	0.560167554728669	0	0	0	0	0	0	0	0	0	0	0	0	0	0	0	0	0	0	0	0	0	0	0	0	0	0	0	0	0	0	0.784295938549782	0.854480352605248	0.894472452310959	0.704295723716493	0.760949096136939	0.86365405995141	0.962457581552834	0	0.901294629110568	0.667828597057744	0.716251547504787	0.74986489044941	0.817389371995543	0	0	0	0	0	0	0	0	0	0	0	0	0	0	0	0	0	0	0	0	0	0	0	0	0	0	0	0	0	0	0	0	0	0	0	0	0	0	0	0	0	0	0	0	0
0.771168123660101	0.871296038956504	0.573835933636484	0	0	0	0	0	0	0	0	0	0	0	0	0	0	0	0	0	0	0	0	0	0	0	0	0	0	0	0	0	0	0.555775030399037	0.624709704249483	0.675413203812897	0.535820166757699	0.990604640637744	0.8001937713642	0.557668062822426	0	0.953669794706523	0.843844904412153	0.876121541561167	0.907680557755304	0	0	0	0	0	0	0	0	0	0	0	0	0	0	0	0	0	0	0	0	0	0	0	0	0	0	0	0	0	0	0	0	0	0	0	0	0	0	0	0	0	0	0	0	0
0.633028413350693	0.630533152197223	0.72947796010112	0.646566438839931	0	0	0	0	0	0	0	0	0	0	0	0	0	0	0	0	0	0	0	0	0	0	0	0	0	0	0	0	0	0	0.87519576573183	0.691277095574521	0.808317991023043	0.863555960483002	0.890952592425459	0.779180419007508	0.580460173831374	0	0.588496233121164	0.893599598325555	0.838220271236013	0	0	0	0	0	0	0	0	0	0	0	0	0	0	0	0	0	0	0	0	0	0	0	0	0	0	0	0	0	0	0	0	0	0	0	0	0	0	0	0	0	0	0	0	0
0.668527794248842	0.851334545531545	0.532809760786032	0.984000102002242	0.637148915642179	0	0	0	0	0	0	0	0	0	0	0	0	0	0	0	0	0	0	0	0	0	0	0	0	0	0	0	0	0	0	0.750885574519564	0.998665625381753	0.527004520273421	0.584003139587474	0.851014141003	0.747650974029139	0.684983080677946	0	0.737410705758258	0.529126962735151	0	0	0	0	0	0	0	0	0	0	0	0	0	0	0	0	0	0	0	0	0	0	0	0	0	0	0	0	0	0	0	0	0	0	0	0	0	0	0	0	0	0	0	0	0
0.559687385684084	0.893666249173257	0.945276100390981	0.569266860568128	0.695055165650641	0	0	0	0	0	0	0	0	0	0	0	0	0	0	0	0	0.984199106789355	0	0	0	0	0	0	0	0	0	0	0	0	0	0	0.680705549979208	0.775482801078626	0.568538346964206	0.738980396391445	0.900076694436264	0.619318306901889	0.944029597572653	0	0.668922491620587	0	0	0	0	0	0	0	0	0	0	0	0	0	0	0	0	0	0	0	0	0	0	0	0	0	0	0	0	0	0	0	0	0	0	0	0	0	0	0	0	0	0	0	0	0
0.769384319687439	0.851669117551912	0.826582280134258	0.923419634102935	0.768966483500574	0.705741371241967	0.62800932604523	0.749271086940802	0	0	0	0	0	0	0	0	0	0	0	0	0	0	0	0	0	0	0	0	0	0	0	0	0	0	0	0	0	0.504290041563307	0.836892197351591	0.772459142803215	0.811991584273417	0.619316284851797	0.660194176590852	0.730637569659878	0	0	0	0	0	0	0	0	0	0	0	0	0	0	0	0	0	0	0	0	0	0	0	0	0	0	0	0	0	0	0	0	0	0	0	0	0	0	0	0	0	0	0	0	0	0
0	0	0	0	0	0	0	0	0	0	0	0	0	0	0	0	0	0	0	0	0	0	0	0	0	0	0	0	0	0	0	0	0	0	0	0	0	0	0	0	0	0	0	0	0	0	0	0	0.739383045077621	0	0	0	0	0	0.906670993788581	0.695514272954657	0	0	0	0	0	0	0	0	0	0	0	0	0	0	0	0	0	0	0	0	0	0	0	0	0.579500846116368	0	0	0	0.755705293363371	0	0	0	0.539097830939862	0
0	0	0	0	0	0	0	0	0	0	0	0	0	0	0	0	0	0	0	0	0	0	0	0	0	0	0	0	0	0	0	0	0	0	0	0	0	0	0	0	0	0	0	0	0	0	0	0	0	0	0	0.73076877699406	0	0	0	0	0	0	0	0	0	0	0	0	0	0	0	0	0	0	0.746426783983966	0	0.820998039955527	0	0	0	0	0	0	0	0	0	0	0	0	0	0.662803419496929	0	0	0.927789235205198
0	0	0	0	0	0	0	0	0	0	0	0	0	0	0	0	0	0	0	0	0	0	0	0	0	0	0	0	0	0	0	0	0	0	0	0	0	0	0	0	0	0	0	0	0	0	0	0	0.974513394612006	0	0	0	0	0	0.987810159076401	0	0	0	0	0	0.555675636676748	0	0	0.519489433070668	0	0	0	0	0	0	0	0	0	0	0	0	0	0	0	0	0	0.858415194985886	0	0.770695526208754	0	0	0	0	0	0
0	0	0	0	0	0	0	0	0	0	0	0	0	0	0	0	0	0	0	0	0	0	0	0	0	0	0	0	0	0	0	0	0	0	0	0	0	0	0	0	0	0	0	0	0	0.721493388766384	0	0.516311134437536	0	0	0	0.874290268075074	0	0	0	0	0	0	0	0	0	0.958020126437104	0	0.988264162964455	0	0	0	0	0	0	0	0	0	0	0.544939949251816	0	0	0	0	0	0	0	0	0.824637112510571	0	0	0	0	0	0
0	0	0	0	0	0	0	0	0	0	0	0	0	0	0	0	0	0	0	0	0	0	0	0	0	0	0	0	0	0	0	0	0	0	0	0	0	0	0	0	0	0	0	0	0	0	0	0	0	0	0.741049879043557	0	0	0	0	0	0.701493127803147	0	0	0	0	0	0	0	0.862234959777856	0	0	0	0	0	0	0.930870499388959	0	0	0	0	0.579323602291066	0	0	0	0	0	0	0	0	0	0	0	0	0
0	0	0	0	0	0	0	0	0	0	0	0	0	0	0	0	0	0	0	0	0	0	0	0	0	0	0	0	0	0	0	0	0	0	0	0	0	0	0	0	0	0	0	0	0	0	0	0	0	0.574695858672443	0	0	0.720293114015018	0	0	0.860417126165612	0	0	0	0	0	0	0	0	0	0	0	0	0	0	0	0	0	0	0	0	0	0	0	0.900134806126508	0	0	0	0	0	0	0	0	0	0
0	0	0	0	0	0	0	0	0	0	0	0	0	0	0	0	0	0	0	0	0	0	0	0	0	0	0	0	0	0	0	0	0	0	0	0	0	0	0	0	0	0	0	0	0	0	0.70033862868837	0	0.553064120308359	0	0	0	0	0.642490350054089	0	0	0	0	0	0.520127687552745	0	0	0	0	0	0	0	0.784913429336811	0	0	0	0	0	0.631456348063115	0	0	0	0.907355125252134	0	0	0	0	0	0	0	0.546272026370032	0	0	0	0
0	0	0	0	0	0	0	0	0	0	0	0	0	0	0	0	0	0	0	0	0	0	0	0	0	0	0	0	0	0	0	0	0	0	0	0	0	0	0	0	0	0	0	0	0	0	0	0	0	0	0.94131096008832	0	0	0	0	0	0	0	0	0	0	0	0	0	0	0	0	0	0	0	0.552770954596008	0.6810169533481	0	0	0	0	0	0	0	0	0	0	0	0	0.639283312304698	0.716767906197438	0	0	0	0
0	0	0	0	0	0	0	0	0	0	0	0	0	0	0	0	0	0	0	0	0	0	0	0	0	0	0	0	0	0	0	0	0	0	0	0	0	0	0	0	0	0	0	0	0	0	0	0	0	0	0	0.972498898705828	0	0	0	0	0	0	0	0	0.872403267331744	0	0	0	0	0	0	0	0	0	0	0.617202974306133	0	0	0	0.56334465472482	0	0	0.660819009570472	0.601424026928282	0	0.512628666682546	0	0	0	0	0	0	0	0
0	0	0	0	0	0	0	0	0	0	0	0	0	0	0	0	0	0	0	0	0	0	0	0	0	0	0	0	0	0	0	0	0	0	0	0	0	0	0	0	0	0	0	0	0	0.795410319918505	0	0.835856414861557	0	0	0	0	0	0	0	0.913649328339825	0	0	0	0.986589109246026	0.909347454167588	0	0	0	0	0	0	0	0	0	0	0	0.994246623655131	0	0	0	0	0	0	0	0	0	0	0	0	0	0	0	0	0
0	0	0	0	0	0	0	0	0	0	0	0	0	0	0	0	0	0	0	0	0	0	0	0	0	0	0	0	0	0	0	0	0	0	0	0	0	0	0	0	0	0	0	0	0	0.535151575239582	0	0	0	0	0.74551802685347	0	0	0	0.598412514851912	0	0	0	0.656783317077387	0	0	0	0	0	0	0	0	0.529030828778242	0	0	0.797188602262366	0	0	0	0	0	0	0	0	0.874399818951635	0	0	0	0	0	0	0	0	0.818307056627459	0
0	0	0	0	0	0	0	0	0	0	0	0	0	0	0	0	0	0	0	0	0	0	0	0	0	0	0	0	0	0	0	0	0	0	0	0	0	0	0	0	0	0	0	0	0	0	0	0	0	0.988977919275004	0	0	0	0	0	0	0	0.517685303694132	0.526769743105729	0	0	0.673066849449697	0	0	0	0	0	0	0	0	0	0	0	0	0	0	0	0	0	0	0	0	0	0	0.568968111909838	0	0	0	0	0
0	0	0	0	0	0	0	0	0	0	0	0	0	0	0	0	0	0	0	0	0	0	0	0	0	0	0	0	0	0	0	0	0	0	0	0	0	0	0	0	0	0	0	0	0	0	0	0	0	0	0	0	0	0	0	0	0.696694777367688	0	0.549054598796629	0	0	0	0	0	0	0	0	0	0.559262741192297	0	0	0	0	0	0	0	0	0	0	0.616118667901831	0	0.891393282590999	0	0	0	0.520999244139813	0	0.536830848958502	0	0
0	0	0	0	0	0	0	0	0	0	0	0	0	0	0	0	0	0	0	0	0	0	0	0	0	0	0	0	0	0	0	0	0	0	0	0	0	0	0	0	0	0	0	0	0	0	0	0	0	0	0	0	0	0	0	0.707180117688463	0.717213165545265	0.609033475787707	0	0.840263865143021	0	0	0	0	0.837558567698474	0	0.759502584571599	0	0	0	0.589708717275675	0	0	0	0	0	0	0	0	0	0.977459382051739	0	0	0	0	0	0	0	0	0
0	0	0	0	0	0	0	0	0	0	0	0	0	0	0	0	0	0	0	0	0	0	0	0	0	0	0	0	0	0	0	0	0	0	0	0	0	0	0	0	0	0	0	0	0	0	0	0	0	0	0	0.978618779555766	0	0	0.751600203798848	0	0	0	0.74489200388598	0	0	0	0.533684802405482	0	0	0	0	0	0.631332135978394	0	0	0	0	0	0	0	0	0	0	0	0	0	0	0.518840830580808	0	0.665667771542117	0	0	0	0
0	0	0	0	0	0	0	0	0	0	0	0	0	0	0	0	0	0	0	0	0	0	0	0	0	0	0	0	0	0	0	0	0	0	0	0	0	0	0	0	0	0	0	0	0	0	0	0.630917027837606	0	0	0	0	0	0.832064450599283	0.74337727274393	0	0	0	0	0	0	0	0	0	0	0	0	0	0	0.677082105681472	0	0	0	0.811387461676942	0	0	0	0	0.942959202762052	0	0	0.682044876411128	0	0.762167604115767	0	0	0	0	0	0.634909924977909
0	0	0	0	0	0	0	0	0	0	0	0	0	0	0	0	0	0	0	0	0	0	0	0	0	0	0	0	0	0	0	0	0	0	0	0	0	0	0	0	0	0	0	0	0	0	0	0	0.782590421626236	0	0	0	0	0	0	0	0.905598586590787	0	0	0	0	0	0	0.91212696972184	0	0	0	0	0	0.532383558190447	0	0	0.741735777040803	0	0	0	0	0	0	0	0	0	0	0	0	0	0	0.847453153550141	0	0
0	0	0	0	0	0	0	0	0	0	0	0	0	0	0	0	0	0	0	0	0	0	0	0	0	0	0	0	0	0	0	0	0	0	0	0	0	0	0	0	0	0	0	0	0	0	0	0	0	0	0	0	0	0	0	0	0	0	0	0.942427166048482	0	0	0	0.896784552919403	0	0	0	0	0	0	0	0	0	0	0	0.562365702236991	0	0	0	0	0	0	0	0.734880805498774	0	0	0.690661234303915	0	0	0
0	0	0	0	0	0	0	0	0	0	0	0	0	0	0	0	0	0	0	0	0	0	0	0	0	0	0	0	0	0	0	0	0	0	0	0	0	0	0	0	0	0	0	0	0	0	0	0.645180639646945	0.871937614195364	0	0	0	0	0	0	0	0	0	0	0	0	0.822755899833956	0.548248713111946	0	0.948153405123316	0	0	0	0	0	0	0	0	0	0	0	0	0.88729434541601	0	0	0	0	0	0	0.811272231238653	0.591673618431038	0	0	0.961942526626999	0
0	0	0	0	0	0	0	0	0	0	0	0	0	0	0	0	0	0	0	0	0	0	0	0	0	0	0	0	0	0	0	0	0	0	0	0	0	0	0	0	0	0	0	0	0	0	0	0	0	0.743322902860967	0	0	0	0	0	0	0	0	0.513883530759161	0	0	0	0	0.818334159309316	0	0	0	0	0	0.630945085313827	0	0	0	0	0	0	0	0.988163587077263	0	0.944059466583034	0	0	0.821648643353911	0	0	0	0	0	0	0
0	0	0	0	0	0	0	0	0	0	0	0	0	0	0	0	0	0	0	0	0	0	0	0	0	0	0	0	0	0	0	0	0	0	0	0	0	0	0	0	0	0	0	0	0	0	0	0	0	0	0	0	0	0	0	0	0	0	0	0	0	0	0	0	0	0	0	0.655747059037444	0	0	0.653015267303859	0.741480289601386	0	0.57033021587614	0	0	0	0	0	0	0	0	0	0	0	0	0	0	0	0.56349319877992
0	0	0	0	0	0	0	0	0	0	0	0	0	0	0	0	0	0	0	0	0	0	0	0	0	0	0	0	0	0	0	0	0	0	0	0	0	0	0	0	0	0	0	0	0	0	0	0	0	0	0	0	0	0	0	0	0	0	0.596892617390038	0	0	0	0	0	0	0	0	0	0	0.605929948248045	0	0	0.539852629340855	0	0	0	0	0	0	0.696191109402928	0	0	0	0	0	0	0	0	0	0
0	0	0	0	0	0	0	0	0	0	0	0	0	0	0	0	0	0	0	0	0	0	0	0	0	0	0	0	0	0	0	0	0	0	0	0	0	0	0	0	0	0	0	0	0	0	0	0	0	0	0	0.86505277973101	0	0	0	0.552235956629014	0	0	0	0	0	0	0	0	0	0.834500929598089	0	0	0	0.652931663609367	0	0	0	0	0	0	0	0	0	0.564728732558833	0	0	0	0	0	0	0	0	0.681729367269288	0
0	0	0	0	0	0	0	0	0	0	0	0	0	0	0	0	0	0	0	0	0	0	0	0	0	0	0	0	0	0	0	0	0	0	0	0	0	0	0	0	0	0	0	0	0	0	0	0	0	0	0	0	0	0	0	0	0	0.843688987672367	0	0.676748341054197	0	0	0	0	0	0	0	0	0	0	0.784965231601255	0	0	0	0	0	0	0	0	0	0	0	0	0	0	0	0	0.769800095037982	0	0
0	0	0	0	0	0	0	0	0	0	0	0	0	0	0	0	0	0	0	0	0	0	0	0	0	0	0	0	0	0	0	0	0	0	0	0	0	0	0	0	0	0	0	0	0	0	0	0	0	0	0	0	0	0	0	0	0	0	0	0	0.577988569591217	0.7706558874847	0	0	0.977995486070174	0	0.7341254518732	0.536181234872667	0	0	0	0	0	0	0.87154221147462	0.814088692416818	0	0	0	0	0	0	0.903335931296952	0	0	0	0	0	0	0
0	0	0	0	0	0	0	0	0	0	0	0	0	0	0	0	0	0	0	0	0	0	0	0	0	0	0	0	0	0	0	0	0	0	0	0	0	0	0	0	0	0	0	0	0	0	0.523950456803951	0	0	0	0	0	0.94069505351864	0	0	0.821999981964818	0	0	0.930864854913767	0	0	0	0	0	0	0.876780728290335	0	0	0.621450223964947	0	0	0	0	0	0	0	0	0.842204449284529	0	0	0.614959464435563	0	0	0	0	0	0.824774697259345	0.890308932450148	0	0
0	0	0	0	0	0	0	0	0	0	0	0	0	0	0	0	0	0	0	0	0	0	0	0	0	0	0	0	0	0	0	0	0	0	0	0	0	0	0	0	0	0	0	0	0	0	0	0	0	0.794368118646024	0	0	0.681457595847184	0.982178529594926	0	0	0	0	0	0	0	0	0	0	0	0.643558181692435	0	0	0	0	0	0	0.91963500503022	0	0	0	0	0.852534356444828	0	0	0	0	0	0	0	0	0	0	0	0
0	0	0	0	0	0	0	0	0	0	0	0	0	0	0	0	0	0	0	0	0	0	0	0	0	0	0	0	0	0	0	0	0	0	0	0	0	0	0	0	0	0	0	0	0	0	0.889661488088724	0	0	0	0	0	0	0	0.912009390535738	0	0	0	0	0	0	0.785422311794654	0	0	0	0	0.821584035533875	0	0	0	0	0.65921194136127	0	0	0	0	0	0	0	0	0	0	0	0	0	0	0	0	0	0
0	0	0	0	0	0	0	0	0	0	0	0	0	0	0	0	0	0	0	0	0	0	0	0	0	0	0	0	0	0	0	0	0	0	0	0	0	0	0	0	0	0	0	0	0	0	0	0	0	0	0	0.680857464230723	0	0	0	0	0	0	0	0	0.933535562735282	0	0	0	0	0.717720743548122	0	0	0	0	0	0	0	0	0	0	0	0	0	0	0	0.962405727567014	0	0	0	0	0.578691986994726	0	0	0
0	0	0	0	0	0	0	0	0	0	0	0	0	0	0	0	0	0	0	0	0	0	0	0	0	0	0	0	0	0	0	0	0	0	0	0	0	0	0	0	0	0	0	0	0	0	0	0	0.763278686857915	0	0	0	0	0	0	0	0	0	0	0	0	0	0	0	0	0	0	0	0	0.657567609190886	0	0	0	0	0	0	0	0	0	0	0	0	0.967801560104162	0	0	0	0	0	0	0
0	0	0	0	0	0	0	0	0	0	0	0	0	0	0	0	0	0	0	0	0	0	0	0	0	0	0	0	0	0	0	0	0	0	0	0	0	0	0	0	0	0	0	0	0	0	0	0	0	0	0	0	0	0.929935420334188	0	0	0	0	0	0	0	0	0.503458877346795	0	0	0	0	0	0	0.588027326007464	0	0	0	0	0	0	0	0	0	0	0	0	0.900128724386988	0.827992305467155	0	0	0	0	0	0.605685152294117
0	0	0	0	0	0	0	0	0	0	0	0	0	0	0	0	0	0	0	0	0	0	0	0	0	0	0	0	0	0	0	0	0	0	0	0	0	0	0	0	0	0	0	0	0	0	0	0	0	0.723390442885406	0	0	0	0	0	0	0	0	0	0	0	0	0	0	0	0	0	0	0	0	0	0	0	0	0	0	0	0.696975338438973	0.553881442275336	0	0	0	0.747777110044853	0	0	0	0	0	0	0
0	0	0	0	0	0	0	0	0	0	0	0	0	0	0	0	0	0	0	0	0	0	0	0	0	0	0	0	0	0	0	0	0	0	0	0	0	0	0	0	0	0	0	0	0	0	0	0	0	0	0	0.996803364307833	0	0	0	0	0	0	0	0	0	0	0	0.953117382308908	0.718849540207789	0	0	0	0	0	0.633389747950352	0.694286226304818	0	0	0	0	0.589306847720252	0	0	0	0	0	0	0	0	0	0	0	0	0
0	0	0	0	0	0	0	0	0	0	0	0	0	0	0	0	0	0	0	0	0	0	0	0	0	0	0	0	0	0	0	0	0	0	0	0	0	0	0	0	0	0	0	0	0	0	0	0	0	0	0	0	0	0.959728513783735	0	0	0	0	0	0	0.761642700518166	0	0	0	0	0	0	0	0	0	0	0	0	0	0	0	0.657768909667748	0	0	0	0.77712817628616	0.576380829548651	0	0	0	0	0	0	0	0
0	0	0	0	0	0	0	0	0	0	0	0	0	0	0	0	0	0	0	0	0	0	0	0	0	0	0	0	0	0	0	0	0	0	0	0	0	0	0	0	0	0	0	0	0	0	0	0	0	0	0.755859333187299	0	0	0.50097621138054	0	0.612810248927528	0	0.643001712812766	0	0	0	0	0	0	0.907129890394172	0	0.757854364779718	0.538415054635456	0	0	0	0	0	0	0	0	0	0	0	0	0	0	0	0	0	0	0	0	0	0
0	0	0	0	0	0	0	0	0	0	0	0	0	0	0	0	0	0	0	0	0	0	0	0	0	0	0	0	0	0	0	0	0	0	0	0	0	0	0	0	0	0	0	0	0	0.766686193693234	0	0	0	0	0	0	0	0	0	0	0	0	0.748740403826972	0	0	0	0	0	0	0	0	0	0	0	0.526040908257389	0	0	0	0	0	0	0	0.900235546041428	0	0	0	0	0.862659331520403	0	0.69673847170698	0	0	0	0
0	0	0	0	0	0	0	0	0	0	0	0	0	0	0	0	0	0	0	0	0	0	0	0	0	0	0	0	0	0	0	0	0	0	0	0	0	0	0	0	0	0	0	0	0	0	0	0.652582183501256	0	0	0	0	0	0.786238465062936	0	0	0	0.886658982947732	0	0	0.974052429239139	0	0	0	0	0	0	0	0	0	0	0	0	0.946044857167647	0	0	0	0	0.891936462341068	0	0	0	0	0	0	0	0	0	0	0.712708468802704
0	0	0	0	0	0	0	0	0	0	0	0	0	0	0	0	0	0	0	0	0	0	0	0	0	0	0	0	0	0	0	0	0	0	0	0	0	0	0	0	0	0	0	0	0	0	0	0	0	0	0	0	0	0	0	0	0	0	0	0	0	0	0	0	0.810496725560204	0	0	0	0	0.851285546472557	0	0	0	0	0.680880020812835	0.674956488793431	0.704942991204792	0	0	0	0	0	0	0	0	0	0.930537733774732	0	0	0
0	0	0	0	0	0	0	0	0	0	0	0	0	0	0	0	0	0	0	0	0	0	0	0	0	0	0	0	0	0	0	0	0	0	0	0	0	0	0	0	0	0	0	0	0	0	0	0.741119124776329	0.674055196986158	0	0	0	0	0	0	0	0	0	0	0.604835260129015	0.615162082476548	0	0.620928796033979	0	0	0	0	0	0	0	0	0	0	0	0	0.646611174865092	0	0	0	0	0.780832482124557	0	0	0	0	0	0	0	0	0.63373471354995
0	0	0	0	0	0	0	0	0	0	0	0	0	0	0	0	0	0	0	0	0	0	0	0	0	0	0	0	0	0	0	0	0	0	0	0	0	0	0	0	0	0	0	0	0	0.5301399989784	0	0	0	0	0	0	0.770703538479406	0	0	0	0.922138333000182	0	0	0	0	0	0	0.738549335522464	0	0	0	0	0	0	0	0	0	0	0	0	0	0	0	0	0	0	0	0	0	0	0	0	0	0
0	0	0	0	0	0	0	0	0	0	0	0	0	0	0	0	0	0	0	0	0	0	0	0	0	0	0	0	0	0	0	0	0	0	0	0	0	0	0	0	0	0	0	0	0	0	0	0	0	0	0	0.513900897490671	0.545966345088381	0	0	0	0	0.623905399787425	0	0.994323375181862	0	0	0	0.67797420596538	0	0	0	0	0	0	0	0	0	0	0	0	0	0	0	0	0.658714453078463	0	0	0	0	0	0	0	0	0
0	0	0	0	0	0	0	0	0	0	0	0	0	0	0	0	0	0	0	0	0	0	0	0	0	0	0	0	0	0	0	0	0	0	0	0	0	0	0	0	0	0	0	0	0	0	0.863404734872251	0	0	0	0	0	0	0	0	0	0	0	0	0	0	0	0.608157249106935	0	0	0	0	0	0	0	0.636153700743103	0	0	0.653770138648019	0	0	0	0	0	0	0	0	0.78293139761877	0	0	0	0	0	0	0
0	0	0	0	0	0	0	0	0	0	0	0	0	0	0	0	0	0	0	0	0	0	0	0	0	0	0	0	0	0	0	0	0	0	0	0	0	0	0	0	0	0	0	0	0	0	0	0	0	0	0	0	0	0	0	0	0	0.846875797769713	0	0	0	0.716426598612399	0	0	0	0	0	0	0.672318048581555	0	0.691101777656162	0	0	0	0	0	0	0	0	0	0	0	0	0	0	0	0	0	0	0
0	0	0	0	0	0	0	0	0	0	0	0	0	0	0	0	0	0	0	0	0	0	0	0	0	0	0	0	0	0	0	0	0	0	0	0	0	0	0	0	0	0	0	0	0	0.699446432270933	0	0	0	0	0	0	0	0	0	0.629050010905982	0	0	0	0	0	0	0	0.827729979787945	0	0	0	0.551771862077539	0	0	0	0	0	0	0	0	0	0	0	0	0	0	0	0	0	0	0	0	0	0
0	0	0	0	0	0	0	0	0	0	0	0	0	0	0	0	0	0	0	0	0	0	0	0	0	0	0	0	0	0	0	0	0	0	0	0	0	0	0	0	0	0	0	0	0	0	0.528133797813992	0	0	0	0	0	0	0	0	0	0	0	0	0	0.811904047786386	0	0	0	0	0.872834139951613	0	0	0	0	0	0	0	0	0	0.924222848630613	0	0	0	0	0	0.588242119075085	0	0.795780600915917	0	0	0	0	0	0
