0	0.809842316365191	0.670277189531536	0	0.950178772727795	0.977154423229376	0.673450945046316	0.779789761041189	0	0	0	0	0	0	0	0	0	0	0	0	0	0	0	0	0	0	0	0	0	0	0.766544940565258	0	0	0	0	0	0	0	0.577202967367936	0.875057761070155	0.542142238215773	0.822911895660695	0.550734657884704	0.776913496894981	0.558826844055245	0	0	0	0	0	0	0	0	0	0	0	0	0	0	0	0	0	0	0	0	0	0	0	0	0	0	0	0	0	0	0	0	0	0	0	0	0	0	0	0	0	0	0	0	0
0.939843911340816	0	0.978396403036013	0.591737229361712	0.581477682460497	0.620867721575107	0.621883848984435	0.648888048325427	0.995335781074322	0	0	0	0	0	0	0	0	0	0	0	0	0	0	0	0	0	0	0	0	0	0	0	0	0	0	0	0	0	0	0.985191389053552	0.884532711646573	0.710651881811007	0.910663247541583	0.720121220246952	0.912555091763937	0	0	0	0	0	0	0	0	0	0	0	0	0	0	0	0	0	0	0	0	0	0	0	0	0	0	0	0	0	0	0	0	0	0	0	0	0	0	0	0	0	0	0	0	0
0.57932325448172	0.626006074662754	0	0.715976274492399	0.99279713797876	0.852581626720787	0.978426816427878	0.665895291907083	0.841095814776648	0.638146415790741	0	0	0	0	0	0	0	0	0	0	0	0	0	0	0	0	0	0	0	0	0	0	0	0	0	0	0	0	0	0	0.542890604385042	0.781649198592111	0.553113365750293	0.942054795560504	0.787066701942524	0	0	0	0	0	0	0	0	0	0	0	0	0	0	0	0	0	0	0	0	0	0	0	0	0	0	0	0	0	0	0	0	0	0	0	0	0	0	0	0	0	0	0	0	0
0	0.745792356841808	0.500718740351149	0	0.974722519356892	0.896238343083611	0.658500416458752	0.841569826998241	0.613896913487856	0.752302480958341	0.765599361879088	0	0	0	0	0	0	0	0	0	0	0	0	0	0	0	0	0	0	0	0	0	0	0	0	0	0	0	0	0	0	0.79543449493163	0.513802979296366	0.914365455411976	0.852842434867223	0	0	0	0	0	0	0	0	0	0	0	0	0	0	0	0	0	0	0	0	0	0	0	0	0	0	0	0	0	0	0	0	0	0	0	0	0	0	0	0	0	0	0	0	0
0.670125390919135	0.98371917683383	0.623271610201364	0.780098511936941	0	0.894551509711456	0.652289551219339	0.541344812103272	0.605375242937088	0.520522027204265	0.662362682914248	0.665338639204316	0	0	0	0	0	0	0	0	0	0	0	0	0	0	0	0	0	0	0	0	0	0	0	0	0	0	0	0	0	0	0.939200090233218	0.962956562418636	0.982211099341	0	0	0	0	0	0	0	0	0	0	0	0	0	0	0	0	0	0	0	0	0	0	0	0	0	0	0	0	0	0	0	0	0	0	0	0	0	0	0	0	0	0	0	0	0
0.748232721723676	0.708048701923059	0.536051587612114	0.745622583879167	0.532697261345683	0	0.827334522040494	0.619173610079004	0.823439103046165	0.672650679558331	0.948471031681534	0.786450972024568	0.71518708900606	0	0	0	0	0	0	0	0	0	0	0	0	0	0	0	0	0	0	0	0	0	0	0	0	0	0	0	0	0	0	0.825127214322925	0.94913410219521	0	0	0	0	0	0	0	0	0	0	0	0	0	0	0	0	0	0	0	0	0	0	0	0	0	0	0	0	0	0	0	0	0	0	0	0	0	0	0	0	0	0	0	0	0
0.63529360838882	0.814464462474278	0.624382900912543	0.902649372885046	0.557313580978866	0.630856546962933	0	0.749149511925777	0.672880702781573	0.743500263568549	0.841094582840466	0.726446206156251	0.799125798792303	0.508641136787204	0	0	0	0	0	0	0	0	0	0	0	0	0	0	0	0	0	0	0	0	0	0	0	0	0	0	0	0	0	0	0.515382044088781	0	0	0	0	0	0	0	0	0	0	0	0	0	0	0	0	0	0	0	0	0	0	0	0	0	0	0	0	0	0	0	0	0	0	0	0	0	0	0	0	0	0	0	0	0
0.848040580386774	0.547272844083281	0.748166753324481	0.888282388991921	0.7332223131953	0.582521009970524	0.883680791518266	0	0.754969793664263	0.670729848831557	0.520029666261982	0.849397519385629	0.543965647135913	0.920560926958454	0.504083913344302	0	0	0	0	0	0	0	0	0	0	0	0	0	0	0	0	0	0	0	0	0	0	0	0	0	0	0	0	0	0	0	0	0	0	0	0	0	0	0	0	0	0	0	0	0	0	0	0	0	0	0	0	0	0	0	0	0	0	0	0	0	0	0	0	0	0	0	0	0	0	0	0	0	0	0
0	0.641165539190567	0.614162795066426	0.885913976937953	0.798270100900928	0.643882482946232	0.963899871602005	0.914902664154037	0	0.8933077521734	0.834248014562768	0.690925318691998	0.957234807909947	0.61348321646334	0.980553694721272	0.929517947440279	0	0	0	0	0	0	0	0	0	0	0	0	0	0	0	0	0	0	0	0	0	0	0	0	0	0	0	0	0	0	0	0	0	0	0	0	0	0	0	0	0	0	0	0	0	0	0	0	0	0	0	0	0	0	0	0	0	0	0	0	0	0	0	0	0	0	0	0	0	0	0	0	0	0
0	0	0.693900807431898	0.905712099732763	0.670673157706479	0.989021138111457	0.745161434315324	0.789256749949546	0.911118101138282	0	0.750359891749907	0.845740633368104	0.814663626280141	0.747469103568607	0.615908361843827	0.935080775647546	0.684533619995401	0	0	0	0	0	0	0	0	0	0	0	0	0	0	0	0	0	0	0	0	0	0	0	0	0	0	0	0	0	0	0	0	0	0	0	0	0	0	0	0	0	0	0	0	0	0	0	0	0	0	0	0	0	0	0	0	0	0	0	0	0	0	0	0	0	0	0	0	0	0	0	0	0
0	0	0	0.78852000752836	0.54576343390802	0.796913585417632	0.811346837463615	0.55604024033046	0.564906191820996	0.567776220647313	0	0.995622204808195	0.931323501899507	0.602183593226707	0.525954303093152	0.927358362796744	0.509520911654893	0.832703068888389	0	0	0	0	0	0	0	0	0	0	0	0	0	0	0	0	0	0	0	0	0	0	0	0	0	0	0	0	0	0	0	0	0	0	0	0	0	0	0	0	0	0	0	0	0	0	0	0	0	0	0	0	0	0	0	0	0	0	0	0	0	0	0	0	0	0	0	0	0	0	0	0
0	0	0	0	0.626208628380753	0.964197442480239	0.541497698477126	0.714136645784924	0.965220623580011	0.586823624692805	0.682361639664066	0	0.758198466323523	0.557856620546298	0.561723648422934	0.870480847328222	0.850014524923457	0.535613284815781	0.94198253838585	0	0	0	0	0	0	0	0	0	0	0	0	0	0	0	0	0	0	0	0	0	0	0	0	0	0	0	0	0	0	0	0	0	0	0	0	0	0	0	0	0	0	0	0	0	0	0	0	0	0	0	0	0	0	0	0	0	0	0	0	0	0	0	0	0	0	0	0	0	0	0
0	0	0	0	0	0.73564185162225	0.967175173806511	0.962341282845866	0.524134139033569	0.816049620078214	0.854038160685452	0.850814661270666	0	0.558686269641561	0.529261876380864	0.539774357043265	0.672394814477103	0.898138843684269	0.608205501476613	0.873860585971163	0	0	0	0	0	0	0	0	0	0	0	0	0	0	0	0	0	0	0	0	0	0	0	0	0	0	0	0	0	0	0	0	0	0	0	0	0	0	0	0	0	0	0	0	0	0	0	0	0	0	0	0	0	0	0	0	0	0	0	0	0	0	0	0	0	0	0	0	0	0
0	0	0	0	0	0	0.872097981273408	0.848456472171148	0.984661364325916	0.859464533018212	0.598098902443825	0.771457291723699	0.523572871619888	0	0.647063243825304	0.541112845708889	0.610937274737164	0.994424998114565	0.824507390055665	0.557150549167387	0.765925258373875	0	0	0	0	0	0	0	0	0	0	0	0	0	0	0	0	0	0	0.800195945457203	0	0	0	0	0	0	0	0	0	0	0	0	0	0	0	0	0	0	0	0	0	0	0	0	0	0	0	0	0	0	0	0	0	0	0	0	0	0	0	0	0	0	0	0	0	0	0	0	0	0
0	0	0	0	0	0	0	0.602134265365399	0.783024933970549	0.993913117529353	0.66998786195222	0.583326575224778	0.750381562088724	0.508243408552926	0	0.771698981644051	0.850887691325539	0.686013182126149	0.718422082233591	0.55068565748041	0.507548173750419	0.994266027971181	0	0	0	0	0	0	0	0	0	0	0	0	0	0	0	0	0	0	0	0	0	0	0	0	0	0	0	0	0	0	0	0	0	0	0	0	0	0	0	0	0	0	0	0	0	0	0	0	0	0	0	0	0	0	0	0	0	0	0	0	0	0	0	0	0	0	0	0
0	0	0	0	0	0	0	0	0.600869600409817	0.779742277025954	0.67151275497972	0.588353297059157	0.80400034030418	0.851354582950703	0.788379504167119	0	0.549010964450897	0.710426917735036	0.598253973271873	0.593434236732857	0.778483291209447	0.769594606581131	0.991184448815674	0	0	0	0	0	0	0	0	0	0	0	0	0	0	0	0	0	0	0	0	0	0	0	0	0	0	0	0	0	0	0	0	0	0	0	0	0	0	0	0	0	0	0	0	0	0	0	0	0	0	0	0	0	0	0	0	0	0	0	0	0	0	0	0	0	0	0
0	0	0	0	0	0	0	0	0	0.942839796022808	0.679082124549683	0.949739242793282	0.640417197217791	0.935176787305101	0.572317646176251	0.671529770484623	0	0.539608578069214	0.640906730577427	0.675627064574258	0.644787362299441	0.828858280091594	0.944529023780795	0.722755623741215	0	0	0	0	0	0	0	0	0	0	0	0	0	0	0	0	0	0	0	0	0	0	0	0	0	0	0	0	0	0	0	0	0	0	0	0	0	0	0	0	0	0	0	0	0	0	0	0	0	0	0	0	0	0	0	0	0	0	0	0	0	0	0	0	0	0
0	0	0	0	0	0	0	0	0	0	0.618665777901156	0.904700345216641	0.793321591567192	0.721828664104268	0.989449930762558	0.594967730422147	0.846904851820412	0	0.555085854211067	0.550612974225907	0.830188310056785	0.668115823250834	0.836159932384012	0.5252675977437	0.599906809784209	0	0	0	0	0	0	0	0	0	0	0	0	0	0	0	0	0	0	0	0	0	0	0	0	0	0	0	0	0	0	0	0	0	0	0	0	0	0	0	0	0	0	0	0	0	0	0	0	0	0	0	0	0	0	0	0	0	0	0	0	0	0	0	0	0
0	0	0	0	0	0	0	0	0	0	0	0.715970991101218	0.759983860642567	0.971675243317109	0.990197967163702	0.865646152036695	0.935048442014919	0.500984195214491	0	0.750236839249114	0.517257387111764	0.949433483739923	0.862333390260033	0.730413918524816	0.773529621886498	0.992243026586831	0	0	0	0	0	0	0	0	0	0	0	0	0	0	0	0	0	0	0	0	0	0	0	0	0	0	0	0	0	0	0	0	0	0	0	0	0	0	0	0	0	0	0	0	0	0	0	0	0	0	0	0	0	0	0	0	0	0	0	0	0	0	0	0
0	0	0	0	0	0	0	0	0	0	0	0	0.548797117254111	0.504464544451147	0.596714450311057	0.948318963076861	0.94745742349795	0.821013061172785	0.582506017907736	0	0.594708491427424	0.828886616730799	0.85558730289389	0.58843990260841	0.783260414790632	0.975627718605528	0.763506630770686	0	0	0	0	0	0	0	0	0	0	0	0	0	0	0	0	0	0	0	0	0	0	0	0	0	0	0	0	0	0	0	0	0	0	0	0	0	0	0	0	0	0	0	0	0	0	0	0	0	0	0	0	0	0	0	0	0	0	0	0	0	0	0
0	0	0	0	0	0	0	0	0	0	0	0	0	0.933820496449006	0.96056067774272	0.733977944088047	0.87586369000107	0.989652763108862	0.84230195957182	0.5390982674527	0	0.817803252397452	0.582466245943879	0.577955246407052	0.794960323425949	0.661287648167282	0.884400093655169	0.519665188658368	0	0	0	0	0	0	0	0	0	0	0	0	0	0	0	0	0	0	0	0	0	0	0	0	0	0	0	0	0	0	0	0	0	0	0	0	0	0	0	0	0	0	0	0	0	0	0	0	0	0	0	0	0	0	0	0	0	0	0	0	0	0
0	0	0	0	0	0	0	0	0	0	0	0	0	0	0.712821822884006	0.558509184686192	0.973984513667124	0.717721368144813	0.718553427413678	0.90820840475636	0.604690494640223	0	0.817684098757467	0.569209905996565	0.743754438460907	0.941182234984227	0.780789832160948	0.68057607032605	0.520375932581286	0	0	0	0	0	0	0	0	0	0	0	0	0	0	0	0	0	0	0	0	0	0	0	0	0	0	0	0	0	0	0	0	0	0	0	0	0	0	0	0	0	0	0	0	0	0	0	0	0	0	0	0	0	0	0	0	0	0	0	0	0
0	0	0	0	0	0	0	0	0	0	0	0	0	0	0	0.574526593312631	0.72833724994938	0.641204331696367	0.55159993927936	0.889576981767756	0.570851635923662	0.670987278292187	0	0.578196667686935	0.576379894692097	0.935122707934016	0.605294378045459	0.764716086015187	0.819567321731736	0.589901496295349	0	0	0	0	0	0	0	0	0	0	0	0	0	0	0	0	0	0	0	0	0	0	0	0	0	0	0	0	0	0	0	0	0	0	0	0	0	0	0	0	0	0	0	0	0	0	0	0	0	0	0	0	0	0	0	0	0	0	0	0
0	0	0	0	0	0	0	0	0	0	0	0	0	0	0	0	0.840830008087138	0.579060299068743	0.844552260680118	0.787627008701266	0.734668588568691	0.645365222461313	0.555351772068761	0	0.834549312568508	0.57649057024237	0.67095795561317	0.581357849152384	0.801091321688799	0.68812518256414	0.681085128772768	0	0	0	0	0	0	0	0	0	0	0	0	0	0	0	0	0	0	0	0	0	0	0	0	0	0	0	0	0	0	0	0	0	0	0	0	0	0	0	0	0	0	0	0	0	0	0	0	0	0	0	0	0	0	0	0	0	0	0
0	0	0	0	0	0	0	0	0	0	0	0	0	0	0	0	0	0.718626475261811	0.863140869461086	0.777694733527558	0.702948709604763	0.50596902277803	0.732269974185195	0.734202921567099	0	0.714568129810765	0.771482288071638	0.504582892961031	0.984581585936105	0.597138273660385	0.577205671948584	0.783933414985688	0	0	0	0	0	0	0	0	0	0	0	0	0	0	0	0	0	0	0	0	0	0	0	0	0	0	0	0	0	0	0	0	0	0	0	0	0	0	0	0	0	0	0	0	0	0	0	0	0	0	0	0	0	0	0	0	0	0
0	0	0	0	0	0	0	0	0	0	0	0	0	0	0	0	0	0	0.782383304100784	0.858025680966087	0.593413497992851	0.929107518857262	0.782727788052147	0.717970864876184	0.948128395113722	0	0.996221967683958	0.855882960695787	0.598128708167221	0.978368884498906	0.516950822874285	0.807434755453349	0.696965187592516	0	0	0	0	0	0	0	0	0	0	0	0	0	0	0	0	0	0	0	0	0	0	0	0	0	0	0	0	0	0	0	0	0	0	0	0	0	0	0	0	0	0	0	0	0	0	0	0	0	0	0	0	0	0	0	0	0
0	0	0	0	0	0	0	0	0	0	0	0	0	0	0	0	0	0	0	0.703832166651108	0.661698032472731	0.987694629937078	0.778520430532838	0.584505625703091	0.793704159086679	0.789111905159307	0	0.667630821233627	0.716299768262196	0.759438656727385	0.830781442987667	0.990461819662545	0.540352871002243	0.589215564496253	0	0	0	0	0	0	0	0	0	0	0	0	0	0	0	0	0	0	0	0	0	0	0	0	0	0	0	0	0	0	0	0	0	0	0	0	0	0	0	0	0	0	0	0	0	0	0	0	0	0	0	0	0	0	0	0
0	0	0	0	0	0	0	0	0	0	0	0	0	0	0	0	0	0	0	0	0.641149035210424	0.83904823928393	0.664974994965722	0.886155283449624	0.544158933591453	0.712284674566598	0.956554983997913	0	0.759062801897303	0.753306897443431	0.522975000540278	0.571914214745751	0.941560551074506	0.708374702375403	0.87044283244716	0	0	0	0	0	0	0	0	0	0	0	0	0	0	0	0	0	0	0	0	0	0	0	0	0	0	0	0	0	0	0	0	0	0	0	0	0	0	0	0	0	0	0	0	0	0	0	0	0	0	0	0	0	0	0
0	0	0	0	0	0	0	0	0	0	0	0	0	0	0	0	0	0	0	0	0	0.646483303463923	0.564304906661239	0.623496376431069	0.679888710665635	0.659609898996735	0.511823167135553	0.611548790164759	0	0.848356047781212	0.906845693411296	0.775579070101009	0.58901852459964	0.890803435020407	0.705973456618499	0.83379813106836	0	0	0	0	0	0	0	0	0	0	0	0	0	0	0	0	0	0	0	0	0	0	0	0	0	0	0	0	0	0	0	0	0	0	0	0	0	0	0	0	0	0	0	0	0	0	0	0	0	0	0	0	0	0
0	0	0	0	0	0	0	0	0	0	0	0	0	0	0	0	0	0	0	0	0	0	0.53290669469036	0.836867985396653	0.812484196101904	0.781884636175472	0.878173025483193	0.769961575921853	0.527378575495706	0	0.697753314712689	0.663205319873069	0.906809601334841	0.685766819163516	0.753193593751843	0.682289078522392	0.666983011752299	0	0	0	0	0	0	0	0	0	0	0	0	0	0	0	0	0	0	0	0	0	0	0	0	0	0	0	0	0	0	0	0	0	0	0	0	0	0	0	0	0	0	0	0	0	0	0	0	0	0	0	0	0
0.530683722364824	0	0	0	0	0	0	0	0	0	0	0	0	0	0	0	0	0	0	0	0	0	0	0.718344872859687	0.810996459355504	0.644897825709974	0.861605227612056	0.654847604038643	0.609280966809934	0.761841081562255	0	0.809053478270748	0.938196238354329	0.550474626412754	0.676449236419679	0.828381315448923	0.506775877905331	0.893241761820445	0	0	0	0	0	0	0	0	0	0	0	0	0	0	0	0	0	0	0	0	0	0	0	0	0	0	0	0	0	0	0	0	0	0	0	0	0	0	0	0	0	0	0	0	0	0	0	0	0	0	0	0
0	0	0	0	0	0	0	0	0	0	0	0	0	0	0	0	0	0	0	0	0	0	0	0	0.783370215714957	0.840510039113479	0.978093456933594	0.702653160333842	0.966777074807007	0.676292005853366	0.949551350923654	0	0.863473508183421	0.994972331082008	0.979625381783254	0.609326288158795	0.645813047718093	0.979320328709827	0.702138620559184	0	0	0	0	0	0	0	0	0	0	0	0	0	0	0	0	0	0	0	0	0	0	0	0	0	0	0	0	0	0	0	0	0	0	0	0	0	0	0	0	0	0	0	0	0	0	0	0	0	0	0
0	0	0	0	0	0	0	0	0	0	0	0	0	0	0	0	0	0	0	0	0	0	0	0	0	0.70892174375559	0.50339661217541	0.894277573156154	0.748366738742807	0.651753470526627	0.599061128517965	0.640158567195491	0	0.932877317977101	0.873213873906024	0.940765170629813	0.857762166637119	0.792642279555484	0.807750080673905	0.565800411400802	0	0	0	0	0	0	0	0	0	0	0	0	0	0	0	0	0	0	0	0	0	0	0	0	0	0	0	0	0	0	0	0	0	0	0	0	0	0	0	0	0	0	0	0	0	0	0	0	0	0
0	0	0	0	0	0	0	0	0	0	0	0	0	0	0	0	0	0	0	0	0	0	0	0	0	0	0.530680438673844	0.679264072394335	0.701154457194106	0.624993132089822	0.955022346309487	0.650192318938693	0.773136602794554	0	0.685448994008916	0.960401671524016	0.801573414588561	0.853728247394566	0.78504938650546	0.860181318799426	0.929133628450041	0	0	0	0	0	0	0	0	0	0	0	0	0	0	0	0	0	0	0	0	0	0	0	0	0	0	0	0	0	0	0	0	0	0	0	0	0	0	0	0	0	0	0	0	0	0	0	0	0
0	0	0	0	0	0	0	0	0	0	0	0	0	0	0	0	0	0	0	0	0	0	0	0	0	0	0	0.645121405260201	0.811604366414821	0.841823141009955	0.658041138854211	0.708099766103941	0.959592148795309	0.550444462965184	0	0.754661571267174	0.735987589553329	0.679774575956525	0.77334910444131	0.674607989658361	0.952345392952948	0.564183939627922	0	0	0	0	0	0	0	0	0	0	0	0	0	0	0	0	0	0	0	0	0	0	0	0	0	0	0	0	0	0	0	0	0	0	0	0	0	0	0	0	0	0	0	0	0	0	0	0
0	0	0	0	0	0	0	0	0	0	0	0	0	0	0	0	0	0	0	0	0	0	0	0	0	0	0	0	0.581632420544359	0.692611858390983	0.714506819256602	0.526504761542786	0.75314032886792	0.752122413277861	0.974697904725621	0	0.532166443788399	0.805136980853673	0.928715934751973	0.738110536588487	0.507022866503594	0.936899119714235	0.579801235944852	0	0	0	0	0	0	0	0	0	0	0	0	0	0	0	0	0	0	0	0	0	0	0	0	0	0	0	0	0	0	0	0	0	0	0	0	0	0	0	0	0	0	0	0	0	0	0
0	0	0	0	0	0	0	0	0	0	0	0	0	0	0	0	0	0	0	0	0	0	0	0	0	0	0	0	0	0.74695771971127	0.707136824505734	0.720180101477902	0.814443577781943	0.988890254175047	0.734880160570426	0.674915932800956	0	0.584985389552655	0.711941497835347	0.810134904055308	0.89671119347375	0.84661538990959	0.781687011973435	0.548295468108175	0	0	0	0	0	0	0	0	0	0	0	0	0	0	0	0	0	0	0	0	0	0	0	0	0	0	0	0	0	0	0	0	0	0	0	0	0	0	0	0	0	0	0	0	0	0
0	0	0	0	0	0	0	0	0	0	0	0	0	0	0	0	0	0	0	0	0	0	0	0	0	0	0	0	0	0	0.688307045687613	0.709382133182558	0.560490015590253	0.695842576091001	0.56051648191004	0.908796108565915	0.905317950556429	0	0.813123952495802	0.812060303844676	0.804834471014303	0.82917068457508	0.868530948467906	0.509624376239049	0.697034551164837	0	0	0	0	0	0	0	0	0	0	0	0	0	0	0	0	0	0	0	0	0	0	0	0	0	0	0	0	0	0	0	0	0	0	0	0	0	0	0	0	0	0	0	0	0
0.997066812231202	0	0	0	0	0	0	0	0	0	0	0	0	0	0	0	0	0	0	0	0	0	0	0	0	0	0	0	0	0	0	0.839596849862215	0.818181662560645	0.638387346721737	0.56577625658236	0.865342785947788	0.939395132848036	0.74152708704822	0	0.681075463208521	0.644272364945055	0.849951488596954	0.832033705586182	0.828279843620932	0.633584122950277	0	0	0	0	0	0	0	0	0	0	0	0	0	0	0	0	0	0	0	0	0	0	0	0	0	0	0	0	0	0	0	0	0	0	0	0	0	0	0	0	0	0	0	0	0
0.717970358160443	0.584082699723005	0	0	0	0	0	0	0	0	0	0	0	0.506001940198669	0	0	0	0	0	0	0	0	0	0	0	0	0	0	0	0	0	0	0.818994577199278	0.662897798493129	0.601445766026981	0.949110523634046	0.511634431705687	0.840855400428116	0.708960260696602	0	0	0.753103820145456	0.83423688923702	0.9544388308095	0.861179451297586	0	0	0	0	0	0	0	0	0	0	0	0	0	0	0	0	0	0	0	0	0	0	0	0	0	0	0	0	0	0	0	0	0	0	0	0	0	0	0	0	0	0	0	0	0
0.781133620242598	0.968734977458678	0.521516878523517	0	0	0	0	0	0	0	0	0	0	0	0	0	0	0	0	0	0	0	0	0	0	0	0	0	0	0	0	0	0	0.698952368788693	0.656713874590181	0.565505857736054	0.589040819236296	0.623707751177772	0.747545205613911	0	0	0.54362413366615	0.694735798933304	0.726614167383912	0.802610669784867	0	0	0	0	0	0	0	0	0	0	0	0	0	0	0	0	0	0	0	0	0	0	0	0	0	0	0	0	0	0	0	0	0	0	0	0	0	0	0	0	0	0	0	0	0
0.682096589211777	0.723664942046585	0.605195012447826	0.87270428664485	0	0	0	0	0	0	0	0	0	0	0	0	0	0	0	0	0	0	0	0	0	0	0	0	0	0	0	0	0	0	0.620727439638716	0.75797709967521	0.810836831714071	0.943003473515831	0.731777572637925	0.933329825669343	0.663619449712421	0	0.573086775126275	0.96645735314459	0.773962039574464	0	0	0	0	0	0	0	0	0	0	0	0	0	0	0	0	0	0	0	0	0	0	0	0	0	0	0	0	0	0	0	0	0	0	0	0	0	0	0	0	0	0	0	0	0
0.847946224083059	0.55556409596487	0.771161488117693	0.788470655092894	0.9775498866958	0	0	0	0	0	0	0	0	0	0	0	0	0	0	0	0	0	0	0	0	0	0	0	0	0	0	0	0	0	0	0.689253752914899	0.855930184852177	0.662784653371226	0.971233685646174	0.704468157591735	0.731497104015693	0.702781285199506	0	0.793832632546987	0.609703634640775	0	0	0	0	0	0	0	0	0	0	0	0	0	0	0	0	0	0	0	0	0	0	0	0	0	0	0	0	0	0	0	0	0	0	0	0	0	0	0	0	0	0	0	0	0
0.988810536907748	0.784926808691042	0.930539498914138	0.627582667845425	0.562650812962996	0.877870071469511	0	0	0	0	0	0	0	0	0	0	0	0	0	0	0	0	0	0	0	0	0	0	0	0	0	0	0	0	0	0	0.927926162019625	0.907501559521721	0.86927427439181	0.918032629499154	0.994924306688346	0.52017440376308	0.544383887204112	0	0.598299871380087	0	0	0	0	0	0	0	0	0	0	0	0	0	0	0	0	0	0	0	0	0	0	0	0	0	0	0	0	0	0	0	0	0	0	0	0	0	0	0	0	0	0	0	0	0
0.921922484095764	0.584475116354962	0.714503477935333	0.784392457314252	0.911670136874853	0.894351912659876	0.556224628720551	0	0	0	0	0	0	0	0	0	0	0	0	0	0	0	0	0	0	0	0	0	0	0	0	0	0	0	0	0	0	0.973724021460246	0.634497857347114	0.685461932703611	0.776162893747374	0.805028136583661	0.715475866456614	0.635142740439402	0	0	0	0	0	0	0	0	0	0	0	0	0	0	0	0	0	0	0	0	0	0	0	0	0	0	0	0	0	0	0	0	0	0	0	0	0	0	0	0	0	0	0	0	0	0
0	0	0	0	0	0	0	0	0	0	0	0	0	0	0	0	0	0	0	0	0	0	0	0	0	0	0	0	0	0	0	0	0	0	0	0	0	0	0	0	0	0	0	0	0	0	0	0	0.797633254437905	0	0	0	0	0.916847751255093	0	0	0	0	0	0	0	0	0	0	0	0	0	0	0.770659570784121	0	0	0	0	0	0.630793096367625	0	0	0	0	0	0	0	0	0	0	0	0	0	0.657801101966575	0.600887916097058
0	0	0	0	0	0	0	0	0	0	0	0	0	0	0	0	0	0	0	0	0	0	0	0	0	0	0	0	0	0	0	0	0	0	0	0	0	0	0	0	0	0	0	0	0	0	0	0	0.775524359277305	0	0	0	0	0	0	0	0	0.584129118376832	0	0	0	0.891956408297093	0.959101985749666	0	0	0	0	0	0.884394742915078	0	0	0	0	0	0	0.872140384184553	0	0	0	0	0	0	0	0	0	0	0	0	0.557987359602634	0.766095233813634
0	0	0	0	0	0	0	0	0	0	0	0	0	0	0	0	0	0	0	0	0	0	0	0	0	0	0	0	0	0	0	0	0	0	0	0	0	0	0	0	0	0	0	0	0	0	0	0	0.678222029014201	0.932012043811222	0	0	0	0	0	0	0	0	0	0	0	0	0	0	0	0	0	0	0	0	0	0	0	0	0	0	0.951603818917134	0.919845982569059	0	0	0	0	0	0	0.805191066814512	0	0	0	0	0
0	0	0	0	0	0	0	0	0	0	0	0	0	0	0	0	0	0	0	0	0	0	0	0	0	0	0	0	0	0	0	0	0	0	0	0	0	0	0	0	0	0	0	0	0	0.793298905203927	0.643165298586859	0.632320946949157	0	0	0	0	0	0.883584722122958	0.956135911963253	0.984772265577452	0	0	0	0	0	0.752063019206053	0	0	0	0	0	0	0	0	0	0	0	0	0	0	0	0	0	0	0	0	0	0	0	0	0	0	0	0
0	0	0	0	0	0	0	0	0	0	0	0	0	0	0	0	0	0	0	0	0	0	0	0	0	0	0	0	0	0	0	0	0	0	0	0	0	0	0	0	0	0	0	0	0	0	0	0.871413828113536	0	0	0.561486083053043	0	0	0	0	0	0	0	0	0	0.773811271677593	0	0	0	0	0	0	0	0	0	0	0	0	0.923314194327313	0.920602656786462	0	0	0	0	0	0.982430919210253	0	0	0	0	0	0	0	0	0.796549393276514
0	0	0	0	0	0	0	0	0	0	0	0	0	0	0	0	0	0	0	0	0	0	0	0	0	0	0	0	0	0	0	0	0	0	0	0	0	0	0	0	0	0	0	0	0	0	0	0	0	0.727612560242171	0	0	0	0	0	0	0	0	0	0	0	0	0	0	0	0	0	0	0	0	0	0.790200648590219	0	0.94096173417415	0.77618192354471	0	0	0	0	0	0	0	0	0	0	0	0	0	0	0.901261543525947
0	0	0	0	0	0	0	0	0	0	0	0	0	0	0	0	0	0	0	0	0	0	0	0	0	0	0	0	0	0	0	0	0	0	0	0	0	0	0	0	0	0	0	0	0	0	0	0	0	0	0	0	0	0	0.967062479702273	0	0	0	0	0	0	0.990668065525044	0	0	0	0	0	0	0	0	0	0	0	0	0	0	0	0	0	0	0	0	0	0	0	0	0	0	0	0.760767204874354
0	0	0	0	0	0	0	0	0	0	0	0	0	0	0	0	0	0	0	0	0	0	0	0	0	0	0	0	0	0	0	0	0	0	0	0	0	0	0	0	0	0	0	0	0	0	0	0	0	0	0	0	0	0	0	0.974541691855037	0.795425503931573	0	0.912633199380566	0	0	0	0	0	0	0	0	0	0.602950265972129	0	0.56864753486985	0	0	0	0	0	0.971336911940824	0	0	0	0	0	0	0	0	0	0	0.936120338455484	0	0
0	0	0	0	0	0	0	0	0	0	0	0	0	0	0	0	0	0	0	0	0	0	0	0	0	0	0	0	0	0	0	0	0	0	0	0	0	0	0	0	0	0	0	0	0	0.99092793082949	0	0	0.598901372853843	0	0	0	0	0	0	0.567448365010929	0	0	0	0	0	0	0	0	0.981165591246285	0	0	0	0.648380781476807	0	0	0	0.5772546578392	0.80909356199792	0	0	0	0.970147661401169	0	0.528965094056936	0	0	0	0	0	0	0	0.8567120660171	0	0
0	0	0	0	0	0	0	0	0	0	0	0	0	0	0	0	0	0	0	0	0	0	0	0	0	0	0	0	0	0	0	0	0	0	0	0	0	0	0	0	0	0	0	0	0	0	0	0	0.9966964491386	0	0	0.670834359157561	0	0	0	0.888373533987174	0	0.805528783487838	0	0	0	0	0	0	0	0	0	0	0	0	0	0	0.869809517935731	0	0	0.509113576979491	0	0.902233333185281	0	0	0	0	0	0	0	0	0	0	0.694326651900912	0
0	0	0	0	0	0	0	0	0	0	0	0	0	0	0	0	0	0	0	0	0	0	0	0	0	0	0	0	0	0	0	0	0	0	0	0	0	0	0	0	0	0	0	0	0	0	0	0	0.681162234252104	0	0	0	0.644712138369107	0.76560694591837	0.563769452151913	0	0	0	0	0	0	0	0	0.568242413352274	0	0	0	0.954638354497777	0	0	0	0	0.654695039699526	0	0	0	0	0	0	0	0	0.869467424455403	0	0	0	0	0	0	0.564688418122808	0
0	0	0	0	0	0	0	0	0	0	0	0	0	0	0	0	0	0	0	0	0	0	0	0	0	0	0	0	0	0	0	0	0	0	0	0	0	0	0	0	0	0	0	0	0	0	0	0	0	0	0	0	0.946079286338725	0	0	0	0	0	0	0	0	0	0	0	0	0	0	0	0	0	0	0	0	0	0	0	0	0	0	0	0.828084483805735	0.613539338682339	0	0	0	0	0	0	0	0
0	0	0	0	0	0	0	0	0	0	0	0	0	0	0	0	0	0	0	0	0	0	0	0	0	0	0	0	0	0	0	0	0	0	0	0	0	0	0	0	0	0	0	0	0	0	0.608162840398252	0	0	0	0	0	0	0	0.664535803339146	0	0	0	0	0.734268504599905	0.964333833211311	0	0	0	0	0	0	0	0	0	0	0	0	0	0	0	0	0	0	0	0	0.797759858698975	0	0	0	0	0.910979867185862	0	0	0
0	0	0	0	0	0	0	0	0	0	0	0	0	0	0	0	0	0	0	0	0	0	0	0	0	0	0	0	0	0	0	0	0	0	0	0	0	0	0	0	0	0	0	0	0	0	0	0	0	0	0	0	0.955522388369701	0	0	0	0	0	0	0	0	0	0	0	0	0	0	0	0	0.774147637032066	0	0	0	0	0	0	0	0	0	0	0	0	0	0	0.81980079980868	0	0	0	0	0
0	0	0	0	0	0	0	0	0	0	0	0	0	0	0	0	0	0	0	0	0	0	0	0	0	0	0	0	0	0	0	0	0	0	0	0	0	0	0	0	0	0	0	0	0	0	0	0	0	0	0	0	0	0	0	0	0	0.544606486587078	0	0	0.598048903369924	0.69444660434458	0	0	0	0	0.839707263441743	0	0	0	0	0	0	0.928742414199418	0.787537017379862	0	0	0	0	0	0	0	0	0.756456120467129	0	0.657899908961919	0	0	0	0
0	0	0	0	0	0	0	0	0	0	0	0	0	0	0	0	0	0	0	0	0	0	0	0	0	0	0	0	0	0	0	0	0	0	0	0	0	0	0	0	0	0	0	0	0	0	0	0	0	0.798547626339513	0	0	0	0	0	0	0	0.714156501949206	0	0.765899967697589	0	0	0	0	0	0	0	0	0	0	0	0	0	0	0	0	0	0	0.6426504929422	0.622614688959643	0	0	0	0	0	0	0	0	0	0
0	0	0	0	0	0	0	0	0	0	0	0	0	0	0	0	0	0	0	0	0	0	0	0	0	0	0	0	0	0	0	0	0	0	0	0	0	0	0	0	0	0	0	0	0	0	0.906857389149057	0	0.867922698473305	0	0	0.577237768234985	0	0	0	0	0	0	0	0.953599891504077	0	0	0	0.585989739198213	0	0.68514920228189	0	0	0	0	0	0	0	0	0	0	0	0	0	0	0	0.74452588179494	0	0	0	0	0	0	0	0
0	0	0	0	0	0	0	0	0	0	0	0	0	0	0	0	0	0	0	0	0	0	0	0	0	0	0	0	0	0	0	0	0	0	0	0	0	0	0	0	0	0	0	0	0	0	0.631789098724725	0	0	0	0	0	0	0	0	0	0	0	0	0	0	0	0	0	0	0	0	0	0	0	0.838428834370913	0	0	0.71314261288587	0	0	0	0	0	0	0	0	0	0.812450577093325	0	0	0	0	0	0
0	0	0	0	0	0	0	0	0	0	0	0	0	0	0	0	0	0	0	0	0	0	0	0	0	0	0	0	0	0	0	0	0	0	0	0	0	0	0	0	0	0	0	0	0	0	0	0	0	0	0	0	0	0	0	0.899288414267578	0	0	0	0	0	0.515839293972046	0	0	0	0	0	0	0	0	0	0	0	0.900773862050559	0.724508817049168	0	0	0	0	0	0	0	0	0	0	0	0	0	0	0
0	0	0	0	0	0	0	0	0	0	0	0	0	0	0	0	0	0	0	0	0	0	0	0	0	0	0	0	0	0	0	0	0	0	0	0	0	0	0	0	0	0	0	0	0	0	0	0	0	0	0	0	0	0.793847165807255	0	0	0	0	0	0	0	0	0	0	0	0	0	0	0	0	0	0	0	0	0.699144988501004	0	0	0	0	0	0	0	0	0	0.698932825144537	0	0	0	0	0
0	0	0	0	0	0	0	0	0	0	0	0	0	0	0	0	0	0	0	0	0	0	0	0	0	0	0	0	0	0	0	0	0	0	0	0	0	0	0	0	0	0	0	0	0	0	0	0	0	0	0	0	0	0	0	0	0	0	0	0	0	0.979682110247892	0	0	0	0	0	0	0.944445890518519	0	0	0	0	0	0	0	0	0	0	0	0	0	0	0	0.774876990522291	0	0	0	0	0
0	0	0	0	0	0	0	0	0	0	0	0	0	0	0	0	0	0	0	0	0	0	0	0	0	0	0	0	0	0	0	0	0	0	0	0	0	0	0	0	0	0	0	0	0	0	0	0	0	0	0	0	0	0	0	0	0	0	0	0.705961887987601	0	0	0	0	0	0	0	0	0	0.880522241015554	0	0	0	0	0	0	0	0	0	0	0	0	0	0.837002388712138	0	0	0.547700171717614	0	0	0
0	0	0	0	0	0	0	0	0	0	0	0	0	0	0	0	0	0	0	0	0	0	0	0	0	0	0	0	0	0	0	0	0	0	0	0	0	0	0	0	0	0	0	0	0	0	0	0	0	0	0	0	0	0	0	0.532877749589223	0	0	0	0	0	0	0	0	0	0	0	0	0.527007148486022	0	0	0	0	0.830331855507027	0	0	0	0	0	0	0	0	0	0.695946051869538	0	0.539743693383693	0	0	0	0
0	0	0	0	0	0	0	0	0	0	0	0	0	0	0	0	0	0	0	0	0	0	0	0	0	0	0	0	0	0	0	0	0	0	0	0	0	0	0	0	0	0	0	0	0	0.666547940142433	0.812930485403428	0	0	0	0	0	0.598009746834174	0.726465597492825	0	0	0	0	0	0	0	0	0	0	0	0.573541219675727	0	0.748211991639589	0	0.539647924905416	0	0	0	0	0	0	0	0	0	0	0.965856220157555	0	0	0	0	0	0.792528907507102	0	0	0
0	0	0	0	0	0	0	0	0	0	0	0	0	0	0	0	0	0	0	0	0	0	0	0	0	0	0	0	0	0	0	0	0	0	0	0	0	0	0	0	0	0	0	0	0	0	0	0	0	0	0	0	0	0	0	0	0	0	0.51812908700096	0	0	0	0	0	0	0	0.654697364800632	0	0.620234500939227	0	0	0	0	0	0	0	0	0	0	0	0	0.772277363746363	0.828897462330984	0	0	0	0	0	0	0
0	0	0	0	0	0	0	0	0	0	0	0	0	0	0	0	0	0	0	0	0	0	0	0	0	0	0	0	0	0	0	0	0	0	0	0	0	0	0	0	0	0	0	0	0	0	0	0	0	0	0	0	0.696966130678577	0	0	0	0	0	0	0	0	0	0.632761253023594	0	0	0	0	0	0	0	0	0.783197969451149	0	0.842961616868602	0	0	0.534215062918785	0	0	0	0	0	0	0.887920920327392	0	0	0	0	0	0
0	0	0	0	0	0	0	0	0	0	0	0	0	0	0	0	0	0	0	0	0	0	0	0	0	0	0	0	0	0	0	0	0	0	0	0	0	0	0	0	0	0	0	0	0	0	0	0	0	0	0.543375325094186	0	0	0	0	0	0	0	0	0	0	0	0	0	0	0	0	0	0	0	0.623591709655134	0	0.591370381677513	0	0	0	0	0	0	0	0	0	0.585628744969752	0	0	0	0	0	0	0
0	0	0	0	0	0	0	0	0	0	0	0	0	0	0	0	0	0	0	0	0	0	0	0	0	0	0	0	0	0	0	0	0	0	0	0	0	0	0	0	0	0	0	0	0	0	0	0	0	0	0	0	0	0.886861546517383	0.679113461280644	0.632328404247313	0	0	0	0	0	0	0	0	0	0	0	0	0	0	0	0.757424026013796	0	0	0	0.846415894889175	0	0	0.904000794902087	0	0	0.995436064532008	0	0	0	0	0	0	0	0
0	0	0	0	0	0	0	0	0	0	0	0	0	0	0	0	0	0	0	0	0	0	0	0	0	0	0	0	0	0	0	0	0	0	0	0	0	0	0	0	0	0	0	0	0	0	0	0	0	0.718470677723528	0.761744775234763	0	0	0.90184895311391	0	0	0	0	0	0.568217868047559	0	0	0.857987893098155	0.648513753092042	0	0	0	0.973955376975514	0	0	0.660393598331763	0	0	0	0.637238876570659	0	0	0	0.638287339347339	0	0.759230895617826	0	0	0	0	0	0	0	0	0
0	0	0	0	0	0	0	0	0	0	0	0	0	0	0	0	0	0	0	0	0	0	0	0	0	0	0	0	0	0	0	0	0	0	0	0	0	0	0	0	0	0	0	0	0	0.607366888179547	0	0	0	0.548661189005043	0.821081655080638	0	0	0	0	0	0	0	0	0.590016556273716	0	0	0	0.506196842328943	0.634079331765493	0	0	0	0	0	0	0	0	0.807961347630137	0	0	0	0	0	0.883382349048162	0	0	0	0	0	0	0	0	0	0
0	0	0	0	0	0	0	0	0	0	0	0	0	0	0	0	0	0	0	0	0	0	0	0	0	0	0	0	0	0	0	0	0	0	0	0	0	0	0	0	0	0	0	0	0	0	0.985139834267694	0	0	0	0	0	0	0	0.964078736111518	0	0	0	0	0	0	0	0	0	0	0	0	0	0	0	0	0	0.99170534263609	0	0	0	0.648971225784152	0.978907462030779	0	0	0	0	0	0.628656334838112	0	0	0	0	0	0
0	0	0	0	0	0	0	0	0	0	0	0	0	0	0	0	0	0	0	0	0	0	0	0	0	0	0	0	0	0	0	0	0	0	0	0	0	0	0	0	0	0	0	0	0	0	0	0.530366505151422	0	0	0	0	0.825633580398144	0	0	0	0	0	0	0	0	0	0	0	0	0	0	0	0	0	0.679699855875684	0	0	0	0	0.52760763979357	0	0	0.931136341672745	0.559818665441122	0	0	0	0	0	0	0	0	0	0
0	0	0	0	0	0	0	0	0	0	0	0	0	0	0	0	0	0	0	0	0	0	0	0	0	0	0	0	0	0	0	0	0	0	0	0	0	0	0	0	0	0	0	0	0	0	0	0.668511689403654	0	0	0	0	0	0.738788374789934	0.878177206869194	0	0	0	0	0	0	0	0	0	0	0	0	0	0	0	0	0	0	0	0	0.642579019321379	0	0	0	0	0.873353900949608	0	0	0	0	0	0	0	0	0
0	0	0	0	0	0	0	0	0	0	0	0	0	0	0	0	0	0	0	0	0	0	0	0	0	0	0	0	0	0	0	0	0	0	0	0	0	0	0	0	0	0	0	0	0	0	0	0	0	0	0	0	0	0	0	0	0	0	0	0	0.736152043515299	0	0	0	0	0	0	0	0	0	0	0	0.595715042407856	0.998791543463826	0	0	0.889115551184153	0	0	0	0	0	0	0	0	0	0	0	0	0
0	0	0	0	0	0	0	0	0	0	0	0	0	0	0	0	0	0	0	0	0	0	0	0	0	0	0	0	0	0	0	0	0	0	0	0	0	0	0	0	0	0	0	0	0	0	0	0	0	0	0	0	0	0.914534461602003	0	0	0	0	0	0	0.7607314913527	0	0	0	0	0	0	0	0	0	0	0	0	0	0.518849369215085	0	0.915459804718753	0	0	0	0	0.564747755436323	0	0	0	0	0	0	0	0
0	0	0	0	0	0	0	0	0	0	0	0	0	0	0	0	0	0	0	0	0	0	0	0	0	0	0	0	0	0	0	0	0	0	0	0	0	0	0	0	0	0	0	0	0	0	0	0	0	0.99429191813216	0	0	0	0	0	0	0.963325293255129	0	0	0	0	0	0	0	0	0	0	0	0.701734564835649	0	0	0	0	0.850251031332517	0	0	0	0.851542059334962	0	0	0	0.856985081066388	0	0.885655717267648	0.539909724967283	0.954104243556779	0	0.993899700863068	0	0
0	0	0	0	0	0	0	0	0	0	0	0	0	0	0	0	0	0	0	0	0	0	0	0	0	0	0	0	0	0	0	0	0	0	0	0	0	0	0	0	0	0	0	0	0	0	0	0	0	0	0	0	0	0	0	0.999349948299762	0.897526282177518	0.74606076831959	0	0	0	0.790019805319813	0	0	0	0	0	0	0	0.65647853492073	0	0	0.746288029928216	0	0	0	0	0	0	0.75135349336482	0.575856981350208	0	0	0	0	0	0	0	0	0
0	0	0	0	0	0	0	0	0	0	0	0	0	0	0	0	0	0	0	0	0	0	0	0	0	0	0	0	0	0	0	0	0	0	0	0	0	0	0	0	0	0	0	0	0	0	0	0	0	0	0	0	0	0	0	0	0	0	0	0	0	0	0	0	0	0	0	0	0	0.962593241001633	0	0.81999177740136	0	0	0	0	0	0	0	0	0	0	0	0.544303320147073	0.54068106494657	0	0	0.502402536220131	0	0
0	0	0	0	0	0	0	0	0	0	0	0	0	0	0	0	0	0	0	0	0	0	0	0	0	0	0	0	0	0	0	0	0	0	0	0	0	0	0	0	0	0	0	0	0	0	0	0	0	0	0	0	0	0	0	0	0	0	0	0.553197482003773	0	0	0.86098898155929	0	0	0	0.744551109312378	0.611727336934689	0	0	0.704382837143961	0	0	0	0	0.768995537775964	0	0	0	0	0.680295509259121	0	0.965193989235867	0	0	0.882962910076036	0	0.607996022694279	0	0
0	0	0	0	0	0	0	0	0	0	0	0	0	0	0	0	0	0	0	0	0	0	0	0	0	0	0	0	0	0	0	0	0	0	0	0	0	0	0	0	0	0	0	0	0	0	0	0.900124959372949	0	0	0	0	0	0	0	0	0	0	0.782496121682803	0	0	0	0	0	0.942553964319284	0.864296247746696	0	0	0	0	0	0	0	0	0	0	0	0	0	0	0.818462562583127	0	0.680718856895687	0	0	0	0.654973547995184	0	0	0
0	0	0	0	0	0	0	0	0	0	0	0	0	0	0	0	0	0	0	0	0	0	0	0	0	0	0	0	0	0	0	0	0	0	0	0	0	0	0	0	0	0	0	0	0	0	0	0	0	0	0	0	0	0	0	0	0	0	0	0.811949205710659	0	0	0	0	0	0	0	0.81751775998837	0	0	0	0	0	0	0	0	0	0	0	0	0.932944066769196	0	0	0.624561567367742	0	0	0	0	0	0
0	0	0	0	0	0	0	0	0	0	0	0	0	0	0	0	0	0	0	0	0	0	0	0	0	0	0	0	0	0	0	0	0	0	0	0	0	0	0	0	0	0	0	0	0	0	0	0	0	0	0	0	0	0	0	0	0	0.782593836546096	0	0	0	0	0	0	0	0	0.767321963487835	0	0.793642448016592	0	0	0	0	0	0	0	0	0	0	0	0	0	0	0	0.556876931703002	0	0	0	0.642248806913852	0
0	0	0	0	0	0	0	0	0	0	0	0	0	0	0	0	0	0	0	0	0	0	0	0	0	0	0	0	0	0	0	0	0	0	0	0	0	0	0	0	0	0	0	0	0	0	0	0	0	0	0	0	0.625161920481136	0.56542655177226	0	0	0	0	0	0	0	0	0	0	0	0	0	0	0	0	0	0	0	0	0	0	0	0	0	0	0.920066760209979	0	0.964546124281824	0.789704841592228	0	0	0	0	0	0
0	0	0	0	0	0	0	0	0	0	0	0	0	0	0	0	0	0	0	0	0	0	0	0	0	0	0	0	0	0	0	0	0	0	0	0	0	0	0	0	0	0	0	0	0	0.599187499629234	0.641502256182229	0	0	0	0	0	0	0	0.648570990605902	0.955189766051671	0	0	0	0	0	0	0	0	0	0	0	0	0	0	0	0	0	0	0	0	0	0	0	0	0	0	0	0	0	0	0.503148188074845	0	0	0
0	0	0	0	0	0	0	0	0	0	0	0	0	0	0	0	0	0	0	0	0	0	0	0	0	0	0	0	0	0	0	0	0	0	0	0	0	0	0	0	0	0	0	0	0	0.625678587632807	0.531664995208952	0	0	0.762859037959843	0.704309060834433	0.59411111195001	0	0	0	0	0	0	0	0	0	0	0	0	0	0	0	0	0	0	0	0	0	0	0	0	0	0	0	0	0	0	0	0	0	0	0	0	0	0
