0	0.88826542672626	0.974524804510121	0	0	0	0	0	0	0	0	0	0	0	0	0	0.52335869061956	0	0	0	0	0	0	0	0	0.989892740037132	0	0	0	0	0	0	0	0	0	0.6336681460723	0	0	0	0	0	0	0.941131344465585	0	0.923751073549791	0	0	0	0	0	0	0	0	0	0	0	0	0	0	0	0	0	0	0	0	0	0	0	0	0	0	0	0	0	0	0	0	0	0	0	0	0	0	0	0	0	0	0	0	0
0.891806878388327	0	0	0	0.531760371333962	0	0	0.747474431784706	0	0	0	0	0	0	0.571184279062679	0	0	0	0	0	0	0	0	0	0	0	0	0	0	0	0	0.68148682260184	0	0	0	0	0	0.645193657305414	0	0	0	0	0.948506803257223	0.612574812853986	0	0	0	0	0	0	0	0	0	0	0	0	0	0	0	0	0	0	0	0	0	0	0	0	0	0	0	0	0	0	0	0	0	0	0	0	0	0	0	0	0	0	0	0	0	0
0.976446274495605	0	0	0	0	0	0	0	0	0.568794637256339	0	0	0.8783091851329	0	0	0	0	0	0	0	0	0	0	0	0	0	0	0	0	0	0	0	0.606003482153081	0	0	0	0	0	0.870802605667846	0	0	0	0	0.534506954848373	0	0	0	0	0	0	0	0	0	0	0	0	0	0	0	0	0	0	0	0	0	0	0	0	0	0	0	0	0	0	0	0	0	0	0	0	0	0	0	0	0	0	0	0	0	0
0	0	0	0	0.719723727201184	0	0	0.622302426649371	0	0.86794300582475	0	0	0	0	0.905600995962428	0	0	0	0	0	0.60675824082805	0	0	0	0	0	0	0.828505123129074	0	0	0	0	0.778919767434489	0	0	0.954803168707122	0	0	0	0	0	0	0	0	0.780721925307561	0	0	0	0	0	0	0	0	0	0	0	0	0	0	0	0	0	0	0	0	0	0	0	0	0	0	0	0	0	0	0	0	0	0	0	0	0	0	0	0	0	0	0	0	0
0	0.573203241041236	0	0.751277929599563	0	0	0	0	0	0	0	0	0	0	0	0	0.991530398138902	0	0	0	0	0	0	0	0	0.515332162090574	0.843741485606095	0	0	0	0	0	0	0.814226414158877	0	0	0.744609536852259	0	0	0	0	0	0	0	0	0	0	0	0	0	0	0	0	0	0	0	0	0	0	0	0	0	0	0	0	0	0	0	0	0	0	0	0	0	0	0	0	0	0	0	0	0	0	0	0	0	0	0	0	0
0	0	0	0	0	0	0	0	0.920806094924149	0	0	0	0	0	0	0	0	0.993058222877817	0	0	0	0.998912208235769	0	0	0	0	0	0	0	0.87305311451121	0	0	0	0.591150430039901	0.894158832465863	0	0.594105580820663	0	0	0	0.94579341972575	0	0	0	0.685687705940763	0	0	0	0	0	0	0	0	0	0	0	0	0	0	0	0	0	0	0	0	0	0	0	0	0	0	0	0	0	0	0	0	0	0	0	0	0	0	0	0	0	0	0	0	0
0	0	0	0	0	0	0	0	0	0	0	0	0	0.505382893327339	0	0	0	0	0	0	0	0.644850837050125	0.921783705916546	0	0	0.781319513398909	0.68612177302486	0.913761748401167	0	0	0	0	0	0	0	0	0	0	0	0	0	0	0.951968559738226	0	0	0	0	0	0	0	0	0	0	0	0	0	0	0	0	0	0	0	0	0	0	0	0	0	0	0	0	0	0	0	0	0	0	0	0	0	0	0	0	0	0	0	0	0	0	0
0	0.823946575788311	0	0.509995233635936	0	0	0	0	0	0	0	0	0	0	0	0	0	0	0.941520641004887	0	0	0	0	0	0	0	0	0	0	0	0	0	0	0	0	0	0	0	0	0	0	0	0	0	0	0	0	0	0	0	0	0	0	0	0	0	0	0	0	0	0	0	0	0	0	0	0	0	0	0	0	0	0	0	0	0	0	0	0	0	0	0	0	0	0	0	0	0	0	0
0	0	0	0	0	0.861854167469567	0	0	0	0	0.759749524224168	0	0	0	0	0	0	0.932198163590368	0	0.526744079407606	0	0	0	0	0	0	0	0	0	0.544434513350601	0	0	0	0	0	0	0	0	0.562754173462138	0	0	0	0	0	0	0	0	0	0	0	0	0	0	0	0	0	0	0	0	0	0	0	0	0	0	0	0	0	0	0	0	0	0	0	0	0	0	0	0	0	0	0	0	0	0	0	0	0	0	0
0	0	0.932326549164496	0.994175841523944	0	0	0	0	0	0	0	0.726570277068057	0.927945815948752	0	0	0.935024743671443	0	0	0	0	0	0	0	0	0	0	0	0	0	0.723808188921071	0	0	0	0.866083504485559	0.897224254234418	0	0	0	0	0	0.799356164798993	0	0	0	0.620228523660864	0	0	0	0	0	0	0	0	0	0	0	0	0	0	0	0	0	0	0	0	0	0	0	0	0	0	0	0	0	0	0	0	0	0	0	0	0	0	0	0	0	0	0	0	0
0	0	0	0	0	0	0	0	0.913430421566696	0	0	0.936427406329981	0.920073159733107	0	0	0	0	0	0	0	0	0	0	0	0.538485974504622	0	0	0	0	0	0	0	0	0	0.644764185139823	0	0	0	0	0	0	0	0	0	0	0	0	0	0	0	0	0	0	0	0	0	0	0	0	0	0	0	0	0	0	0	0	0	0	0	0	0	0	0	0	0	0	0	0	0	0	0	0	0	0	0	0	0	0	0
0	0	0	0	0	0	0	0	0	0.501771732020633	0.777382146814254	0	0.788462535878608	0	0	0	0	0	0	0	0	0	0	0	0	0	0	0.76715621107324	0	0.767090634405885	0	0	0	0	0	0	0	0	0.822844905141483	0	0	0	0	0	0	0	0	0	0	0	0	0	0	0	0	0	0	0	0	0	0	0	0	0	0	0	0	0	0	0	0	0	0	0	0	0	0	0	0	0	0	0	0	0	0	0	0	0	0	0
0	0	0.983792439040727	0	0	0	0	0	0	0.93529331447698	0.755740617577644	0.994341123766082	0	0	0	0	0	0.918695324393485	0	0	0	0	0	0	0	0	0	0	0	0	0	0	0	0.532218185749028	0	0	0	0	0	0	0	0	0	0	0	0	0	0	0	0	0	0	0	0	0	0	0	0	0	0	0	0	0	0	0	0	0	0	0	0	0	0	0	0	0	0	0	0	0	0	0	0	0	0	0	0	0	0	0	0
0	0	0	0	0	0	0.612591212935947	0	0	0	0	0	0	0	0	0	0	0	0	0.85994058363754	0	0	0	0	0	0	0	0	0	0	0	0	0	0	0.658408620250392	0	0.569492984854651	0	0.520778608738875	0	0	0	0	0	0.767727416031959	0	0	0	0	0	0	0	0	0	0	0	0	0	0	0	0	0	0	0	0	0	0	0	0	0	0	0	0	0	0	0	0	0	0	0	0	0	0	0	0	0	0	0	0	0
0	0.621427374978672	0	0.859037172448071	0	0	0	0	0	0	0	0	0	0	0	0.7558051584694	0	0.967042820262731	0	0	0	0	0	0	0.905484836611419	0	0.943350688893005	0	0	0	0	0	0	0	0	0	0	0	0	0	0	0	0	0.574339995993938	0	0	0	0	0	0	0	0	0	0	0	0	0	0	0	0	0	0	0	0	0	0	0	0	0	0	0	0	0	0	0	0	0	0	0	0	0	0	0	0	0	0	0	0	0	0
0	0	0	0	0	0	0	0	0	0.765135027297484	0	0	0	0	0.773961991376712	0	0.966257446941677	0	0	0.861352440156056	0	0	0	0	0	0	0	0	0	0	0	0	0	0	0	0	0	0	0	0.92340002925956	0	0	0	0	0	0	0	0	0	0	0	0	0	0	0	0	0	0	0	0	0	0	0	0	0	0	0	0	0	0	0	0	0	0	0	0	0	0	0	0	0	0	0	0	0	0	0	0	0	0
0.906320082433703	0	0	0	0.640858273631304	0	0	0	0	0	0	0	0	0	0	0.627667153553119	0	0	0	0	0	0	0	0	0	0	0.734889859716877	0	0	0	0	0	0	0	0	0.830186382597416	0	0	0	0	0	0	0	0	0	0	0	0	0	0	0	0	0	0	0	0	0	0	0	0	0	0	0	0	0	0	0	0	0	0	0	0	0	0	0	0	0	0	0	0	0	0	0	0	0	0	0	0	0	0
0	0	0	0	0	0.987971729904151	0	0	0.903220504992976	0	0	0	0.523978298221473	0	0.591587765193335	0	0	0	0	0.799560328652725	0	0	0	0	0	0	0	0	0.964914807786716	0	0	0	0	0	0	0	0	0	0	0	0	0	0	0	0	0	0	0	0	0	0	0	0	0	0	0	0	0	0	0	0	0	0	0	0	0	0	0	0	0	0	0	0	0	0	0	0	0	0	0	0	0	0	0	0	0	0	0	0	0
0	0	0	0	0	0	0	0.938193757312933	0	0	0	0	0	0	0	0	0	0	0	0	0	0.986268202362514	0	0	0	0	0	0	0.711321577670443	0	0	0	0	0	0	0	0	0	0	0	0.72650609600717	0.929392278037111	0	0.945653996001731	0	0	0	0	0	0	0	0	0	0	0	0	0	0	0	0	0	0	0	0	0	0	0	0	0	0	0	0	0	0	0	0	0	0	0	0	0	0	0	0	0	0	0	0	0	0
0	0	0	0	0	0	0	0	0.506924068109908	0	0	0	0	0.699163039826082	0	0.808545600963026	0	0.953413787985048	0	0	0	0	0	0	0	0	0	0.569466703298932	0	0	0	0	0	0	0	0	0	0	0	0	0	0	0	0	0	0	0	0	0	0	0	0	0	0	0	0	0	0	0	0	0	0	0	0	0	0	0	0	0	0	0	0	0	0	0	0	0	0	0	0	0	0	0	0	0	0	0	0	0	0
0	0	0	0.866744798692398	0	0	0	0	0	0	0	0	0	0	0	0	0	0	0	0	0	0	0.749919537722743	0.53007014442643	0	0	0	0	0	0	0	0	0	0	0	0.895089933134107	0	0	0	0	0	0	0	0	0	0	0	0	0	0	0	0	0	0	0	0	0	0	0	0	0	0	0	0	0	0	0	0	0	0	0	0	0	0	0	0	0	0	0	0	0	0	0	0	0	0	0	0	0	0
0	0	0	0	0	0.927153188803088	0.94995812454667	0	0	0	0	0	0	0	0	0	0	0	0.815487534625678	0	0	0	0	0	0.602109184649494	0	0	0	0	0	0	0.995175662591495	0	0	0	0.777368530281879	0	0	0	0.772083538546216	0	0	0	0	0	0	0	0	0	0	0	0	0	0	0	0	0	0	0	0	0	0	0	0	0	0	0	0	0	0	0	0	0	0	0	0	0	0	0	0	0	0	0	0	0	0	0	0	0	0
0	0	0	0	0	0	0.77391543581586	0	0	0	0	0	0	0	0	0	0	0	0	0	0.623052366767546	0	0	0	0.794549575995756	0	0.627522485573687	0	0	0	0	0	0	0	0	0	0	0	0	0.796207061914131	0	0	0	0	0	0	0	0	0	0	0	0	0	0	0	0	0	0	0	0	0	0	0	0	0	0	0	0	0	0	0	0	0	0	0	0	0	0	0	0	0	0	0	0	0	0	0	0	0	0
0	0	0	0	0	0	0	0	0	0	0	0	0	0	0	0	0	0	0	0	0.770871941969901	0	0	0	0.992089810768108	0	0.79806772373319	0.945215513731383	0.962981559842927	0	0	0	0	0	0	0	0	0.666955380890066	0.822005013450223	0	0	0	0	0	0	0	0	0	0	0	0	0	0	0	0	0	0	0	0	0	0	0	0	0	0	0	0	0	0	0	0	0	0	0	0	0	0	0	0	0	0	0	0	0	0	0	0	0	0	0
0	0	0	0	0	0	0	0	0	0	0.693271147596287	0	0	0	0.868678588895568	0	0	0	0	0	0	0.897965806566302	0.912067994900447	0.658142558098566	0	0.865288009274925	0	0	0.875718841929286	0	0	0	0	0	0.645952740401003	0	0	0	0	0	0	0	0	0	0	0	0	0	0	0	0	0	0	0	0	0	0	0	0	0	0	0	0	0	0	0	0	0	0	0	0	0	0	0	0	0	0	0	0	0	0	0	0	0	0	0	0	0	0	0
0.570142429420689	0	0	0	0.826602743473511	0	0.795269408391305	0	0	0	0	0	0	0	0	0	0	0	0	0	0	0	0	0	0.56121007290686	0	0	0	0	0	0.983180926340978	0	0	0	0	0	0	0	0	0	0	0	0	0	0	0	0	0	0	0	0	0	0	0	0	0	0	0	0	0	0	0	0	0	0	0	0	0	0	0	0	0	0	0	0	0	0	0	0	0	0	0	0	0	0	0	0	0	0	0
0	0	0	0	0.775165275664401	0	0.606510089513209	0	0	0	0	0	0	0	0.567996425407582	0	0.729802851041399	0	0	0	0	0	0.713652402043892	0.824440244169244	0	0	0	0	0	0	0	0	0	0	0	0	0	0	0	0	0	0	0	0	0	0	0	0	0	0	0	0	0	0	0	0	0	0	0	0	0	0	0	0	0	0	0	0	0	0	0	0	0	0	0	0	0	0	0	0	0	0	0	0	0	0	0	0	0	0
0	0	0	0.830332553253043	0	0	0.813520756141776	0	0	0	0	0.500914035485328	0	0	0	0	0	0	0	0.944868482017077	0	0	0	0.739892558936769	0	0	0	0	0	0	0	0	0	0	0	0	0	0	0	0	0	0	0	0	0	0	0	0	0	0	0	0	0	0	0	0	0	0	0	0	0	0	0	0	0	0	0	0	0	0	0	0	0	0	0	0	0	0	0	0	0	0	0	0	0	0	0	0	0	0
0	0	0	0	0	0	0	0	0	0	0	0	0	0	0	0	0	0.721122942914264	0.602528778903593	0	0	0	0	0.840623441886611	0.809688527985105	0	0	0	0	0	0.734339235684475	0	0	0.936428862307539	0	0	0	0	0	0	0	0	0	0	0	0	0	0	0	0	0	0	0	0	0	0	0	0	0	0	0	0	0	0	0	0	0	0	0	0	0	0	0	0	0	0	0	0	0	0	0	0	0	0	0	0	0	0	0	0
0	0	0	0	0	0.670075392285576	0	0	0.793613102575463	0.706460840183914	0	0.552379613305707	0	0	0	0	0	0	0	0	0	0	0	0	0	0	0	0	0	0	0	0	0	0	0.706634022724493	0	0	0	0	0	0	0	0	0	0	0	0	0	0	0	0	0	0	0	0	0	0	0	0	0	0	0	0	0	0	0	0	0	0	0	0	0	0	0	0	0	0	0	0	0	0	0	0	0	0	0	0	0	0	0
0	0	0	0	0	0	0	0	0	0	0	0	0	0	0	0	0	0	0	0	0	0	0	0	0	0.711574428709165	0	0	0.72308080733625	0	0	0	0.86939023965008	0	0	0	0	0	0	0	0	0	0	0	0.606173400090561	0	0	0	0	0	0	0	0	0	0	0	0	0	0	0	0	0	0	0	0	0	0	0	0	0	0	0	0	0	0	0	0	0	0	0	0	0	0	0	0	0	0	0	0	0
0	0.528685665283678	0	0	0	0	0	0	0	0	0	0	0	0	0	0	0	0	0	0	0	0.651788480974454	0	0	0	0	0	0	0	0	0	0	0	0	0.590153642950586	0	0	0	0	0	0	0.797035205970714	0	0	0.716599528003821	0	0	0	0	0	0	0	0	0	0	0	0	0	0	0	0	0	0	0	0	0	0	0	0	0	0	0	0	0	0	0	0	0	0	0	0	0	0	0	0	0	0	0	0	0
0	0	0.92428414348146	0.855551696674934	0	0	0	0	0	0	0	0	0	0	0	0	0	0	0	0	0	0	0	0	0	0	0	0	0	0	0.619169159336568	0	0	0	0	0	0	0	0	0.618238743521583	0	0.88102699399774	0	0	0	0	0	0	0	0	0	0	0	0	0	0	0	0	0	0	0	0	0	0	0	0	0	0	0	0	0	0	0	0	0	0	0	0	0	0	0	0	0	0	0	0	0	0	0	0
0	0	0	0	0.545301524234279	0.689356058948875	0	0	0	0.515720763334907	0	0	0.626028433617176	0	0	0	0	0	0	0	0	0	0	0	0	0	0	0	0.539218045317291	0	0	0	0	0	0	0	0	0	0	0	0	0	0	0.582258244214821	0	0	0	0	0	0	0	0	0	0	0	0	0	0	0	0	0	0	0	0	0	0	0	0	0	0	0	0	0	0	0	0	0	0	0	0	0	0	0	0	0	0	0	0	0	0
0	0	0	0	0	0.582336685540849	0	0	0	0.76018504760628	0.835010273856026	0	0	0.843432370266945	0	0	0	0	0	0	0	0	0	0	0.51047840968314	0	0	0	0	0.557453518415426	0	0.975782888761713	0	0	0	0	0	0	0	0	0	0	0	0	0	0	0	0	0	0	0	0	0	0	0	0	0	0	0	0	0	0	0	0	0	0	0	0	0	0	0	0	0	0	0	0	0	0	0	0	0	0	0	0	0	0	0	0	0	0
0.569210030266027	0	0	0.696463621944493	0	0	0	0	0	0	0	0	0	0	0	0	0.663158479455201	0	0	0	0.625664120301982	0.608093930582313	0	0	0	0	0	0	0	0	0	0	0	0	0	0	0.788404283812268	0	0.675701622610596	0	0	0	0	0	0	0	0	0	0	0	0	0	0	0	0	0	0	0	0	0	0	0	0	0	0	0	0	0	0	0	0	0	0	0	0	0	0	0	0	0	0	0	0	0	0	0	0	0	0	0
0	0	0	0	0.996782381207393	0.742912029864078	0	0	0	0	0	0	0	0.521922192197602	0	0	0	0	0	0	0	0	0	0	0	0	0	0	0	0	0	0	0	0	0	0.867878773183135	0	0	0	0	0	0	0	0	0	0	0	0	0	0	0	0	0	0	0	0	0	0	0	0	0	0	0	0	0	0	0	0	0	0	0	0	0	0	0	0	0	0	0	0	0	0	0	0	0	0	0	0	0	0
0	0.631101675248996	0	0	0	0	0	0	0	0	0	0	0	0	0	0	0	0	0	0	0	0	0	0.841380562484456	0	0	0	0	0	0	0	0	0	0	0	0	0	0	0.987434538239425	0.664060177042446	0	0	0	0	0	0	0	0	0	0	0	0	0	0	0	0	0	0	0	0	0	0	0	0	0	0	0	0	0	0	0	0	0	0	0	0	0	0	0	0	0	0	0	0	0	0	0	0	0	0
0	0	0.858172843270664	0	0	0	0	0	0.749788746457658	0	0	0.575188816468418	0	0.81335894579431	0	0	0	0	0	0	0	0	0	0.534331007674918	0	0	0	0	0	0	0	0	0	0	0	0.561244173264929	0	0.724956443961001	0	0.675485547147826	0	0	0	0	0	0	0	0	0	0	0	0	0	0	0	0	0	0	0	0	0	0	0	0	0	0	0	0	0	0	0	0	0	0	0	0	0	0	0	0	0	0	0	0	0	0	0	0	0	0
0	0	0	0	0	0	0	0	0	0	0	0	0	0	0	0.66265478433553	0	0	0	0	0	0.977064352746545	0.552196923792823	0	0	0	0	0	0	0	0	0	0.87579513175595	0	0	0	0	0.997175613328059	0.978971657153581	0	0.624741732129587	0	0	0	0	0	0	0	0	0	0	0	0	0	0	0	0	0	0	0	0	0	0	0	0	0	0	0	0	0	0	0	0	0	0	0	0	0	0	0	0	0	0	0	0	0	0	0	0	0
0	0	0	0	0	0.757870373765143	0	0	0	0.594538241549966	0	0	0	0	0	0	0	0	0.806212202409947	0	0	0	0	0	0	0	0	0	0	0	0	0	0	0	0	0	0	0	0	0.796471936301817	0	0	0	0	0.839133903209774	0	0	0	0	0	0	0	0	0	0	0	0	0	0	0	0	0	0	0	0	0	0	0	0	0	0	0	0	0	0	0	0	0	0	0	0	0	0	0	0	0	0	0	0	0
0	0	0	0	0	0	0	0	0	0	0	0	0	0	0	0	0	0	0.922221360991707	0	0	0	0	0	0	0	0	0	0	0	0	0.69368110823216	0.6348097130258	0	0	0	0	0	0	0	0	0	0	0	0	0	0	0	0	0	0	0	0	0	0	0	0	0	0	0	0	0	0	0	0	0	0	0	0	0	0	0	0	0	0	0	0	0	0	0	0	0	0	0	0	0	0	0	0	0
0.612446319152276	0.633782230229293	0	0	0	0	0.821375083029287	0	0	0	0	0	0	0	0	0	0	0	0	0	0	0	0	0	0	0	0	0	0	0	0	0	0	0	0	0	0	0	0	0	0	0	0	0	0.733680569284348	0	0	0	0	0	0	0	0	0	0	0	0	0	0	0	0	0	0	0	0	0	0	0	0	0	0	0	0	0	0	0	0	0	0	0	0	0	0	0	0	0	0	0	0	0
0	0.658749855018796	0.551806100124649	0	0	0	0	0	0	0	0	0	0	0	0.776920064622606	0	0	0	0.848894590889391	0	0	0	0	0	0	0	0	0	0	0	0	0	0	0.997043007762081	0	0	0	0	0	0	0	0	0	0	0	0	0	0	0	0	0	0	0	0	0	0	0	0	0	0	0	0	0	0	0	0	0	0	0	0	0	0	0	0	0	0	0	0	0	0	0	0	0	0	0	0	0	0	0	0
0.828410429645401	0	0	0.674978005229945	0	0.735084099175798	0	0	0	0.648976727483861	0	0	0	0.638203142428074	0	0	0	0	0	0	0	0	0	0	0	0	0	0	0	0	0.90166068953825	0.625119416659852	0	0	0	0	0	0	0	0	0.818021885753066	0	0.74548935281172	0	0	0	0	0	0	0	0	0	0	0	0	0	0	0	0	0	0	0	0	0	0	0	0	0	0	0	0	0	0	0	0	0	0	0	0	0	0	0	0	0	0	0	0	0	0	0
0	0	0	0	0	0	0	0	0	0	0	0	0	0	0	0	0	0	0	0	0	0	0	0	0	0	0	0	0	0	0	0	0	0	0	0	0	0	0	0	0	0	0	0	0	0	0.872501115100637	0.614005685406429	0.946520490624932	0.864524080755364	0.900383830935324	0.613221616695535	0.706239949047731	0	0	0	0	0	0	0	0	0	0	0	0	0	0	0	0	0	0	0	0	0	0	0	0	0	0	0	0	0	0	0.839391824309309	0.668362158914731	0.950908878351755	0.960983272633212	0.603451985355649	0.529608522377347	0.628285040992577
0	0	0	0	0	0	0	0	0	0	0	0	0	0	0	0	0	0	0	0	0	0	0	0	0	0	0	0	0	0	0	0	0	0	0	0	0	0	0	0	0	0	0	0	0	0.795312012227373	0	0.69367743915245	0.502827611175443	0.571983988589763	0.715827477769809	0.510458598222392	0.607348629417972	0.934671248518481	0	0	0	0	0	0	0	0	0	0	0	0	0	0	0	0	0	0	0	0.971419768472168	0	0	0	0	0	0	0	0	0	0	0.603560081813267	0.958405350208625	0.603405353113634	0.893346709989012	0.565813977804489	0.791435974213778
0	0	0	0	0	0	0	0	0	0	0	0	0	0	0	0	0	0	0	0	0	0	0	0	0	0	0	0	0	0	0	0	0	0	0	0	0	0	0	0	0	0	0	0	0	0.526200612677475	0.510941783633225	0	0.816545689641379	0.98194456646751	0.710379318845634	0.721214301237021	0.832261324583389	0.604058647116312	0.629671334735259	0	0	0	0	0	0	0	0	0	0	0	0	0	0	0	0	0	0	0	0	0	0	0	0	0	0	0	0	0	0	0.509146523375727	0.660862172920042	0.775980343280498	0.587684052872076	0.736313035025043
0	0	0	0	0	0	0	0	0	0	0	0	0	0	0	0	0	0	0	0	0	0	0	0	0	0	0	0	0	0	0	0	0	0	0	0	0	0	0	0	0	0	0	0	0	0.668212421924273	0.832573410504454	0.861080959833807	0	0.883142108797018	0.921089426553069	0.822232904821891	0.759090818945937	0.849398517554513	0.838551184066487	0.929835574642097	0	0	0	0	0	0	0	0	0	0	0	0	0	0	0	0	0	0	0	0	0	0	0	0	0	0	0	0	0	0	0.799892778395927	0.940863788206268	0.59856760120127	0.641228669492644
0	0	0	0	0	0	0	0	0	0	0	0	0	0	0	0	0	0	0	0	0	0	0	0	0	0	0	0	0	0	0	0	0	0	0	0	0	0	0	0	0	0	0	0	0	0.63180572838965	0.715625430007216	0.928363320972805	0.912005161032757	0	0.759721077028612	0.859550615161548	0.82177078500484	0.77573353324728	0.74577333245326	0.668824373090904	0.714114408991904	0	0	0	0	0	0	0	0	0	0	0	0	0	0	0	0	0	0	0	0	0	0	0	0	0	0	0	0	0	0	0.706294854105732	0.972276389769394	0.809587964316372
0	0	0	0	0	0	0	0	0	0	0	0	0	0	0	0	0	0	0	0	0	0	0	0	0	0	0	0	0	0	0	0	0	0	0	0	0	0	0	0	0	0	0	0	0	0.846303620779601	0.666296297354587	0.534788212651108	0.576111707403182	0.766594439855183	0	0.703606136740191	0.977252158755557	0.978092938523558	0.889726919350717	0.903163553568902	0.718857206580893	0.760768389674345	0	0	0	0	0	0	0	0	0	0	0	0	0	0	0	0	0	0	0	0	0	0	0	0	0	0	0	0	0	0	0.621633835270464	0.950853562303069
0	0	0	0	0	0	0	0	0	0	0	0	0	0	0	0	0	0	0	0	0	0	0	0	0	0	0	0	0	0	0	0	0	0	0	0	0	0	0	0	0	0	0	0	0	0.52316688398724	0.803450230537188	0.987209192883832	0.922395531746359	0.536334906660152	0.562991581911938	0	0.865059153076645	0.925247909899137	0.937685380903059	0.622193435302711	0.995235992847312	0.993256130736025	0.610811956730504	0	0	0	0	0	0	0	0	0	0	0	0	0	0	0	0	0	0	0	0	0	0	0	0	0	0	0	0	0	0	0.994635790633182
0	0	0	0	0	0	0	0	0	0	0	0	0	0	0	0	0	0	0	0	0	0	0	0	0	0	0	0	0	0	0	0	0	0	0	0	0	0	0	0	0	0	0	0	0	0.642950868042955	0.626289054438631	0.596241877257881	0.706260670486471	0.817072282160594	0.740467588256459	0.787695172927999	0	0.711947192638353	0.865800313344104	0.869174225587693	0.975363500933439	0	0.757458293134933	0.586807719307894	0	0.687987364241581	0	0	0	0	0	0	0	0	0	0	0	0	0	0	0	0	0	0	0	0	0	0	0	0	0	0	0	0
0	0	0	0	0	0	0	0	0	0	0	0	0	0	0	0	0	0	0	0	0	0	0	0	0	0	0	0	0	0	0	0	0	0	0	0	0	0	0	0	0	0	0	0	0	0	0.60169200644001	0.974255830911643	0.621574291526085	0.72803896760445	0.860164554269126	0.641665271199626	0.573294903630925	0	0.870977413037836	0.973922091419062	0.882677664687718	0.994478096863691	0.627463047418149	0.801107119533898	0.911714718673444	0	0	0	0	0	0	0	0	0	0	0	0	0	0	0	0	0	0	0	0	0	0	0	0	0	0	0	0	0
0	0	0	0	0	0	0	0	0	0	0	0	0	0	0	0	0	0	0	0	0	0	0	0	0	0	0	0	0	0	0	0	0	0	0	0	0	0	0	0	0	0	0	0	0	0	0	0.802972037975533	0.818961323367008	0.942682150857981	0.719177734964796	0.685319738309359	0.654698767772017	0.595842807169799	0	0.551426436430703	0.931758929368918	0	0.549284765979167	0.835360789650265	0.873835836717387	0.616212220275724	0	0	0	0	0	0	0	0	0	0	0	0	0	0	0	0	0	0	0	0	0	0	0	0	0.97781686967533	0	0	0
0	0	0	0	0	0	0	0	0	0	0	0	0	0	0	0	0	0	0	0	0	0	0	0	0	0	0	0	0	0	0	0	0	0	0	0	0	0	0	0	0	0	0	0	0	0	0	0	0.977266440113012	0.882761114269837	0.622010446245397	0.520841162642689	0.62078220737158	0.617400472372284	0.96977146594273	0	0.704919743077468	0.685093242963896	0.806618881306726	0.997186282713955	0.589525893153898	0.919505105858241	0.65054687815705	0	0	0	0	0	0	0	0	0	0	0	0	0	0	0	0	0	0	0	0	0	0	0	0	0	0	0
0	0	0	0	0	0	0	0	0	0	0	0	0	0	0	0	0	0	0	0	0	0	0	0	0	0	0	0	0	0	0	0	0	0	0	0	0	0	0	0	0	0	0	0	0	0	0	0	0	0.712390550011358	0.836068676551985	0.762492349744214	0.965902645065667	0.937509347365141	0.964673562685269	0.528176467630664	0	0.818274910041291	0.675424914224662	0.70184664203582	0.728367594132325	0.630729443722853	0.694447601220783	0.627366583647771	0	0	0	0	0	0	0	0	0	0	0	0	0	0	0	0	0	0	0	0	0	0	0	0	0	0
0	0	0	0	0	0	0	0	0	0	0	0	0	0	0	0	0	0	0	0	0	0	0	0	0	0	0	0	0	0	0	0	0	0	0	0	0	0	0	0	0	0	0	0	0	0	0	0	0	0	0.996590381862264	0.530154565298107	0	0.768173482349824	0	0.963731814427846	0.738369538667344	0	0.654605210486626	0.80042259046521	0.586750211818075	0.781060854308923	0.669433196931129	0.899523620113814	0.708944349023081	0	0	0	0	0	0	0	0	0	0	0	0	0	0	0	0	0	0	0	0	0	0	0	0	0
0	0	0	0	0	0	0	0	0	0	0	0	0	0	0	0	0	0	0	0	0	0	0	0	0	0	0	0	0	0	0	0	0	0	0	0	0	0	0	0	0	0	0	0	0	0	0	0	0	0	0	0.770063404749787	0.711188916001324	0.515271452164692	0.836337528192639	0.621303690248498	0.86084315858564	0.701085371263336	0	0.884758955335211	0.959828552276024	0.543589787670052	0.948129486270554	0.900202555153797	0.501162512655408	0.834753528203763	0	0	0	0	0	0	0	0	0	0	0	0	0	0	0	0	0	0	0	0	0	0	0	0
0	0	0	0	0	0	0	0	0	0	0	0	0	0	0	0	0	0	0	0	0	0	0	0	0	0	0	0	0	0	0	0	0	0	0	0	0	0	0	0	0	0	0	0	0	0	0	0	0	0	0	0	0.789981144602793	0.756121776211681	0.621410282042797	0.759598874714361	0.820027375870111	0.745790596151139	0.678753941792208	0	0.560847083559744	0.986439290467954	0.924630970381919	0.838991222622443	0.800611292284481	0.75200280859244	0.598669821959719	0	0	0	0	0	0	0	0	0	0	0	0	0	0	0	0	0	0	0	0	0	0	0
0	0	0	0	0	0	0	0	0	0	0	0	0	0	0	0	0	0	0	0	0	0	0	0	0	0	0	0	0	0	0	0	0	0	0	0	0	0	0	0	0	0	0	0	0	0	0	0	0	0	0	0	0	0.683107615151338	0.543447320598639	0.816143376068959	0.571027284754655	0.640317126265781	0.671679404492189	0.789316268173005	0	0.79677917058965	0.747755744924638	0.662730027420859	0.569300601567972	0.523439685653604	0.746614145711217	0.855589267883638	0	0	0	0	0	0	0	0	0	0	0	0	0	0	0	0	0	0	0	0	0	0
0	0	0	0	0	0	0	0	0	0	0	0	0	0	0	0	0	0	0	0	0	0	0	0	0	0	0	0	0	0	0	0	0	0	0	0	0	0	0	0	0	0	0	0	0	0	0	0	0	0	0	0	0.911088509867205	0	0.531244369618105	0.701593214852465	0.680112698322181	0.631683454698762	0.981230927413497	0.741758744609725	0.939769531493327	0	0.954153467068832	0.981890670905704	0.633205094133111	0.823195753923156	0.906112239781557	0.653609842239551	0.64529819273224	0	0	0	0	0	0	0	0	0	0	0	0	0	0	0	0	0	0	0	0	0
0	0	0	0	0	0	0	0	0	0	0	0	0	0	0	0	0	0	0	0	0	0	0	0	0	0	0	0	0	0	0	0	0	0	0	0	0	0	0	0	0	0	0	0	0	0	0	0	0	0	0	0	0	0	0	0.504951160445902	0.606603602009307	0.522170399099187	0.583405943720165	0.8467549850955	0.538592256112702	0.909032423324204	0	0.541473204539413	0.58874696650766	0.849175434350685	0.893172869549983	0.972571462599874	0.703286911754724	0.547182627841906	0.801029462189358	0	0.548486581849678	0	0	0	0	0	0	0	0	0	0	0	0	0	0	0	0	0
0	0	0	0	0	0	0	0	0	0	0	0	0	0	0	0	0	0	0	0	0	0	0	0	0	0	0	0	0	0	0	0	0	0	0	0	0	0	0	0	0	0	0	0	0	0	0	0	0	0	0	0	0	0	0	0	0.969720918374209	0.668848583190909	0.57500790081117	0.744471988879173	0.906838699493362	0.970433282882158	0.965982247784844	0	0.623444187669253	0.763914260286573	0.912749659027326	0.515815082135161	0.910692706263103	0.77653930601424	0.624897215320243	0	0	0	0	0	0	0	0	0	0	0	0	0	0	0	0	0	0	0
0	0	0	0	0	0	0	0	0	0	0	0	0	0	0	0	0	0	0	0	0	0	0	0	0	0	0	0	0	0	0	0	0	0	0	0	0	0	0	0	0	0	0	0	0	0	0	0	0	0	0	0	0	0	0	0	0	0.755502281772535	0.736009507853802	0.610868385213371	0.543577828020747	0.940316701422246	0.525130711516776	0.962705756758852	0	0.938665402074334	0.601121447164608	0.904531781859371	0.597449630159447	0.681089864885234	0.859747873445652	0.724092845525164	0	0	0	0	0	0	0	0	0	0	0	0	0	0	0	0	0	0
0	0	0	0	0	0	0	0	0	0	0	0	0	0	0	0	0	0	0	0	0	0	0	0	0	0	0	0	0	0	0	0	0	0	0	0	0	0	0	0	0	0	0	0	0	0	0	0	0	0	0	0	0	0	0	0	0	0	0.692245533463426	0.628553986590708	0.745423144660174	0.794034589279587	0.584134524207892	0.999406534699388	0.916091870184675	0	0.77392672910047	0.837784626497838	0.975502788435445	0.99456457866529	0.950321817986351	0.784151437620868	0.972607442329209	0	0	0	0	0	0	0	0	0	0	0	0	0	0	0	0	0
0	0	0	0	0	0	0	0	0	0	0	0	0	0	0	0	0	0	0	0	0	0	0	0	0	0	0	0	0	0	0	0	0	0	0	0	0	0	0	0	0	0	0	0	0	0	0	0	0	0	0	0	0	0	0	0	0	0	0	0.92643526590331	0.686749155932944	0.563926422658878	0.661608231946165	0.773203081994553	0.786971364844874	0.822216078355656	0	0.641551515497096	0.730136374094429	0.594155989562814	0.509115717025669	0.609757054986125	0.750608148298713	0.528965490057892	0	0	0	0	0	0	0	0	0	0	0	0	0	0	0	0
0	0	0	0	0	0	0	0	0	0	0	0	0	0	0	0	0	0	0	0	0	0	0	0	0	0	0	0	0	0	0	0	0	0	0	0	0	0	0	0	0	0	0	0	0	0	0	0	0	0	0	0	0	0	0	0	0	0	0	0	0.895757191415272	0.563043632489598	0.742605783352007	0.762161239416068	0.590089357288263	0.993308351794886	0.954206513923793	0	0.81449896026813	0.691267350012959	0.947200316061125	0.653666415929924	0.828237051538603	0.822624959359803	0.51462470518849	0	0	0	0	0	0	0	0	0	0	0	0	0	0	0
0	0	0	0	0	0	0	0	0	0	0	0	0	0	0	0	0	0	0	0	0	0	0	0	0	0	0	0	0	0	0	0	0	0	0	0	0	0	0	0	0	0	0	0	0	0	0	0	0	0	0	0	0	0	0	0	0	0	0	0	0	0.84357087983609	0.554407436680376	0.562802977618231	0.932007295949759	0.527141048351689	0.696147413367235	0.987381838986523	0	0.624307134550608	0.68188203301047	0.518586542279506	0.939940942975123	0.826325331507539	0.978914860074533	0.969984292512287	0	0	0	0	0	0	0	0	0	0	0	0	0	0
0	0	0	0	0	0	0	0	0	0	0	0	0	0	0	0	0	0	0	0	0	0	0	0	0	0	0	0	0	0	0	0	0	0	0	0	0	0	0	0	0	0	0	0	0	0	0	0	0	0	0	0	0	0	0	0	0	0	0	0	0	0	0.62655856698438	0.715499028872694	0.747274137711407	0.592351764431839	0.796347127768246	0.583296309667456	0.601414746543527	0	0.552829559622079	0.648340580324078	0.605129872512704	0.656576928023647	0.685177635535385	0.830739324935753	0.663501679664797	0	0	0	0	0	0	0	0	0	0	0	0	0
0	0	0	0	0	0	0	0	0	0	0	0	0	0	0	0	0	0	0	0	0	0	0	0	0	0	0	0	0	0	0	0	0	0	0	0	0	0	0	0	0	0	0	0	0	0	0	0	0	0	0	0	0	0	0	0	0	0	0	0	0	0	0.538935368064436	0.902296762087095	0.512697794806392	0.825070115601745	0.633738359828478	0.623461209916012	0.852126877813693	0.62998077680566	0	0.941741863084307	0.782491964307537	0	0.74001495433324	0.600887048434234	0.95155411954412	0.661530409694598	0	0	0	0	0	0	0	0	0	0	0	0
0	0	0	0	0	0	0	0	0	0	0	0	0	0	0	0	0	0	0	0	0	0	0	0	0	0	0	0	0	0	0	0	0	0	0	0	0	0	0	0	0	0	0	0	0	0	0	0	0	0	0	0	0	0	0	0	0	0	0	0	0	0	0	0	0.809303959052689	0.675127021708836	0.805982115620328	0.532923605052287	0.84729462054372	0.869309999111651	0.890046301118961	0	0.889083868770995	0.931088471734553	0.787966665063766	0.660944145935719	0.744297160177802	0.576345222188818	0.63415466072485	0	0	0	0	0	0	0	0	0	0	0
0	0	0	0	0	0	0	0	0	0	0	0	0	0	0	0	0	0	0	0	0	0	0	0	0	0	0	0	0	0	0	0	0	0	0	0	0	0	0	0	0	0	0	0	0	0	0	0	0	0	0	0	0	0	0	0	0	0	0	0	0	0	0.822434096063196	0	0	0.778372903282876	0.596265143232411	0.967686226731081	0.728470673746543	0.933756266374389	0.910819053771322	0.654256238457272	0	0.841539528301259	0.897127839166312	0.747677600051104	0.877943033861497	0.890154805671181	0	0.689597409931095	0	0	0	0	0	0	0	0	0	0
0	0	0	0	0	0	0	0	0	0	0	0	0	0	0	0	0	0	0	0	0	0	0	0	0	0	0	0	0	0	0	0	0	0	0	0	0	0	0	0	0	0	0	0	0	0	0.79471180058254	0	0	0	0	0	0	0	0	0	0	0	0	0	0	0	0	0	0	0	0.534167207360547	0.678187204636058	0.96930792376062	0.921299718234992	0	0.860245894252203	0.563769751047466	0	0.567463018734706	0.945975612599967	0.922848623336925	0.869861776021024	0.919480832742937	0	0.687927237693981	0	0	0	0	0	0	0	0	0
0	0	0	0	0	0	0	0	0	0	0	0	0	0	0	0	0	0	0	0	0	0	0	0	0	0	0	0	0	0	0	0	0	0	0	0	0	0	0	0	0	0	0	0	0	0	0	0	0	0	0	0	0	0	0	0	0	0	0	0	0	0	0	0	0	0	0	0.900324717586206	0.540264510212878	0.813173747868758	0.617182028044448	0.790265903607713	0.500237921667251	0.585250175575552	0	0.776661728275438	0.683661558718939	0.813610879008003	0.953023463241131	0.519662854625879	0.997198061576949	0.775879815902017	0	0	0	0	0	0	0	0
0	0	0	0	0	0	0	0	0	0	0	0	0	0	0	0	0	0	0	0	0	0	0	0	0	0	0	0	0	0	0	0	0	0	0	0	0	0	0	0	0	0	0	0	0	0	0	0	0	0	0	0	0	0	0	0	0	0	0	0	0	0	0	0	0	0	0	0	0.588522585591212	0.601180580147625	0.826619468043071	0.926121675566429	0.824163258838183	0.898806761716325	0.556000311065719	0	0.575172835785708	0.544290297110225	0.824135615240778	0.962884305149377	0.631232173637949	0.74513796167147	0.695127301057323	0	0	0	0	0	0	0
0	0	0	0	0	0	0	0	0	0	0	0	0	0	0	0	0	0	0	0	0	0	0	0	0	0	0	0	0	0	0	0	0	0	0	0	0	0	0	0	0	0	0	0	0	0	0	0	0	0	0	0	0	0	0	0	0	0	0	0	0	0	0	0	0	0	0	0	0	0.734284896547435	0.685648195046545	0.796287298571041	0.681459053003972	0.747818651202563	0.605228572955451	0.669478940199737	0	0.534601866683255	0.604207204992043	0.924246619724463	0.833065267366289	0.853797960047251	0.692501302148772	0.736062857250725	0	0	0	0	0	0
0	0	0	0	0	0	0	0	0	0	0	0	0	0	0	0	0	0	0	0	0	0	0	0	0	0	0	0	0	0	0	0	0	0	0	0	0	0	0	0	0	0	0	0	0	0	0	0	0	0	0	0	0	0	0	0	0	0	0	0	0	0	0	0	0	0	0	0	0	0	0.87846460614643	0.653266923373035	0.558658016484001	0.918704886471579	0.987679255097383	0.938673724045915	0.54159164413703	0	0.783088457870514	0.601851210335113	0.65029069878436	0.736865009740636	0.697751596544123	0.619181454450361	0.837854557871852	0	0	0	0	0
0	0	0	0	0	0	0	0	0	0	0	0	0	0	0	0	0	0	0	0	0	0	0	0	0	0	0	0	0	0	0	0	0	0	0	0	0	0	0	0	0	0	0	0	0	0	0	0	0	0	0	0	0	0	0	0	0	0	0	0	0	0	0	0	0	0	0	0	0	0	0	0.580841926860481	0	0.909331429528747	0.760830373613339	0.857272028980826	0.539928692943401	0.544917966429058	0	0.708759679744415	0.803607002336255	0.926188813576919	0.581308986206416	0.712955778573273	0.808248095629076	0.649908696583527	0	0	0	0
0	0	0	0	0	0	0	0	0	0	0	0	0	0	0	0	0	0	0	0	0	0	0	0	0	0	0	0	0	0	0	0	0	0	0	0	0	0	0	0	0	0	0	0	0	0	0	0	0	0	0	0	0	0	0	0	0	0	0	0	0	0	0	0	0	0	0	0	0	0	0	0	0.796136462576838	0	0.571415139859981	0.967623019627554	0.817008544796019	0.500707532031336	0.655468709490282	0	0.742665467927038	0.56439546675028	0.933339051926706	0.548734259000007	0.942942986873156	0.789270953980953	0.606052075033359	0	0	0
0	0	0	0	0	0	0	0	0	0	0	0	0	0	0	0	0	0	0	0	0	0	0	0	0	0	0	0	0	0	0	0	0	0	0	0	0	0	0	0	0	0	0	0	0	0	0	0	0	0	0	0	0	0	0	0	0	0	0	0	0	0	0	0	0	0	0	0	0	0	0	0	0	0.863052173833614	0.595989085204253	0.841231142602735	0.876529028260687	0.689550835698879	0.728998500585853	0.534370743188061	0	0.968262086508088	0.659914274504424	0.910544883294796	0.91486059481273	0.940258886432498	0.779780343715898	0.660407029791742	0	0
0	0	0	0	0	0	0	0	0	0	0	0	0	0	0	0	0	0	0	0	0	0	0	0	0	0	0	0	0	0	0	0	0	0	0	0	0	0	0	0	0	0	0	0	0	0	0	0	0	0	0	0	0	0	0	0	0	0	0	0	0	0	0	0	0	0	0	0	0	0	0	0	0	0	0.742132571705923	0.873934003178387	0.832897624552778	0.992237404362004	0.804183447959415	0.57247094134029	0.87385192049302	0	0.705847194556792	0.759270410020916	0.999142104595439	0.697406110980047	0.862011615146548	0.554619706614506	0.77890941343052	0
0	0	0	0	0	0	0	0	0	0	0	0	0	0	0	0	0	0	0	0	0	0	0	0	0	0	0	0	0	0	0	0	0	0	0	0	0	0	0	0	0	0	0	0	0	0	0	0	0	0	0	0	0	0	0	0	0	0	0	0	0	0	0	0	0	0	0	0	0	0	0	0	0	0	0	0.958307850131137	0.776321317901012	0.938522286498008	0.673904745380075	0.600253785030332	0.642993568088994	0.852384369453772	0	0.713844448903188	0.536265470449452	0.770041597969723	0.892919333266666	0.691110461136648	0.899773237242455	0.608464248729272
0	0	0	0	0	0	0	0	0	0	0	0	0	0	0	0	0	0	0	0	0	0	0	0	0	0	0	0	0	0	0	0	0	0	0	0	0	0	0	0	0	0	0	0	0	0.610098892008126	0	0	0	0	0	0	0	0	0	0	0	0	0	0	0	0	0	0	0	0	0	0	0	0	0	0	0	0	0	0	0.565383613991215	0.635498402490317	0.612889721500524	0.657622303207006	0.638906138876234	0.860116833142149	0.50101196138754	0	0.592340756016556	0.520706708078512	0.856573868373551	0.838585713079532	0.709143962591184	0.929784510490976
0	0	0	0	0	0	0	0	0	0	0	0	0	0	0	0	0	0	0	0	0	0	0	0	0	0	0	0	0	0	0	0	0	0	0	0	0	0	0	0	0	0	0	0	0	0.928173833334744	0.874382447566543	0	0	0	0	0	0	0	0	0	0	0	0	0	0	0	0	0	0	0	0	0	0	0	0	0	0	0	0	0	0	0.721879325466854	0.85421151045686	0.50127592646053	0.910534339044248	0.699658189093889	0.619125539331189	0.8161229211422	0	0.914701806108237	0.526436466991216	0.503742737826928	0.558479952366238	0.833470455714044
0	0	0	0	0	0	0	0	0	0	0	0	0	0	0	0	0	0	0	0	0	0	0	0	0	0	0	0	0	0	0	0	0	0	0	0	0	0	0	0	0	0	0	0	0	0.881862883387118	0.968935732795046	0.743893239679879	0	0	0	0	0	0	0	0	0	0	0	0	0	0	0	0	0	0	0	0	0	0	0	0	0	0	0	0	0	0	0.736674776828013	0.976945756843029	0.92388642286679	0.543377828099109	0.710346439100451	0.825081676028208	0.723924585612183	0	0.575485665128427	0.513809126081543	0.567704911765471	0.753643249327748
0	0	0	0	0	0	0	0	0	0	0	0	0	0	0	0	0	0	0	0	0	0	0	0	0	0	0	0	0	0	0	0	0	0	0	0	0	0	0	0	0	0	0	0	0	0.847493651135909	0.551591821097697	0.676258025175405	0.798698292103479	0	0	0	0	0	0.838112405131839	0	0	0	0	0	0	0	0	0	0	0	0	0	0	0	0	0	0	0	0	0	0	0	0	0.70128064799711	0.984686348296579	0.517792063307584	0.602102817164025	0.733549977923907	0.692721926426333	0.900144259749499	0	0.713161248546769	0.631989209235346	0.574977891841858
0	0	0	0	0	0	0	0	0	0	0	0	0	0	0	0	0	0	0	0	0	0	0	0	0	0	0	0	0	0	0	0	0	0	0	0	0	0	0	0	0	0	0	0	0	0.800957570926597	0.693878792069348	0.732665877613396	0.891910025201131	0.944364025839683	0	0	0	0	0	0	0	0	0	0	0	0	0	0	0	0	0	0	0	0	0	0	0	0	0	0	0	0	0	0	0.901474277539642	0.903205575840135	0.903584179605312	0.917849853552039	0.963270742421159	0.955246509468282	0.678441122100012	0	0.635727115824828	0.549603672261126
0	0	0	0	0	0	0	0	0	0	0	0	0	0	0	0	0	0	0	0	0	0	0	0	0	0	0	0	0	0	0	0	0	0	0	0	0	0	0	0	0	0	0	0	0	0.595176695608227	0.926310260915946	0.642382829286219	0.601868395251813	0.837508308822133	0.633582828895785	0	0	0	0	0	0	0	0	0	0	0	0	0	0	0	0	0	0	0	0	0	0	0	0	0	0	0	0	0	0	0.607392759319013	0.806405849981977	0.967418678411171	0.83500087349633	0.519675226798731	0.820513923317596	0.900434245875824	0	0.600880860782917
0	0	0	0	0	0	0	0	0	0	0	0	0	0	0	0	0	0	0	0	0	0	0	0	0	0	0	0	0	0	0	0	0	0	0	0	0	0	0	0	0	0	0	0	0	0.69882868202249	0.78038683476034	0.984151851041976	0.645388131952456	0.821553817257204	0.8881186663746	0.95496745731716	0	0	0	0	0	0	0	0	0	0	0	0	0	0	0	0	0	0	0	0	0	0	0	0	0	0	0	0	0	0	0.861354364994774	0.753219788420063	0.79416986875663	0.722441524007349	0.566434658503027	0.619033346564651	0.535019726248231	0
