0	0.527394336257971	0	0	0.778282285338519	0.953487898612878	0.75544846305388	0	0	0	0.565466197767264	0	0	0.815812124239136	0.943502631116384	0	0.788572605399349	0	0	0	0.672649614248089	0	0	0	0	0	0.578231239551612	0	0.795169992914727	0	0.970426790267483	0.91645687794046	0	0	0	0.806218286170572	0.972573837735295	0	0	0.941109723936173	0	0	0.993319791917248	0	0.744605920122846	0	0	0	0	0	0	0	0	0	0	0	0	0	0	0	0	0	0	0	0	0	0	0	0	0	0	0	0	0	0	0	0	0	0	0	0	0	0	0	0	0	0	0	0	0
0.606966524929454	0	0	0	0	0.50220731304064	0.989365991037426	0	0	0	0	0	0.641991620788572	0	0	0	0.592139039915207	0.515717194323873	0.622428867043469	0.661009928039745	0	0.990274882188778	0	0	0	0	0	0.891245756834192	0	0	0.64691708777301	0	0	0.924781941293178	0	0	0.58414360725456	0	0	0.958693219383836	0	0.855723799974511	0	0	0	0	0	0	0	0	0	0	0	0	0	0	0	0	0	0	0	0	0	0	0	0	0	0	0	0	0	0	0	0	0	0	0	0	0	0	0	0	0	0	0	0	0	0	0	0
0	0	0	0	0.941800694832098	0	0.746511827417296	0	0.717380536645893	0	0.887151887247197	0.977029993970296	0.765189752175428	0	0	0	0	0	0	0.777994328340619	0	0	0	0	0	0.595313775694822	0	0.688389291199699	0.745215899073113	0	0	0	0	0	0	0	0	0.958180359556585	0.828008558673849	0	0.603495974734895	0	0	0	0.590410838249282	0	0	0	0	0	0	0	0	0	0	0	0	0	0	0	0	0	0	0	0	0	0	0	0	0	0	0	0	0	0	0	0	0	0	0	0	0	0	0	0	0	0	0	0	0
0	0	0	0	0.519882496191829	0	0	0	0	0	0	0	0	0	0	0	0	0.905157951931212	0	0	0	0	0	0	0	0.78866513651775	0.592997493058089	0.880788252871434	0	0	0	0.791123571896137	0	0	0	0	0.548473450363872	0	0	0	0.580862562036599	0	0	0	0	0	0	0	0	0	0	0	0	0	0	0	0	0	0	0	0	0	0	0	0	0	0	0	0	0	0	0	0	0	0	0	0	0	0	0	0	0	0	0	0	0	0	0	0	0
0.781805864109274	0	0.715539466685185	0.895986711469257	0	0.612398143839726	0	0	0.74134491474681	0	0.893283932735254	0	0	0	0	0	0	0	0	0	0	0.986118884001385	0	0	0	0.82801187911946	0	0.99671453649979	0	0	0.835361178328301	0	0	0.840920547794458	0.696122042759087	0	0	0	0	0	0.568962392210681	0	0	0	0	0	0	0	0	0	0	0	0	0	0	0	0	0	0	0	0	0	0	0	0	0	0	0	0	0	0	0	0	0	0	0	0	0	0	0	0	0	0	0	0	0	0	0	0	0
0.76006062846941	0.567081912549564	0	0	0.794298702792541	0	0	0	0	0	0	0	0	0.982247091103402	0	0	0.93214724268912	0	0	0.820377268339831	0.805378506465372	0	0	0	0	0	0.835619668386729	0	0	0	0	0	0.893319231667859	0.829451675610904	0.836344651195412	0	0	0.971532729273272	0	0	0	0	0	0	0	0	0	0	0	0	0	0	0	0	0	0	0	0	0	0	0	0	0	0	0	0	0	0	0	0	0	0	0	0	0	0	0	0	0	0	0	0	0	0	0	0	0	0	0	0
0.742155689387693	0.948627680956621	0.787695373728216	0	0	0	0	0	0.986987068752317	0.975446269332782	0	0.633992878104204	0.577776191329253	0	0	0	0	0.98576545216904	0.582725891294536	0.50531061840975	0.553340147199313	0	0.612601093199528	0	0.584679607760032	0	0	0	0	0.588711282082056	0	0	0	0.505857951608916	0.864877623922587	0	0	0	0	0.759664608166845	0	0	0	0.999761645803506	0	0	0	0	0	0	0	0	0	0	0	0	0	0	0	0	0	0	0	0	0	0	0	0	0	0	0	0	0	0	0	0	0	0	0	0	0	0	0	0	0	0	0	0	0	0
0	0	0	0	0	0	0	0	0	0	0	0.516836612199375	0	0.932308418579021	0	0	0.537125529950963	0	0	0	0	0.778291888167109	0.748022354645172	0.668340233644791	0	0	0	0	0	0	0	0.944233338227899	0	0.783355618523387	0	0.814455958686935	0	0	0.838613310703421	0.96635006143822	0	0.542648939355721	0	0	0	0	0	0	0	0	0	0	0	0	0	0	0	0	0	0	0	0	0	0	0	0	0	0	0	0	0	0	0	0	0	0	0	0	0	0	0	0	0	0	0	0	0	0	0	0
0	0	0.700671079832635	0	0.55039945361765	0	0.660320903798812	0	0	0	0	0	0	0.926595612131924	0	0.635611938198713	0	0	0	0	0.544609133794246	0	0	0	0	0	0	0	0.528678774037468	0	0	0	0	0.571531794153435	0.955343838727639	0	0	0	0	0.605595980310228	0.955345873524035	0	0	0	0.608548322038014	0	0	0	0	0	0	0	0	0	0	0	0	0	0	0	0	0	0	0	0	0	0	0	0	0	0	0	0	0	0	0	0	0	0	0	0	0	0	0	0	0	0	0	0	0
0	0	0	0	0	0	0.870214688795381	0	0	0	0	0.953478379009181	0	0	0	0	0.559833267865788	0	0.609230120257789	0	0	0	0.816860558113456	0.766887116037744	0	0.666089684867714	0	0	0	0	0	0	0	0	0	0	0	0.906393077476844	0	0	0	0	0.505575162295736	0	0	0	0	0	0	0	0	0	0	0	0	0	0	0	0	0	0	0	0	0	0	0	0	0	0	0	0	0	0	0	0	0	0	0	0	0	0	0	0	0	0	0	0	0	0	0
0.670287716410165	0	0.80902451339618	0	0.671745185425741	0	0	0	0	0	0	0	0	0	0.9443055157452	0	0	0.863293852405193	0	0	0	0	0	0	0.55123099974934	0	0	0	0	0	0	0.586532333612038	0.962046606908854	0	0.764357373343405	0	0.831275784502735	0	0	0	0	0.698027501973659	0.775905404576954	0	0	0	0	0	0	0	0	0	0	0	0	0	0	0	0	0	0	0	0	0	0	0	0	0	0	0	0	0	0	0	0	0	0	0	0	0	0	0	0	0	0	0	0	0	0	0
0	0	0.810403120539936	0	0	0	0.633766549611286	0.933399623264879	0	0.556121856172044	0	0	0	0	0	0.848298931984411	0	0.594636605748327	0.517858898489087	0	0	0	0.93628905610647	0.870678836584621	0.507330238745258	0	0	0	0.974547762745779	0	0	0	0	0	0	0	0.934032103096893	0	0.987346508127771	0	0.601395320712674	0.616249392977373	0	0.631021538436367	0	0	0	0	0	0	0	0	0	0	0	0	0	0	0	0	0	0	0	0	0	0	0	0	0	0	0	0	0	0	0	0	0	0	0	0	0	0	0	0	0	0	0	0	0	0
0	0.957513940115801	0.877318061755903	0	0	0	0.622976748306645	0	0	0	0	0	0	0.97157677715237	0.840538781013103	0	0.505065344555467	0	0.559408303360881	0	0	0	0	0	0.512647142917807	0.893017300665274	0	0	0.82500278301843	0	0.917705985485558	0	0	0	0.916717398982839	0	0	0.818961768879195	0	0	0	0	0	0.507834389443139	0	0	0	0	0	0	0	0	0	0	0	0	0	0	0	0	0	0	0	0	0	0	0	0	0	0	0	0	0	0	0	0	0	0	0	0	0	0	0	0	0	0	0	0	0	0
0.614623747892872	0	0	0	0	0.855089106070405	0	0.571725618786489	0.895814455585169	0	0	0	0.610784915554309	0	0	0	0	0	0	0	0	0	0	0	0	0.88017831054186	0	0	0.794938994673083	0	0	0	0.824260456688228	0.948723304674956	0	0	0	0	0.538366307569207	0	0.796619733132109	0.683873544630771	0.596361227042033	0	0	0	0	0	0	0	0	0	0	0	0	0	0	0	0	0	0	0	0	0	0	0	0	0	0	0	0	0	0	0	0	0	0	0	0	0	0	0	0	0	0	0	0	0	0	0
0.859720216197015	0	0	0	0	0	0	0	0	0	0.938903412031423	0	0.718224657746759	0	0	0.778309454240404	0	0.598148865473376	0	0	0	0.977388642823551	0	0	0	0.719956608075548	0.64824613641538	0	0.669966347739265	0	0.942560558972515	0	0	0	0.641077223688532	0	0.690848185762102	0.707743376747338	0	0	0	0.9324739533217	0.667759539495164	0	0	0	0	0	0	0	0	0	0	0	0	0	0	0	0	0	0	0	0	0	0	0	0	0	0	0	0	0	0	0	0	0	0	0	0	0	0	0	0	0	0	0	0	0	0	0
0	0	0	0	0	0	0	0	0.576002690242521	0	0	0.519592761371512	0	0	0.673603768975742	0	0	0	0.907002232083793	0	0	0.755931049273478	0	0.992083008628817	0	0	0	0	0	0	0	0	0	0	0	0	0.595512286599553	0	0	0	0.766037781948622	0	0	0.740214095286698	0	0	0	0	0	0	0	0	0	0	0	0	0	0	0	0	0	0	0	0	0	0	0	0	0	0	0	0	0	0	0	0	0	0	0	0	0	0	0	0	0	0	0	0	0	0
0.82026585529863	0.8717584226427	0	0	0	0.719712681788686	0	0.885163618759277	0	0.726209551749395	0	0	0.995259659406419	0	0	0	0	0	0	0	0.861412149134205	0	0.675530938343066	0.958769161576401	0	0.669474418400963	0	0.81372347266739	0	0	0.974767958607385	0	0	0	0	0	0	0	0	0	0.996238396370536	0	0	0	0	0	0	0	0	0	0	0	0	0	0	0	0	0	0	0	0	0	0	0	0	0	0	0	0	0	0	0	0	0	0	0	0	0	0	0	0	0	0	0	0	0	0	0	0	0
0	0.701657729120129	0	0.652482226338797	0	0	0.831965710662594	0	0	0	0.633644487379703	0.792608790034407	0	0	0.924944302051468	0	0	0	0	0.537354195614801	0	0.682009217703385	0	0	0.502594737305839	0	0	0.837447987109689	0	0	0.632644005430242	0	0	0	0.503304798056933	0	0	0.788165216733186	0	0	0.912393841014525	0	0	0	0	0	0	0	0	0	0	0	0	0	0	0	0	0	0	0	0	0	0	0	0	0	0	0	0	0	0	0	0	0	0	0	0	0	0	0	0	0	0	0	0	0	0	0	0	0
0	0.89591238131573	0	0	0	0	0.529455431536509	0	0	0.660330731039564	0	0.75104495968961	0.548294455110906	0	0	0.721964989034045	0	0	0	0.818084367872631	0	0	0	0	0.513245787780159	0	0	0	0	0	0	0	0.950524315491855	0	0	0.575156993149627	0	0	0	0.881151068971817	0	0.655873556951934	0	0	0	0	0	0	0	0	0	0	0	0	0	0	0	0	0	0	0	0	0	0	0	0	0	0	0	0	0	0	0	0	0	0	0	0	0	0	0	0	0	0	0	0	0	0	0	0
0	0.973118782748239	0.688038943728992	0	0	0.751843144797562	0.918207829269519	0	0	0	0	0	0	0	0	0	0	0.723176076590724	0.855194817547185	0	0.96537774447362	0.524703362411329	0	0	0	0	0.547053170089911	0.789088559692078	0	0.525325158354699	0	0.544932544364107	0.762472555277925	0	0	0	0.985480575042852	0	0	0	0	0.707042108576511	0	0	0	0	0	0	0	0	0	0	0	0	0	0	0	0	0	0	0	0	0	0	0	0	0	0	0	0	0	0	0	0	0	0	0	0	0	0	0	0	0	0	0	0	0	0	0	0
0.839605191997602	0	0	0	0	0.753958579385554	0.515241772531935	0	0.760365760299841	0	0	0	0	0	0	0	0.725972346330475	0	0	0.623390304956742	0	0.751990854433122	0	0	0	0	0	0	0.590430196763561	0	0.548569782033441	0	0	0	0.883888883870039	0.565145864172026	0.908478025301156	0.656566111317323	0	0.776627352800774	0	0	0	0	0	0	0	0	0	0	0	0	0	0	0	0	0	0	0	0	0	0	0	0	0	0	0	0	0	0	0	0	0	0	0	0	0	0	0	0	0	0	0	0	0	0	0	0	0	0
0	0.842295151359192	0	0	0.911928992680226	0	0	0.660898560209554	0	0	0	0	0	0	0.915804582979655	0.578712885354221	0	0.542957014329276	0	0.597392210786343	0.915748620010022	0	0	0	0	0.569130784278352	0.574942816357336	0.650578467536739	0	0	0	0	0	0	0	0	0	0.572993717749675	0	0.77653083098517	0	0	0	0.957440847755069	0	0	0	0	0	0	0	0	0	0	0	0	0	0	0	0	0	0	0	0	0	0	0	0	0	0	0	0	0	0	0	0	0	0	0	0	0	0	0	0	0	0	0	0	0	0
0	0	0	0	0	0	0.643124858666504	0.907777346061461	0	0.982350703042508	0	0.923186987562892	0	0	0	0	0.993100888199929	0	0	0	0	0	0	0	0	0	0	0.527153610221107	0	0	0.545250327622982	0.871635597437511	0	0	0	0	0.522462123107003	0	0.909628079958305	0	0	0.635537634813736	0	0	0	0	0	0	0	0	0	0	0	0	0	0	0	0	0	0	0	0	0	0	0	0	0	0	0	0	0	0	0	0	0	0	0	0	0	0	0	0	0	0	0	0	0	0	0	0
0	0	0	0	0	0	0	0.550204255249697	0	0.677923346491406	0	0.707151404113478	0	0	0	0.591677823059663	0.922597057519707	0	0	0	0	0	0	0	0	0	0.620859749978357	0	0.813253139689315	0.656521452750649	0	0	0.754215782169625	0.572861810432759	0.949548596409642	0	0	0	0	0	0	0.672316692329628	0	0.872838221100875	0	0	0	0	0	0	0	0	0	0	0	0	0	0	0	0	0	0	0	0	0	0	0	0	0	0	0	0	0	0	0	0	0	0	0	0	0	0	0	0	0	0	0	0	0	0
0	0	0	0	0	0	0.751316852738663	0	0	0	0.984102759456595	0.51636335676665	0.651925408168484	0	0	0	0	0.673405491932462	0.991165848541405	0	0	0	0	0	0	0.60529002657134	0.853340849612765	0.579384021904018	0	0.625811018302798	0	0	0	0.666805513449888	0.787662387137913	0	0	0	0	0.873965509825401	0	0	0	0.883764718002098	0	0	0	0	0	0	0	0	0	0	0	0	0	0	0	0	0	0	0	0	0	0	0	0	0	0	0	0	0	0	0	0	0	0	0	0	0	0	0	0	0	0	0	0	0	0
0	0	0.648329781342953	0.598749562426423	0.506232946425406	0	0	0	0	0.764302785006252	0	0	0.931359511242817	0.881853266574782	0.74814226084825	0	0.59110452156513	0	0	0	0	0.808732908970772	0	0	0.511107939449939	0	0.992396961463159	0	0	0.975096392834661	0	0.769750814691989	0	0	0	0	0	0	0	0	0.921570915127501	0	0	0	0.660107540300336	0	0	0	0	0	0	0	0	0	0	0	0	0	0	0	0	0	0	0	0	0	0	0	0	0	0	0	0	0	0	0	0	0	0	0	0	0	0	0	0	0	0	0	0	0
0.801116067762352	0	0	0.582966443084809	0	0.656973630802338	0	0	0	0	0	0	0	0	0.525120624355173	0	0	0	0	0.55161188512021	0	0.876559539549786	0	0.808176401675027	0.520001709068073	0.868694305713435	0	0	0	0	0.64327714944285	0.659887366350396	0	0	0	0	0.783258990695974	0	0	0	0.816405834619097	0	0.935800625667649	0.761352272046806	0	0	0	0	0	0	0	0	0	0	0	0	0	0	0	0	0	0	0	0	0	0	0	0	0	0	0	0	0	0	0	0	0	0	0	0	0	0	0	0	0	0	0	0	0	0
0	0.688736565405257	0.845649992444613	0.802893139616475	0.837207771063544	0	0	0	0	0	0	0	0	0	0	0	0.95815015352544	0.687889156866527	0	0.689459357699292	0	0.629300925594796	0.803854076407153	0	0.541879522666835	0	0	0	0	0	0	0	0	0	0	0	0	0	0	0.852506367414272	0	0.853281944578818	0.829024421696102	0	0	0	0	0	0	0	0	0	0	0	0	0	0	0	0	0	0	0	0	0	0	0	0	0	0	0	0	0	0	0	0	0	0	0	0	0	0	0	0	0	0	0	0	0	0	0
0.933471015397339	0	0.711038407220902	0	0	0	0	0	0.539681082572308	0	0	0.725013033360358	0.668065281876237	0.738777769475804	0.711461804359829	0	0	0	0	0	0.967905000333712	0	0	0.827816418576837	0	0	0	0	0	0.88237107470088	0.967602199467636	0.976144332796599	0	0.597047156697858	0	0	0.966013736788558	0.884880521541177	0.601047527831388	0	0	0	0.625779122438152	0	0	0	0	0	0	0	0	0	0	0	0	0	0	0	0	0	0	0	0	0	0	0	0	0	0	0	0	0	0	0	0	0	0	0	0	0	0	0	0	0	0	0	0	0	0	0
0	0	0	0	0	0	0.95577146314052	0	0	0	0	0	0	0	0	0	0	0	0	0.604793399344633	0	0	0	0.931173944056536	0.741939897169743	0.604113186495779	0	0	0.611952361806329	0	0	0.984862943358518	0	0.798430153208731	0.682396420580707	0.72546550470879	0	0	0	0	0	0	0	0	0	0	0	0	0	0	0	0	0	0	0	0	0	0	0	0	0	0	0	0	0	0	0	0	0	0	0	0	0	0	0	0	0	0	0	0	0	0	0	0	0	0	0	0	0	0
0.597215942836441	0.762481935061846	0	0	0.688691446315755	0	0	0	0	0	0	0	0.936924376978113	0	0.556538875876597	0	0.652546215676	0.916602767639203	0	0	0.869492334247802	0	0.846692542697086	0	0	0	0.956211021788206	0	0.825145479837515	0	0	0.585860810829008	0	0.792813811476125	0	0	0	0.696691413002303	0.754214130165083	0	0	0.719467833029764	0	0	0	0	0	0	0	0	0	0	0	0	0	0	0	0	0	0	0	0	0	0	0	0	0	0	0	0	0	0	0	0	0	0	0	0	0	0	0	0	0	0	0	0	0	0	0	0
0.549542051973587	0	0	0.851693135358976	0	0	0	0.827095981265444	0	0	0.508391904893922	0	0	0	0	0	0	0	0	0.58289299343618	0	0	0.823665619794161	0	0	0.634378128524955	0.978383845705602	0	0.91800663650913	0.711855682880879	0.795732972851669	0	0.890931070831752	0	0.624168090682784	0.774659019222546	0.55864148081275	0	0.580199483955843	0	0	0	0	0.667859305912678	0	0	0	0	0	0	0	0	0	0	0	0	0	0	0	0	0	0	0	0	0	0	0	0	0	0	0	0	0	0	0	0	0	0	0	0	0	0	0	0	0	0	0	0	0	0
0	0	0	0	0	0.957509758014791	0	0	0	0	0.713021529419929	0	0	0.531646159059143	0	0	0	0	0.876371775842889	0.762848916002118	0	0	0	0.552254854198497	0	0	0	0	0	0	0	0.802960117977856	0	0	0.917075708766901	0	0	0.982636251214843	0.82852281257398	0	0.74437451729753	0	0.662371241086879	0.633186148956877	0	0	0	0	0	0	0	0	0	0	0	0	0	0	0	0	0	0	0	0	0	0	0	0	0	0	0	0	0	0	0	0	0	0	0	0	0	0	0	0	0	0	0	0	0	0
0	0.588326122791371	0	0	0.731452357872548	0.928411675032647	0.627307064991516	0.892862812060896	0.815291320606682	0	0	0	0	0.94144256358159	0	0	0	0	0	0	0	0	0	0.569579775315413	0.615246529268926	0	0	0	0.784545722263637	0.619192698448818	0.857661519353043	0	0	0	0	0.964698930790164	0	0.808430158351476	0.580865080261649	0	0.573122018675629	0	0	0	0.574993827319247	0	0	0	0	0	0	0	0	0	0	0	0	0	0	0	0	0	0	0	0	0	0	0	0	0	0	0	0	0	0	0	0	0	0	0	0	0	0	0	0	0	0	0	0	0
0	0	0	0	0.754763932823522	0.832111059633493	0.789047433829464	0	0.601334828458905	0	0.702216827933674	0	0.936596294786417	0	0.943738663511054	0	0	0.669918056844888	0	0	0.561887224640668	0	0	0.829106051812956	0.920521473702091	0	0	0	0	0.841235499185454	0	0.679846687053796	0.855068845375364	0	0	0	0	0.877106075168373	0	0.577563855338476	0	0.80454659744296	0.519424875494042	0	0	0	0	0	0	0	0	0	0	0	0	0	0	0	0	0	0	0	0	0	0	0	0	0	0	0	0	0	0	0	0	0	0	0	0	0	0	0	0	0	0	0	0	0	0	0
0.814662374247508	0	0	0	0	0	0	0.50049578836114	0	0	0	0	0	0	0	0	0	0	0.751296017638463	0	0.540517527279887	0	0	0	0	0	0	0	0	0.942852072207818	0	0.847276933034527	0	0.527211945584111	0	0	0.668862185191581	0.517398141316548	0	0	0.917070885117029	0	0	0.518728376700446	0.87847093891257	0	0	0	0	0	0	0	0	0	0	0	0	0	0	0	0	0	0	0	0	0	0	0	0	0	0	0	0	0	0	0	0	0	0	0	0	0	0	0	0	0	0	0	0	0
0.91175320653686	0.725849069497627	0	0.697128625043338	0	0	0	0	0	0	0.837969814731775	0.972425364999879	0	0	0.964378133619937	0.593254526947974	0	0	0	0.684269739119467	0.708643102666655	0	0.715156418680004	0	0	0	0.559322676327664	0	0.824735305467656	0	0	0.952014539091563	0	0	0	0.66496092784025	0	0	0.762700286191527	0.729061427013198	0	0.943432858075718	0	0	0	0	0	0	0	0	0	0	0	0	0	0	0	0	0	0	0	0	0	0	0	0	0	0	0	0	0	0	0	0	0	0	0	0	0	0	0	0	0	0	0	0	0	0	0	0
0	0	0.94263765859898	0	0	0.64984759327618	0	0	0	0.829919057054326	0	0	0.988491042087396	0	0.613102665728483	0	0	0.589105151423272	0	0	0.654105195474529	0.923370167602971	0	0	0	0	0	0	0.78828570244758	0	0.816362533384674	0	0.840642871120419	0.771850760812621	0.630834869945536	0.987410568146697	0	0	0	0.665022716885779	0.892718599100806	0	0	0	0	0	0	0	0	0	0	0	0	0	0	0	0	0	0	0	0	0	0	0	0	0	0	0	0	0	0	0	0	0	0	0	0	0	0	0	0	0	0	0	0	0	0	0	0	0
0	0	0.743644704213272	0	0	0	0	0.955275132803668	0	0	0	0.863500044699236	0	0.668137398632286	0	0	0	0	0	0	0	0	0.511590430710398	0	0	0	0	0	0.524672528222047	0	0.902722049241843	0.524350955966218	0.660679259349328	0.728801405300175	0	0	0.803345771352026	0	0	0	0	0.889308265592265	0.914878662028163	0.599736413943415	0.90718553571607	0	0	0	0	0	0	0	0	0	0	0	0	0	0	0	0	0	0	0	0	0	0	0	0	0	0	0	0	0	0	0	0	0	0	0	0	0	0	0	0	0	0	0	0	0
0.826832914594869	0.817192359039614	0	0	0	0	0.840748575433395	0.806049986138578	0.665131877892401	0	0	0	0	0	0	0	0	0	0.698154110531041	0	0.930856847948146	0.755142493607455	0	0	0.942530988908145	0	0	0.985194116552474	0	0	0	0	0	0	0.988173110328761	0	0.562335716708346	0.938626005351175	0	0	0.81345394575935	0	0	0.963535262723044	0.626863852440922	0	0	0	0	0	0	0	0	0	0	0	0	0	0	0	0	0	0	0	0	0	0	0	0	0	0	0	0	0	0	0	0	0	0	0	0	0	0	0	0	0	0	0	0	0
0	0	0.751158939151027	0.845568702464105	0.832458977978233	0	0	0	0.618824500112357	0	0	0.847398487406492	0	0.621905262288634	0	0.708246661503373	0.604272667048076	0.958688298229032	0	0	0	0	0	0	0	0.702084462243319	0.579930855304958	0	0	0	0	0	0.572308174995683	0.793221043246465	0	0.846354535785178	0	0.956391557293695	0	0.64224243812358	0	0.786370199413805	0.905686141721561	0.656319896250225	0.557740885692592	0	0	0	0	0	0	0	0	0	0	0	0	0	0	0	0	0	0	0	0	0	0	0	0	0	0	0	0	0	0	0	0	0	0	0	0	0	0	0	0	0	0	0	0	0
0	0.567574625692937	0	0	0	0	0	0.895025441001796	0	0	0.610462620384517	0.518948357707624	0	0.732841245980577	0.828229600588789	0	0	0	0.680472537800725	0.720477009722112	0	0	0.966558149465851	0.836997485124438	0	0	0	0.509072959951483	0	0	0.853065187742671	0	0	0	0.977359118240393	0	0.741689303856351	0	0.562870440727372	0	0.858887818576253	0	0	0	0	0	0	0	0	0	0	0	0	0	0	0	0	0	0	0	0	0	0	0	0	0	0	0	0	0	0	0	0	0	0	0	0	0	0	0	0	0	0	0	0	0	0	0	0	0
0.563276159818212	0	0	0	0	0	0	0	0	0.993557101118042	0.774598596310247	0	0	0.783051652248481	0.577329943032748	0	0	0	0	0	0	0	0	0	0	0	0.52976852834946	0.663792045848119	0.818487791185822	0	0	0	0.966275144804424	0	0.701014608267582	0	0	0	0.955221337004132	0	0.730707512031801	0	0	0	0	0	0	0	0	0	0	0	0	0	0	0	0	0	0	0	0	0	0	0	0	0	0	0	0	0	0	0	0	0	0	0	0	0	0	0	0	0	0	0	0	0	0	0	0	0
0	0	0	0	0	0	0.775797545355576	0	0	0	0	0.559456977352326	0.759672632007947	0	0	0.745072180246842	0	0	0	0	0	0.963636903112049	0	0.94684814040574	0.652208665444045	0	0.718135631025678	0	0	0	0	0.926396142061046	0.659200703945808	0	0	0.900752238267849	0	0	0.820711943106449	0.646455713037883	0.974361839090605	0	0	0	0.546984463013636	0	0	0	0	0	0	0	0	0	0	0	0	0	0	0	0	0	0	0	0	0	0	0	0	0	0	0	0	0	0	0	0	0	0	0	0	0	0	0	0	0	0	0	0	0
0.53582850687113	0	0.936456244005494	0	0	0	0	0	0.787001261275415	0	0	0	0	0	0	0	0	0	0	0	0	0	0	0	0	0.872755258313412	0	0	0	0	0	0	0	0.723453463933458	0	0.673324190462406	0	0	0.720041696080919	0.876768320204652	0.934058223536493	0	0	0.908156882409604	0	0	0	0	0	0	0	0	0	0	0	0	0	0	0	0	0	0	0	0	0	0	0	0	0	0	0	0	0	0	0	0	0	0	0	0	0	0	0	0	0	0	0	0	0	0
0	0	0	0	0	0	0	0	0	0	0	0	0	0	0	0	0	0	0	0	0	0	0	0	0	0	0	0	0	0	0	0	0	0	0	0	0	0	0	0	0	0	0	0	0	0	0.5489193969305	0.72981602626755	0.532691092269346	0	0	0	0	0	0	0	0	0	0	0	0	0	0	0	0	0	0	0	0	0	0	0	0	0	0	0	0	0	0	0	0	0	0	0	0	0	0	0.85513663318955	0.843365061206368	0.788287481640693
0	0	0	0	0	0	0	0	0	0	0	0	0	0	0	0	0	0	0	0	0	0	0	0	0	0	0	0	0	0	0	0	0	0	0	0	0	0	0	0	0	0	0	0	0	0.588060972110394	0	0.818200170745087	0.570518040084507	0.910061437431959	0	0	0	0	0	0	0	0	0	0	0	0	0	0	0	0	0	0	0	0	0	0	0	0	0	0	0	0.522427200214242	0	0	0	0	0	0	0	0	0	0	0.894085092910946	0.644047918465285
0	0	0	0	0	0	0	0	0	0	0	0	0	0	0	0	0	0	0	0	0	0	0	0	0	0	0	0	0	0	0	0	0	0	0	0	0	0	0	0	0	0	0	0	0	0.933874003840844	0.914014518218917	0	0.621361221051171	0.925587275657504	0	0	0	0	0	0	0	0	0	0.898665438065807	0	0	0	0	0	0	0	0	0	0	0	0	0	0	0	0	0	0	0	0	0	0	0	0	0	0	0	0	0	0.570907716445671
0	0	0	0	0	0	0	0	0	0	0	0	0	0	0	0	0	0	0	0	0	0	0	0	0	0	0	0	0	0	0	0	0	0	0	0	0	0	0	0	0	0	0	0	0	0.937097425510691	0.701841550009616	0.6662244805562	0	0.946633585531506	0.949867037286023	0.831567602944885	0	0	0	0	0	0	0	0	0	0	0	0	0	0	0	0	0	0	0	0	0	0	0	0	0	0	0	0	0	0	0	0	0	0	0	0	0	0
0	0	0	0	0	0	0	0	0	0	0	0	0	0	0	0	0	0	0	0	0	0	0	0	0	0	0	0	0	0	0	0	0	0	0	0	0	0	0	0	0	0	0	0	0	0	0.718129015795429	0.758817381939894	0.670434936746794	0	0.576070794554197	0.840539459930256	0.920297800667206	0	0	0	0	0	0	0	0	0	0	0	0	0	0	0	0	0	0	0	0	0	0	0	0	0	0	0	0	0	0	0	0	0	0	0	0	0
0	0	0	0	0	0	0	0	0	0	0	0	0	0	0	0	0	0	0	0	0	0	0	0	0	0	0	0	0	0	0	0	0	0	0	0	0	0	0	0	0	0	0	0	0	0	0	0	0.981376278283871	0.595153504010417	0	0.707858927060397	0.760307095785667	0.84090064664036	0	0	0	0	0	0	0	0	0	0	0	0	0	0	0	0	0	0	0	0	0	0	0	0	0	0	0	0	0	0	0	0	0	0	0	0
0	0	0	0	0	0	0	0	0	0	0	0	0	0	0	0	0	0	0	0	0	0	0	0	0	0	0	0	0	0	0	0	0	0	0	0	0	0	0	0	0	0	0	0	0	0	0	0	0.890177411967186	0.780285445121331	0.869114607889947	0	0.587998371087954	0.92851425847151	0.535976044548802	0	0	0	0	0	0	0	0	0	0	0	0	0	0	0	0	0	0	0	0	0	0	0	0	0	0	0	0	0	0	0	0	0	0	0
0	0	0	0	0	0	0	0	0	0	0	0	0	0	0	0	0	0	0	0	0	0	0	0	0	0	0	0	0	0	0	0	0	0	0	0	0	0	0	0	0	0	0	0	0	0	0	0	0	0.654071316977502	0.921821842154119	0.505250118197953	0	0.654914183760029	0.695539352788216	0.630232466291216	0	0	0	0	0	0	0	0	0	0	0	0	0	0	0	0	0	0	0	0	0	0	0	0	0	0	0	0	0	0	0	0	0	0
0	0	0	0	0	0	0	0	0	0	0	0	0	0	0	0	0	0	0	0	0	0	0	0	0	0	0	0	0	0	0	0	0	0	0	0	0	0	0	0	0	0	0	0	0	0	0	0	0	0	0.653900582108007	0.714495946309051	0.921417873289383	0	0.728763825208083	0.715236925503201	0.905121048598045	0	0	0	0	0	0	0	0	0	0	0	0	0	0	0	0	0	0	0	0	0	0	0	0	0	0	0	0	0	0	0	0	0
0	0	0	0	0	0	0	0	0	0	0	0	0	0	0	0	0	0	0	0	0	0	0	0	0	0	0	0	0	0	0	0	0	0	0	0	0	0	0	0	0	0	0	0	0	0	0	0	0	0	0	0.528178991461055	0.678771923568594	0.865040879001017	0	0.52738484568537	0.732987049379854	0.662227390138095	0	0	0	0	0	0	0	0	0	0	0	0	0	0	0	0	0	0	0	0	0	0	0	0	0	0	0	0	0	0	0	0
0	0	0	0	0	0	0	0	0	0	0	0	0	0	0	0	0	0	0	0	0	0	0	0	0	0	0	0	0	0	0	0	0	0	0	0	0	0	0	0	0	0	0	0	0	0	0	0	0	0	0	0	0.684064964722597	0.910506560453364	0.867923878033165	0	0.91197807935699	0.833671812432131	0.684771327362934	0	0	0	0	0	0	0	0	0	0	0	0	0	0	0	0	0	0	0	0	0	0	0	0	0	0	0	0	0	0	0
0	0	0	0	0	0	0	0	0	0	0	0	0	0	0	0	0	0	0	0	0	0	0	0	0	0	0	0	0	0	0	0	0	0	0	0	0	0	0	0	0	0	0	0	0	0	0	0	0	0	0	0	0	0.634062549113477	0.623346626900002	0.87536717652215	0	0.72422365871322	0.951757224095012	0	0	0	0	0	0	0	0	0	0	0	0	0	0	0	0	0	0	0	0	0	0	0.693913569632574	0	0	0	0	0	0	0	0
0	0	0	0	0	0	0	0	0	0	0	0	0	0	0	0	0	0	0	0	0	0	0	0	0	0	0	0	0	0	0	0	0	0	0	0	0	0	0	0	0	0	0	0	0	0	0	0	0	0	0	0	0	0	0.572174430621924	0.540507652770649	0.997222116912593	0	0.61315408590338	0.689485745454728	0.651408651662376	0	0	0	0	0	0	0	0	0	0	0	0	0	0	0	0	0	0	0	0	0	0	0	0	0	0	0	0	0
0	0	0	0	0	0	0	0	0	0	0	0	0	0	0	0	0	0	0	0	0	0	0	0	0	0	0	0	0	0	0	0	0	0	0	0	0	0	0	0	0	0	0	0	0	0	0	0	0	0	0	0	0	0	0	0.621964510309469	0.641219933268993	0.991826712825385	0	0.774574507824286	0.903280833418805	0.699650813045936	0	0	0	0	0	0	0	0	0	0	0	0	0	0	0	0	0	0	0	0	0	0	0	0	0	0	0	0
0	0	0	0	0	0	0	0	0	0	0	0	0	0	0	0	0	0	0	0	0	0	0	0	0	0	0	0	0	0	0	0	0	0	0	0	0	0	0	0	0	0	0	0	0	0	0	0.73196165724106	0	0	0	0	0	0	0	0	0	0.788522896301719	0.709948583264058	0	0.695250143587001	0.941561656701346	0.523127853460056	0	0	0	0	0	0	0	0	0	0	0	0	0	0	0	0	0	0	0	0	0	0	0	0	0	0	0
0	0	0	0	0	0	0	0	0	0	0	0	0	0	0	0	0	0	0	0	0	0	0	0	0	0	0	0	0	0	0	0	0	0	0	0	0	0	0	0	0	0	0	0	0	0	0	0	0	0	0	0	0	0	0	0	0	0.961195590374857	0.898341738390743	0.722122386389995	0	0.940706869202412	0.687729644601573	0.560627024847002	0	0	0	0	0	0	0	0	0	0	0	0	0	0	0	0	0	0	0	0	0	0	0	0	0	0
0	0	0	0	0	0	0	0	0	0	0	0	0	0	0	0	0	0	0	0	0	0	0	0	0	0	0	0	0	0	0	0	0	0	0	0	0	0	0	0	0	0	0	0	0	0	0	0	0	0	0	0	0	0	0	0	0	0	0.629367466710072	0.619718312877028	0.618244784232227	0	0.689966342354533	0.545836975085874	0.746376897576353	0	0	0	0	0	0	0	0	0	0	0	0	0	0	0	0	0	0	0	0	0	0	0	0	0
0	0	0	0	0	0	0	0	0	0	0	0	0	0	0	0	0	0	0	0	0	0	0	0	0	0	0	0	0	0	0	0	0	0	0	0	0	0	0	0	0	0	0	0	0	0	0	0	0	0	0	0	0	0	0	0	0	0	0	0.809844125098106	0.99327460728771	0.720645055106688	0	0.613831615820636	0.561182432958345	0.821756039423203	0	0	0	0	0	0	0	0	0	0.926009114990364	0	0	0	0.779808909611735	0	0	0	0	0	0	0	0	0	0
0	0	0	0	0	0	0	0	0	0	0	0	0	0	0	0	0	0	0	0	0	0	0	0	0	0	0	0	0	0	0	0	0	0	0	0	0	0	0	0	0	0	0	0	0	0	0	0	0	0	0	0	0	0	0	0	0	0	0	0	0.532420876258762	0.750282966582632	0.924814673411628	0	0.786879804232016	0.737404469334453	0.760383008872582	0	0	0	0	0	0	0	0	0	0	0	0	0	0	0	0	0	0	0	0	0	0	0
0	0	0	0	0	0	0	0	0	0	0	0	0	0	0	0	0	0	0	0	0	0	0	0	0	0	0	0	0	0	0	0	0	0	0	0	0	0	0	0	0	0	0	0	0	0	0	0	0	0	0	0	0	0	0	0	0	0	0	0	0	0.920126506096775	0.648183080080443	0.866188825462014	0	0.664928655102516	0.834457262474127	0.715190616287842	0	0	0	0	0	0	0	0	0	0	0	0	0	0	0	0	0	0	0	0	0	0
0	0	0	0	0	0	0	0	0	0	0	0	0	0	0	0	0	0	0	0	0	0	0	0	0	0	0	0	0	0	0	0	0	0	0	0	0	0	0	0	0	0	0	0	0	0	0	0	0	0	0	0	0	0	0	0	0	0	0	0	0	0	0.664620948696755	0.572756070125045	0.53396166200126	0	0.972955747978408	0.990435411686069	0.881102332390865	0	0	0	0	0	0	0	0	0	0	0	0	0	0	0	0	0	0	0	0	0
0	0	0	0	0	0	0	0	0	0	0	0	0	0	0	0	0	0	0	0	0	0	0	0	0	0	0	0	0	0	0	0	0	0	0	0	0	0	0	0	0	0	0	0	0	0	0	0	0	0	0	0	0	0	0	0	0	0	0	0	0	0	0	0.623353863612229	0.731553610251933	0.979535604743969	0	0.984125703400078	0.558626611229333	0.70194075936047	0	0	0	0	0	0	0	0	0	0	0	0	0	0	0	0	0	0	0	0
0	0	0	0	0	0	0	0	0	0	0	0	0	0	0	0	0	0	0	0	0	0	0	0	0	0	0	0	0	0	0	0	0	0	0	0	0	0	0	0	0	0	0	0	0	0	0	0	0	0	0	0	0	0	0	0	0	0	0	0	0	0	0	0	0.686739360346892	0.688384519849892	0.563583410838706	0	0.513035802168795	0.998802321676696	0.545041503696663	0	0	0	0	0	0	0	0	0	0	0	0	0	0	0	0	0	0	0
0	0	0	0	0	0	0	0	0	0	0	0	0	0	0	0	0	0	0	0	0	0	0	0	0	0	0	0	0	0	0	0	0	0	0	0	0	0	0	0	0	0	0	0	0	0	0	0	0	0	0	0	0	0	0	0	0	0	0	0	0	0	0	0	0	0.931809747367783	0.700294217706427	0.839241627261031	0	0.835325219447912	0.847520359772358	0.671742336997937	0	0	0	0	0	0	0	0	0	0	0	0	0	0	0	0	0	0
0	0	0	0	0	0	0	0	0	0	0	0	0	0	0	0	0	0	0	0	0	0	0	0	0	0	0	0	0	0	0	0	0	0	0	0	0	0	0	0	0	0	0	0	0	0	0	0	0	0	0	0	0	0	0	0	0	0	0	0	0	0	0	0	0	0	0.938785566223341	0.641516272544001	0.751518265832777	0	0.59248710488722	0.640036587202981	0.781428099819696	0	0	0	0	0	0	0	0	0	0	0	0	0	0	0	0	0
0	0	0	0	0	0	0	0	0	0	0	0	0	0	0	0	0	0	0	0	0	0	0	0	0	0	0	0	0	0	0	0	0	0	0	0	0	0	0	0	0	0	0	0	0	0	0	0	0	0	0	0	0	0	0	0	0	0	0	0	0	0	0	0	0	0	0	0.594182276773918	0.546415647161096	0.884548935268918	0	0.521831786997582	0.620040520817683	0.875048056608404	0	0	0	0	0	0	0	0	0	0	0	0	0	0	0	0
0	0	0	0	0	0	0	0	0	0	0	0	0	0	0	0	0	0	0	0	0	0	0	0	0	0	0	0	0	0	0	0	0	0	0	0	0	0	0	0	0	0	0	0	0	0	0	0	0	0	0	0	0	0	0	0	0	0	0	0	0	0	0	0	0	0	0	0	0.588330237102171	0.788134671426838	0.529141037278068	0	0.570167195667285	0.871119862491651	0.953317190263536	0	0	0	0	0	0	0	0	0	0	0	0	0	0	0
0	0	0	0	0	0	0	0	0	0	0	0	0	0	0	0	0	0	0	0	0	0	0	0	0	0	0	0	0	0	0	0	0	0	0	0	0	0	0	0	0	0	0	0	0	0	0	0	0	0	0	0	0	0	0	0	0	0	0	0	0	0	0	0	0	0	0	0	0	0.946815051387563	0.605655421211162	0.737138162982003	0	0.991638070411605	0.76329074130856	0.521022897812723	0	0	0	0	0	0	0	0	0	0	0	0	0	0
0	0	0	0	0	0	0	0	0	0	0	0	0	0	0	0	0	0	0	0	0	0	0	0	0	0	0	0	0	0	0	0	0	0	0	0	0	0	0	0	0	0	0	0	0	0	0	0	0	0	0	0	0	0	0	0	0	0	0	0	0	0	0	0	0	0	0	0	0	0	0.645004173923193	0.868389793979371	0.555646868288809	0	0.63335125797756	0.780078683362484	0.522745943666386	0	0	0	0	0	0	0	0	0	0	0	0	0
0	0	0	0	0	0	0	0	0	0	0	0	0	0	0	0	0	0	0	0	0	0	0	0	0	0	0	0	0	0	0	0	0	0	0	0	0	0	0	0	0	0	0	0	0	0	0	0	0	0	0	0	0	0	0	0	0	0	0	0	0	0	0	0	0	0	0	0	0	0	0	0.537389245656863	0.808265398759644	0.943483265363835	0	0.970042366056271	0.718432499585613	0.770551399409431	0	0	0	0	0	0	0	0	0	0	0	0
0	0	0	0	0	0	0	0	0	0	0	0	0	0	0	0	0	0	0	0	0	0	0	0	0	0	0	0	0	0	0	0	0	0	0	0	0	0	0	0	0	0	0	0	0	0	0	0	0	0	0	0	0	0	0	0	0	0	0	0	0	0	0.571907908303533	0	0	0	0	0	0	0	0	0	0.662798131957414	0.958780935383924	0.92280182853113	0	0.744831937722217	0	0.907109178503272	0	0	0	0	0	0	0	0	0	0	0
0	0	0	0	0	0	0	0	0	0	0	0	0	0	0	0	0	0	0	0	0	0	0	0	0	0	0	0	0	0	0	0	0	0	0	0	0	0	0	0	0	0	0	0	0	0	0	0	0	0	0	0	0	0	0	0	0	0	0	0	0	0	0	0	0	0	0	0	0	0	0	0	0	0.958135845865133	0.814199076071962	0.92974768747877	0	0.896298812495365	0.634784841772511	0.698321703204634	0	0	0	0	0	0	0	0	0	0
0	0	0	0	0	0	0	0	0	0	0	0	0	0	0	0	0	0	0	0	0	0	0	0	0	0	0	0	0	0	0	0	0	0	0	0	0	0	0	0	0	0	0	0	0	0	0.990164781284339	0	0	0	0	0	0	0	0	0	0	0	0	0	0	0	0	0	0	0	0	0	0	0	0	0	0	0	0.510821949091788	0	0.971159718152171	0	0.743446290354304	0	0.866584369898775	0	0	0	0	0	0	0	0	0
0	0	0	0	0	0	0	0	0	0	0	0	0	0	0	0	0	0	0	0	0	0	0	0	0	0	0	0	0	0	0	0	0	0	0	0	0	0	0	0	0	0	0	0	0	0	0	0	0	0	0	0	0	0	0	0	0	0	0	0	0	0	0	0	0	0	0	0	0	0	0	0	0	0	0	0.807783882177385	0.570465932274234	0.692858026791988	0	0.978490741453836	0.686642511647834	0.503889245491219	0	0	0	0	0	0	0	0
0	0	0	0	0	0	0	0	0	0	0	0	0	0	0	0	0	0	0	0	0	0	0	0	0	0	0	0	0	0	0	0	0	0	0	0	0	0	0	0	0	0	0	0	0	0	0	0	0	0	0	0	0	0	0	0	0	0	0	0	0	0	0.625538803748759	0	0	0	0	0	0	0	0	0	0	0	0	0	0.779846034476692	0	0.737004512566093	0	0.960865078968934	0	0.851439961469692	0	0	0	0	0	0	0
0	0	0	0	0	0	0	0	0	0	0	0	0	0	0	0	0	0	0	0	0	0	0	0	0	0	0	0	0	0	0	0	0	0	0	0	0	0	0	0	0	0	0	0	0	0	0	0	0	0	0	0	0	0	0	0	0	0	0	0	0	0	0	0	0	0	0	0	0	0	0	0	0	0	0	0	0	0.83934796491383	0.873375471897111	0.521908760768323	0	0.875932015231409	0.888853856241309	0.579223299785935	0	0	0	0	0	0
0	0	0	0	0	0	0	0	0	0	0	0	0	0	0	0	0	0	0	0	0	0	0	0	0	0	0	0	0	0	0	0	0	0	0	0	0	0	0	0	0	0	0	0	0	0	0	0	0	0	0	0	0	0	0	0	0.97648002748269	0	0	0	0	0	0	0	0	0	0	0	0	0	0	0	0	0	0	0	0	0	0.791253826764256	0	0.775929347217782	0	0.824741789402652	0.532374944763434	0.97308488868842	0	0	0	0	0
0	0	0	0	0	0	0	0	0	0	0	0	0	0	0	0	0	0	0	0	0	0	0	0	0	0	0	0	0	0	0	0	0	0	0	0	0	0	0	0	0	0	0	0	0	0	0	0	0	0	0	0	0	0	0	0	0	0	0	0	0	0	0	0	0	0	0	0	0	0	0	0	0	0	0	0	0	0	0	0.669705686488242	0.5801988970676	0.76086975765972	0	0.715424053885951	0.742484041643946	0.769182261170272	0	0	0	0
0	0	0	0	0	0	0	0	0	0	0	0	0	0	0	0	0	0	0	0	0	0	0	0	0	0	0	0	0	0	0	0	0	0	0	0	0	0	0	0	0	0	0	0	0	0	0	0	0	0	0	0	0	0	0	0	0	0	0	0	0	0	0	0	0	0	0	0	0	0	0	0	0	0	0	0	0	0	0	0	0.636777942370072	0.992515258220902	0.619050535109429	0	0.822161206188429	0.634175831392368	0.512492736850596	0	0	0
0	0	0	0	0	0	0	0	0	0	0	0	0	0	0	0	0	0	0	0	0	0	0	0	0	0	0	0	0	0	0	0	0	0	0	0	0	0	0	0	0	0	0	0	0	0	0	0	0	0	0	0	0	0	0	0	0	0	0	0	0	0	0	0	0	0	0	0	0	0	0	0	0	0	0	0	0	0	0	0	0	0.526186102891763	0.579613231390886	0.790144043435705	0	0.671938264390809	0.575879145204962	0.841045618313289	0	0
0	0	0	0	0	0	0	0	0	0	0	0	0	0	0	0	0	0	0	0	0	0	0	0	0	0	0	0	0	0	0	0	0	0	0	0	0	0	0	0	0	0	0	0	0	0	0	0	0	0	0	0	0	0	0	0	0	0	0	0	0	0	0	0	0	0	0	0	0	0	0	0	0	0	0	0	0	0	0	0	0	0	0.847362679138246	0.714011861961048	0.768957620869107	0	0.920906464277821	0.787553649805794	0.797092468707927	0
0	0	0	0	0	0	0	0	0	0	0	0	0	0	0	0	0	0	0	0	0	0	0	0	0	0	0	0	0	0	0	0	0	0	0	0	0	0	0	0	0	0	0	0	0	0	0	0	0	0	0	0	0	0	0	0	0	0	0	0	0	0	0	0	0	0	0	0	0	0	0	0	0	0	0	0	0	0	0	0	0	0	0	0.873442157140718	0.902496677365207	0.898316630341163	0	0.950972748317292	0.891225538091378	0.809937277413299
0	0	0	0	0	0	0	0	0	0	0	0	0	0	0	0	0	0	0	0	0	0	0	0	0	0	0	0	0	0	0	0	0	0	0	0	0	0	0	0	0	0	0	0	0	0.874641622654535	0	0	0	0	0	0	0	0	0	0	0	0	0	0	0	0	0	0	0	0	0	0	0	0	0	0	0	0	0	0	0	0	0	0	0	0	0	0	0.818070756230118	0.953962466607815	0.668973499139519	0	0.687667743567991	0.626869237236907
0	0	0	0	0	0	0	0	0	0	0	0	0	0	0	0	0	0	0	0	0	0	0	0	0	0	0	0	0	0	0	0	0	0	0	0	0	0	0	0	0	0	0	0	0	0.629850339715921	0.626689974097991	0	0	0	0	0	0	0	0	0	0	0	0	0	0	0	0	0	0	0	0	0	0	0	0	0	0	0	0	0	0	0	0	0	0	0	0	0	0	0.767069077742556	0.863822214600886	0.802411657434385	0	0.906976564291654
0	0	0	0	0	0	0	0	0	0	0	0	0	0	0	0	0	0	0	0	0	0	0	0	0	0	0	0	0	0	0	0	0	0	0	0	0	0	0	0	0	0	0	0	0	0.947907072945189	0.735748500645785	0.594019212713041	0	0	0	0	0	0	0	0	0	0	0	0	0	0	0	0	0	0	0	0	0	0	0	0	0	0	0	0	0	0	0	0	0	0	0	0	0	0	0.843117256001901	0.826891311065043	0.637120327405086	0
