0	0.805077143040268	0	0	0.84929064131385	0.730562132552807	0.752107365999514	0	0.562904785282783	0.983058016238496	0.817777941135871	0	0	0	0	0	0	0	0	0	0	0	0	0	0.997025513442224	0	0.886195648473723	0	0	0.588275778236519	0.968396695099479	0	0	0	0	0	0	0	0	0.57036639153943	0	0	0	0	0	0	0	0	0	0	0	0	0	0	0	0	0	0	0	0	0	0	0	0	0	0	0	0	0	0	0	0	0	0	0	0	0	0	0	0	0	0	0	0	0	0	0	0	0	0
0.878190845507925	0	0	0	0	0	0	0.974587129199268	0.762476861614644	0	0.591205979809754	0	0.981970998122999	0	0	0	0.841094990258671	0	0	0.974018950626468	0	0	0	0.579111743311917	0	0	0	0	0	0.872996999311106	0.601016358997822	0	0	0	0.687110736511858	0.726149881644662	0.579298904031637	0	0	0.756236101825795	0	0.988202433650335	0	0	0	0	0	0	0	0	0	0	0	0	0	0	0	0	0	0	0	0	0	0	0	0	0	0	0	0	0	0	0	0	0	0	0	0	0	0	0	0	0	0	0	0	0	0	0	0
0	0	0	0	0	0	0.692853046772274	0.609210889548103	0	0	0	0	0	0	0.535767996596535	0.867115753347257	0	0	0	0.606514820977656	0	0	0	0.811376221236884	0	0.817758719955302	0	0.872509426150914	0	0.802974087696848	0	0	0	0	0	0	0.82215931389726	0	0.710926363069519	0	0.836382244934599	0	0	0	0	0	0	0	0	0	0	0	0	0	0	0	0	0	0	0	0	0	0	0	0	0	0	0	0	0	0	0	0	0	0	0	0	0	0	0	0	0	0	0	0	0	0	0	0	0
0	0	0	0	0.50719575146874	0	0	0.592717220298257	0	0.640942878337771	0.544553969101837	0	0	0.853446206495061	0	0.881040795092088	0.648034454351477	0.596747566688996	0	0.676337685032908	0.509394806440569	0.917647079418108	0	0.51143808624055	0	0.682414766542981	0	0	0	0	0	0	0	0.540318327127218	0	0	0.655037906197651	0.920210953656998	0	0	0	0.703153754226878	0.956577167500478	0	0.782330455796944	0	0	0	0	0	0	0	0	0	0	0	0	0	0	0	0	0	0	0	0	0	0	0	0	0	0	0	0	0	0	0	0	0	0	0	0	0	0	0	0	0	0	0	0	0
0.961512992959234	0	0	0.756074940526789	0	0	0	0	0.680223443544584	0	0	0	0.910330301000287	0	0	0	0	0	0.672830399155829	0.786988375279142	0	0	0	0.990810779495877	0	0	0	0	0	0	0.900656787251416	0	0.854824592752644	0	0.720090369211025	0.850172089028914	0.92018254848982	0	0	0.555682849210894	0.956141018584978	0.786787973319337	0	0.614629480232347	0	0	0	0	0	0	0	0	0	0	0	0	0	0	0	0	0	0	0	0	0	0	0	0	0	0	0	0	0	0	0	0	0	0	0	0	0	0	0	0	0	0	0	0	0	0
0.608688989713296	0	0	0	0	0	0	0.836276931824986	0.953414440645256	0	0	0.843460958696089	0	0.51913071349866	0.537365446491584	0	0.713753256555822	0.768472855192033	0	0	0	0	0	0	0	0	0	0	0.838975475734685	0	0	0	0	0	0	0.89284152765566	0	0	0	0	0	0	0	0	0	0	0	0	0	0	0	0	0	0	0	0	0	0	0	0	0	0	0	0	0	0	0	0	0	0	0	0	0	0	0	0	0	0	0	0	0	0	0	0	0	0	0	0	0	0
0.875154674812928	0	0.773669637569696	0	0	0	0	0	0	0	0.544800992823978	0.633188922661229	0.962979707906607	0.595601149384773	0	0	0	0	0	0	0.516263364732086	0	0.838248586124558	0	0.560030458123259	0.510345487056634	0	0	0.661381377397836	0	0	0	0	0	0	0	0	0.524526196781921	0	0	0	0	0	0	0.537186368606098	0	0	0	0	0	0	0	0	0	0	0	0	0	0	0	0	0	0	0	0	0	0	0	0	0	0	0	0	0	0	0	0	0	0	0	0	0	0	0	0	0	0	0	0	0
0	0.538341582457434	0.669322456403025	0.702266514833028	0	0.586762428269526	0	0	0.822242980804086	0	0	0.599662077899839	0	0.514687088163439	0	0.615701591182113	0.746593248358962	0	0	0.747294002070536	0	0.803768146282248	0	0	0.747054786860355	0	0.673062390252804	0.815665747576118	0.671053270264884	0	0	0.604833464722257	0	0	0	0	0	0	0	0.550164679255493	0	0.63058225181311	0.930059957619572	0	0	0	0	0	0	0	0	0	0	0	0	0	0	0	0	0	0	0	0	0	0	0	0	0	0	0	0	0	0	0	0	0	0	0	0	0	0	0	0	0	0	0	0	0	0	0
0.633231487110289	0.580359001918066	0	0	0.701337929418651	0.506293353093569	0	0.538943340980703	0	0.57598100564729	0.671844483834699	0	0	0	0.925545660106036	0.856108092340032	0	0.519711625916974	0	0.636225264061818	0.743902504126506	0	0	0	0	0	0	0	0	0.905070731167473	0.852412968523504	0	0.825920585567085	0	0	0.620502080831237	0	0.772476555218593	0	0	0	0	0.954986563419675	0	0	0	0	0	0	0	0	0	0	0	0	0	0	0	0	0	0	0	0	0	0	0	0	0	0	0	0	0	0	0	0	0	0	0	0	0	0	0	0	0	0	0	0	0	0	0
0.911514728315064	0	0	0.973417717075718	0	0	0	0	0.842751996119933	0	0.603543544628725	0	0	0	0	0	0.541631795658102	0	0.528219360367135	0	0	0.530743443240356	0	0	0	0	0	0	0	0.787225787391395	0	0	0	0.506929779332274	0	0	0	0	0	0	0.927856407708273	0	0	0	0	0	0	0	0	0	0	0	0	0	0	0	0	0	0	0	0	0	0	0	0	0	0	0	0	0	0	0	0	0	0	0	0	0	0	0	0	0	0	0	0	0	0	0	0	0
0.53036932555406	0.758107526242139	0	0.745968357999437	0	0	0.50294377361452	0	0.657208197948736	0.945653931913256	0	0	0.655072582314802	0	0	0.72532406768386	0	0	0	0	0	0.527135122918826	0.970429206588439	0.872811033127485	0	0	0	0.598176518568457	0	0	0.691986661398748	0.809835329780313	0.761639632947957	0	0.881065706609854	0.890217087259122	0.871217472013189	0	0	0	0	0	0	0.929531338344084	0	0	0	0	0	0	0	0	0	0	0	0	0	0	0	0	0	0	0	0	0	0	0	0	0	0	0	0	0	0	0	0	0	0	0	0	0	0	0	0	0	0	0	0	0	0
0	0	0	0	0	0.929921855364547	0.938617472991923	0.921932222144797	0	0	0	0	0	0	0.74392725627011	0	0	0	0	0	0	0	0.592756184249515	0	0.771539444443257	0	0.766787384931405	0.872294080561495	0	0	0.966778899967105	0.644891762819797	0.976604279291181	0.733436941808353	0	0	0	0.783841347618928	0.831924810127791	0.502395753437433	0.729845777261448	0	0	0	0	0	0	0	0	0	0	0	0	0	0	0	0	0	0	0	0	0	0	0	0	0	0	0	0	0	0	0	0	0	0	0	0	0	0	0	0	0	0	0	0	0	0	0	0	0
0	0.606282967684497	0	0	0.776454325078331	0	0.925065196075142	0	0	0	0.711752506096349	0	0	0	0.924790739622191	0.824400683604338	0	0.982355471128818	0.882683500584332	0	0	0.699226512531661	0	0	0	0	0	0	0	0	0	0	0.623248557575895	0.528550694432421	0	0.607199562340256	0	0.622272888917404	0	0	0	0	0.953420881595706	0	0	0	0	0	0	0	0	0	0	0	0	0	0	0	0	0	0	0	0	0	0	0	0	0	0	0	0	0	0	0	0	0	0	0	0	0	0	0	0	0	0	0	0	0	0	0
0	0	0	0.787479776548834	0	0.695628761187527	0.682822530728225	0.610378922736364	0	0	0	0	0	0	0	0	0.593466886767635	0.696469512947964	0.887537026381039	0	0.7355466738405	0.5145067638202	0	0	0	0	0.686112709003934	0.940884703568345	0	0	0	0	0	0	0	0	0	0	0	0	0.87011221592621	0.622027405447725	0	0	0	0	0	0	0	0	0	0	0	0	0	0	0	0	0	0	0	0	0	0	0	0	0	0	0	0	0	0	0	0	0	0	0	0	0	0	0	0	0	0	0	0	0	0	0	0
0	0	0.974363936607948	0	0	0.678300180002508	0	0	0.621105871252481	0	0	0.955246653102381	0.947855763138156	0	0	0	0.587915937222931	0.56948329141373	0	0	0	0.577509223037312	0	0.756524090060639	0	0	0	0	0	0	0	0.992350436503424	0	0	0	0	0.91326214224271	0	0	0	0	0	0	0.757149553441017	0.556058765432122	0	0	0	0	0	0	0	0	0	0	0	0	0	0	0	0	0	0	0	0	0	0	0	0	0	0	0	0	0	0	0	0	0	0	0	0	0	0	0	0	0	0	0	0	0
0	0	0.733665542478633	0.945980736198139	0	0	0	0.956499017774487	0.71597702064908	0	0.775778089616936	0	0.664671559060968	0	0	0	0.811507312546072	0	0	0.847915163024607	0	0.576995103008515	0	0	0.555115032838367	0	0	0	0.650831969949561	0	0	0	0	0	0	0	0	0	0	0	0.538946528644106	0.790685369659171	0	0	0.518154090831042	0	0	0	0	0	0	0	0	0	0	0	0	0	0	0	0	0	0	0	0	0	0	0	0	0	0	0	0	0	0	0	0	0	0	0	0	0	0	0	0	0	0	0	0	0
0	0.961732821392733	0	0.932186660180033	0	0.814289878709838	0	0.967968761976462	0	0.501033750674194	0	0	0	0.962228765871593	0.901883122108816	0.505515152752807	0	0.979219799633535	0	0	0.899645582295989	0	0	0	0	0	0	0.934007820036702	0	0	0	0	0	0.844834852647839	0.600015323625301	0.996248599213247	0	0.580798209895657	0	0	0	0	0	0	0	0	0	0	0	0	0	0	0	0	0	0	0	0	0	0	0	0	0	0	0	0	0	0	0	0	0	0	0	0	0	0	0	0	0	0	0	0	0	0	0	0	0	0	0	0
0	0	0	0.675483981674566	0	0.730388309221447	0	0	0.616932843391943	0	0	0	0.586519557607675	0.564797307409274	0.71135323312611	0	0.963518424822193	0	0	0	0	0	0.64806043212366	0	0	0	0.969734623414441	0.585393611756809	0	0	0.904556282431074	0	0	0	0	0	0	0	0	0	0	0	0.53438449022534	0	0.707607540398024	0	0	0	0	0	0	0	0	0	0	0	0	0	0	0	0	0	0	0	0	0	0	0	0	0	0	0	0	0	0	0	0	0	0	0	0	0	0	0	0	0	0	0	0	0
0	0	0	0	0.598055650054764	0	0	0	0	0.791085569283339	0	0	0.744944764493828	0.596288063144843	0	0	0	0	0	0	0	0	0	0	0.767046530743289	0.547496308632802	0	0	0	0	0	0.819232271542001	0.937327116591396	0	0	0.779415692332753	0	0	0.54546426001	0	0	0	0	0.715185740914234	0.590356261685388	0	0	0	0	0	0	0	0	0	0	0	0	0	0	0	0	0	0	0	0	0	0	0	0	0	0	0	0	0	0	0	0	0	0	0	0	0	0	0	0	0	0	0	0	0
0	0.814479265271094	0.766877653749739	0.653899509132337	0.997505449052737	0	0	0.652082760547883	0.559057897691499	0	0	0	0	0	0	0.750070038647512	0	0	0	0	0	0	0	0	0	0	0	0	0	0.851257317248057	0	0	0	0	0	0	0	0.843771344283212	0	0	0	0.788379828376702	0	0	0.515311398503941	0	0	0	0	0	0	0	0	0	0	0	0	0	0	0	0	0	0	0	0	0	0	0	0	0	0	0	0	0	0	0	0	0	0	0	0	0	0	0	0	0	0	0	0	0
0	0	0	0.530162561816409	0	0	0.704474884387872	0	0.599061021589717	0	0	0	0	0.635966942202445	0	0	0.509754113816799	0	0	0	0	0.502512781048621	0.589646935256318	0.973224593527849	0	0	0	0.563831760835699	0.80349501426697	0	0	0.811235955947422	0	0	0	0	0	0	0	0.903143347077868	0	0	0	0	0	0	0	0	0	0	0	0	0	0	0	0	0	0	0	0	0	0	0	0	0	0	0	0	0	0	0	0	0	0	0	0	0	0	0	0	0	0	0	0	0	0	0	0	0	0
0	0	0	0.85558102446944	0	0	0	0.631667261963297	0	0.527907818700317	0.62738750313364	0	0.503215161171648	0.665000765022609	0.670981231858998	0.579859178886097	0	0	0	0	0.887507624899163	0	0	0	0.776258916770009	0.591049997041715	0	0	0	0.913001290604547	0	0.553218649824607	0	0	0	0.517825261781889	0	0	0.844079219203354	0	0.75919905439552	0.938988730175056	0.502310657716579	0	0	0	0	0	0	0	0	0	0	0	0	0	0	0	0	0	0	0	0	0	0	0	0	0	0	0	0	0	0	0	0	0	0	0	0	0	0	0	0	0	0	0	0	0	0	0
0	0	0	0	0	0	0.884234032757996	0	0	0	0.816861208278358	0.824698324184444	0	0	0	0	0	0.510801057293008	0	0	0.711403197744775	0	0	0.63134375251628	0	0.589861402617563	0.680969610882749	0.809606251635955	0.922457664448184	0	0	0	0	0.74739863239277	0	0.732664117059134	0.553762197107214	0	0.549399876235659	0	0	0	0	0	0	0	0	0	0	0	0	0	0	0	0	0	0	0	0	0	0	0	0	0	0	0	0	0	0	0	0	0	0	0	0	0	0	0	0	0	0	0	0	0	0	0	0	0	0	0
0	0.521600410588089	0.598835298058495	0.672948873526863	0.508698759959045	0	0	0	0	0	0.971854378658147	0	0	0	0.579366164467249	0	0	0	0	0	0.527714989576081	0	0.706735102955609	0	0	0	0	0.642342938744437	0	0	0.892362377363736	0	0	0	0	0.894410626481845	0.669671152132017	0	0	0	0	0	0	0	0	0	0	0	0	0	0	0	0	0	0	0	0	0	0	0	0	0	0	0	0	0	0	0	0	0	0	0	0	0	0	0	0	0	0	0	0	0	0	0	0	0	0	0	0	0
0.800326247863644	0	0	0	0	0	0.810952621531399	0.575944816016226	0	0	0	0.813238301370275	0	0	0	0.609440951784621	0	0	0.577888392678291	0	0	0.917731714821009	0	0	0	0.865597200946548	0.796193538361469	0.719561456448071	0.558780215453848	0.94242318037473	0	0	0	0	0	0	0	0	0	0	0	0	0	0.571839443999038	0.898546647029331	0	0	0	0	0	0	0	0	0	0	0	0	0	0	0	0	0	0	0	0	0	0	0	0	0	0	0	0	0	0	0	0	0	0	0	0	0	0	0	0	0	0	0	0	0
0	0	0.706131324638615	0.56081236884525	0	0	0.680861639092089	0	0	0	0	0	0	0	0	0	0	0	0.8298752568978	0	0	0.508849812136051	0.572536651874424	0	0.566337081125415	0	0	0.803964737619211	0	0	0	0.722503990512512	0	0.587517336896964	0.983386438707363	0	0	0.927556166802755	0.785801829887269	0	0.779076469627439	0	0	0	0.740276536952481	0	0	0	0	0	0	0	0	0	0	0	0	0	0	0	0	0	0	0	0	0	0	0	0	0	0	0	0	0	0	0	0	0	0	0	0	0	0	0	0	0	0	0	0	0
0.653359827857702	0	0	0	0	0	0	0.528908664800665	0	0	0	0.88461608253438	0	0.75124376142526	0	0	0	0.848318983833889	0	0	0	0	0.970713581802917	0	0.867553742990799	0	0	0.865137920499189	0.920138107014997	0	0	0	0.900522423750665	0.692477484166186	0.697453067869296	0.645989405719461	0	0	0.74657703186096	0.941553085225874	0.503655266445564	0.824728420812313	0	0.697920525364498	0	0	0	0	0	0	0	0	0	0	0	0	0	0	0	0	0	0	0	0	0	0	0	0	0	0	0	0	0	0	0	0	0	0	0	0	0	0	0	0	0	0	0	0	0	0
0	0	0.832187179885838	0	0	0	0	0.710486594044323	0	0	0.966866989384405	0.923691520569317	0	0.780493898808254	0	0	0.771203796839224	0.952677555652397	0	0	0.714245402152828	0	0.711699574211713	0.791023957588897	0.697327112467762	0.810435242131933	0.994103406118851	0	0	0	0	0	0	0	0.592908123187635	0.93247387078566	0	0	0	0.786786708626152	0.53347723684362	0	0	0.578645744237073	0	0	0	0	0	0	0	0	0	0	0	0	0	0	0	0	0	0	0	0	0	0	0	0	0	0	0	0	0	0	0	0	0	0	0	0	0	0	0	0	0	0	0	0	0	0
0	0	0	0	0	0.759249563451936	0.988924275492436	0.73760067557804	0	0	0	0	0	0	0	0.846300069903007	0	0	0	0	0.756773598095057	0	0.646937266488928	0	0.913113760787573	0	0.833000426214358	0	0	0	0	0.985405947622375	0	0	0.821531022968177	0.507221797467827	0	0	0	0.5914199982775	0	0	0.919876209866515	0	0	0	0	0	0	0	0	0	0	0	0	0	0	0	0	0	0	0	0	0	0	0	0	0	0	0	0	0	0	0	0	0	0	0	0	0	0	0	0	0	0	0	0	0	0	0
0.886300865632305	0.984913059843582	0.716876670072358	0	0	0	0	0	0.76892667842746	0.500923387211735	0	0	0	0	0	0	0	0	0	0.571088930600546	0	0.751961291639605	0	0	0.956237007496538	0	0	0	0	0	0.763659096543862	0	0	0	0.54762912142335	0	0.721298312310608	0.639878473018844	0	0	0.665007075963117	0	0	0	0	0	0	0	0	0	0	0	0	0	0	0	0	0	0	0	0	0	0	0	0	0	0	0	0	0	0	0	0	0	0	0	0	0	0	0	0	0	0	0	0	0	0	0	0	0
0.895233082062833	0.852032067991069	0	0	0.961041663927775	0	0	0	0.713406858955001	0	0.859452682126111	0.508315984310649	0	0	0	0	0	0.948352676323524	0	0	0	0	0	0.549159049682716	0	0	0	0	0	0.677073321809286	0	0	0.781023263161994	0	0.923504521595216	0	0	0	0	0.653204379033926	0	0	0	0	0	0	0	0	0	0	0	0	0	0	0	0	0	0	0	0	0	0	0	0	0	0	0	0	0	0	0	0	0	0	0	0	0	0	0	0	0	0	0	0	0	0	0	0	0	0
0	0	0	0	0	0	0	0.83762517160578	0	0	0.967615143863061	0.791479289023076	0	0	0.648211850144464	0	0	0	0.730327566568498	0	0.88368423254752	0.926081576169161	0	0	0	0.764331772092303	0	0	0.738236030712856	0	0	0	0	0.902034865358852	0	0.944462325469439	0.781217600938314	0	0	0	0	0	0	0.999347916044591	0	0	0	0	0	0	0	0	0	0	0	0	0	0	0	0	0	0	0	0	0	0	0	0	0	0	0	0	0	0	0	0	0	0	0	0	0	0	0	0	0	0	0	0	0	0
0	0	0	0	0.978679255144336	0	0	0	0.748822128719607	0	0.965201706053918	0.965947340039102	0.961024767811036	0	0	0	0	0	0.511820657024878	0	0	0	0	0	0	0	0.776040096245253	0	0	0	0.950291682936883	0	0	0.514211252402871	0.54643454982503	0.530465674186257	0.892391063148554	0	0.646987311357588	0	0	0	0	0	0	0	0	0	0	0	0	0	0	0	0	0	0	0	0	0	0	0	0	0	0	0	0	0	0	0	0	0	0	0	0	0	0	0	0	0	0	0	0	0	0	0	0	0	0	0
0	0	0	0.836606255708853	0	0	0	0	0	0.899546333783231	0	0.820214596245463	0.689529736311495	0	0	0	0.648708240806388	0	0	0	0	0	0.529834066586883	0	0	0.856721741793842	0.757325574405854	0	0	0	0	0.599074262644688	0.676828810470402	0	0.684542734416209	0	0	0.928617834465737	0	0	0	0	0	0	0	0	0	0	0	0	0	0	0	0	0	0	0	0	0	0	0	0	0	0	0	0	0	0	0	0	0	0	0	0	0	0	0	0	0	0	0	0	0	0	0	0	0	0	0	0
0	0.822477801267766	0	0	0.972719900868849	0	0	0	0	0	0.829272325407441	0	0	0	0	0	0.900379103180799	0	0	0	0	0	0	0	0	0.739677745760226	0.933559747139869	0.879962397130477	0.730578140362825	0.844196948290234	0.585256755850522	0	0.78722238237538	0.967597596528637	0	0.526717820658876	0	0	0	0	0	0	0	0	0	0	0	0	0	0	0	0	0	0	0	0	0	0	0	0	0	0	0	0	0	0	0	0	0	0	0	0	0	0	0	0	0	0	0	0	0	0	0	0	0	0	0	0	0	0
0	0.586343430315965	0	0	0.763951827680227	0.532691135039222	0	0	0.616685357152669	0	0.896431645278405	0	0.860398031294049	0	0	0	0.537583579267594	0	0.906318028387855	0	0	0.969854337852694	0.828294612048915	0.852822471020218	0	0	0.809060085379616	0.934940083186898	0.712931963005113	0	0	0.752410834886846	0.972550174707409	0	0.900008038440941	0	0	0.78907572697319	0.593619617395758	0.953241824238885	0	0	0.678182884779688	0	0.559826697400568	0	0	0	0	0	0	0	0	0	0	0	0	0	0	0	0	0	0	0	0	0	0	0	0	0	0	0	0	0	0	0	0	0	0	0	0	0	0	0	0	0	0	0	0	0
0	0.74481980439035	0.934026570821668	0.803977262497086	0.517018489872195	0	0	0	0	0	0.874913638222237	0	0	0	0.680845142521466	0	0	0	0	0	0	0	0.700815411150063	0.921525128901449	0	0	0	0	0	0.745865256737372	0	0.838040429904635	0.522870145282281	0	0	0	0	0	0.574302860271438	0	0.64828122430496	0	0.973508432364393	0	0	0	0	0	0	0	0	0	0	0	0	0	0	0	0	0	0	0	0	0	0	0	0	0	0	0	0	0	0	0	0	0	0	0	0	0	0	0	0	0	0	0	0	0	0	0
0	0	0	0.854846673536128	0	0	0.80672204354139	0	0.513541469837971	0	0	0.572162775468818	0.82513248304932	0	0	0	0.96005189230411	0	0	0.778165609338968	0	0	0	0	0	0.622260002259037	0	0	0	0.772462649090659	0	0	0	0.711306860712964	0	0.836061884600079	0	0	0	0.620245451890046	0	0	0	0.672980215108776	0.652792894444871	0	0	0	0	0	0	0	0	0	0	0	0	0	0	0	0	0	0	0	0	0	0	0	0	0	0	0	0	0	0	0	0	0	0	0	0	0	0	0	0	0	0	0	0	0
0	0	0.514925163321097	0	0	0	0	0	0	0	0	0.821561822738015	0	0	0	0	0	0	0.63626401746585	0	0	0.994158567906737	0.709013099019229	0	0	0.515368563932849	0.512093518228412	0	0	0	0	0	0.64207147584916	0	0	0.729299526001204	0.525795400599394	0	0	0	0	0.628947852213104	0.90264894395373	0	0	0	0	0	0	0	0	0	0	0	0	0	0	0	0	0	0	0	0	0	0	0	0	0	0	0	0	0	0	0	0	0	0	0	0	0	0	0	0	0	0	0	0	0	0	0
0.824522410997128	0.54497223980178	0	0	0.545365986505745	0	0	0.926140828260221	0	0	0	0.817808227022284	0	0	0	0	0	0	0	0	0.639495288493285	0	0	0	0	0	0.671384395361912	0.510004554514903	0.785079277128999	0	0.655204180075216	0	0	0	0	0.842372241138795	0	0.703113256075673	0	0	0	0.829627439342506	0	0.974219508524933	0	0	0	0	0	0	0	0	0	0	0	0	0	0	0	0	0	0	0	0	0	0	0	0	0	0	0	0	0	0	0	0	0	0	0	0	0	0	0	0	0	0	0	0	0	0
0	0	0.727165878114464	0	0.659145732327633	0	0	0	0	0.684494427210402	0	0.696077150881349	0	0.983462648025961	0	0.597112107541031	0	0	0	0	0	0.83531739296919	0	0	0	0.770161163996907	0.970943272158638	0.554263156269562	0	0.712962981601221	0	0	0	0	0	0	0.627142098554557	0	0	0	0	0	0	0.614614374808285	0	0	0	0	0	0	0	0	0	0	0	0	0	0	0	0	0	0	0	0	0	0	0	0	0	0	0	0	0	0	0	0	0	0	0	0	0	0	0	0	0	0	0	0	0	0
0	0.552592595154737	0	0.634331163477221	0.633298658999054	0	0	0.627856553969809	0	0	0	0	0	0.821570077564601	0	0.869917089660817	0	0	0	0.984214136802555	0	0.721948760302683	0	0	0	0	0.713683671970038	0	0	0	0	0	0	0	0	0	0	0	0.862583934090143	0.547473345655782	0	0	0	0	0	0	0	0	0	0	0	0	0	0	0	0	0	0	0	0	0	0	0	0	0	0	0	0	0	0	0	0	0	0	0	0	0	0	0	0	0	0	0	0	0	0	0	0	0	0
0	0	0	0.57688847006986	0	0	0	0.645060197169943	0.857646672260728	0	0	0	0.812573015653999	0	0	0	0	0.734986316385417	0	0	0	0.777970596748874	0	0	0	0	0	0	0.693170459735375	0	0	0	0	0	0	0.976694188543234	0.777933212597172	0	0.551665204651227	0	0	0	0	0	0.940607617496705	0	0	0	0	0	0	0	0	0	0	0	0	0	0	0	0	0	0	0	0	0	0	0	0	0	0	0	0	0	0	0	0	0	0	0	0	0	0	0	0	0	0	0	0	0
0	0	0	0	0.630503180852878	0	0	0	0	0	0.943191367876959	0	0	0	0.813158282027082	0	0	0	0.911428548892342	0	0	0	0	0	0.579462594495215	0	0.51846512357211	0.704503354313026	0	0	0	0.567054232131539	0	0	0	0	0	0.503393865982377	0	0.589023085335152	0.934737869814303	0	0	0	0.654171311443911	0	0	0	0	0	0	0	0	0	0	0	0	0	0	0	0	0	0	0	0	0	0	0	0	0	0	0	0	0	0	0	0	0	0	0	0	0	0	0	0	0	0	0	0	0
0	0	0	0.641695702288294	0	0	0.967223007618406	0	0	0	0	0	0	0	0.716810339033694	0.852632948162034	0	0.803154910349509	0.845642877854597	0.946434634862196	0	0	0	0	0.65477060867594	0.915700137655668	0	0	0	0	0	0	0	0	0	0.984727661529065	0	0.622408375245206	0	0	0	0	0.548842549477195	0.681097137879712	0	0	0	0	0	0	0	0	0	0	0	0	0	0	0	0	0	0	0	0	0	0	0	0	0	0	0	0	0	0	0	0	0	0	0	0	0	0	0	0	0	0	0	0	0	0
0	0	0	0	0	0	0	0	0	0	0	0	0	0	0	0	0	0	0	0	0	0	0	0	0	0	0	0	0	0	0	0	0	0	0	0	0	0	0	0	0	0	0	0	0	0	0.938290128116509	0.837980088246699	0.890560317142012	0	0	0	0	0	0	0	0	0	0	0	0	0	0	0	0	0	0	0	0	0	0	0	0	0	0	0	0	0	0	0	0	0	0	0	0	0	0	0.521365020196262	0.605578621848652	0.504302039007398
0	0	0	0	0	0	0	0	0	0	0	0	0	0	0	0	0	0	0	0	0	0	0	0	0	0	0	0	0	0	0	0	0	0	0	0	0	0	0	0	0	0	0	0	0	0.507816595254608	0	0.544438792771745	0.665487539975377	0.720106861213621	0	0	0	0	0	0	0	0	0	0	0	0	0	0	0	0	0	0	0	0	0	0	0	0	0	0	0	0	0	0	0	0	0	0	0	0	0	0	0.870580556522092	0.832334585281976
0	0	0	0	0	0	0	0	0	0	0	0	0	0	0	0	0	0	0	0	0	0	0	0	0	0	0	0	0	0	0	0	0	0	0	0	0	0	0	0	0	0	0	0	0	0.913995171936146	0.815924500841061	0	0.745245058992044	0.844792775853067	0.780649548488021	0	0	0	0	0	0	0	0	0	0	0	0	0	0	0	0	0	0	0	0	0	0	0	0	0	0	0	0	0	0	0	0	0	0	0	0	0	0	0.739387350588745
0	0	0	0	0	0	0	0	0	0	0	0	0	0	0	0	0	0	0	0	0	0	0	0	0	0	0	0	0	0	0	0	0	0	0	0	0	0	0	0	0	0	0	0	0	0.775766293087033	0.675250106628983	0.901434510789418	0	0.511258811983824	0.977204804471965	0.579040170562611	0	0	0	0	0	0	0	0	0	0	0	0	0	0	0	0	0	0	0	0	0	0	0	0	0	0	0	0	0	0	0	0	0	0	0	0	0	0
0	0	0	0	0	0	0	0	0	0	0	0	0	0	0	0	0	0	0	0	0	0	0	0	0	0	0	0	0	0	0	0	0	0	0	0	0	0	0	0	0	0	0	0	0	0	0.844048782923303	0.731482963810759	0.772106117822717	0	0.597917865336756	0.84231620355889	0.883054231013926	0	0	0	0	0	0	0	0	0	0	0	0	0	0	0	0	0	0	0	0	0	0	0	0	0	0	0	0	0	0	0	0	0	0	0	0	0
0	0	0	0	0	0	0	0	0	0	0	0	0	0	0	0	0	0	0	0	0	0	0	0	0	0	0	0	0	0	0	0	0	0	0	0	0	0	0	0	0	0	0	0	0	0	0	0.792160124326005	0.618077304156702	0.517715178893573	0	0.78455250751173	0.991891713530861	0.960291987216414	0	0	0	0	0	0	0	0	0	0	0	0	0	0	0	0	0	0	0	0	0	0	0	0	0	0	0	0	0	0	0	0	0	0	0	0
0	0	0	0	0	0	0	0	0	0	0	0	0	0	0	0	0	0	0	0	0	0	0	0	0	0	0	0	0	0	0	0	0	0	0	0	0	0	0	0	0	0	0	0	0	0	0	0	0.819004156495498	0.831825310378532	0.956258696887602	0	0.846102546051581	0.896096020794165	0.949224071055679	0	0	0	0	0	0	0	0	0	0	0	0	0	0	0	0	0	0	0	0	0	0	0	0	0	0	0	0	0	0	0	0	0	0	0
0	0	0	0	0	0	0	0	0	0	0	0	0	0	0	0	0	0	0	0	0	0	0	0	0	0	0	0	0	0	0	0	0	0	0	0	0	0	0	0	0	0	0	0	0	0	0	0	0	0.59734436261637	0.535585419609123	0.838148803224296	0	0.708887697417687	0.868211154377717	0.951532281367175	0	0	0	0	0	0	0	0	0	0	0	0	0	0	0	0	0	0	0	0	0	0	0	0	0	0	0	0	0	0	0	0	0	0
0	0	0	0	0	0	0	0	0	0	0	0	0	0	0	0	0	0	0	0	0	0	0	0	0	0	0	0	0	0	0	0	0	0	0	0	0	0	0	0	0	0	0	0	0	0	0	0	0	0	0.950066470775651	0.827809001528329	0.882108514646517	0	0.567403720618197	0.872245558281181	0.683887249515905	0	0	0	0	0	0	0	0	0	0	0	0	0	0	0	0	0	0	0	0	0	0	0	0	0	0	0	0	0	0	0	0	0
0	0	0	0	0	0	0	0	0	0	0	0	0	0	0	0	0	0	0	0	0	0	0	0	0	0	0	0	0	0	0	0	0	0	0	0	0	0	0	0	0	0	0	0	0	0	0	0	0	0	0	0.625127052508727	0.850412274674119	0.653622967156191	0	0.967707560342754	0.991116869062449	0.961399201866048	0	0	0	0	0	0	0	0	0	0	0	0	0	0	0	0	0	0	0	0	0	0	0	0	0	0	0	0	0	0	0	0
0	0	0	0	0	0	0	0	0	0	0	0	0	0	0	0	0	0	0	0	0	0	0	0	0	0	0	0	0	0	0	0	0	0	0	0	0	0	0	0	0	0	0	0	0	0	0	0	0	0	0	0	0.891008403698717	0.893758964743379	0.581736108916998	0	0.584076107077044	0.819834460826555	0.963450615098626	0	0	0	0	0	0	0	0	0	0	0	0	0	0	0	0	0	0	0	0	0	0	0	0	0	0.528853269230967	0	0	0	0	0
0	0	0	0	0	0	0	0	0	0	0	0	0	0	0	0	0	0	0	0	0	0	0	0	0	0	0	0	0	0	0	0	0	0	0	0	0	0	0	0	0	0	0	0	0	0	0	0	0	0	0	0	0	0.621928547115238	0.696920837134538	0.676762540229828	0	0.961240046008973	0.791697023000846	0.680557031189662	0	0	0	0	0	0	0	0	0	0	0	0	0	0	0	0	0	0	0	0	0	0	0	0	0	0	0	0	0	0
0	0	0	0	0	0	0	0	0	0	0	0	0	0	0	0	0	0	0	0	0	0	0	0	0	0	0	0	0	0	0	0	0	0	0	0	0	0	0	0	0	0	0	0	0	0	0	0	0	0	0	0	0	0	0.704724379703225	0.703523188938777	0.916617173022024	0	0.631270368112665	0.744863941827117	0.88912318745313	0	0	0	0	0	0	0	0	0	0	0	0	0	0	0	0	0	0	0	0	0	0	0	0	0	0	0	0	0
0	0	0	0	0	0	0	0	0	0	0	0	0	0	0	0	0	0	0	0	0	0	0	0	0	0	0	0	0	0	0	0	0	0	0	0	0	0	0	0	0	0	0	0	0	0	0	0	0	0	0	0	0	0	0	0.582557846994181	0.822598104353703	0.682023767005131	0	0.848900432386069	0.882468620024698	0.76389593884649	0	0	0	0	0	0	0	0	0	0	0	0	0	0	0	0	0	0	0	0	0	0	0	0	0	0	0	0
0	0	0	0	0	0	0	0	0	0	0	0	0	0	0	0	0	0	0	0	0	0	0	0	0	0	0	0	0	0	0	0	0	0	0	0	0	0	0	0	0	0	0	0	0	0	0	0	0	0	0	0	0	0	0	0	0.923511353604958	0.700599192873841	0.713958651329454	0	0.761270244252465	0.77179845131394	0.981782139888718	0	0	0	0	0	0	0	0	0	0	0	0	0	0	0	0	0	0	0	0	0	0	0	0	0	0	0
0	0	0	0	0	0	0	0	0	0	0	0	0	0	0	0	0	0	0	0	0	0	0	0	0	0	0	0	0	0	0	0	0	0	0	0	0	0	0	0	0	0	0	0	0	0	0	0	0	0	0	0	0	0	0	0	0	0.791564674780717	0.806052656751205	0.610968289360076	0	0.930466461422431	0.630431768382637	0.741782276277695	0	0	0	0	0	0	0	0	0	0	0	0	0	0	0	0	0	0	0	0	0	0	0	0	0	0
0	0	0	0	0	0	0	0	0	0	0	0	0	0	0	0	0	0	0	0	0	0	0	0	0	0	0	0	0	0	0	0	0	0	0	0	0	0	0	0	0	0	0	0	0	0	0	0	0	0	0	0	0	0	0	0	0	0	0.82570513567068	0.568884817735035	0.940094232366508	0	0.960866580290366	0.729635830884367	0.955064425047337	0	0	0	0	0	0	0	0	0	0	0	0	0	0	0	0	0	0	0	0	0	0	0	0	0
0	0	0	0	0	0	0	0	0	0	0	0	0	0	0	0	0	0	0	0	0	0	0	0	0	0	0	0	0	0	0	0	0	0	0	0	0	0	0	0	0	0	0	0	0	0	0	0	0	0	0	0	0	0	0	0	0	0	0	0.669046542957308	0.544814798628397	0.517111685673847	0	0.821737955528277	0.671984604546912	0.737093072374759	0	0	0	0	0	0	0	0	0	0	0	0	0	0	0	0	0	0	0	0	0	0	0	0
0	0	0	0	0	0	0	0	0	0	0	0	0	0	0	0	0	0	0	0	0	0	0	0	0	0	0	0	0	0	0	0	0	0	0	0	0	0	0	0	0	0	0	0	0	0	0	0	0	0	0	0	0	0	0	0	0	0	0	0	0.93779086019024	0.789525365391737	0.747513231933732	0	0.81515777805177	0.980705335517251	0.993057959943613	0	0	0	0	0	0	0	0	0	0	0	0	0	0	0	0	0	0	0	0	0	0	0
0	0	0	0	0	0	0	0	0	0	0	0	0	0	0	0	0	0	0	0	0	0	0	0	0	0	0	0	0	0	0	0	0	0	0	0	0	0	0	0	0	0	0	0	0	0	0	0	0	0	0	0	0	0	0	0	0	0	0	0	0	0.95937003190193	0.730789294174373	0.773392020585498	0	0.893808906987911	0.692478239553324	0.817236384226302	0	0	0	0	0	0	0	0	0	0	0	0	0	0	0	0	0	0	0	0	0	0
0	0	0	0	0	0	0	0	0	0	0	0	0	0	0	0	0	0	0	0	0	0	0	0	0	0	0	0	0	0	0	0	0	0	0	0	0	0	0	0	0	0	0	0	0	0	0	0	0	0	0	0	0	0	0	0	0	0	0	0	0	0	0.735759481174182	0.677903539580044	0.544560083971483	0	0.984168131996145	0.956243359757471	0.836016296831375	0	0	0	0	0	0	0	0	0	0	0	0	0	0	0	0	0	0	0	0	0
0	0	0	0	0	0	0	0	0	0	0	0	0	0	0	0	0	0	0	0	0	0	0	0	0	0	0	0	0	0	0	0	0	0	0	0	0	0	0	0	0	0	0	0	0	0	0	0	0	0	0	0	0	0	0	0	0	0	0	0	0	0	0	0.791369816774486	0.762936855173542	0.731101316750646	0	0.517429798650669	0.814724993352118	0.641117978463248	0	0	0	0	0	0	0	0	0	0	0	0	0	0	0	0	0	0	0	0
0	0	0	0	0	0	0	0	0	0	0	0	0	0	0	0	0	0	0	0	0	0	0	0	0	0	0	0	0	0	0	0	0	0	0	0	0	0	0	0	0	0	0	0	0	0	0	0	0	0	0	0	0	0	0	0	0	0	0	0	0	0	0	0	0.77059039169235	0.63406614560594	0.622619344386184	0	0.62096715471335	0.602862398397202	0.804836345860361	0	0	0	0	0	0	0	0	0	0	0	0	0	0	0	0	0	0	0
0	0	0	0	0	0	0	0	0	0	0	0	0	0	0	0	0	0	0	0	0	0	0	0	0	0	0	0	0	0	0	0	0	0	0	0	0	0	0	0	0	0	0	0	0	0	0	0	0	0	0	0	0	0	0	0	0	0	0	0	0	0	0	0	0	0.952813767870438	0.994195477697538	0.913624174118099	0	0.935560815847459	0.885503811724184	0	0.777993446551497	0	0	0	0	0	0	0	0	0	0	0	0	0	0	0	0	0
0	0	0	0	0	0	0	0	0	0	0	0	0	0	0	0	0	0	0	0	0	0	0	0	0	0	0	0	0	0	0	0	0	0	0	0	0	0	0	0	0	0	0	0	0	0	0	0	0	0	0	0	0	0	0	0	0	0	0	0	0	0	0	0	0	0	0.680833089222191	0.912718524420219	0.696964899727086	0	0.700994265422494	0.730868256429024	0.838088817231779	0	0	0	0	0	0	0	0	0	0	0	0	0	0	0	0	0
0	0	0	0	0	0	0	0	0	0	0	0	0	0	0	0	0	0	0	0	0	0	0	0	0	0	0	0	0	0	0	0	0	0	0	0	0	0	0	0	0	0	0	0	0	0	0	0	0	0	0	0	0	0	0	0	0	0	0	0	0	0	0	0	0	0	0	0.985643495564453	0.585688982205339	0.579515383002949	0	0.6833167874374	0.962876261600749	0.97366958024847	0	0	0	0	0	0	0	0	0	0	0	0	0	0	0	0
0	0	0	0	0	0	0	0	0	0	0	0	0	0	0	0	0	0	0	0	0	0	0	0	0	0	0	0	0	0	0	0	0	0	0	0	0	0	0	0	0	0	0	0	0	0	0	0	0	0	0	0	0	0	0	0	0	0	0	0	0	0	0	0	0	0	0	0	0	0.678135464953116	0.725235498128595	0	0.588189437044114	0.870518781057111	0.999479511808065	0	0	0	0	0	0	0	0	0	0	0	0	0	0	0
0	0	0	0	0	0	0	0	0	0	0	0	0	0	0	0	0	0	0	0	0	0	0	0	0	0	0	0	0	0	0	0	0	0	0	0	0	0	0	0	0	0	0	0	0	0	0	0	0	0	0	0	0	0	0	0	0	0	0	0	0	0	0	0	0	0	0	0	0.609800994739538	0.765866809663242	0.560661236191453	0.830374366171918	0	0.574865316877631	0.714701844913653	0.851191602937316	0	0	0	0	0	0	0	0	0	0	0	0	0	0
0	0	0	0	0	0	0	0	0	0	0	0	0	0	0	0	0	0	0	0	0	0	0	0	0	0	0	0	0	0	0	0	0	0	0	0	0	0	0	0	0	0	0	0	0	0	0	0	0	0	0	0	0	0	0	0	0	0	0	0	0	0	0	0	0	0	0	0	0	0	0.870084039287134	0.551224768170915	0.809662655071779	0	0.866354275423084	0.770432926262434	0.912756662002347	0	0	0	0	0	0	0	0	0	0	0	0	0
0	0	0	0	0	0	0	0	0	0	0	0	0	0	0	0	0	0	0	0	0	0	0	0	0	0	0	0	0	0	0	0	0	0	0	0	0	0	0	0	0	0	0	0	0	0	0	0	0	0	0	0	0	0	0	0	0	0	0	0	0	0	0	0	0	0	0	0	0	0	0	0.958105131052064	0.984935384572227	0.730326444913522	0	0.894063563140497	0.610874992690502	0.849719957979881	0	0	0	0	0	0	0	0	0	0	0	0
0	0	0	0	0	0	0	0	0	0	0	0	0	0	0	0	0	0	0	0	0	0	0	0	0	0	0	0	0	0	0	0	0	0	0	0	0	0	0	0	0	0	0	0	0	0	0	0	0	0	0	0	0	0	0	0	0	0	0	0	0	0	0	0	0	0	0	0	0	0	0	0	0.885651177139451	0.517553304837837	0.954823411989096	0	0.856325777029889	0.835100830925639	0.990912061372962	0	0	0	0	0	0	0	0	0	0	0
0	0	0	0	0	0	0	0	0	0	0	0	0	0	0	0	0	0	0	0	0	0	0	0	0	0	0	0	0	0	0	0	0	0	0	0	0	0	0	0	0	0	0	0	0	0	0	0	0	0	0	0	0	0	0	0	0	0	0	0	0	0	0	0	0	0	0	0	0	0	0	0	0	0.84470629826657	0.585950208421651	0.664728417676685	0	0.873545907752331	0.530982485965249	0.589330945743309	0	0	0	0	0	0	0	0	0	0
0	0	0	0	0	0	0	0	0	0	0	0	0	0	0	0	0	0	0	0	0	0	0	0	0	0	0	0	0	0	0	0	0	0	0	0	0	0	0	0	0	0	0	0	0	0	0	0	0	0	0	0	0	0	0	0	0	0	0	0	0	0	0	0	0	0	0	0	0	0	0	0	0	0	0.594704015074657	0.720311267043442	0.507484724819738	0	0.825475176882595	0.55196939206043	0.863706062646745	0	0	0	0	0	0	0	0	0
0	0	0	0	0	0	0	0	0	0	0	0	0	0	0	0	0	0	0	0	0	0	0	0	0	0	0	0	0	0	0	0	0	0	0	0	0	0	0	0	0	0	0	0	0	0	0	0	0	0	0	0	0	0	0	0	0	0	0	0	0	0	0	0	0	0	0	0	0	0	0	0	0	0	0	0.559252704752229	0.81979251360253	0.763378198162907	0	0.516887517376738	0.909344824432793	0.929546393075882	0	0	0	0	0	0	0	0
0	0	0	0	0	0	0	0	0	0	0	0	0	0	0	0	0	0	0	0	0	0	0	0	0	0	0	0	0	0	0	0	0	0	0	0	0	0	0	0	0	0	0	0	0	0	0	0	0	0	0	0	0	0	0	0	0	0	0	0	0	0	0	0	0	0	0	0	0	0	0	0	0	0	0	0	0.653929320224206	0.993281992960231	0.917326325477596	0	0.955523486211394	0.962201410103003	0.510066127617875	0	0	0	0	0	0	0
0	0	0	0	0	0	0	0	0	0	0	0	0	0	0	0	0	0	0	0	0	0	0	0	0	0	0	0	0	0	0	0	0	0	0	0	0	0	0	0	0	0	0	0	0	0	0	0	0	0	0	0	0	0	0	0	0	0	0	0	0	0	0	0	0	0	0	0	0	0	0	0	0	0	0	0	0	0.966930785875351	0.908648737674999	0.619586214056301	0	0.582754401899127	0.990687139710135	0.993707947937586	0	0	0	0	0	0
0	0	0	0	0	0	0	0	0	0	0	0	0	0	0	0	0	0	0	0	0	0	0	0	0	0	0	0	0	0	0	0	0	0	0	0	0	0	0	0	0	0	0	0	0	0	0	0	0	0	0	0	0	0	0	0	0	0	0	0	0	0	0	0	0	0	0	0	0	0	0	0	0	0	0	0	0	0	0.501593770250416	0.949811319421214	0.904711071833702	0	0.663992401068113	0.678203540509837	0.766278715468846	0	0	0	0	0
0	0	0	0	0	0	0	0	0	0	0	0	0	0	0	0	0	0	0	0	0	0	0	0	0	0	0	0	0	0	0	0	0	0	0	0	0	0	0	0	0	0	0	0	0	0	0	0	0	0	0	0	0	0	0	0	0	0	0	0	0	0	0	0	0	0	0	0	0	0	0	0	0	0	0	0	0	0	0	0.872637040246465	0.722124100600883	0.562757527824505	0	0.952000096426586	0.978304033744263	0.654775024335035	0	0	0	0
0	0	0	0	0	0	0	0	0	0	0	0	0	0	0	0	0	0	0	0	0	0	0	0	0	0	0	0	0	0	0	0	0	0	0	0	0	0	0	0	0	0	0	0	0	0	0	0	0	0	0	0	0	0	0	0	0	0	0	0	0	0	0	0	0	0	0	0	0	0	0	0	0	0	0	0	0	0	0	0	0.721078727999916	0.565086961876103	0.520009962352543	0	0.7655817767171	0.90483108303718	0.82111295901874	0	0	0
0	0	0	0	0	0	0	0	0	0	0	0	0	0	0	0	0	0	0	0	0	0	0	0	0	0	0	0	0	0	0	0	0	0	0	0	0	0	0	0	0	0	0	0	0	0	0	0	0	0	0	0	0	0	0	0.921623424694238	0	0	0	0	0	0	0	0	0	0	0	0	0	0	0	0	0	0	0	0	0	0	0	0	0	0.540671866966645	0.921291071048188	0.529902115454993	0	0.870526550103402	0	0.698783118447387	0	0
0	0	0	0	0	0	0	0	0	0	0	0	0	0	0	0	0	0	0	0	0	0	0	0	0	0	0	0	0	0	0	0	0	0	0	0	0	0	0	0	0	0	0	0	0	0	0	0	0	0	0	0	0	0	0	0	0	0	0	0	0	0	0	0	0	0	0	0	0	0	0	0	0	0	0	0	0	0	0	0	0	0	0.837139790071319	0.558392037985383	0.711849974053182	0	0.965522388800506	0.839474849499223	0.780740874239321	0
0	0	0	0	0	0	0	0	0	0	0	0	0	0	0	0	0	0	0	0	0	0	0	0	0	0	0	0	0	0	0	0	0	0	0	0	0	0	0	0	0	0	0	0	0	0	0	0	0	0	0	0	0	0	0	0	0	0	0	0	0	0	0	0	0	0	0	0	0	0	0	0	0	0	0	0	0	0	0	0	0	0	0	0.694045861055722	0	0.681792575725527	0	0.515056533750131	0.655709564157055	0.658222036964978
0	0	0	0	0	0	0	0	0	0	0	0	0	0	0	0	0	0	0	0	0	0	0	0	0	0	0	0	0	0	0	0	0	0	0	0	0	0	0	0	0	0	0	0	0	0.793529240075502	0	0	0	0	0	0	0	0	0	0	0	0	0	0	0	0	0	0	0	0	0	0	0	0	0	0	0	0	0	0	0	0	0	0	0	0	0	0	0.899452213261	0.979119379057118	0.783694712821728	0	0.850608435832129	0.824814831176601
0	0	0	0	0	0	0	0	0	0	0	0	0	0	0	0	0	0	0	0	0	0	0	0	0	0	0	0	0	0	0	0	0	0	0	0	0	0	0	0	0	0	0	0	0	0.642810498535173	0.613782679827692	0	0	0	0	0	0	0	0	0	0	0	0	0	0	0	0	0	0	0	0	0	0	0	0	0	0	0	0	0	0	0	0	0	0	0	0	0	0	0.941950569307128	0.796860658136518	0.833221390177087	0	0.762812738730228
0	0	0	0	0	0	0	0	0	0	0	0	0	0	0	0	0	0	0	0	0	0	0	0	0	0	0	0	0	0	0	0	0	0	0	0	0	0	0	0	0	0	0	0	0	0.897317239504191	0.736915962723188	0.702165798071165	0	0	0	0	0	0	0	0	0	0	0	0	0	0	0	0	0	0	0	0	0	0	0	0	0	0	0	0	0	0	0	0	0	0	0	0	0	0	0.890999138662531	0.524923894684056	0.783959283278951	0
