0	0	0.830145124851636	0.950586445208919	0	0.591951008729462	0	0	0	0.573044574459127	0	0.989706140254518	0	0	0.931534680134579	0	0.990095335687865	0.515501229081899	0	0	0	0	0	0.970526609302351	0.649281649829789	0	0	0.742389759246253	0	0	0	0.935195311475011	0	0	0	0	0	0	0.532823660652692	0	0.765896322979941	0.585945390630912	0	0	0	0	0	0	0	0	0	0	0	0	0	0	0	0	0	0	0	0	0	0	0	0	0	0	0	0	0	0	0	0	0	0	0	0	0	0	0	0	0	0	0	0	0	0	0	0
0	0	0	0	0	0.718677887389775	0.736858985934698	0	0.784907903349249	0	0	0	0.936413179575665	0.547707179937127	0	0	0	0.859157096160903	0	0	0	0	0.680665851519468	0	0	0.825653810386214	0	0.835725238926826	0	0	0	0.871784989505708	0	0	0.649456348629628	0.863206945926527	0	0	0.857809351811044	0	0	0	0	0	0	0	0	0	0	0	0	0	0	0	0	0	0	0	0	0	0	0	0	0	0	0	0	0	0	0	0	0	0	0	0	0	0	0	0	0	0	0	0	0	0	0	0	0	0	0
0.760076013969282	0	0	0	0	0	0.876483428543364	0	0	0	0	0	0	0	0	0	0	0.696146430807362	0.988381215281103	0	0	0	0.847519642181093	0	0.610972008986102	0	0	0	0	0	0	0.701250448238562	0.944543939402518	0	0	0	0	0.943471710316171	0	0	0	0.664918323362217	0	0	0	0	0	0	0	0	0	0	0	0	0	0	0	0	0	0	0	0	0	0	0	0	0	0	0	0	0	0	0	0	0	0	0	0	0	0	0	0	0	0	0	0	0	0	0	0
0.707137281490667	0	0	0	0	0	0	0	0.548489946064071	0.949063701516555	0.808125177037857	0.988583865578332	0	0	0	0	0.93695248167716	0	0	0	0.737669176196829	0	0	0	0.553790489054516	0	0	0	0	0	0.922785233121249	0	0	0	0	0.831933624871098	0	0	0.728730583203961	0.924561077070426	0	0	0.780964979715205	0	0.815966870094159	0	0	0	0	0	0	0	0	0	0	0	0	0	0	0	0	0	0	0	0	0	0	0	0	0	0	0	0	0	0	0	0	0	0	0	0	0	0	0	0	0	0	0	0	0
0	0	0	0	0	0.796273650027381	0.901032254522921	0.708774421883529	0	0.586634116509743	0	0.8156611984375	0	0	0	0	0	0	0	0	0	0.845636086519683	0.599528584698616	0	0	0.735396858856657	0	0.697426620141403	0	0	0	0	0	0.89004531771692	0.85600967994731	0	0.663107532931081	0.713286395261868	0	0	0	0	0.882256955773055	0.648076541145339	0.838097886148477	0	0	0	0	0	0	0	0	0	0	0	0	0	0	0	0	0	0	0	0	0	0	0	0	0	0	0	0	0	0	0	0	0	0	0	0	0	0	0	0	0	0	0	0	0
0.9783971710646	0.898296272576437	0	0	0.708364354522351	0	0.874972398099981	0	0	0.924783997549804	0	0	0	0	0.698420089427505	0.641619331294565	0	0	0.909207425479426	0.636404190008745	0	0	0	0	0	0	0	0	0	0	0	0.685650522663828	0.867696806193891	0	0	0	0	0	0	0	0	0	0.897379924152728	0.836727865090176	0	0	0	0	0	0	0	0	0	0	0	0	0	0	0	0	0	0	0	0	0	0	0	0	0	0	0	0	0	0	0	0	0	0	0	0	0	0	0	0	0	0	0	0	0	0
0	0.829252546947304	0.782788250583114	0	0.962911484853795	0.849493661416654	0	0.969822546990303	0	0	0	0.885663471829156	0.524044465360492	0.929509768874317	0.814136317298965	0	0	0	0	0	0	0	0	0	0	0.608061755516548	0	0.821455880177286	0.575824305017052	0	0.774030449601472	0	0	0.910673976156743	0.74098907551591	0.622615063495212	0	0.607483285465096	0	0.696194373640944	0	0	0	0	0	0	0	0	0	0	0	0	0	0	0	0	0	0	0	0	0	0	0	0	0	0	0	0	0	0	0	0	0	0	0	0	0	0	0	0	0	0	0	0	0	0	0	0	0	0
0	0	0	0	0.648998145020439	0	0.771674252883602	0	0	0	0.618699671698103	0	0	0.663647943907564	0.756581259006728	0	0	0	0	0.65965205329957	0	0	0	0	0	0	0.861604349368936	0.543315273188492	0	0.768377145003944	0.601474210395192	0	0.527817833026124	0	0	0.534398128739428	0.770785671031314	0	0	0	0	0.881265895718052	0.720434187875545	0	0.849967036423707	0	0	0	0	0	0	0	0	0	0	0	0	0	0	0	0	0	0	0	0	0	0	0	0	0	0	0	0	0	0	0	0	0	0	0	0	0	0	0	0	0	0	0	0	0
0	0.521136752151362	0	0.808892647598315	0	0	0	0	0	0	0	0	0	0.734368578579116	0	0	0	0	0.785138558883147	0	0.569893168240269	0.561378015525642	0	0	0	0	0.559235120575561	0.717978937845741	0.828980932767398	0	0	0.514061239988217	0.53684273978161	0	0	0	0.823278803859596	0	0	0	0	0	0	0	0	0	0	0	0	0	0	0	0	0	0	0	0	0	0	0	0	0	0	0	0	0	0	0	0	0	0	0	0	0	0	0	0	0	0	0	0	0	0	0	0	0	0	0	0	0
0.853631628387489	0	0	0.837165766452605	0.719644022396926	0.525170744133297	0	0	0	0	0.627207787951303	0	0	0	0.668469319150756	0.932433465349579	0.655570493509361	0	0	0.919135984537056	0.676671587502468	0	0	0	0	0	0	0	0.763481784758342	0	0.719553909428185	0.861674203856519	0.941504647861797	0	0	0	0	0.704043022518759	0	0	0	0.926665505135687	0	0	0	0	0	0	0	0	0	0	0	0	0	0	0	0	0	0	0	0	0	0	0	0	0	0	0	0	0	0	0	0	0	0	0	0	0	0	0	0	0	0	0	0	0	0	0	0
0	0	0	0.977294697679427	0	0	0	0.526670718231626	0	0.998976915869872	0	0.847398751047285	0.559989928078116	0.709280090231259	0	0	0.566941352395492	0	0	0	0.537214039770141	0	0	0.655038360730313	0.894954857647588	0	0.762845068574057	0	0	0.613964327430117	0.675484319759285	0	0	0	0	0	0.800887357080375	0.599332264318819	0.970767985776798	0.609837054196333	0	0	0	0	0.660491899105881	0	0	0	0	0	0	0	0	0	0	0	0	0	0	0	0	0	0	0	0	0	0	0	0	0	0	0	0	0	0	0	0	0	0	0	0	0	0	0	0	0	0	0	0	0
0.508759152578451	0	0	0.73929531814503	0.5422676624516	0	0.599367905689963	0	0	0	0.889281676960316	0	0	0	0	0.869916277357764	0.988211490445747	0.87598603102483	0	0	0	0	0	0	0	0	0.939143840615954	0	0	0.850702554335316	0	0	0	0.730961943857357	0.891809888709587	0.827699182438869	0	0	0.9959606020262	0	0	0.743200400992809	0	0.822233424600976	0	0	0	0	0	0	0	0	0	0	0	0	0	0	0	0	0	0	0	0	0	0	0	0	0	0	0	0	0	0	0	0	0	0	0	0	0	0	0	0	0	0	0	0	0	0
0	0.791892675724595	0	0	0	0	0.761012520446089	0	0	0	0.87127376442406	0	0	0	0.84771301698711	0	0	0	0	0	0	0	0.822507058913784	0	0.520983205028128	0	0	0	0	0.675042381794325	0	0	0	0.605258329373008	0.588816965630793	0.672994603935956	0	0	0	0	0	0	0.623313379068651	0	0	0	0	0	0	0	0	0	0	0	0	0	0	0	0	0	0	0	0	0	0	0	0	0	0	0	0	0	0	0	0	0	0	0	0	0	0	0	0	0	0	0	0	0	0	0
0	0.606862090393925	0	0	0	0	0.853917365458567	0.720144420803875	0.620487888475101	0	0.797101317028302	0	0	0	0	0.866697329294508	0.589214145743799	0.628201738025499	0.860923854021345	0	0	0	0	0	0	0	0	0	0.657597799598509	0	0	0.646738717237738	0	0	0	0	0	0	0	0	0.933308489646742	0	0.68157644376254	0.942187199935576	0	0	0	0	0	0	0	0	0	0	0	0	0	0	0	0	0	0	0	0	0	0	0	0	0	0	0	0	0	0	0	0	0	0	0	0	0	0	0	0	0	0	0	0	0	0
0.75842791066149	0	0	0	0	0.601677835833593	0.689112929755443	0.571192282584628	0	0.532481837112866	0	0	0.919572709301979	0	0	0	0	0	0.693442883685545	0.897799221183838	0	0	0	0	0	0	0.702533998724977	0	0.845265818305903	0.859471749136218	0	0.811842562781029	0	0.682682575128754	0.93738430345413	0	0	0.704362093356692	0	0	0.826217468132332	0	0.67061567312575	0.539266050114483	0	0	0	0	0	0	0	0	0	0	0	0	0	0	0	0	0	0	0	0	0	0	0	0	0	0	0	0	0	0	0	0	0	0	0	0	0	0	0	0	0	0	0	0	0	0
0	0	0	0	0	0.846914663754028	0	0	0	0.730056965165682	0	0.57874706718785	0	0.874070361773854	0	0	0	0	0	0.93548939760151	0	0.775078026367144	0	0.760729330413367	0	0	0	0.513619265297773	0.942035129647171	0.628622489268216	0	0	0.634699484153286	0.614950525943472	0	0	0	0.553009689635019	0	0	0	0	0	0	0.760598943760263	0	0	0	0	0	0	0	0	0	0	0	0	0	0	0	0	0	0	0	0	0	0	0	0	0	0	0	0	0	0	0	0	0	0	0	0	0	0	0	0	0	0	0	0	0
0.94423964117162	0	0	0.793796757524236	0	0	0	0	0	0.890990592499313	0.757312441155421	0.73893694968148	0	0.919951509132968	0	0	0	0	0	0	0.751808697975951	0	0	0.524315986289757	0	0	0	0	0	0	0.629368410499569	0	0	0	0	0.766706679161779	0	0	0	0.89085618895898	0.844567546464671	0	0	0	0	0	0	0	0	0	0	0	0	0	0	0	0	0	0	0	0	0	0	0	0	0	0	0	0	0	0	0	0	0	0	0	0	0	0	0	0	0	0	0	0	0	0	0	0	0
0.727396652347317	0.550333472712628	0.660468339091896	0	0	0	0	0	0	0	0	0.813329757035254	0	0.746668943524552	0	0	0	0	0.904250773476731	0	0	0	0.96919434566322	0	0	0	0	0	0	0	0	0	0.863628541794309	0	0.716419186295656	0	0	0	0	0	0	0	0	0.608339106643885	0.55637032433586	0	0	0	0	0	0	0	0	0	0	0	0	0	0	0	0	0	0	0	0	0	0	0	0	0	0	0	0	0	0	0	0	0	0	0	0	0	0	0	0	0	0	0	0	0
0	0	0.895353778542529	0	0	0.721134805715807	0	0	0.552573729876775	0	0	0	0	0.956966295430986	0.525498769034003	0	0	0.913750005985278	0	0	0.565804452819129	0.685536306259339	0.526287608886762	0	0	0.813897040998664	0	0.787948125490929	0	0	0.635391228226167	0	0	0	0.558863649534274	0	0	0	0	0	0.930254672684124	0	0	0.766127965333498	0	0	0	0	0	0	0	0	0	0	0	0	0	0	0	0	0	0	0	0	0	0	0	0	0	0	0	0	0	0	0	0	0	0	0	0	0	0	0	0	0	0	0	0	0	0
0	0	0	0	0	0.968512200572294	0	0.573843798607939	0	0.868195695490327	0	0	0	0	0.58483201399542	0.547034920100675	0	0	0	0	0.849858857924089	0	0.725401019114592	0	0	0	0	0.526792380165081	0	0	0	0	0	0.672796422491994	0	0.887116987239825	0.880410442305935	0	0	0	0.790335202170952	0	0	0.729986827517335	0	0	0	0	0	0	0	0	0	0	0	0	0	0	0	0	0	0	0	0	0	0	0	0	0	0	0	0	0	0	0	0	0	0	0	0	0	0	0	0	0	0	0	0	0	0
0	0	0	0.835214982747563	0	0	0	0	0.592878255007179	0.795432013125055	0.859177725646065	0	0	0	0	0	0.949261935852839	0	0.533363195698555	0.73656110821852	0	0	0.530529472716395	0	0	0.587137090320118	0	0.784238729911866	0	0.559442689467719	0.915861825787376	0	0	0.623097052266327	0.501992907940573	0	0	0	0	0.874957125413843	0	0	0.682124145188602	0.875461320596678	0	0	0	0	0	0	0	0	0	0	0	0	0	0	0	0	0	0	0	0	0	0	0	0	0	0	0	0	0	0	0	0	0	0	0	0	0	0	0	0	0	0	0	0	0	0
0	0	0	0	0.986094147226659	0	0	0	0.975707309902053	0	0	0	0	0	0	0.66294866199487	0	0	0.936635087322783	0	0	0	0.724702360386204	0.545825385609629	0.936010576702533	0.865324418691654	0.852884776016425	0.915841385559008	0.505061236372634	0	0	0.622932796231656	0	0	0	0	0	0	0	0	0.798016372848816	0.647352389408978	0	0	0	0	0	0	0	0	0	0	0	0	0	0	0	0	0	0	0	0	0	0	0	0	0	0	0	0	0	0	0	0	0	0	0	0	0	0	0	0	0	0	0	0	0	0	0	0
0	0.723212799012966	0.782389059369319	0	0.830174114412199	0	0	0	0	0	0	0	0.823839545177302	0	0	0	0	0.756414439867801	0.665390163743012	0.775298436888202	0.599520818583063	0.85815180088585	0	0	0	0.614709388507679	0	0.609054007183097	0	0	0.801260795322271	0.505024440291393	0.545931583117517	0	0	0	0	0	0	0.997924435698549	0	0	0.93155311526411	0	0	0	0	0	0	0	0	0	0	0	0	0	0	0	0	0	0	0	0	0	0	0	0	0	0	0	0	0	0	0	0	0	0	0	0	0	0	0	0	0	0	0	0	0	0	0
0.666628593590563	0	0	0	0	0	0	0	0	0	0.780315006243424	0	0	0	0	0.87838531474448	0.583557773172855	0	0	0	0	0.743145147687302	0	0	0.974870469884326	0	0	0	0	0	0	0	0	0	0	0	0.784498898499851	0.931193127054352	0	0	0.867405717965535	0.623520582216813	0.535197605264158	0.692345890274934	0	0	0	0	0	0	0	0	0	0	0	0	0	0	0	0	0	0	0	0	0	0	0	0	0	0	0	0	0	0	0	0	0	0	0	0	0	0	0	0	0	0	0	0	0	0
0.757089628370382	0	0.81077815983655	0.516552538222814	0	0	0	0	0	0	0.701729820151918	0	0.588192017058502	0	0	0	0	0	0	0	0	0.655350248828389	0	0.698879179681204	0	0	0	0	0.755023232584541	0.884300060100338	0.702903019098384	0.652157143032016	0	0	0.755304175971336	0	0	0.837035158366599	0.557576972922472	0.590744767691402	0	0	0	0	0	0	0	0	0	0	0	0	0	0	0	0	0	0	0	0	0	0	0	0	0	0	0	0	0	0	0	0	0	0	0	0	0	0	0	0	0	0	0	0	0	0	0	0	0	0
0	0.617990904867959	0	0	0.970908956967755	0	0.840656840854027	0	0	0	0	0	0	0	0	0	0	0	0.629178619656085	0	0.638140111676912	0.852961450216514	0.978379601767329	0	0	0	0	0	0.505254423643374	0	0.796112692688389	0.86711348551711	0	0.7664741202231	0	0	0	0	0	0	0	0.745045015601351	0.736091560568103	0	0	0	0	0	0	0	0	0	0	0	0	0	0	0	0	0	0	0	0	0	0	0	0	0	0	0	0	0	0	0	0	0	0	0	0	0	0	0	0	0	0	0	0	0	0	0
0	0	0	0	0	0	0	0.760981571343261	0.588174788308585	0	0.520342311458211	0.784363659173145	0	0	0.68710962856889	0	0	0	0	0	0	0.864093390716751	0	0	0	0	0	0.566066295012014	0	0	0.690849754675437	0.739018752235156	0	0	0	0	0	0	0	0	0	0	0.923767075383327	0	0	0	0	0	0	0	0	0	0	0	0	0	0	0	0	0	0	0	0	0	0	0	0	0	0	0	0	0	0	0	0	0	0	0	0	0	0	0	0	0	0	0	0	0	0	0
0.50144336089119	0.823968868258535	0	0	0.575206763877092	0	0.659388593816863	0.615513783112567	0.53516804114195	0	0	0	0	0	0	0.66618163281739	0	0	0.795243856011614	0.730213678305536	0.794623988499773	0.828202463786167	0.952490307858268	0	0	0	0.783278907768513	0	0	0	0	0	0.863310915205984	0	0.554507987123139	0	0	0	0	0	0	0.629017299604053	0	0	0	0	0	0	0	0	0	0	0	0	0	0	0	0	0	0	0	0	0	0	0	0	0	0	0	0	0	0	0	0	0	0	0	0	0	0	0	0	0	0	0	0	0	0	0	0
0	0	0	0	0	0	0.93493027373121	0	0.642386536069643	0.94463269605748	0	0	0	0.628149559675009	0.532450847518038	0.525460089479534	0	0	0	0	0	0.539786522555873	0	0	0.753011304445416	0.79144321508404	0	0	0	0.805581199779792	0	0	0	0	0	0	0.845974571961277	0	0	0	0	0	0	0	0	0	0	0	0	0	0	0	0	0	0	0	0	0	0	0	0	0	0	0	0	0	0	0	0	0	0	0	0	0	0	0	0	0	0	0	0	0	0	0	0	0	0	0	0	0
0	0	0	0	0	0	0	0.834669182497832	0	0	0.518645474713981	0.513533965177927	0.779761202317406	0	0.669106768453009	0.988643906066075	0	0	0	0	0.712847485620956	0	0	0	0.600901551364795	0	0	0	0.872911458608443	0	0	0	0	0	0	0	0.788840450461722	0.84247273372228	0.89683213234364	0	0	0	0	0	0	0	0	0	0	0	0	0	0	0	0	0	0	0	0	0	0	0	0	0	0	0	0	0	0	0	0	0	0	0	0	0	0	0	0	0	0	0	0	0	0	0	0	0	0	0
0	0	0	0.989527216960447	0	0	0.560144202643974	0.584165968823711	0	0.583620088638557	0.515327916970095	0	0	0	0	0	0.618168790802054	0	0.655450573150618	0	0.806223507923922	0	0.520182848509887	0	0.878517945391914	0.979396334679252	0.575015221608379	0	0	0	0	0.886302422173185	0.649502236876682	0.914861448531811	0	0.50646630626093	0	0	0	0	0	0	0	0	0	0	0	0	0	0	0	0	0	0	0	0	0	0	0	0	0	0	0	0	0	0	0	0	0	0	0	0	0	0	0	0	0	0	0	0	0	0	0	0	0	0	0	0	0	0
0.528439134076873	0.57808594941577	0.760937328780347	0	0	0.688662615050022	0	0	0.821268641385968	0.788689527261958	0	0	0	0.597551661021014	0.57867398748371	0	0	0	0	0	0	0.655727123013904	0.919322594927838	0	0.953945753404605	0.558071782438393	0.821452312323058	0	0	0	0.550110504220375	0	0.98246020174178	0	0	0	0	0	0	0.727632360224612	0	0	0.676123665563195	0.836254407158141	0	0	0	0	0	0	0	0	0	0	0	0	0	0	0	0	0	0	0	0	0	0	0	0	0	0	0	0	0	0	0	0	0	0	0	0	0	0	0	0	0	0	0	0	0	0
0	0	0.882140510899606	0	0	0.914059385510445	0	0.87311241846182	0.62272781711606	0.610711852729531	0	0	0	0	0	0.837781194364771	0	0.623870555801924	0	0	0	0	0.875825661987808	0	0	0	0	0.945569716280392	0	0	0.535174071050354	0.818358489751321	0	0	0	0.827330752708731	0	0	0	0.508949150613882	0	0.818410190171751	0	0.754621862343739	0	0	0	0	0	0	0	0	0	0	0	0	0	0	0	0	0	0	0	0	0	0	0	0	0	0	0	0	0	0	0	0	0	0	0	0	0	0	0	0	0	0	0	0	0	0
0	0	0	0	0.981937149072841	0	0.688782867409286	0	0	0	0	0.828979172065153	0.885649227234749	0	0.646107669756606	0.713580435058264	0	0	0	0.821693770998875	0.829303056134023	0	0	0	0	0.834859996845035	0	0	0	0	0.879366328833274	0	0	0	0.994232629624213	0	0.570116323772879	0	0	0	0	0	0	0	0	0	0	0	0	0	0	0	0	0	0	0	0	0	0	0	0	0	0	0	0	0	0	0	0	0	0	0	0	0	0	0	0	0	0	0	0	0	0	0	0	0	0	0	0	0
0	0.6646208059873	0	0	0.752446963284194	0	0.570667101528598	0	0	0	0	0.689867252381213	0.762019130849592	0	0.696449137457161	0	0	0.749865101181208	0.64888252845325	0	0.591153413204657	0	0	0	0.50309874410583	0	0	0.86071858363409	0	0	0	0	0	0.526728723563509	0	0	0	0	0	0	0.81474894443418	0	0	0	0.610527626336024	0	0	0	0	0	0	0	0	0	0	0	0	0	0	0	0	0	0	0	0	0	0	0	0	0	0	0	0	0	0	0	0	0	0	0	0	0	0	0	0	0	0	0	0	0
0	0.618530056374385	0	0.852162747287923	0	0	0.559200548587915	0.564812258902612	0	0	0	0.713830610292182	0.923739367131477	0	0	0	0.786380274477533	0	0	0.665979187528619	0	0	0	0	0	0	0	0	0	0	0.892606760639405	0	0.697576910483037	0	0	0	0.793080271953051	0.956456034708137	0.618648963497301	0.588956435426588	0	0	0	0	0.871763654336201	0	0	0	0	0	0	0	0	0	0	0	0	0	0	0	0	0	0	0	0	0	0	0	0	0	0	0	0	0	0	0	0	0	0	0	0	0	0	0	0	0	0	0	0	0
0	0	0	0	0.840928507111108	0	0	0.792037359071059	0.557981713104348	0	0.596381065391042	0	0	0	0	0	0	0	0	0.547300334715731	0	0	0	0.609095877599147	0	0	0	0	0.647331726186625	0.810193641272018	0	0	0	0.692886876819702	0	0.856992184658874	0	0	0.986383118133497	0	0.652022105685337	0	0	0	0	0	0	0	0	0	0	0	0	0	0	0	0	0	0	0	0	0	0	0	0	0	0	0	0	0	0	0	0	0	0	0	0	0	0	0	0	0	0	0	0	0	0	0	0	0
0	0	0.873378338858296	0	0.631890570598338	0	0.933105698147625	0	0	0.572760214074469	0.609062906259045	0	0	0	0.508427624499729	0.995575557806392	0	0	0	0	0	0	0	0.915128750625822	0.838315775438892	0	0	0	0	0.798089702701957	0	0	0	0	0	0.983114301322806	0	0	0	0.775337281652959	0.500860010118098	0	0	0.889466444228006	0.542762940565837	0	0	0	0	0	0	0	0	0	0	0	0	0	0	0	0	0	0	0	0	0	0	0	0	0	0	0	0	0	0	0	0	0	0	0	0	0	0	0	0	0	0	0	0	0
0.695862089179165	0.578678162250405	0	0.663206957663801	0	0	0	0	0	0	0.879213969236334	0.669932969553922	0	0	0	0	0	0	0	0	0	0	0	0	0.566349378498207	0	0	0	0	0.929681615130208	0	0	0	0	0	0.926883368848595	0.924786234723716	0	0	0	0	0	0	0	0.502461601859987	0	0	0	0	0	0	0	0	0	0	0	0	0	0	0	0	0	0	0	0	0	0	0	0	0	0	0	0	0	0	0	0	0	0	0	0	0	0	0	0	0	0	0	0	0
0	0	0	0.85061812068557	0	0	0.83390635810627	0	0	0	0.562172070541819	0	0	0	0	0	0.982906357011863	0	0	0	0.57244269491948	0	0.927708777678571	0	0.863161755652509	0	0	0	0	0	0	0.665490215948227	0.538705749160174	0	0	0.606408111423102	0	0.830521584729939	0	0	0	0.927068078307113	0.774648203849485	0	0	0	0	0	0	0	0	0	0	0	0	0	0	0	0	0	0	0	0	0	0	0	0	0	0	0	0	0	0	0	0	0	0	0	0	0	0	0	0	0	0	0	0	0	0	0
0.732559477174662	0	0	0	0	0	0	0	0	0	0	0	0	0.665956322526124	0.871520126927048	0	0.865127053799768	0	0.53783055625603	0.947813606706848	0	0.870721605589044	0	0.723840037919326	0	0	0	0	0	0	0	0	0	0	0.530500035493265	0	0.761776580241744	0.856538334716101	0	0	0	0.81833953902369	0.875953195612913	0	0.542566738754092	0	0	0	0	0	0	0	0	0	0	0	0	0	0	0	0	0	0	0	0	0	0	0	0	0	0	0	0	0	0	0	0	0	0	0	0	0	0	0	0	0	0	0	0	0
0.542470194252972	0	0.583682363678946	0	0	0	0	0.55417671521577	0	0.866376011862592	0	0.877628166254428	0	0	0	0	0	0	0	0	0	0.888282940212368	0	0.684792808729677	0	0.963631471673616	0	0.514247550288936	0	0	0	0	0.616404924407431	0	0	0	0	0	0	0.528045859311748	0.821254883721182	0	0.564157538733	0.840294136787546	0	0	0	0	0	0	0	0	0	0	0	0	0	0	0	0	0	0	0	0	0	0	0	0	0	0	0	0	0	0	0	0	0	0	0	0	0	0	0	0	0	0	0	0	0	0
0	0	0	0.908713636768798	0.812270945208356	0.884295308921356	0	0.664117412747995	0	0	0	0	0.713852345966048	0.664271026740825	0.690265285128889	0	0	0	0	0	0.528263651167056	0	0.758314373886242	0.735616784358977	0	0.796260092613855	0.858402255205547	0	0	0	0	0.819820597804902	0	0	0	0	0	0	0	0.557854341982474	0.77509598699738	0.960008251110679	0	0	0	0	0	0	0	0	0	0	0	0	0	0	0	0	0	0	0	0	0	0	0	0	0	0	0	0	0	0	0	0	0	0	0	0	0	0	0	0	0	0	0	0	0	0	0	0
0	0	0	0	0.90724282566092	0.788019907664717	0	0	0	0	0	0.512925932138934	0	0.546324036608004	0.717952208513684	0	0	0.819845122013072	0.51091585611965	0.573101048085334	0.757494412656491	0	0	0.889945298839548	0	0	0	0	0	0	0	0.504253414901441	0.553366056122005	0	0	0	0	0.636077689519351	0	0	0	0.788621327375259	0	0	0	0	0	0	0	0	0	0	0	0	0	0	0	0	0	0	0	0	0	0	0	0	0	0	0	0	0	0	0	0	0	0	0	0	0	0	0	0	0	0	0	0	0	0	0	0
0	0	0	0.713814423815662	0.968224078914669	0	0	0.626941855714713	0	0	0.593267555045014	0	0	0	0	0.95869848797432	0	0.96652777789135	0	0	0	0	0	0	0	0	0	0	0	0	0	0	0	0	0.698807356420706	0.528249854334935	0	0.750116557416329	0.877443882680048	0	0.654826465039768	0	0	0	0	0	0	0	0	0	0	0	0	0	0	0	0	0	0	0	0	0	0	0	0	0	0	0	0	0	0	0	0	0	0	0	0	0	0	0	0	0	0	0	0	0	0	0	0	0
0	0	0	0	0	0	0	0	0	0	0	0	0	0	0	0	0	0	0	0	0	0	0	0	0	0	0	0	0	0	0	0	0	0	0	0	0	0	0	0	0	0	0	0	0	0	0.89714275781475	0.938091411188654	0.817579026781211	0	0	0	0	0	0	0	0	0	0	0	0	0	0	0	0	0	0	0	0	0	0	0	0	0	0	0	0	0	0	0	0	0	0	0	0	0	0	0.890896629970242	0.655951909629698	0.539893998266421
0	0	0	0	0	0	0	0	0	0	0	0	0	0	0	0	0	0	0	0	0	0	0	0	0	0	0	0	0	0	0	0	0	0	0	0	0	0	0	0	0	0	0	0	0	0.78383612299435	0	0.817840492239713	0.763413001544692	0.858785622200483	0	0	0	0	0	0	0	0	0	0	0	0	0	0	0	0	0	0	0	0	0	0	0	0	0	0	0	0	0	0	0	0	0	0	0	0	0	0	0.812018957980698	0.607199210928453
0	0	0	0	0	0	0	0	0	0	0	0	0	0	0	0	0	0	0	0	0	0	0	0	0	0	0	0	0	0	0	0	0	0	0	0	0	0	0	0	0	0	0	0	0	0.776472663482578	0.747444104546628	0	0.661573047188104	0.738282530675188	0.978622654502092	0	0	0	0	0	0	0	0	0	0.736782060363796	0	0	0	0	0	0	0	0	0	0	0	0	0	0	0	0	0	0	0	0	0	0	0	0	0	0	0	0	0.888613491659436
0	0	0	0	0	0	0	0	0	0	0	0	0	0	0	0	0	0	0	0	0	0	0	0	0	0	0	0	0	0	0	0	0	0	0	0	0	0	0	0	0	0	0	0	0	0.673991896044092	0.697079496649584	0.998633965378429	0	0.578042719315346	0.543418558756113	0.63030217998392	0	0	0	0	0	0	0	0	0	0	0	0	0	0	0	0	0	0	0	0	0	0	0	0	0	0	0	0	0	0	0	0	0	0	0	0	0	0
0	0	0	0	0	0	0	0	0	0	0	0	0	0	0	0	0	0	0	0	0	0	0	0	0	0	0	0	0	0	0	0	0	0	0	0	0	0	0	0	0	0	0	0	0	0	0.912041655052502	0.874452669786119	0.946692201742051	0	0.558940079860132	0.507227787138148	0.730442072282779	0	0	0	0	0	0	0	0	0	0	0	0	0	0	0	0	0	0	0	0	0	0	0	0	0	0	0	0	0	0	0	0	0	0	0	0	0
0	0	0	0	0	0	0	0	0	0	0	0	0	0	0	0	0	0	0	0	0	0	0	0	0	0	0	0	0	0	0	0	0	0	0	0	0	0	0	0	0	0	0	0	0	0	0	0.819310520618731	0.680466081570337	0.985514220857767	0	0.742083816640619	0.777414316682878	0.542414525744463	0	0	0	0	0	0	0	0	0	0	0	0	0	0	0	0	0	0	0	0	0	0	0	0	0	0	0	0	0	0	0	0	0	0	0	0
0	0	0	0	0	0	0	0	0	0	0	0	0	0	0	0	0	0	0	0	0	0	0	0	0	0	0	0	0	0	0	0	0	0	0	0	0	0	0	0	0	0	0	0	0	0	0	0	0.527816889117174	0.750113900207118	0.629359187454888	0	0.514974883010567	0.733052466287151	0.78144187714764	0	0	0	0	0	0	0	0	0	0	0	0	0	0	0	0	0	0	0	0	0	0	0	0	0	0	0	0	0	0	0	0	0	0	0
0	0	0	0	0	0	0	0	0	0	0	0	0	0	0	0	0	0	0	0	0	0	0	0	0	0	0	0	0	0	0	0	0	0	0	0	0	0	0	0	0	0	0	0	0	0	0	0	0	0.609735330749715	0.572268843811146	0.81405348329943	0	0.803700857559941	0.577554534701293	0.799857234626377	0	0	0	0	0	0	0	0	0	0	0	0	0	0	0	0	0	0	0	0	0	0	0	0	0	0	0	0	0	0	0	0	0	0
0	0	0	0	0	0	0	0	0	0	0	0	0	0	0	0	0	0	0	0	0	0	0	0	0	0	0	0	0	0	0	0	0	0	0	0	0	0	0	0	0	0	0	0	0	0	0	0	0	0	0.896409611320678	0.649181947763637	0.825636633841493	0	0.711202082576363	0.631569244219832	0.923341467508807	0	0	0	0	0	0	0	0	0	0	0	0	0	0	0	0	0	0	0	0	0	0	0	0	0	0	0	0	0	0	0	0	0
0	0	0	0	0	0	0	0	0	0	0	0	0	0	0	0	0	0	0	0	0	0	0	0	0	0	0	0	0	0	0	0	0	0	0	0	0	0	0	0	0	0	0	0	0	0	0	0	0	0	0	0.724972463160858	0.908021641119516	0.539173631439446	0	0.787929853626636	0	0.70702734659535	0	0	0	0	0	0	0	0	0	0	0	0	0	0	0	0	0	0.668917444224133	0	0	0	0	0	0	0	0	0	0	0	0	0	0
0	0	0	0	0	0	0	0	0	0	0	0	0	0	0	0	0	0	0	0	0	0	0	0	0	0	0	0	0	0	0	0	0	0	0	0	0	0	0	0	0	0	0	0	0	0	0	0	0	0	0	0	0.692600462315487	0.885765607763193	0.892111733305444	0	0.953150608921913	0.989001707460195	0.914569105022151	0	0	0	0	0	0	0	0	0	0	0	0	0	0	0	0	0	0	0	0	0	0	0	0	0	0	0	0	0	0	0
0	0	0	0	0	0	0	0	0	0	0	0	0	0	0	0	0	0	0	0	0	0	0	0	0	0	0	0	0	0	0	0	0	0	0	0	0	0	0	0	0	0	0	0	0	0	0	0	0	0	0	0	0	0.694333684795225	0	0.549466805253576	0	0.833708703670436	0.556019642464746	0.710504984283	0	0	0	0	0	0	0	0	0	0	0	0	0	0	0	0	0	0	0	0	0	0	0	0	0	0	0	0	0	0
0	0	0	0	0	0	0	0	0	0	0	0	0	0	0	0	0	0	0	0	0	0	0	0	0	0	0	0	0	0	0	0	0	0	0	0	0	0	0	0	0	0	0	0	0	0	0	0	0	0	0	0	0	0	0.504695420900702	0.925141436898991	0.658703071831585	0	0.539113993257083	0.588484828458338	0.888159789317734	0	0	0	0	0	0	0	0	0	0	0	0	0	0	0	0	0	0	0	0	0	0	0	0	0	0	0	0	0
0	0	0	0	0	0	0	0	0	0	0	0	0	0	0	0	0	0	0	0	0	0	0	0	0	0	0	0	0	0	0	0	0	0	0	0	0	0	0	0	0	0	0	0	0	0	0	0	0	0	0	0	0	0	0	0.581742812585041	0.829292588734631	0.667109061081862	0	0.724190468602441	0.797316749022323	0.909642271105966	0	0	0	0	0	0	0	0	0	0	0	0	0	0	0	0	0	0	0	0	0	0	0	0	0	0	0	0
0	0	0	0	0	0	0	0	0	0	0	0	0	0	0	0	0	0	0	0	0	0	0	0	0	0	0	0	0	0	0	0	0	0	0	0	0	0	0	0	0	0	0	0	0	0	0	0	0	0	0	0	0	0	0	0	0.610556557016559	0.839669008690241	0.583088791671369	0	0.766882603899081	0.899357994866495	0.813647005661498	0	0	0	0	0	0	0	0	0	0	0	0	0	0	0	0	0	0	0	0	0	0	0	0	0	0	0
0	0	0	0	0	0	0	0	0	0	0	0	0	0	0	0	0	0	0	0	0	0	0	0	0	0	0	0	0	0	0	0	0	0	0	0	0	0	0	0	0	0	0	0	0	0	0	0.894561697309287	0	0	0	0	0	0	0	0	0	0.705407181588126	0.560568880311499	0.67999354099925	0	0.932806473979868	0	0.675659862135536	0	0	0	0	0	0	0	0	0	0	0	0	0	0	0	0	0	0	0	0	0	0	0	0	0	0
0	0	0	0	0	0	0	0	0	0	0	0	0	0	0	0	0	0	0	0	0	0	0	0	0	0	0	0	0	0	0	0	0	0	0	0	0	0	0	0	0	0	0	0	0	0	0	0	0	0	0	0	0	0	0	0	0	0	0.954277640698795	0.614488140721628	0.526489513725093	0	0.689301222786623	0.809943072960673	0.721668803450138	0	0	0	0	0	0	0	0	0	0	0	0	0	0	0	0	0	0	0	0	0	0	0	0	0
0	0	0	0	0	0	0	0	0	0	0	0	0	0	0	0	0	0	0	0	0	0	0	0	0	0	0	0	0	0	0	0	0	0	0	0	0	0	0	0	0	0	0	0	0	0	0	0	0	0	0	0	0	0	0	0	0	0	0	0.979447670636343	0	0.811381982570307	0	0.602014300103165	0.957091692263207	0.691800141794612	0	0	0	0	0	0	0	0	0	0	0	0	0	0	0	0	0	0	0	0	0	0	0	0
0	0	0	0	0	0	0	0	0	0	0	0	0	0	0	0	0	0	0	0	0	0	0	0	0	0	0	0	0	0	0	0	0	0	0	0	0	0	0	0	0	0	0	0	0	0	0	0	0	0	0	0	0	0	0	0	0	0	0	0	0.533859675502554	0.615187818083793	0.843973434815749	0	0.793550334623244	0.931883594382528	0.797173108032276	0	0	0	0	0	0	0	0	0	0	0	0	0	0	0	0	0	0	0	0	0	0	0
0	0	0	0	0	0	0	0	0	0	0	0	0	0	0	0	0	0	0	0	0	0	0	0	0	0	0	0	0	0	0	0	0	0	0	0	0	0	0	0	0	0	0	0	0	0	0	0	0	0	0	0	0	0	0	0	0	0	0	0	0	0.669788097625901	0.883005983297358	0.592946949412	0	0.820788322016738	0.738114627094346	0.970086851714527	0	0	0	0	0	0	0	0	0	0	0	0	0	0	0	0	0	0	0	0	0	0
0	0	0	0	0	0	0	0	0	0	0	0	0	0	0	0	0	0	0	0	0	0	0	0	0	0	0	0	0	0	0	0	0	0	0	0	0	0	0	0	0	0	0	0	0	0	0	0	0	0	0	0	0	0	0	0	0	0	0	0	0	0	0.899600533889675	0.584058464468928	0.729423982784443	0	0.955599089498117	0.802919395703771	0.854812457698295	0	0	0	0	0	0	0	0	0	0	0	0	0	0	0	0	0	0	0	0	0
0	0	0	0	0	0	0	0	0	0	0	0	0	0	0	0	0	0	0	0	0	0	0	0	0	0	0	0	0	0	0	0	0	0	0	0	0	0	0	0	0	0	0	0	0	0	0	0	0	0	0	0	0	0	0	0	0	0	0	0	0	0	0	0.766128760673707	0.50446592215191	0.97778311627019	0	0.712023638303833	0.870719842003054	0.981455865970522	0	0	0	0	0	0	0	0	0	0	0	0	0	0	0	0	0	0	0	0
0	0	0	0	0	0	0	0	0	0	0	0	0	0	0	0	0	0	0	0	0	0	0	0	0	0	0	0	0	0	0	0	0	0	0	0	0	0	0	0	0	0	0	0	0	0	0	0	0	0	0	0	0	0	0	0	0	0	0	0	0	0	0	0	0.824086298936084	0.656714615688304	0.583949102717231	0	0.987515641493401	0.702207970893407	0.986303022106732	0	0	0	0	0	0	0	0	0	0	0	0	0	0	0	0	0	0	0
0	0	0	0	0	0	0	0	0	0	0	0	0	0	0	0	0	0	0	0	0	0	0	0	0	0	0	0	0	0	0	0	0	0	0	0	0	0	0	0	0	0	0	0	0	0	0	0	0	0	0	0	0	0	0	0	0	0	0	0	0	0	0	0	0	0.945191663826761	0.992721880085905	0.798652471293974	0	0.948961448842989	0.922508947546574	0.997023220822312	0	0	0	0	0	0	0	0	0	0	0	0	0	0	0	0	0	0
0	0	0	0	0	0	0	0	0	0	0	0	0	0	0	0	0	0	0	0	0	0	0	0	0	0	0	0	0	0	0	0	0	0	0	0	0	0	0	0	0	0	0	0	0	0	0	0	0	0	0	0	0	0	0	0	0	0	0	0	0	0	0	0	0	0	0.660744800292242	0.971567701879735	0.973773018856054	0	0.713801605201243	0.506828872983548	0.963940315541382	0	0	0	0	0	0	0	0	0	0	0	0	0	0	0	0	0
0	0	0	0	0	0	0	0	0	0	0	0	0	0	0	0	0	0	0	0	0	0	0	0	0	0	0	0	0	0	0	0	0	0	0	0	0	0	0	0	0	0	0	0	0	0	0	0	0	0	0	0	0	0	0	0	0	0	0	0	0	0	0	0	0	0	0	0.684320503716033	0.855904347915271	0.891069145499661	0	0.857247591954786	0.841959569250748	0.799978605446122	0	0	0	0	0	0	0	0	0	0	0	0	0	0	0	0
0	0	0	0	0	0	0	0	0	0	0	0	0	0	0	0	0	0	0	0	0	0	0	0	0	0	0	0	0	0	0	0	0	0	0	0	0	0	0	0	0	0	0	0	0	0	0	0	0	0	0	0	0	0	0	0	0	0	0	0	0	0	0	0	0	0	0	0	0.707763907422609	0.676075611141164	0.827254055869739	0	0.761437982451711	0.958478159563225	0.788535417019366	0	0	0	0	0	0	0	0	0	0	0	0	0	0	0
0	0	0	0	0	0	0	0	0	0	0	0	0	0	0	0	0	0	0	0	0	0	0	0	0	0	0	0	0	0	0	0	0	0	0	0	0	0	0	0	0	0	0	0	0	0	0	0	0	0	0	0	0	0	0	0	0	0	0	0	0	0	0	0	0	0	0	0	0	0.839984913320582	0.979382459998965	0.860328523491006	0	0.737513833558911	0.85381435829349	0.700226678579702	0	0	0	0	0	0	0	0	0	0	0	0	0	0
0	0	0	0	0	0	0	0	0	0	0	0	0	0	0	0	0	0	0	0	0	0	0	0	0	0	0	0	0	0	0	0	0	0	0	0	0	0	0	0	0	0	0	0	0	0	0	0	0	0	0	0	0	0	0	0	0	0	0	0	0	0	0	0	0	0	0	0	0	0	0.828929005684702	0.604522694696132	0.585422853754183	0	0.745985378483552	0.543874756865675	0.571807853295188	0	0	0	0	0	0	0	0	0	0	0	0	0
0	0	0	0	0	0	0	0	0	0	0	0	0	0	0	0	0	0	0	0	0	0	0	0	0	0	0	0	0	0	0	0	0	0	0	0	0	0	0	0	0	0	0	0	0	0	0	0	0	0	0	0	0	0	0	0	0	0	0	0	0	0	0	0	0	0	0	0	0	0	0	0.927376109275611	0.556613663521932	0.973521498373229	0	0.836364822080061	0.525205453376164	0.761184415906216	0	0	0	0	0	0	0	0	0	0	0	0
0	0	0	0	0	0	0	0	0	0	0	0	0	0	0	0	0	0	0	0	0	0	0	0	0	0	0	0	0	0	0	0	0	0	0	0	0	0	0	0	0	0	0	0	0	0	0	0	0	0	0	0	0	0	0.901720508194392	0	0	0	0	0	0	0	0	0	0	0	0	0	0	0	0	0	0.77963589819439	0.511685385553451	0.556940617739505	0	0.881097104196223	0.831692602072686	0.56193370617232	0	0	0	0	0	0	0	0	0	0	0
0	0	0	0	0	0	0	0	0	0	0	0	0	0	0	0	0	0	0	0	0	0	0	0	0	0	0	0	0	0	0	0	0	0	0	0	0	0	0	0	0	0	0	0	0	0	0	0	0	0	0	0	0	0	0	0	0	0	0	0	0	0	0	0	0	0	0	0	0	0	0	0	0	0.64582699206074	0.967339693103559	0.977682546635143	0	0.685576316608773	0.844212865914038	0.834855461405693	0	0	0	0	0	0	0	0	0	0
0	0	0	0	0	0	0	0	0	0	0	0	0	0	0	0	0	0	0	0	0	0	0	0	0	0	0	0	0	0	0	0	0	0	0	0	0	0	0	0	0	0	0	0	0	0	0	0	0	0	0	0	0	0	0	0	0	0	0	0	0	0	0	0	0	0	0	0	0	0	0	0	0	0	0.844539978602621	0.520005459057393	0.522269743098522	0	0.759908833026045	0.883331288813404	0.5994695142962	0	0	0	0	0	0	0	0	0
0	0	0	0	0	0	0	0	0	0	0	0	0	0	0	0	0	0	0	0	0	0	0	0	0	0	0	0	0	0	0	0	0	0	0	0	0	0	0	0	0	0	0	0	0	0	0	0	0	0	0	0	0	0	0	0	0	0	0	0	0	0	0	0	0	0	0	0	0	0	0	0	0	0	0	0.973139608068502	0.665305010613768	0.700413685607743	0	0.653411177925232	0.643505910219162	0.584875515386443	0	0	0	0	0	0	0	0
0	0	0	0	0	0	0	0	0	0	0	0	0	0	0	0	0	0	0	0	0	0	0	0	0	0	0	0	0	0	0	0	0	0	0	0	0	0	0	0	0	0	0	0	0	0	0	0	0	0	0	0	0	0	0	0	0	0	0	0	0	0	0	0	0	0	0	0	0	0	0	0	0	0	0	0	0.966967940056976	0.998466170125835	0.865281305427588	0	0.857965506345953	0.510136505589945	0.700263535638761	0	0	0	0	0	0	0
0	0	0	0	0	0	0	0	0	0	0	0	0	0	0	0	0	0	0	0	0	0	0	0	0	0	0	0	0	0	0	0	0	0	0	0	0	0	0	0	0	0	0	0	0	0	0	0	0	0	0	0	0	0	0	0	0	0	0	0	0	0	0	0	0	0	0	0	0	0	0	0	0	0	0	0	0	0.818260528881174	0.986404786003155	0.563699861075428	0	0.905128611498741	0.790939463359778	0.750124834701792	0	0	0	0	0	0
0	0	0	0	0	0	0	0	0	0	0	0	0	0	0	0	0	0	0	0	0	0	0	0	0	0	0	0	0	0	0	0	0	0	0	0	0	0	0	0	0	0	0	0	0	0	0	0	0	0	0	0	0	0	0	0	0	0	0	0	0	0	0	0	0	0	0	0	0	0	0	0	0	0	0	0	0	0	0.56877940907345	0.829676549424229	0.674420147851215	0	0.540330680127857	0.506012218298596	0.557740674502956	0	0	0	0	0
0	0	0	0	0	0	0	0	0	0	0	0	0	0	0	0	0	0	0	0	0	0	0	0	0	0	0	0	0	0	0	0	0	0	0	0	0	0	0	0	0	0	0	0	0	0	0	0	0	0	0	0	0	0	0	0	0	0	0	0	0	0	0	0	0	0	0	0	0	0	0	0	0	0	0	0	0	0	0	0.720889454242937	0.638405218658341	0.979233271599877	0	0.98724010002176	0.972615251838649	0.856058594905684	0	0	0	0
0	0	0	0	0	0	0	0	0	0	0	0	0	0	0	0	0	0	0	0	0	0	0	0	0	0	0	0	0	0	0	0	0	0	0	0	0	0	0	0	0	0	0	0	0	0	0	0	0	0	0	0	0	0	0	0	0	0	0	0	0	0	0	0	0	0	0	0	0	0	0	0	0	0	0	0	0	0	0	0	0.6130026237218	0.751238324469059	0.547498016789725	0	0.884968997794876	0.828978607187073	0.786630574353687	0	0	0
0	0	0	0	0	0	0	0	0	0	0	0	0	0	0	0	0	0	0	0	0	0	0	0	0	0	0	0	0	0	0	0	0	0	0	0	0	0	0	0	0	0	0	0	0	0	0	0	0	0	0	0	0	0	0	0	0	0	0	0	0	0	0	0	0	0	0	0	0	0	0	0	0	0	0	0	0	0	0	0	0	0.989942569766974	0.550164576345692	0.528056233906544	0	0.580019734529542	0.952138860745079	0.687576577897089	0	0
0	0	0	0	0	0	0	0	0	0	0	0	0	0	0	0	0	0	0	0	0	0	0	0	0	0	0	0	0	0	0	0	0	0	0	0	0	0	0	0	0	0	0	0	0	0	0	0	0	0	0	0	0	0	0	0	0	0	0	0	0	0	0	0	0	0	0	0	0	0	0	0	0	0	0	0	0	0	0	0	0	0	0.737443553898249	0.923562589702106	0.717802351704339	0	0.566948126861149	0.832816395015445	0.511350420510437	0
0	0	0	0	0	0	0	0	0	0	0	0	0	0	0	0	0	0	0	0	0	0	0	0	0	0	0	0	0	0	0	0	0	0	0	0	0	0	0	0	0	0	0	0	0	0	0	0	0	0	0	0	0	0	0	0	0	0	0	0	0	0	0	0	0	0	0	0	0	0	0	0	0	0	0	0	0	0	0	0	0	0	0	0.828379310284779	0.512914178098131	0.800676886371853	0	0.788958927780938	0.984681385815031	0.840392732361206
0	0	0	0	0	0	0	0	0	0	0	0	0	0	0	0	0	0	0	0	0	0	0	0	0	0	0	0	0	0	0	0	0	0	0	0	0	0	0	0	0	0	0	0	0	0.857675409548671	0	0	0	0	0	0	0	0	0	0	0	0	0	0	0	0	0	0	0	0	0	0	0	0	0	0	0	0	0	0	0	0	0	0	0	0	0	0	0.574284576476207	0.919940975496843	0.588048537974583	0	0.812591891504382	0.543430783826192
0	0	0	0	0	0	0	0	0	0	0	0	0	0	0	0	0	0	0	0	0	0	0	0	0	0	0	0	0	0	0	0	0	0	0	0	0	0	0	0	0	0	0	0	0	0.720297094017432	0.932811799764011	0	0	0	0	0	0	0	0	0	0	0	0	0	0	0	0	0	0	0	0	0	0	0	0	0	0	0	0	0	0	0	0	0	0	0	0	0	0	0.692794283340245	0.761093891543047	0.51527271458119	0	0.960450572935622
0	0	0	0	0	0	0	0	0	0	0	0	0	0	0	0	0	0	0	0	0	0	0	0	0	0	0	0	0	0	0	0	0	0	0	0	0	0	0	0	0	0	0	0	0	0.55073930478949	0.909768342762026	0.583215429606375	0	0	0	0	0	0	0	0	0	0	0	0	0	0	0	0	0	0	0	0	0	0	0	0	0	0	0	0	0	0	0	0	0	0	0	0	0	0	0.929630061986918	0.5274762369344	0.897782834935428	0
