0	0.557838195847344	0.921775521767801	0	0	0	0	0	0	0.911728194374986	0	0	0	0	0	0.527469841883176	0	0	0	0	0	0	0	0	0	0	0	0	0.975355170249847	0	0	0	0	0	0	0	0	0	0	0	0	0	0	0	0	0	0	0	0	0	0	0	0	0	0	0	0	0	0	0	0	0	0	0	0	0	0	0	0	0	0	0	0	0	0	0	0	0	0	0	0	0	0	0	0	0	0	0	0	0
0.604578381588476	0	0	0.870006396033641	0	0	0	0.662546863070463	0	0	0	0	0	0	0	0	0	0	0	0.531811643999835	0	0	0	0	0.762839343960719	0	0	0	0	0	0.947726704677566	0	0	0.553853449845654	0	0	0	0	0	0	0.567890503506283	0.963822689985509	0	0	0	0	0	0	0	0	0	0	0	0	0	0	0	0	0	0	0	0	0	0	0	0	0	0	0	0	0	0	0	0	0	0	0	0	0	0	0	0	0	0	0	0	0	0	0	0
0.573548635473824	0	0	0	0	0	0	0	0	0	0	0	0	0.79232798278691	0.818249703167393	0	0	0	0	0.843634415403903	0	0	0	0.874899139652369	0	0	0	0.693673365067953	0	0.710046306681187	0	0	0	0	0	0	0	0	0	0	0	0	0	0	0	0	0	0	0	0	0	0	0	0	0	0	0	0	0	0	0	0	0	0	0	0	0	0	0	0	0	0	0	0	0	0	0	0	0	0	0	0	0	0	0	0	0	0	0	0
0	0.511246319619136	0	0	0	0	0.9489338102741	0	0	0	0	0	0	0	0	0	0	0	0	0	0	0.938533821184519	0	0	0	0.893537638592463	0	0	0	0.810086546160544	0	0	0	0	0	0	0	0	0	0.90523432830376	0	0	0	0	0	0	0	0	0	0	0	0	0	0	0	0	0	0	0	0	0	0	0	0	0	0	0	0	0	0	0	0	0	0	0	0	0	0	0	0	0	0	0	0	0	0	0	0	0	0
0	0	0	0	0	0.699563908099414	0.933650775741504	0	0	0	0	0	0	0	0	0	0	0	0.583204650599401	0	0	0	0	0	0	0	0	0	0	0	0	0	0	0	0	0	0.620235855070226	0	0	0	0	0	0	0	0	0	0	0	0	0	0	0	0	0	0	0	0	0	0	0	0	0	0	0	0	0	0	0	0	0	0	0	0	0	0	0	0	0	0	0	0	0	0	0	0	0	0	0	0	0
0	0	0	0	0.685685236362318	0	0	0	0	0	0	0	0.571666060531181	0.988832572274196	0	0	0	0	0	0	0	0	0	0	0	0	0	0	0	0	0	0	0.565478311475236	0	0.574726872017574	0	0	0	0	0	0	0	0	0	0	0	0	0	0	0	0	0	0	0	0	0	0	0	0	0	0	0	0	0	0	0	0	0	0	0	0	0	0	0	0	0	0	0	0	0	0	0	0	0	0	0	0	0	0	0
0	0	0	0.538367590932403	0.774791831589051	0	0	0	0	0	0	0	0	0	0	0	0	0	0	0	0	0	0	0	0	0.557702203256703	0	0.614339331120254	0	0	0.78023066954135	0.750194151021821	0	0	0	0	0.8642333384991	0	0	0	0	0.745450468846904	0	0	0	0	0	0	0	0	0	0	0	0	0	0	0	0	0	0	0	0	0	0	0	0	0	0	0	0	0	0	0	0	0	0	0	0	0	0	0	0	0	0	0	0	0	0	0	0
0	0.565878042076811	0	0	0	0	0	0	0	0	0	0	0	0	0	0	0.780666999395552	0	0	0	0	0	0	0	0	0	0	0	0	0	0	0	0	0	0.544560730560169	0	0	0	0	0	0	0	0	0	0.631854455559909	0	0	0	0	0	0	0	0	0	0	0	0	0	0	0	0	0	0	0	0	0	0	0	0	0	0	0	0	0	0	0	0	0	0	0	0	0	0	0	0	0	0	0	0	0
0	0	0	0	0	0	0	0	0	0.962376550542193	0	0	0	0	0	0	0	0	0.761459205421315	0	0	0	0	0	0	0	0	0	0	0	0	0	0	0	0	0	0	0	0.937121013931933	0	0	0	0	0.503564058690445	0	0	0	0	0	0	0	0	0	0	0	0	0	0	0	0	0	0	0	0	0	0	0	0	0	0	0	0	0	0	0	0	0	0	0	0	0	0	0	0	0	0	0	0	0	0
0.961186512840064	0	0	0	0	0	0	0	0.752363728056825	0	0.873100399225695	0.968389160805487	0.560348624952076	0	0	0	0	0	0	0	0	0	0	0	0	0	0	0	0	0	0	0	0.520212088800617	0	0	0	0	0	0	0	0	0	0	0	0	0	0	0	0	0	0	0	0	0	0	0	0	0	0	0	0	0	0	0	0	0	0	0	0	0	0	0	0	0	0	0	0	0	0	0	0	0	0	0	0	0	0	0	0	0
0	0	0	0	0	0	0	0	0	0.55689689914243	0	0	0	0	0	0	0.879266944857455	0	0	0	0	0.932795643369482	0	0	0	0	0	0	0	0.781173492867018	0	0	0	0	0	0.622781697117609	0	0.643643666638495	0	0	0	0	0.601542555242495	0	0	0	0	0	0	0	0	0	0	0	0	0	0	0	0	0	0	0	0	0	0	0	0	0	0	0	0	0	0	0	0	0	0	0	0	0	0	0	0	0	0	0	0	0	0	0
0	0	0	0	0	0	0	0	0	0.546678804843246	0	0	0	0.52252371151355	0	0	0	0	0	0	0	0	0	0	0	0	0	0	0	0	0	0	0	0	0.591129124064589	0	0	0	0	0.872347140596248	0	0	0	0.76059197083585	0	0	0	0	0	0	0	0	0	0	0	0	0	0	0	0	0	0	0	0	0	0	0	0	0	0	0	0	0	0	0	0	0	0	0	0	0	0	0	0	0	0	0	0	0	0
0	0	0	0	0	0.69691155937903	0	0	0	0.873320065968986	0	0	0	0	0.622268557061985	0	0	0	0	0	0	0	0	0	0	0	0	0	0	0	0	0	0	0	0	0	0.787513129066637	0	0	0.841455025789991	0	0	0	0	0	0	0	0	0	0	0	0	0	0	0	0	0	0	0	0	0	0	0	0	0	0	0	0	0	0	0	0	0	0	0	0	0	0	0	0	0	0	0	0	0	0	0	0	0	0
0	0	0.701978886669614	0	0	0.784586694707951	0	0	0	0	0	0.592975971633219	0	0	0	0	0	0	0	0	0.864687395050963	0	0	0	0	0	0	0	0	0.960621915121175	0	0	0	0	0	0	0	0	0	0	0	0	0	0	0	0	0	0	0	0	0	0	0	0	0	0	0	0	0	0	0	0	0	0	0	0	0	0	0	0	0	0	0	0	0	0	0	0	0	0	0	0	0	0	0	0	0	0	0	0
0	0	0.811610645366946	0	0	0	0	0	0	0	0	0	0.644347487920455	0	0	0	0	0	0	0	0	0	0	0	0	0	0	0	0	0	0	0	0	0	0	0	0.873822131765724	0	0	0.893147476875955	0	0	0	0	0.85088826752002	0	0	0	0	0	0	0	0	0	0	0	0	0	0	0	0	0	0	0	0	0	0	0	0	0	0	0	0	0	0	0	0	0	0	0	0	0	0	0	0	0	0	0	0	0
0.999367906490071	0	0	0	0	0	0	0	0	0	0	0	0	0	0	0	0	0	0	0	0	0	0	0	0	0	0.744697644267615	0.912794117160505	0	0	0	0	0	0	0	0	0	0	0	0	0	0.740042987149662	0	0	0	0	0	0	0	0	0	0	0	0	0	0	0	0	0	0	0	0	0	0	0	0	0	0	0	0	0	0	0	0	0	0	0	0	0	0	0	0	0	0	0	0	0	0	0	0
0	0	0	0	0	0	0	0.511156125273316	0	0	0.991683876161753	0	0	0	0	0	0	0.52020963085997	0	0.884948659209057	0.663672049247575	0	0	0	0	0	0	0	0	0	0	0	0	0	0	0	0	0	0.911774692544768	0	0	0	0	0	0	0	0	0	0	0	0	0	0	0	0	0	0	0	0	0	0	0	0	0	0	0	0	0	0	0	0	0	0	0	0	0	0	0	0	0	0	0	0	0	0	0	0	0	0	0
0	0	0	0	0	0	0	0	0	0	0	0	0	0	0	0	0.603076585699521	0	0	0	0	0.970484040085052	0	0	0	0.748538464931543	0	0	0	0	0	0	0	0	0.706207977767638	0	0	0	0	0	0.622949671300664	0	0	0	0	0	0	0	0	0	0	0	0	0	0	0	0	0	0	0	0	0	0	0	0	0	0	0	0	0	0	0	0	0	0	0	0	0	0	0	0	0	0	0	0	0	0	0	0	0
0	0	0	0	0.563393628619769	0	0	0	0.622703018123058	0	0	0	0	0	0	0	0	0	0	0	0	0	0	0	0	0	0	0	0	0.736269240256537	0.742377573826239	0	0	0	0	0.510978660294756	0.637756021114599	0	0	0.729151344008406	0	0	0.871261922465393	0.6568427457497	0	0	0	0	0	0	0	0	0	0	0	0	0	0	0	0	0	0	0	0	0	0	0	0	0	0	0	0	0	0	0	0	0	0	0	0	0	0	0	0	0	0	0	0	0	0
0	0.687408118085122	0.764273145552428	0	0	0	0	0	0	0	0	0	0	0	0	0	0.542436042354026	0	0	0	0	0	0	0	0.847185589451889	0	0	0	0.759941696104814	0	0	0	0	0	0	0	0	0	0	0	0	0	0.992875963265828	0	0	0	0	0	0	0	0	0	0	0	0	0	0	0	0	0	0	0	0	0	0	0	0	0	0	0	0	0	0	0	0	0	0	0	0	0	0	0	0	0	0	0	0	0	0	0
0	0	0	0	0	0	0	0	0	0	0	0	0	0.6187480116973	0	0	0.898032268418232	0	0	0	0	0.979878174247877	0	0	0	0	0	0	0	0	0	0	0.759931142308218	0	0	0	0	0	0	0.797346076789133	0	0.528722163647196	0	0	0	0	0	0	0	0	0	0	0	0	0	0	0	0	0	0	0	0	0	0	0	0	0	0	0	0	0	0	0	0	0	0	0	0	0	0	0	0	0	0	0	0	0	0	0	0
0	0	0	0.775824598130659	0	0	0	0	0	0	0.65472660207647	0	0	0	0	0	0	0.894653869028178	0	0	0.697916443263236	0	0	0	0.757021430967199	0	0	0	0	0.883058804764069	0	0.821804102497176	0	0	0	0	0	0	0	0	0	0	0	0	0	0	0	0	0	0	0	0	0	0	0	0	0	0	0	0	0	0	0	0	0	0	0	0	0	0	0	0	0	0	0	0	0	0	0	0	0	0	0	0	0	0	0	0	0	0
0	0	0	0	0	0	0	0	0	0	0	0	0	0	0	0	0	0	0	0	0	0	0	0.760624467790877	0.587954092210251	0	0	0	0	0	0	0	0	0	0	0	0	0	0	0.976961734881647	0	0	0	0	0	0	0	0	0	0	0	0	0	0	0	0	0	0	0	0	0	0	0	0	0	0	0	0	0	0	0	0	0	0	0	0	0	0	0	0	0	0	0	0	0	0	0	0	0	0
0	0	0.607153589355421	0	0	0	0	0	0	0	0	0	0	0	0	0	0	0	0	0	0	0	0.778483502155834	0	0	0	0.678652611979791	0	0	0	0	0	0.78946009476006	0	0	0	0	0	0	0.86513044854084	0	0	0	0	0	0	0	0	0	0	0	0	0	0	0	0	0	0	0	0	0	0	0	0	0	0	0	0	0	0	0	0	0	0	0	0	0	0	0	0	0	0	0	0	0	0	0	0	0	0
0	0.907233905090128	0	0	0	0	0	0	0	0	0	0	0	0	0	0	0	0	0	0.715099898821995	0	0.530013763861496	0.537849157400727	0	0	0	0	0	0	0	0	0	0	0	0	0	0	0	0	0	0	0	0	0.57850869199345	0	0	0	0	0	0	0	0	0	0	0	0	0	0	0	0	0	0	0	0	0	0	0	0	0	0	0	0	0	0	0	0	0	0	0	0	0	0	0	0	0	0	0	0	0	0
0	0	0	0.729131328417972	0	0	0.70645087654169	0	0	0	0	0	0	0	0	0	0	0.573333415095249	0	0	0	0	0	0	0	0	0	0.893894831472172	0.666690789676021	0	0	0	0	0	0.551764256699189	0	0	0	0	0.518235255969704	0	0.956303541834551	0	0	0.793452214781364	0	0	0	0	0	0	0	0	0	0	0	0	0	0	0	0	0	0	0	0	0	0	0	0	0	0	0	0	0	0	0	0	0	0	0	0	0	0	0	0	0	0	0	0	0
0	0	0	0	0	0	0	0	0	0	0	0	0	0	0	0.601500047340073	0	0	0	0	0	0	0	0.65987416094928	0	0	0	0	0	0	0	0	0	0	0.864724475840122	0.759027494232365	0	0	0	0.725650070417381	0	0	0	0	0	0	0	0	0	0	0	0	0	0	0	0	0	0	0	0	0	0	0	0	0	0	0	0	0	0	0	0	0	0	0	0	0	0	0	0	0	0	0	0	0	0	0	0	0	0
0	0	0.957879657880975	0	0	0	0.825817777538568	0	0	0	0	0	0	0	0	0.724332598459098	0	0	0	0	0	0	0	0	0	0.844711270816911	0	0	0.775455538591988	0	0	0	0	0	0	0	0	0	0	0	0	0	0	0	0	0	0	0	0	0	0	0	0	0	0	0	0	0	0	0	0	0	0	0	0	0	0	0	0	0	0	0	0	0	0	0	0	0	0	0	0	0	0	0	0	0	0	0	0	0
0.562745898517342	0	0	0	0	0	0	0	0	0	0	0	0	0	0	0	0	0	0	0.973610095007336	0	0	0	0	0	0.898577582849206	0	0.915026105469096	0	0	0	0	0	0	0	0	0	0	0	0	0	0	0	0.554936261813369	0	0	0	0	0	0	0	0	0	0	0	0	0	0	0	0	0	0	0	0	0	0	0	0	0	0	0	0	0	0	0	0	0	0	0	0	0	0	0	0	0	0	0	0	0	0
0	0	0.962077343319473	0.941991848743735	0	0	0	0	0	0	0.597783043583207	0	0	0.927675578060724	0	0	0	0	0.771241559897166	0	0	0.914972314436736	0	0	0	0	0	0	0	0	0	0	0	0	0	0	0	0.645183141182831	0	0	0.944333103053369	0	0	0	0	0	0	0	0	0	0	0	0	0	0	0	0	0	0	0	0	0	0	0	0	0	0	0	0	0	0	0	0	0	0	0	0	0	0	0	0	0	0	0	0	0	0	0	0	0
0	0.992825572324972	0	0	0	0	0.626066996227896	0	0	0	0	0	0	0	0	0	0	0	0.534544379207584	0	0	0	0	0	0	0	0	0	0	0	0	0.669017741984901	0	0	0	0	0	0	0.745901478275292	0	0	0	0.98744017865983	0	0	0	0	0	0	0	0	0	0	0	0	0	0	0	0	0	0	0	0	0	0	0	0	0	0	0	0	0	0	0	0	0	0	0	0	0	0	0	0	0	0	0	0	0	0	0
0	0	0	0	0	0	0.807860048323732	0	0	0	0	0	0	0	0	0	0	0	0	0	0	0.953407216748978	0	0	0	0	0	0	0	0	0.950081709250577	0	0	0.780608821915299	0	0	0	0	0	0	0	0	0	0	0	0	0	0	0	0	0	0	0	0	0	0	0	0	0	0	0	0	0	0	0	0	0	0	0	0	0	0	0	0	0	0	0	0	0	0	0	0	0	0	0	0	0	0	0	0
0	0	0	0	0	0.594321044475308	0	0	0	0.748308663399261	0	0	0	0	0	0	0	0	0	0	0.580046035054441	0	0	0.838614571355528	0	0	0	0	0	0	0	0	0	0.888891248846989	0.744033205206405	0	0	0	0	0	0	0	0	0	0.563898829487206	0	0	0	0	0	0	0	0	0	0	0	0	0	0	0	0	0	0	0	0	0	0	0	0	0	0	0	0	0	0	0	0	0	0	0	0	0	0	0	0	0	0	0	0	0
0	0.520020251135159	0	0	0	0	0	0	0	0	0	0	0	0	0	0	0	0	0	0	0	0	0	0	0	0	0	0	0	0	0	0.612579138756525	0.644819445221279	0	0	0	0.950898356770806	0.742800625708912	0	0	0	0	0	0	0	0	0	0	0	0	0	0	0	0	0	0	0	0	0	0	0	0	0	0	0	0	0	0	0	0	0	0	0	0	0	0	0	0	0	0	0	0	0	0	0	0	0	0	0	0
0	0	0	0	0	0.736083275462186	0	0.961340446261756	0	0	0	0.568329008546124	0	0	0	0	0	0.934563059477311	0	0	0	0	0	0	0	0.934928147289914	0.729699627632595	0	0	0	0	0	0.781848879264716	0	0	0.605329861357609	0	0	0	0	0	0.92295785489727	0	0	0	0	0	0	0	0	0	0	0	0	0	0	0	0	0	0	0	0	0	0	0	0	0	0	0	0	0	0	0	0	0	0	0	0	0	0	0	0	0	0	0	0	0	0	0	0
0	0	0	0	0	0	0	0	0	0	0.82711269039007	0	0	0	0	0	0	0	0.609443467191306	0	0	0	0	0	0	0	0.986705256942871	0	0	0	0	0	0	0	0.746046490517947	0	0	0	0.533177373077341	0	0.60643978354919	0	0	0	0.617897506738414	0	0	0	0	0	0	0	0	0	0	0	0	0	0	0	0	0	0	0	0	0	0	0	0	0	0	0	0	0	0	0	0	0	0	0	0	0	0	0	0	0	0	0	0	0
0	0	0	0	0.920690844937743	0	0.501754876194837	0	0	0	0	0	0.747373238459757	0	0.682864771243353	0	0	0	0.714785997015118	0	0	0	0	0	0	0	0	0	0	0	0	0	0	0.558684131813111	0	0	0	0.736498108430662	0	0	0	0	0	0	0	0	0	0	0	0	0	0	0	0	0	0	0	0	0	0	0	0	0	0	0	0	0	0	0	0	0	0	0	0	0	0	0	0	0	0	0	0	0	0	0	0	0	0	0	0
0	0	0	0	0	0	0	0	0	0	0.745788551443526	0	0	0	0	0	0	0	0	0	0	0	0	0	0	0	0	0	0	0.868161065276908	0	0	0	0.733567630978828	0	0	0.500338576063658	0	0	0.817116867681307	0	0	0.589361517385459	0	0	0	0	0	0	0	0	0	0	0	0	0	0	0	0	0	0	0	0	0	0	0	0	0	0	0	0	0	0	0	0	0	0	0	0	0	0	0	0	0	0	0	0	0	0	0
0	0	0	0	0	0	0	0	0.602266286476175	0	0	0	0	0	0	0	0.984271833626927	0	0	0	0	0	0	0	0	0	0	0	0	0	0.934342316205828	0	0	0	0	0.779792570917007	0	0	0	0	0	0	0.727361381814766	0.841920736611436	0	0	0	0	0	0	0	0	0	0	0	0	0	0	0	0	0	0	0	0	0	0	0	0	0	0	0	0	0	0	0	0	0	0	0	0	0	0	0	0	0	0	0	0	0	0
0	0	0	0.932280788129995	0	0	0	0	0	0	0	0.972464697323949	0.630447916296269	0	0.913354207063743	0	0	0	0.659625709343811	0	0.902647258734844	0	0.797640945357667	0.837012514887983	0	0.923971536369429	0.684789777286229	0	0	0	0	0	0	0	0	0	0	0.599803369821407	0	0	0	0	0	0	0	0	0	0	0	0	0	0	0	0	0	0	0	0	0	0	0	0	0	0	0	0	0	0	0	0	0	0	0	0	0	0	0	0	0	0	0	0	0	0	0	0	0	0	0	0
0	0.863810209813922	0	0	0	0	0	0	0	0	0	0	0	0	0	0	0	0.638042551571996	0	0	0	0	0	0	0	0	0	0	0	0.523161781294504	0	0	0	0	0	0.614121615895767	0	0	0	0	0	0	0	0	0	0	0	0	0	0	0	0	0	0	0	0	0	0	0	0	0	0	0	0	0	0	0	0	0	0	0	0	0	0	0	0	0	0	0	0	0	0	0	0	0	0	0	0	0	0
0	0.916684417741198	0	0	0	0	0.827285031773696	0	0	0	0	0	0	0	0	0.663974330014284	0	0	0	0	0.849990096618628	0	0	0	0	0.929552208797283	0	0	0	0	0	0	0	0	0.948114568565101	0	0	0	0	0	0	0	0	0	0	0	0	0	0	0	0	0	0	0	0	0	0	0	0	0	0	0	0	0	0	0	0	0	0	0	0	0	0	0	0	0	0	0	0	0	0	0	0	0	0	0	0	0	0	0
0	0	0	0	0	0	0	0	0	0	0.60281756952514	0	0	0	0	0	0	0	0.817679093879264	0.550242458686038	0	0	0	0	0	0	0	0	0	0	0.934530999093892	0	0	0	0	0	0	0.735924734198631	0.731118784949329	0	0	0	0	0	0.608230675775081	0	0	0	0	0	0	0	0	0	0	0	0	0	0	0	0	0	0	0	0	0	0	0	0	0	0	0	0	0	0	0	0	0	0	0	0	0	0	0	0	0	0	0	0	0
0	0	0	0	0	0	0	0	0.567555816655045	0	0	0.829532762030007	0	0	0	0	0	0	0.662553443718318	0	0	0	0	0	0.944741279405645	0	0	0	0.946033916603037	0	0	0	0	0	0	0	0	0	0.592400047343292	0	0	0	0	0	0	0	0	0	0	0	0	0	0	0	0	0	0	0	0	0	0	0	0	0	0	0	0	0	0	0	0	0	0	0	0	0	0	0	0	0	0	0	0	0	0	0	0	0	0	0
0	0	0	0	0	0	0	0.6369423894688	0	0	0	0	0	0	0.538696818216348	0	0	0	0	0	0	0	0	0	0	0.51960329635056	0	0	0	0	0	0	0.927339588115346	0	0	0.851041022596829	0	0	0	0	0	0	0.77976887395408	0	0	0	0	0	0	0	0	0	0	0	0	0	0	0	0	0	0	0	0	0	0	0	0	0	0	0	0	0	0	0	0	0	0	0	0	0	0	0	0	0	0	0	0	0	0	0
0	0	0	0	0	0	0	0	0	0	0	0	0	0	0	0	0	0	0	0	0	0	0	0	0	0	0	0	0	0	0	0	0	0	0	0	0	0	0	0	0	0	0	0	0	0	0.543133479015623	0.968355790006574	0.628479024851507	0.504775492209563	0.823253119582654	0.981816841467131	0.782715095065973	0	0	0	0	0	0	0	0	0	0	0	0	0	0	0	0	0	0	0	0	0	0	0	0	0	0	0	0	0	0	0.560305908270226	0.750012743762339	0.57777260357576	0.793699426414857	0.846052228199907	0.969073630265375	0.778266317401559
0	0	0	0	0	0	0	0	0	0	0	0	0	0	0	0	0	0	0	0	0	0	0	0	0	0	0	0	0	0	0	0	0	0	0	0	0	0	0	0	0	0	0	0	0	0.83957986403532	0	0.731763721974427	0.828460286232666	0.922065181698546	0.806426738584931	0.535295690187952	0.690378570720787	0.532001717131622	0	0	0	0	0	0	0	0	0	0	0	0	0	0	0	0	0	0	0	0	0	0	0	0	0	0	0	0	0	0	0.89025392562391	0.572685097673216	0.749631952605905	0.52439031205098	0.728713762350667	0.581892361144746
0	0	0	0	0	0	0	0	0	0	0	0	0	0	0	0	0	0	0	0	0	0	0	0	0	0	0	0	0	0	0	0	0	0	0	0	0	0	0	0	0	0	0	0	0	0.69225745851163	0.718460337290625	0	0.54108589151229	0.801131291361251	0.91670303528109	0.871116992097002	0.579634100538308	0.916383140579556	0.802093273025942	0	0	0	0	0	0	0	0	0	0	0	0	0	0	0	0	0	0	0	0	0	0	0	0	0	0	0	0	0	0	0.79219946761382	0.789893036829764	0.694837637215904	0.849800680735333	0.711062766734744
0	0	0	0	0	0	0	0	0	0	0	0	0	0	0	0	0	0	0	0	0	0	0	0	0	0	0	0	0	0	0	0	0	0	0	0	0	0	0	0	0	0	0	0	0	0.762335544860853	0.631093503497488	0.888498390190846	0	0.661214338783117	0.907251572969752	0.70132460055176	0.539434061881698	0.905006308170409	0.926027690772773	0.647628358483584	0	0	0	0	0	0	0	0	0	0	0	0	0	0	0	0	0	0	0	0	0	0	0	0	0	0	0	0	0	0	0.962761550666632	0.544925062203351	0.88532948022817	0.62803565605897
0	0	0	0	0	0	0	0	0	0	0	0	0	0	0	0	0	0	0	0	0	0	0	0	0	0	0	0	0	0	0	0	0	0	0	0	0	0	0	0	0	0	0	0	0	0.588409043945093	0.590711508489795	0.60470356722798	0.99450739785989	0	0.535330911345107	0.612633013159364	0.851969511255084	0.775275245513405	0.607601082022347	0.557938082967602	0.546961833157147	0	0	0	0	0	0	0	0	0	0	0	0	0	0	0	0	0	0	0	0	0	0	0	0	0	0	0	0	0	0	0.877874461248535	0.813875907423565	0.615389332223012
0	0	0	0	0	0	0	0	0	0	0	0	0	0	0	0	0	0	0	0	0	0	0	0	0	0	0	0	0	0	0	0	0	0	0	0	0	0	0	0	0	0	0	0	0	0.674871900608369	0.556875252560115	0.735124172093393	0.795558208074304	0.592863926306676	0	0.504269829581931	0.922921570360095	0.76678954778026	0.703016164727354	0.579512956652186	0.793038841103771	0.58888244917275	0	0	0	0	0	0	0	0	0	0	0	0	0	0	0	0	0	0	0	0	0	0.664484750756869	0	0	0	0	0	0	0	0	0.781733265614466	0.881755591384558
0	0	0	0	0	0	0	0	0	0	0	0	0	0	0	0	0	0	0	0	0	0	0	0	0	0	0	0	0	0	0	0	0	0	0	0	0	0	0	0	0	0	0	0	0	0.911849100373343	0.841116443210282	0.645765115366788	0.57443941609447	0.559666311227982	0.796221977248759	0	0.704976492675089	0.755251774081357	0.84412177568359	0.849302939200303	0.828025570349325	0.826131893911517	0.571706873597501	0	0	0	0	0	0	0	0	0	0	0	0	0	0	0	0	0	0	0	0	0	0	0	0	0	0	0	0	0	0	0.656076949539909
0	0	0	0	0	0	0	0	0	0	0	0	0	0	0	0	0	0	0	0	0	0	0	0	0	0	0	0	0	0	0	0	0	0	0	0	0	0	0	0	0	0	0	0	0	0.911860478802535	0.891433335548153	0.991303968584128	0.864944071787048	0.786577438791502	0.872184226295364	0.839681703706603	0	0.984445989563703	0.863837112960257	0.96863005035875	0.720272217987895	0.781984021515544	0.696313778694074	0.631214792493531	0	0	0	0	0	0	0	0	0	0	0	0	0	0	0	0	0	0	0	0	0	0	0	0	0	0	0	0	0	0
0	0	0	0	0	0	0	0	0	0	0	0	0	0	0	0	0	0	0	0	0	0	0	0	0	0	0	0	0	0	0	0	0	0	0	0	0	0	0	0	0	0	0	0	0	0	0.913963332854647	0.863602446622323	0.852782550945923	0.881943411555125	0.903553983484123	0.876702258264896	0.56487139671069	0	0.579607483130473	0.976794464895271	0.5340100783259	0.828784100084728	0.960255531658061	0.640313291795481	0.98230543675413	0	0	0	0	0	0	0	0	0	0	0	0	0	0	0	0	0	0	0	0	0	0	0	0	0	0	0	0	0
0	0	0	0	0	0	0	0	0	0	0	0	0	0	0	0	0	0	0	0	0	0	0	0	0	0	0	0	0	0	0	0	0	0	0	0	0	0	0	0	0	0	0	0	0	0	0	0.851504064782208	0.67531687648275	0.62985809064716	0.565757113283185	0.834410574067156	0.606220800806754	0.516255372007829	0	0.812528216634285	0.685262400092183	0.914237464337565	0.850239525471203	0.764146040600415	0.970161893784296	0.877855875375225	0	0	0	0	0	0	0	0	0	0	0	0	0	0	0	0	0	0	0	0	0	0	0	0	0	0	0	0
0	0	0	0	0	0	0	0	0	0	0	0	0	0	0	0	0	0	0	0	0	0	0	0	0	0	0	0	0	0	0	0	0	0	0	0	0	0	0	0	0	0	0	0	0	0	0	0	0.605106269652186	0.865334308118425	0.992640803604163	0.849198131638403	0.919799984782156	0.876732026504017	0.760069643651681	0	0.905713858696664	0.806175153317469	0.560204946175968	0.738791379260798	0.753104490982886	0.974107344191456	0.583274101826354	0	0	0	0	0	0	0	0	0	0	0	0	0	0	0	0	0	0	0	0	0	0	0	0	0	0	0
0	0	0	0	0	0	0	0	0	0	0	0	0	0	0	0	0	0	0	0	0	0	0	0	0	0	0	0	0	0	0	0	0	0	0	0	0	0	0	0	0	0	0	0	0	0	0	0	0	0.587426462212034	0.633326773157886	0.536511501134395	0.725703656703107	0.554399681334275	0.723004308776802	0.537210581849434	0	0.953662935486808	0.968198809526109	0.889746019199066	0.981310120565049	0.618194093036106	0.554560615244233	0.52088299573543	0	0	0	0	0	0	0	0	0	0	0	0	0	0	0	0	0	0	0	0	0	0	0	0	0	0
0	0	0	0	0	0	0	0	0	0	0	0	0	0	0	0	0	0	0	0	0	0	0	0	0	0	0	0	0	0	0	0	0	0	0	0	0	0	0	0	0	0	0	0	0	0	0	0	0	0	0.994617692130872	0.722370155868128	0.524721700337247	0.834710543826505	0.869225955748621	0.633995241695889	0.803842570400459	0	0.8988978947772	0.695531134848318	0.912618813019176	0.586281987373194	0.643009659216902	0.587873677018648	0.661917769278232	0	0	0	0	0	0	0	0	0	0	0	0	0	0	0	0	0	0	0	0	0	0	0	0	0
0	0	0	0	0	0	0	0	0	0	0	0	0	0	0	0	0	0	0	0	0	0	0	0	0	0	0	0	0	0	0	0	0	0	0	0	0	0	0	0	0	0	0	0	0	0	0	0	0	0	0	0.520134410336453	0.898623729626673	0.551547773517555	0.662760465121799	0.94462386827894	0.533781569937779	0.97247557274693	0	0.978010774767186	0.861362555110015	0.549141689350162	0.939114634036628	0.668176295970399	0.692684412826428	0.59448133376123	0	0	0	0	0	0	0	0	0	0	0	0	0	0	0	0	0	0	0	0	0	0	0	0
0	0	0	0	0	0	0	0	0	0	0	0	0	0	0	0	0	0	0	0	0	0	0	0	0	0	0	0	0	0	0	0	0	0	0	0	0	0	0	0	0	0	0	0	0	0	0	0	0	0	0	0	0.727776748486918	0.530726127245022	0.672931507307209	0.888098911459851	0.814934289052238	0.565651071593893	0.525391726595948	0	0.618851245940498	0.956339476036828	0.522523935152832	0.608941391545668	0.522257764023313	0.674199637946709	0.854738932724693	0	0	0	0	0	0	0	0	0	0	0	0	0	0	0	0	0	0	0	0	0	0	0
0	0	0	0	0	0	0	0	0	0	0	0	0	0	0	0	0	0	0	0	0	0	0	0	0	0	0	0	0	0	0	0	0	0	0	0	0	0	0	0	0	0	0	0	0	0	0	0	0	0	0	0	0	0.793211022598289	0.9681272207715	0.912250125423533	0.571978556592471	0.702168258512959	0.805983479115839	0.794903977250511	0	0.68477686386545	0.574249373486991	0.878981876896603	0.588903438570619	0.974852046680609	0.544524577859209	0.660623661909587	0	0	0	0	0	0	0	0	0	0	0	0	0	0	0	0	0	0	0	0	0	0
0	0	0	0	0	0	0	0	0	0	0	0	0	0	0	0	0	0	0	0	0	0	0	0	0	0	0	0	0	0	0	0	0	0	0	0	0	0	0	0	0	0	0	0	0	0	0	0	0	0	0	0	0	0	0.546078839802725	0.871169137910678	0.545402572746152	0.9088199432159	0.716848484477407	0.867803377987333	0.829485532744349	0	0.895729110992302	0.92012052217842	0.560453656039211	0.620945114670389	0.891424238575916	0.71515534404425	0.520846520642163	0.874318481293959	0	0	0	0	0	0	0	0	0	0	0	0	0	0	0	0	0	0	0	0
0	0	0	0	0	0	0	0	0	0	0	0	0	0	0	0	0	0	0	0	0	0	0	0	0	0	0	0	0	0	0	0	0	0	0	0	0	0	0	0	0	0	0	0	0	0	0	0	0	0	0	0	0	0	0	0.64896538311592	0.578273564001031	0.833763432702681	0.781100989704619	0.952687357098629	0.714383753891796	0.812141314041643	0	0.881478471202243	0.995457212070511	0.735703571124442	0.764522250101409	0.780875475994263	0	0.917994594216038	0.75317077089175	0	0	0	0	0	0	0	0	0	0	0	0	0	0	0	0	0	0	0
0	0	0	0	0	0	0	0	0	0	0	0	0	0	0	0	0	0	0	0	0	0	0	0	0	0	0	0	0	0	0	0	0	0	0	0	0	0	0	0	0	0	0	0	0	0	0	0	0	0	0	0	0	0	0	0	0.788699139748374	0.633076938028065	0.866422349823345	0.713588576542866	0.668197815783288	0.748261628383909	0.804117068557161	0	0.824684489289299	0.838225772161435	0.579716276300754	0.642313286945857	0.876666527626172	0.526673604026106	0.772227090353442	0	0	0	0	0	0	0	0	0	0	0	0	0	0	0	0	0	0	0
0	0	0	0	0	0	0	0	0	0	0	0	0	0	0	0	0	0	0	0	0	0	0	0	0	0	0	0	0	0	0	0	0	0	0	0	0	0	0	0	0	0	0	0	0	0	0	0	0	0	0	0	0	0	0	0	0	0.525790230961823	0.526862341256111	0.959232942156508	0.775305454068999	0.55608558766099	0.924754754145351	0.588018737718624	0	0.944010578597812	0.545514396798053	0.959187478706945	0.843623316371306	0.898085641835053	0.582338519857977	0.785176240960938	0	0	0	0	0	0.822286210766754	0	0	0	0	0	0	0	0	0	0	0	0
0	0	0	0	0	0	0	0	0	0	0	0	0	0	0	0	0	0	0	0	0	0	0	0	0	0	0	0	0	0	0	0	0	0	0	0	0	0	0	0	0	0	0	0	0	0	0	0	0	0	0	0	0	0	0	0	0	0	0.664085673268141	0.753989537612636	0.887497782429008	0.782978345233678	0.821705498434086	0.673854729037084	0.938069192785206	0	0.84744833001342	0.75389911215225	0.716498957521686	0.907018471496813	0.773323869767975	0.790204798912701	0.759399086914971	0	0	0	0	0	0	0	0	0	0	0	0	0	0	0	0	0
0	0	0	0	0	0	0	0	0	0	0	0	0	0	0	0	0	0	0	0	0	0	0	0	0	0	0	0	0	0	0	0	0	0	0	0	0	0	0	0	0	0	0	0	0	0	0	0	0	0	0	0	0	0	0	0	0	0	0	0.838668766743031	0.967157311506338	0.69424509402401	0.536621477280096	0.70252207404602	0.565329112288133	0.784775867370661	0	0.567923906120401	0.575224974837601	0.60665409004826	0.90531247327422	0.723931326648399	0.570248305084663	0.951408498259938	0	0	0	0	0	0	0	0	0	0	0	0	0	0	0	0
0	0	0	0	0	0	0	0	0	0	0	0	0	0	0	0	0	0	0	0	0	0	0	0	0	0	0	0	0	0	0	0	0	0	0	0	0	0	0	0	0	0	0	0	0	0	0	0	0	0	0	0	0	0	0	0	0	0	0	0	0.79057893303791	0.922833558551057	0.576633560440863	0.910226435973339	0.545113269404942	0.503938163219951	0.706694356197656	0	0.695921690556778	0.768764204098295	0.651820620245996	0.890871002209386	0.929088463438756	0.994360804827413	0.77941166021969	0	0	0	0	0	0	0	0	0	0	0	0	0	0	0
0	0	0	0	0	0	0	0	0	0	0	0	0	0	0	0	0	0	0	0	0	0	0	0	0	0	0	0	0	0	0	0	0	0	0	0	0	0	0	0	0	0	0	0	0	0	0	0	0	0	0	0	0	0	0	0	0	0	0	0	0	0.926915739873219	0	0.69616368936951	0.690919241273543	0.651827162972103	0.695823188489001	0.813200707256345	0	0.502943909696713	0.763526853439977	0.639369186267705	0.936595839220723	0.995245144326524	0.694510495768178	0.66206311238093	0	0	0	0	0	0	0	0	0	0	0	0	0	0
0	0	0	0	0	0	0	0	0	0	0	0	0	0	0	0	0	0	0	0	0	0	0	0	0	0	0	0	0	0	0	0	0	0	0	0	0	0	0	0	0	0	0	0	0	0	0	0	0	0	0	0	0	0	0	0	0	0	0	0	0	0.799939410430228	0.641277706650321	0.531753114780724	0.527207858351537	0.960407943684147	0.923256713093249	0.921112692531714	0.606308491400509	0	0.750742699381525	0.937817252201813	0.675853579823321	0.656282581117511	0.977759142327193	0.720212585209151	0	0	0	0	0	0	0	0	0	0	0	0	0	0
0	0	0	0	0	0	0	0	0	0	0	0	0	0	0	0	0	0	0	0	0	0	0	0	0	0	0	0	0	0	0	0	0	0	0	0	0	0	0	0	0	0	0	0	0	0	0	0	0	0	0	0	0	0	0	0	0	0	0	0	0	0	0.611535181169725	0.939991982632412	0.611569054518146	0.858934859291023	0.761914607774811	0.785856777362038	0.644768933980891	0.964874699677782	0	0.880762512512006	0.880900409131746	0.759329492266511	0.740510401971281	0.73070383301445	0.584471759179256	0	0	0	0	0	0.946045251713501	0	0	0	0	0	0	0
0	0	0	0	0	0	0	0	0	0	0	0	0	0	0	0	0	0	0	0	0	0	0	0	0	0	0	0	0	0	0	0	0	0	0	0	0	0	0	0	0	0	0	0	0	0	0	0	0	0	0	0	0	0	0	0	0	0	0	0	0	0	0	0	0.550197573206951	0.6870937917635	0.848921048189496	0.634950298016663	0.594813655710384	0.620309209354551	0.648359435147011	0	0.602717446797593	0.978963552677346	0.622391891765281	0.653724403714868	0.672093146354521	0.834733191585629	0.5358223877146	0	0	0	0	0	0	0	0	0	0	0
0	0	0	0	0	0	0	0	0	0	0	0	0	0	0	0	0	0	0	0	0	0	0	0	0	0	0	0	0	0	0	0	0	0	0	0	0	0	0	0	0	0	0	0	0	0	0	0	0	0	0	0	0	0	0	0	0	0	0	0	0	0	0	0	0	0.921017471991469	0.671443254631859	0.961612866081468	0.78105851511202	0.967931894583265	0.690985850022012	0.611550216850718	0	0.708676534220346	0.706749467263174	0.5577728663126	0.539894383849599	0.63161815068329	0.972634983086862	0.825004891968906	0	0	0	0	0	0	0	0	0	0
0	0	0	0	0	0	0	0	0	0	0	0	0	0	0	0	0	0	0	0	0	0	0	0	0	0	0	0	0	0	0	0	0	0	0	0	0	0	0	0	0	0	0	0	0	0	0	0	0	0	0	0	0	0	0	0	0	0	0	0	0	0	0	0	0	0	0.728179364888668	0.608913673553876	0.908802835320644	0.73889318484663	0.790130843387099	0.715535571279543	0.962506117103074	0	0.999447253445067	0.595688035497671	0.586671186631929	0.858898599964133	0.687335192418831	0.921417107012015	0.713321423809353	0	0	0	0	0	0	0	0	0
0	0	0	0	0	0	0	0	0	0	0	0	0	0	0	0	0	0	0	0	0	0	0	0	0	0	0	0	0	0	0	0	0	0	0	0	0	0	0	0	0	0	0	0	0	0	0	0	0	0	0	0	0	0	0	0	0	0	0	0	0	0	0	0	0	0	0	0.573973871606801	0.853222556575194	0.666518125732782	0.560415909950867	0.803185367185488	0.990489022979309	0.699785878567857	0	0.674053568652268	0.611905467401443	0.990178110177782	0.783636507280854	0.988688484642816	0.606651141590381	0.699031675807962	0	0	0	0	0	0	0	0
0	0	0	0	0	0	0	0	0	0	0	0	0	0	0	0	0	0	0	0	0	0	0	0	0	0	0	0	0	0	0	0	0	0	0	0	0	0	0	0	0	0	0	0	0	0	0	0	0	0	0	0	0	0	0	0	0	0	0	0	0	0	0	0	0	0	0	0	0.524826580183327	0.950848255389275	0.627011751311948	0.838248619451032	0.776728811989899	0.601716307794371	0.986691491315152	0	0.767963503695217	0.625415259214384	0.809352201434606	0.675600248483552	0.666579177712935	0.825332697683341	0.551618781092728	0	0	0	0	0	0	0
0	0	0	0	0	0	0	0	0	0	0	0	0	0	0	0	0	0	0	0	0	0	0	0	0	0	0	0	0	0	0	0	0	0	0	0	0	0	0	0	0	0	0	0	0	0	0	0	0	0	0	0	0	0	0	0	0	0	0	0	0	0	0	0	0	0	0	0	0	0	0.741506624257508	0.608086729603944	0.909301029695603	0.943797038533621	0.515705260518821	0.537926761346092	0	0.750327112544577	0.910985346636198	0.706506268004617	0.890205772536569	0.595233125092886	0.68731953535229	0.619185248507398	0	0	0	0	0	0
0	0	0	0	0	0	0	0	0	0	0	0	0	0	0	0	0	0	0	0	0	0	0	0	0	0	0	0	0	0	0	0	0	0	0	0	0	0	0	0	0	0	0	0	0	0	0	0	0	0	0	0	0	0	0	0	0	0	0	0	0	0	0	0	0.860407648218276	0	0	0	0	0	0	0.988746312149619	0.816932469172583	0.98016199577593	0.773567072577377	0.502384644715188	0.901037408229893	0	0.771145843606724	0	0.520240378603164	0.563314912317722	0.640259050378184	0.77618973127719	0.781732592652173	0	0	0	0	0
0	0	0	0	0	0	0	0	0	0	0	0	0	0	0	0	0	0	0	0	0	0	0	0	0	0	0	0	0	0	0	0	0	0	0	0	0	0	0	0	0	0	0	0	0	0	0	0	0	0	0	0	0	0	0	0	0	0	0	0	0	0	0	0	0	0	0	0	0	0	0	0.942315726293319	0.981118425141374	0.792086990382634	0.78547240309339	0.650832853985403	0.925689512660165	0.648788369587362	0	0.945685210500724	0.69344758312147	0.960119218536317	0.804127633607083	0.92745062312213	0.693033985454246	0.547717480865101	0	0	0	0
0	0	0	0	0	0	0	0	0	0	0	0	0	0	0	0	0	0	0	0	0	0	0	0	0	0	0	0	0	0	0	0	0	0	0	0	0	0	0	0	0	0	0	0	0	0	0	0	0	0	0.64811404935951	0	0	0	0	0	0	0	0	0	0	0	0	0	0	0	0	0	0	0	0	0	0.928315564671176	0.895983923557436	0.810952287220771	0.730439061310312	0.723536460197482	0	0.614526578551261	0	0.659508574310684	0.622733894362174	0.885057849156564	0	0.699243770662969	0.96437688217582	0.629330476485081	0	0	0
0	0	0	0	0	0	0	0	0	0	0	0	0	0	0	0	0	0	0	0	0	0	0	0	0	0	0	0	0	0	0	0	0	0	0	0	0	0	0	0	0	0	0	0	0	0	0	0	0	0	0	0	0	0	0	0	0	0	0	0	0	0	0	0	0	0	0	0	0	0	0	0	0	0.987945999830764	0.779271658202494	0.912393799448573	0.89839474590883	0.970832542844675	0.664645823250031	0.531031383686837	0	0.983888847263624	0.744166760422579	0.616140903368672	0.865512001394668	0.85830422172672	0.767796929204577	0.735694754420704	0	0
0	0	0	0	0	0	0	0	0	0	0	0	0	0	0	0	0	0	0	0	0	0	0	0	0	0	0	0	0	0	0	0	0	0	0	0	0	0	0	0	0	0	0	0	0	0	0	0	0	0	0	0	0	0	0	0	0	0	0	0	0	0	0	0	0	0	0	0	0	0	0	0	0	0	0.742321610199276	0.740409241214338	0.521940207626936	0.825094425260308	0.625838798414426	0.594243009371447	0.891058684160805	0	0.830575131073641	0.733637394715187	0.765259001688198	0.621356542002203	0.529420033928138	0.804712639633657	0.858255785180046	0
0	0	0	0	0	0	0	0	0	0	0	0	0	0	0	0	0	0	0	0	0	0	0	0	0	0	0	0	0	0	0	0	0	0	0	0	0	0	0	0	0	0	0	0	0	0	0	0	0	0	0	0	0	0	0	0	0	0	0	0	0	0	0	0	0	0	0	0	0	0	0.972151165842759	0	0	0	0	0.998607805318427	0.957590132082465	0.874281051593449	0.945934684190425	0.931803501921783	0.703436449709347	0.71257039399055	0	0.523074542601068	0.905327012332389	0.617489624832942	0.739397983500344	0.657296569987311	0.630638552748234	0.805346621287799
0	0	0	0	0	0	0	0	0	0	0	0	0	0	0	0	0	0	0	0	0	0	0	0	0	0	0	0	0	0	0	0	0	0	0	0	0	0	0	0	0	0	0	0	0	0.866249041147916	0	0	0	0	0	0	0	0	0	0	0	0	0	0	0	0	0	0	0	0	0	0	0	0	0	0	0	0	0	0	0.692005975165198	0.771856465745183	0.89766921117437	0	0.631945206770785	0.98401284417503	0.648771184583511	0	0.584443678281572	0.636717113784061	0.79203752407632	0.748815147082418	0.815499240973147	0.872114427365426
0	0	0	0	0	0	0	0	0	0	0	0	0	0	0	0	0	0	0	0	0	0	0	0	0	0	0	0	0	0	0	0	0	0	0	0	0	0	0	0	0	0	0	0	0	0.70001147274152	0.975681948761935	0	0	0	0	0	0	0	0	0	0	0	0	0	0	0	0	0	0	0	0	0	0	0	0	0	0	0	0	0	0	0.681113837780883	0.953882244123347	0.961869078012013	0.862898548878039	0.789483310827459	0.825429172861727	0.994801085950549	0	0.704495025721158	0.851314070687078	0.972823439718846	0.730825436612017	0.66960697645045
0	0	0	0	0	0	0	0	0	0	0	0	0	0	0	0	0	0	0	0	0	0	0	0	0	0	0	0	0	0	0	0	0	0	0	0	0	0	0	0	0	0	0	0	0	0.693717079274711	0.823216964467503	0.885009383593673	0	0	0	0	0	0	0	0	0	0	0	0	0	0	0	0	0	0	0	0	0	0	0	0	0	0	0	0	0	0	0.884206541902887	0.750623642067294	0.555362262220654	0.542522001464926	0.873317510567872	0.670117228802415	0.849382337101587	0	0.643109704175874	0.533186167178201	0.545314026793201	0.53302371461501
0	0	0	0	0	0	0	0	0	0	0	0	0	0	0	0	0	0	0	0	0	0	0	0	0	0	0	0	0	0	0	0	0	0	0	0	0	0	0	0	0	0	0	0	0	0.586459826067951	0.67710402493095	0.69841123035743	0.816859730434021	0	0	0	0	0	0	0	0	0	0	0	0	0	0	0	0	0	0	0	0	0	0	0	0	0	0	0	0	0	0	0.987424316229916	0.608898614935017	0.892862618507704	0.584223551262249	0.871890652720309	0.974164983187514	0.885882522526693	0	0.988538602222687	0.875705421660234	0.931914632035824
0	0	0	0	0	0	0	0	0	0	0	0	0	0	0	0	0	0	0	0	0	0	0	0	0	0	0	0	0	0	0	0	0	0	0	0	0	0	0	0	0	0	0	0	0	0.678464122886427	0.538019529319705	0.934917079684562	0.515769299080118	0.649317666930133	0	0	0	0	0	0	0	0	0	0	0	0	0	0	0	0	0	0	0	0	0	0	0	0	0	0	0	0	0	0	0.945142632014881	0.834798263659871	0.502878227648439	0.789870171478135	0.807919688260412	0.970961725757443	0.746312498734548	0	0.845418934757332	0.504998955202846
0	0	0	0	0	0	0	0	0	0	0	0	0	0	0	0	0	0	0	0	0	0	0	0	0	0	0	0	0	0	0	0	0	0	0	0	0	0	0	0	0	0	0	0	0	0.676721511045376	0.806496426889916	0.513338165218058	0.952003499078129	0.945029787337677	0.962498162347083	0	0	0	0	0	0	0	0	0	0	0	0	0	0	0	0	0	0	0	0	0	0	0	0	0	0	0	0	0	0	0.830284920634454	0.646316081696816	0.896489503681993	0.904813647717164	0.626725149400657	0.791884784202078	0.835064806942768	0	0.676561292869007
0	0	0	0	0	0	0	0	0	0	0	0	0	0	0	0	0	0	0	0	0	0	0	0	0	0	0	0	0	0	0	0	0	0	0	0	0	0	0	0	0	0	0	0	0	0.866886286421734	0.522422280217455	0.783658709972853	0.99158357908468	0.934529096884882	0.909083318544056	0.829689716908907	0	0	0	0	0	0	0	0	0	0	0	0	0	0	0	0	0	0	0	0	0	0	0	0	0	0	0	0	0	0	0.579516911540026	0.696731028150638	0.640972177964947	0.635687145565126	0.738723965169163	0.87194516630605	0.753689941613977	0
