0	0.781293652293509	0.805486089600782	0.584205449012665	0.916847327068936	0.724603597131803	0.621653576169874	0.862415174051009	0	0	0	0	0	0	0	0	0	0	0	0	0	0	0	0	0	0	0	0	0	0	0	0	0	0	0	0	0	0	0.984841956283755	0.62786301910386	0.545815647957313	0.55004902549514	0	0.620247952525422	0.702664935091781	0	0	0	0	0	0	0	0	0	0	0	0	0	0	0	0	0	0	0	0	0	0	0	0	0	0	0	0	0	0	0	0	0	0	0	0	0	0	0	0	0	0	0	0	0
0.601948242325884	0	0.968529328920888	0.669655602816724	0.980545155467002	0.513547662378892	0.887938152130729	0.748328924902199	0	0	0	0	0	0	0	0	0	0	0	0	0	0	0	0	0.903365284135158	0	0	0	0	0	0	0	0	0	0	0	0	0	0	0.886985949554119	0.794834350341328	0.684551030043089	0.929286158672122	0.819323296395911	0.842452990489087	0	0	0	0	0	0	0	0	0	0	0	0	0	0	0	0	0	0	0	0	0	0	0	0	0	0	0	0	0	0	0	0	0	0	0	0	0	0	0	0	0	0	0	0	0
0.747715696884313	0.724455417105945	0	0.649091245096981	0.827752172286472	0.902647435596442	0.808240627554057	0.695913686071146	0	0.684993188773794	0	0	0	0	0	0	0	0	0	0	0	0	0	0	0	0	0.970356297438254	0	0	0	0	0	0	0	0	0	0	0	0	0	0.782257267375904	0.927661904144157	0.802455541941217	0.685655137812561	0.98783180119783	0	0	0	0	0	0	0	0	0	0	0	0	0	0	0	0	0	0	0	0	0	0	0	0	0	0	0	0	0	0	0	0	0	0	0	0	0	0	0	0	0	0	0	0	0
0.82592067570056	0.657555837801873	0.707899485566519	0	0.563663286813546	0.862394909561216	0.52227464828121	0.856580848586306	0.557718511962901	0.786580722973549	0.671510633450176	0	0	0	0	0	0	0	0	0	0	0	0	0	0	0	0	0	0	0	0	0	0	0	0	0	0	0	0	0	0	0.942499597159208	0.98224088422743	0.860692683977369	0.623232834504749	0	0	0	0	0	0	0	0	0	0	0	0	0	0	0	0	0	0	0	0	0	0	0	0	0	0	0	0	0	0	0	0	0	0	0	0	0	0	0	0	0	0	0	0	0
0.980373689534167	0.721605675400454	0.625041052326041	0.897004844692979	0	0.643398425316659	0.69359493308662	0.972997139833722	0.758553055572163	0.789754676425893	0.826339649944149	0.700166538487827	0	0	0	0	0	0	0	0	0	0	0	0	0	0	0	0	0	0	0	0	0	0	0	0	0	0	0	0	0	0	0.704402041225701	0.798756246990774	0.918386898247727	0	0	0	0	0	0	0	0	0	0	0	0	0	0	0	0	0	0	0	0	0	0	0	0	0	0	0	0	0	0	0	0	0	0	0	0	0	0	0	0	0	0	0	0	0
0.672992975689438	0.637457837575998	0.584496666167031	0.665209031886442	0.878320551063893	0	0.647390776304953	0.889886102252504	0.601758180750422	0.804505052214728	0.824048966498915	0.964256687521775	0.786314690312671	0	0	0	0	0	0	0	0	0	0	0	0	0	0	0	0	0	0	0	0	0	0	0	0	0	0	0	0	0	0	0.837512232289328	0.572474830307266	0	0	0	0	0	0	0	0	0	0	0	0	0	0	0	0	0	0	0	0	0	0	0	0	0	0	0	0	0	0	0	0	0	0	0	0	0	0	0	0	0	0	0	0	0
0.954136554467286	0.833674008601047	0.881561508719002	0.698733085041913	0.867421642100466	0.90992861347927	0	0.531864013365348	0.791372359105629	0.516149782593778	0.952516696410615	0.72027214144082	0.737422857486028	0.739861389992856	0	0	0	0	0	0	0	0	0	0	0	0	0	0	0	0	0	0	0	0	0	0	0	0	0	0	0	0	0.69667200025274	0	0.741214235636166	0	0	0	0	0	0	0	0	0	0	0	0	0	0	0	0	0	0	0	0	0	0	0	0	0	0	0	0	0	0	0	0	0	0	0	0	0	0	0	0	0	0	0	0	0
0.826748828604402	0.69847550843002	0.591087827889841	0.551720366897397	0.824083501046832	0.932208144047548	0.848517972789758	0	0.737125020099782	0.640558146492165	0.781996901182013	0.908382023849581	0.589889039729037	0.910333913493154	0.725815271038792	0	0	0	0	0	0	0	0	0	0.959191780211138	0	0	0	0	0	0	0	0	0	0	0	0	0	0	0	0	0	0	0	0	0	0	0	0	0	0	0	0	0	0	0	0	0	0	0	0	0	0	0	0	0	0	0	0	0	0	0	0	0	0	0	0	0	0	0	0	0	0	0	0	0	0	0	0	0
0	0	0	0.94140479850399	0.77877186671404	0.554673007296054	0.636283602436364	0.907618483032934	0	0.509079187577041	0.647184551346772	0.735186730957253	0.850344186528675	0.74586800329124	0.947194841379293	0.665812127780455	0	0	0	0	0	0	0	0	0	0	0	0	0	0	0	0	0	0	0	0	0	0	0	0	0	0	0	0	0	0	0	0	0	0	0	0	0	0	0	0	0	0	0	0	0	0	0	0	0	0	0	0	0	0	0	0	0	0	0	0	0	0	0	0	0	0	0	0	0	0	0	0	0	0
0	0	0.833018874859188	0.966036945793314	0.766990560139928	0.532960427844727	0.694286044971172	0.705028672432355	0.607435611927828	0	0.623962498110888	0.725101547981001	0.589588014347789	0.518801861998122	0.594255906529255	0	0.519131023616666	0	0	0	0	0	0	0	0	0	0	0	0	0	0	0	0	0	0	0	0	0	0	0	0.945039764542517	0	0	0	0	0	0	0	0	0	0	0	0	0	0	0	0	0	0	0	0	0	0	0	0	0	0	0	0	0	0	0	0	0	0	0	0	0	0	0	0	0	0	0	0	0	0	0	0	0
0	0	0	0.898495411175666	0.802260958188883	0.525541543954481	0.785743975683775	0.60695770689963	0.969812252982454	0.887746291211163	0	0.610130442933456	0.721260372017149	0.75023792024163	0.83682804571807	0.790558264107525	0.671319033203318	0.640605910277747	0	0	0	0	0	0	0	0	0	0	0	0	0	0	0	0	0	0	0	0	0	0	0	0	0	0	0	0	0	0	0	0	0	0	0	0	0	0	0	0	0	0	0	0	0	0	0	0	0	0	0	0	0	0	0	0	0	0	0	0	0	0	0	0	0	0	0	0	0	0	0	0
0	0	0	0	0.890724310547507	0.660702599149697	0.656102259923436	0.881814340055828	0.560212101228186	0.686742376018079	0.674010615765864	0	0.698925830267042	0.634102554961861	0.559120183588525	0.530737457956218	0.503438395600652	0.66098491623849	0.921882659319638	0	0	0	0	0	0	0	0	0	0	0	0	0	0	0	0	0	0	0	0	0	0	0	0	0	0	0	0	0	0	0	0	0	0	0	0	0	0	0	0	0	0	0	0	0	0	0	0	0	0	0	0	0	0	0	0	0	0	0	0	0	0	0	0	0	0	0	0	0	0	0
0	0	0	0	0	0.844614720062137	0.916745434448652	0.947361351150125	0.863792409467783	0.787300873623586	0.665989316871552	0.671537566013451	0	0.744534358782504	0.656866084588249	0.95602870772877	0.882918200516093	0.993031152971514	0.866805206203038	0.888915997453934	0	0	0	0	0	0	0	0	0	0	0	0	0	0	0	0	0	0	0	0	0	0	0	0	0	0	0	0	0	0	0	0	0	0	0	0	0	0	0	0	0	0	0	0	0	0	0	0	0	0	0	0	0	0	0	0	0	0	0	0	0	0	0	0	0	0	0	0	0	0
0	0	0	0	0	0	0.504422669256896	0.55561171110624	0.788018648387803	0.701125534239594	0.523428179355377	0.604234751614366	0.9069934518897	0	0.885881218093309	0.758198028044753	0.759995065229389	0.732512168237129	0.515161549156839	0.98950402176026	0.643602676821776	0	0	0	0	0	0	0	0	0	0	0	0	0	0	0	0	0	0	0	0	0	0	0	0	0	0	0	0	0	0	0	0	0	0	0	0	0	0	0	0	0	0	0	0	0	0	0	0	0	0	0	0	0	0	0	0	0	0	0	0	0	0	0	0	0	0	0	0	0
0	0	0	0	0	0	0	0.591479120662001	0.786775829793634	0.852651721969328	0.665277113129135	0.96012124344379	0.514112891727503	0.935689467291582	0	0.915293210325955	0.944052429589945	0.865389654452411	0.704887607066872	0.714109922295341	0.588910965147786	0.688188422694853	0	0	0	0	0	0	0	0	0	0	0	0	0	0	0	0	0	0	0	0	0	0	0	0	0	0	0	0	0	0	0	0	0	0	0	0	0	0	0	0	0	0	0	0	0	0	0	0	0	0	0	0	0	0	0	0	0	0	0	0	0	0	0	0	0	0	0	0
0	0	0	0	0	0	0	0	0.553470273187894	0	0.840498343272753	0.979036034743586	0.726785578254276	0.528075025785698	0.802533394775255	0	0.718960713883537	0.987625838901415	0.542601368585756	0.789189158700268	0.626488667392924	0.668903861150145	0.984131843346542	0	0	0	0	0	0	0	0	0	0	0	0	0	0	0	0	0	0	0	0	0	0	0	0	0	0	0	0	0	0	0	0	0	0	0	0	0	0	0	0	0	0	0	0	0	0	0	0	0	0	0	0	0	0	0	0	0	0	0	0	0	0	0	0	0	0	0
0	0	0	0	0	0	0	0	0	0.632981247633819	0.596986696864999	0.514381356323241	0.97248223090621	0.870854125300981	0.576776552536536	0.717649933074872	0	0.712429939422338	0.949876253875937	0.674499046268984	0	0.708329934599648	0.784145485918716	0.820957346571733	0	0	0	0	0	0	0	0	0	0	0	0	0	0	0.663241478804713	0	0	0	0	0	0	0	0	0	0	0	0	0	0	0	0	0	0	0	0	0	0	0	0	0	0	0	0	0	0	0	0	0	0	0	0	0	0	0	0	0	0	0	0	0	0	0	0	0	0	0
0	0	0	0	0	0	0	0	0	0	0.972820245459743	0.525278703890335	0.630958936808775	0.837563895730152	0.649086496583999	0.709860058956468	0.777938905865133	0	0.598036751300882	0.564778072041922	0.90514979271689	0.901143805491348	0.597195747846531	0.510249184097766	0.60284364175691	0	0	0	0	0	0	0	0	0	0	0	0	0	0	0	0	0	0	0	0	0	0	0	0	0	0	0	0	0	0	0	0	0	0	0	0	0	0	0	0	0	0	0	0	0	0	0	0	0	0	0	0	0	0	0	0	0	0	0	0	0	0	0	0	0
0	0	0	0	0	0	0	0	0	0	0	0.918210734352107	0.588460563765414	0.523338862582059	0.848197914742329	0.559833888749606	0.659275603582465	0.59434955864132	0	0.92846093560961	0.646694263688282	0.862570525357575	0.791472943684375	0.945874767964345	0.539548628650228	0.538338408226523	0	0	0	0	0	0	0	0	0	0	0	0	0	0	0	0	0	0	0	0	0	0	0	0	0	0	0	0	0	0	0	0	0	0	0	0	0	0	0	0	0	0	0	0	0	0	0	0	0	0	0	0	0	0	0	0	0	0	0	0	0	0	0	0
0	0	0	0	0	0	0	0	0	0	0	0	0.580250397727675	0.63783102607097	0.904270766862014	0.872882413825465	0.876865309793049	0.587145282605499	0.600102890836786	0	0.739307321906559	0.900130933417517	0.879805331171894	0.885367174690429	0.739150890231748	0.513533939335587	0.571544346184378	0	0	0	0	0	0	0	0	0	0	0	0	0	0	0	0	0	0	0	0	0	0	0	0	0	0	0	0	0	0	0	0	0	0	0	0	0	0	0	0	0	0	0	0	0	0	0	0	0	0	0	0	0	0	0	0	0	0	0	0	0	0	0
0	0	0	0	0	0	0	0	0	0	0	0	0	0.996073042795077	0.635132359844194	0.920252371883934	0	0.860884453765103	0.88817202228038	0.641341017711736	0	0.591721339487664	0.556508590968729	0.991295765595616	0.8413080358207	0.85114638481648	0.511318516495315	0.659282776691169	0	0	0	0	0	0	0	0	0	0	0	0	0	0	0	0	0	0	0	0	0	0	0	0	0	0	0	0	0	0	0	0	0	0	0	0	0	0	0	0	0	0	0	0	0	0	0	0	0	0	0	0	0	0	0	0	0	0	0	0	0	0
0	0	0	0	0	0	0	0	0	0	0	0	0	0	0.618503802487155	0.815248368444304	0.754234731251512	0.545749468812748	0.812747566521228	0.785413205858149	0.779333063702868	0	0.882460754128602	0.50731421546009	0.695038719438391	0.769521743834803	0.550161970458912	0.696990457600226	0.650259322885992	0	0	0	0	0	0	0	0	0	0	0	0	0	0	0	0	0	0	0	0	0	0	0	0	0	0	0	0	0	0	0	0	0	0	0	0	0	0	0	0	0	0	0	0	0	0	0	0	0	0	0	0	0	0	0	0	0	0	0	0	0
0	0	0	0	0	0	0	0	0	0	0	0	0	0	0	0.857208976805403	0.976401552030066	0.653707140574855	0.505111672264461	0.738951166502544	0.647490594338568	0.649849944700098	0	0.924847799576517	0.822304550181826	0.531160618737384	0.835095009146341	0.937548212014079	0.515322361507763	0.931217177868217	0	0	0	0	0	0	0	0	0	0	0	0	0	0	0	0	0	0	0	0	0	0	0	0	0	0	0	0	0	0	0	0	0	0	0	0	0	0	0	0	0	0	0	0	0	0	0	0	0	0	0	0	0	0	0	0	0	0	0	0
0	0	0	0	0	0	0	0	0	0	0	0	0	0	0	0	0.968013581932292	0.789569756687368	0.996160460936153	0.872916174850761	0.819830840855192	0.961740974932879	0.918123474934021	0	0.953939787160649	0.990878365920318	0.580903738119797	0.537456217952683	0.660560977534674	0.54987674113918	0.824913796601958	0	0	0	0	0	0	0	0	0	0	0	0	0	0	0	0	0	0	0	0	0	0	0	0	0	0	0	0	0	0	0	0	0	0	0	0	0	0	0	0	0	0	0	0	0	0	0	0	0	0	0	0	0	0	0	0	0	0	0
0	0.57027098514912	0	0	0	0	0	0.575644798225911	0	0	0	0	0	0	0	0	0	0.852276928363359	0.985173297258334	0.903530591404924	0.731920566436178	0.527003183525119	0.74783662622167	0.984376935574016	0	0.83315155557311	0.821001564519478	0	0.954100039455024	0.680462401723306	0.622178119299144	0.694851997296984	0	0	0	0	0	0	0	0	0	0	0	0	0	0	0	0	0	0	0	0	0	0	0	0	0	0	0	0	0	0	0	0	0	0	0	0	0	0	0	0	0	0	0	0	0	0	0	0	0	0	0	0	0	0	0	0	0	0
0	0	0	0	0	0	0	0	0	0	0	0	0	0	0	0	0	0	0.975524516685759	0.754783988817017	0.536327498921052	0.860008308791085	0.62704144524983	0.953429499809221	0.935206134394959	0	0.615046050684055	0.973575042230254	0.85915257328001	0.963962863989549	0.588438866616567	0.936830724354955	0.989360223760229	0	0	0	0	0	0	0	0	0	0	0	0	0	0	0	0	0	0	0	0	0	0	0	0	0	0	0	0	0	0	0	0	0	0	0	0	0	0	0	0	0	0	0	0	0	0	0	0	0	0	0	0	0	0	0	0	0
0	0	0.719764661158272	0	0	0	0	0	0	0	0	0	0	0	0	0	0	0	0	0.528109434835451	0.575598832342059	0.989310355188876	0.701799011320925	0.846298381760084	0.596705421496172	0.970513367477474	0	0.731639486682505	0.986570027291915	0.557029265940949	0.684724910340082	0.719385151320383	0.640826424413653	0.668843763984339	0	0	0	0	0	0	0	0	0	0	0	0	0	0	0	0	0	0	0	0	0	0	0	0	0	0	0	0	0	0	0	0	0	0	0	0	0	0	0	0	0	0	0	0	0	0	0	0	0	0	0	0	0	0	0	0
0	0	0	0	0	0	0	0	0	0	0	0	0	0	0	0	0	0	0	0	0.807408232906325	0.983404275861194	0.647760345724873	0.543960398300588	0	0.780256844133174	0.769546142207143	0	0.79704246108431	0.79902259127734	0.921192369627561	0.863511353822645	0.807370043080358	0.697639385020086	0.507748398342639	0	0	0	0	0	0	0	0	0	0	0	0	0	0	0	0	0	0	0	0	0	0	0	0	0	0	0	0	0	0	0	0	0	0	0	0	0	0	0	0	0	0	0	0	0	0	0	0	0	0	0	0	0	0	0
0	0	0	0	0	0	0	0	0	0	0	0	0	0	0	0	0	0	0	0	0	0.712619795411481	0.634003649701281	0.946798085583916	0.612759034380097	0.86241282991411	0.96147861038715	0.799065345204123	0	0.735802677891147	0.537959214234959	0.987320490551567	0.888621975930742	0.96211813930608	0.774401882285033	0.818746085962483	0	0	0	0	0	0	0	0	0	0	0	0	0	0	0	0	0	0	0	0	0	0	0	0	0	0	0	0	0	0	0	0	0	0	0	0	0	0	0	0	0	0	0	0	0	0	0	0	0	0	0	0	0	0
0	0	0	0	0	0	0	0	0	0	0	0	0	0	0	0	0	0	0	0	0	0	0.615582761613378	0.569132948720445	0.624527022386198	0.971332434023085	0.648153388030842	0.61591328031027	0.89059995800908	0	0.51207144601877	0.602589454911834	0.859094458936688	0.838762995499399	0.648363337035783	0.918240507873307	0.637927910189345	0	0	0	0	0	0	0	0	0	0	0	0	0	0	0	0	0	0	0	0	0	0	0	0	0	0	0	0	0	0	0	0	0	0	0	0	0	0	0	0	0	0	0	0	0	0	0	0	0	0	0	0	0
0	0	0	0	0	0	0	0	0	0	0	0	0	0	0	0	0	0	0	0	0	0	0	0.853810695342015	0.83900884982294	0.613711680259424	0.863333699074722	0.901320813029526	0.503808589607385	0.759791449195267	0	0.998136121850741	0.634529795256783	0.69278978021165	0.865464058553494	0.648882500821156	0.853701973479417	0.80694858329591	0	0	0	0	0	0	0	0	0	0	0	0	0	0	0	0	0	0	0	0	0	0	0	0	0	0	0	0	0	0	0	0	0	0	0	0	0	0	0	0	0	0	0	0	0	0	0	0	0	0	0	0
0	0	0	0	0	0	0	0	0	0	0	0	0	0	0	0	0	0	0	0	0	0	0	0	0.659576738809154	0.567248694560375	0.947039481605091	0.965865166077456	0.573927268295869	0.979212372140914	0.721012735057881	0	0.559610900849704	0.556960134980329	0.650280854981579	0.516221055237513	0.629686262589047	0.922946806834987	0.526881957873122	0	0	0	0	0	0	0	0	0	0	0	0	0	0	0	0	0	0	0	0	0	0	0	0	0	0	0	0	0	0	0	0	0	0	0	0	0	0	0	0	0	0	0	0	0	0	0	0	0	0	0
0	0	0	0	0	0	0	0	0	0	0	0	0	0	0	0	0	0	0	0	0	0	0	0	0	0.709528388760728	0.584668964313808	0.709683084311508	0.651505500550638	0.856714981073161	0.756035226980251	0.904945709133197	0	0.589665696024143	0.538887062008501	0.511663935152701	0.976643579592587	0.970229553514106	0.782848567563506	0.55811622377189	0	0	0	0	0	0	0	0	0	0	0	0	0	0	0	0	0	0	0	0	0	0	0	0	0	0	0	0	0	0	0	0	0	0	0	0	0	0	0	0	0	0	0	0	0	0	0	0	0	0
0	0	0	0	0	0	0	0	0	0	0	0	0	0	0	0	0	0	0	0	0	0	0	0	0	0	0.766627305757605	0.725387871952339	0.993980037228253	0.733417875547289	0.803221761946062	0.788351881191808	0.862934506524053	0	0.668866596562602	0.621347685667283	0.754945931534497	0.68206628203707	0.892556717663195	0.644649133674104	0.987134374365325	0	0	0	0	0	0	0	0	0	0	0	0	0	0	0	0	0	0	0	0	0	0	0	0	0	0	0	0	0	0	0	0	0	0	0	0	0	0	0	0	0	0	0	0	0	0	0	0	0
0	0	0	0	0	0	0	0	0	0	0	0	0	0	0	0	0	0	0	0	0	0	0	0	0	0	0	0.536852098813311	0.928676106077757	0.94411748412946	0.687424246704438	0.641443264569296	0.554815557036096	0.818987086311997	0	0.514840612403505	0.70658599194158	0.668267114781964	0.567098322505877	0.880391919162099	0.778990639119879	0.990432786461298	0	0	0	0	0	0	0	0	0	0	0	0	0	0	0	0	0	0	0	0	0	0	0	0	0	0	0	0	0	0	0	0	0	0	0	0	0	0	0	0	0	0	0	0	0	0	0	0
0	0	0	0	0	0	0	0	0	0	0	0	0	0	0	0	0	0	0	0	0	0	0	0	0	0	0	0	0.633780288760828	0.98087418873163	0.800422168002394	0.928574282367403	0.81968523922855	0.553438758746134	0.802336277041779	0	0.571266376502911	0.878622978084232	0.790259373164374	0.799624769608557	0.905286891091323	0.500345826162556	0.619075030010703	0	0	0	0	0	0	0	0	0	0	0	0	0	0	0	0	0	0	0	0	0	0	0	0	0	0	0	0	0	0	0	0	0	0	0	0	0	0	0	0	0	0	0	0	0	0	0
0	0	0	0	0	0	0	0	0	0	0	0	0	0	0	0	0	0	0	0	0	0	0	0	0	0	0	0	0	0.837995797094375	0.550119226441658	0.89905459373009	0.954239157555445	0.979401522853982	0.5852946317129	0.50897968186685	0	0.617563771617211	0.84942083344115	0.648519354969696	0.633306612070668	0.522187681384904	0.765515965186122	0.695033213549741	0	0	0	0	0	0	0	0	0	0	0	0	0	0	0	0	0	0	0	0	0	0	0	0	0	0	0	0	0	0	0	0	0	0	0	0	0	0	0	0	0	0	0	0	0	0
0	0	0	0	0	0	0	0	0	0	0	0	0	0	0	0	0	0	0	0	0	0	0	0	0	0	0	0	0	0	0.674395694006901	0.715466781405655	0.785648004434728	0.866100764204263	0.881927159447762	0.721651183637178	0.731007181357152	0	0.914470238902007	0.755555190442748	0.607340884322178	0.619690907922914	0.781402152856946	0.79675874503837	0.564505543987503	0	0	0	0	0	0	0	0	0	0	0	0	0	0	0	0	0	0	0	0	0	0	0	0	0	0	0	0	0	0	0	0	0	0	0	0	0	0	0	0	0	0	0	0	0
0.613806908634755	0	0	0	0	0	0	0	0	0	0	0	0	0	0	0	0.769970885753725	0	0	0	0	0	0	0	0	0	0	0	0	0	0	0.717886004570914	0.94612384295639	0.606147844687125	0.984066910425784	0.993062382363491	0.532453839268041	0.897914022145853	0	0.895648388311796	0.918802024886767	0.595501544594419	0.892168447562406	0.6068812059431	0.93371748236715	0	0	0	0	0	0	0	0	0	0	0	0	0	0	0	0	0	0	0	0	0	0	0	0	0	0	0	0	0	0	0	0	0	0	0	0	0	0	0	0	0	0	0	0	0
0.758541666533095	0.948882869128351	0	0	0	0	0	0	0	0	0	0	0	0	0	0	0	0	0	0	0	0	0	0	0	0	0	0	0	0	0	0	0.75724918286168	0.92026831180865	0.68156882703545	0.869382024444046	0.639007431747954	0.982507034815889	0.848252010752255	0	0.592955830518105	0.624072361844701	0.973094411087388	0.943017684922431	0.746507034447627	0	0	0	0	0	0	0	0	0	0	0	0	0	0	0	0	0	0	0	0	0	0	0	0	0	0	0	0	0	0	0	0	0	0	0	0	0	0	0	0	0	0	0	0	0
0.7825196542416	0.83167300456747	0.920054790207872	0	0	0	0	0	0	0.614542496100849	0	0	0	0	0	0	0	0	0	0	0	0	0	0	0	0	0	0	0	0	0	0	0	0.982547439542944	0.726947522181612	0.52488115413817	0.702453359856149	0.728040509581778	0.56532820493066	0.653948723886164	0	0.921757173614749	0.691274604488106	0.786580309727142	0.725990577047142	0	0	0	0	0	0	0	0	0	0	0	0	0	0	0	0	0	0	0	0	0	0	0	0	0	0	0	0	0	0	0	0	0	0	0	0	0	0	0	0	0	0	0	0	0
0.772150586372657	0.778523728182835	0.874827798710615	0.661181417283976	0	0	0	0	0	0	0	0	0	0	0	0	0	0	0	0	0	0	0	0	0	0	0	0	0	0	0	0	0	0	0.865656250697629	0.991694234908618	0.735363260471669	0.508883188123075	0.662133224690297	0.850564083849694	0.936337259682982	0	0.991306538791888	0.706568417279351	0.692734898228283	0	0	0	0	0	0	0	0	0	0	0	0	0	0	0	0	0	0	0	0	0	0	0	0	0	0	0	0	0	0	0	0	0	0	0	0	0	0	0	0	0	0	0	0	0
0	0.922342805952746	0.6328045627313	0.575869596384067	0.868492341123668	0	0.574258994559823	0	0	0	0	0	0	0	0	0	0	0	0	0	0	0	0	0	0	0	0	0	0	0	0	0	0	0	0	0.548280655982622	0.998720414027597	0.962253947488404	0.961111648972704	0.732165421010677	0.575562992654462	0.517775069979895	0	0.588910065126126	0.531342171300442	0	0	0	0	0	0	0	0	0	0	0	0	0	0	0	0	0	0	0	0	0	0	0	0	0	0	0	0	0	0	0	0	0	0	0	0	0	0	0	0	0	0	0	0	0
0.853529554333224	0.84366227185256	0.9828642476185	0.50778710519475	0.772796571580547	0.59922668330226	0	0	0	0	0	0	0	0	0	0	0	0	0	0	0	0	0	0	0	0	0	0	0	0	0	0	0	0	0	0	0.919633556277057	0.792389934076324	0.742120723908265	0.664711082341186	0.922896363298961	0.694980211332135	0.514883239308152	0	0.664853409794935	0	0	0	0	0	0	0	0	0	0	0	0	0	0	0	0	0	0	0	0	0	0	0	0	0	0	0	0	0	0	0	0	0	0	0	0	0	0	0	0	0	0	0	0	0
0.695313892185103	0.75415653319831	0.928031660997726	0.728844019038065	0.526586771194702	0.544785231285014	0.75085474468135	0	0	0	0	0	0	0	0	0	0	0	0	0	0	0	0	0	0	0	0	0	0	0	0	0	0	0	0	0	0	0.89473343679152	0.776433338376177	0.811476829545445	0.509028912742495	0.786102948224806	0.96783788165389	0.828252920856948	0	0	0	0	0	0	0	0	0	0	0	0	0	0	0	0	0	0	0	0	0	0	0	0	0	0	0	0	0	0	0	0	0	0	0	0	0	0	0	0	0	0	0	0	0	0
0	0	0	0	0	0	0	0	0	0	0	0	0	0	0	0	0	0	0	0	0	0	0	0	0	0	0	0	0	0	0	0	0	0	0	0	0	0	0	0	0	0	0	0	0	0	0	0	0.952256539509934	0	0	0.837114723001178	0.603144607707693	0	0.69316015689352	0	0	0.515735142286851	0	0	0	0	0	0	0	0	0	0	0	0	0	0	0	0	0	0	0	0	0	0	0	0	0	0	0	0	0	0.546567827943963	0	0
0	0	0	0	0	0	0	0	0	0	0	0	0	0	0	0	0	0	0	0	0	0	0	0	0	0	0	0	0	0	0	0	0	0	0	0	0	0	0	0	0	0	0	0	0	0	0	0.899609343025953	0	0	0	0	0	0	0	0	0	0	0	0	0	0	0	0	0.962527831644085	0	0	0	0	0	0	0	0	0	0	0	0.932255288742826	0	0.864893387327435	0	0	0	0	0	0.62094991519223	0	0	0	0.785155780719091	0.726754977012654
0	0	0	0	0	0	0	0	0	0	0	0	0	0	0	0	0	0	0	0	0	0	0	0	0	0	0	0	0	0	0	0	0	0	0	0	0	0	0	0	0	0	0	0	0	0	0.883136239487286	0	0	0.770779313772496	0	0	0	0	0	0	0	0	0	0	0	0	0	0	0	0	0	0	0	0	0	0	0	0	0	0	0.873186168726729	0	0	0	0	0	0	0	0	0.503675105685704	0	0.819569128614876	0	0
0	0	0	0	0	0	0	0	0	0	0	0	0	0	0	0	0	0	0	0	0	0	0	0	0	0	0	0	0	0	0	0	0	0	0	0	0	0	0	0	0	0	0	0	0	0.672518650216271	0	0	0	0.707409852843154	0	0	0	0	0	0	0	0	0	0	0	0	0	0	0	0	0	0	0	0	0	0	0	0	0	0	0	0.634978562730362	0	0	0.719363202847467	0	0	0	0	0	0	0	0	0
0	0	0	0	0	0	0	0	0	0	0	0	0	0	0	0	0	0	0	0	0	0	0	0	0	0	0	0	0	0	0	0	0	0	0	0	0	0	0	0	0	0	0	0	0	0	0	0.647166240687804	0.51447289469448	0	0	0	0	0	0	0	0.610616167614735	0	0	0	0	0	0	0	0	0	0.770772090612649	0	0	0	0	0	0	0	0.603245657674133	0	0	0	0	0.539027986815987	0	0	0	0	0	0.963717577227485	0	0	0	0
0	0	0	0	0	0	0	0	0	0	0	0	0	0	0	0	0	0	0	0	0	0	0	0	0	0	0	0	0	0	0	0	0	0	0	0	0	0	0	0	0	0	0	0	0	0	0	0	0	0	0	0	0	0.699194953387769	0	0	0	0	0	0	0	0	0	0	0	0	0	0	0	0	0.688631171488361	0	0	0	0	0.836774137201612	0	0	0	0	0	0	0	0	0	0	0	0	0	0
0	0	0	0	0	0	0	0	0	0	0	0	0	0	0	0	0	0	0	0	0	0	0	0	0	0	0	0	0	0	0	0	0	0	0	0	0	0	0	0	0	0	0	0	0	0.669548388525773	0	0	0	0	0	0	0.818603853637382	0	0	0	0	0	0	0	0	0	0	0	0	0	0.793084721262809	0.569781941878077	0.805711022279222	0	0	0	0	0	0	0	0	0	0.83860770919941	0	0	0	0.651204845066648	0	0	0	0.701354637517001	0	0	0
0	0	0	0	0	0	0	0	0	0	0	0	0	0	0	0	0	0	0	0	0	0	0	0	0	0	0	0	0	0	0	0	0	0	0	0	0	0	0	0	0	0	0	0	0	0.515634500470863	0	0	0	0	0	0.655634430676981	0	0	0	0	0	0	0	0	0	0	0	0	0.660684870412842	0.719963796262397	0	0	0	0	0.953770318066681	0	0	0	0.667867352723192	0	0	0	0	0	0	0	0.686790276940117	0	0	0	0.802049581574025	0	0	0
0	0	0	0	0	0	0	0	0	0	0	0	0	0	0	0	0	0	0	0	0	0	0	0	0	0	0	0	0	0	0	0	0	0	0	0	0	0	0	0	0	0	0	0	0	0	0	0	0	0	0.810308140928149	0	0	0	0	0.795362248858864	0.744157673272626	0	0	0	0	0	0	0	0	0	0	0	0	0	0	0	0	0	0	0	0	0	0	0	0	0	0.707504889973413	0	0	0	0	0	0	0.856005447312526
0	0	0	0	0	0	0	0	0	0	0	0	0	0	0	0	0	0	0	0	0	0	0	0	0	0	0	0	0	0	0	0	0	0	0	0	0	0	0	0	0	0	0	0	0	0.836447893538012	0	0	0	0	0	0	0	0	0	0	0	0.723609715778967	0	0	0	0	0	0	0	0	0.920229667409948	0	0	0	0	0	0	0	0	0	0	0	0	0	0	0	0	0	0	0	0	0	0	0
0	0	0	0	0	0	0	0	0	0	0	0	0	0	0	0	0	0	0	0	0	0	0	0	0	0	0	0	0	0	0	0	0	0	0	0	0	0	0	0	0	0	0	0	0	0	0	0	0	0	0	0	0	0.96178346512805	0	0	0.755912650844148	0	0	0	0	0.695604056661975	0	0	0	0	0	0.643737561202123	0	0	0	0	0	0	0	0	0	0.718829277469344	0	0.718950022950228	0	0	0	0	0	0	0	0	0	0
0	0	0	0	0	0	0	0	0	0	0	0	0	0	0	0	0	0	0	0	0	0	0	0	0	0	0	0	0	0	0	0	0	0	0	0	0	0	0	0	0	0	0	0	0	0	0	0	0	0.696081070627415	0	0	0	0.588638299970473	0	0.707978515361783	0	0	0.710914429190833	0	0	0	0	0	0	0	0	0	0	0	0	0	0	0	0.981473160552648	0	0	0	0	0.845042752661109	0	0	0	0	0	0	0	0	0	0
0	0	0	0	0	0	0	0	0	0	0	0	0	0	0	0	0	0	0	0	0	0	0	0	0	0	0	0	0	0	0	0	0	0	0	0	0	0	0	0	0	0	0	0	0	0.637305928779651	0	0	0	0	0	0	0	0	0.589903657384368	0	0	0	0	0.721354031609704	0.903704003846327	0	0	0	0	0.871313193371801	0	0	0	0	0	0	0	0	0	0	0	0	0	0	0	0.774695487046036	0	0	0	0	0	0	0	0
0	0	0	0	0	0	0	0	0	0	0	0	0	0	0	0	0	0	0	0	0	0	0	0	0	0	0	0	0	0	0	0	0	0	0	0	0	0	0	0	0	0	0	0	0	0	0	0	0	0	0	0	0	0	0	0	0.659432108746067	0	0	0	0	0	0	0	0	0	0	0	0	0	0	0.856935161378124	0	0	0	0	0	0	0	0	0	0.878434248476013	0	0	0.9223789768482	0	0	0	0	0
0	0	0	0	0	0	0	0	0	0	0	0	0	0	0	0	0	0	0	0	0	0	0	0	0	0	0	0	0	0	0	0	0	0	0	0	0	0	0	0	0	0	0	0	0	0	0	0	0	0	0	0	0	0	0	0	0	0.873176043650101	0	0	0	0.689546381383411	0.62226705891627	0.601375189988913	0	0	0	0	0	0	0	0	0	0	0	0.63722195260039	0	0.716123663083539	0	0	0	0	0	0	0	0	0	0	0	0
0	0	0	0	0	0	0	0	0	0	0	0	0	0	0	0	0	0	0	0	0	0	0	0	0	0	0	0	0	0	0	0	0	0	0	0	0	0	0	0	0	0	0	0	0	0	0	0	0	0	0	0	0	0	0	0	0	0.815775144626534	0	0	0	0	0	0	0	0	0	0	0.927035318805923	0	0.890968425923992	0	0	0	0.895555182637737	0	0.97712144555839	0.919943288225494	0	0	0	0	0	0	0	0	0	0	0	0.956662308115672
0	0	0	0	0	0	0	0	0	0	0	0	0	0	0	0	0	0	0	0	0	0	0	0	0	0	0	0	0	0	0	0	0	0	0	0	0	0	0	0	0	0	0	0	0	0	0	0	0	0	0	0	0	0	0	0.821751187040604	0	0	0	0.662616111066324	0	0	0	0	0	0	0	0	0.60798051270401	0	0	0	0	0	0.81061466331342	0	0	0	0	0.881063454496301	0	0	0	0	0	0	0	0	0	0
0	0	0	0	0	0	0	0	0	0	0	0	0	0	0	0	0	0	0	0	0	0	0	0	0	0	0	0	0	0	0	0	0	0	0	0	0	0	0	0	0	0	0	0	0	0	0	0	0	0	0	0	0	0	0	0	0	0	0	0.632633585153473	0	0	0	0.578802332384542	0	0	0	0	0	0	0	0	0	0	0	0	0	0	0	0	0	0.801165942986692	0.608922337083595	0.644277478284925	0	0	0	0	0	0
0	0	0	0	0	0	0	0	0	0	0	0	0	0	0	0	0	0	0	0	0	0	0	0	0	0	0	0	0	0	0	0	0	0	0	0	0	0	0	0	0	0	0	0	0	0	0	0	0	0	0	0	0	0	0	0	0	0	0	0.674049355928521	0	0	0.693297074865222	0	0	0	0	0.879462174989723	0	0	0.636873178757007	0	0	0	0	0	0	0	0.661977347363783	0	0	0	0	0	0.678948401654239	0	0	0	0	0
0	0	0	0	0	0	0	0	0	0	0	0	0	0	0	0	0	0	0	0	0	0	0	0	0	0	0	0	0	0	0	0	0	0	0	0	0	0	0	0	0	0	0	0	0	0	0.576169222374119	0	0	0	0	0	0.930158186749057	0	0	0	0	0	0	0	0	0	0	0	0	0	0	0	0	0	0.68233649550517	0	0.870876438971287	0	0	0	0	0	0	0	0	0	0	0	0	0	0	0	0	0
0	0	0	0	0	0	0	0	0	0	0	0	0	0	0	0	0	0	0	0	0	0	0	0	0	0	0	0	0	0	0	0	0	0	0	0	0	0	0	0	0	0	0	0	0	0	0	0	0	0	0	0	0.57578123478029	0	0	0	0	0.725691388256727	0	0	0	0	0	0	0	0	0	0	0	0	0	0	0.88940807181866	0	0	0	0	0.782599423473516	0	0	0	0	0	0	0	0.588997252939683	0	0	0	0
0	0	0	0	0	0	0	0	0	0	0	0	0	0	0	0	0	0	0	0	0	0	0	0	0	0	0	0	0	0	0	0	0	0	0	0	0	0	0	0	0	0	0	0	0	0	0	0	0	0.640877524537298	0	0.70706268625209	0	0	0.867583771229612	0	0	0	0	0	0	0	0	0	0	0	0	0	0	0.97938978234111	0	0	0	0	0	0	0	0.967401985985383	0	0	0	0	0	0	0	0	0	0	0	0
0	0	0	0	0	0	0	0	0	0	0	0	0	0	0	0	0	0	0	0	0	0	0	0	0	0	0	0	0	0	0	0	0	0	0	0	0	0	0	0	0	0	0	0	0	0	0	0	0	0	0	0.536770051869872	0	0	0	0.57078646644298	0	0	0	0	0	0	0	0.907630363039669	0	0	0	0	0	0.966850669997187	0.745346129160878	0	0	0	0	0	0	0.916833117935538	0	0	0.674486397820873	0	0	0	0	0.954807439155582	0	0	0	0
0	0	0	0	0	0	0	0	0	0	0	0	0	0	0	0	0	0	0	0	0	0	0	0	0	0	0	0	0	0	0	0	0	0	0	0	0	0	0	0	0	0	0	0	0	0	0	0	0	0	0	0.939643637372136	0	0	0	0	0	0	0	0	0.774140691546357	0.722619674163013	0	0	0	0	0	0	0	0	0	0	0	0.851817243175739	0	0	0	0	0	0	0	0.610656005840152	0	0	0	0	0.82083906744134	0	0	0
0	0	0	0	0	0	0	0	0	0	0	0	0	0	0	0	0	0	0	0	0	0	0	0	0	0	0	0	0	0	0	0	0	0	0	0	0	0	0	0	0	0	0	0	0	0	0	0	0	0	0	0	0	0	0	0	0	0	0	0	0	0	0	0	0	0	0.736401723840279	0.711328761118164	0	0	0.780195104310588	0	0	0	0.883076455838767	0	0	0	0	0	0	0	0	0.582876244368945	0	0	0.510330251837796	0	0	0
0	0	0	0	0	0	0	0	0	0	0	0	0	0	0	0	0	0	0	0	0	0	0	0	0	0	0	0	0	0	0	0	0	0	0	0	0	0	0	0	0	0	0	0	0	0	0	0	0	0	0.791009884572484	0	0.516430072381244	0	0	0	0	0	0	0	0.565364610509684	0	0	0.771766287998565	0.754329948545515	0	0	0.828542327817819	0	0.803308563588389	0	0	0	0	0	0	0	0	0	0	0	0	0	0	0	0.514484143925672	0	0	0	0
0	0	0	0	0	0	0	0	0	0	0	0	0	0	0	0	0	0	0	0	0	0	0	0	0	0	0	0	0	0	0	0	0	0	0	0	0	0	0	0	0	0	0	0	0	0	0	0	0	0	0	0	0	0	0	0	0	0	0.677460739206199	0	0	0	0	0	0	0	0	0	0	0	0	0	0.795459647762343	0	0	0	0	0	0	0	0	0.857715389581635	0	0	0	0	0	0	0	0
0	0	0	0	0	0	0	0	0	0	0	0	0	0	0	0	0	0	0	0	0	0	0	0	0	0	0	0	0	0	0	0	0	0	0	0	0	0	0	0	0	0	0	0	0	0	0	0	0	0	0	0	0	0	0	0	0	0	0	0	0	0	0	0	0.890717019591819	0.527460829862807	0	0	0	0	0	0.525161087601858	0	0	0.69383842217461	0	0	0	0	0	0	0	0	0	0	0	0	0	0.947280402457419	0
0	0	0	0	0	0	0	0	0	0	0	0	0	0	0	0	0	0	0	0	0	0	0	0	0	0	0	0	0	0	0	0	0	0	0	0	0	0	0	0	0	0	0	0	0	0	0	0	0	0	0	0	0	0	0	0	0	0	0	0	0	0	0	0	0	0	0	0	0.994915977455435	0	0	0	0	0	0	0.89945788662167	0	0	0	0.95525217459694	0	0	0	0	0	0	0.970172745506977	0	0	0
0	0	0	0	0	0	0	0	0	0	0	0	0	0	0	0	0	0	0	0	0	0	0	0	0	0	0	0	0	0	0	0	0	0	0	0	0	0	0	0	0	0	0	0	0	0	0	0	0	0.847110278318982	0	0	0.544127770292647	0	0	0	0.666958715682379	0	0	0	0.963955050285993	0.895566962843352	0	0	0	0	0	0	0	0.787761993971313	0	0	0.541214292055971	0	0	0.594850392479644	0	0	0	0	0	0	0.644302386480441	0	0	0.786110176912578	0	0	0	0
0	0	0	0	0	0	0	0	0	0	0	0	0	0	0	0	0	0	0	0	0	0	0	0	0	0	0	0	0	0	0	0	0	0	0	0	0	0	0	0	0	0	0	0	0	0	0	0	0	0	0.840873390251762	0	0	0	0	0	0	0	0	0.649983211881205	0	0	0	0	0	0	0	0	0	0	0	0	0	0.531941181085156	0.806748941320622	0	0	0	0.827391947203301	0	0	0	0	0	0	0	0.773524743556552	0	0	0
0	0	0	0	0	0	0	0	0	0	0	0	0	0	0	0	0	0	0	0	0	0	0	0	0	0	0	0	0	0	0	0	0	0	0	0	0	0	0	0	0	0	0	0	0	0	0.713676633616106	0.7552725143683	0	0	0	0	0	0	0	0	0	0	0	0	0.737828232483622	0	0	0	0	0	0	0	0	0	0	0	0	0	0	0	0	0.868995451807591	0.960531862680837	0	0.52229861497661	0	0	0	0.657863070701922	0	0	0	0	0
0	0	0	0	0	0	0	0	0	0	0	0	0	0	0	0	0	0	0	0	0	0	0	0	0	0	0	0	0	0	0	0	0	0	0	0	0	0	0	0	0	0	0	0	0	0	0	0	0.985798775696808	0	0	0	0	0	0	0.6032010322103	0	0	0	0.649909966550872	0.537541025257992	0	0	0	0	0.703540239894303	0.553434774970062	0.608923520351187	0	0	0	0	0	0	0	0	0.512980493529525	0	0	0	0.551949151336641	0	0	0.790303891304226	0	0	0	0	0	0
0	0	0	0	0	0	0	0	0	0	0	0	0	0	0	0	0	0	0	0	0	0	0	0	0	0	0	0	0	0	0	0	0	0	0	0	0	0	0	0	0	0	0	0	0	0	0.6063318358737	0	0	0	0	0.74674927730448	0	0	0	0	0	0	0	0	0	0	0	0.945070641137872	0	0	0	0	0	0	0	0	0	0	0	0.964641675620429	0.519992694304127	0	0	0.982171531921593	0	0.668564459351776	0	0	0.979853623200758	0	0	0	0	0
0	0	0	0	0	0	0	0	0	0	0	0	0	0	0	0	0	0	0	0	0	0	0	0	0	0	0	0	0	0	0	0	0	0	0	0	0	0	0	0	0	0	0	0	0	0	0	0	0	0.760393056524448	0	0	0	0	0	0.728229125170584	0.99987193827284	0	0	0	0	0.605765613577727	0	0	0	0	0	0	0	0	0	0	0	0.816166542873738	0	0	0	0	0.571256803161132	0	0.548874074474067	0	0.889341261864282	0	0	0	0	0	0.613776195639928	0
0	0	0	0	0	0	0	0	0	0	0	0	0	0	0	0	0	0	0	0	0	0	0	0	0	0	0	0	0	0	0	0	0	0	0	0	0	0	0	0	0	0	0	0	0	0	0	0	0.971104715288075	0	0	0	0	0	0	0	0	0	0	0	0	0	0	0	0	0	0	0.617935699681952	0	0	0	0	0	0	0	0	0.574557063314399	0.858696583305955	0	0.978727399992615	0	0	0	0.84581118918073	0	0	0	0	0	0
0	0	0	0	0	0	0	0	0	0	0	0	0	0	0	0	0	0	0	0	0	0	0	0	0	0	0	0	0	0	0	0	0	0	0	0	0	0	0	0	0	0	0	0	0	0	0	0	0	0	0	0	0	0	0	0	0	0.617379457324405	0.819394255619516	0	0	0	0.800512893510089	0	0	0	0	0	0.524040687087162	0	0	0.626901190343245	0	0	0	0	0	0	0.841082025729491	0	0	0	0	0.870493056960016	0	0.574367434259313	0	0	0.55639057316758	0
0	0	0	0	0	0	0	0	0	0	0	0	0	0	0	0	0	0	0	0	0	0	0	0	0	0	0	0	0	0	0	0	0	0	0	0	0	0	0	0	0	0	0	0	0	0	0	0	0	0	0	0.734972250837283	0.840881442653453	0.937516342000372	0	0	0	0	0	0	0	0	0.768729934579566	0	0	0	0	0	0	0	0	0	0	0	0.730219932720452	0	0	0	0	0.59664326953797	0	0	0	0	0	0	0	0	0	0
0	0	0	0	0	0	0	0	0	0	0	0	0	0	0	0	0	0	0	0	0	0	0	0	0	0	0	0	0	0	0	0	0	0	0	0	0	0	0	0	0	0	0	0	0	0	0	0	0	0	0	0	0	0	0	0	0	0	0	0	0	0	0.811695236563883	0	0	0	0	0	0	0.611904416235552	0	0	0	0	0	0	0	0.632585419768105	0	0	0.509143104150406	0.785537058363551	0	0	0	0.514392566660728	0	0	0	0
0	0	0	0	0	0	0	0	0	0	0	0	0	0	0	0	0	0	0	0	0	0	0	0	0	0	0	0	0	0	0	0	0	0	0	0	0	0	0	0	0	0	0	0	0	0	0.649519549699374	0	0	0	0	0	0	0	0	0	0	0	0.875965719959623	0	0	0	0	0.763866090173616	0	0	0	0	0	0	0	0	0	0	0	0	0.876647000544515	0	0.602480908576936	0	0	0	0	0	0	0	0	0.804404991309281	0	0
0	0	0	0	0	0	0	0	0	0	0	0	0	0	0	0	0	0	0	0	0	0	0	0	0	0	0	0	0	0	0	0	0	0	0	0	0	0	0	0	0	0	0	0	0	0	0	0.584220413600963	0	0.538595260476199	0	0	0	0	0	0	0	0	0	0	0	0	0	0	0	0.808902565473584	0	0.722759274832668	0	0	0.825464111832006	0	0	0	0.661763554389104	0	0	0	0	0	0	0.516605161013579	0	0.951723797359821	0	0	0	0	0	0
0	0	0	0	0	0	0	0	0	0	0	0	0	0	0	0	0	0	0	0	0	0	0	0	0	0	0	0	0	0	0	0	0	0	0	0	0	0	0	0	0	0	0	0	0	0	0	0	0	0	0	0.950819876425314	0.966371098728079	0	0	0	0	0	0	0	0	0	0	0	0	0	0	0	0.58351017972708	0.717219793101432	0	0	0	0.687082175150454	0	0.765479859540642	0	0	0	0	0	0	0	0	0	0	0	0.538601936982713	0	0
0	0	0	0	0	0	0	0	0	0	0	0	0	0	0	0	0	0	0	0	0	0	0	0	0	0	0	0	0	0	0	0	0	0	0	0	0	0	0	0	0	0	0	0	0	0.917780971029279	0	0.86530470803242	0	0	0	0	0	0	0	0	0	0	0	0	0	0	0	0	0	0	0	0	0	0	0	0	0	0	0	0	0	0	0	0	0	0	0	0	0.743216947758719	0	0.792666276977364	0	0	0
0	0	0	0	0	0	0	0	0	0	0	0	0	0	0	0	0	0	0	0	0	0	0	0	0	0	0	0	0	0	0	0	0	0	0	0	0	0	0	0	0	0	0	0	0	0	0.616665954038215	0	0	0	0	0	0	0	0	0	0	0	0	0	0	0	0	0	0	0	0	0	0	0	0	0	0.8797191880065	0	0	0	0	0	0	0.779953130018034	0	0.995442110732397	0	0	0	0	0	0	0	0
0	0	0	0	0	0	0	0	0	0	0	0	0	0	0	0	0	0	0	0	0	0	0	0	0	0	0	0	0	0	0	0	0	0	0	0	0	0	0	0	0	0	0	0	0	0	0.854562953035282	0	0	0	0	0	0	0.950685925451172	0	0	0	0	0	0	0.555452800394853	0	0	0	0	0	0	0	0	0	0	0	0	0	0	0	0	0	0	0	0	0	0	0	0	0	0	0	0	0
