0	0	0.941804360293311	0	0	0.966580524374109	0.76643136698652	0	0	0.786577349230432	0.826661507073167	0	0.870165647844809	0	0	0	0	0	0	0	0	0	0	0	0.866897188169112	0	0	0	0	0.61122661791675	0	0	0.936206283622421	0.775905319780315	0.765594190459996	0	0.963255695906004	0	0	0	0	0	0	0	0.735846584345504	0	0	0	0	0	0	0	0	0	0	0	0	0	0	0	0	0	0	0	0	0	0	0	0	0	0	0	0	0	0	0	0	0	0	0	0	0	0	0	0	0	0	0	0	0
0	0	0.830969563278162	0	0.702010013912951	0	0	0.584693710979708	0	0	0	0	0.89607135736071	0	0	0	0	0	0.851699384611126	0	0	0	0.705594754670053	0.97029933018759	0	0	0	0	0	0.947517689501538	0	0	0	0	0.706550757564055	0.99907461498564	0	0	0	0	0	0.811645517754972	0	0	0	0	0	0	0	0	0	0	0	0	0	0	0	0	0	0	0	0	0	0	0	0	0	0	0	0	0	0	0	0	0	0	0	0	0	0	0	0	0	0	0	0	0	0	0	0
0.732966560212078	0.692428269440752	0	0.973030569129116	0.830368655394488	0	0	0	0.912241792908075	0	0.729328789099574	0.622212936329186	0	0.663180357576762	0	0	0	0	0	0.935339528904596	0	0	0	0.774577649546676	0.918668049501248	0	0	0	0.78673077456	0.719455478075316	0	0.926634560960379	0	0	0	0	0	0	0	0	0	0	0.50127726576016	0.807738866282616	0	0	0	0	0	0	0	0	0	0	0	0	0	0	0	0	0	0	0	0	0	0	0	0	0	0	0	0	0	0	0	0	0	0	0	0	0	0	0	0	0	0	0	0	0	0
0	0	0.686579664066157	0	0	0	0.731820702354115	0	0.961954357101539	0	0	0.640572504334555	0.707003239301786	0	0	0.87917410202646	0	0	0	0	0	0	0	0	0.530790002298244	0	0	0	0	0	0	0	0.913583228025279	0.690973978278531	0	0	0.570073323628839	0	0.703379021319616	0.798571655834421	0	0	0	0	0	0	0	0	0	0	0	0	0	0	0	0	0	0	0	0	0	0	0	0	0	0	0	0	0	0	0	0	0	0	0	0	0	0	0	0	0	0	0	0	0	0	0	0	0	0
0	0.5982618089614	0.885967262119866	0	0	0	0	0	0.753365527697143	0.933252029540568	0	0.558166743745191	0.800431266536174	0	0	0	0	0.981639898846842	0	0	0	0	0	0	0	0	0	0	0	0.891786621769514	0.688231596914492	0	0.803841858614688	0.723325542075384	0	0	0	0	0.618052260849657	0	0	0	0.640888026578154	0.814959411934439	0	0	0	0	0	0	0	0	0	0	0	0	0	0	0	0	0	0	0	0	0	0	0	0	0	0	0	0	0	0	0	0	0	0	0	0	0	0	0	0	0	0	0	0	0	0
0.945346110953027	0	0	0	0	0	0	0.617562525047725	0.601134907679162	0.902733793614506	0	0.762263071440484	0.541478452389563	0.642622454037009	0.710006614705321	0.979663034188229	0.982936447580777	0	0	0.547134912061345	0	0.701508121911987	0	0	0	0	0	0.937356014953312	0	0.671667435723815	0.889804811225364	0	0.831869697908974	0.719471676789648	0	0.857119840820153	0	0	0	0	0	0	0	0	0	0	0	0	0	0	0	0	0	0	0	0	0	0	0	0	0	0	0	0	0	0	0	0	0	0	0	0	0	0	0	0	0	0	0	0	0	0	0	0	0	0	0	0	0	0
0.527853853578665	0	0	0.729224670244245	0	0	0	0	0.718203033038173	0	0	0	0	0	0	0.667775134969196	0	0.583950407876696	0	0.78695280052444	0	0.63125694540154	0	0.699176943204275	0.799578877504102	0.589994613309259	0	0	0.992469089421642	0	0	0.694316017370889	0.898870628311198	0	0	0	0	0	0	0	0.506971495771909	0	0	0	0	0	0	0	0	0	0	0	0	0	0	0	0	0	0	0	0	0	0	0	0	0	0	0	0	0	0	0	0	0	0	0	0	0	0	0	0	0	0	0	0	0	0	0	0	0
0	0.580604004273172	0	0	0	0.566856693827877	0	0	0	0.883407861958786	0	0	0	0	0	0.868491720691036	0.725006712370126	0	0.754700887321271	0.804328378518216	0	0	0	0	0	0.810020362534005	0.577477589235367	0	0	0	0	0	0	0	0.619892745657064	0	0	0	0	0	0	0.785677743900183	0	0.924434834683494	0.800223445335294	0	0	0	0	0	0	0	0	0	0	0	0	0	0	0	0	0	0	0	0	0	0	0	0	0	0	0	0	0	0	0	0	0	0	0	0	0	0	0	0	0	0	0	0	0
0	0	0.648189074798646	0.716453319035972	0.628326952826453	0.890638654540414	0.813347501455385	0	0	0.725939113591274	0	0	0.93540587880803	0	0.773204553134253	0	0	0.88815405963473	0	0	0	0	0	0	0	0	0	0.941585251476345	0.870548969423528	0.739262027869239	0.91749440771421	0.954339995232414	0	0	0	0	0	0	0.781869710474951	0	0	0	0.60606375082856	0	0	0	0	0	0	0	0	0	0	0	0	0	0	0	0	0	0	0	0	0	0	0	0	0	0	0	0	0	0	0	0	0	0	0	0	0	0	0	0	0	0	0	0	0	0	0
0.614797258723911	0	0	0	0.64911594276566	0.980756547992595	0	0.52857770839249	0.821697334673623	0	0.667579081634307	0	0	0.934795299357601	0	0.505391702095098	0	0	0	0.745921272403357	0	0.665376652539849	0	0.517524105504072	0	0	0.903613953729477	0.667097217506126	0.997263900845311	0.865273101035636	0	0	0	0	0	0	0	0	0	0	0	0	0	0.886678099573087	0.618034846367933	0	0	0	0	0	0	0	0	0	0	0	0	0	0	0	0	0	0	0	0	0	0	0	0	0	0	0	0	0	0	0	0	0	0	0	0	0	0	0	0	0	0	0	0	0
0.627282804823203	0	0.648174713084203	0	0	0	0	0	0	0.729506252378137	0	0.886040059767875	0	0	0.502361748400882	0	0	0.910934843614835	0	0	0	0	0	0	0.820316340177656	0	0	0	0	0.515762766220293	0	0	0.608427265535959	0	0.855014285251063	0	0	0	0	0	0.80443413976748	0	0	0	0.901279048163537	0	0	0	0	0	0	0	0	0	0	0	0	0	0	0	0	0	0	0	0	0	0	0	0	0	0	0	0	0	0	0	0	0	0	0	0	0	0	0	0	0	0	0	0	0
0	0	0.97492544405778	0.635879427257291	0.741823903241755	0.761009804357806	0	0	0	0	0.842791829131132	0	0.834220090249952	0.742867771300543	0.502021214102892	0	0.796357428158669	0	0	0	0	0	0	0	0	0	0	0.650641907010057	0	0	0	0	0	0	0.566040317841907	0	0.863136940545509	0	0	0	0	0.794788935457811	0.524200500924829	0	0	0	0	0	0	0	0	0	0	0	0	0	0	0	0	0	0	0	0	0	0	0	0	0	0	0	0	0	0	0	0	0	0	0	0	0	0	0	0	0	0	0	0	0	0	0
0.863580061544433	0.62982289552275	0	0.985806489354462	0.834141147076791	0.689470399161788	0	0	0.642093635266382	0	0	0.977700882426911	0	0	0	0	0.984351972587178	0	0	0	0	0	0	0	0.666391041015904	0	0	0	0	0.574759714467199	0.5716942972049	0.589280260873729	0	0	0	0.993172340709828	0	0	0	0	0	0.793396817160955	0	0	0	0	0	0	0	0	0	0	0	0	0	0	0	0	0	0	0	0	0	0	0	0	0	0	0	0	0	0	0	0	0	0	0	0	0	0	0	0	0	0	0	0	0	0	0	0
0	0	0.95559592944814	0	0	0.898852158705048	0	0	0	0.630914585905562	0	0.895531343767599	0	0	0	0	0.528043255181072	0	0.800407300686618	0	0.852407339294621	0	0	0	0	0	0	0	0.590736180273433	0	0	0	0.904187747397907	0.707506786648294	0	0	0.854036496178287	0	0.856496963940094	0	0	0.810249279742944	0	0	0	0	0	0	0	0	0	0	0	0	0	0	0	0	0	0	0	0	0	0	0	0	0	0	0	0	0	0	0	0	0	0	0	0	0	0	0	0	0	0	0	0	0	0	0	0
0	0	0	0	0	0.622989062871057	0	0	0.812985371404962	0	0.953132079497714	0.552633979296761	0	0	0	0	0	0.822990562233826	0	0.682118639096464	0	0	0	0	0	0.531655514922273	0.868569627066055	0	0	0.628694213259943	0	0	0	0	0	0	0	0	0.591014826947981	0	0	0.846725260657804	0	0	0.921941173299779	0	0	0	0	0	0	0	0	0	0	0	0	0	0	0	0	0	0	0	0	0	0	0	0	0	0	0	0	0	0	0	0	0	0	0	0	0	0	0	0	0	0	0	0	0
0	0	0	0.857636052636771	0	0.705924240317543	0.815068535407602	0.721717446878756	0	0.894168837954752	0	0	0	0	0	0	0.915318514476189	0	0	0	0	0	0.943150890005316	0	0	0	0.650975824391996	0	0	0	0	0	0	0.623017927674114	0.565181556943194	0	0	0.851048695166611	0.623812291300992	0	0	0.92831155584733	0.528660631346077	0	0	0	0	0	0	0	0	0	0	0	0	0	0	0	0	0	0	0	0	0	0	0	0	0	0	0	0	0	0	0	0	0	0	0	0	0	0	0	0	0	0	0	0	0	0	0
0	0	0	0	0	0.559851342936964	0	0.773725781943308	0	0	0	0.609672579440986	0.660613486273832	0.625248587123412	0	0.821744914579185	0	0.728107226176536	0.885522523079582	0	0	0.855393714200392	0	0	0.617445729320611	0	0	0	0	0.57786884967497	0	0	0	0.925597434863578	0	0	0	0	0	0	0	0	0.691696700544866	0.911965279083215	0	0	0	0	0	0	0	0	0	0	0	0	0	0	0	0	0	0	0	0	0	0	0	0	0	0	0	0	0	0	0	0	0	0	0	0	0	0	0	0	0	0	0	0	0	0
0	0	0	0	0.801542029861623	0	0.704485641936561	0	0.743723990661506	0	0.983845262918071	0	0	0	0.934820943088994	0	0.646770888063039	0	0.844102823272105	0	0.643488098848782	0	0.587884054800924	0	0.917856968299719	0	0.953685406649372	0	0	0	0	0	0	0	0	0	0.782685668583219	0	0	0	0	0	0.927728534346787	0	0	0	0	0	0	0	0	0	0	0	0	0	0	0	0	0	0	0	0	0	0	0	0	0	0	0	0	0	0	0	0	0	0	0	0	0	0	0	0	0	0	0	0	0	0	0
0	0.546256425704756	0	0	0	0	0	0.820053387476606	0	0	0	0	0	0.544639818446802	0	0	0.87799298967028	0.511651822640542	0	0.755785998970689	0	0	0	0.650353897319129	0	0.68531638860824	0.740220722931992	0	0	0	0	0	0	0	0.708706223899247	0	0	0	0	0.903931516042068	0.86399821936472	0	0	0	0	0	0	0	0	0	0	0	0	0	0	0	0	0	0	0	0	0	0	0	0	0	0	0	0	0	0	0	0	0	0	0	0	0	0	0	0	0	0	0	0	0	0	0	0	0
0	0	0.55668209035858	0	0	0.63236861911482	0.546024316909925	0.743924646802493	0	0.964008170943192	0	0	0	0	0.742671728730002	0	0	0	0.897653350282019	0	0	0.64619319499578	0	0	0	0.852367061038636	0	0	0	0	0	0	0.65627225890843	0.657699916421912	0.550356678402994	0.527604992409824	0	0	0	0.886996333142072	0	0	0	0	0	0	0	0	0	0	0	0	0	0	0	0	0	0	0	0	0	0	0	0	0	0	0	0	0	0	0	0	0	0	0	0	0	0	0	0	0	0	0	0	0	0	0	0	0	0
0	0	0	0	0	0	0	0	0	0	0	0	0	0.954438282235157	0	0	0	0.605497798960767	0	0	0	0.900401115171221	0	0	0.756211641865234	0	0.683531893463797	0	0.520474323293216	0	0	0	0	0	0	0	0	0.762898454662519	0	0.885823754319812	0.715118434150007	0.637721219815354	0.643389719474056	0.570977108812166	0	0	0	0	0	0	0	0	0	0	0	0	0	0	0	0	0	0	0	0	0	0	0	0	0	0	0	0	0	0	0	0	0	0	0	0	0	0	0	0	0	0	0	0	0	0
0	0	0	0	0	0.55600519024706	0.670082511722558	0	0	0.628540468254643	0	0	0	0	0	0	0.685655267677814	0	0	0.593662044898947	0.860238887551013	0	0.797011894415523	0	0	0.587055068626084	0	0	0.615964536766821	0.747159395301872	0.887750323907099	0	0	0	0	0	0	0	0	0	0.965927253571381	0.742208989699559	0.99907764863046	0.530893064855819	0	0	0	0	0	0	0	0	0	0	0	0	0	0	0	0	0	0	0	0	0	0	0	0	0	0	0	0	0	0	0	0	0	0	0	0	0	0	0	0	0	0	0	0	0	0
0	0.884130051096087	0	0	0	0	0	0	0	0	0	0	0	0	0	0.863409903615155	0	0.699196850188742	0	0	0	0.893307404899826	0	0	0	0	0	0.631852233852995	0.987987496695243	0	0.723868341848134	0	0	0	0	0.819744909130683	0	0.606926279209306	0	0	0.850659162283978	0	0	0	0.950529799274142	0	0	0	0	0	0	0	0	0	0	0	0	0	0	0	0	0	0	0	0	0	0	0	0	0	0	0	0	0	0	0	0	0	0	0	0	0	0	0	0	0	0	0	0	0
0	0.742865791809494	0.726403664646865	0	0	0	0.865254454846539	0	0	0.697313409725149	0	0	0	0	0	0	0	0	0.657387917167908	0	0	0	0	0	0	0.795354783529971	0	0	0	0.871011461674965	0	0	0	0	0	0	0	0	0.957970340955495	0.670563812337207	0	0	0	0.795227987969383	0.683704289479023	0	0	0	0	0	0	0	0	0	0	0	0	0	0	0	0	0	0	0	0	0	0	0	0	0	0	0	0	0	0	0	0	0	0	0	0	0	0	0	0	0	0	0	0	0
0.839373553579203	0	0.938072901231267	0.506124618927402	0	0	0.810899168230608	0	0	0	0.909747299986247	0	0.946527182176368	0	0	0	0.85954700543379	0.710038182608298	0	0	0.835036312717034	0	0	0	0	0	0.549356251221	0.546567867122808	0	0	0.613684584604034	0	0.692479664609373	0	0.581931644989282	0.961378064354025	0	0	0	0	0	0	0	0	0	0	0	0	0	0	0	0	0	0	0	0	0	0	0	0	0	0	0	0	0	0	0	0	0	0	0	0	0	0	0	0	0	0	0	0	0	0	0	0	0	0	0	0	0	0
0	0	0	0	0	0	0.638371255335227	0.878020976120918	0	0	0	0	0	0	0.738070748169896	0	0	0	0.949069373343628	0.975905228017467	0	0.625077824272906	0	0.970508661406221	0	0	0.810580449844392	0	0	0.630497716700211	0.500889940721603	0	0.512802787083203	0	0	0	0	0.77360087256172	0	0	0	0	0	0	0.869417945337159	0	0	0	0	0	0	0	0	0	0	0	0	0	0	0	0	0	0	0	0	0	0	0	0	0	0	0	0	0	0	0	0	0	0	0	0	0	0	0	0	0	0	0	0	0
0	0	0	0	0	0	0	0.607038775414009	0	0.930475691356751	0	0	0	0	0.529036282481976	0.803803353482749	0	0.651941280829361	0.986710162980279	0	0.649196483790587	0	0	0	0.632821767371498	0.869654514703015	0	0	0	0.730333006652693	0.851358033988454	0.686667985995285	0	0	0	0.895366205714846	0	0	0	0	0	0.930680650334264	0.78390496296846	0	0	0	0	0	0	0	0	0	0	0	0	0	0	0	0	0	0	0	0	0	0	0	0	0	0	0	0	0	0	0	0	0	0	0	0	0	0	0	0	0	0	0	0	0	0	0
0	0	0	0	0	0.890620013972858	0	0	0.978323423610615	0.894058609890294	0	0.67122154107434	0	0	0	0	0	0	0	0	0	0	0.825838062595983	0	0.599259778409926	0	0	0	0.626491645562751	0	0	0.708826069530971	0.861376192989007	0	0.527545273270975	0	0	0.87072881577007	0.507181050105144	0	0	0	0	0	0.647087234132085	0	0	0	0	0	0	0	0	0	0	0	0	0	0	0	0	0	0	0	0	0	0	0	0	0	0	0	0	0	0	0	0	0	0	0	0	0	0	0	0	0	0	0	0	0
0	0	0.698026988212284	0	0	0	0.650498214734083	0	0.537297272762729	0.758825652150023	0	0	0	0.523318620643175	0	0	0	0	0	0	0.624532499917814	0.864597595198912	0.73334437204965	0	0	0	0	0.580989101689075	0	0	0	0	0.634282019504085	0.907251635957501	0	0.772563645158566	0	0	0	0	0	0.605130835635013	0	0	0	0	0	0	0	0	0	0	0	0	0	0	0	0	0	0	0	0	0	0	0	0	0	0	0	0	0	0	0	0	0	0	0	0	0	0	0	0	0	0	0	0	0	0	0	0
0.600007766164687	0.837669688169636	0.816912736094296	0	0.942500485153384	0.784571754366206	0	0	0.943874526758185	0.575753913128459	0.519777382963721	0	0.97299955436127	0	0.966220838709384	0	0.937876718442326	0	0	0	0	0.860225258601091	0	0.883226420160165	0	0.666753157589562	0.509182426638976	0	0	0	0	0	0	0	0	0	0	0.777958257380534	0	0	0.977163145317691	0.736464011497239	0	0.677278002074934	0.666248809366414	0	0	0	0	0	0	0	0	0	0	0	0	0	0	0	0	0	0	0	0	0	0	0	0	0	0	0	0	0	0	0	0	0	0	0	0	0	0	0	0	0	0	0	0	0
0	0	0	0	0.672774388863413	0.994966798800605	0	0	0.986404765939969	0	0	0	0.583651120244394	0	0	0	0	0	0	0	0	0.591190432405668	0.963674859515392	0	0.958570416559941	0.536089847696784	0.85073484401334	0	0	0	0	0	0	0.75258335123535	0	0.659398108664056	0.768353127949881	0.650604358758244	0	0.627592965334831	0.593078673926871	0.541470911332844	0	0	0	0	0	0	0	0	0	0	0	0	0	0	0	0	0	0	0	0	0	0	0	0	0	0	0	0	0	0	0	0	0	0	0	0	0	0	0	0	0	0	0	0	0	0	0	0
0	0	0.885374866338467	0	0	0	0.981855950119217	0	0.772433369985742	0	0	0	0.86274751430203	0	0	0	0	0	0	0	0	0	0	0	0	0	0.654318723204618	0.930337637911149	0	0	0	0	0.948309815835395	0.860772735653894	0	0.659784223573924	0.770785748063392	0.935776913738155	0	0.598023343009646	0.96751724543752	0	0	0	0	0	0	0	0	0	0	0	0	0	0	0	0	0	0	0	0	0	0	0	0	0	0	0	0	0	0	0	0	0	0	0	0	0	0	0	0	0	0	0	0	0	0	0	0	0
0.686588199079384	0	0	0.834901483205925	0.773147683570689	0.688760342704737	0.672438970422897	0	0	0	0.546900736332885	0	0	0.597844532461913	0	0	0	0	0	0.684874669629285	0	0	0	0	0.944582313661122	0.583560197422416	0	0.764772189772914	0.509176435906842	0	0	0.850729011757569	0	0	0	0	0.572976707887334	0	0.537554563623291	0	0	0	0	0	0	0	0	0	0	0	0	0	0	0	0	0	0	0	0	0	0	0	0	0	0	0	0	0	0	0	0	0	0	0	0	0	0	0	0	0	0	0	0	0	0	0	0	0	0	0
0.942905998032562	0	0	0.715784512681163	0.84773776900713	0.669088680274628	0	0	0	0	0	0	0	0.682148620884702	0	0.949362229284279	0.888967499410592	0	0	0.63185142412193	0	0	0	0	0	0	0	0	0.863626103746533	0	0.519307902917524	0.93297758651753	0	0	0.730957356836128	0.64878588483847	0	0	0	0.603595957768988	0	0	0	0.597430825321048	0.579528471403308	0	0	0	0	0	0	0	0	0	0	0	0	0	0	0	0	0	0	0	0	0	0	0	0	0	0	0	0	0	0	0	0	0	0	0	0	0	0	0	0	0	0	0	0	0
0.862279281720057	0.964188247090558	0	0	0	0	0	0.760442393362825	0	0	0.747933685657831	0.989301742429356	0	0	0	0.701178969577903	0	0	0.723323624041749	0.78685750014576	0	0	0	0	0.547334930520319	0	0	0.833739701320606	0	0	0	0	0	0.76331666987463	0	0.909602467747475	0	0	0	0	0	0.840747312869665	0	0	0	0	0	0	0	0	0	0	0	0	0	0	0	0	0	0	0	0	0	0	0	0	0	0	0	0	0	0	0	0	0	0	0	0	0	0	0	0	0	0	0	0	0	0	0	0
0	0.788890641978787	0	0	0	0.719123222912624	0	0	0	0	0	0	0.587847451974425	0	0	0	0	0	0	0.696851113736956	0	0	0.581711013782063	0	0.663134384350841	0	0.567169130336344	0	0.977332540638532	0	0.881114235987041	0.74673695870899	0	0.754033386685114	0.577862262730127	0	0	0.971018390772564	0	0	0.869648636504865	0	0.897253659604197	0	0	0	0	0	0	0	0	0	0	0	0	0	0	0	0	0	0	0	0	0	0	0	0	0	0	0	0	0	0	0	0	0	0	0	0	0	0	0	0	0	0	0	0	0	0	0
0.640565942352924	0	0	0.66581632095449	0	0	0	0	0	0	0	0.542133015916306	0	0.705179938656427	0	0	0	0.66455723663821	0	0	0	0	0	0	0	0	0	0	0	0	0.981100819684112	0.596834231732919	0.811626918128432	0	0	0	0	0	0.620057676104106	0	0.930440515361941	0	0.533968911815855	0.849895221541292	0.99521732207428	0	0	0	0	0	0	0	0	0	0	0	0	0	0	0	0	0	0	0	0	0	0	0	0	0	0	0	0	0	0	0	0	0	0	0	0	0	0	0	0	0	0	0	0	0
0	0	0	0	0	0	0	0	0	0	0	0	0	0	0	0.934296867082647	0	0	0	0	0.990328791595948	0	0.558861252739941	0	0	0.694223407859008	0	0.892133542163741	0	0.850012662316622	0.529054089687043	0.863441372905637	0	0	0	0.521082896155007	0	0	0	0.668626862863658	0.751238380600529	0	0	0	0	0	0	0	0	0	0	0	0	0	0	0	0	0	0	0	0	0	0	0	0	0	0	0	0	0	0	0	0	0	0	0	0	0	0	0	0	0	0	0	0	0	0	0	0	0
0	0	0	0.570360682060888	0.742893012509757	0	0	0	0.516082244808095	0	0	0	0	0.762769944086533	0.912038030479103	0.877255589452269	0	0	0	0	0	0	0	0.622976203877313	0	0	0	0.802376416231802	0	0	0	0	0.831337540236135	0	0	0	0.920133451823226	0	0	0	0.99911176649249	0	0	0.906638670645323	0.760533948040253	0	0	0	0	0	0	0	0	0	0	0	0	0	0	0	0	0	0	0	0	0	0	0	0	0	0	0	0	0	0	0	0	0	0	0	0	0	0	0	0	0	0	0	0	0
0	0	0	0.726455623293097	0	0	0	0	0	0	0	0	0	0	0	0	0	0	0.744370454912648	0.902598676211305	0.820066577522351	0	0	0.591673572538749	0	0	0	0	0	0	0.99339121808792	0.551603387165325	0	0.881934154765712	0	0	0	0.630195642927993	0	0	0	0.689387418059294	0.782692346344803	0.671512566885887	0.516278598304285	0	0	0	0	0	0	0	0	0	0	0	0	0	0	0	0	0	0	0	0	0	0	0	0	0	0	0	0	0	0	0	0	0	0	0	0	0	0	0	0	0	0	0	0	0
0	0	0	0	0	0	0.852239106931267	0	0	0	0.661766349904273	0	0	0	0	0	0	0	0.802273799698666	0	0.779310559446951	0.735611829744092	0.983449181539015	0	0	0	0	0	0	0.749524853492794	0.759877509784716	0.852723808500442	0	0	0	0.55708527647858	0.790146743644592	0.613844129399936	0.703868467337658	0	0	0.690427841771002	0.623317036518057	0	0.733048768454593	0	0	0	0	0	0	0	0	0	0	0	0	0	0	0	0	0	0	0	0	0	0	0	0	0	0	0	0	0	0	0	0	0	0	0	0	0	0	0	0	0	0	0	0	0
0	0.795729302070281	0	0	0	0	0	0.656858693520349	0	0	0	0.737952794521468	0.979881588945521	0.785525500807734	0.642148631902068	0.821718207930894	0	0	0	0	0.765391334403915	0.58500198163514	0	0	0	0	0.679012634465395	0	0.944906114142315	0.616787265630799	0.935994048357104	0	0	0	0.547224149437474	0	0	0	0	0.679119857355309	0.585514381996421	0	0.518040709488281	0	0	0	0	0	0	0	0	0	0	0	0	0	0	0	0	0	0	0	0	0	0	0	0	0	0	0	0	0	0	0	0	0	0	0	0	0	0	0	0	0	0	0	0	0	0	0
0	0	0.986145275030845	0	0.613600803593663	0	0	0	0.677127295082024	0	0	0.507828312057342	0	0	0	0.963682766412558	0.582471975499855	0.57343062711649	0	0	0.945427585889478	0.615130214199647	0	0	0	0	0.676622973965766	0	0	0	0	0	0	0	0	0.851653601692272	0.854088880535478	0	0	0.855840534459857	0.769545710720161	0.697854893545977	0	0	0.901188040549871	0	0	0	0	0	0	0	0	0	0	0	0	0	0	0	0	0	0	0	0	0	0	0	0	0	0	0	0	0	0	0	0	0	0	0	0	0	0	0	0	0	0	0	0	0
0	0	0.509580438041212	0	0.846783139206908	0	0	0.897538922679467	0	0.772263647099447	0	0	0	0	0	0	0.876873109457025	0	0	0	0.768292841663023	0.787835718407369	0	0.830507449733708	0	0	0	0	0	0.558435839001766	0	0	0	0.921552231204468	0	0	0.770187069195535	0	0.533031978604858	0.778008092278452	0	0	0	0	0	0	0	0	0	0	0	0	0	0	0	0	0	0	0	0	0	0	0	0	0	0	0	0	0	0	0	0	0	0	0	0	0	0	0	0	0	0	0	0	0	0	0	0	0	0
0.567071655005432	0	0	0	0	0	0	0.844666230509096	0	0.987690887009776	0.721887894615298	0	0	0	0.668403326050336	0	0	0	0	0	0	0	0.78010536321905	0.887834252821168	0	0.625712917407411	0	0.537747179565105	0	0.651382175341003	0	0	0	0.902794204022225	0	0	0.847322464646979	0	0.679288851985055	0.886783058659121	0.787205746848529	0	0.75737072149706	0	0	0	0	0	0	0	0	0	0	0	0	0	0	0	0	0	0	0	0	0	0	0	0	0	0	0	0	0	0	0	0	0	0	0	0	0	0	0	0	0	0	0	0	0	0	0
0	0	0	0	0	0	0	0	0	0	0	0	0	0	0	0	0	0	0	0	0	0	0	0	0	0	0	0	0	0	0	0	0	0	0	0	0	0	0	0	0	0	0	0	0	0	0.909876782912739	0.798445877956967	0.833116546631103	0	0	0	0	0	0	0	0	0	0	0	0	0	0	0	0	0	0	0	0	0	0	0	0	0	0	0	0	0	0	0	0	0	0	0	0	0	0	0.604593188949497	0.817046707863128	0.672130800426153
0	0	0	0	0	0	0	0	0	0	0	0	0	0	0	0	0	0	0	0	0	0	0	0	0	0	0	0	0	0	0	0	0	0	0	0	0	0	0	0	0	0	0	0	0	0.864765215322026	0	0.942325315643159	0.899666850262835	0.577710869519954	0	0	0	0	0	0	0	0	0	0	0	0	0	0	0	0	0	0	0	0	0	0	0	0	0	0	0	0	0	0	0	0	0	0	0	0	0	0	0.752536780127554	0.597311004801826
0	0	0	0	0	0	0	0	0	0	0	0	0	0	0	0	0	0	0	0	0	0	0	0	0	0	0	0	0	0	0	0	0	0	0	0	0	0	0	0	0	0	0	0	0	0.763163957004097	0.817423434011385	0	0.746599592695945	0.866684817751513	0.938176352353486	0	0	0	0	0	0	0	0	0	0	0	0	0	0	0	0	0	0	0	0	0	0	0	0	0	0	0	0	0	0	0	0	0	0	0	0	0	0	0.847959791206173
0	0	0	0	0	0	0	0	0	0	0	0	0	0	0	0	0	0	0	0	0	0	0	0	0	0	0	0	0	0	0	0	0	0	0	0	0	0	0	0	0	0	0	0	0	0.951499675444692	0.928180572771953	0.523616419257074	0	0.704103206109371	0	0.539242526588555	0	0	0	0	0	0	0	0.718116129456395	0	0	0	0	0	0	0	0	0	0	0	0	0	0	0	0	0	0	0	0	0	0	0	0	0	0	0	0	0	0
0	0	0	0	0	0	0	0	0	0	0	0	0	0	0	0	0	0	0	0	0	0	0	0	0	0	0	0	0	0	0	0	0	0	0	0	0	0	0	0	0	0	0	0	0	0	0.68663659506257	0.847351867897739	0.828320272670052	0	0.758844208766688	0.775821920249062	0.635746790057005	0	0	0	0	0	0	0	0	0	0	0	0	0	0	0	0	0	0	0	0	0	0	0	0	0	0	0	0	0	0	0	0	0	0	0	0	0
0	0	0	0	0	0	0	0	0	0	0	0	0	0	0	0	0	0	0	0	0	0	0	0	0	0	0	0	0	0	0	0	0	0	0	0	0	0	0	0	0	0	0	0	0	0	0	0.849699115630766	0	0.602820898081683	0	0.500365664489214	0.894774410956592	0.753658216551253	0	0	0	0	0	0	0	0	0	0	0	0	0	0	0	0	0	0	0	0	0	0	0	0	0	0	0	0	0	0	0	0	0	0	0	0
0	0	0	0	0	0	0	0	0	0	0	0	0	0	0	0	0	0	0	0	0	0	0	0	0	0	0	0	0	0	0	0	0	0	0	0	0	0	0	0	0	0	0	0	0	0	0	0	0.797763535407935	0.781082931727688	0.601783815264407	0	0.834386619188966	0.686329940054011	0.95709835591412	0	0	0	0	0	0	0	0	0	0	0	0	0	0	0	0	0	0	0	0	0	0	0	0	0	0	0	0	0	0	0	0	0	0	0
0	0	0	0	0	0	0	0	0	0	0	0	0	0	0	0	0	0	0	0	0	0	0	0	0	0	0	0	0	0	0	0	0	0	0	0	0	0	0	0	0	0	0	0	0	0	0	0	0	0.970308902259253	0.5014796778736	0.593112187102696	0	0.84751645988108	0.992605623315523	0.519450273049292	0	0	0	0	0	0	0	0	0	0	0	0	0	0	0	0	0	0	0	0	0	0	0	0	0	0	0	0	0	0	0	0	0	0
0	0	0	0	0	0	0	0	0	0	0	0	0	0	0	0	0	0	0	0	0	0	0	0	0	0	0	0	0	0	0	0	0	0	0	0	0	0	0	0	0	0	0	0	0	0	0	0	0	0	0.643837903496438	0.822334729500273	0.523960245505012	0	0.926542948335541	0.813676807480984	0.81576458538159	0	0	0	0	0	0	0	0	0	0	0	0	0	0	0	0	0	0	0	0	0	0	0	0	0	0	0	0	0	0	0	0	0
0	0	0	0	0	0	0	0	0	0	0	0	0	0	0	0	0	0	0	0	0	0	0	0	0	0	0	0	0	0	0	0	0	0	0	0	0	0	0	0	0	0	0	0	0	0	0	0	0	0	0	0.842408897785148	0.515701223847854	0.859696425259157	0	0.563336375678634	0.793276635190915	0.769503854801118	0	0	0	0	0	0	0	0	0	0	0	0	0	0	0	0	0	0	0	0	0	0	0	0	0	0	0	0	0	0	0	0
0	0	0	0	0	0	0	0	0	0	0	0	0	0	0	0	0	0	0	0	0	0	0	0	0	0	0	0	0	0	0	0	0	0	0	0	0	0	0	0	0	0	0	0	0	0	0	0	0	0	0	0	0.841298837840798	0.751541457338373	0.521105926250253	0	0.594973265671688	0.644279542036156	0.621498478438903	0	0	0	0	0	0	0	0	0	0	0	0	0	0	0	0	0	0	0	0	0	0	0	0	0	0	0	0	0	0	0
0	0	0	0	0	0	0	0	0	0	0	0	0	0	0	0	0	0	0	0	0	0	0	0	0	0	0	0	0	0	0	0	0	0	0	0	0	0	0	0	0	0	0	0	0	0	0	0	0	0	0	0	0	0.652068887458973	0.99465171580684	0.805651485035466	0	0.640487049905877	0.891496956423295	0	0	0	0	0	0	0	0	0	0	0	0	0	0	0	0	0.773020194567086	0	0	0	0	0	0	0	0	0	0	0	0	0	0
0	0	0	0	0	0	0	0	0	0	0	0	0	0	0	0	0	0	0	0	0	0	0	0	0	0	0	0	0	0	0	0	0	0	0	0	0	0	0	0	0	0	0	0	0	0	0	0	0	0	0	0	0	0	0.590852101148051	0.759099911567651	0.79138611956181	0	0.707728408691844	0.670738022629948	0.676650179585179	0	0	0	0	0	0	0	0	0	0	0	0	0	0	0	0	0	0	0	0	0	0	0	0	0	0	0	0	0
0	0	0	0	0	0	0	0	0	0	0	0	0	0	0	0	0	0	0	0	0	0	0	0	0	0	0	0	0	0	0	0	0	0	0	0	0	0	0	0	0	0	0	0	0	0	0	0	0	0	0	0	0	0	0	0.640032962048829	0.905800488726744	0.812245259933508	0	0.857358036614538	0.52403967467115	0.531361772880805	0	0	0	0	0	0	0	0	0	0	0	0	0	0	0	0	0	0	0	0	0	0	0	0	0	0	0	0
0	0	0	0	0	0	0	0	0	0	0	0	0	0	0	0	0	0	0	0	0	0	0	0	0	0	0	0	0	0	0	0	0	0	0	0	0	0	0	0	0	0	0	0	0	0	0	0	0.79639807919832	0	0	0	0	0	0	0	0	0.620975934325479	0.515498554288313	0	0.51438586057823	0.760944158699421	0.505071752479848	0	0	0	0	0	0	0	0	0	0	0	0	0	0	0	0	0	0	0	0	0	0	0	0	0	0	0
0	0	0	0	0	0	0	0	0	0	0	0	0	0	0	0	0	0	0	0	0	0	0	0	0	0	0	0	0	0	0	0	0	0	0	0	0	0	0	0	0	0	0	0	0	0	0	0	0	0	0	0	0	0	0	0	0	0.587549992108439	0.61434172342882	0.744718760912105	0	0.828304440356455	0.627957264873165	0.529438221995957	0	0	0	0	0	0	0	0	0	0	0	0	0	0	0	0	0	0	0	0	0	0	0	0	0	0
0	0	0	0	0	0	0	0	0	0	0	0	0	0	0	0	0	0	0	0	0	0	0	0	0	0	0	0	0	0	0	0	0	0	0	0	0	0	0	0	0	0	0	0	0	0	0	0	0	0	0	0	0	0	0	0	0	0	0.765664174178629	0.872300124889313	0.988172331105801	0	0.752869020728607	0.86903605236552	0.877312864713816	0	0	0	0	0	0	0	0	0	0	0	0	0	0	0	0	0	0	0	0	0	0	0	0	0
0	0	0	0	0	0	0	0	0	0	0	0	0	0	0	0	0	0	0	0	0	0	0	0	0	0	0	0	0	0	0	0	0	0	0	0	0	0	0	0	0	0	0	0	0	0	0	0	0	0	0	0	0	0	0	0	0	0	0	0.766738747572324	0.593859534357918	0.965815636338679	0	0.851146722948868	0.881920528802502	0.650294435745373	0	0	0	0	0	0	0	0	0	0	0	0	0	0	0	0	0	0	0	0	0	0	0	0
0	0	0	0	0	0	0	0	0	0	0	0	0	0	0	0	0	0	0	0	0	0	0	0	0	0	0	0	0	0	0	0	0	0	0	0	0	0	0	0	0	0	0	0	0	0	0	0	0	0	0	0	0	0	0	0	0	0	0	0	0.563289471092363	0.789792044974245	0.840745348635064	0	0.85342425361753	0.502856197274405	0.887623911868071	0	0	0	0	0	0	0	0	0	0	0	0	0	0	0	0	0	0	0	0	0	0	0
0	0	0	0	0	0	0	0	0	0	0	0	0	0	0	0	0	0	0	0	0	0	0	0	0	0	0	0	0	0	0	0	0	0	0	0	0	0	0	0	0	0	0	0	0	0	0	0	0	0	0	0	0	0	0	0	0	0	0	0	0	0.819985976016067	0.745761133009059	0.834218853078789	0	0.567327283041375	0.655104681580436	0.971542995979094	0	0	0	0	0	0	0	0	0	0	0	0	0	0	0	0	0	0	0	0	0	0
0	0	0	0	0	0	0	0	0	0	0	0	0	0	0	0	0	0	0	0	0	0	0	0	0	0	0	0	0	0	0	0	0	0	0	0	0	0	0	0	0	0	0	0	0	0	0	0	0	0	0	0	0	0	0	0	0	0	0	0	0	0	0.984984734862021	0.859536765028169	0.690542322490982	0	0.960149383316104	0.771859858195974	0.912568501845835	0	0	0	0	0	0	0	0	0	0	0	0	0	0	0	0	0	0	0	0	0
0	0	0	0	0	0	0	0	0	0	0	0	0	0	0	0	0	0	0	0	0	0	0	0	0	0	0	0	0	0	0	0	0	0	0	0	0	0	0	0	0	0	0	0	0	0	0	0	0	0	0	0	0	0	0	0	0	0	0	0	0	0	0	0.716796673774182	0.508800894468407	0.776201301294261	0	0.844373747607605	0.755483912575742	0.75546115417299	0	0	0	0	0	0	0	0	0	0	0	0	0	0	0	0	0	0	0	0
0	0	0	0	0	0	0	0	0	0	0	0	0	0	0	0	0	0	0	0	0	0	0	0	0	0	0	0	0	0	0	0	0	0	0	0	0	0	0	0	0	0	0	0	0	0	0	0	0	0	0	0	0	0	0	0	0	0	0	0	0	0	0	0	0.729782657456534	0.562748136770821	0.553280745851842	0	0.832056809888683	0.952225535841365	0.804367360767744	0	0	0	0	0	0	0	0	0	0	0	0	0	0	0	0	0	0	0
0	0	0	0	0	0	0	0	0	0	0	0	0	0	0	0	0	0	0	0	0	0	0	0	0	0	0	0	0	0	0	0	0	0	0	0	0	0	0	0	0	0	0	0	0	0	0	0	0	0	0	0	0	0	0	0	0	0	0	0	0	0	0	0	0	0.687929621383264	0.633972518987705	0.540485071310766	0	0.585889229003453	0.506210513899782	0.619162717625265	0	0	0	0	0	0	0	0	0	0	0	0	0	0	0	0	0	0
0	0	0	0	0	0	0	0	0	0	0	0	0	0	0	0	0	0	0	0	0	0	0	0	0	0	0	0	0	0	0	0	0	0	0	0	0	0	0	0	0	0	0	0	0	0	0	0	0	0	0	0	0	0	0	0	0	0	0	0	0	0	0	0	0	0	0.93541873832419	0.554965205918762	0.722042748193452	0	0.807246316982352	0.943470007967064	0.624367001981022	0	0	0	0	0	0	0	0	0	0	0	0	0	0	0	0	0
0	0	0	0	0	0	0	0	0	0	0	0	0	0	0	0	0	0	0	0	0	0	0	0	0	0	0	0	0	0	0	0	0	0	0	0	0	0	0	0	0	0	0	0	0	0	0	0	0	0	0	0	0	0	0	0	0	0	0	0	0	0	0	0	0	0	0	0.83681365900616	0.52208985883748	0.960675079656062	0	0.778794462862701	0.947288640869839	0.516772183949071	0	0	0	0	0	0	0	0	0	0	0	0	0	0	0	0
0	0	0	0	0	0	0	0	0	0	0	0	0	0	0	0	0	0	0	0	0	0	0	0	0	0	0	0	0	0	0	0	0	0	0	0	0	0	0	0	0	0	0	0	0	0	0	0	0	0	0	0	0	0	0	0	0	0	0	0	0	0	0	0	0	0	0	0	0.637658281875234	0.762552079677893	0.891058235664711	0	0.725040213695941	0.9784373950331	0.506786827609624	0	0	0	0	0	0	0	0	0	0	0	0	0	0	0
0	0	0	0	0	0	0	0	0	0	0	0	0	0	0	0	0	0	0	0	0	0	0	0	0	0	0	0	0	0	0	0	0	0	0	0	0	0	0	0	0	0	0	0	0	0	0	0	0	0	0	0	0	0	0	0	0	0	0	0	0	0	0	0	0	0	0	0	0	0.94945150697287	0.881923365882335	0.968734066028331	0	0.560818028323363	0.54785978046155	0.683578430393136	0	0	0	0	0	0	0	0	0	0	0	0	0	0
0	0	0	0	0	0	0	0	0	0	0	0	0	0	0	0	0	0	0	0	0	0	0	0	0	0	0	0	0	0	0	0	0	0	0	0	0	0	0	0	0	0	0	0	0	0	0	0	0	0	0	0	0	0	0	0	0	0	0	0	0	0	0	0	0	0	0	0	0	0	0.997605898212996	0.963809721436158	0.582696366384695	0	0.965218824817384	0.631691560269851	0.976153470536148	0	0	0	0	0	0	0	0	0	0	0	0	0
0	0	0	0	0	0	0	0	0	0	0	0	0	0	0	0	0	0	0	0	0	0	0	0	0	0	0	0	0	0	0	0	0	0	0	0	0	0	0	0	0	0	0	0	0	0	0	0	0	0	0	0	0	0	0	0	0	0	0	0	0	0	0	0	0	0	0	0	0	0	0	0.993561646584352	0.806779789322071	0.87349996640756	0	0.947081283814902	0.580478963975452	0.548576336622838	0	0	0	0	0	0	0	0	0	0	0	0
0	0	0	0	0	0	0	0	0	0	0	0	0	0	0	0	0	0	0	0	0	0	0	0	0	0	0	0	0	0	0	0	0	0	0	0	0	0	0	0	0	0	0	0	0	0	0	0	0	0	0	0	0	0	0	0	0.621897681265088	0	0	0	0	0	0	0	0	0	0	0	0	0	0	0	0.538776005762639	0.828311759032347	0.827723016727498	0	0.910137646192698	0.577412958084079	0.618266745787657	0	0	0	0	0	0	0	0	0	0	0
0	0	0	0	0	0	0	0	0	0	0	0	0	0	0	0	0	0	0	0	0	0	0	0	0	0	0	0	0	0	0	0	0	0	0	0	0	0	0	0	0	0	0	0	0	0	0	0	0	0	0	0	0	0	0	0	0	0	0	0	0	0	0	0	0	0	0	0	0	0	0	0	0	0.756719701897279	0.80369783877596	0.608599509688864	0	0.820155148112201	0.810924975191188	0.651219514105791	0	0	0	0	0	0	0	0	0	0
0	0	0	0	0	0	0	0	0	0	0	0	0	0	0	0	0	0	0	0	0	0	0	0	0	0	0	0	0	0	0	0	0	0	0	0	0	0	0	0	0	0	0	0	0	0	0	0	0	0	0	0	0	0	0	0	0	0	0	0	0	0	0	0	0	0	0	0	0	0	0	0	0	0	0.725530237073244	0.88253197422259	0.553257854279758	0	0.959720441570871	0.953895768089295	0.572012938743558	0	0	0	0	0	0	0	0	0
0	0	0	0	0	0	0	0	0	0	0	0	0	0	0	0	0	0	0	0	0	0	0	0	0	0	0	0	0	0	0	0	0	0	0	0	0	0	0	0	0	0	0	0	0	0	0	0	0	0	0	0	0	0	0	0	0	0	0	0	0	0	0	0	0	0	0	0	0	0	0	0	0	0	0	0.917604054754717	0.527807438155402	0.99341785235979	0	0.537603002448612	0.921701997385091	0.672561519539654	0	0	0	0	0	0	0	0
0	0	0	0	0	0	0	0	0	0	0	0	0	0	0	0	0	0	0	0	0	0	0	0	0	0	0	0	0	0	0	0	0	0	0	0	0	0	0	0	0	0	0	0	0	0	0	0	0	0	0	0	0	0	0	0	0	0	0	0	0	0	0	0	0	0	0	0	0	0	0	0	0	0	0	0	0.52903357856518	0.869507473900753	0.826095997433202	0	0.890187257862052	0.601531329255537	0.916753211963811	0	0	0	0	0	0	0
0	0	0	0	0	0	0	0	0	0	0	0	0	0	0	0	0	0	0	0	0	0	0	0	0	0	0	0	0	0	0	0	0	0	0	0	0	0	0	0	0	0	0	0	0	0	0	0	0	0	0	0	0	0	0	0	0	0	0	0	0	0	0	0	0	0	0	0	0	0	0	0	0	0	0	0	0	0.775389279228489	0.923066899711623	0.823145428000238	0	0.591961908733383	0.913826362470134	0.821039077344223	0	0	0	0	0	0
0	0	0	0	0	0	0	0	0	0	0	0	0	0	0	0	0	0	0	0	0	0	0	0	0	0	0	0	0	0	0	0	0	0	0	0	0	0	0	0	0	0	0	0	0	0	0	0	0	0	0	0	0	0	0	0	0	0	0	0	0	0	0	0	0	0	0	0	0	0	0	0	0	0	0	0	0	0	0.999634387682535	0.910509026784952	0.935770277534168	0	0.967069938006042	0.54580808833524	0.695711579889115	0	0	0	0	0
0	0	0	0	0	0	0	0	0	0	0	0	0	0	0	0	0	0	0	0	0	0	0	0	0	0	0	0	0	0	0	0	0	0	0	0	0	0	0	0	0	0	0	0	0	0	0	0	0	0	0	0	0	0	0	0	0	0	0	0	0	0	0	0	0	0	0	0	0	0	0	0	0	0	0	0	0	0	0	0.852826134353212	0.557971359518995	0.605767270525616	0	0.757691939497805	0.939571634534574	0.85747791645067	0	0	0	0
0	0	0	0	0	0	0	0	0	0	0	0	0	0	0	0	0	0	0	0	0	0	0	0	0	0	0	0	0	0	0	0	0	0	0	0	0	0	0	0	0	0	0	0	0	0	0	0	0	0	0	0	0	0	0	0	0	0	0	0	0	0	0	0	0	0	0	0	0	0	0	0	0	0	0	0	0	0	0	0	0.664158394826425	0.552638688885377	0.580357098817536	0	0.763506859474744	0.801488693903196	0.542880255244903	0	0	0
0	0	0	0	0	0	0	0	0	0	0	0	0	0	0	0	0	0	0	0	0	0	0	0	0	0	0	0	0	0	0	0	0	0	0	0	0	0	0	0	0	0	0	0	0	0	0	0	0	0	0	0	0	0	0	0	0	0	0	0	0	0	0	0	0	0	0	0	0	0	0	0	0	0	0	0	0	0	0	0	0	0.864225913682076	0.864438923614296	0.541592692657638	0	0.777073180164886	0.812479954317737	0.736306865562527	0	0
0	0	0	0	0	0	0	0	0	0	0	0	0	0	0	0	0	0	0	0	0	0	0	0	0	0	0	0	0	0	0	0	0	0	0	0	0	0	0	0	0	0	0	0	0	0	0	0	0	0	0	0	0	0	0	0	0	0	0	0	0	0	0	0	0	0	0	0	0	0	0	0	0	0	0	0	0	0	0	0	0	0	0.885947016249542	0.61655042130052	0.759063799895857	0	0.78548740563384	0.526237880440029	0.88568721056698	0
0	0	0	0	0	0	0	0	0	0	0	0	0	0	0	0	0	0	0	0	0	0	0	0	0	0	0	0	0	0	0	0	0	0	0	0	0	0	0	0	0	0	0	0	0	0	0	0	0	0	0	0	0	0	0	0	0	0	0	0	0	0	0	0	0	0	0	0	0	0	0	0	0	0	0	0	0	0	0	0	0	0	0	0.890935450114476	0.580013402699388	0.824651961990244	0	0.713445745500834	0.942163573831233	0.726436994265101
0	0	0	0	0	0	0	0	0	0	0	0	0	0	0	0	0	0	0	0	0	0	0	0	0	0	0	0	0	0	0	0	0	0	0	0	0	0	0	0	0	0	0	0	0	0.703260953822843	0	0	0	0	0	0	0	0	0	0	0	0	0	0	0	0	0	0	0	0	0	0	0	0	0	0	0	0	0	0	0	0	0	0	0	0	0	0	0.546028939448602	0.808905052632367	0.712080346825235	0	0.649030652017887	0.706972140085842
0	0	0	0	0	0	0	0	0	0	0	0	0	0	0	0	0	0	0	0	0	0	0	0	0	0	0	0	0	0	0	0	0	0	0	0	0	0	0	0	0	0	0	0	0	0.949828041363196	0.745693420544104	0	0	0	0	0	0	0	0	0	0	0	0	0	0	0	0	0	0	0	0	0	0	0	0	0	0	0	0	0	0	0	0	0	0	0	0	0	0	0.972971849580911	0.720092668193871	0.920410563779145	0	0.577752666274104
0	0	0	0	0	0	0	0	0	0	0	0	0	0	0	0	0	0	0	0	0	0	0	0	0	0	0	0	0	0	0	0	0	0	0	0	0	0	0	0	0	0	0	0	0	0.607626413339547	0.616594173087609	0.543333529706294	0	0	0	0	0	0	0	0	0	0	0	0	0	0	0	0	0	0	0	0	0	0	0	0	0	0	0	0	0	0	0	0	0	0	0	0	0	0	0.992970100150399	0.6863400559002	0.700528594939783	0
