0	0.83835523575035	0.806918493165351	0.517783964410017	0.503226120002158	0.955600417822894	0.646217057799896	0.986554708054086	0	0	0	0	0	0	0	0	0	0	0	0	0	0	0	0	0	0	0	0	0	0	0	0	0	0	0	0	0	0	0.865935307879776	0.789356857810899	0.836530362860505	0.776331636683587	0.740418059303532	0.62598538706576	0.784575229879835	0	0	0	0	0	0	0	0	0	0	0	0	0	0	0	0	0	0	0	0	0	0	0	0	0	0	0	0	0	0	0	0	0	0	0	0	0	0	0	0	0	0	0	0	0
0.519612283208937	0	0.797848630035088	0.983672344906162	0.958567727947655	0.645714655500167	0.920252002824727	0.684439974632244	0.679121614363888	0	0	0	0	0	0	0	0	0	0	0	0	0	0	0	0	0	0	0	0	0	0	0	0	0	0	0	0	0	0	0.861753540260638	0.79775507052528	0.595090165893516	0.547686900188332	0.632065898936767	0.562032651140072	0	0	0	0	0	0	0	0	0	0	0	0	0	0	0	0	0	0	0	0	0	0	0	0	0	0	0	0	0	0	0	0	0	0	0	0	0	0	0	0	0	0	0	0	0
0.893721418567662	0.811178016226772	0	0.999173039144019	0.676369167225643	0.98619379187671	0.682593202517289	0.975746258886571	0.933085621123932	0.676361892465953	0	0	0	0	0	0	0	0	0	0	0	0	0	0	0	0	0	0	0	0	0	0	0	0	0	0	0	0	0	0	0.988451175698102	0.53019942027392	0.657515402236267	0.994165584976933	0.805672946383649	0	0	0	0	0	0	0	0	0	0	0	0	0	0	0	0	0	0	0	0	0	0	0	0	0	0	0	0	0	0	0	0	0	0	0	0	0	0	0	0	0	0	0	0	0
0.524746333701773	0.741614243241692	0.72902235809119	0	0.95689250530524	0.644355284893618	0.838989282944657	0.530632972474026	0.836715864068125	0.550092199004787	0.852598355430424	0	0	0	0	0	0	0	0	0	0	0	0	0	0	0	0	0	0	0	0	0	0	0	0	0	0	0	0	0	0	0.593840108926468	0.565204072426555	0.522234582114071	0.613484673714418	0	0	0	0	0	0	0	0	0	0	0	0	0	0	0	0	0	0	0	0	0	0	0	0	0	0	0	0	0	0	0	0	0	0	0	0	0	0	0	0	0	0	0	0	0
0.522416676308981	0.676946429086353	0.820409049649133	0.668365677011024	0	0.698215151298995	0.853587922936443	0.824001569225397	0.765348979643425	0.61833600514238	0.548754138344314	0.745165350778844	0	0	0	0	0	0	0	0	0	0	0	0	0	0	0	0	0	0	0	0	0	0	0	0	0	0	0	0	0	0	0.594332174064277	0.685574352130912	0.621695766224397	0	0	0	0	0	0	0	0	0	0	0	0	0	0	0	0	0	0	0	0	0	0	0	0	0	0	0	0	0	0	0	0	0	0	0	0	0	0	0	0	0	0	0	0	0
0.941923593302562	0.966420879099443	0.956757497146364	0.851569093403708	0.57626028980184	0	0.888604857867765	0.706298950669698	0.665970620909998	0.82836992763136	0.924279575272659	0.679665693269101	0.675576373308286	0	0	0	0	0	0	0	0	0	0	0	0	0	0	0	0	0	0	0	0	0	0	0	0	0	0	0	0	0	0	0.60135750996548	0.869827618205087	0	0	0	0	0	0	0	0	0	0	0	0	0	0	0	0	0	0	0	0	0	0	0	0	0	0	0	0	0	0	0	0	0	0	0	0	0	0	0	0	0	0	0	0	0
0.622800420880622	0.938490829830398	0.861309546146473	0.88690965105741	0.843045932900864	0.66447541481168	0	0.688612871101423	0.560486981630362	0.536716018887134	0.55746795828303	0.856998648814152	0.52915874920608	0.899480600521009	0	0	0	0	0	0	0	0	0	0	0	0	0	0	0	0	0	0	0	0	0	0	0	0	0	0	0	0	0	0	0.762401426628248	0	0	0	0	0	0	0	0	0	0	0	0	0	0	0	0	0	0	0	0	0	0	0	0	0	0	0	0	0	0	0	0	0	0	0	0	0	0	0	0	0	0	0	0	0
0.92924753071803	0.666833814238747	0.969192734870652	0.93056338305845	0.901202616060807	0.646670879681087	0.727895683409127	0	0.788651057600783	0.816456253880741	0.728194530020543	0.743183337416635	0.650154822559055	0.854639314849076	0.754007298273012	0	0	0	0	0	0	0	0	0	0	0	0	0	0	0	0	0	0	0	0	0	0	0	0	0	0	0	0	0	0	0	0	0	0	0	0	0	0	0	0	0	0	0	0	0	0	0	0	0	0	0	0	0	0	0	0	0	0	0	0	0	0	0	0	0	0	0	0	0	0	0	0	0	0	0
0	0.694460990670262	0.865765977201426	0.68387168399594	0.99516140142478	0.779573351216554	0.650981989982446	0.980820521177976	0	0.685524030321902	0.613999704057816	0.716837317303761	0.679303217444708	0.641803269886512	0.724658252020244	0.563982782510053	0	0	0	0	0	0	0	0	0	0	0	0	0	0	0	0	0	0	0	0	0	0	0	0	0	0	0	0	0	0	0	0	0	0	0	0	0	0	0	0	0	0	0	0	0	0	0	0	0	0	0	0	0	0	0	0	0	0	0	0	0	0	0	0	0	0	0	0	0	0	0	0	0	0
0	0	0.852420805929585	0.607873365541607	0.939466659326798	0.686799250066472	0.505899008899922	0.532965495363422	0.5043184699146	0	0.707559221646662	0	0.581606493838417	0.531864953259154	0.683781951955242	0.765695441962718	0.945781674513225	0	0	0	0	0	0	0	0	0	0	0	0	0	0	0	0	0	0	0	0	0	0	0	0	0	0	0.988524914471134	0	0	0	0	0	0	0	0	0	0	0	0	0	0	0	0	0	0	0	0	0	0	0	0	0	0	0	0	0	0	0	0	0	0	0	0	0	0	0	0	0	0	0	0	0	0
0	0	0	0.955345404758412	0.929250366127358	0.996376009550068	0.538711140773924	0.599245661864302	0.544040369839344	0.829343367254416	0	0.844278070269918	0.969100276073129	0.850276081084836	0.642876584162329	0.544621658554919	0.938233075165851	0.690763639107434	0	0	0	0	0	0	0	0	0	0	0	0	0	0	0	0	0	0	0	0	0	0	0	0	0	0	0	0	0	0	0	0	0	0	0	0	0	0	0	0	0	0	0	0	0	0	0	0	0	0	0	0	0	0	0	0	0	0	0	0	0	0	0	0	0	0	0	0	0	0	0	0
0	0	0	0	0.757296016639618	0.986255943950274	0.665143221196077	0.793364217855674	0.962786158460396	0	0.680760644433188	0	0.527179304615097	0.503662545803174	0.546645207664729	0.501507807877747	0.574109395491187	0.822191865207352	0.918906967829767	0	0	0	0	0	0	0	0	0	0	0	0	0	0	0	0	0	0	0	0	0	0	0	0	0	0	0	0	0	0	0	0	0	0	0	0	0	0	0	0	0	0	0	0	0	0	0	0	0	0	0	0	0	0	0	0	0	0	0	0	0	0	0	0	0	0	0	0	0	0	0
0	0	0	0	0	0.977145702486664	0.533884278246065	0.58338081767516	0.998608534435383	0.732587942231811	0.69729576009218	0.784114646419153	0	0.743837961168895	0.902252932491196	0.741480364343128	0.635138083318746	0	0.855785923637484	0.652018796863022	0	0	0	0	0	0	0	0	0	0	0	0	0	0	0	0	0	0	0.62831885315684	0	0	0	0	0	0.574560210127821	0	0	0	0	0	0	0	0	0	0	0	0	0	0	0	0	0	0	0	0	0	0	0	0	0	0	0	0	0	0	0	0	0	0	0	0	0	0	0	0	0	0	0	0	0
0	0	0	0	0	0	0.8622896818532	0.700094310793229	0.794266800594157	0.593838307975209	0.594009964454329	0.591402224020737	0.950217736613278	0	0.517498923646261	0.60854511458344	0.644781267824104	0.78183817501722	0.549062245564	0.967039515149604	0.686331253164885	0	0	0	0	0	0	0	0	0	0	0	0	0	0	0	0	0	0	0	0	0	0	0	0	0	0	0	0	0	0	0	0	0	0	0	0	0	0	0	0	0	0	0	0	0	0	0	0	0	0	0	0	0	0	0	0	0	0	0	0	0	0	0	0	0	0	0	0	0
0	0	0	0	0	0	0	0.600010479604253	0.79642836473674	0.824479237327665	0.852532521731175	0.920067072199408	0.962360037869744	0.718036444265539	0	0.931113578128192	0.701262518314319	0.62045726290833	0.855906143887636	0.536175863624392	0.897493270835299	0.751247864930325	0	0	0	0	0	0	0	0	0	0	0	0	0	0	0	0	0	0	0	0	0	0	0	0	0	0	0	0	0	0	0	0	0	0	0	0	0	0	0	0	0	0	0	0	0	0	0	0	0	0	0	0	0	0	0	0	0	0	0	0	0	0	0	0	0	0	0	0
0	0	0	0	0	0	0	0	0.896917983198037	0.766968645064224	0.973537261517275	0.71125786834826	0.77263703382443	0.652054263425801	0.593537938482229	0	0.523020299672276	0.550929496561006	0.816450613868135	0.595226402471096	0.774750604072776	0.552735395666088	0.839527040045853	0	0.616542625665114	0	0	0	0	0	0	0	0	0	0	0	0	0	0	0	0	0	0	0	0	0	0	0	0	0	0	0	0	0	0	0	0	0	0	0	0	0	0	0	0	0	0	0	0	0	0	0	0	0	0	0	0	0	0	0	0	0	0	0	0	0	0	0	0	0
0	0	0	0	0	0	0	0	0	0.541395055670617	0.793519789132664	0.827222018187074	0.542929143836491	0.760953397802028	0.976572036091907	0.829019951209945	0	0.663357553731702	0.648529397327674	0.62202534292862	0.664398891328497	0.744383249138943	0.901377930479449	0.512939221742547	0	0	0	0	0	0	0	0	0	0	0	0	0	0	0	0	0	0	0	0	0	0	0	0	0	0	0	0	0	0	0	0	0	0	0	0	0	0	0	0	0	0	0	0	0	0	0	0	0	0	0	0	0	0	0	0	0	0	0	0	0	0	0	0	0	0
0	0	0	0	0	0	0	0	0	0	0.916289372241559	0.724079569970158	0	0.539113024340731	0.894050966329584	0.571859254250558	0.997404411096537	0	0.547687154681473	0.561663505570963	0.962384388511997	0.676548013528201	0.543202170933946	0.899388667881048	0.717005691441351	0	0	0	0	0	0	0	0	0	0	0	0	0	0	0	0	0	0	0	0	0	0	0	0	0	0	0	0	0	0	0	0	0	0	0	0	0	0	0	0	0	0	0	0	0	0	0	0	0	0	0	0	0	0	0	0	0	0	0	0	0	0	0	0	0
0	0	0	0	0	0	0	0	0	0	0	0.552079419697017	0.850992445297834	0.979102194376015	0.99546596195379	0.907803487405222	0.5510207382211	0.81073227430476	0	0.862637296749253	0.641190246238712	0.650742586343297	0.81335381610356	0.526322733925719	0.982949539218942	0.584421539251115	0	0	0	0	0	0	0	0	0	0	0	0	0	0	0	0	0	0	0	0	0	0	0	0	0	0	0	0	0	0	0	0	0	0	0	0	0	0	0	0	0	0	0	0	0	0	0	0	0	0	0	0	0	0	0	0	0	0	0	0	0	0	0	0
0	0	0	0	0	0	0	0	0	0	0	0	0.544851149849769	0.502777174516139	0.855969278558193	0.626499100593163	0.993949961441393	0.694864185749324	0.956947909331174	0	0.726337354879741	0.91045717706763	0.746837055889942	0.507201264557018	0.779640664268313	0.899603732267342	0.597928182531669	0	0	0	0	0	0	0	0	0	0	0	0	0	0	0	0	0	0	0	0	0	0	0	0	0	0	0	0	0	0	0	0	0	0	0	0	0	0	0	0	0	0	0	0	0	0	0	0	0	0	0	0	0	0	0	0	0	0	0	0	0	0	0
0	0	0	0	0	0	0	0	0	0	0	0	0	0.891196562630562	0.625286494416607	0.990674039141217	0.904473534867346	0.602645313035259	0.916919358871845	0.532643881993609	0	0.728740761451625	0	0.772390265810993	0.873229399837327	0.712781820190245	0.530079055496373	0.779214981329193	0	0.923864706104445	0	0	0	0	0	0	0	0	0	0	0	0	0	0	0	0	0	0	0	0	0	0	0	0	0	0	0	0	0	0	0	0	0	0	0	0	0	0	0	0	0	0	0	0	0	0	0	0	0	0	0	0	0	0	0	0	0	0	0	0
0	0	0	0	0	0	0	0	0	0	0	0	0	0	0.964857647939731	0.567352924547441	0.88218474491317	0.76186436818904	0.835957655377023	0.622734177358493	0.508637890285381	0	0.933614786358598	0.579639215987142	0.983883353517179	0.598380168798526	0.873868807225952	0.745272901612062	0.982913940008564	0	0	0	0	0	0	0	0	0	0	0	0	0	0	0	0	0	0	0	0	0	0	0	0	0	0	0	0	0	0	0	0	0	0	0	0	0	0	0	0	0	0	0	0	0	0	0	0	0	0	0	0	0	0	0	0	0	0	0	0	0
0	0	0	0	0	0	0	0	0	0	0	0	0	0	0	0.937187892893356	0.816218117950933	0.724308448591435	0.734505404936672	0.776254727669084	0	0.925195544758418	0	0.805469611620365	0.606607256367622	0.582751187348743	0.873344877321607	0.846049400633524	0.963048729364427	0.743163718161074	0	0	0	0	0	0	0	0	0	0	0	0	0	0	0	0	0	0	0	0	0	0	0	0	0	0	0	0	0	0	0	0	0	0	0	0	0	0	0	0	0	0	0	0	0	0	0	0	0	0	0	0	0	0	0	0	0	0	0	0
0	0	0	0	0	0	0	0	0	0	0	0	0	0	0	0	0.701623406514641	0.716380306941413	0.753479416274906	0.88087756367772	0.609030442914883	0.633463958688704	0.614032026684392	0	0.716880908500823	0.84476182168545	0.614125786184036	0.757219907363895	0.676647656034333	0.850119210085625	0.610335965204012	0	0	0	0	0	0	0	0	0	0	0	0	0	0	0	0	0	0	0	0	0	0	0	0	0	0	0	0	0	0	0	0	0	0	0	0	0	0	0	0	0	0	0	0	0	0	0	0	0	0	0	0	0	0	0	0	0	0	0
0	0	0	0	0	0	0	0	0	0	0	0	0	0	0	0.86961764102688	0	0.673670565340774	0.608531807624335	0.933315812670163	0.935740512707761	0.768318168014531	0.782748770454342	0.913666822507813	0	0.959485351357598	0.925486150370204	0	0.93533260957184	0.624203882151949	0.901829006015038	0.995190305703979	0	0	0	0	0	0	0	0	0	0	0	0	0	0	0	0	0	0	0	0	0	0	0	0	0	0	0	0	0	0	0	0	0	0	0	0	0	0	0	0	0	0	0	0	0	0	0	0	0	0	0	0	0	0	0	0	0	0
0	0	0	0	0	0	0	0	0	0	0	0	0	0	0	0	0	0	0.805852580456866	0.834836920212094	0.845716143382896	0.857636058170057	0.585667415253165	0.835732146484847	0.781503239811185	0	0.615882996286909	0.654846298829998	0.950679846179512	0.703968253533772	0.684064029041589	0.851702081065451	0.834184181939876	0	0	0	0	0	0	0	0	0	0	0	0	0	0	0	0	0	0	0	0	0	0	0	0	0	0	0	0	0	0	0	0	0	0	0	0	0	0	0	0	0	0	0	0	0	0	0	0	0	0	0	0	0	0	0	0	0
0	0	0	0	0	0	0	0	0	0	0	0	0	0	0	0	0	0	0	0.5019563928189	0.821212464559164	0.835514626074393	0.719827721052956	0.730192149984427	0.891397747422999	0.852640459032774	0	0.557047818069331	0.553373646688434	0.729162935493893	0.744157050823221	0.585419410414654	0.959392106095725	0.708251575996814	0	0	0	0	0	0	0	0	0	0	0	0	0	0	0	0	0	0	0	0	0	0	0	0	0	0	0	0	0	0	0	0	0	0	0	0	0	0	0	0	0	0	0	0	0	0	0	0	0	0	0	0	0	0	0	0
0	0	0	0	0	0	0	0	0	0	0	0	0	0	0	0	0	0	0	0	0.578129525891805	0.637664205005644	0.885394585141393	0.839287200224264	0	0.76868275635972	0.540461084189437	0	0.890102439453243	0.806437883437557	0.638075849930858	0.639398419195996	0.598296609235133	0.875061360483116	0.916304282973229	0	0	0	0	0	0	0	0	0	0	0	0	0	0	0	0	0	0	0	0	0	0	0	0	0	0	0	0	0	0	0	0	0	0	0	0	0	0	0	0	0	0	0	0	0	0	0	0	0	0	0	0	0	0	0
0	0	0	0	0	0	0	0	0	0	0	0	0	0	0	0	0	0	0	0	0	0.557685751848444	0.803515670350087	0.676767389414751	0.516414823292729	0.879953583247044	0.931610135665091	0.974979396062953	0	0.514338366931412	0.80779009131454	0.901544022330099	0.553272345740576	0.655559856949628	0.822332630328143	0.846377277680033	0	0	0	0	0	0	0	0	0	0	0	0	0	0	0	0	0	0	0	0	0	0	0	0	0	0	0	0	0	0	0	0	0	0	0	0	0	0	0	0	0	0	0	0	0	0	0	0	0	0	0	0	0	0
0	0	0	0	0	0	0	0	0	0	0	0	0	0	0	0	0	0	0	0	0.501578409742047	0	0.536262078669945	0.800016003905991	0.979845623399342	0.613775897233512	0.502098642033045	0.705194656148305	0.835036525316259	0	0.736956462240664	0.915369048468991	0.726151211150249	0.547192150409775	0.949516488530065	0.901955305326798	0.544301875757909	0	0	0	0	0	0	0	0	0	0	0	0	0	0	0	0	0	0	0	0	0	0	0	0	0	0	0	0	0	0	0	0	0	0	0	0	0	0	0	0	0	0	0	0	0	0	0	0	0	0	0	0	0
0	0	0	0	0	0	0	0	0	0	0	0	0	0	0	0	0	0	0	0	0	0	0	0.796714283945963	0.920771108948463	0.687747808028708	0.802322587179552	0.686285634414228	0.513268163979413	0.983724658929084	0	0.832658528531479	0.587712549594649	0.790194751521894	0.988105670525051	0.53263163871068	0.93928296362045	0.694412781062998	0	0	0	0	0	0	0	0	0	0	0	0	0	0	0	0	0	0	0	0	0	0	0	0	0	0	0	0	0	0	0	0	0	0	0	0	0	0	0	0	0	0	0	0	0	0	0	0	0	0	0	0
0	0	0	0	0	0	0	0	0	0	0	0	0	0	0	0	0	0	0	0	0	0	0	0	0.500964162944543	0.814397826341876	0.792863232866874	0.911433861375788	0.771455711500051	0.716385053249539	0.96231046490594	0	0.99443404644453	0.977731938290916	0.665933075975086	0.976629314440064	0.794549831475003	0.72797016012261	0.817488871143538	0	0	0	0	0	0	0	0	0	0	0	0	0	0	0	0	0	0	0	0	0	0	0	0	0	0	0	0	0	0	0	0	0	0	0	0	0	0	0	0	0	0	0	0	0	0	0	0	0	0	0
0	0	0	0	0	0	0	0	0	0	0	0	0	0	0	0	0	0	0	0	0	0	0	0	0	0.791298578551057	0.940267935625966	0.86735770094621	0.837109267532065	0.706633761161658	0.720905418003031	0.79058431993333	0	0.604231177385687	0.520494969368521	0.549634589913661	0.895313699888379	0.789704079853986	0.770820204838171	0.648386995841149	0	0	0	0	0	0	0	0	0	0	0	0	0	0	0	0	0	0	0	0	0	0	0	0	0	0	0	0	0	0	0	0	0	0	0	0	0	0	0	0	0	0	0	0	0	0	0	0	0	0
0	0	0	0	0	0	0	0	0	0	0	0	0	0	0	0	0	0	0	0	0	0	0	0	0	0	0.756704949565864	0.643430267320194	0.735819952080089	0.85940630722844	0.855188987845175	0.783946140962178	0.73246148162741	0	0.838076258944951	0.916325219456243	0.911563663177631	0.634128307141807	0.977207009783886	0.713344795513444	0.67888332304363	0	0	0	0	0	0	0	0	0	0	0	0	0	0	0	0	0	0	0	0	0	0	0	0	0	0	0	0	0	0	0	0	0	0	0	0	0	0	0	0	0	0	0	0	0	0	0	0	0
0	0	0	0	0	0	0	0	0	0	0	0	0	0	0	0	0	0	0	0	0	0	0	0	0	0	0	0.964403936278448	0.935916887477981	0.671845323722877	0.747882318734524	0.514609742017461	0.643768864543117	0.58682338717542	0	0.868442318195323	0.556666357707777	0.766904960870942	0.853463610079314	0.573926754351467	0.784143107054982	0.754752161818443	0	0	0	0	0	0	0	0	0	0	0	0	0	0	0	0	0	0	0	0	0	0	0	0	0	0	0	0	0	0	0	0	0	0	0	0	0	0	0	0	0	0	0	0	0	0	0	0
0	0	0	0	0	0	0	0	0	0	0	0	0	0	0	0	0	0	0	0	0	0	0	0	0	0	0	0	0.594939455191576	0.539363535596335	0.647005627855235	0.789813583847917	0.917124277706461	0.607663820406926	0.898421395888551	0	0.817625503324509	0.783893096431863	0.767774396403557	0.591882754718437	0.53722319951171	0.702988096200018	0.534790298151651	0	0	0	0	0	0	0	0	0	0	0	0	0	0	0	0	0	0	0	0	0	0	0	0	0	0	0	0	0	0	0	0	0	0	0	0	0	0	0	0	0	0	0	0	0	0	0
0	0	0	0	0	0	0	0	0	0	0	0	0	0	0	0	0	0	0	0	0	0	0	0	0	0	0	0	0	0.905957029467447	0.741599800908473	0.695659950757994	0.911350827205793	0.782376656677714	0.522733689038251	0.824991357263775	0	0.826538372787643	0.564948955546121	0.856727658180382	0.740752686092706	0.996623774260495	0.75143422502236	0.857890179084181	0	0	0	0	0	0	0	0	0	0	0	0	0	0	0	0	0	0	0	0	0	0	0	0	0	0	0	0	0	0	0	0	0	0	0	0	0	0	0	0	0	0	0	0	0	0
0	0	0	0	0	0	0	0	0	0	0	0	0	0	0	0	0	0	0	0	0	0	0	0	0	0	0	0	0	0	0.811955002155373	0.691982772278044	0.734372410874558	0.841346263856631	0.662801302205298	0.517018380165927	0.846703728832763	0	0.538102785214728	0.992965568589522	0.631148733281962	0.699324642268165	0.782587391531886	0.641462060491842	0.643917440254542	0	0	0	0	0	0	0	0	0	0	0	0	0	0	0	0	0	0	0	0	0	0	0	0	0	0	0	0	0	0	0	0	0	0	0	0	0	0	0	0	0	0	0	0	0
0.761592070224776	0	0	0	0	0	0	0	0	0	0	0	0.503733714792228	0	0	0	0	0	0	0	0	0	0	0	0	0	0	0	0	0	0	0.622609274951287	0.602294344706792	0.531004500618992	0.774827480539507	0.746332962621412	0.98980163021345	0.994157993681936	0	0.666685794926788	0.667648895591919	0.839023826841404	0.758674794025125	0.60265858451388	0	0	0	0	0	0	0	0	0	0	0	0	0	0	0	0	0	0	0	0	0	0	0	0	0	0	0	0	0	0	0	0	0	0	0	0	0	0	0	0	0	0	0	0	0	0
0.914248783618899	0.659067863909893	0	0	0	0	0	0	0	0	0	0	0	0	0	0	0	0	0	0	0	0	0	0	0	0	0	0	0	0	0	0	0.8901658253024	0.824290939818368	0.71562292080223	0.941359406897221	0.685785055450233	0.931587371562546	0.830561690800895	0	0.958826525444783	0.87455634945994	0.567847753882736	0.932064852317435	0.838467834222404	0	0	0	0	0	0	0	0	0	0	0	0	0	0	0	0	0	0	0	0	0	0	0	0	0	0	0	0	0	0	0	0	0	0	0	0	0	0	0	0	0	0	0	0	0
0.923306911889211	0.670210480686353	0.984769755263454	0	0	0	0	0	0	0	0	0	0	0	0	0	0	0	0	0	0	0	0	0	0	0	0	0	0	0	0	0	0	0.612890467090025	0.696497350651126	0.757772325462628	0.746817321930406	0.919631802851715	0.751717210950927	0.596529476765405	0	0.544318063838133	0.711181858712269	0.544148387666595	0.820813767018578	0	0	0	0	0	0	0	0	0	0	0	0	0	0	0	0	0	0	0	0	0	0	0	0	0	0	0	0	0	0	0	0	0	0	0	0	0	0	0	0	0	0	0	0	0
0.675128266221347	0.915137501668946	0.654897774696332	0.815298790840405	0	0	0	0	0	0	0	0	0	0	0	0	0	0	0	0	0	0	0	0	0	0	0	0	0	0	0	0	0	0	0.948461406537654	0.73276752555334	0.660630014840302	0.863805008939042	0.866777126984335	0.574867120059944	0.517937159696487	0	0.660020078025828	0.59313764865864	0.639829449216786	0	0	0	0	0	0	0	0	0	0	0	0	0	0	0	0	0	0	0	0	0	0	0	0	0	0	0	0	0	0	0	0	0	0	0	0	0	0	0	0	0	0	0	0	0
0.538211866870457	0.685135118497691	0.65623150271007	0.747962060601431	0.634575247434232	0	0	0	0	0	0	0	0	0	0	0	0	0	0	0	0	0	0	0	0	0	0	0	0	0	0	0	0	0	0	0.765899511626478	0.50773008818393	0.883177457135766	0.539165936576812	0.850623847853667	0.925750041063378	0.836790884364102	0	0.769115007699383	0.600345810169734	0	0	0	0	0	0	0	0	0	0	0	0	0	0	0	0	0	0	0	0	0	0	0	0	0	0	0	0	0	0	0	0	0	0	0	0	0	0	0	0	0	0	0	0	0
0.51328380122639	0.830813747581942	0.57948256901341	0.612897901374312	0.815795979001658	0.908102121994704	0	0	0	0.649363607955618	0	0	0	0	0	0	0	0	0	0	0	0	0	0	0	0	0	0	0	0	0	0	0	0	0	0	0.881209404570314	0.874691682519332	0.541086043507967	0.673096856986722	0.854078687362171	0.522533928903155	0.960232927029308	0	0.944846473455167	0	0	0	0	0	0	0	0	0	0	0	0	0	0	0	0	0	0	0	0	0	0	0	0	0	0	0	0	0	0	0	0	0	0	0	0	0	0	0	0	0	0	0	0	0
0.792687717311057	0.551174095593269	0.948130927533496	0.861240108920092	0.771929611121684	0.703572726447036	0.699804056282139	0	0	0	0	0	0.727817947576902	0	0	0	0	0	0	0	0	0	0	0	0	0	0	0	0	0	0	0	0	0	0	0	0	0.833919717620545	0	0.74746372780932	0.652910261425251	0.848260393489834	0.695241189183244	0.603828966813754	0	0	0	0	0	0	0	0	0	0	0	0	0	0	0	0	0	0	0	0	0	0	0	0	0	0	0	0	0	0	0	0	0	0	0	0	0	0	0	0	0	0	0	0	0	0
0	0	0	0	0	0	0	0	0	0	0	0	0	0	0	0	0	0	0	0	0	0	0	0	0	0	0	0	0	0	0	0	0	0	0	0	0	0	0	0	0	0	0	0	0	0	0	0	0	0	0.641083129281885	0	0	0	0	0	0	0	0	0	0	0	0.731125342584759	0	0	0	0	0	0.830208866638008	0	0	0.86785178787433	0	0	0.959484645090293	0	0	0	0	0	0	0	0	0	0	0	0	0	0	0
0	0	0	0	0	0	0	0	0	0	0	0	0	0	0	0	0	0	0	0	0	0	0	0	0	0	0	0	0	0	0	0	0	0	0	0	0	0	0	0	0	0	0	0	0	0	0	0	0	0	0	0	0.615325670780511	0	0	0	0	0	0	0	0	0	0	0	0	0.98321381028452	0	0	0	0	0	0	0.996851636077557	0	0	0	0	0	0	0	0	0	0	0	0	0	0	0	0	0
0	0	0	0	0	0	0	0	0	0	0	0	0	0	0	0	0	0	0	0	0	0	0	0	0	0	0	0	0	0	0	0	0	0	0	0	0	0	0	0	0	0	0	0	0	0	0	0	0	0	0.612820617906319	0	0	0	0	0	0	0.656312841889092	0	0.543238962164641	0	0	0	0	0	0	0	0	0	0	0	0	0	0	0	0	0	0	0	0	0	0	0.792826187929993	0	0	0	0	0	0	0.72952715499077
0	0	0	0	0	0	0	0	0	0	0	0	0	0	0	0	0	0	0	0	0	0	0	0	0	0	0	0	0	0	0	0	0	0	0	0	0	0	0	0	0	0	0	0	0	0	0	0	0	0.626477798869521	0	0	0	0.788008922712895	0	0	0	0	0	0	0.953152967955542	0	0	0	0	0	0	0	0	0	0	0	0	0	0	0	0	0	0	0	0	0	0	0	0	0	0	0	0	0
0	0	0	0	0	0	0	0	0	0	0	0	0	0	0	0	0	0	0	0	0	0	0	0	0	0	0	0	0	0	0	0	0	0	0	0	0	0	0	0	0	0	0	0	0	0	0	0	0.768669926664403	0	0	0	0	0.614779687210174	0	0	0	0	0	0	0	0	0	0	0	0	0	0	0	0	0	0	0.625845346516508	0	0	0	0.538842427502014	0	0	0	0	0	0.775908732030486	0	0	0	0	0	0	0
0	0	0	0	0	0	0	0	0	0	0	0	0	0	0	0	0	0	0	0	0	0	0	0	0	0	0	0	0	0	0	0	0	0	0	0	0	0	0	0	0	0	0	0	0	0.982273624427739	0	0.698514305703831	0	0	0	0	0.599992249282018	0	0	0	0	0.611304670202354	0	0	0	0	0	0	0	0	0	0	0	0	0	0	0	0	0	0	0	0	0	0	0	0	0.588137825972754	0	0.547392935480128	0	0.666955988960936	0.885728248760306	0	0
0	0	0	0	0	0	0	0	0	0	0	0	0	0	0	0	0	0	0	0	0	0	0	0	0	0	0	0	0	0	0	0	0	0	0	0	0	0	0	0	0	0	0	0	0	0	0	0	0	0	0	0	0	0	0	0	0	0	0	0	0	0.953271711472767	0	0	0	0	0.960446458378546	0	0	0	0	0	0	0	0	0	0	0	0	0	0	0	0	0	0	0	0	0	0.980884879487005	0
0	0	0	0	0	0	0	0	0	0	0	0	0	0	0	0	0	0	0	0	0	0	0	0	0	0	0	0	0	0	0	0	0	0	0	0	0	0	0	0	0	0	0	0	0	0	0.864127568365193	0	0	0	0.688470996758362	0	0	0	0	0	0.566746421282324	0	0	0	0.60613480125562	0	0	0.852647273354429	0	0	0	0	0	0	0	0	0	0	0	0	0	0	0	0	0	0	0	0.831121541067583	0.612649055971197	0	0	0	0	0
0	0	0	0	0	0	0	0	0	0	0	0	0	0	0	0	0	0	0	0	0	0	0	0	0	0	0	0	0	0	0	0	0	0	0	0	0	0	0	0	0	0	0	0	0	0	0	0	0.742080674647895	0.720333832280614	0	0	0	0	0.649830710076059	0.802847926885641	0	0	0	0	0	0	0	0	0	0	0	0	0	0	0	0	0	0	0.99024090067419	0	0	0	0	0	0	0.928259508508333	0	0	0	0	0	0.802804843163025	0	0
0	0	0	0	0	0	0	0	0	0	0	0	0	0	0	0	0	0	0	0	0	0	0	0	0	0	0	0	0	0	0	0	0	0	0	0	0	0	0	0	0	0	0	0	0	0	0	0	0	0	0	0	0	0.683140115887651	0	0	0	0.847295704103801	0.553647096634208	0	0	0	0	0	0	0	0	0	0	0	0.952767962769092	0.862955365867921	0	0	0	0	0	0	0	0	0	0	0	0	0	0	0	0	0.984296647836418	0.967077766204046
0	0	0	0	0	0	0	0	0	0	0	0	0	0	0	0	0	0	0	0	0	0	0	0	0	0	0	0	0	0	0	0	0	0	0	0	0	0	0	0	0	0	0	0	0	0	0	0	0	0	0	0	0	0.748141380439771	0	0	0	0	0	0.668184932021313	0	0.506430428451746	0	0	0	0	0	0	0	0.794255371985775	0	0	0	0	0	0.551763100263944	0.894632212050121	0	0	0	0	0	0.53657040665156	0	0	0	0	0	0	0
0	0	0	0	0	0	0	0	0	0	0	0	0	0	0	0	0	0	0	0	0	0	0	0	0	0	0	0	0	0	0	0	0	0	0	0	0	0	0	0	0	0	0	0	0	0	0	0	0	0	0	0	0.560521248301722	0	0	0	0	0	0	0.953377001457512	0	0	0	0	0	0	0	0	0	0	0	0	0.503708176556505	0	0	0	0	0	0	0	0	0	0	0	0	0	0.721571611497259	0	0	0
0	0	0	0	0	0	0	0	0	0	0	0	0	0	0	0	0	0	0	0	0	0	0	0	0	0	0	0	0	0	0	0	0	0	0	0	0	0	0	0	0	0	0	0	0	0	0	0.749092188688997	0	0	0.783692516731072	0	0	0	0.88880009697011	0	0	0	0.996325418631165	0	0.94844929760792	0	0	0	0	0.52722650927914	0	0	0	0.899531114895018	0	0	0	0	0	0	0	0	0	0	0.539520804654535	0	0	0.534487113916349	0	0	0	0	0	0
0	0	0	0	0	0	0	0	0	0	0	0	0	0	0	0	0	0	0	0	0	0	0	0	0	0	0	0	0	0	0	0	0	0	0	0	0	0	0	0	0	0	0	0	0	0	0	0	0	0	0	0	0	0	0.65012187525324	0	0	0.936517852152846	0	0.702391979408449	0	0	0	0	0	0	0	0	0.836443269923483	0	0	0	0	0	0	0	0	0	0	0.733685346599994	0	0	0	0	0	0.684758537632576	0	0	0	0
0	0	0	0	0	0	0	0	0	0	0	0	0	0	0	0	0	0	0	0	0	0	0	0	0	0	0	0	0	0	0	0	0	0	0	0	0	0	0	0	0	0	0	0	0	0	0	0.645166148050474	0	0	0	0	0	0	0	0.624718248497046	0.906038614583424	0	0.944170192609682	0	0	0	0	0	0	0	0	0	0	0	0	0	0	0	0	0	0	0	0	0	0.771466505294101	0	0	0	0.830507134872175	0	0	0	0	0
0	0	0	0	0	0	0	0	0	0	0	0	0	0	0	0	0	0	0	0	0	0	0	0	0	0	0	0	0	0	0	0	0	0	0	0	0	0	0	0	0	0	0	0	0	0	0	0	0.609909536535026	0	0	0	0.76202471459656	0	0	0	0	0.596303495304526	0	0	0	0	0	0.549065983375824	0.760626831312163	0.64032961021832	0	0.949927095912143	0	0	0	0	0	0	0	0	0	0	0	0.580187074458009	0.507964406782006	0	0	0	0.554816984756216	0	0	0	0.875884837957211	0
0	0	0	0	0	0	0	0	0	0	0	0	0	0	0	0	0	0	0	0	0	0	0	0	0	0	0	0	0	0	0	0	0	0	0	0	0	0	0	0	0	0	0	0	0	0	0	0	0	0	0	0.671382386166686	0	0	0	0.906398164425176	0	0	0	0	0	0	0	0	0	0	0	0	0	0	0	0	0	0	0	0.525796744098383	0	0	0.63411003342205	0	0	0	0	0	0	0.917539361515413	0.650444976631819	0	0	0
0	0	0	0	0	0	0	0	0	0	0	0	0	0	0	0	0	0	0	0	0	0	0	0	0	0	0	0	0	0	0	0	0	0	0	0	0	0	0	0	0	0	0	0	0	0.62659530524942	0	0	0	0	0	0	0	0	0	0	0	0	0	0	0	0	0	0	0	0	0.704884585111598	0	0.880729030963069	0.711060675833663	0	0	0	0.756193873329167	0.5999712331581	0	0	0	0	0	0	0	0	0.525678852609553	0	0	0	0	0	0
0	0	0	0	0	0	0	0	0	0	0	0	0	0	0	0	0	0	0	0	0	0	0	0	0	0	0	0	0	0	0	0	0	0	0	0	0	0	0	0	0	0	0	0	0	0	0	0	0	0	0	0	0.824051447506248	0	0	0	0	0	0	0	0.996903769011488	0	0	0	0	0	0	0	0	0	0	0	0	0	0	0	0	0	0.865951958955177	0	0	0	0	0.511609443633734	0	0	0	0	0	0
0	0	0	0	0	0	0	0	0	0	0	0	0	0	0	0	0	0	0	0	0	0	0	0	0	0	0	0	0	0	0	0	0	0	0	0	0	0	0	0	0	0	0	0	0	0	0	0	0	0	0	0	0	0	0	0	0	0	0	0	0.695204277884835	0	0	0	0	0	0.954889039870057	0	0	0	0	0	0	0	0	0.864860042943031	0.901034823905188	0	0	0	0	0	0	0	0	0	0.71081699942345	0	0	0
0	0	0	0	0	0	0	0	0	0	0	0	0	0	0	0	0	0	0	0	0	0	0	0	0	0	0	0	0	0	0	0	0	0	0	0	0	0	0	0	0	0	0	0	0	0	0.934398097348869	0	0	0	0	0	0	0	0	0	0	0.790764254978069	0	0	0.826281168852514	0	0	0	0	0	0.787124886489196	0	0	0	0	0	0	0.724275430902662	0	0	0	0	0	0	0	0	0	0	0	0	0	0	0	0.682709986626789
0	0	0	0	0	0	0	0	0	0	0	0	0	0	0	0	0	0	0	0	0	0	0	0	0	0	0	0	0	0	0	0	0	0	0	0	0	0	0	0	0	0	0	0	0	0	0	0	0	0	0	0.999683414440923	0	0	0	0	0	0	0	0	0	0	0.534594400903733	0	0.869661572142511	0.509610263607304	0	0	0	0	0	0	0	0	0	0	0	0	0.571692691070267	0	0	0	0	0.671666619055416	0	0	0	0	0	0.509907145611943
0	0	0	0	0	0	0	0	0	0	0	0	0	0	0	0	0	0	0	0	0	0	0	0	0	0	0	0	0	0	0	0	0	0	0	0	0	0	0	0	0	0	0	0	0	0	0	0	0	0	0	0	0	0	0	0	0	0	0	0	0.740481791945566	0	0	0	0	0	0	0	0	0	0.895674140234484	0	0.991484451079316	0	0	0	0	0	0	0	0	0	0	0	0	0	0	0.825264437407907	0.940318107916818	0
0	0	0	0	0	0	0	0	0	0	0	0	0	0	0	0	0	0	0	0	0	0	0	0	0	0	0	0	0	0	0	0	0	0	0	0	0	0	0	0	0	0	0	0	0	0.737415729712879	0	0	0	0	0	0	0	0	0	0	0	0	0.707740547392399	0	0	0	0.605204413280396	0	0	0	0	0	0	0	0	0	0	0	0	0	0.766955910288636	0	0	0	0	0	0	0	0.62536918810619	0.560726137884336	0	0	0	0
0	0	0	0	0	0	0	0	0	0	0	0	0	0	0	0	0	0	0	0	0	0	0	0	0	0	0	0	0	0	0	0	0	0	0	0	0	0	0	0	0	0	0	0	0	0	0	0	0	0	0	0	0	0	0	0.674189919051704	0	0.546167437028355	0	0	0	0	0.927923907668342	0	0	0	0	0	0	0	0	0.561780261565204	0.985721962532285	0	0	0	0	0.737048342131143	0	0.596187499449005	0	0	0.664057206601068	0	0	0	0	0	0	0
0	0	0	0	0	0	0	0	0	0	0	0	0	0	0	0	0	0	0	0	0	0	0	0	0	0	0	0	0	0	0	0	0	0	0	0	0	0	0	0	0	0	0	0	0	0	0	0	0	0	0	0	0	0	0.579816906214706	0	0	0	0	0	0	0	0	0	0	0	0	0.972324191991301	0	0	0	0	0.515144776807052	0	0	0	0	0	0	0	0	0	0	0	0	0	0	0	0	0.749343618692908
0	0	0	0	0	0	0	0	0	0	0	0	0	0	0	0	0	0	0	0	0	0	0	0	0	0	0	0	0	0	0	0	0	0	0	0	0	0	0	0	0	0	0	0	0	0.884365681731565	0	0	0	0	0	0	0	0	0.667765515932476	0	0	0	0	0	0	0	0	0	0	0	0	0	0	0.771860738636268	0	0	0.886136825271787	0	0	0	0	0	0	0	0	0	0	0	0.82513123157781	0	0	0	0	0
0	0	0	0	0	0	0	0	0	0	0	0	0	0	0	0	0	0	0	0	0	0	0	0	0	0	0	0	0	0	0	0	0	0	0	0	0	0	0	0	0	0	0	0	0	0	0.846856830749622	0	0	0.567644741869834	0	0	0	0	0	0	0.857867241975573	0	0	0	0	0	0	0	0	0	0	0.694713489058632	0	0.600045820441314	0.961026556377667	0.910310269943112	0	0	0.599604152018141	0.86795883687067	0	0	0	0	0	0.639196928130879	0	0	0	0	0	0	0	0.932092696503191
0	0	0	0	0	0	0	0	0	0	0	0	0	0	0	0	0	0	0	0	0	0	0	0	0	0	0	0	0	0	0	0	0	0	0	0	0	0	0	0	0	0	0	0	0	0	0	0	0	0	0	0	0	0	0	0	0	0	0	0	0	0	0.570468705420059	0	0	0.949170695377273	0	0	0	0	0	0	0	0	0.857803890611247	0.778893859704703	0.515356993144027	0.867321165334119	0	0.99415899079268	0	0	0	0	0	0	0	0	0	0
0	0	0	0	0	0	0	0	0	0	0	0	0	0	0	0	0	0	0	0	0	0	0	0	0	0	0	0	0	0	0	0	0	0	0	0	0	0	0	0	0	0	0	0	0	0.732642667967134	0	0	0	0	0	0	0	0.873859503084954	0	0	0	0	0	0	0	0	0.726091270865258	0	0	0	0	0	0	0	0	0	0.873894773127073	0.943117891608084	0	0	0	0	0	0	0	0	0	0	0	0	0	0	0	0
0	0	0	0	0	0	0	0	0	0	0	0	0	0	0	0	0	0	0	0	0	0	0	0	0	0	0	0	0	0	0	0	0	0	0	0	0	0	0	0	0	0	0	0	0	0	0	0	0	0	0	0	0	0	0	0.918417583379027	0	0	0	0	0	0.899711816230673	0	0	0.523758319208715	0	0	0	0	0	0	0	0.578081413786919	0.783086600397989	0	0	0	0	0.710250240588227	0	0	0	0	0	0	0	0	0	0	0
0	0	0	0	0	0	0	0	0	0	0	0	0	0	0	0	0	0	0	0	0	0	0	0	0	0	0	0	0	0	0	0	0	0	0	0	0	0	0	0	0	0	0	0	0	0	0	0	0	0.917177891496089	0	0	0	0	0	0.547852492133481	0	0	0	0	0	0	0	0	0.730808232377603	0	0	0	0.957304651353067	0	0	0	0	0.88481164399553	0	0	0	0	0	0	0	0.635040980964567	0	0	0	0	0	0	0	0
0	0	0	0	0	0	0	0	0	0	0	0	0	0	0	0	0	0	0	0	0	0	0	0	0	0	0	0	0	0	0	0	0	0	0	0	0	0	0	0	0	0	0	0	0	0	0	0	0	0	0	0	0	0	0	0	0	0	0	0	0	0	0	0	0	0	0	0	0	0.945266271952083	0	0	0	0.899774642410077	0	0	0	0	0	0	0.818320548454778	0	0	0	0	0	0	0	0	0
0	0	0	0	0	0	0	0	0	0	0	0	0	0	0	0	0	0	0	0	0	0	0	0	0	0	0	0	0	0	0	0	0	0	0	0	0	0	0	0	0	0	0	0	0	0	0	0	0	0	0	0	0	0	0	0	0	0	0	0	0	0.703472891849888	0	0.977167138661931	0	0	0.623520004294632	0	0	0	0	0	0	0	0	0.888352195480357	0	0	0	0	0.809063348127687	0	0	0	0	0	0	0	0	0
0	0	0	0	0	0	0	0	0	0	0	0	0	0	0	0	0	0	0	0	0	0	0	0	0	0	0	0	0	0	0	0	0	0	0	0	0	0	0	0	0	0	0	0	0	0	0	0	0	0	0	0	0	0	0	0	0	0	0.76218023073708	0	0.511409806532946	0	0	0	0	0	0	0	0	0.746985615648653	0	0	0	0.553191091283975	0	0	0	0	0	0	0	0.811162328284433	0	0	0	0.782251359474705	0	0	0	0
0	0	0	0	0	0	0	0	0	0	0	0	0	0	0	0	0	0	0	0	0	0	0	0	0	0	0	0	0	0	0	0	0	0	0	0	0	0	0	0	0	0	0	0	0	0	0	0	0	0	0	0	0	0	0	0	0	0.729126563353255	0	0.66252005224478	0.855248116223124	0	0	0	0	0	0	0	0	0	0	0	0	0	0	0	0	0.538999980660522	0.826752144088623	0	0	0	0	0	0	0	0	0	0	0
0	0	0	0	0	0	0	0	0	0	0	0	0	0	0	0	0	0	0	0	0	0	0	0	0	0	0	0	0	0	0	0	0	0	0	0	0	0	0	0	0	0	0	0	0	0	0	0	0	0	0	0	0	0.514651951225873	0	0	0	0	0	0	0	0	0	0	0	0	0	0	0	0	0	0	0.80879791973902	0	0	0	0.60608945543111	0	0	0.96580928919337	0	0	0	0	0	0	0	0	0.647219579162654	0.716580318312794
0	0	0	0	0	0	0	0	0	0	0	0	0	0	0	0	0	0	0	0	0	0	0	0	0	0	0	0	0	0	0	0	0	0	0	0	0	0	0	0	0	0	0	0	0	0	0	0.785970686437243	0	0.793872961239007	0.892256547448848	0	0	0	0	0.939702253482569	0	0	0	0	0	0	0	0	0	0	0	0	0	0.600393507683678	0	0	0	0	0	0	0	0	0	0	0	0	0	0.948265145557165	0	0.968616021794109	0	0	0	0
0	0	0	0	0	0	0	0	0	0	0	0	0	0	0	0	0	0	0	0	0	0	0	0	0	0	0	0	0	0	0	0	0	0	0	0	0	0	0	0	0	0	0	0	0	0	0	0	0	0	0	0	0.766757853855406	0	0	0	0	0.82464748410916	0	0	0	0	0.854538986705674	0.608230701787449	0	0	0.512510749930056	0	0	0	0	0	0	0	0	0	0	0	0	0	0	0	0.593767376525772	0	0.776440919367751	0	0	0	0	0
0	0	0	0	0	0	0	0	0	0	0	0	0	0	0	0	0	0	0	0	0	0	0	0	0	0	0	0	0	0	0	0	0	0	0	0	0	0	0	0	0	0	0	0	0	0	0	0	0	0	0.707798235903012	0	0.596349356049127	0	0	0	0	0	0	0.895435500877003	0.920642116495243	0	0	0	0	0	0	0	0.935869520291971	0	0	0.667981776118141	0	0	0	0	0	0	0	0	0	0	0	0.616460539510967	0	0	0	0	0.611770990652635	0
0	0	0	0	0	0	0	0	0	0	0	0	0	0	0	0	0	0	0	0	0	0	0	0	0	0	0	0	0	0	0	0	0	0	0	0	0	0	0	0	0	0	0	0	0	0	0	0	0	0	0	0	0	0	0	0	0	0	0.654611630669284	0	0	0.950148400547839	0	0	0	0	0	0	0.837427429304415	0	0	0	0	0	0	0	0	0	0	0.971349532367945	0	0	0.754413125266933	0	0	0	0	0.73911205799809	0	0
0	0	0	0	0	0	0	0	0	0	0	0	0	0	0	0	0	0	0	0	0	0	0	0	0	0	0	0	0	0	0	0	0	0	0	0	0	0	0	0	0	0	0	0	0	0	0	0	0	0	0.844282920994253	0	0	0	0	0	0.943555334051094	0	0	0	0	0.855055172984063	0	0	0.939693941266062	0	0	0	0	0	0	0	0	0	0	0	0	0	0	0	0	0	0	0	0	0	0	0.967074664345609	0	0
0	0	0	0	0	0	0	0	0	0	0	0	0	0	0	0	0	0	0	0	0	0	0	0	0	0	0	0	0	0	0	0	0	0	0	0	0	0	0	0	0	0	0	0	0	0	0	0	0	0	0.693384308202063	0	0	0.54731435333966	0	0	0	0	0	0	0	0	0	0	0	0	0	0.667766670832141	0	0	0	0	0	0	0	0	0	0	0	0	0	0	0	0	0	0.602858079529115	0.545312783153658	0	0	0
0	0	0	0	0	0	0	0	0	0	0	0	0	0	0	0	0	0	0	0	0	0	0	0	0	0	0	0	0	0	0	0	0	0	0	0	0	0	0	0	0	0	0	0	0	0	0	0	0	0	0	0.503303393244998	0	0	0.689983634469872	0	0	0	0	0	0.905788596926608	0	0	0	0	0	0	0.736672578456557	0	0	0	0	0	0	0	0	0	0	0	0	0	0.78953986484033	0	0	0.573774153598554	0	0	0	0	0
0	0	0	0	0	0	0	0	0	0	0	0	0	0	0	0	0	0	0	0	0	0	0	0	0	0	0	0	0	0	0	0	0	0	0	0	0	0	0	0	0	0	0	0	0	0	0	0.957748610719539	0	0	0	0	0	0	0.75910915545619	0	0	0	0	0	0	0	0	0	0	0.636238726643481	0.662325847488868	0	0	0	0.71434747424821	0	0.514506779077087	0	0	0	0	0	0	0	0	0.687801578096097	0	0	0	0	0	0	0	0
