0	0	0.695101077835335	0	0	0.579660958726577	0	0	0	0	0	0	0	0.808051062313942	0	0	0	0	0	0	0	0.856631262050107	0	0	0	0	0	0	0	0	0	0	0	0	0	0	0.920441846403426	0	0	0	0	0	0	0	0.642554402210121	0	0	0	0	0	0	0	0	0	0	0	0	0	0	0	0	0	0	0	0	0	0	0	0	0	0	0	0	0	0	0	0	0	0	0	0	0	0	0	0	0	0	0	0	0
0	0	0	0.880765143752273	0	0	0	0	0	0.859081485584366	0.759480291988262	0	0	0	0	0	0	0	0	0.567455161545004	0	0	0	0	0	0	0	0	0.663891381637709	0	0	0	0	0	0.528939571458503	0	0	0	0	0	0.787143376524478	0	0	0	0	0	0	0	0	0	0	0	0	0	0	0	0	0	0	0	0	0	0	0	0	0	0	0	0	0	0	0	0	0	0	0	0	0	0	0	0	0	0	0	0	0	0	0	0	0
0.841341056700473	0	0	0.727387692277737	0	0	0.529962531595809	0	0	0	0	0	0	0	0	0	0	0	0	0	0	0	0	0	0	0	0	0	0	0	0	0	0	0	0	0	0	0	0	0	0	0	0	0	0	0	0	0	0	0	0	0	0	0	0	0	0	0	0	0	0	0	0	0	0	0	0	0	0	0	0	0	0	0	0	0	0	0	0	0	0	0	0	0	0	0	0	0	0	0
0	0.778398617254538	0.527231011813384	0	0	0.733295988215923	0	0	0	0	0	0	0	0	0	0	0	0	0	0	0	0	0	0	0	0	0.883150447069308	0	0	0	0.933483193608283	0	0	0	0	0	0	0	0	0	0.591134347982767	0.507091752882934	0	0	0	0	0	0	0	0	0	0	0	0	0	0	0	0	0	0	0	0	0	0	0	0	0	0	0	0	0	0	0	0	0	0	0	0	0	0	0	0	0	0	0	0	0	0	0	0
0	0	0	0	0	0	0	0	0	0	0	0	0	0	0	0	0	0	0	0	0	0	0	0	0	0	0	0.598471528978653	0	0	0	0	0	0	0.862165207224145	0	0	0	0	0	0	0.997603763176302	0	0	0	0	0	0	0	0	0	0	0	0	0	0	0	0	0	0	0	0	0	0	0	0	0	0	0	0	0	0	0	0	0	0	0	0	0	0	0	0	0	0	0	0	0	0	0	0
0.918769223618434	0	0	0.606927799838696	0	0	0	0	0	0	0	0	0	0	0.694492430549468	0	0	0	0.669634228679318	0	0	0	0	0	0	0	0	0	0	0	0	0.808914723656067	0	0	0	0	0	0	0	0	0.947115159439281	0	0	0	0	0	0	0	0	0	0	0	0	0	0	0	0	0	0	0	0	0	0	0	0	0	0	0	0	0	0	0	0	0	0	0	0	0	0	0	0	0	0	0	0	0	0	0	0	0
0	0	0.879017173127951	0	0	0	0	0	0	0	0	0	0	0	0	0.924719690023656	0	0	0.680302551885341	0	0	0	0	0	0	0	0	0	0	0	0	0	0	0	0	0	0	0	0	0.61024199480807	0	0	0	0	0	0	0	0	0	0	0	0	0	0	0	0	0	0	0	0	0	0	0	0	0	0	0	0	0	0	0	0	0	0	0	0	0	0	0	0	0	0	0	0	0	0	0	0	0	0
0	0	0	0	0	0	0	0	0	0	0	0	0	0	0	0.595353543014358	0	0	0	0	0	0	0.59229067292088	0.578362718511578	0.712964638696284	0	0	0	0	0	0	0	0.82363590331679	0	0.635060801537557	0	0	0	0.771333286158576	0	0	0	0	0	0	0	0	0	0	0	0	0	0	0	0	0	0	0	0	0	0	0	0	0	0	0	0	0	0	0	0	0	0	0	0	0	0	0	0	0	0	0	0	0	0	0	0	0	0	0
0	0	0	0	0	0	0	0	0	0	0	0	0	0	0	0	0	0	0.617532480743367	0	0.751613684268565	0	0.880758790105426	0.935433637727648	0	0	0	0	0	0	0	0	0.537701724737231	0	0	0	0	0	0	0	0	0	0	0.53851783684328	0.690703849454171	0	0	0	0	0	0	0	0	0	0	0	0	0	0	0	0	0	0	0	0	0	0	0	0	0	0	0	0	0	0	0	0	0	0	0	0	0	0	0	0	0	0	0	0	0
0	0.900457860706694	0	0	0	0	0	0	0	0	0	0	0	0	0	0	0	0	0	0	0	0	0	0	0	0	0	0.575754088319264	0	0	0	0	0	0.712704316549668	0	0	0	0	0	0	0	0	0	0	0	0	0	0	0	0	0	0	0	0	0	0	0	0	0	0	0	0	0	0	0	0	0	0	0	0	0	0	0	0	0	0	0	0	0	0	0	0	0	0	0	0	0	0	0	0
0	0.916131752670769	0	0	0	0	0	0	0	0	0	0	0	0	0	0	0	0	0	0	0	0	0	0	0	0	0	0.913413793404063	0	0	0	0	0	0.549067722982885	0	0.674560038031629	0	0	0	0	0	0.76628894915306	0.608875722416502	0	0.72832657848474	0	0	0	0	0	0	0	0	0	0	0	0	0	0	0	0	0	0	0	0	0	0	0	0	0	0	0	0	0	0	0	0	0	0	0	0	0	0	0	0	0	0	0	0	0
0	0	0	0	0	0	0	0	0	0	0	0	0	0	0	0	0	0	0	0	0.602929174972491	0	0	0	0	0	0	0	0	0	0	0.891542307843126	0	0	0	0	0	0	0	0	0	0.742905093471413	0.552547626873881	0	0	0	0	0	0	0	0	0	0	0	0	0	0	0	0	0	0	0	0	0	0	0	0	0	0	0	0	0	0	0	0	0	0	0	0	0	0	0	0	0	0	0	0	0	0	0
0	0	0	0	0	0	0	0	0	0	0	0	0	0	0	0	0	0.745115388724787	0.535436891710029	0	0	0	0	0.530768745631613	0	0	0	0	0	0	0	0	0	0	0	0	0	0	0.863211949043898	0	0.822436820870763	0	0.896052416884944	0	0	0	0	0	0	0	0	0	0	0	0	0	0	0	0	0	0	0	0	0	0	0	0	0	0	0	0	0	0	0	0	0	0	0	0	0	0	0	0	0	0	0	0	0	0	0
0.717386989866847	0	0	0	0	0	0	0	0	0	0	0	0	0	0	0.747850155087424	0.596368008549687	0	0	0	0	0	0	0	0	0	0	0	0	0	0	0	0	0	0	0	0	0	0	0	0.940398296044344	0.786565621740291	0	0	0	0	0	0	0	0	0	0	0	0	0	0	0	0	0	0	0	0	0	0	0	0	0	0	0	0	0	0	0	0	0	0	0	0	0	0	0	0	0	0	0	0	0	0	0	0
0	0	0	0	0	0.502998856134031	0	0	0	0	0	0	0	0	0	0.912642845229352	0	0	0	0	0	0	0.783876709112173	0	0	0	0	0	0	0	0	0	0	0	0	0	0	0.991791457346413	0.83766382185198	0	0	0	0	0.915772308862936	0	0	0	0	0	0	0	0	0	0	0	0	0	0	0	0	0	0	0	0	0	0	0	0	0	0	0	0	0	0	0	0	0	0	0	0	0	0	0	0	0	0	0	0	0	0
0	0	0	0	0	0	0.775493994121958	0.755093375261212	0	0	0	0	0	0.611060695703481	0.921853250019902	0	0.512803454441316	0	0	0	0	0	0	0	0	0	0	0	0	0.99147060973444	0	0	0	0	0	0	0	0	0	0	0	0	0	0	0	0	0	0	0	0	0	0	0	0	0	0	0	0	0	0	0	0	0	0	0	0	0	0	0	0	0	0	0	0	0	0	0	0	0	0	0	0	0	0	0	0	0	0	0	0
0	0	0	0	0	0	0	0	0	0	0	0	0	0.937762194136073	0	0.646393205501027	0	0.642215108505171	0	0	0	0	0	0	0.560095568439177	0.591766863149662	0.990272125039935	0.828094636230802	0	0	0	0	0	0	0	0	0	0	0	0	0	0	0	0	0	0	0	0	0	0	0	0	0	0	0	0	0	0	0	0	0	0	0	0	0	0	0	0	0	0	0	0	0	0	0	0	0	0	0	0	0	0	0	0	0	0	0	0	0	0
0	0	0	0	0	0	0	0	0	0	0	0	0.744922449390615	0	0	0	0.604123199837104	0	0	0	0	0	0	0	0	0	0	0	0	0	0	0	0.711446650096683	0	0	0	0	0.7480529401956	0.661021181945563	0	0	0.678615965563995	0	0	0	0	0	0	0	0	0	0	0	0	0	0	0	0	0	0	0	0	0	0	0	0	0	0	0	0	0	0	0	0	0	0	0	0	0	0	0	0	0	0	0	0	0	0	0	0
0	0	0	0	0	0.831966579100979	0.868582592808082	0	0.652533578149643	0	0	0	0.566777155031421	0	0	0	0	0	0	0	0	0.544940458597897	0.91005613378475	0	0	0	0	0	0	0	0	0	0	0	0	0.674819109601209	0	0	0	0	0	0	0	0	0	0	0	0	0	0	0	0	0	0	0	0	0	0	0	0	0	0	0	0	0	0	0	0	0	0	0	0	0	0	0	0	0	0	0	0	0	0	0	0	0	0	0	0	0	0
0	0.598669457513602	0	0	0	0	0	0	0	0	0	0	0	0	0	0	0	0	0	0	0	0.569699134631468	0	0	0	0	0	0	0	0.610232109080015	0	0	0	0	0	0	0	0	0	0.995007840346592	0	0	0	0.679207544091908	0	0	0	0	0	0	0	0	0	0	0	0	0	0	0	0	0	0	0	0	0	0	0	0	0	0	0	0	0	0	0	0	0	0	0	0	0	0	0	0	0	0	0	0	0	0
0	0	0	0	0	0	0	0	0.654086899688898	0	0	0.711739707324028	0	0	0	0	0	0	0	0	0	0	0	0.928280594674505	0	0.763657867652979	0	0	0.695713050435291	0	0.610565065444431	0.698777576562287	0	0	0	0	0	0	0	0	0.571046167415117	0	0	0	0	0	0	0	0	0	0	0	0	0	0	0	0	0	0	0	0	0	0	0	0	0	0	0	0	0	0	0	0	0	0	0	0	0	0	0	0	0	0	0	0	0	0	0	0	0
0.76604910923952	0	0	0	0	0	0	0	0	0	0	0	0	0	0	0	0	0	0.831163303071834	0.669438947273222	0	0	0	0	0	0.907267734695081	0	0.960292413727476	0	0	0	0	0	0	0.61877875323693	0	0.839599924587323	0.833295784560208	0	0	0	0	0	0	0	0	0	0	0	0	0	0	0	0	0	0	0	0	0	0	0	0	0	0	0	0	0	0	0	0	0	0	0	0	0	0	0	0	0	0	0	0	0	0	0	0	0	0	0	0
0	0	0	0	0	0	0	0.571599041359914	0.861805657315806	0	0	0	0	0	0.712056386947667	0	0	0	0.932421043088937	0	0	0	0	0	0	0.581432609335321	0	0	0	0	0	0.69598944473694	0	0	0	0	0	0	0	0	0	0	0	0	0	0	0	0	0	0	0	0	0	0	0	0	0	0	0	0	0	0	0	0	0	0	0	0	0	0	0	0	0	0	0	0	0	0	0	0	0	0	0	0	0	0	0	0	0	0
0	0	0	0	0	0	0	0.72640408225097	0.618498000700181	0	0	0	0.711709527641023	0	0	0	0	0	0	0	0.786530161230782	0	0	0	0.918382716149752	0	0	0	0	0	0	0	0.822274177509461	0	0	0	0	0	0	0	0	0	0	0	0	0	0	0	0	0	0	0	0	0	0	0	0	0	0	0	0	0	0	0	0	0	0	0	0	0	0	0	0	0	0	0	0	0	0	0	0	0	0	0	0	0	0	0	0	0
0	0	0	0	0	0	0	0.73964081379044	0	0	0	0	0	0	0	0	0.85482800401359	0	0	0	0	0	0	0.61482964700583	0	0	0.947416372791658	0	0	0	0	0	0.935014881320955	0	0	0	0	0	0	0	0	0	0.897759940246412	0	0	0	0	0	0	0	0	0	0	0	0	0	0	0	0	0	0	0	0	0	0	0	0	0	0	0	0	0	0	0	0	0	0	0	0	0	0	0	0	0	0	0	0	0	0	0
0	0	0	0	0	0	0	0	0	0	0	0	0	0	0	0	0.910490273891417	0	0	0	0.798267857186483	0.919452405449365	0.642212204617172	0	0	0	0	0	0.63033778162584	0	0	0	0	0	0	0	0	0	0	0.522563176788602	0	0	0.646079928331988	0	0	0	0	0	0	0	0	0	0	0	0	0	0	0	0	0	0	0	0	0	0	0	0	0	0	0	0	0	0	0	0	0	0	0	0	0	0	0	0	0	0	0	0	0	0	0
0	0	0	0.692277173343594	0	0	0	0	0	0	0	0	0	0	0	0	0.831848287526636	0	0	0	0	0	0	0	0.773664176603441	0	0	0	0	0.877279920305977	0	0	0	0	0.772484621824002	0	0	0	0	0.775196336572465	0	0	0	0	0	0	0	0	0	0	0	0	0	0	0	0	0	0	0	0	0	0	0	0	0	0	0	0	0	0	0	0	0	0	0	0	0	0	0	0	0	0	0	0	0	0	0	0	0	0
0	0	0	0	0.807725947170444	0	0	0	0	0.524726220587398	0.94775528147752	0	0	0	0	0	0.697641589742542	0	0	0	0	0.828080002482625	0	0	0	0	0	0	0	0	0	0.741902342103264	0	0	0	0	0	0	0	0	0	0	0	0	0.877397993176918	0	0	0	0	0	0	0	0	0	0	0	0	0	0	0	0	0	0	0	0	0	0	0	0	0	0	0	0	0	0	0	0	0	0	0	0	0	0	0	0	0	0	0	0	0
0	0.736644919830677	0	0	0	0	0	0	0	0	0	0	0	0	0	0	0	0	0	0	0.908527789535622	0	0	0	0	0.823540662404007	0	0	0	0	0	0	0	0	0	0.950262528122141	0.807983065239853	0	0	0	0	0	0	0	0	0	0	0	0	0	0	0	0	0	0	0	0	0	0	0	0	0	0	0	0	0	0	0	0	0	0	0	0	0	0	0	0	0	0	0	0	0	0	0	0	0	0	0	0	0
0	0	0	0	0	0	0	0	0	0	0	0	0	0	0	0.871216866968424	0	0	0	0.969983680336049	0	0	0	0	0	0	0.915601337139004	0	0	0	0	0	0	0.966028792306932	0	0	0	0	0.610960767818912	0	0	0	0	0	0	0	0	0	0	0	0	0	0	0	0	0	0	0	0	0	0	0	0	0	0	0	0	0	0	0	0	0	0	0	0	0	0	0	0	0	0	0	0	0	0	0	0	0	0	0
0	0	0	0.810523478130542	0	0	0	0	0	0	0	0	0	0	0	0	0	0	0	0	0.530092708125257	0	0	0	0	0	0	0	0	0	0	0	0	0.81968229783952	0	0	0	0	0	0	0	0	0	0	0	0	0	0	0	0	0	0	0	0	0	0	0	0	0	0	0	0	0	0	0	0	0	0	0	0	0	0	0	0	0	0	0	0	0	0	0	0	0	0	0	0	0	0	0	0
0	0	0	0	0	0.979512848219605	0	0	0	0	0	0.606064321328941	0	0	0	0	0	0	0	0	0.67671072200065	0	0.945267617787492	0	0	0	0	0.93604104557434	0	0	0	0	0	0	0	0	0	0	0	0	0	0	0.955866865331469	0	0	0	0	0	0	0	0	0	0	0	0	0	0	0	0	0	0	0	0	0	0	0	0	0	0	0	0	0	0	0	0	0	0	0	0	0	0	0	0	0	0	0	0	0	0	0
0	0	0	0	0	0	0	0.515396629595408	0.901719530164756	0	0	0	0	0	0	0	0	0.615935013340586	0	0	0	0	0	0.736391157702237	0.561091348275139	0	0	0	0	0	0	0	0	0	0	0	0	0	0	0	0	0	0	0	0	0	0	0	0	0	0	0	0	0	0	0	0	0	0	0	0	0	0	0	0	0	0	0	0	0	0	0	0	0	0	0	0	0	0	0	0	0	0	0	0	0	0	0	0	0
0	0	0	0	0	0	0	0	0	0.81332082666174	0.995616891787451	0	0	0	0	0	0	0	0	0	0	0	0	0	0	0	0	0	0	0.909253383040622	0.549811805875081	0	0	0	0.880312565686534	0	0.983101362941858	0	0	0	0	0	0	0	0	0	0	0	0	0	0	0	0	0	0	0	0	0	0	0	0	0	0	0	0	0	0	0	0	0	0	0	0	0	0	0	0	0	0	0	0	0	0	0	0	0	0	0	0	0
0	0.888445537436871	0	0	0.884040984038574	0	0	0.697008113819319	0	0	0	0	0	0	0	0	0	0	0	0	0	0.953485044440918	0	0	0	0	0.820063564285606	0	0	0	0	0	0	0.900562337149106	0	0.999382817934823	0	0	0	0	0	0	0	0.724135340733179	0	0	0	0	0	0	0	0	0	0	0	0	0	0	0	0	0	0	0	0	0	0	0	0	0	0	0	0	0	0	0	0	0	0	0	0	0	0	0	0	0	0	0	0	0	0
0	0	0	0	0	0	0	0	0	0	0.912740734370123	0	0	0	0	0	0	0	0.727381395176465	0	0	0	0	0	0	0	0	0	0.52874491452608	0	0	0	0	0	0.648281562093011	0	0	0.79054864084345	0	0	0	0	0	0.679635639590131	0	0	0	0	0	0	0	0	0	0	0	0	0	0	0	0	0	0	0	0	0	0	0	0	0	0	0	0	0	0	0	0	0	0	0	0	0	0	0	0	0	0	0	0	0	0
0.57641789420637	0	0	0	0	0	0	0	0	0	0	0	0	0	0	0	0	0	0	0	0	0.978652816803865	0	0	0	0	0	0	0.955066784696848	0	0	0	0	0.967518577865208	0	0	0	0.764424473599824	0.774751504312401	0	0	0	0	0	0	0	0	0	0	0	0	0	0	0	0	0	0	0	0	0	0	0	0	0	0	0	0	0	0	0	0	0	0	0	0	0	0	0	0	0	0	0	0	0	0	0	0	0	0	0
0	0	0	0	0	0	0	0	0	0	0	0	0	0	0.825292999313754	0	0	0.655782313713738	0	0	0	0.800017418269998	0	0	0	0	0	0	0	0	0	0	0	0	0	0.60723031017122	0.976417579145344	0	0	0.626155347982896	0	0	0.777111254214753	0	0	0	0	0	0	0	0	0	0	0	0	0	0	0	0	0	0	0	0	0	0	0	0	0	0	0	0	0	0	0	0	0	0	0	0	0	0	0	0	0	0	0	0	0	0	0
0	0	0	0	0	0	0	0.990583092148481	0	0	0	0	0.777203527402815	0	0.567257488536069	0	0	0.962553540487761	0	0	0	0	0	0	0	0	0	0	0	0.574142558754186	0	0	0	0	0	0	0.801747272069199	0	0	0	0	0	0	0	0	0	0	0	0	0	0	0	0	0	0	0	0	0	0	0	0	0	0	0	0	0	0	0	0	0	0	0	0	0	0	0	0	0	0	0	0	0	0	0	0	0	0	0	0	0
0	0	0	0	0	0	0.854846268338686	0	0	0	0	0	0	0	0	0	0	0	0	0.990953198287736	0	0	0	0	0	0.774677181853639	0.818384921856606	0	0	0	0	0	0	0	0	0	0	0.992984207321415	0	0	0	0.541889781863707	0	0	0	0	0	0	0	0	0	0	0	0	0	0	0	0	0	0	0	0	0	0	0	0	0	0	0	0	0	0	0	0	0	0	0	0	0	0	0	0	0	0	0	0	0	0	0	0
0	0.56696305506758	0	0.564971636926361	0	0.759213837864679	0	0	0	0	0	0	0.808594274499071	0.953565956999296	0	0	0	0	0	0	0.525625196059831	0	0	0	0	0	0	0	0	0	0	0	0	0	0	0	0	0	0	0	0	0	0.728939227983968	0	0.601832954972713	0	0	0	0	0	0	0	0	0	0	0	0	0	0	0	0	0	0	0	0	0	0	0	0	0	0	0	0	0	0	0	0	0	0	0	0	0	0	0	0	0	0	0	0	0
0	0	0	0.941269546032371	0.923340628154112	0	0	0	0	0	0.821157271702444	0.564847892816908	0	0.532731605249824	0	0	0	0.844588871386661	0	0	0	0	0	0	0	0	0	0	0	0	0	0	0	0	0	0	0	0	0	0.925005013219216	0	0	0	0.816257483295072	0	0	0	0	0	0	0	0	0	0	0	0	0	0	0	0	0	0	0	0	0	0	0	0	0	0	0	0	0	0	0	0	0	0	0	0	0	0	0	0	0	0	0	0	0	0
0	0	0	0	0	0	0	0	0	0	0.516113466786982	0.944691814019685	0.605782333657781	0	0	0	0	0	0	0	0	0	0	0	0.994902113429661	0.506248761775364	0	0	0	0	0	0.862225029460543	0	0	0	0	0	0.60616205763638	0	0	0.569772337846383	0	0	0	0	0	0	0	0	0	0	0	0	0	0	0	0	0	0	0	0	0	0	0	0	0	0	0	0	0	0	0	0	0	0	0	0	0	0	0	0	0	0	0	0	0	0	0	0	0
0	0	0	0	0	0	0	0	0.58961074325658	0	0	0	0	0	0.898986843274956	0	0	0	0	0.675423430864557	0	0	0	0	0	0	0	0	0	0	0	0	0	0	0.795568939666172	0.825223922805883	0	0	0	0	0	0.731438194527795	0	0	0	0	0	0	0	0	0	0	0	0	0	0	0	0	0	0	0	0	0	0	0	0	0	0	0	0	0	0	0	0	0	0	0	0	0	0	0	0	0	0	0	0	0	0	0	0
0.913713662127423	0	0	0	0	0	0	0	0.626442684251167	0	0.642836646119102	0	0	0	0	0	0	0	0	0	0	0	0	0	0	0	0	0.849117568615348	0	0	0	0	0	0	0	0	0	0	0	0	0.870162783281713	0	0	0	0	0	0	0	0	0	0	0	0	0	0	0	0	0	0	0	0	0	0	0	0	0	0	0	0	0	0	0	0	0	0	0	0	0	0	0	0	0	0	0	0	0	0	0	0	0
0	0	0	0	0	0	0	0	0	0	0	0	0	0	0	0	0	0	0	0	0	0	0	0	0	0	0	0	0	0	0	0	0	0	0	0	0	0	0	0	0	0	0	0	0	0	0.51348499447598	0.976603786946021	0.595899483752343	0.661162882679845	0.557579710146264	0.786201908647205	0.769331401916633	0	0	0	0	0	0	0	0	0	0	0	0	0	0	0	0	0	0	0	0	0	0	0	0	0	0	0	0	0	0	0.736637525248262	0.702584169566533	0.926244498017109	0.722740269754573	0.64053120442846	0.603462387424499	0.577297974266783
0	0	0	0	0	0	0	0	0	0	0	0	0	0	0	0	0	0	0	0	0	0	0	0	0	0	0	0	0	0	0	0	0	0	0	0	0	0	0	0	0	0	0	0	0	0.79330148950647	0	0.718325408023192	0.875695112390798	0.730045204547513	0.75239106003004	0.960446332380762	0	0.773290205266442	0	0	0.732393994364331	0	0	0	0	0	0	0	0	0	0	0	0	0	0	0	0	0	0	0	0	0	0	0	0	0	0	0	0.882537817273895	0.620932570173264	0.584466323459061	0.988945409329942	0.58468608481172	0.551304362808727
0	0	0	0	0	0	0	0	0	0	0	0	0	0	0	0	0	0	0	0	0	0	0	0	0	0	0	0	0	0	0	0	0	0	0	0	0	0	0	0	0	0	0	0	0	0.944770091277737	0.599956734142658	0	0.58095337953493	0.508772924662829	0.864258659511377	0.619416231340245	0.58219815634755	0.881856765299162	0.953398906372468	0	0	0	0	0	0	0	0	0	0	0	0	0	0	0	0	0	0	0	0	0	0	0	0	0	0	0	0	0	0	0.800658772722465	0.884880678452087	0.694729904968251	0.655579320184347	0.820187233194337
0	0	0	0	0	0	0	0	0	0	0	0	0	0	0	0	0	0	0	0	0	0	0	0	0	0	0	0	0	0	0	0	0	0	0	0	0	0	0	0	0	0	0	0	0	0.554224851382282	0.561227935838295	0.662044729280457	0	0.721352917016602	0.982017605932486	0.773747484345152	0.634951572348085	0.924586141962334	0.769615304782611	0.697273546592398	0	0	0	0	0	0	0	0	0	0	0	0	0	0	0	0	0	0	0	0	0	0	0	0	0	0.919568374339518	0	0	0	0	0.846680899615604	0.784988007555672	0.538102191952675	0.535342729586397
0	0	0	0	0	0	0	0	0	0	0	0	0	0	0	0	0	0	0	0	0	0	0	0	0	0	0	0	0	0	0	0	0	0	0	0	0	0	0	0	0	0	0	0	0	0.903288044823939	0.702578012370851	0.638121793101622	0.979916791366044	0	0.631186778293478	0.86838494524273	0.631475007902902	0.679386243124328	0.709853913910711	0.823737835983287	0.692312853285395	0	0	0	0	0	0	0	0	0	0	0	0	0	0	0	0	0	0	0	0	0	0	0	0	0	0	0	0	0	0	0.576971653521578	0.853217846578242	0.71770785363278
0	0	0	0	0	0	0	0	0	0	0	0	0	0	0	0	0	0	0	0	0	0	0	0	0	0	0	0	0	0	0	0	0	0	0	0	0	0	0	0	0	0	0	0	0	0.93806479267373	0.959624466253011	0.959036626542713	0.563642039436794	0.672147465094898	0	0.64750563268971	0.84946333341541	0.841778976240985	0.716756771025163	0.993847890415608	0.722719686757571	0.624173717532207	0	0	0	0	0	0	0	0	0	0	0	0	0	0	0	0	0	0	0	0	0	0	0	0	0	0	0	0	0	0	0.55726875619659	0.757783742514417
0	0	0	0	0	0	0	0	0	0	0	0	0	0	0	0	0	0	0	0	0	0	0	0	0	0	0	0	0	0	0	0	0	0	0	0	0	0	0	0	0	0	0	0	0	0.569774173965393	0.672816626030764	0.531125247293398	0.526275774637415	0.654306823916945	0.626504313246472	0	0.693378649609812	0.68863068443492	0.841996418930592	0.947808298699088	0.554549166502216	0.884251857301388	0.584563194388246	0	0	0	0	0	0	0	0	0	0	0	0	0	0	0	0	0	0	0	0	0	0	0	0	0	0	0	0	0	0	0.946811676906623
0	0	0	0	0	0	0	0	0	0	0	0	0	0	0	0	0	0	0	0	0	0	0	0	0	0	0	0	0	0	0	0	0	0	0	0	0	0	0	0	0	0	0	0	0	0.870166779696484	0	0.715594942170307	0.716905342417226	0.987475117892487	0.716670080401496	0.818489658679777	0	0.567368518910788	0.637303102604853	0.716544136537972	0.836091359948893	0.523024723540624	0.985994346105442	0.79508498423491	0	0	0	0	0	0	0	0	0	0	0	0	0	0	0	0	0	0	0	0	0	0	0	0	0	0	0	0	0	0
0	0	0	0	0	0	0	0	0	0	0	0	0	0	0	0	0	0	0	0	0	0	0	0	0	0	0	0	0	0	0	0	0	0	0	0	0	0	0	0	0	0	0	0	0	0	0.68146568539383	0.958656237957821	0.692998878072528	0.922378595549511	0.930498525342056	0.916089011810298	0.84321669106328	0	0.751191196589113	0.590482067921016	0.558190813008373	0.817620232382037	0.934060280913243	0.690178061647741	0.691783629606361	0	0	0	0	0	0	0	0	0	0	0	0	0	0	0	0	0	0	0	0	0	0	0	0	0	0	0	0	0
0	0	0	0	0	0	0	0	0	0	0	0	0	0	0	0	0	0	0	0	0	0	0	0	0	0	0	0	0	0	0	0	0	0	0	0	0	0	0	0	0	0	0	0	0	0	0	0.965786119352795	0.901919198123175	0.830398606029501	0.935903667039401	0.865256587478841	0.672321210171058	0.592813995681873	0	0.601161785985427	0.823145876202301	0.82472438427582	0.793020749543031	0.994234024930568	0.702278195962284	0.622939547995346	0	0	0	0	0	0	0	0	0	0	0	0	0	0	0	0	0	0	0	0	0	0	0	0	0	0	0	0
0	0	0	0	0	0	0	0	0	0	0	0	0	0	0	0	0	0	0	0	0	0	0	0	0	0	0	0	0	0	0	0	0	0	0	0	0	0	0	0	0	0	0	0	0	0	0	0	0.728789371235794	0.847999846193266	0.525766748019381	0.828126187410663	0.639305028429081	0.649324862494654	0.99370219581119	0	0.504134295671101	0.956610223981199	0.836979461703344	0.930112965619255	0.886616091279589	0.958694513914079	0.988709198868198	0.73142250597502	0	0	0	0	0	0	0	0	0	0	0	0	0	0	0	0	0	0	0	0	0	0	0	0	0	0
0	0	0	0	0	0	0	0	0	0	0	0	0	0	0	0	0	0	0	0	0	0	0	0	0	0	0	0	0	0	0	0	0	0	0	0	0	0	0	0	0	0	0	0	0	0	0.920666869695456	0	0	0.851243789644006	0.52881569539772	0.512434118465566	0.843332150473906	0.669578262429638	0.98097351719319	0.952930675583159	0	0.657663877176842	0.539159887774131	0.811549703776442	0.574132704801976	0.867522893044359	0.843150488991333	0.976683960602335	0	0	0	0	0	0	0	0	0	0	0	0	0	0	0	0	0	0	0	0	0	0	0	0	0	0
0	0	0	0	0	0	0	0	0	0	0	0	0	0	0	0	0	0	0	0	0	0	0	0	0	0	0	0	0	0	0	0	0	0	0	0	0	0	0	0	0	0	0	0	0	0	0	0	0	0	0.584693365732483	0.944125476113811	0.685887260313297	0.709507219708124	0.758936873091247	0.918166619466271	0.908495817420409	0	0.812668475426632	0.660228071923888	0.745827192961003	0.503758886452945	0.69368083381355	0.710385865042772	0.769341496192985	0	0	0	0	0	0	0	0	0	0	0	0	0	0	0	0	0	0	0	0	0	0	0	0	0
0	0	0	0	0	0	0	0	0	0	0	0	0	0	0	0	0	0	0	0	0	0	0	0	0	0	0	0	0	0	0	0	0	0	0	0	0	0	0	0	0	0	0	0	0	0	0	0	0	0	0	0.689222218880153	0.71791566288552	0.589975445370482	0.588608875141704	0.635216617373806	0.983283496041585	0.952437040544225	0	0.771745627717474	0.750635960645515	0.985959122748832	0.510116241777193	0.508560061908024	0.582092288095679	0.9005210774343	0	0	0	0	0	0	0	0	0	0	0	0	0	0	0	0	0	0	0	0	0	0	0	0
0	0	0	0	0	0	0	0	0	0	0	0	0	0	0	0	0	0	0	0	0	0	0	0	0	0	0	0	0	0	0	0	0	0	0	0	0	0	0	0	0	0	0	0	0	0	0	0	0	0	0	0	0.520364569873885	0.659960977300535	0.726785419772225	0.987782705640316	0.78140948044948	0.871438797048092	0.602170837084412	0	0.589616770422824	0.783334929557218	0.520410281235757	0.854469504912702	0.925481467767643	0.803564263663674	0.56201908723949	0	0	0	0	0	0	0	0	0	0	0	0	0	0	0	0	0	0	0	0	0	0	0
0	0	0	0	0	0	0	0	0	0	0	0	0	0	0	0	0	0	0	0	0	0	0	0	0	0	0	0	0	0	0	0	0	0	0	0	0	0	0	0	0	0	0	0	0	0	0	0	0	0	0	0	0	0.689763009767215	0.614089644271657	0.880222308592547	0.991801248200991	0.846446326963545	0.854588380815841	0.890467305711864	0	0.996238615642659	0.995289873935161	0.609708455437432	0.819304818663671	0.753392000635071	0.600052627613707	0.929016518819358	0	0	0	0	0	0	0	0	0	0	0	0	0	0	0	0	0	0	0	0	0	0
0	0	0	0	0	0	0	0	0	0	0	0	0	0	0	0	0	0	0	0	0	0	0	0	0	0	0	0	0	0	0	0	0	0	0	0	0	0	0	0	0	0	0	0	0	0	0	0	0	0	0	0	0	0	0.748437479274143	0.857740476610265	0.78517762226505	0.951383557261768	0.901925580779402	0.995749685811287	0.740692517162021	0	0.51868374892609	0.70136753639225	0.983264286465788	0.816296541627658	0.686728000814531	0.804719646289901	0.831032611524495	0	0	0	0	0	0	0	0	0	0	0	0	0	0	0	0	0	0	0	0	0
0	0	0	0	0	0	0	0	0	0	0	0	0	0	0	0	0	0	0	0	0	0	0	0	0	0	0	0	0	0	0	0	0	0	0	0	0	0	0	0	0	0	0	0	0	0	0	0	0	0	0	0	0	0	0	0.790329921884098	0.626347161890266	0.920525974096416	0.804516923251468	0.67281675453174	0.97732326517827	0.835283038328418	0	0.997189109940879	0.80082541499911	0.755006245180272	0.577585373002291	0.995417622705736	0.699536080530035	0.651944751144927	0	0	0	0	0	0	0	0	0	0	0	0	0	0	0	0	0	0	0	0
0	0	0	0	0	0	0	0	0	0	0	0	0	0	0	0	0	0	0	0	0	0	0	0	0	0	0	0	0	0	0	0	0	0	0	0	0	0	0	0	0	0	0	0	0	0	0	0	0	0	0	0	0	0	0	0.805545302441293	0.892204078661568	0.653874679874549	0.705399461429285	0.531934659605716	0.834114953561143	0.939349784803621	0.739032466217985	0	0	0.836481872267406	0.781111917589627	0.700432396195254	0.86710700463049	0.561125229052578	0.519727210145644	0	0	0	0	0	0	0	0	0	0	0	0.690646961287513	0	0	0.539650821204825	0	0	0	0
0	0	0	0	0	0	0	0	0	0	0	0	0	0	0	0	0	0	0	0	0	0	0	0	0	0	0	0	0	0	0	0	0	0	0	0	0	0	0	0	0	0	0	0	0	0	0	0	0	0	0	0	0	0	0	0	0	0.98302369595865	0.853254452292522	0.570389166332249	0.749359019160279	0.974541261308833	0.563962144234509	0	0	0.941932459093108	0.679189363925249	0.603253699547148	0.583113666015913	0.97581396070686	0.582901105230645	0.709614875417199	0	0	0	0	0	0	0	0	0	0	0	0	0	0	0	0	0	0
0	0	0	0	0	0	0	0	0	0	0	0	0	0	0	0	0	0	0	0	0	0	0	0	0	0	0	0	0	0	0	0	0	0	0	0	0	0	0	0	0	0	0	0	0	0	0	0	0	0	0	0	0	0	0	0	0	0	0.590098830647781	0.706605243748432	0.655154949893582	0.834648080982003	0.913306679167697	0.942055604271047	0.912358077407213	0	0.941647982916139	0.99240433940709	0.709523840433246	0.859667418446768	0.812217792513042	0.995329464124382	0.958437731920463	0	0	0	0	0	0	0	0	0	0	0	0	0	0	0	0	0
0	0	0	0	0	0	0	0	0	0	0	0	0	0	0	0	0	0	0	0	0	0	0	0	0	0	0	0	0	0	0	0	0	0	0	0	0	0	0	0	0	0	0	0	0	0	0	0	0	0	0	0	0	0	0	0	0	0	0	0.854917902287746	0.578117141235133	0.766772940399628	0.512672958644711	0.750199847793755	0.739321033434921	0.649509137468391	0	0.512557601033954	0.595674315946236	0.783216847869123	0.79287853947291	0.66822727860749	0.547885950493796	0.711681627497296	0	0	0	0	0	0	0	0	0	0	0	0	0	0	0	0
0	0	0	0	0	0	0	0	0	0	0	0	0	0	0	0	0	0	0	0	0	0	0	0	0	0	0	0	0	0	0	0	0	0	0	0	0	0	0	0	0	0	0	0	0	0	0	0	0	0	0	0	0	0	0	0	0	0	0	0	0.699156183713038	0.603442187656536	0.531759330831264	0.678945502386843	0.697620581231657	0.704763974075883	0.794248831950017	0	0.650808699729778	0.889375493947921	0.610190541256748	0.757685161223394	0.503819905731477	0.552542543887347	0.725429054611317	0	0	0	0	0	0	0	0	0	0	0	0	0	0	0
0	0	0	0	0	0	0	0	0	0	0	0	0	0	0	0	0	0	0	0	0	0	0	0	0	0	0	0	0	0	0	0	0	0	0	0	0	0	0	0	0	0	0	0	0	0	0	0	0	0	0	0	0	0	0	0	0	0	0	0	0	0.807152657765683	0.930879468372104	0.781682938473791	0.886361508701724	0.809808033140184	0.550223917144419	0.914467038520488	0	0.510439437281127	0.955035775516466	0.764472805950203	0.547538034148216	0.811854502746708	0.834035323979291	0.553227077450836	0	0	0	0	0	0	0	0	0.615817717034008	0	0	0	0	0
0	0	0	0	0	0	0	0	0	0	0	0	0	0	0	0	0	0	0	0	0	0	0	0	0	0	0	0	0	0	0	0	0	0	0	0	0	0	0	0	0	0	0	0	0	0	0	0	0	0	0	0	0	0	0	0	0	0	0	0	0	0	0.566789770534847	0.988579285523687	0.891656649042874	0.945847269584834	0.997300006656876	0.847144442733605	0.960158869910467	0	0.501260434609332	0.996425868781524	0.768893486697456	0.890622104948971	0.858147450819189	0.93600356793452	0.850244003209089	0	0	0	0	0	0	0	0	0	0	0	0	0
0	0	0	0	0	0	0	0	0	0	0	0	0	0	0	0	0	0	0	0	0	0	0	0	0	0	0	0	0	0	0	0	0	0	0	0	0	0	0	0	0	0	0	0	0	0	0	0	0	0	0	0	0	0	0	0	0	0	0	0	0	0	0	0.853588462577986	0.804246059183553	0.914361645541615	0.732468984326479	0.943076991116706	0.905500732735342	0.599820462026876	0	0.931400450379106	0.510674884566283	0.610472309438136	0.522191045935183	0.544841489981223	0.920678038080436	0.783103090975744	0	0	0	0	0	0	0	0	0	0	0	0
0	0	0	0	0	0	0	0	0	0	0	0	0	0	0	0	0	0	0	0	0	0	0	0	0	0	0	0	0	0	0	0	0	0	0	0	0	0	0	0	0	0	0	0	0	0	0	0	0	0	0	0	0	0	0	0	0	0	0	0	0	0	0	0	0.76333630071666	0.885125237492493	0.677769441429526	0.964996041056061	0.582245600509695	0.994802660133102	0.602765184698924	0	0.615981044666968	0.813868547127087	0.635369402380011	0.862804403726281	0.769821412128223	0.522319221945765	0.907936866060747	0	0	0	0	0	0	0	0	0	0	0
0	0	0	0	0	0	0	0	0	0	0	0	0	0	0	0	0	0	0	0	0	0	0	0	0	0	0	0	0	0	0	0	0	0	0	0	0	0	0	0	0	0	0	0	0	0	0	0	0	0	0	0	0	0	0	0	0	0	0	0	0	0	0	0	0	0.88282949231533	0.504814544062308	0.779901177216097	0.743428151165461	0.947165938004946	0.622861732030751	0.561104590035212	0	0.626431549139551	0.734730261552905	0.90723437899173	0.507588555155141	0.514600312507221	0.705674516866268	0.972793944302817	0	0	0	0	0	0	0	0	0	0
0	0	0	0	0	0	0	0	0	0	0	0	0	0	0	0	0	0	0	0	0	0	0	0	0	0	0	0	0	0	0	0	0	0	0	0	0	0	0	0	0	0	0	0	0	0	0	0	0	0	0	0	0	0	0	0	0	0	0	0	0	0	0	0	0	0	0.849255356113477	0.714135612793987	0.831230986863164	0.729474854489989	0.620355740825306	0.824784998651237	0.771617713089792	0	0.987961938821846	0.894047822532075	0.900364164633587	0.86614432197924	0.649641468147406	0.533250019254379	0.755185929658621	0	0	0	0	0	0	0	0	0
0	0	0	0	0	0	0	0	0	0	0	0	0	0	0	0	0	0	0	0	0	0	0	0	0	0	0	0	0	0	0	0	0	0	0	0	0	0	0	0	0	0	0	0	0	0	0	0	0	0	0	0	0	0	0	0	0	0	0	0	0	0	0	0	0	0	0	0.868675496370349	0.851088764451972	0.958160532215734	0.855846419665452	0.77113397789732	0.689971704819285	0.869121390534322	0	0.89495314147348	0.649439277070481	0.949605295052898	0.580704084185478	0.923657041449557	0.856065200697481	0.678257722248987	0	0	0	0	0	0	0	0
0	0	0	0	0	0	0	0	0	0	0	0	0	0	0	0	0	0	0	0	0	0	0	0	0	0	0	0	0	0	0	0	0	0	0	0	0	0	0	0	0	0	0	0	0	0	0	0	0	0	0	0	0	0	0	0	0	0	0	0	0	0	0	0	0	0	0	0	0.679620062180369	0.897167356472019	0.783532300882614	0.966607241794931	0.67936819082568	0.686381413851596	0.566509214607055	0	0.723466249366242	0.6672284456918	0.879713814970665	0.993822343528364	0.654940603544042	0.892209986546675	0.54919166871342	0	0	0	0	0	0	0
0	0	0	0	0	0	0	0	0	0	0	0	0	0	0	0	0	0	0	0	0	0	0	0	0	0	0	0	0	0	0	0	0	0	0	0	0	0	0	0	0	0	0	0	0	0	0	0	0	0	0	0	0	0	0	0	0	0	0	0	0	0	0	0	0	0	0	0	0	0.70810444532978	0.741375859727189	0.847430584383098	0.693389112099431	0.699323307831957	0.801564419283854	0.769848139943212	0	0.988076130227835	0.640899061565002	0.925486163249979	0.909156082388243	0.628693636287622	0.739907688237777	0.903164333258906	0	0	0	0	0	0
0	0	0	0	0	0	0	0	0	0	0	0	0	0	0	0	0	0	0	0	0	0	0	0	0	0	0	0	0	0	0	0	0	0	0	0	0	0	0	0	0	0	0	0	0	0	0	0	0	0	0	0	0	0	0	0	0	0	0	0	0	0	0	0	0	0	0	0	0	0	0.934188488777198	0.667629630641048	0.646301179334573	0.832372426186056	0.632424333380443	0.562779067924491	0.990894801778882	0	0.636213485748243	0.768200963529728	0.785793167471442	0.786628479219837	0.70757135408228	0.845158929130107	0.584547345805408	0	0	0	0	0
0	0	0	0	0	0	0	0	0	0	0	0	0	0	0	0	0	0	0	0	0	0	0	0	0	0	0	0	0	0	0	0	0	0	0	0	0	0	0	0	0	0	0	0	0	0	0	0	0	0	0	0	0	0	0	0	0	0	0	0	0	0	0	0	0	0	0	0	0	0	0	0.910892868369781	0.742106069354963	0.816985393611512	0.861723080864447	0.909966758984979	0.611892949287796	0.870243805778656	0	0.940396078893422	0.859874016145051	0.978923775954824	0.972241250565722	0.547258407613401	0.586786512652962	0.858130891792482	0	0	0	0
0	0	0	0	0	0	0	0	0	0	0	0	0	0	0	0	0	0	0	0	0	0	0	0	0	0	0	0	0	0	0	0	0	0	0	0	0	0	0	0	0	0	0	0	0	0	0	0	0	0	0	0	0	0	0	0	0	0	0	0	0	0	0	0	0	0	0	0	0	0	0	0	0.682108697349663	0.908816762616375	0.824900382450539	0.568373655576343	0.871590546564773	0.645527766298819	0.647502709633829	0	0.850021679268752	0.680777532115065	0.760054780050729	0.715442730200297	0.790742693874458	0.503439106096851	0.927719850848069	0	0	0
0	0	0	0	0	0	0	0	0	0	0	0	0	0	0	0	0	0	0	0	0	0	0	0	0	0	0	0	0	0	0	0	0	0	0	0	0	0	0	0	0	0	0	0	0	0	0	0	0	0	0	0	0	0	0	0	0	0	0	0	0	0	0	0	0	0	0	0	0	0	0	0	0	0.834980555817862	0.681672057837278	0.525880774864545	0.917167700673046	0.743873057181659	0.793876297594424	0.565896670819143	0	0.597483040539878	0.679913568626912	0.85041311934959	0.713613748448081	0.847012768612389	0.820747859982967	0.875849164614126	0	0
0	0	0	0	0	0	0	0	0	0	0	0	0	0	0	0	0	0	0	0	0	0	0	0	0	0	0	0	0	0	0	0	0	0	0	0	0	0	0	0	0	0	0	0	0	0	0	0	0.503844180600935	0	0	0	0	0	0	0	0	0	0	0	0	0	0	0	0	0	0	0	0	0	0	0	0	0	0.57389671842281	0.822434613721511	0.666672138645512	0.703213159069654	0.750435252845898	0.577260405536342	0.84805390942952	0	0	0.538271603087957	0.505205740677597	0.737206089783397	0.813815462885545	0.942487231765318	0.635825419148911	0
0	0	0	0	0	0	0	0	0	0	0	0	0	0	0	0	0	0	0	0	0	0	0	0	0	0	0	0	0	0	0	0	0	0	0	0	0	0	0	0	0	0	0	0	0	0	0	0	0	0	0	0	0	0	0	0	0	0	0	0	0	0	0	0.560447129141673	0	0	0	0	0	0	0	0	0	0	0	0.986187835907314	0.604470842762491	0.658435266371732	0.680143102816728	0.916398472007681	0.711943848558728	0	0	0.84252214132133	0.70283091186484	0.870518728004595	0.578382893322718	0.639648797948232	0.639729694789618	0
0	0	0	0	0	0	0	0	0	0	0	0	0	0	0	0	0	0	0	0	0	0	0	0	0	0	0	0	0	0	0	0	0	0	0	0	0	0	0	0	0	0	0	0	0	0.669782464070476	0	0	0	0	0	0	0	0	0	0	0	0	0	0	0	0	0	0	0	0	0	0	0	0	0	0	0	0	0	0	0.555897930378132	0.868457710456837	0.648707214839812	0.70669192383908	0.522214334678949	0.77728650474125	0.650749644999133	0	0.500686574286004	0.999724757582371	0.954499896039299	0.682627587121252	0.889777074730063	0.594279726110987
0	0	0	0	0	0	0	0	0	0	0	0	0	0	0	0	0	0	0	0	0	0	0	0	0	0	0	0	0	0	0	0	0	0	0	0	0	0	0	0	0	0	0	0	0	0.619315175514252	0.836559685513267	0	0	0	0	0	0	0	0	0	0	0	0	0	0	0	0	0	0	0	0	0	0.532713182775178	0	0	0	0	0	0	0	0	0.650061392080228	0.953838865990346	0.927658548471324	0.586966402806351	0.535085642752575	0.733581100852821	0.801604415385538	0	0	0.511941640590609	0.630355430914152	0.974562101542289	0.928281850994975
0	0	0	0	0	0	0	0	0	0	0	0	0	0	0	0	0	0	0	0	0	0	0	0	0	0	0	0	0	0	0	0	0	0	0	0	0	0	0	0	0	0	0	0	0	0.704835080717457	0.820950707847402	0.592337634334264	0	0	0	0	0	0	0	0	0	0	0	0	0	0	0	0.659609894972637	0	0	0	0	0	0	0	0	0	0	0	0	0	0	0.562579910100333	0.738788181949032	0.500564038524018	0.891491135045339	0.665986821052641	0.691714084695053	0	0	0.602060750880657	0.855611217359741	0.560490915681702	0
0	0	0	0	0	0	0	0	0	0	0	0	0	0	0	0	0	0	0	0	0	0	0	0	0	0	0	0	0	0	0	0	0	0	0	0	0	0	0	0	0	0	0	0	0	0.743372068645587	0.857134052978873	0.858072840698777	0.674348010609667	0	0	0	0	0	0	0	0	0	0	0	0	0	0	0	0	0	0	0	0	0	0	0	0	0	0	0	0	0	0	0.830469987266343	0.976705152528831	0.749340400016554	0.867357843707642	0.93979116322521	0.843702685560593	0.639135160769151	0	0.794286830729268	0.906194950837204	0.775991244654959
0	0	0	0	0	0	0	0	0	0	0	0	0	0	0	0	0	0	0	0	0	0	0	0	0	0	0	0	0	0	0	0	0	0	0	0	0	0	0	0	0	0	0	0	0	0.661559174926596	0.886569477015109	0.538198774302463	0.624072511597059	0.88287150626935	0	0	0	0	0	0	0	0	0	0	0	0	0	0	0	0	0	0	0	0	0	0	0	0	0	0	0	0	0	0	0.928024856101072	0.857595762634666	0.510922221751236	0.545710892827986	0.959892330118189	0.985252911770674	0.737453210683946	0	0.829843247020481	0.676406141985268
0	0	0	0	0	0	0	0	0	0	0	0	0	0	0	0	0	0	0	0	0	0	0	0	0	0	0	0	0	0	0	0	0	0	0	0	0	0	0	0	0	0	0	0	0	0.854422757314992	0.678818889044387	0.532385590900327	0.869148182736685	0.673654287867199	0.721307572353576	0	0	0	0	0	0	0	0	0	0	0	0	0	0	0	0	0	0	0	0	0	0	0	0	0	0	0	0	0	0	0.988587407478621	0.692210554879498	0.998384367677062	0.839466686882773	0.547802090731993	0.921489269008664	0.643201513240643	0	0.908816641173083
0	0	0	0	0	0	0	0	0	0	0	0	0	0	0	0	0	0	0	0	0	0	0	0	0	0	0	0	0	0	0	0	0	0	0	0	0	0	0	0	0	0	0	0	0	0.518310536133626	0.840367052370104	0.639524035893496	0.763865029973437	0.932141339013129	0.885036787054256	0.955743281223367	0	0	0	0	0	0	0	0	0	0	0	0	0	0	0	0	0	0	0	0	0	0	0	0	0	0	0	0	0	0	0	0.979572324519221	0.833632304039295	0	0.769477034107344	0.962263997851095	0.553638914609693	0
