0	0	0.698772697677185	0	0.602586608400196	0	0	0.969643908267557	0	0	0	0	0	0	0	0	0	0	0	0	0	0	0	0	0.844646006564529	0.992431431238996	0.751234522207514	0.63243087536635	0.81540931633069	0.903453847663905	0	0	0	0	0	0	0	0	0	0	0	0	0	0	0	0	0	0	0	0	0	0	0	0	0	0	0	0	0	0	0	0	0	0	0	0	0	0	0	0	0	0	0	0	0	0	0	0	0	0	0	0	0	0	0	0	0	0	0	0
0	0	0.602361158333877	0.963015687790709	0	0	0	0	0	0.680677806953014	0	0	0	0.566005230399653	0.924193861077138	0	0.888498717347553	0	0	0	0	0	0	0	0.720721598040161	0	0	0.702055459258063	0.507836810434722	0	0	0	0	0	0	0	0	0	0	0	0	0	0	0	0	0	0	0	0	0	0	0	0	0	0	0	0	0	0	0	0	0	0	0	0	0	0	0	0	0	0	0	0	0	0	0	0	0	0	0	0	0	0	0	0	0	0	0	0	0
0.909587063236847	0.790830719184481	0	0.516680064222475	0	0.823707537296917	0.958945811386507	0	0	0	0	0	0	0	0	0	0	0.569656809379801	0	0	0.746452274431205	0	0	0	0	0	0	0	0.916811505193056	0.839146123277885	0	0	0	0	0	0	0	0	0	0	0	0	0	0	0	0	0	0	0	0	0	0	0	0	0	0	0	0	0	0	0	0	0	0	0	0	0	0	0	0	0	0	0	0	0	0	0	0	0	0	0	0	0	0	0	0	0	0	0	0
0	0.655124045997584	0.742756679947449	0	0.943828725915314	0	0.556741674622263	0.589332603865727	0	0	0	0	0	0	0	0	0	0	0	0	0	0	0	0.903004195534299	0	0	0	0	0	0	0	0	0	0	0	0	0	0	0	0	0	0	0	0	0	0	0	0	0	0	0	0	0	0	0	0	0	0	0	0	0	0	0	0	0	0	0	0	0	0	0	0	0	0	0	0	0	0	0	0	0	0	0	0	0	0	0	0	0	0
0.782298912795874	0	0	0.876134393958929	0	0	0	0.868738943076136	0.837510195184493	0.856439144709488	0	0	0.784036038938745	0	0	0	0	0	0	0	0	0	0	0.883871412711614	0	0	0	0	0	0	0	0	0	0	0	0	0	0	0	0	0	0	0	0	0	0	0	0	0	0	0	0	0	0	0	0	0	0	0	0	0	0	0	0	0	0	0	0	0	0	0	0	0	0	0	0	0	0	0	0	0	0	0	0	0	0	0	0	0	0
0	0	0.523960114220914	0	0	0	0.724346195433887	0.519617981927337	0.663474336498214	0.596541634699205	0	0.700455811425353	0	0	0	0	0	0	0	0	0	0	0	0	0	0	0	0	0	0	0	0	0	0	0	0	0	0	0	0	0	0	0	0	0	0	0	0	0	0	0	0	0	0	0	0	0	0	0	0	0	0	0	0	0	0	0	0	0	0	0	0	0	0	0	0	0	0	0	0	0	0	0	0	0	0	0	0	0	0
0	0	0.514852784669003	0.617004509503353	0	0.728950785209583	0	0.713746772494857	0.610475255266595	0	0.686358030049629	0	0	0	0	0	0	0	0	0	0	0.653267222139473	0	0	0	0	0	0	0.813383834351173	0	0	0	0	0	0	0	0	0	0	0	0	0	0	0	0	0	0	0	0	0	0	0	0	0	0	0	0	0	0	0	0	0	0	0	0	0	0	0	0	0	0	0	0	0	0	0	0	0	0	0	0	0	0	0	0	0	0	0	0	0
0.731306976040139	0	0	0.783744845355453	0.905688541910534	0.877267918777203	0.861793989995035	0	0.741401944278312	0.715389070419304	0.642103494044089	0.5303238897349	0	0	0	0	0	0	0	0	0	0	0	0	0	0	0	0	0	0	0	0	0	0	0	0	0	0	0	0	0	0	0	0	0	0	0	0	0	0	0	0	0	0	0	0	0	0	0	0	0	0	0	0	0	0	0	0	0	0	0	0	0	0	0	0	0	0	0	0	0	0	0	0	0	0	0	0	0	0
0	0	0	0	0.829736811987073	0.562379565390167	0.874004473701532	0.720876679648061	0	0	0	0.717969179624006	0.821490470738083	0	0.60266267632148	0	0	0	0	0	0	0.558968799176998	0	0	0	0	0	0	0.585687712282864	0	0	0	0	0	0	0	0	0	0	0	0	0	0	0	0	0	0	0	0	0	0	0	0	0	0	0	0	0	0	0	0	0	0	0	0	0	0	0	0	0	0	0	0	0	0	0	0	0	0	0	0	0	0	0	0	0	0	0	0	0
0	0.539283330156747	0	0	0.891243687332435	0.52364397382627	0	0.910405794663298	0	0	0	0.550336870685612	0.538511500277962	0.513806407747729	0	0	0	0	0	0	0	0	0	0	0	0	0	0	0.88729967022227	0	0	0	0	0	0	0	0	0	0	0	0	0	0	0	0	0	0	0	0	0	0	0	0	0	0	0	0	0	0	0	0	0	0	0	0	0	0	0	0	0	0	0	0	0	0	0	0	0	0	0	0	0	0	0	0	0	0	0	0	0
0	0	0	0	0	0	0.772971329395968	0.886272174737448	0	0	0	0.684208660815391	0.520293896629109	0.553507358496856	0	0.749380675791614	0	0	0	0	0	0	0	0.866946707942966	0	0	0	0	0	0	0	0	0	0	0	0	0	0	0	0	0	0	0	0	0	0	0	0	0	0	0	0	0	0	0	0	0	0	0	0	0	0	0	0	0	0	0	0	0	0	0	0	0	0	0	0	0	0	0	0	0	0	0	0	0	0	0	0	0	0
0	0	0	0	0	0.779250883266833	0	0.924537460070335	0.711321820721566	0.673276575847383	0.81925667878303	0	0.879908497319405	0.568402236314185	0	0	0	0	0	0	0.56379064969306	0	0.56270657441177	0.60115146346064	0	0	0	0	0	0	0	0	0	0	0	0	0	0	0	0	0	0	0	0	0	0	0	0	0	0	0	0	0	0	0	0	0	0	0	0	0	0	0	0	0	0	0	0	0	0	0	0	0	0	0	0	0	0	0	0	0	0	0	0	0	0	0	0	0	0
0	0	0	0	0.935189184643288	0	0	0	0.931002991465702	0.852216282707394	0.769269695155379	0.940132900481631	0	0.52951360260548	0.981738798729932	0.567731253897926	0.603980246584503	0	0	0	0	0	0	0	0	0	0	0	0	0	0	0	0	0	0	0	0	0	0	0	0	0	0	0	0	0	0	0	0	0	0	0	0	0	0	0	0	0	0	0	0	0	0	0	0	0	0	0	0	0	0	0	0	0	0	0	0	0	0	0	0	0	0	0	0	0	0	0	0	0
0	0.807120302763908	0	0	0	0	0	0	0	0.710101974384041	0.710943943790696	0.514597121291616	0.806872837829061	0	0.913159682325945	0.525455781432664	0	0.608270381139216	0	0	0	0	0	0	0	0	0.971301532808944	0	0	0	0	0	0	0	0	0	0	0	0	0	0	0	0	0	0	0	0	0	0	0	0	0	0	0	0	0	0	0	0	0	0	0	0	0	0	0	0	0	0	0	0	0	0	0	0	0	0	0	0	0	0	0	0	0	0	0	0	0	0	0
0	0.536052286833347	0	0	0	0	0	0	0.907952326918314	0	0	0	0.852922528879562	0.60779844160081	0	0.549166508143431	0.573003418562744	0.729057782520397	0.925975588492711	0	0	0	0	0	0	0	0	0	0	0	0	0	0	0	0	0	0	0	0	0	0	0	0	0	0	0	0	0	0	0	0	0	0	0	0	0	0	0	0	0	0	0	0	0	0	0	0	0	0	0	0	0	0	0	0	0	0	0	0	0	0	0	0	0	0	0	0	0	0	0
0	0	0	0	0	0	0	0	0	0	0.798908451514167	0	0.823524376347556	0.681189315625213	0.873962914209887	0	0.715714417506464	0	0.784032313216491	0.783153665388258	0	0	0	0	0	0	0	0.963104552069252	0	0.998467052642122	0	0	0	0	0	0	0	0	0	0	0	0	0	0	0	0	0	0	0	0	0	0	0	0	0	0	0	0	0	0	0	0	0	0	0	0	0	0	0	0	0	0	0	0	0	0	0	0	0	0	0	0	0	0	0	0	0	0	0	0
0	0.93818612589644	0	0	0	0	0	0	0	0	0	0	0.859484841582001	0	0.622986784990875	0.513710413413344	0	0.740947997928569	0.583170231343972	0	0	0	0	0	0	0	0	0.601872753592655	0	0	0	0	0	0	0	0	0	0	0	0	0	0	0	0	0	0	0	0	0	0	0	0	0	0	0	0	0	0	0	0	0	0	0	0	0	0	0	0	0	0	0	0	0	0	0	0	0	0	0	0	0	0	0	0	0	0	0	0	0	0
0	0	0.832168136051108	0	0	0	0	0	0	0	0	0	0	0.516112139071535	0.674329194004806	0	0.906067675896119	0	0	0.908824051639198	0.92375244328376	0.84952852984243	0.962477725070769	0	0	0	0	0	0	0	0	0	0	0	0	0	0	0	0	0	0	0	0	0	0	0	0	0	0	0	0	0	0	0	0	0	0	0	0	0	0	0	0	0	0	0	0	0	0	0	0	0	0	0	0	0	0	0	0	0	0	0	0	0	0	0	0	0	0	0
0	0	0	0	0	0	0	0	0	0	0	0	0	0	0.838171851854283	0.621647461734564	0.548040619376401	0	0	0.625479584786362	0	0	0.520320431424349	0	0	0	0.786842355718785	0.970037881945965	0	0	0	0	0	0	0	0	0	0	0	0	0	0	0	0	0	0	0	0	0	0	0	0	0	0	0	0	0	0	0	0	0	0	0	0	0	0	0	0	0	0	0	0	0	0	0	0	0	0	0	0	0	0	0	0	0	0	0	0	0	0
0	0	0	0	0	0	0	0	0	0	0	0	0	0	0	0.823189823675459	0	0.747594589500861	0.536663304473557	0	0.867632381076703	0.653093016768723	0.700112519286021	0	0	0.551653991159389	0	0	0	0	0	0	0	0	0	0	0	0	0	0	0	0	0	0	0	0	0	0	0	0	0	0	0	0	0	0	0	0	0	0	0	0	0	0	0	0	0	0	0	0	0	0	0	0	0	0	0	0	0	0	0	0	0	0	0	0	0	0	0	0
0	0	0.557130134713178	0	0	0	0	0	0	0	0	0.63101315914908	0	0	0	0	0	0.828383705104888	0	0.776531809829325	0	0.541241249172078	0.579008512409571	0.514533646005184	0	0	0	0	0	0	0	0	0	0	0	0	0	0	0	0	0	0	0	0	0	0	0	0	0	0	0	0	0	0	0	0	0	0	0	0	0	0	0	0	0	0	0	0	0	0	0	0	0	0	0	0	0	0	0	0	0	0	0	0	0	0	0	0	0	0
0	0	0	0	0	0	0.969476866794124	0	0.902284281625665	0	0	0	0	0	0	0	0	0.588823330249175	0	0.799306704613419	0.86357697856756	0	0.700647888515732	0.844222792504177	0	0	0	0	0	0	0	0	0	0	0	0	0	0	0	0	0	0	0	0	0	0	0	0	0	0	0	0	0	0	0	0	0	0	0	0	0	0	0	0	0	0	0	0	0	0	0	0	0	0	0	0	0	0	0	0	0	0	0	0	0	0	0	0	0	0
0	0	0	0	0	0	0	0	0	0	0	0.562085371581162	0	0	0	0	0	0.901744521098694	0.698702238650076	0.747084523253882	0.886911856500523	0.909167519474001	0	0	0.992614017759621	0.583720538565514	0.52487944438085	0	0	0.579955860055192	0	0	0	0	0	0	0	0	0	0	0	0	0	0	0	0	0	0	0	0	0	0	0	0	0	0	0	0	0	0	0	0	0	0	0	0	0	0	0	0	0	0	0	0	0	0	0	0	0	0	0	0	0	0	0	0	0	0	0	0
0	0	0	0.599502037400141	0.946677215894857	0	0	0	0	0	0.909013600741821	0.789885623580927	0	0	0	0	0	0	0	0	0.937332918514745	0.628852786715546	0	0	0	0	0	0.895050771542781	0	0	0	0	0	0	0	0	0	0	0	0	0	0	0	0	0	0	0	0	0	0	0	0	0	0	0	0	0	0	0	0	0	0	0	0	0	0	0	0	0	0	0	0	0	0	0	0	0	0	0	0	0	0	0	0	0	0	0	0	0	0
0.831631978921872	0.550361101002774	0	0	0	0	0	0	0	0	0	0	0	0	0	0	0	0	0	0	0	0	0.711600914912883	0	0	0	0.861265468517875	0.513381042447255	0.937207043045779	0	0	0	0	0	0	0	0	0	0	0	0	0	0	0	0	0	0	0	0	0	0	0	0	0	0	0	0	0	0	0	0	0	0	0	0	0	0	0	0	0	0	0	0	0	0	0	0	0	0	0	0	0	0	0	0	0	0	0	0	0
0.585087437673476	0	0	0	0	0	0	0	0	0	0	0	0	0	0	0	0	0	0	0.550681812237094	0	0	0.659854246430727	0	0	0	0.58015113135235	0	0.863540639975749	0.53477014635735	0	0	0	0	0	0	0	0	0	0	0	0	0	0	0	0	0	0	0	0	0	0	0	0	0	0	0	0	0	0	0	0	0	0	0	0	0	0	0	0	0	0	0	0	0	0	0	0	0	0	0	0	0	0	0	0	0	0	0	0
0.668177280285459	0	0	0	0	0	0	0	0	0	0	0	0	0.717294856028414	0	0	0	0	0.758229053735445	0	0	0	0.938008529936039	0	0.696504109831473	0.572283872995786	0	0.674926392265589	0.727921007469088	0.933074798193895	0	0	0	0	0	0	0	0	0	0	0	0	0	0	0	0	0	0	0	0	0	0	0	0	0	0	0	0	0	0	0	0	0	0	0	0	0	0	0	0	0	0	0	0	0	0	0	0	0	0	0	0	0	0	0	0	0	0	0	0
0.806578162018856	0.520646284909597	0	0	0	0	0	0	0	0	0	0	0	0	0	0.667888590139892	0.656901146590325	0	0.762849892065985	0	0	0	0	0.502838189058895	0.571112924493552	0	0.951728532047345	0	0	0.940669418591334	0	0	0	0	0	0	0	0	0	0	0	0	0	0	0	0	0	0	0	0	0	0	0	0	0	0	0	0	0	0	0	0	0	0	0	0	0	0	0	0	0	0	0	0	0	0	0	0	0	0	0	0	0	0	0	0	0	0	0	0
0.817689224505824	0.796600016824555	0.633702297086004	0	0	0	0.957265853401184	0	0.682788261784535	0.511298771240275	0	0	0	0	0	0	0	0	0	0	0	0	0	0	0.646841602127987	0.879764823494579	0.789782373087711	0	0	0.871610423748142	0	0	0	0	0	0	0	0	0	0	0	0	0	0	0	0	0	0	0	0	0	0	0	0	0	0	0	0	0	0	0	0	0	0	0	0	0	0	0	0	0	0	0	0	0	0	0	0	0	0	0	0	0	0	0	0	0	0	0	0
0.994408106360514	0	0.76910272789316	0	0	0	0	0	0	0	0	0	0	0	0	0.902393094615696	0	0	0	0	0	0	0.660611253501931	0	0	0.76694187787956	0.921047897990279	0.973441754270928	0.964259546977899	0	0	0	0	0	0	0	0	0	0	0	0	0	0	0	0	0	0	0	0	0	0	0	0	0	0	0	0	0	0	0	0	0	0	0	0	0	0	0	0	0	0	0	0	0	0	0	0	0	0	0	0	0	0	0	0	0	0	0	0	0
0	0	0	0	0	0	0	0	0	0	0	0	0	0	0	0	0	0	0	0	0	0	0	0	0	0	0	0	0	0	0	0	0.802551032124126	0	0	0.851525861191606	0.74466178899311	0	0.726993236386216	0	0	0	0.638738052132933	0	0	0	0.835965299784549	0	0.60830500420256	0.547828860082345	0.955446811258396	0.885659844000398	0	0	0	0.931197700376481	0	0	0	0	0	0	0	0	0	0	0	0	0	0	0	0	0	0	0	0	0	0	0	0	0	0	0	0	0	0	0	0	0	0
0	0	0	0	0	0	0	0	0	0	0	0	0	0	0	0	0	0	0	0	0	0	0	0	0	0	0	0	0	0	0	0	0	0.80545205685623	0.934080842956502	0.607618996088462	0	0	0	0.546692238254718	0	0	0.936347058852314	0	0.528317463621918	0	0	0.685792782306054	0.732744879179956	0	0.937828459511949	0.638667383509317	0	0.990511859931934	0	0.9638657972251	0.952690270048938	0	0.709183050440259	0.648497446176455	0	0	0	0	0	0	0	0	0	0	0	0	0	0	0	0	0	0	0	0	0	0	0	0	0	0	0	0	0	0
0	0	0	0	0	0	0	0	0	0	0	0	0	0	0	0	0	0	0	0	0	0	0	0	0	0	0	0	0	0	0.928312247431069	0	0	0	0	0	0.594587958219853	0	0	0.825035060081852	0	0.930465338462851	0.796229562276353	0	0.724048586527436	0	0.958047505823576	0	0.740340426544305	0	0	0.879801571478948	0.6330704797408	0.985362675719901	0	0	0.580585475567427	0.918349420416681	0.642098293938103	0	0	0	0	0	0	0	0	0	0	0	0	0	0	0	0	0	0	0	0	0	0	0	0	0	0	0	0	0	0	0
0	0	0	0	0	0	0	0	0	0	0	0	0	0	0	0	0	0	0	0	0	0	0	0	0	0	0	0	0	0	0	0.690897088091316	0	0	0	0	0.69956824786609	0.704032241029997	0.933324158850655	0.953152550027606	0.639017271344554	0	0.88636016909849	0	0.756392675800413	0.886221075336629	0.686522357438717	0	0	0	0	0	0	0.910857988556454	0	0	0.609405610378905	0.770683102020357	0	0	0	0	0	0	0	0	0	0	0	0	0	0	0	0	0	0	0	0	0	0	0	0	0	0	0	0	0	0	0	0
0	0	0	0	0	0	0	0	0	0	0	0	0	0	0	0	0	0	0	0	0	0	0	0	0	0	0	0	0	0	0	0.854568670202862	0	0	0	0.693608627821107	0	0.523908449245867	0.817662358896813	0	0.707442912869272	0.529193568778778	0.537361079093506	0.991673143162349	0	0	0	0.819116895855172	0.846353966962513	0	0	0	0	0.678408506594489	0	0.818675227263836	0	0.950713148054965	0	0.959771234382586	0	0	0	0	0	0	0	0	0	0	0	0	0	0	0	0	0	0	0	0	0	0	0	0	0	0	0	0	0	0
0	0	0	0	0	0	0	0	0	0	0	0	0	0	0	0	0	0	0	0	0	0	0	0	0	0	0	0	0	0	0.676995460131935	0.698898576433484	0	0	0.946144180928091	0	0.521149466777499	0.618359295602524	0.827845778236387	0.802209405073539	0.94183182283489	0.931473261314294	0	0	0	0.987685141844493	0	0	0	0.865901018848211	0.736107841316658	0.718280283978916	0.925480659579958	0.930844913292119	0	0	0	0	0	0.661865676764025	0	0	0	0	0	0	0	0	0	0	0	0	0	0	0	0	0	0	0	0	0	0	0	0	0	0	0	0	0	0
0	0	0	0	0	0	0	0	0	0	0	0	0	0	0	0	0	0	0	0	0	0	0	0	0	0	0	0	0	0	0.831265092835333	0	0.965476544749283	0.588048642746708	0	0.598935930490106	0	0.72275333862249	0.952028677502747	0	0.949189394673519	0.572082161513007	0	0	0	0	0.650501766155963	0	0.724269397548651	0	0	0.589441124665912	0	0	0.519563664622651	0	0.833027762295148	0	0.775175358492983	0	0	0	0	0	0	0	0	0	0	0	0	0	0	0	0	0	0	0	0	0	0	0	0	0	0	0	0	0	0	0
0	0	0	0	0	0	0	0	0	0	0	0	0	0	0	0	0	0	0	0	0	0	0	0	0	0	0	0	0	0	0	0	0	0.875559913977974	0.767467279186329	0.607664726422313	0.786893422061692	0	0	0.544166026249471	0	0	0.898795367621946	0	0.61471827560108	0.667592415937082	0	0.599346203439308	0	0.659287031450318	0	0	0	0	0	0	0.993524745360609	0	0.644041318153819	0.83401157724234	0	0	0	0	0	0	0	0	0	0	0	0	0	0	0	0	0	0	0	0	0	0	0	0	0	0	0	0	0	0
0	0	0	0	0	0	0	0	0	0	0	0	0	0	0	0	0	0	0	0	0	0	0	0	0	0	0	0	0	0	0.766643919914646	0	0	0.716268678968744	0.723159402845415	0.825548616478689	0.889819575781858	0	0	0	0.73267121563607	0.802486714145173	0	0	0.882002554178495	0	0	0	0	0.614187521738518	0	0.842087483367436	0	0.812877087799935	0.893231437365861	0.804689528820163	0.781243766820552	0.99066118367636	0	0	0	0	0	0	0	0	0	0	0	0	0	0	0	0	0	0	0	0	0	0	0	0	0	0	0	0	0	0	0	0
0	0	0	0	0	0	0	0	0	0	0	0	0	0	0	0	0	0	0	0	0	0	0	0	0	0	0	0	0	0	0	0.740990832551148	0.681025297690788	0.53014817996907	0	0.655206435774448	0	0.518114373812478	0	0	0	0	0	0	0	0.687865451206678	0.755497663938749	0.916541421361299	0	0.898392010257724	0.662901949545816	0	0.522582883815294	0	0	0	0	0	0	0.585446082253113	0	0	0	0	0	0	0	0	0	0	0	0	0	0	0	0	0	0	0	0	0	0	0	0	0	0	0	0	0	0
0	0	0	0	0	0	0	0	0	0	0	0	0	0	0	0	0	0	0	0	0	0	0	0	0	0	0	0	0	0	0	0	0	0.744111446836222	0.719645280485866	0.796159013096715	0.898197802382496	0	0.852064346788012	0	0	0.883399506159282	0	0.848949916188961	0	0.592485187124583	0	0.964128170826667	0.702568837716216	0.533258846805216	0	0.900114733187582	0.76921659367812	0	0	0	0	0	0.707727605697376	0.871455427468899	0	0	0	0	0	0	0	0	0	0	0	0	0	0	0	0	0	0	0	0	0	0	0	0	0	0	0	0	0	0
0	0	0	0	0	0	0	0	0	0	0	0	0	0	0	0	0	0	0	0	0	0	0	0	0	0	0	0	0	0	0	0	0.806429033187937	0	0.808448718696099	0.74186618858692	0.717052267066061	0	0.566085026562233	0	0.637234163508165	0	0.525705398403647	0	0.612461665347466	0	0	0	0	0	0.98662042016882	0.842778402526935	0.782271910316954	0.673798582469175	0	0.891294859111434	0.806934476680517	0	0	0.57028289073274	0	0	0	0	0	0	0	0	0	0	0	0	0	0	0	0	0	0	0	0	0	0	0	0	0	0	0	0	0	0
0	0	0	0	0	0	0	0	0	0	0	0	0	0	0	0	0	0	0	0	0	0	0	0	0	0	0	0	0	0	0.694301643387665	0.661759361218972	0.506070871715013	0.817438792651401	0.539335038656847	0	0	0.708188493010918	0	0	0	0.583532123812072	0	0	0.852687100190809	0	0.81724946303665	0	0.893322356004499	0	0	0.538857912648004	0.98877259831554	0.946511114909266	0.639909119289199	0	0.995517191274868	0	0	0	0	0	0	0	0	0	0	0	0	0	0	0	0	0	0	0	0	0	0	0	0	0	0	0	0	0	0	0	0	0
0	0	0	0	0	0	0	0	0	0	0	0	0	0	0	0	0	0	0	0	0	0	0	0	0	0	0	0	0	0	0	0	0	0	0.602651787670457	0	0	0	0	0	0.822499796716907	0	0	0	0.7374831149735	0	0.63080557156286	0.64366002827364	0.795364945007117	0	0	0.695579709029269	0	0.732936018380992	0.925135190670678	0	0.663309308419917	0.732404074998415	0	0.745181217990049	0	0	0	0	0	0	0	0	0	0	0	0	0	0	0	0	0	0	0	0	0	0	0	0	0	0	0	0	0	0
0	0	0	0	0	0	0	0	0	0	0	0	0	0	0	0	0	0	0	0	0	0	0	0	0	0	0	0	0	0	0	0.755172925971925	0.723410341282842	0.996286519939667	0	0	0	0.948481400588539	0.71697341311218	0	0	0.676835732663475	0.625013599708209	0.695529691857936	0	0.658157756409121	0.704893363736231	0.568909461221833	0.72805397897817	0	0	0.562787703557113	0	0	0	0	0	0	0.608666169876373	0	0	0	0	0	0	0	0	0	0	0	0	0	0	0	0	0	0	0	0	0	0	0	0	0	0	0	0	0	0	0
0	0	0	0	0	0	0	0	0	0	0	0	0	0	0	0	0	0	0	0	0	0	0	0	0	0	0	0	0	0	0	0	0	0.617063317172672	0	0.881425541927539	0	0.893762483657439	0	0.813749654724155	0.643963497980246	0	0	0	0.809861582784809	0	0.578859849092391	0	0	0.804936617400412	0.628172877332115	0.981601164450472	0.817319886932869	0	0	0	0	0.634125306485637	0	0.995529000031343	0	0	0	0	0	0	0	0	0	0	0	0	0	0	0	0	0	0	0	0	0	0	0	0	0	0	0	0	0	0
0	0	0	0	0	0	0	0	0	0	0	0	0	0	0	0	0	0	0	0	0	0	0	0	0	0	0	0	0	0	0.875102842386557	0	0.79305751916559	0.578663720933203	0	0	0.682886697022092	0	0	0.842446898923522	0	0	0.60478312706052	0.810424264407534	0.865133999595256	0.881054563327857	0	0.580292133832288	0	0	0.630601731473521	0	0	0.691715972897146	0	0.72219442706985	0	0.606674781910042	0	0.657584512973975	0	0	0	0	0	0	0	0	0	0	0	0	0	0	0	0	0	0	0	0	0	0	0	0	0	0	0	0	0	0
0	0	0	0	0	0	0	0	0	0	0	0	0	0	0	0	0	0	0	0	0	0	0	0	0	0	0	0	0	0	0	0.518309840128986	0	0	0.942313276148206	0	0	0.744802154510041	0	0.525439006721455	0.922765399159675	0	0	0.530457138491264	0.737952482113468	0	0.772721872389547	0	0.750773299839068	0.9966061784986	0.739895539909289	0.878512316875093	0.747902953297144	0.961679288531002	0.5540953026923	0.914300951970176	0	0	0.799112570890733	0.65171167799766	0	0	0	0	0	0	0	0	0	0	0	0	0	0	0	0	0	0	0	0	0	0	0	0	0	0	0	0	0	0
0	0	0	0	0	0	0	0	0	0	0	0	0	0	0	0	0	0	0	0	0	0	0	0	0	0	0	0	0	0	0.980335893195219	0.814326867612276	0.945757309279876	0	0.599521791544811	0	0.587153540558034	0	0	0	0.83424694677867	0	0.794032869182714	0.934307011651558	0.922898995412331	0	0	0.625185607151497	0	0	0.955206079683838	0.654720031652392	0.60397122377694	0	0	0	0	0.663425180840418	0	0	0	0	0	0	0	0	0	0	0	0	0	0	0	0	0	0	0	0	0	0	0	0	0	0	0	0	0	0	0	0
0	0	0	0	0	0	0	0	0	0	0	0	0	0	0	0	0	0	0	0	0	0	0	0	0	0	0	0	0	0	0.95095331397937	0	0	0	0	0.908271589294024	0	0.750248917349836	0.915328503001593	0.985999817892133	0.540515399764151	0	0	0	0	0.90496755897077	0	0.607933362167693	0	0	0.857422929423487	0	0	0.918217797736803	0.520799698397306	0.876226192322016	0	0	0	0	0	0	0	0	0	0	0	0	0	0	0	0	0	0	0	0	0	0	0	0	0	0	0	0	0	0	0	0	0	0
0	0	0	0	0	0	0	0	0	0	0	0	0	0	0	0	0	0	0	0	0	0	0	0	0	0	0	0	0	0	0.855224869459355	0.52656541694148	0	0	0	0.844654084500438	0	0	0	0.882154758425386	0	0.617871740464338	0	0	0	0.519911132392778	0.618447541518755	0.543375573774093	0.768752568963479	0.868114250469234	0	0	0.773442221434646	0.923170455111116	0	0	0	0.60285502268259	0	0	0	0	0	0	0	0	0	0	0	0	0	0	0	0	0	0	0	0	0	0	0	0	0	0	0	0	0	0	0	0
0	0	0	0	0	0	0	0	0	0	0	0	0	0	0	0	0	0	0	0	0	0	0	0	0	0	0	0	0	0	0.723319618339413	0.876376472209205	0.772908937040625	0	0	0.763096620214397	0.690935262607945	0	0.80633531535403	0	0.917113286538112	0.584538152274281	0.745516237941736	0.551649522689429	0.840097981596716	0.98243522558041	0	0.957975952939731	0.602596565984314	0	0	0	0.830515308235971	0.821322140669004	0.77955961874508	0	0.651347375903069	0.77649398122337	0	0.768711493914383	0	0	0	0	0	0	0	0	0	0	0	0	0	0	0	0	0	0	0	0	0	0	0	0	0	0	0	0	0	0
0	0	0	0	0	0	0	0	0	0	0	0	0	0	0	0	0	0	0	0	0	0	0	0	0	0	0	0	0	0	0	0	0.687110754416508	0	0	0.747476356141112	0	0	0	0.814401715742095	0.961171524914933	0.66819739458537	0.835859719431134	0	0	0.979901397607698	0	0.513254044060503	0.631340086800342	0	0.734865323429845	0.914536013613274	0	0.867477757701507	0.70150305144635	0	0	0.672443392022806	0	0	0	0	0	0	0	0	0	0	0	0	0	0	0	0	0	0	0	0	0	0	0	0	0	0	0	0	0	0	0	0
0	0	0	0	0	0	0	0	0	0	0	0	0	0	0	0	0	0	0	0	0	0	0	0	0	0	0	0	0	0	0	0.659765456619469	0.900436184704838	0.746906604859074	0.967517847281406	0.983310862169513	0	0	0.570484165048032	0	0	0.872351810183986	0.824642869239215	0.879519752174079	0	0	0.94265738314335	0.511816577989083	0	0.585256183661047	0.81483544575625	0.816671523327443	0.866197745233145	0	0.74799815300106	0.849258322389664	0	0.57890020639434	0	0.926080199669441	0	0	0	0	0	0	0	0	0	0	0	0	0	0	0	0	0	0	0	0	0	0	0	0	0	0	0	0	0	0
0	0	0	0	0	0	0	0	0	0	0	0	0	0	0	0	0	0	0	0	0	0	0	0	0	0	0	0	0	0	0	0	0	0	0	0	0.808023264505222	0	0.981564744221764	0	0	0	0.863465141171329	0.958709701969063	0	0	0	0.58843609302763	0	0.723421760722102	0	0.694380256011513	0.908138319797349	0.92930059147075	0	0	0.64149428893551	0	0	0.63724615033713	0	0	0	0	0	0	0	0	0	0	0	0	0	0	0	0	0	0	0	0	0	0	0	0	0	0	0	0	0	0
0	0	0	0	0	0	0	0	0	0	0	0	0	0	0	0	0	0	0	0	0	0	0	0	0	0	0	0	0	0	0.748059891795387	0.95833989700457	0	0	0.873802928625654	0	0	0	0.76474132386521	0	0	0.959109869674103	0	0	0	0	0.794785800684341	0.711434788832208	0	0.93493703909719	0	0	0	0.926273094995322	0	0	0	0	0.910699678570143	0.834634249194429	0	0	0	0	0	0	0	0	0	0	0	0	0	0	0	0	0	0	0	0	0	0	0	0	0	0	0	0	0	0
0	0	0	0	0	0	0	0	0	0	0	0	0	0	0	0	0	0	0	0	0	0	0	0	0	0	0	0	0	0	0	0.903688513662803	0.687255933122479	0.840337239500825	0	0	0.682617015321228	0.586558400478233	0.996063620453939	0	0	0.941586841249183	0.981950905284283	0.798524594016974	0	0	0	0	0	0	0	0.979757154795634	0	0	0.977866867953509	0	0	0	0.86756747841766	0.782654123640135	0	0	0	0	0	0	0	0	0	0	0	0	0	0	0	0	0	0	0	0	0	0	0	0	0	0	0	0	0	0
0	0	0	0	0	0	0	0	0	0	0	0	0	0	0	0	0	0	0	0	0	0	0	0	0	0	0	0	0	0	0	0	0.604777702347235	0.728416618351624	0.61270807209809	0	0	0	0.88061491152889	0	0	0	0	0.566216788838693	0	0.567392056294958	0.505539897925106	0	0.669261159293883	0	0.711874351539628	0.744210340482758	0.854911374541162	0.635908254216337	0	0	0	0	0	0	0	0	0	0	0	0	0	0	0	0	0	0	0	0	0	0	0	0	0	0	0	0	0	0	0	0	0	0	0	0
0	0	0	0	0	0	0	0	0	0	0	0	0	0	0	0	0	0	0	0	0	0	0	0	0	0	0	0	0	0	0	0.611622157169361	0.886992181291591	0	0	0	0.927623441980856	0.619856453132869	0	0	0.722070505809243	0	0	0	0.888731737633931	0	0	0.858142091921267	0	0	0	0	0	0	0	0.844596961040747	0.952254222321442	0	0	0.758192838848086	0	0	0	0	0	0	0	0	0	0	0	0	0	0	0	0	0	0	0	0	0	0	0	0	0	0	0	0	0	0
0	0	0	0	0	0	0	0	0	0	0	0	0	0	0	0	0	0	0	0	0	0	0	0	0	0	0	0	0	0	0	0.983164446074436	0	0	0.984767348914069	0.634526045092909	0	0.775241463875615	0	0.65113021047604	0.644842773096311	0.765484346323984	0	0.858128343575593	0	0.728178686953767	0.79950064373674	0.811350611636823	0	0	0	0.775116029418131	0	0.628152904605174	0.73455854212687	0.610163555580578	0.645973885609507	0	0.578676562153629	0	0	0	0	0	0	0	0	0	0	0	0	0	0	0	0	0	0	0	0	0	0	0	0	0	0	0	0	0	0	0
0	0	0	0	0	0	0	0	0	0	0	0	0	0	0	0	0	0	0	0	0	0	0	0	0	0	0	0	0	0	0	0	0	0	0	0	0	0	0	0	0	0	0	0	0	0	0	0	0	0	0	0	0	0	0	0	0	0	0	0	0	0.72442267229887	0.708861566467037	0.920444277658714	0.73833745762245	0.646834340296371	0	0	0	0	0.961616631529029	0	0	0	0	0	0	0	0	0	0	0.798251505163152	0	0	0	0.954595932764264	0	0.734855120431221	0.715024172198674	0.71874914105158
0	0	0	0	0	0	0	0	0	0	0	0	0	0	0	0	0	0	0	0	0	0	0	0	0	0	0	0	0	0	0	0	0	0	0	0	0	0	0	0	0	0	0	0	0	0	0	0	0	0	0	0	0	0	0	0	0	0	0	0	0.621955523641245	0	0.768641822406568	0.506025102131959	0.672835915159258	0.531988803520664	0.856668672524283	0	0	0	0	0	0	0	0	0	0	0	0	0	0	0	0	0	0	0	0.947623622745122	0.694080654927924	0.564910538846576	0.843339458591716
0	0	0	0	0	0	0	0	0	0	0	0	0	0	0	0	0	0	0	0	0	0	0	0	0	0	0	0	0	0	0	0	0	0	0	0	0	0	0	0	0	0	0	0	0	0	0	0	0	0	0	0	0	0	0	0	0	0	0	0	0.589797911331044	0.573405021791687	0	0	0.954590501275983	0.86128841824835	0.941482486815528	0	0	0	0.508619102615748	0	0	0	0	0	0	0	0	0	0	0	0.940583327657295	0	0	0	0	0	0.660615626921597	0.836568065129677
0	0	0	0	0	0	0	0	0	0	0	0	0	0	0	0	0	0	0	0	0	0	0	0	0	0	0	0	0	0	0	0	0	0	0	0	0	0	0	0	0	0	0	0	0	0	0	0	0	0	0	0	0	0	0	0	0	0	0	0	0.840602633370118	0.655819964109699	0	0	0.897407868534781	0.675637939173717	0.895593227251744	0.797435402930958	0.737005058542883	0	0	0	0	0	0	0	0	0	0	0	0	0	0	0	0	0	0.963784891858233	0	0.99083296893515	0.521456531639029
0	0	0	0	0	0	0	0	0	0	0	0	0	0	0	0	0	0	0	0	0	0	0	0	0	0	0	0	0	0	0	0	0	0	0	0	0	0	0	0	0	0	0	0	0	0	0	0	0	0	0	0	0	0	0	0	0	0	0	0	0.946065771278897	0.562001850569519	0.741771451686782	0.839342313257899	0	0.979529869581155	0.95474867917717	0.873933028343442	0.810641471657592	0.668793948901599	0	0	0	0	0	0	0	0	0	0	0	0	0	0	0	0	0	0	0	0.874288939706677
0	0	0	0	0	0	0	0	0	0	0	0	0	0	0	0	0	0	0	0	0	0	0	0	0	0	0	0	0	0	0	0	0	0	0	0	0	0	0	0	0	0	0	0	0	0	0	0	0	0	0	0	0	0	0	0	0	0	0	0	0.96661018887668	0.689828237831509	0.601793550203345	0.987429303985718	0.625814291346064	0	0.790751020802336	0	0.724728487460438	0.739224814445305	0.536106883009244	0	0	0	0	0	0	0	0	0	0	0	0	0	0	0	0.677228117378411	0	0	0
0	0	0	0	0	0	0	0	0	0	0	0	0	0	0	0	0	0	0	0	0	0	0	0	0	0	0	0	0	0	0	0	0	0	0	0	0	0	0	0	0	0	0	0	0	0	0	0	0	0	0	0	0	0	0	0	0	0	0	0	0	0.883801229488457	0.851669764103563	0.76569847389553	0.715540105407517	0.850208468123078	0	0	0.801156440081729	0.867315848470808	0.678193972254606	0.758950117022526	0	0	0	0.579997165342659	0	0	0	0	0	0	0	0	0	0	0	0	0	0
0	0	0	0	0	0	0	0	0	0	0	0	0	0	0	0	0	0	0	0	0	0	0	0	0	0	0	0	0	0	0	0	0	0	0	0	0	0	0	0	0	0	0	0	0	0	0	0	0	0	0	0	0	0	0	0	0	0	0	0	0	0	0	0.97965923556677	0.793223726799131	0	0	0	0.679674009463066	0.807886430843979	0.678648032709295	0.612680798516984	0.874874117670454	0	0	0	0	0	0	0	0	0	0	0	0.984188008327665	0	0	0	0	0
0	0	0	0	0	0	0	0	0	0	0	0	0	0	0	0	0	0	0	0	0	0	0	0	0	0	0	0	0	0	0	0	0	0	0	0	0	0	0	0	0	0	0	0	0	0	0	0	0	0	0	0	0	0	0	0	0	0	0	0	0	0	0	0.552690256228479	0.870577978617146	0.545224468050817	0.979776535646436	0.570946621845055	0	0.649742567989167	0.516446769361734	0.997239467390884	0.580871258216283	0.754318286210679	0	0	0	0	0	0	0	0	0	0.648442931373367	0	0	0	0	0	0
0	0	0	0	0	0	0	0	0	0	0	0	0	0	0	0	0	0	0	0	0	0	0	0	0	0	0	0	0	0	0	0	0	0	0	0	0	0	0	0	0	0	0	0	0	0	0	0	0	0	0	0	0	0	0	0	0	0	0	0	0	0	0	0	0.886286052742485	0.697759347029003	0.715480506841733	0.79441164521234	0.606822858141128	0	0.782695984962818	0.599196205933413	0.821184589841748	0.758265209015143	0.998412777724828	0	0	0	0	0	0	0	0	0	0	0	0	0	0	0
0	0	0	0	0	0	0	0	0	0	0	0	0	0	0	0	0	0	0	0	0	0	0	0	0	0	0	0	0	0	0	0	0	0	0	0	0	0	0	0	0	0	0	0	0	0	0	0	0	0	0	0	0	0	0	0	0	0	0	0	0.703208169542272	0	0.750009920641558	0	0	0.871567815743931	0.743138384508604	0.805291339181563	0.997683538262834	0.875283981074381	0	0.934009603988077	0.783635374625723	0	0.614572802338284	0.70502522373801	0	0	0.958201616799176	0	0	0	0	0	0	0	0	0	0	0
0	0	0	0	0	0	0	0	0	0	0	0	0	0	0	0	0	0	0	0	0	0	0	0	0	0	0	0	0	0	0	0	0	0	0	0	0	0	0	0	0	0	0	0	0	0	0	0	0	0	0	0	0	0	0	0	0	0	0	0	0	0	0	0	0	0	0.532091212900673	0.552515387463138	0.513829506203367	0.809377881371197	0.812621135114094	0	0.838191522985601	0.746024847735222	0.826547743805599	0.566888976496137	0.799810994445209	0	0	0	0	0	0	0	0	0	0	0	0	0
0	0	0	0	0	0	0	0	0	0	0	0	0	0	0	0	0	0	0	0	0	0	0	0	0	0	0	0	0	0	0	0	0	0	0	0	0	0	0	0	0	0	0	0	0	0	0	0	0	0	0	0	0	0	0	0	0	0	0	0	0	0	0	0	0	0	0	0.54048955593038	0.624308073571207	0.616793543899443	0.871506562654001	0.783079317287759	0	0.728516870323933	0.64660946251324	0.63128060414494	0.860355663111441	0.598096590045415	0	0	0	0	0	0	0	0	0	0	0	0
0	0	0	0	0	0	0	0	0	0	0	0	0	0	0	0	0	0	0	0	0	0	0	0	0	0	0	0	0	0	0	0	0	0	0	0	0	0	0	0	0	0	0	0	0	0	0	0	0	0	0	0	0	0	0	0	0	0	0	0	0	0	0	0	0	0	0	0	0.539204964962999	0.600063214996249	0	0.896013605150466	0.565432527215276	0	0.752043182595867	0.958091082472982	0	0.552904320025585	0.632593185119833	0	0	0	0.999009131369623	0	0	0	0	0	0	0
0	0	0	0	0	0	0	0	0	0	0	0	0	0	0	0	0	0	0	0	0	0	0	0	0	0	0	0	0	0	0	0	0	0	0	0	0	0	0	0	0	0	0	0	0	0	0	0	0	0	0	0	0	0	0	0	0	0	0	0	0	0	0	0	0	0	0	0	0	0.867961848437485	0.883267337966802	0.730494529817837	0.57879576217307	0.761857737110843	0	0.71820294713747	0.564655370841642	0.542855821551071	0.6862477202275	0.985970681848875	0	0	0	0	0	0	0	0	0	0
0	0	0	0	0	0	0	0	0	0	0	0	0	0	0	0	0	0	0	0	0	0	0	0	0	0	0	0	0	0	0	0	0	0	0	0	0	0	0	0	0	0	0	0	0	0	0	0	0	0	0	0	0	0	0	0	0	0	0	0	0	0	0	0	0	0	0.51841203179829	0	0	0	0.682146145663482	0.795003861036627	0.774975978452892	0.979927938189715	0.615868957683177	0	0.744713611962918	0.511459994591638	0.653643931909805	0.566325416115807	0.547550751564751	0	0	0	0	0	0	0.548798325317272	0	0
0	0	0	0	0	0	0	0	0	0	0	0	0	0	0	0	0	0	0	0	0	0	0	0	0	0	0	0	0	0	0	0	0	0	0	0	0	0	0	0	0	0	0	0	0	0	0	0	0	0	0	0	0	0	0	0	0	0	0	0	0	0	0	0	0	0	0	0	0	0	0	0.516778756784298	0.868620624295307	0	0.839538123622206	0.62937441775612	0	0.515936416067155	0.894603137715438	0.551034761968434	0.721734248945319	0.718914367128222	0	0	0	0	0	0	0	0
0	0	0	0	0	0	0	0	0	0	0	0	0	0	0	0	0	0	0	0	0	0	0	0	0	0	0	0	0	0	0	0	0	0	0	0	0	0	0	0	0	0	0	0	0	0	0	0	0	0	0	0	0	0	0	0	0	0	0	0	0	0	0	0	0	0	0	0	0	0	0	0	0.563106077923657	0.846598699227016	0.734670825370777	0.567467259729301	0.854982153695743	0	0.80337794438256	0.838266048057491	0.522919206166151	0.588901777467265	0	0	0.868392421516057	0	0	0	0.7423645815102	0
0	0	0	0	0	0	0	0	0	0	0	0	0	0	0	0	0	0	0	0	0	0	0	0	0	0	0	0	0	0	0	0	0	0	0	0	0	0	0	0	0	0	0	0	0	0	0	0	0	0	0	0	0	0	0	0	0	0	0	0	0	0	0	0	0	0	0	0	0	0	0.681667070866019	0	0	0.938775981229731	0.758861246693076	0.612219250025066	0.586419760238536	0.766569698817206	0	0.933931296875984	0.597847834474404	0.554420012235608	0.747031842338234	0	0	0	0	0	0	0
0	0	0	0	0	0	0	0	0	0	0	0	0	0	0	0	0	0	0	0	0	0	0	0	0	0	0	0	0	0	0	0	0	0	0	0	0	0	0	0	0	0	0	0	0	0	0	0	0	0	0	0	0	0	0	0	0	0	0	0	0	0	0	0	0	0	0	0	0	0	0	0	0	0	0.685234091652993	0.810163975194598	0.71436182470155	0.992006348233667	0.947568584985665	0	0.501470019171669	0.692604239062108	0.540177683803569	0.693654589873659	0.794138843563464	0	0	0	0	0
0	0	0	0	0	0	0	0	0	0	0	0	0	0	0	0	0	0	0	0	0	0	0	0	0	0	0	0	0	0	0	0	0	0	0	0	0	0	0	0	0	0	0	0	0	0	0	0	0	0	0	0	0	0	0	0	0	0	0	0	0	0	0	0	0	0	0	0	0	0	0	0	0	0	0	0.766400624512408	0.705043452221354	0.711465952439864	0.981145038411234	0.514316692682443	0	0.7476210242598	0.855723534515567	0.874784988069108	0.654696363013148	0.942877707883469	0	0	0	0
0	0	0	0	0	0	0	0	0	0	0	0	0	0	0	0	0	0	0	0	0	0	0	0	0	0	0	0	0	0	0	0	0	0	0	0	0	0	0	0	0	0	0	0	0	0	0	0	0	0	0	0	0	0	0	0	0	0	0	0	0.8133028186488	0	0	0	0	0	0	0	0	0	0	0	0	0	0	0	0.752789466283503	0.919573585070483	0.635184263970544	0.914583076014803	0.813790930746601	0	0.77690579645977	0.777241864401766	0	0.532149345381719	0.661492830386939	0	0	0
0	0	0	0	0	0	0	0	0	0	0	0	0	0	0	0	0	0	0	0	0	0	0	0	0	0	0	0	0	0	0	0	0	0	0	0	0	0	0	0	0	0	0	0	0	0	0	0	0	0	0	0	0	0	0	0	0	0	0	0	0	0	0.799647130825329	0	0	0	0	0	0	0	0	0	0	0.928432017334361	0	0	0	0	0.728541848256557	0.830915796049943	0.956230015663215	0.863107752379963	0	0.805965544593159	0.952643831379557	0.663191688050689	0.563507791222636	0.84566672958258	0	0
0	0	0	0	0	0	0	0	0	0	0	0	0	0	0	0	0	0	0	0	0	0	0	0	0	0	0	0	0	0	0	0	0	0	0	0	0	0	0	0	0	0	0	0	0	0	0	0	0	0	0	0	0	0	0	0	0	0	0	0	0	0	0	0	0	0	0	0	0.872109939979803	0	0	0	0	0	0	0	0	0	0	0.972236726159605	0.662259947487582	0.681762094432844	0.755291430614146	0	0.975962232728602	0.926888301121981	0	0.710921036541351	0.997202238150513	0
0	0	0	0	0	0	0	0	0	0	0	0	0	0	0	0	0	0	0	0	0	0	0	0	0	0	0	0	0	0	0	0	0	0	0	0	0	0	0	0	0	0	0	0	0	0	0	0	0	0	0	0	0	0	0	0	0	0	0	0	0	0	0	0	0	0	0	0.608610584417367	0	0	0	0	0	0	0	0	0	0.818558944577494	0	0.864102518037844	0.997378633383622	0	0.790338687781056	0.542436651302882	0	0.676330243107711	0	0.96065041171313	0.607001841623453	0.789536524113356
0	0	0	0	0	0	0	0	0	0	0	0	0	0	0	0	0	0	0	0	0	0	0	0	0	0	0	0	0	0	0	0	0	0	0	0	0	0	0	0	0	0	0	0	0	0	0	0	0	0	0	0	0	0	0	0	0	0	0	0	0.51499630523628	0	0	0	0	0	0	0	0	0	0	0	0	0	0	0	0	0	0	0	0.610443815306764	0.683339354639685	0.833719973197109	0.584398543983197	0.590459930716304	0	0.515190579735195	0.692663760516856	0.700066792558247	0.601844758978006
0	0	0	0	0	0	0	0	0	0	0	0	0	0	0	0	0	0	0	0	0	0	0	0	0	0	0	0	0	0	0	0	0	0	0	0	0	0	0	0	0	0	0	0	0	0	0	0	0	0	0	0	0	0	0	0	0	0	0	0	0	0.690621310005655	0	0.694392246113721	0	0.624663596627421	0	0	0	0	0	0	0	0	0	0	0	0	0	0	0	0.802397912594242	0.691528481800697	0	0	0.824172472341108	0	0.796385654588223	0.721423916410765	0.502591126686475
0	0	0	0	0	0	0	0	0	0	0	0	0	0	0	0	0	0	0	0	0	0	0	0	0	0	0	0	0	0	0	0	0	0	0	0	0	0	0	0	0	0	0	0	0	0	0	0	0	0	0	0	0	0	0	0	0	0	0	0	0.552055167839222	0.700647466579408	0	0	0	0	0	0	0	0	0	0	0	0	0	0.712002413393828	0	0	0	0	0	0	0.609102827157961	0.870645771872564	0.587395047438899	0.546686722066269	0.974580338488141	0	0.572344178967132	0.680141595201866
0	0	0	0	0	0	0	0	0	0	0	0	0	0	0	0	0	0	0	0	0	0	0	0	0	0	0	0	0	0	0	0	0	0	0	0	0	0	0	0	0	0	0	0	0	0	0	0	0	0	0	0	0	0	0	0	0	0	0	0	0.804599178944102	0.734240161289891	0.921176446557944	0.825266089810414	0	0	0	0	0	0	0	0	0	0	0	0	0	0.583983501061186	0	0	0	0	0	0.736835173855971	0.686262813791892	0.920320866277732	0.811205275068153	0.766853822153482	0	0
0	0	0	0	0	0	0	0	0	0	0	0	0	0	0	0	0	0	0	0	0	0	0	0	0	0	0	0	0	0	0	0	0	0	0	0	0	0	0	0	0	0	0	0	0	0	0	0	0	0	0	0	0	0	0	0	0	0	0	0	0.880699819187209	0.75674401682171	0.675863512363522	0.890522573608402	0.860101207013809	0	0	0	0	0	0	0	0	0	0	0	0	0	0	0	0	0	0	0	0.645695907108622	0.671824166293975	0.821242801879026	0.599612660816526	0	0
