0	0.800349667790069	0.970445984118167	0.922151272660102	0.916854576633251	0	0.65102892344339	0	0.698421707985951	0	0	0	0	0.957870241639888	0	0	0	0	0	0.684253788721347	0	0	0	0	0	0.874031092908004	0.884195330392791	0	0	0	0	0	0	0	0	0	0	0	0	0	0	0	0	0	0	0	0	0	0	0	0	0	0	0	0	0	0	0	0	0	0	0	0	0	0	0	0	0	0	0	0	0	0	0	0	0	0	0	0	0	0	0	0	0	0	0	0	0	0	0
0.828588203125464	0	0.815808858350223	0	0	0	0	0	0	0	0	0	0	0.775765635995657	0	0.52859675266092	0	0	0	0.553775903751345	0	0.516067492131924	0	0	0	0	0	0	0	0	0	0	0	0	0	0	0	0	0	0	0	0	0	0	0	0	0	0	0	0	0	0	0	0	0	0	0	0	0	0	0	0	0	0	0	0	0	0	0	0	0	0	0	0	0	0	0	0	0	0	0	0	0	0	0	0	0	0	0	0
0.530822710167616	0.85786805924954	0	0	0	0	0.624983543811009	0.754675400553042	0	0.863250813013325	0	0.982882689267435	0	0	0.55764198294258	0	0	0.918946488029375	0	0	0.980948672151595	0	0.766757487255319	0	0	0.691634904346322	0	0	0	0	0	0	0	0	0	0	0	0	0	0	0	0	0	0	0	0	0	0	0	0	0	0	0	0	0	0	0	0	0	0	0	0	0	0	0	0	0	0	0	0	0	0	0	0	0	0	0	0	0	0	0	0	0	0	0	0	0	0	0	0
0.981007560881349	0	0	0	0	0.709668661630224	0	0.591107156898345	0	0	0.942253630206924	0	0	0	0	0	0	0	0	0	0	0	0.779441182810129	0	0	0.985497313532547	0	0	0	0	0	0	0	0	0	0	0	0	0	0	0	0	0	0	0	0	0	0	0	0	0	0	0	0	0	0	0	0	0	0	0	0	0	0	0	0	0	0	0	0	0	0	0	0	0	0	0	0	0	0	0	0	0	0	0	0	0	0	0	0
0.942599510298721	0	0	0	0	0	0	0	0	0	0	0.955329529734727	0	0	0	0	0	0	0.723503238481606	0	0	0.888492348984781	0	0.857787450203557	0.821066749884702	0	0.991073561207699	0	0	0	0	0	0	0	0	0	0	0	0	0	0	0	0	0	0	0	0	0	0	0	0	0	0	0	0	0	0	0	0	0	0	0	0	0	0	0	0	0	0	0	0	0	0	0	0	0	0	0	0	0	0	0	0	0	0	0	0	0	0	0
0	0	0	0.962674882759684	0	0	0	0	0	0.838482707926823	0.712603653405445	0	0	0	0	0	0	0	0	0	0	0.539697282306132	0	0	0.893418590008212	0	0.973050912562582	0	0	0	0	0	0	0	0	0	0	0	0	0	0	0	0	0	0	0	0	0	0	0	0	0	0	0	0	0	0	0	0	0	0	0	0	0	0	0	0	0	0	0	0	0	0	0	0	0	0	0	0	0	0	0	0	0	0	0	0	0	0	0
0.691951565114011	0	0.765084106094097	0	0	0	0	0	0.89773214905694	0	0	0	0	0	0	0	0	0	0	0.520359726630535	0	0.683832741859666	0	0	0	0	0	0.641011630794214	0	0	0	0	0	0	0	0	0	0	0	0	0	0	0	0	0	0	0	0	0	0	0	0	0	0	0	0	0	0	0	0	0	0	0	0	0	0	0	0	0	0	0	0	0	0	0	0	0	0	0	0	0	0	0	0	0	0	0	0	0	0
0	0	0.702073766770033	0.590034830179193	0	0	0	0	0.867531864537739	0.788591503815	0	0	0	0	0.96130980996236	0	0.751796670413911	0.744038380731055	0	0	0	0	0	0.946542226291157	0	0	0	0	0	0	0	0	0	0	0	0	0	0	0	0	0	0	0	0	0	0	0	0	0	0	0	0	0	0	0	0	0	0	0	0	0	0	0	0	0	0	0	0	0	0	0	0	0	0	0	0	0	0	0	0	0	0	0	0	0	0	0	0	0	0
0.811950249411344	0	0	0	0	0	0.778839520433406	0.970386691828706	0	0	0.560011708854437	0	0	0	0	0.56316234518628	0	0	0	0	0	0	0.899155342764934	0	0	0.676448125576862	0	0	0	0	0	0	0	0	0	0	0	0	0	0	0	0	0	0	0	0	0	0	0	0	0	0	0	0	0	0	0	0	0	0	0	0	0	0	0	0	0	0	0	0	0	0	0	0	0	0	0	0	0	0	0	0	0	0	0	0	0	0	0	0
0	0	0.876679846046388	0	0	0.500011521760698	0	0.692986244249716	0	0	0	0	0	0	0	0	0	0	0.88860531589611	0.729614995954971	0	0.856092714932585	0.636726786209466	0	0	0	0.840615773614611	0	0	0.758346512081508	0	0	0	0	0	0	0	0	0	0	0	0	0	0	0	0	0	0	0	0	0	0	0	0	0	0	0	0	0	0	0	0	0	0	0	0	0	0	0	0	0	0	0	0	0	0	0	0	0	0	0	0	0	0	0	0	0	0	0	0
0	0	0	0.966335546830606	0	0.549450077207218	0	0	0.774503182079594	0	0	0.830193309725206	0.695046131929987	0	0.801012315455588	0	0	0	0	0	0.713910918003381	0	0	0	0	0	0	0.649478760434541	0.782838278699417	0.712352694272075	0	0	0	0	0	0	0	0	0	0	0	0	0	0	0	0	0	0	0	0	0	0	0	0	0	0	0	0	0	0	0	0	0	0	0	0	0	0	0	0	0	0	0	0	0	0	0	0	0	0	0	0	0	0	0	0	0	0	0	0
0	0	0.997566670259467	0	0.681251304674343	0	0	0	0	0	0.775943936097937	0	0	0	0	0.839987938936838	0	0.668759683014365	0	0	0	0	0	0	0	0	0	0	0	0	0	0	0	0	0	0	0	0	0	0	0	0	0	0	0	0	0	0	0	0	0	0	0	0	0	0	0	0	0	0	0	0	0	0	0	0	0	0	0	0	0	0	0	0	0	0	0	0	0	0	0	0	0	0	0	0	0	0	0	0
0	0	0	0	0	0	0	0	0	0	0.757343843673572	0	0	0	0.950145524761633	0.670468231282808	0.638125760160541	0	0.854578032324431	0	0	0	0	0	0	0.938499520559519	0	0	0.520924478930265	0	0	0	0	0	0	0	0	0	0	0	0	0	0	0	0	0	0	0	0	0	0	0	0	0	0	0	0	0	0	0	0	0	0	0	0	0	0	0	0	0	0	0	0	0	0	0	0	0	0	0	0	0	0	0	0	0	0	0	0	0
0.760281625193147	0.798152057324139	0	0	0	0	0	0	0	0	0	0	0	0	0	0	0	0	0	0	0	0.962714566635079	0	0	0	0	0	0	0.95508449340596	0	0	0	0	0	0	0	0	0	0	0	0	0	0	0	0	0	0	0	0	0	0	0	0	0	0	0	0	0	0	0	0	0	0	0	0	0	0	0	0	0	0	0	0	0	0	0	0	0	0	0	0	0	0	0	0	0	0	0	0	0
0	0	0.522886805869289	0	0	0	0	0.946928740346518	0	0	0.911805017044246	0	0.525979140612109	0	0	0	0	0	0.977147002425527	0	0	0.689856784025979	0.932250013778585	0	0	0	0	0	0	0	0	0	0	0	0	0	0	0	0	0	0	0	0	0	0	0	0	0	0	0	0	0	0	0	0	0	0	0	0	0	0	0	0	0	0	0	0	0	0	0	0	0	0	0	0	0	0	0	0	0	0	0	0	0	0	0	0	0	0	0
0	0.78653759841355	0	0	0	0	0	0	0.603217916753056	0	0	0.585059903256856	0.995314688832168	0	0	0	0	0.901545940471114	0.622590351337745	0	0	0.988739888914759	0	0	0	0.952028250993413	0	0	0	0	0	0	0	0	0	0	0	0	0	0	0	0	0	0	0	0	0	0	0	0	0	0	0	0	0	0	0	0	0	0	0	0	0	0	0	0	0	0	0	0	0	0	0	0	0	0	0	0	0	0	0	0	0	0	0	0	0	0	0	0
0	0	0	0	0	0	0	0.71660731088065	0	0	0	0	0.701683117143572	0	0	0	0	0	0	0.589913138265225	0.644160828037979	0.713350150067594	0.751124975872138	0.732735058079856	0.584599568880702	0	0.983397460620985	0	0	0	0	0	0	0	0	0	0	0	0	0	0	0	0	0	0	0	0	0	0	0	0	0	0	0	0	0	0	0	0	0	0	0	0	0	0	0	0	0	0	0	0	0	0	0	0	0	0	0	0	0	0	0	0	0	0	0	0	0	0	0
0	0	0.783588896224209	0	0	0	0	0.85131813285936	0	0	0	0.680159910495501	0	0	0	0.92199357752882	0	0	0	0	0.864931404525219	0.633006587382598	0.837316654557133	0.771428558234643	0	0	0.89033519445168	0	0.910509506091021	0	0	0	0	0	0	0	0	0	0	0	0	0	0	0	0	0	0	0	0	0	0	0	0	0	0	0	0	0	0	0	0	0	0	0	0	0	0	0	0	0	0	0	0	0	0	0	0	0	0	0	0	0	0	0	0	0	0	0	0	0
0	0	0	0	0.815267244555936	0	0	0	0	0.65156872767544	0	0	0.621370446909197	0	0.898667586143146	0.925925589272155	0	0	0	0.724006756884155	0	0	0	0	0	0	0	0	0	0.58737285213059	0	0	0	0	0	0	0	0	0	0	0	0	0	0	0	0	0	0	0	0	0	0	0	0	0	0	0	0	0	0	0	0	0	0	0	0	0	0	0	0	0	0	0	0	0	0	0	0	0	0	0	0	0	0	0	0	0	0	0	0
0.873546901999622	0.908556642418405	0	0	0	0	0.85003142757381	0	0	0.575614956375399	0	0	0	0	0	0	0.774068974462618	0	0.798880921533877	0	0	0.934092484510212	0	0.781215741823418	0	0	0.555480873828772	0.936225822956647	0.597368375234408	0.720831931418696	0	0	0	0	0	0	0	0	0	0	0	0	0	0	0	0	0	0	0	0	0	0	0	0	0	0	0	0	0	0	0	0	0	0	0	0	0	0	0	0	0	0	0	0	0	0	0	0	0	0	0	0	0	0	0	0	0	0	0	0
0	0	0.602173181586263	0	0	0	0	0	0	0	0.683692357450248	0	0	0	0	0	0.529019398502902	0.964839774175612	0	0	0	0	0.78160764344619	0	0.91200934033243	0	0.971368348239209	0.661910624931643	0.614544468391057	0	0	0	0	0	0	0	0	0	0	0	0	0	0	0	0	0	0	0	0	0	0	0	0	0	0	0	0	0	0	0	0	0	0	0	0	0	0	0	0	0	0	0	0	0	0	0	0	0	0	0	0	0	0	0	0	0	0	0	0	0
0	0.89905050106475	0	0	0.708111947737642	0.872495053279139	0.522065424365284	0	0	0.78631128903744	0	0	0	0.738624574325416	0.770109894616824	0.874118976495139	0.777773269282994	0.523237707666041	0	0.505319466877935	0	0	0	0.92046580228852	0	0	0	0	0	0	0	0	0	0	0	0	0	0	0	0	0	0	0	0	0	0	0	0	0	0	0	0	0	0	0	0	0	0	0	0	0	0	0	0	0	0	0	0	0	0	0	0	0	0	0	0	0	0	0	0	0	0	0	0	0	0	0	0	0	0
0	0	0.52539533528755	0.995977734976328	0	0	0	0	0.87219136502467	0.950791636910575	0	0	0	0	0.686610941451936	0	0.770788893268968	0.712665684170103	0	0	0.582358402914136	0	0	0	0.789061049960525	0.66565968184119	0	0	0	0	0	0	0	0	0	0	0	0	0	0	0	0	0	0	0	0	0	0	0	0	0	0	0	0	0	0	0	0	0	0	0	0	0	0	0	0	0	0	0	0	0	0	0	0	0	0	0	0	0	0	0	0	0	0	0	0	0	0	0	0
0	0	0	0	0.861309403688757	0	0	0.542865678180143	0	0	0	0	0	0	0	0	0.717810090722663	0.615996144114778	0	0.558603226459306	0	0.968726472900964	0	0	0	0	0	0	0	0.76947543461076	0	0	0	0	0	0	0	0	0	0	0	0	0	0	0	0	0	0	0	0	0	0	0	0	0	0	0	0	0	0	0	0	0	0	0	0	0	0	0	0	0	0	0	0	0	0	0	0	0	0	0	0	0	0	0	0	0	0	0	0
0	0	0	0	0.612476139346231	0.77165781148601	0	0	0	0	0	0	0	0	0	0	0.822165849418789	0	0	0	0.925213729090781	0	0.567432440689701	0	0	0.708285165143741	0	0.816367179529702	0.592667133523082	0	0	0	0	0	0	0	0	0	0	0	0	0	0	0	0	0	0	0	0	0	0	0	0	0	0	0	0	0	0	0	0	0	0	0	0	0	0	0	0	0	0	0	0	0	0	0	0	0	0	0	0	0	0	0	0	0	0	0	0	0
0.79615146078175	0	0.854691219648893	0.623846655501545	0	0	0	0	0.634911667709019	0	0	0	0.65510714863097	0	0	0.738221241343992	0	0	0	0	0	0	0.911925462591394	0	0.965112696421096	0	0	0	0.742938522778312	0.906720188917226	0	0	0	0	0	0	0	0	0	0	0	0	0	0	0	0	0	0	0	0	0	0	0	0	0	0	0	0	0	0	0	0	0	0	0	0	0	0	0	0	0	0	0	0	0	0	0	0	0	0	0	0	0	0	0	0	0	0	0	0
0.600867906518567	0	0	0	0.554832927427389	0.985925587781249	0	0	0	0.77253424969795	0	0	0	0	0	0	0.85474902645025	0.549189989942103	0	0.589657882922977	0.798137892953079	0	0	0	0	0	0	0	0	0	0	0	0	0	0	0	0	0	0	0	0	0	0	0	0	0	0	0	0	0	0	0	0	0	0	0	0	0	0	0	0	0	0	0	0	0	0	0	0	0	0	0	0	0	0	0	0	0	0	0	0	0	0	0	0	0	0	0	0	0
0	0	0	0	0	0	0.71516303276206	0	0	0	0.695382007206106	0	0	0	0	0	0	0	0	0.77942477635793	0.524450346101359	0	0	0	0.828373769495705	0	0	0	0	0.579005026415495	0	0	0	0	0	0	0	0	0	0	0	0	0	0	0	0	0	0	0	0	0	0	0	0	0	0	0	0	0	0	0	0	0	0	0	0	0	0	0	0	0	0	0	0	0	0	0	0	0	0	0	0	0	0	0	0	0	0	0	0
0	0	0	0	0	0	0	0	0	0	0.77432576200946	0	0.772737289391844	0.940331819533053	0	0	0	0.687196431410926	0	0.904006015850235	0.622334630727855	0	0	0	0.567115217805585	0.699919227963705	0	0	0	0	0	0	0	0	0	0	0	0	0	0	0	0	0	0	0	0	0	0	0	0	0	0	0	0	0	0	0	0	0	0	0	0	0	0	0	0	0	0	0	0	0	0	0	0	0	0	0	0	0	0	0	0	0	0	0	0	0	0	0	0
0	0	0	0	0	0	0	0	0	0.811555099552889	0.628832190611034	0	0	0	0	0	0	0	0.668837960793686	0.882222415930434	0	0	0	0.711663630743065	0	0.777046524873733	0	0.818476846568103	0	0	0	0	0	0	0	0	0	0	0	0	0	0	0	0	0	0	0	0	0	0	0	0	0	0	0	0	0	0	0	0	0	0	0	0	0	0	0	0	0	0	0	0	0	0	0	0	0	0	0	0	0	0	0	0	0	0	0	0	0	0
0	0	0	0	0	0	0	0	0	0	0	0	0	0	0	0	0	0	0	0	0	0	0	0	0	0	0	0	0	0	0	0.91794678146109	0.629811112333354	0.839149421744681	0.509133085321878	0.635922615760874	0	0	0	0	0	0	0	0	0	0	0	0	0	0	0	0	0	0	0	0.829605025383134	0.922337568708897	0.676838926378195	0.881035560972071	0.871024367157772	0	0	0	0	0	0	0	0	0	0	0	0	0	0	0	0	0	0	0	0	0	0	0	0	0	0	0	0	0	0
0	0	0	0	0	0	0	0	0	0	0	0	0	0	0	0	0	0	0	0	0	0	0	0	0	0	0	0	0	0	0.565781977845506	0	0.896135193395112	0	0.674934999125139	0.570806109078293	0.709745495020655	0.850076247033897	0	0	0	0	0	0	0	0	0	0	0	0	0	0.957562783969111	0	0	0	0	0.824978668277437	0.785827687783782	0.630596898665339	0.925717512337611	0	0	0	0	0	0	0	0	0	0	0	0	0	0	0	0	0	0	0	0	0	0	0	0	0	0	0	0	0	0
0	0	0	0	0	0	0	0	0	0	0	0	0	0	0	0	0	0	0	0	0	0	0	0	0	0	0	0	0	0	0.851402167692157	0.646415588971646	0	0.588073371849683	0.882167400400517	0.897959926942306	0.614477759274536	0	0	0	0	0.863687917060317	0	0	0	0.907740967968796	0	0	0	0	0	0	0	0	0	0	0	0.840622183357522	0.728070487168412	0.91563527809772	0	0	0	0	0	0	0	0	0	0	0	0	0	0	0	0	0	0	0	0	0	0	0	0	0	0	0	0	0	0
0	0	0	0	0	0	0	0	0	0	0	0	0	0	0	0	0	0	0	0	0	0	0	0	0	0	0	0	0	0	0.607593972864078	0	0.959447117660674	0	0.832916438006102	0.551124467996416	0.593583550440024	0.820792016459811	0.950807152881637	0	0	0	0	0	0	0	0	0	0	0	0	0	0.9119077441139	0	0	0	0	0	0.819909164888484	0.714144055842582	0	0	0	0	0	0	0	0	0	0	0	0	0	0	0	0	0	0	0	0	0	0	0	0	0	0	0	0	0	0
0	0	0	0	0	0	0	0	0	0	0	0	0	0	0	0	0	0	0	0	0	0	0	0	0	0	0	0	0	0	0.910221697588553	0.553901897831982	0.509428737769992	0.807478532126349	0	0.561526137620126	0	0.585174742384755	0.717031910664442	0.651331708447391	0	0	0.698423024364378	0	0	0	0	0	0	0	0	0	0	0	0	0	0	0	0	0.992996658288323	0	0	0	0	0	0	0	0	0	0	0	0	0	0	0	0	0	0	0	0	0	0	0	0	0	0	0	0	0	0
0	0	0	0	0	0	0	0	0	0	0	0	0	0	0	0	0	0	0	0	0	0	0	0	0	0	0	0	0	0	0.977830019917485	0.524523178035217	0.973178316945621	0.799005738440126	0.521702489334454	0	0.520658574514703	0.752482931318444	0.961695783944344	0.616372833295136	0.568828915895621	0	0	0	0	0	0	0	0	0	0	0	0	0	0	0	0	0	0	0	0	0	0	0	0	0	0	0	0	0	0	0	0	0	0	0	0	0	0	0	0	0	0	0	0	0	0	0	0	0
0	0	0	0	0	0	0	0	0	0	0	0	0	0	0	0	0	0	0	0	0	0	0	0	0	0	0	0	0	0	0	0.521846669673161	0.911283718756781	0.787522888208876	0	0.947557844961878	0	0.516204953931137	0.679791068132719	0	0.990761101129633	0.948764031341824	0.899131786692562	0	0	0	0.825725767099306	0	0	0	0	0.775755130184606	0	0	0	0	0	0	0	0	0	0	0	0	0	0	0	0	0	0	0	0	0	0	0	0	0	0	0	0	0	0	0	0	0	0	0	0	0	0
0	0	0	0	0	0	0	0	0	0	0	0	0	0	0	0	0	0	0	0	0	0	0	0	0	0	0	0	0	0	0	0.998798174964531	0	0.870476819867824	0.968214567307803	0.931250254780881	0.563591407977832	0	0.999053875296822	0.909322167532914	0.877849732251022	0.630599268064343	0.886027623640174	0	0	0	0	0	0	0	0	0	0	0	0	0	0	0	0	0	0	0	0	0	0	0	0	0	0	0	0	0	0	0	0	0	0	0	0	0	0	0	0	0	0	0	0	0	0	0
0	0	0	0	0	0	0	0	0	0	0	0	0	0	0	0	0	0	0	0	0	0	0	0	0	0	0	0	0	0	0	0	0	0.895216731330924	0.862997162893442	0.980094912252393	0.524573036500398	0.650191583739808	0	0.952772878619495	0.542468828088236	0.526057580057301	0.580497380591072	0.52376457752666	0	0	0	0	0	0	0	0	0	0	0	0	0	0	0	0	0	0	0	0	0	0	0	0	0	0	0	0	0	0	0	0	0	0	0	0	0	0	0	0	0	0	0	0	0	0
0	0	0	0	0	0	0	0	0	0	0	0	0	0	0	0	0	0	0	0	0	0	0	0	0	0	0	0	0	0	0	0	0	0	0.993532859933787	0.81694660307834	0	0.872758744663287	0.679488245733024	0	0.93833280461267	0.580997298707608	0.748952036919353	0	0.548762061497124	0	0	0.916297829080343	0	0	0	0	0	0	0	0	0	0	0	0	0	0	0	0	0	0	0	0	0	0	0	0	0	0	0	0	0	0	0	0	0	0	0	0	0	0	0	0	0	0
0	0	0	0	0	0	0	0	0	0	0	0	0	0	0	0	0	0	0	0	0	0	0	0	0	0	0	0	0	0	0	0	0	0	0	0.72463841780297	0.807475027024695	0.581466113231567	0.551946953150265	0.508929846396994	0	0.720408394349467	0.996609627235248	0.506758367359053	0.524439002821901	0.760954444733316	0	0	0	0	0	0	0	0	0	0	0	0	0	0	0	0	0	0	0	0	0	0	0	0	0	0	0	0	0	0	0	0	0	0	0	0	0	0	0	0	0	0	0	0
0	0	0	0	0	0	0	0	0	0	0	0	0	0	0	0	0	0	0	0	0	0	0	0	0	0	0	0	0	0	0	0	0.752057435576111	0	0	0	0.737346377568173	0.871495409358929	0.634909456380053	0.968046190889434	0.994617720938715	0	0	0.718252315258614	0.778527446035043	0.570905050817327	0.873057865405637	0.664452793986436	0	0	0	0	0	0	0	0	0	0	0	0	0	0	0	0	0	0	0	0	0	0	0	0	0	0	0	0	0	0	0	0	0	0	0	0	0	0	0	0	0	0
0	0	0	0	0	0	0	0	0	0	0	0	0	0	0	0	0	0	0	0	0	0	0	0	0	0	0	0	0	0	0	0	0	0	0.552482375445398	0	0.719097249580495	0.989316541468571	0.639483152466029	0.92354242524285	0.532296942501543	0	0	0.566063343802305	0.550733301561841	0	0.843379126210873	0.551424508082349	0	0	0	0	0	0	0	0	0	0	0	0	0	0	0	0	0	0	0	0	0	0	0	0	0	0	0	0	0	0	0	0	0	0	0	0	0	0	0	0	0	0
0	0	0	0	0	0	0	0	0	0	0	0	0	0	0	0	0	0	0	0	0	0	0	0	0	0	0	0	0	0	0	0	0	0	0	0	0	0	0.99412775522426	0	0.545807334125554	0.572338867373785	0.646323067375535	0	0.530170017775	0.519522441658328	0.622845874507443	0.709497390646115	0.823000024243141	0	0	0.767216059012667	0	0	0.883498361444585	0	0	0	0	0	0	0	0	0	0	0	0	0	0	0	0	0	0	0	0	0	0	0	0	0	0	0	0	0	0	0	0	0	0	0
0	0	0	0	0	0	0	0	0	0	0	0	0	0	0	0	0	0	0	0	0	0	0	0	0	0	0	0	0	0	0	0	0	0	0	0	0	0	0	0.644144086074678	0.980565134196769	0.948611643420266	0.566068162287395	0.729691019043924	0	0.837468143127536	0.532170708097315	0.870946555774929	0.786930706836237	0.86609444135467	0	0	0	0	0	0.663690978328112	0	0	0	0	0	0	0	0	0	0	0	0	0	0	0	0	0	0	0	0	0	0	0	0	0	0	0	0	0	0	0	0	0	0
0	0	0	0	0	0	0	0	0	0	0	0	0	0	0	0	0	0	0	0	0	0	0	0	0	0	0	0	0	0	0	0	0.710849168228085	0	0	0	0	0	0	0	0.644778260571027	0.927431030539565	0	0.607086420493427	0.52993513627853	0	0.597474737783991	0.990783788446378	0.860056349776689	0.786540418796277	0.806083656076507	0	0	0	0	0	0	0	0	0	0	0	0	0	0	0	0	0	0	0	0	0	0	0	0	0	0	0	0	0	0	0	0	0	0	0	0	0	0	0
0	0	0	0	0	0	0	0	0	0	0	0	0	0	0	0	0	0	0	0	0	0	0	0	0	0	0	0	0	0	0	0	0	0	0	0	0.902539336437711	0	0	0	0	0.718159813146146	0.787666802191931	0.500610374512579	0.740228019167972	0.68027781422933	0	0.94955185973814	0.751487308581458	0.652409118722724	0.525716653024521	0.584746065033088	0	0	0	0.637953752260928	0	0	0	0	0	0	0	0	0	0	0	0	0	0	0	0	0	0	0	0	0	0	0	0	0	0	0	0	0	0	0	0	0	0
0	0	0	0	0	0	0	0	0	0	0	0	0	0	0	0	0	0	0	0	0	0	0	0	0	0	0	0	0	0	0	0	0	0	0	0	0	0	0	0.840106703248995	0	0.87233229393891	0.563726519432018	0.599287318630176	0.966515974807319	0.88315234184317	0.629404698957019	0	0	0.692004451664505	0.54993951586029	0.823417136276402	0.562574627609051	0.778095910766205	0	0	0	0	0	0	0	0	0	0	0	0	0	0	0	0	0	0	0	0	0	0	0	0	0	0	0	0	0	0	0	0	0	0	0	0
0	0	0	0	0	0	0	0	0	0	0	0	0	0	0	0	0	0	0	0	0	0	0	0	0	0	0	0	0	0	0	0	0	0	0	0	0	0	0	0	0	0	0	0.645537926959754	0.900741198197223	0.818676592611068	0.813632285299722	0	0	0.690524637448291	0.55801919923814	0.644250661021871	0.81014756305583	0.687291624511956	0	0	0	0	0	0	0	0	0	0	0	0	0	0	0	0	0	0	0	0	0	0	0	0	0	0	0	0	0	0	0	0	0	0	0	0
0	0	0	0	0	0	0	0	0	0	0	0	0	0	0	0	0	0	0	0	0	0	0	0	0	0	0	0	0	0	0	0	0	0	0	0	0	0	0	0	0	0	0	0	0.947145545499233	0.650854656032741	0.824867643148494	0.581223007983389	0.726895230314021	0	0.636279174414982	0.716256118958398	0.710189218785338	0	0.980150216501552	0	0	0	0	0.550720727889911	0	0	0	0	0	0	0	0	0	0	0	0	0	0	0	0	0	0	0	0	0	0	0	0	0	0	0	0	0	0
0	0	0	0	0	0	0	0	0	0	0	0	0	0	0	0	0	0	0	0	0	0	0	0	0	0	0	0	0	0	0	0	0	0	0	0	0	0	0	0	0	0	0	0	0	0.648670485921686	0.714973737833983	0.642116993986226	0.981832531451123	0.646184119628037	0	0.992474415994059	0.732039578437599	0.825801864774186	0.603680854317712	0.996139764407225	0	0	0	0	0	0	0	0	0	0	0	0	0	0	0	0	0	0	0	0	0	0	0	0	0	0	0	0	0	0	0	0	0	0
0	0	0	0	0	0	0	0	0	0	0	0	0	0	0	0	0	0	0	0	0	0	0	0	0	0	0	0	0	0	0	0.520622552869197	0	0	0	0	0.831802893044038	0	0	0	0	0	0	0.829742912419194	0	0	0.831925502565553	0.547032911442385	0.789297394159149	0.62353796349808	0.708730443436057	0	0.798907991742254	0	0	0	0.558876965202292	0	0	0	0	0	0	0	0	0	0	0	0	0	0	0	0	0	0	0	0	0	0	0	0	0	0	0	0	0	0	0	0	0
0	0	0	0	0	0	0	0	0	0	0	0	0	0	0	0	0	0	0	0	0	0	0	0	0	0	0	0	0	0	0	0	0	0.601587952775057	0	0	0	0	0	0	0	0	0	0	0	0	0	0.516070725143053	0.860248005048013	0.82606713782793	0.78604234583094	0.857987841042702	0	0.901473569941485	0.676070718376459	0.729399560151953	0	0.70712651278328	0	0	0	0	0	0	0	0	0	0	0	0	0	0	0	0	0	0	0	0	0	0	0	0	0	0	0	0	0	0	0	0
0	0	0	0	0	0	0	0	0	0	0	0	0	0	0	0	0	0	0	0	0	0	0	0	0	0	0	0	0	0	0	0	0	0	0	0	0	0	0	0	0	0	0	0	0	0	0	0.976745662399667	0.806942820718805	0	0.565871431855028	0	0.569346028874571	0	0	0.739004829319669	0.737935832336043	0.682636680839043	0	0.550715882067968	0	0	0	0	0	0	0	0	0	0	0	0	0	0	0	0	0	0	0	0	0	0	0	0	0	0	0	0	0	0
0	0	0	0	0	0	0	0	0	0	0	0	0	0	0	0	0	0	0	0	0	0	0	0	0	0	0	0	0	0	0	0	0	0	0	0	0	0	0	0	0	0	0	0.799842735132502	0	0	0	0	0	0.618787236680152	0.882147294953879	0	0.727187536401685	0	0	0	0.904596270572254	0.94752623099933	0.596336372653696	0.787056432643824	0	0	0	0	0	0	0	0	0	0	0	0	0	0	0	0	0	0	0	0	0	0	0	0	0	0	0	0	0	0
0	0	0	0	0	0	0	0	0	0	0	0	0	0	0	0	0	0	0	0	0	0	0	0	0	0	0	0	0	0	0.967587559378581	0	0	0	0	0	0	0	0	0	0	0	0	0	0.637481454806811	0	0.797509950466004	0	0	0	0.554669618681673	0	0.594610347097765	0.502227627650768	0	0	0.665804219966641	0	0.717836313913702	0	0	0	0	0	0	0	0	0	0	0	0	0	0	0	0	0	0	0	0	0	0	0	0	0	0	0	0	0	0	0
0	0	0	0	0	0	0	0	0	0	0	0	0	0	0	0	0	0	0	0	0	0	0	0	0	0	0	0	0	0	0.83821732704342	0.831674519897638	0	0	0	0	0	0	0	0	0	0	0	0	0	0	0	0	0	0	0	0.694903943343088	0	0.941362589724129	0.698962421141297	0.683434303413535	0	0.898929030120443	0.728250596132576	0.965768111047558	0	0	0	0	0	0	0	0	0	0	0	0	0	0	0	0	0	0	0	0	0	0	0	0	0	0	0	0	0	0
0	0	0	0	0	0	0	0	0	0	0	0	0	0	0	0	0	0	0	0	0	0	0	0	0	0	0	0	0	0	0.883747317309602	0.960937155681161	0.748151834590671	0	0	0	0	0	0	0	0	0	0	0	0	0	0	0	0	0	0	0	0.887135772034809	0.771814505756104	0.852334204709149	0	0.565812487488107	0	0.808363103284829	0.685139030557391	0	0	0	0	0	0	0	0	0	0	0	0	0	0	0	0	0	0	0	0	0	0	0	0	0	0	0	0	0	0
0	0	0	0	0	0	0	0	0	0	0	0	0	0	0	0	0	0	0	0	0	0	0	0	0	0	0	0	0	0	0.549027030286412	0.750089016649294	0.903135985541993	0.822721588989364	0	0	0	0	0	0	0	0	0	0	0	0	0	0	0	0	0	0	0	0	0.990590332225346	0.632356353681486	0.793226931664042	0.802074002381383	0	0.726433913697678	0	0	0	0	0	0	0	0	0	0	0	0	0	0	0	0	0	0	0	0	0	0	0	0	0	0	0	0	0	0
0	0	0	0	0	0	0	0	0	0	0	0	0	0	0	0	0	0	0	0	0	0	0	0	0	0	0	0	0	0	0.722181738555479	0.584042500737972	0.647706065221147	0.828077895717696	0.990728307061693	0	0	0	0	0	0	0	0	0	0	0	0	0	0	0.516350707546933	0	0	0	0.795958841324411	0.548072594452979	0	0.798373014502476	0.660758296324744	0.671298254886933	0	0	0	0	0	0	0	0	0	0	0	0	0	0	0	0	0	0	0	0	0	0	0	0	0	0	0	0	0	0	0
0	0	0	0	0	0	0	0	0	0	0	0	0	0	0	0	0	0	0	0	0	0	0	0	0	0	0	0	0	0	0	0	0	0	0	0	0	0	0	0	0	0	0	0	0	0	0	0	0	0	0	0	0	0	0	0	0	0	0	0	0	0	0	0.870373455700526	0.913620874892477	0	0.79946746755855	0	0	0.542280542152836	0	0.796031803818227	0.931828249445351	0	0	0	0	0.662335412775388	0	0	0	0	0	0.711284104659696	0.535100581937224	0	0.863349283726671	0.886633805587353	0.606729102098374	0.549336014732179
0	0	0	0	0	0	0	0	0	0	0	0	0	0	0	0	0	0	0	0	0	0	0	0	0	0	0	0	0	0	0	0	0	0	0	0	0	0	0	0	0	0	0	0	0	0	0	0	0	0	0	0	0	0	0	0	0	0	0	0	0	0	0.519398411540313	0	0.820082973115327	0.919825111807648	0	0.670508299958088	0	0	0	0.750868204964143	0	0	0	0	0	0	0.972142022978844	0.881218780402059	0	0.873084056563665	0	0.898993276278761	0.847041895510273	0.996969013284094	0.98943153960612	0.605473372505441	0.520845294263745	0
0	0	0	0	0	0	0	0	0	0	0	0	0	0	0	0	0	0	0	0	0	0	0	0	0	0	0	0	0	0	0	0	0	0	0	0	0	0	0	0	0	0	0	0	0	0	0	0	0	0	0	0	0	0	0	0	0	0	0	0	0	0.640774748299548	0	0.629464482770934	0.662684702942883	0.801198128961099	0.876632817374721	0.948605921655838	0.808413120345619	0.995580710352486	0	0	0	0.978971355179489	0	0	0	0	0	0	0	0	0	0	0	0.786711247225692	0.641596870086903	0.878830487663174	0.622770958031635	0.508596871695262
0	0	0	0	0	0	0	0	0	0	0	0	0	0	0	0	0	0	0	0	0	0	0	0	0	0	0	0	0	0	0	0	0	0	0	0	0	0	0	0	0	0	0	0	0	0	0	0	0	0	0	0	0	0	0	0	0	0	0	0	0.697238900972304	0	0.947390509399899	0	0	0	0.975492446083325	0.605119807241689	0.819544527209867	0	0.972387967970383	0	0.929526597444308	0	0.751526528753974	0.53977939234245	0	0.57782811264342	0	0.951625771122758	0	0	0	0	0	0	0	0	0.567728404715611	0
0	0	0	0	0	0	0	0	0	0	0	0	0	0	0	0	0	0	0	0	0	0	0	0	0	0	0	0	0	0	0	0	0	0	0	0	0	0	0	0	0	0	0	0	0	0	0	0	0	0	0	0	0	0	0	0	0	0	0	0	0.882486673583563	0.967748597007915	0.719355423613161	0	0	0.809922027208736	0	0	0.894140985945123	0	0	0.709889949274719	0	0.779664877498863	0	0	0	0.74035951769376	0.943636849806773	0	0	0	0	0.762897150019501	0	0	0	0.850223514571008	0.814695634679328	0.875924245512147
0	0	0	0	0	0	0	0	0	0	0	0	0	0	0	0	0	0	0	0	0	0	0	0	0	0	0	0	0	0	0	0	0	0	0	0	0	0	0	0	0	0	0	0	0	0	0	0	0	0	0	0	0	0	0	0	0	0	0	0	0	0.809199429445709	0.675308982249915	0	0.636047592228584	0	0.813810858095739	0.987434701232798	0.77145060184002	0.894013833744263	0.701190659192432	0.944350112037445	0.749414959236246	0.884386092569939	0	0	0	0	0	0.795154720191495	0.515658831265386	0	0	0	0	0	0	0	0.9323986976178	0.768353839147419
0	0	0	0	0	0	0	0	0	0	0	0	0	0	0	0	0	0	0	0	0	0	0	0	0	0	0	0	0	0	0	0	0	0	0	0	0	0	0	0	0	0	0	0	0	0	0	0	0	0	0	0	0	0	0	0	0	0	0	0	0.740372456495807	0	0.583908927191868	0.657136111568365	0	0.955095090614711	0	0.881229530716535	0	0.966575727247446	0	0.736309818646285	0.761334288639375	0	0.615157885389845	0	0	0	0.939597612415769	0	0.832003954296493	0	0	0	0	0	0	0.814061636549384	0.957173725126591	0.792329296321317
0	0	0	0	0	0	0	0	0	0	0	0	0	0	0	0	0	0	0	0	0	0	0	0	0	0	0	0	0	0	0	0	0	0	0	0	0	0	0	0	0	0	0	0	0	0	0	0	0	0	0	0	0	0	0	0	0	0	0	0	0	0.684659844152388	0.857238917638639	0.554463063904158	0	0.858721875190775	0.640390743439352	0	0.503198245421705	0.771529578096218	0.749805218281756	0	0.985294569681876	0	0	0	0	0	0	0	0	0	0.670640971745533	0.844860601550346	0	0	0	0.968935233776298	0	0
0	0	0	0	0	0	0	0	0	0	0	0	0	0	0	0	0	0	0	0	0	0	0	0	0	0	0	0	0	0	0	0	0	0	0	0	0	0	0	0	0	0	0	0	0	0	0	0	0	0	0	0	0	0	0	0	0	0	0	0	0	0	0.601453958755055	0.837576356280583	0.531542997079124	0.82664284346642	0	0.759329677783784	0	0.614126059980303	0	0.504416272312402	0.835502877650737	0.54004532302604	0.899621244870904	0	0	0.829248023162673	0	0.759195428977527	0	0	0.885574333585469	0	0	0	0	0	0	0
0	0	0	0	0	0	0	0	0	0	0	0	0	0	0	0	0	0	0	0	0	0	0	0	0	0	0	0	0	0	0	0	0	0	0	0	0	0	0	0	0	0	0	0	0	0	0	0	0	0	0	0	0	0	0	0	0	0	0	0	0.935879332575295	0	0.693731273606379	0	0	0.931559671284234	0.936389072319035	0.733627005391716	0.526533371771712	0	0.934779411958347	0.976238311186767	0.745127769358065	0.996157821767413	0	0.990749595176026	0	0	0	0	0	0	0	0	0	0	0	0.895987085217702	0	0.552190130066719
0	0	0	0	0	0	0	0	0	0	0	0	0	0	0	0	0	0	0	0	0	0	0	0	0	0	0	0	0	0	0	0	0	0	0	0	0	0	0	0	0	0	0	0	0	0	0	0	0	0	0	0	0	0	0	0	0	0	0	0	0	0	0	0.540415507886222	0	0.533123648438629	0	0.844419737446542	0	0.95446861267987	0	0.729391910612005	0.67446028146545	0.719607050359182	0.508889310567143	0.653824609797392	0	0.858422644030287	0	0	0	0	0	0	0	0	0.684154021993978	0	0	0
0	0	0	0	0	0	0	0	0	0	0	0	0	0	0	0	0	0	0	0	0	0	0	0	0	0	0	0	0	0	0	0	0	0	0	0	0	0	0	0	0	0	0	0	0	0	0	0	0	0	0	0	0	0	0	0	0	0	0	0	0.876102540532421	0.902201738972374	0	0	0.753931265702578	0.671428363737764	0.589399454915053	0	0.514824107655522	0.730237710391338	0.97221453773294	0	0.744819594117598	0.950780672345492	0.75385042203226	0.929137139506351	0.700803674962896	0	0.832036246232745	0	0	0	0.930085448649012	0	0	0	0.847100040622144	0	0	0
0	0	0	0	0	0	0	0	0	0	0	0	0	0	0	0	0	0	0	0	0	0	0	0	0	0	0	0	0	0	0	0	0	0	0	0	0	0	0	0	0	0	0	0	0	0	0	0	0	0	0	0	0	0	0	0	0	0	0	0	0.606076245499692	0	0	0.699396156861046	0	0.805468379676561	0.55923215718677	0.882569163886519	0.762198440868692	0.906830242844677	0.527616845330874	0.800656295955011	0	0.659352819500119	0.996818441599123	0.689116344529812	0.800038090143603	0	0.759479257657868	0.854570466295591	0	0	0	0	0	0	0	0	0	0
0	0	0	0	0	0	0	0	0	0	0	0	0	0	0	0	0	0	0	0	0	0	0	0	0	0	0	0	0	0	0	0	0	0	0	0	0	0	0	0	0	0	0	0	0	0	0	0	0	0	0	0	0	0	0	0	0	0	0	0	0	0	0.523984493486109	0	0.9868717899816	0.699961874549803	0	0	0.58619748732083	0.57929156866635	0.550761123541053	0.538573975448986	0.929833743806324	0	0.769566781542254	0.67974466680423	0.859046739120772	0.930574327267332	0.97032927441482	0	0.572448805861304	0	0	0	0	0.663458705073228	0	0	0	0
0	0	0	0	0	0	0	0	0	0	0	0	0	0	0	0	0	0	0	0	0	0	0	0	0	0	0	0	0	0	0	0	0	0	0	0	0	0	0	0	0	0	0	0	0	0	0	0	0	0	0	0	0	0	0	0	0	0	0	0	0	0	0	0.810514975597559	0	0	0.703872227605966	0	0.855873261696422	0	0.577430270727651	0.66042543515231	0.954950361956906	0.602139356671151	0	0.809968079317915	0.597367104444996	0.913136762588585	0.616170201396549	0.818877524732897	0	0.821589669908527	0	0.947234879246991	0	0	0	0	0	0.610256090559031
0	0	0	0	0	0	0	0	0	0	0	0	0	0	0	0	0	0	0	0	0	0	0	0	0	0	0	0	0	0	0	0	0	0	0	0	0	0	0	0	0	0	0	0	0	0	0	0	0	0	0	0	0	0	0	0	0	0	0	0	0	0	0	0.560432021780979	0	0	0	0	0	0.836112654453804	0.607626472124654	0.947816647257933	0.716450441406541	0.775003995666125	0.506701503435755	0	0.779081209386069	0.971078146573009	0.775749396871225	0.909423527061122	0	0.67548721321647	0	0.880778508639068	0	0	0	0	0.587521080663247	0.684590635688506
0	0	0	0	0	0	0	0	0	0	0	0	0	0	0	0	0	0	0	0	0	0	0	0	0	0	0	0	0	0	0	0	0	0	0	0	0	0	0	0	0	0	0	0	0	0	0	0	0	0	0	0	0	0	0	0	0	0	0	0	0	0	0	0	0	0	0	0	0	0	0	0.796971533035328	0.819960562030682	0.992472924762182	0.846536937506215	0.825262815227553	0	0	0.645077831702624	0.796693431460206	0.564609071985813	0.720550215475618	0.559686346237094	0.571674841796591	0	0.855754656965437	0.520320670769336	0.905500265359476	0	0
0	0	0	0	0	0	0	0	0	0	0	0	0	0	0	0	0	0	0	0	0	0	0	0	0	0	0	0	0	0	0	0	0	0	0	0	0	0	0	0	0	0	0	0	0	0	0	0	0	0	0	0	0	0	0	0	0	0	0	0	0.852384919940007	0	0	0.895778636581315	0.795791064254224	0	0	0	0.829030165571116	0	0.92165458866827	0	0	0.923523518491311	0.531737625469094	0.927350888163477	0	0	0.801133890163324	0.807204243290232	0.692883654625625	0	0.529822225678278	0.891009511492657	0.813533625741731	0.907773403490297	0	0	0	0
0	0	0	0	0	0	0	0	0	0	0	0	0	0	0	0	0	0	0	0	0	0	0	0	0	0	0	0	0	0	0	0	0	0	0	0	0	0	0	0	0	0	0	0	0	0	0	0	0	0	0	0	0	0	0	0	0	0	0	0	0	0.890690892657396	0	0	0.67915776942562	0	0.524186377668468	0	0	0	0	0.711397662606855	0.733954146344697	0.788106063807904	0.580691886289967	0.725211149886015	0.930134071587005	0.978645287585363	0	0	0.674870715100547	0	0.92586576531161	0	0.537575000074247	0.907831338918707	0.548421573700114	0.939101219021163	0.972265282647962	0.504839819458121
0	0	0	0	0	0	0	0	0	0	0	0	0	0	0	0	0	0	0	0	0	0	0	0	0	0	0	0	0	0	0	0	0	0	0	0	0	0	0	0	0	0	0	0	0	0	0	0	0	0	0	0	0	0	0	0	0	0	0	0	0	0.597557834042026	0	0.961747998185007	0	0.928493372901336	0	0	0.566277904336631	0	0	0	0.523955130069675	0	0.694689922321604	0.551070470056917	0.585604851465901	0.875165967965169	0	0	0.744798892566134	0.766690001355855	0.5001950123631	0.717070000695333	0.67356635334298	0	0.869142447496651	0	0	0
0	0	0	0	0	0	0	0	0	0	0	0	0	0	0	0	0	0	0	0	0	0	0	0	0	0	0	0	0	0	0	0	0	0	0	0	0	0	0	0	0	0	0	0	0	0	0	0	0	0	0	0	0	0	0	0	0	0	0	0	0	0	0	0	0	0.867985418334582	0.810936401768799	0	0	0	0	0	0	0.74512417448774	0	0	0.719584487877231	0.934635148380275	0.903441919538296	0.815565920123099	0	0.644234612486878	0.857447926506286	0.833321106439832	0.881462972589568	0.659510112320541	0.664937428066655	0.593184527896854	0	0
0	0	0	0	0	0	0	0	0	0	0	0	0	0	0	0	0	0	0	0	0	0	0	0	0	0	0	0	0	0	0	0	0	0	0	0	0	0	0	0	0	0	0	0	0	0	0	0	0	0	0	0	0	0	0	0	0	0	0	0	0	0.986623570422884	0	0	0	0	0	0	0	0	0	0	0	0	0.641251613082077	0.947037833983132	0.674125897247127	0	0	0.815964756042069	0.948991098530777	0	0.678207159156514	0.508156937600904	0.764849147194106	0	0	0.84336228185883	0.514584807592288	0.713108924650581
0	0	0	0	0	0	0	0	0	0	0	0	0	0	0	0	0	0	0	0	0	0	0	0	0	0	0	0	0	0	0	0	0	0	0	0	0	0	0	0	0	0	0	0	0	0	0	0	0	0	0	0	0	0	0	0	0	0	0	0	0	0	0	0	0	0	0	0.560838510008114	0.540339725272401	0	0	0.691512602706695	0	0	0	0	0.649189407011963	0.590483490597019	0.994280695070501	0.526939271572566	0.516612075104598	0.676491710192305	0	0	0.568009870368764	0.754590686970506	0.637599565902397	0	0.715116015949592	0
0	0	0	0	0	0	0	0	0	0	0	0	0	0	0	0	0	0	0	0	0	0	0	0	0	0	0	0	0	0	0	0	0	0	0	0	0	0	0	0	0	0	0	0	0	0	0	0	0	0	0	0	0	0	0	0	0	0	0	0	0.86092491394876	0.622536558022823	0	0	0.747585399785678	0	0	0.58060424413086	0	0	0	0	0	0	0.725330299042056	0.505546511505891	0.729089547507585	0.922240521496941	0	0.874209328955588	0.66074492959497	0.986541550639703	0	0	0	0.949786057873325	0.75687885355939	0.639224140739665	0	0
0	0	0	0	0	0	0	0	0	0	0	0	0	0	0	0	0	0	0	0	0	0	0	0	0	0	0	0	0	0	0	0	0	0	0	0	0	0	0	0	0	0	0	0	0	0	0	0	0	0	0	0	0	0	0	0	0	0	0	0	0.601441232708991	0.661282955642373	0	0	0	0	0	0	0	0	0	0	0	0	0	0	0	0.701879385823065	0.510062694806611	0.837729572817049	0.56388538690299	0.90044483384924	0.726122417965999	0	0	0.950493234842026	0.649995854607222	0.671407473902211	0.898027987761938	0.622363709699165
0	0	0	0	0	0	0	0	0	0	0	0	0	0	0	0	0	0	0	0	0	0	0	0	0	0	0	0	0	0	0	0	0	0	0	0	0	0	0	0	0	0	0	0	0	0	0	0	0	0	0	0	0	0	0	0	0	0	0	0	0	0.827908936782948	0.827616346189882	0	0	0	0	0	0	0	0	0	0	0.905588387435199	0	0	0.814135846099387	0.806909239082101	0.89998435999248	0	0.64438529549006	0	0.842698552137306	0.846806098414651	0.728220710138864	0	0.771007688437939	0.647166557028864	0	0.737719798473496
0	0	0	0	0	0	0	0	0	0	0	0	0	0	0	0	0	0	0	0	0	0	0	0	0	0	0	0	0	0	0	0	0	0	0	0	0	0	0	0	0	0	0	0	0	0	0	0	0	0	0	0	0	0	0	0	0	0	0	0	0.638533259536184	0.568911648954491	0.843333335960893	0	0	0	0	0	0	0	0.742766818117717	0.865720729589769	0	0	0	0	0.736589531043852	0	0.657564890794557	0.5972508843662	0.559904149517482	0	0.840716558310188	0.656314451307778	0.974426649824342	0.645429888688764	0	0.576533517614018	0	0.644913857355201
0	0	0	0	0	0	0	0	0	0	0	0	0	0	0	0	0	0	0	0	0	0	0	0	0	0	0	0	0	0	0	0	0	0	0	0	0	0	0	0	0	0	0	0	0	0	0	0	0	0	0	0	0	0	0	0	0	0	0	0	0.884351895993682	0.970072643885761	0.916647536079509	0	0.590205914770518	0	0.590307606663768	0.624660774768501	0	0.53330379303071	0	0	0	0	0	0	0.578223424067495	0	0.858253460421772	0	0.676789528200272	0.819805243100552	0	0.751250261525108	0.747761348557998	0.707544851621012	0.676412974497065	0	0	0.729573223703203
0	0	0	0	0	0	0	0	0	0	0	0	0	0	0	0	0	0	0	0	0	0	0	0	0	0	0	0	0	0	0	0	0	0	0	0	0	0	0	0	0	0	0	0	0	0	0	0	0	0	0	0	0	0	0	0	0	0	0	0	0.859930304821327	0.570321930517031	0.901305191885911	0.97771659205126	0.671300482891312	0.51564273665128	0.91183788883662	0	0	0	0	0	0	0	0	0.926220447570749	0	0	0.954849477508728	0	0	0.519819197638673	0.833989355446857	0	0.508233303141107	0	0	0	0	0.839922114912578
0	0	0	0	0	0	0	0	0	0	0	0	0	0	0	0	0	0	0	0	0	0	0	0	0	0	0	0	0	0	0	0	0	0	0	0	0	0	0	0	0	0	0	0	0	0	0	0	0	0	0	0	0	0	0	0	0	0	0	0	0.933467228809878	0	0.770463526810366	0	0.908216079986339	0.891454932375373	0.884077053269033	0	0	0.776094675452493	0	0	0	0	0.798727368364874	0.696476961000532	0	0	0.78032761077216	0	0	0.812944260466482	0	0	0.882192013095929	0.580432195953574	0.962425327537062	0.813589646976193	0.845860753165529	0
