0	0.754711163106753	0.592614219725	0.921089660711564	0	0.823099070704882	0.625340289074934	0.697980661100921	0	0.958706400001994	0	0	0.600638521147438	0.937232488804039	0.955118063406346	0.709472739529144	0.735060931818842	0.547212960376736	0	0	0	0	0	0	0	0	0	0	0	0	0	0	0	0	0	0	0	0	0	0	0	0	0	0	0	0	0	0	0	0	0	0	0	0	0	0	0	0	0	0	0	0	0	0	0	0	0	0	0	0	0	0	0	0	0	0	0	0	0	0	0	0	0	0	0	0	0	0	0	0
0.936851646147465	0	0.921220430454787	0.996134167644531	0.557089667871157	0.70322506441994	0.839364112462817	0	0	0.502515809961046	0	0.924723353645912	0	0.728014029208626	0.891841453874615	0.943593309793265	0	0.57960951884913	0	0	0	0	0	0	0	0	0	0	0	0	0	0	0	0	0	0	0	0	0	0	0	0	0	0	0	0	0	0	0	0	0	0	0	0	0	0	0	0	0	0	0	0	0	0	0	0	0	0	0	0	0	0	0	0	0	0	0	0	0	0	0	0	0	0	0	0	0	0	0	0
0.617997449031664	0.785345555718592	0	0	0.977836705356502	0.664920120853564	0.647658145241386	0.652355363205269	0	0.938085570472268	0.962106496155797	0.516882395416519	0	0	0.814440321044017	0.657206587467437	0	0.72363351442592	0	0	0	0	0	0	0	0	0	0	0	0	0	0	0	0	0	0	0	0	0	0	0	0	0	0	0	0	0	0	0	0	0	0	0	0	0	0	0	0	0	0	0	0	0	0	0	0	0	0	0	0	0	0	0	0	0	0	0	0	0	0	0	0	0	0	0	0	0	0	0	0
0.710483889996362	0.609109596649201	0	0	0.641591633883824	0	0.974507830648816	0	0.653629219525592	0.563723299024482	0.76719143950467	0	0	0.921488370549605	0.839834464264712	0	0.608493767998936	0	0	0	0	0	0	0	0	0	0	0	0	0	0	0	0	0	0	0	0	0	0	0	0	0	0	0	0	0	0	0	0	0	0	0	0	0	0	0	0	0	0	0	0	0	0	0	0	0	0	0	0	0	0	0	0	0	0	0	0	0	0	0	0	0	0	0	0	0	0	0	0	0
0	0.924666902665014	0.955493799716061	0.59243923597083	0	0.984806270018608	0.995901584841364	0.534424405564364	0	0.888998442109678	0	0	0.848804020561567	0.546536738302403	0.59041706195908	0.670392010630682	0.538773952045495	0.604030588735898	0	0	0	0	0	0	0	0	0	0	0	0	0	0	0	0	0	0	0	0	0	0	0	0	0	0	0	0	0	0	0	0	0	0	0	0	0	0	0	0	0	0	0	0	0	0	0	0	0	0	0	0	0	0	0	0	0	0	0	0	0	0	0	0	0	0	0	0	0	0	0	0
0.985564314323073	0.640711550250337	0.562154291359082	0	0.711855403143299	0	0.931134845638617	0.891125372988335	0	0	0.97770392848431	0	0	0.64209821870922	0.571160080005179	0	0	0.851219924113553	0	0	0	0	0	0	0	0	0	0	0	0	0	0	0	0	0	0	0	0	0	0	0	0	0	0	0	0	0	0	0	0	0	0	0	0	0	0	0	0	0	0	0	0	0	0	0	0	0	0	0	0	0	0	0	0	0	0	0	0	0	0	0	0	0	0	0	0	0	0	0	0
0.870789074072777	0.870861005675509	0.801810577407731	0.784973182490413	0.644117885421151	0.580114804929942	0	0.792512996626178	0.550206378754835	0.805570871207188	0.804221193771183	0	0.860020737633582	0.732955864418901	0.702132005350011	0	0	0	0	0	0	0	0	0	0	0	0	0	0	0	0	0	0	0	0	0	0	0	0	0	0	0	0	0	0	0	0	0	0	0	0	0	0	0	0	0	0	0	0	0	0	0	0	0	0	0	0	0	0	0	0	0	0	0	0	0	0	0	0	0	0	0	0	0	0	0	0	0	0	0
0.602166819383935	0	0.871665377925556	0	0.610779325289729	0.715524348300299	0.920912290271605	0	0.502245614619091	0.862633484940708	0.942385478272	0	0.735857233753484	0.88297591342441	0	0	0.970851391631653	0	0	0	0	0	0	0	0	0	0	0	0	0	0	0	0	0	0	0	0	0	0	0	0	0	0	0	0	0	0	0	0	0	0	0	0	0	0	0	0	0	0	0	0	0	0	0	0	0	0	0	0	0	0	0	0	0	0	0	0	0	0	0	0	0	0	0	0	0	0	0	0	0
0	0	0	0.924453505220435	0	0	0.844320151000795	0.902195176267383	0	0.987192064342576	0.809012151985101	0.824741314606353	0.895023663346266	0.529077830078526	0.998369283047877	0	0.672459007340123	0	0	0	0	0	0	0	0	0	0	0	0	0	0	0	0	0	0	0	0	0	0	0	0	0	0	0	0	0	0	0	0	0	0	0	0	0	0	0	0	0	0	0	0	0	0	0	0	0	0	0	0	0	0	0	0	0	0	0	0	0	0	0	0	0	0	0	0	0	0	0	0	0
0.752007277890186	0.76132720063973	0.513207957122074	0.994437995256965	0.671919632778147	0	0.613985341282474	0.939946323018115	0.802160137063139	0	0.905192743552282	0.51445828250694	0.65740054272174	0.766590285063047	0.896268848133622	0.987135860581625	0.667221397988456	0	0	0	0	0	0	0	0	0	0	0	0	0	0	0	0	0	0	0	0	0	0	0	0	0	0	0	0	0	0	0	0	0	0	0	0	0	0	0	0	0	0	0	0	0	0	0	0	0	0	0	0	0	0	0	0	0	0	0	0	0	0	0	0	0	0	0	0	0	0	0	0	0
0	0	0.688137147266378	0.5191757282958	0	0.501125430845892	0.667432036178323	0.989644138820439	0.525137974847685	0.808985497543478	0	0.716710927618875	0.606323629120455	0.941285553538769	0.82108281248393	0.977861576423635	0.694995598724354	0.953906358277142	0	0	0	0	0	0	0	0	0	0	0	0	0	0	0	0	0	0	0	0	0	0	0	0	0	0	0	0	0	0	0	0	0	0	0	0	0	0	0	0	0	0	0	0	0	0	0	0	0	0	0	0	0	0	0	0	0	0	0	0	0	0	0	0	0	0	0	0	0	0	0	0
0	0.656191234004789	0.7522185965725	0	0	0	0	0	0.673894330875574	0.735075697345358	0.721132880161749	0	0.950561340079093	0	0.847499785387683	0.68161001632054	0.949567120281625	0.558216490049883	0	0	0	0	0	0	0	0	0	0	0	0	0	0	0	0	0	0	0	0	0	0	0	0	0	0	0	0	0	0	0	0	0	0	0	0	0	0	0	0	0	0	0	0	0	0	0	0	0	0	0	0	0	0	0	0	0	0	0	0	0	0	0	0	0	0	0	0	0	0	0	0
0.631393444522154	0	0	0	0.934689569259785	0	0.5288803351696	0.73796593047017	0.908615232519827	0.715770409317452	0.887126314925602	0.524498233211064	0	0	0	0.732624132246758	0.982989383830509	0.829131572231148	0	0	0	0	0	0	0	0	0	0	0	0	0	0	0	0	0	0	0	0	0	0	0	0	0	0	0	0	0	0	0	0	0	0	0	0	0	0	0	0	0	0	0	0	0	0	0	0	0	0	0	0	0	0	0	0	0	0	0	0	0	0	0	0	0	0	0	0	0	0	0	0
0.502566010124102	0.590165496835242	0	0.607364258587626	0.683614723220026	0.816167794568533	0.658681740640219	0.958466874178353	0.611316370095501	0.838754447975543	0.937033164637215	0	0	0	0.879263757900089	0.894184781397607	0.708497205882347	0.631687352380332	0	0	0	0	0	0	0	0	0	0	0	0	0	0	0	0	0	0	0	0	0	0	0	0	0	0	0	0	0	0	0	0	0	0	0	0	0	0	0	0	0	0	0	0	0	0	0	0	0	0	0	0	0	0	0	0	0	0	0	0	0	0	0	0	0	0	0	0	0	0	0	0
0.796695687533346	0.835196610384036	0.891242895646914	0.983538807190167	0.876875370040912	0.624321127588828	0.689929622184727	0	0.927212008886291	0.552026262404159	0.577356909281585	0.973396191515042	0	0.579234284647755	0	0.522435159917667	0	0.71632881523769	0	0	0	0	0	0	0	0	0	0	0	0	0	0	0	0	0	0	0	0	0	0	0	0	0	0	0	0	0	0	0	0	0	0	0	0	0	0	0	0	0	0	0	0	0	0	0	0	0	0	0	0	0	0	0	0	0	0	0	0	0	0	0	0	0	0	0	0	0	0	0	0
0.900799198127165	0.619847298651663	0.865999182228114	0	0.910665175623153	0	0	0	0	0.791693206819749	0.713240742983754	0.575116021530524	0.550186786319526	0.598126248470147	0.816226730087338	0	0	0.726231205970154	0	0	0	0	0	0	0	0	0	0	0	0	0	0	0	0	0	0	0	0	0	0	0	0	0	0	0	0	0	0	0	0	0	0	0	0	0	0	0	0	0	0	0	0	0	0	0	0	0	0	0	0	0	0	0	0	0	0	0	0	0	0	0	0	0	0	0	0	0	0	0	0
0.947150894032067	0	0	0.861027550929674	0.686005350223935	0	0	0.943741200925485	0.924682863636907	0.801882594350828	0.643380556943388	0.989024984607111	0.6960674517486	0.850607701309121	0	0	0	0.560638262849967	0	0	0	0	0	0	0	0	0	0	0	0	0	0	0	0	0	0	0	0	0	0	0	0	0	0	0	0	0	0	0	0	0	0	0	0	0	0	0	0	0	0	0	0	0	0	0	0	0	0	0	0	0	0	0	0	0	0	0	0	0	0	0	0	0	0	0	0	0	0	0	0
0.6270991124968	0.86790820779894	0.7586610692289	0	0.623302243751401	0.707610088172166	0	0	0	0	0.762773253099698	0.870635893464218	0.849713050502049	0.637870861004983	0.678634004429221	0.902465752353275	0.980651482089361	0	0	0	0	0	0	0	0	0	0	0	0	0	0	0	0	0	0	0	0	0	0	0	0	0	0	0	0	0	0	0	0	0	0	0	0	0	0	0	0	0	0	0	0	0	0	0	0	0	0	0	0	0	0	0	0	0	0	0	0	0	0	0	0	0	0	0	0	0	0	0	0	0
0	0	0	0	0	0	0	0	0	0	0	0	0	0	0	0	0	0	0	0.82495671018499	0.978933967388361	0.533830513066571	0.975505869122402	0.730310674350024	0.838072385269691	0.795623646051755	0	0	0	0.890102625029814	0.801088293206213	0.985328659042284	0.836853526641854	0.911592502227758	0.585503923237162	0.594775141360046	0	0	0	0	0	0	0	0	0	0	0	0	0	0	0	0	0	0	0	0	0	0	0	0	0	0	0	0	0	0	0	0	0	0	0	0	0	0	0	0	0	0	0	0	0	0	0	0	0	0	0	0	0	0
0	0	0	0	0	0	0	0	0	0	0	0	0	0	0	0	0	0	0.854745514247388	0	0.793665400037769	0.855872801226584	0.877419368369934	0.75177478284046	0.557016617280887	0.641837079591833	0.687689700004426	0.66802602457255	0	0	0.827209818385484	0.825332577818724	0.941380120392101	0.926710286894904	0.712244063106508	0.796297133220956	0	0	0	0	0	0	0	0	0	0	0	0	0	0	0	0	0	0	0	0	0	0	0	0	0	0	0	0	0	0	0	0	0	0	0	0	0	0	0	0	0	0	0	0	0	0	0	0	0	0	0	0	0	0
0	0	0	0	0	0	0	0	0	0	0	0	0	0	0	0	0	0	0.869186861379794	0.89443562638667	0	0.680928412745573	0.551331352268705	0.919900828192468	0.642715905336875	0.808646049671122	0.810767647244393	0.535057550094887	0	0	0	0.900516921596731	0.72819966703345	0.923597663593564	0.979116723616118	0.846903275041946	0	0	0	0	0	0	0	0	0	0	0	0	0	0	0	0	0	0	0	0	0	0	0	0	0	0	0	0	0	0	0	0	0	0	0	0	0	0	0	0	0	0	0	0	0	0	0	0	0	0	0	0	0	0
0	0	0	0	0	0	0	0	0	0	0	0	0	0	0	0	0	0	0.836097547822013	0.918684494640978	0.792499773121083	0	0.761287686372178	0.948950882672742	0.911572762049862	0.981002866976413	0.619829481341405	0.574493358211158	0.840517629540648	0	0	0.705962337647761	0.610545285321506	0.732427324221354	0.827275566279354	0.709168974622378	0	0	0	0	0	0	0	0	0	0	0	0	0	0	0	0	0	0	0	0	0	0	0	0	0	0	0	0	0	0	0	0	0	0	0	0	0	0	0	0	0	0	0	0	0	0	0	0	0	0	0	0	0	0
0	0	0	0	0	0	0	0	0	0	0	0	0	0	0	0	0	0	0.883651254953214	0.561871683252424	0.557415275058073	0.621278195725214	0	0.986934768538586	0.661039786206964	0.556431039724887	0.752326297985381	0.72092455951816	0.986124018518794	0.830994635977391	0	0	0	0.727351266338407	0.852292941105264	0.831485782107972	0	0	0	0	0	0	0	0	0	0	0	0	0	0	0	0	0	0	0	0	0	0	0	0	0	0	0	0	0	0	0	0	0	0	0	0	0	0	0	0	0	0	0	0	0	0	0	0	0	0	0	0	0	0
0	0	0	0	0	0	0	0	0	0	0	0	0	0	0	0	0	0	0.85025325111811	0.810038235527243	0.991097695989045	0.687947187253936	0.614447937008193	0	0.785659348742471	0.871506505024315	0.957790722317759	0.702624790905419	0.580399503851389	0.542165873667398	0.774391591981337	0	0	0	0.99485237985722	0.660268061353611	0	0	0	0	0	0	0	0	0	0	0	0	0	0	0	0	0	0	0	0	0	0	0	0	0	0	0	0	0	0	0	0	0	0	0	0	0	0	0	0	0	0	0	0	0	0	0	0	0	0	0	0	0	0
0	0	0	0	0	0	0	0	0	0	0	0	0	0	0	0	0	0	0.799874686984459	0.896205480552091	0.833400640686581	0.950977386459981	0.97855520423005	0.556304118991799	0	0.71491130793005	0.665999428636813	0.805166366137344	0.638057094871523	0.667809609255608	0.79346325922181	0.969536444709487	0	0	0	0.552150333622601	0	0	0	0	0	0	0	0	0	0	0	0	0	0	0	0	0	0	0	0	0	0	0	0	0	0	0	0	0	0	0	0	0	0	0	0	0	0	0	0	0	0	0	0	0	0	0	0	0	0	0	0	0	0
0	0	0	0	0	0	0	0	0	0	0	0	0	0	0	0	0	0	0.63075913583231	0.717732048700394	0.677922522878529	0.717857880366447	0.777391091318651	0.934572393611091	0.65482687760276	0	0.666498520129272	0.977011433773817	0.552531263329361	0.944308508477804	0.663098823258337	0.824950279499502	0.740156061594852	0	0	0	0	0	0	0	0	0	0	0	0	0	0	0	0	0	0	0	0	0	0	0	0	0	0	0	0	0	0	0	0	0	0	0	0	0	0	0	0	0	0	0	0	0	0	0	0	0	0	0	0	0	0	0	0	0
0	0	0	0	0	0	0	0	0	0	0	0	0	0	0	0	0	0	0	0.959538056527153	0.860328875558473	0.739244657717855	0.562402520223903	0.536398157244365	0.678639408279611	0.921582554040493	0	0.743324639101703	0.745582453669059	0.759827363357277	0.969645606739965	0.583785026747017	0.769023285161074	0.983738987878948	0	0	0	0	0	0	0	0	0	0	0	0	0	0	0	0	0	0	0	0	0	0	0	0	0	0	0	0	0	0	0	0	0	0	0	0	0	0	0	0	0	0	0	0	0	0	0	0	0	0	0	0	0	0	0	0
0	0	0	0	0	0	0	0	0	0	0	0	0	0	0	0	0	0	0	0.727150520196172	0.977907147767708	0.679711869252498	0.9115900265264	0.655478787504105	0.643322489396237	0.923360409718113	0.591875443858753	0	0	0.963108120429221	0.618656976336296	0.544973130992131	0.539393152475405	0.908944079715416	0.624015715323164	0	0	0	0	0	0	0	0	0	0	0	0	0	0	0	0	0	0	0	0	0	0	0	0	0	0	0	0	0	0	0	0	0	0	0	0	0	0	0	0	0	0	0	0	0	0	0	0	0	0	0	0	0	0	0
0	0	0	0	0	0	0	0	0	0	0	0	0	0	0	0	0	0	0	0	0	0.609030368220653	0.911933782975036	0.87170664312082	0.85404146878335	0.634593996136298	0.951893256383479	0	0	0.771742590094816	0.687262903300436	0.836972747891572	0.620658067930849	0.530900944462126	0.710401707096306	0.539988919990907	0	0	0	0	0	0	0	0	0	0	0	0	0	0	0	0	0	0	0	0	0	0	0	0	0	0	0	0	0	0	0	0	0	0	0	0	0	0	0	0	0	0	0	0	0	0	0	0	0	0	0	0	0	0
0	0	0	0	0	0	0	0	0	0	0	0	0	0	0	0	0	0	0.697252821384308	0	0	0	0.908262358166956	0.703457553793448	0.925179523734523	0.637962967231488	0.629288708953052	0.554473155325128	0.753866788949693	0	0.678973282846368	0.92236853661885	0.944652833850963	0.808498028389995	0.893807052404606	0.871435229462875	0	0	0	0	0	0	0	0	0	0	0	0	0	0	0	0	0	0	0	0	0	0	0	0	0	0	0	0	0	0	0	0	0	0	0	0	0	0	0	0	0	0	0	0	0	0	0	0	0	0	0	0	0	0
0	0	0	0	0	0	0	0	0	0	0	0	0	0	0	0	0	0	0.759885681191573	0.82069354288679	0	0	0	0.664074190055814	0.669949377079302	0.610668398987199	0.998603539210618	0.791096513287646	0.753328877095738	0.684792343462131	0	0.504172810460413	0.67028854771765	0.731901018587684	0.899389738384928	0.67843607828878	0	0	0	0	0	0	0	0	0	0	0	0	0	0	0	0	0	0	0	0	0	0	0	0	0	0	0	0	0	0	0	0	0	0	0	0	0	0	0	0	0	0	0	0	0	0	0	0	0	0	0	0	0	0
0	0	0	0	0	0	0	0	0	0	0	0	0	0	0	0	0	0	0.762841596160828	0.965779672624911	0.868762961785931	0.870912484910439	0	0	0.919014462341249	0.879156526423781	0.699645213570119	0.72345906947539	0.531202126047243	0.734278537632374	0.602291352696968	0	0.969005099845496	0.832704051215916	0.819360728638681	0	0	0	0	0	0	0	0	0	0	0	0	0	0	0	0	0	0	0	0	0	0	0	0	0	0	0	0	0	0	0	0	0	0	0	0	0	0	0	0	0	0	0	0	0	0	0	0	0	0	0	0	0	0	0
0	0	0	0	0	0	0	0	0	0	0	0	0	0	0	0	0	0	0.628448512362822	0.560083361414367	0.678700650256269	0.920622959538451	0	0	0	0.564106754001885	0.697221632031058	0.900431422862177	0.737492851289402	0.685946424471059	0.828771439258411	0.648552641635261	0	0.530051455360458	0.618358620717442	0.915785217116466	0	0	0	0	0	0	0	0	0	0	0	0	0	0	0	0	0	0	0	0	0	0	0	0	0	0	0	0	0	0	0	0	0	0	0	0	0	0	0	0	0	0	0	0	0	0	0	0	0	0	0	0	0	0
0	0	0	0	0	0	0	0	0	0	0	0	0	0	0	0	0	0	0.504803800257373	0.866455809406842	0.604217744993432	0.637090657327589	0.774877587392132	0	0	0	0.87646119090585	0.911796875160532	0.724214188377868	0.983510432657227	0.967876134116336	0.653883849802807	0.749556408750861	0	0.593418964387608	0.749687526599395	0	0	0	0	0	0	0	0	0	0	0	0	0	0	0	0	0	0	0	0	0	0	0	0	0	0	0	0	0	0	0	0	0	0	0	0	0	0	0	0	0	0	0	0	0	0	0	0	0	0	0	0	0	0
0	0	0	0	0	0	0	0	0	0	0	0	0	0	0	0	0	0	0.845162364057725	0.769425068964323	0.864359808370746	0.690375884499273	0.954022027104275	0.508899939819831	0	0	0	0.686026886073032	0.778450345526094	0.731815989607321	0.772077842641763	0.753542067890181	0.822704099898343	0.672761650578952	0	0.82105611594814	0	0	0	0	0	0	0	0	0	0	0	0	0	0	0	0	0	0	0	0	0	0	0	0	0	0	0	0	0	0	0	0	0	0	0	0	0	0	0	0	0	0	0	0	0	0	0	0	0	0	0	0	0	0
0	0	0	0	0	0	0	0	0	0	0	0	0	0	0	0	0	0	0.708438649315557	0.782346767444574	0.918884978611651	0.608671267893019	0.942521495956607	0.759845159871835	0.564390235450077	0	0	0	0.919553138007972	0.672605481019875	0.986991483857822	0	0.878614539969081	0.582906754210365	0.811724180627224	0	0	0	0	0	0	0	0	0	0	0	0	0	0	0	0	0	0	0	0	0	0	0	0	0	0	0	0	0	0	0	0	0	0	0	0	0	0	0	0	0	0	0	0	0	0	0	0	0	0	0	0	0	0	0
0	0	0	0	0	0	0	0	0	0	0	0	0	0	0	0	0	0	0	0	0	0	0	0	0	0	0	0	0	0	0	0	0	0	0	0	0	0	0.905166689398966	0.895129477954533	0.980520167017829	0	0	0.631898833629135	0	0	0.641405960105515	0.809429463976554	0	0.83163082688106	0.834144445572778	0.519917038940051	0.875028621220532	0	0	0	0	0	0	0	0	0	0	0	0	0	0	0	0	0	0	0	0	0	0	0	0	0	0	0	0	0	0	0	0	0	0	0	0	0
0	0	0	0	0	0	0	0	0	0	0	0	0	0	0	0	0	0	0	0	0	0	0	0	0	0	0	0	0	0	0	0	0	0	0	0	0	0	0	0.64319595913038	0.544911479771529	0.676592035264537	0.872908199728976	0	0	0	0	0.718268461524322	0.741936041401984	0	0.541344638465461	0	0.7530186184612	0	0	0	0	0	0	0	0	0	0	0	0	0	0	0	0	0	0	0	0	0	0	0	0	0	0	0	0	0	0	0	0	0	0	0	0	0
0	0	0	0	0	0	0	0	0	0	0	0	0	0	0	0	0	0	0	0	0	0	0	0	0	0	0	0	0	0	0	0	0	0	0	0	0.961960688822546	0	0	0.867500666229361	0.886718680279558	0.764268406104041	0.546588648534753	0.767107049139597	0.731017968482016	0.686317811934213	0	0	0	0	0	0.90396808561868	0	0.537623480133649	0	0	0	0	0	0	0	0	0	0	0	0	0	0	0	0	0	0	0	0	0	0	0	0	0	0	0	0	0	0	0	0	0	0	0	0
0	0	0	0	0	0	0	0	0	0	0	0	0	0	0	0	0	0	0	0	0	0	0	0	0	0	0	0	0	0	0	0	0	0	0	0	0.970443303211905	0.656564378713322	0.743073819298613	0	0	0.95047776474114	0	0.515451807023381	0	0.617997411144971	0	0.642788259086011	0	0	0	0.872256404073377	0.695461537026356	0	0	0	0	0	0	0	0	0	0	0	0	0	0	0	0	0	0	0	0	0	0	0	0	0	0	0	0	0	0	0	0	0	0	0	0	0
0	0	0	0	0	0	0	0	0	0	0	0	0	0	0	0	0	0	0	0	0	0	0	0	0	0	0	0	0	0	0	0	0	0	0	0	0.605231575252241	0.645552118821224	0.784055190542837	0	0	0.778971090505677	0.822189378420895	0	0.718244630889652	0.839663670510211	0	0.986421125629166	0	0	0	0	0	0.899245124368611	0	0	0	0	0	0	0	0	0	0	0	0	0	0	0	0	0	0	0	0	0	0	0	0	0	0	0	0	0	0	0	0	0	0	0	0
0	0	0	0	0	0	0	0	0	0	0	0	0	0	0	0	0	0	0	0	0	0	0	0	0	0	0	0	0	0	0	0	0	0	0	0	0	0.691688641357715	0.503376036798152	0.825325206006491	0.745153655774993	0	0.635243439917525	0.685401565234576	0.74905577626403	0.906429311567459	0.86248596050614	0	0.619639268927158	0.923849775183839	0	0.98014949657224	0.565020112933642	0.774005801389266	0	0	0	0	0	0	0	0	0	0	0	0	0	0	0	0	0	0	0	0	0	0	0	0	0	0	0	0	0	0	0	0	0	0	0	0
0	0	0	0	0	0	0	0	0	0	0	0	0	0	0	0	0	0	0	0	0	0	0	0	0	0	0	0	0	0	0	0	0	0	0	0	0	0.557923789795859	0.722501910943238	0	0.843630132567566	0.879517783955855	0	0.792495583610211	0.865888404659661	0.683767131627659	0	0	0	0	0	0.672236966034653	0	0	0	0	0	0	0	0	0	0	0	0	0	0	0	0	0	0	0	0	0	0	0	0	0	0	0	0	0	0	0	0	0	0	0	0	0	0
0	0	0	0	0	0	0	0	0	0	0	0	0	0	0	0	0	0	0	0	0	0	0	0	0	0	0	0	0	0	0	0	0	0	0	0	0.810736069600227	0	0.512887424998914	0.740277385095275	0	0.869031519755218	0.987676535274496	0	0.971771526990901	0	0	0.503052799947054	0.95835509460543	0	0	0	0	0.596257489760847	0	0	0	0	0	0	0	0	0	0	0	0	0	0	0	0	0	0	0	0	0	0	0	0	0	0	0	0	0	0	0	0	0	0	0	0
0	0	0	0	0	0	0	0	0	0	0	0	0	0	0	0	0	0	0	0	0	0	0	0	0	0	0	0	0	0	0	0	0	0	0	0	0	0	0.820514095484088	0	0.937813927938165	0.806219621394254	0.8108831897993	0.539199176193174	0	0.876541984506987	0.967457051186856	0	0	0.736003496600439	0.645439294981937	0.890308487981807	0	0.657485057419746	0	0	0	0	0	0	0	0	0	0	0	0	0	0	0	0	0	0	0	0	0	0	0	0	0	0	0	0	0	0	0	0	0	0	0	0
0	0	0	0	0	0	0	0	0	0	0	0	0	0	0	0	0	0	0	0	0	0	0	0	0	0	0	0	0	0	0	0	0	0	0	0	0	0	0.659122258484102	0.662537723389158	0.527906087715145	0.647955671793644	0.777254022591196	0	0.737530386798868	0	0.695741042169563	0.994340891805072	0.710511931386389	0.969287418627991	0	0	0	0	0	0	0	0	0	0	0	0	0	0	0	0	0	0	0	0	0	0	0	0	0	0	0	0	0	0	0	0	0	0	0	0	0	0	0	0
0	0	0	0	0	0	0	0	0	0	0	0	0	0	0	0	0	0	0	0	0	0	0	0	0	0	0	0	0	0	0	0	0	0	0	0	0.836813973491286	0	0	0	0	0.525081697412593	0	0	0.895204937759713	0.672566834002119	0	0.775281615855673	0.991752410997099	0	0.762726357110524	0	0.808350107101703	0.794463184315116	0	0	0	0	0	0	0	0	0	0	0	0	0	0	0	0	0	0	0	0	0	0	0	0	0	0	0	0	0	0	0	0	0	0	0	0
0	0	0	0	0	0	0	0	0	0	0	0	0	0	0	0	0	0	0	0	0	0	0	0	0	0	0	0	0	0	0	0	0	0	0	0	0.825457237135162	0.669624183670951	0	0.681226866088886	0.793898923288006	0	0	0.972618608284064	0	0.56913709287176	0.659320240959331	0	0	0.747408942295914	0.683326150454695	0.838570720062999	0	0.833060305371532	0	0	0	0	0	0	0	0	0	0	0	0	0	0	0	0	0	0	0	0	0	0	0	0	0	0	0	0	0	0	0	0	0	0	0	0
0	0	0	0	0	0	0	0	0	0	0	0	0	0	0	0	0	0	0	0	0	0	0	0	0	0	0	0	0	0	0	0	0	0	0	0	0	0.777558408546599	0	0	0	0.715290289218994	0	0.593048038093404	0	0.566223349385528	0.919892249168336	0	0	0.87639583709951	0.970726280288099	0.77188537723115	0.605262264594369	0.604280456282879	0	0	0	0	0	0	0	0	0	0	0	0	0	0	0	0	0	0	0	0	0	0	0	0	0	0	0	0	0	0	0	0	0	0	0	0
0	0	0	0	0	0	0	0	0	0	0	0	0	0	0	0	0	0	0	0	0	0	0	0	0	0	0	0	0	0	0	0	0	0	0	0	0.551527203758948	0	0	0	0	0.91154919419159	0	0	0.791964447959339	0.58892225809996	0	0.840514182243492	0.807504975243319	0	0.559418120610929	0.768527350403889	0.9494463548575	0.97185782849525	0	0	0	0	0	0	0	0	0	0	0	0	0	0	0	0	0	0	0	0	0	0	0	0	0	0	0	0	0	0	0	0	0	0	0	0
0	0	0	0	0	0	0	0	0	0	0	0	0	0	0	0	0	0	0	0	0	0	0	0	0	0	0	0	0	0	0	0	0	0	0	0	0.501714426115853	0.767435686143642	0	0	0	0	0	0	0.651584770370973	0	0.78767062321666	0.827096702124268	0.896204328020423	0.626123356889704	0	0	0.65567239566675	0.979619476823364	0	0	0	0	0	0	0	0	0	0	0	0	0	0	0	0	0	0	0	0	0	0	0	0	0	0	0	0	0	0	0	0	0	0	0	0
0	0	0	0	0	0	0	0	0	0	0	0	0	0	0	0	0	0	0	0	0	0	0	0	0	0	0	0	0	0	0	0	0	0	0	0	0.510191534983151	0	0.745819793098371	0.854938776217369	0	0.546002569452377	0.549479444136896	0	0.517176899671594	0	0	0.734543589186997	0.939405511767443	0.619538466402366	0	0	0.696278585662029	0.832442123723646	0	0	0	0	0	0	0	0	0	0	0	0	0	0	0	0	0	0	0	0	0	0	0	0	0	0	0	0	0	0	0	0	0	0	0	0
0	0	0	0	0	0	0	0	0	0	0	0	0	0	0	0	0	0	0	0	0	0	0	0	0	0	0	0	0	0	0	0	0	0	0	0	0.777554663233692	0.581635327559294	0	0.900313735883436	0	0.992550246794747	0	0	0	0	0.810151806826846	0	0.849938918154865	0.525390996070737	0.925125285458066	0.556078574333883	0	0.532072131911547	0	0	0	0	0	0	0	0	0	0	0	0	0	0	0	0	0	0	0	0	0	0	0	0	0	0	0	0	0	0	0	0	0	0	0	0
0	0	0	0	0	0	0	0	0	0	0	0	0	0	0	0	0	0	0	0	0	0	0	0	0	0	0	0	0	0	0	0	0	0	0	0	0	0	0.994975202741309	0	0.837886872030944	0.929279106429518	0	0.973711637357262	0.59709828950663	0	0.576389373085697	0.900132718868184	0.60689534140026	0.504589524349164	0.803574515625375	0.597425370205973	0.776736256955779	0	0	0	0	0	0	0	0	0	0	0	0	0	0	0	0	0	0	0	0	0	0	0	0	0	0	0	0	0	0	0	0	0	0	0	0	0
0	0	0	0	0	0	0	0	0	0	0	0	0	0	0	0	0	0	0	0	0	0	0	0	0	0	0	0	0	0	0	0	0	0	0	0	0	0	0	0	0	0	0	0	0	0	0	0	0	0	0	0	0	0	0	0.812276826056567	0	0.602936760139622	0	0.88236959344293	0	0	0.564177864538593	0	0	0	0	0	0	0.991016513957007	0	0.651877846923512	0	0	0	0	0	0	0	0	0	0	0	0	0	0	0	0	0	0
0	0	0	0	0	0	0	0	0	0	0	0	0	0	0	0	0	0	0	0	0	0	0	0	0	0	0	0	0	0	0	0	0	0	0	0	0	0	0	0	0	0	0	0	0	0	0	0	0	0	0	0	0	0	0.585530608200485	0	0.959604649119372	0	0.967254831161816	0.957966269785509	0	0	0	0.925149388031871	0	0	0	0	0	0	0	0	0	0	0	0	0	0	0	0	0	0	0	0	0	0	0	0	0	0
0	0	0	0	0	0	0	0	0	0	0	0	0	0	0	0	0	0	0	0	0	0	0	0	0	0	0	0	0	0	0	0	0	0	0	0	0	0	0	0	0	0	0	0	0	0	0	0	0	0	0	0	0	0	0	0.68407734819141	0	0	0	0.727710250204157	0	0	0.639200016347224	0	0	0.762392254808357	0.587978689395537	0	0	0	0	0	0	0	0	0	0	0	0	0	0	0	0	0	0	0	0	0	0	0
0	0	0	0	0	0	0	0	0	0	0	0	0	0	0	0	0	0	0	0	0	0	0	0	0	0	0	0	0	0	0	0	0	0	0	0	0	0	0	0	0	0	0	0	0	0	0	0	0	0	0	0	0	0	0.927098864178831	0	0	0	0	0.570258848423373	0	0	0	0	0	0.599542799214147	0	0	0.505987517103462	0.785623747952058	0	0.734167187752785	0	0	0	0	0	0	0	0	0	0	0	0	0	0	0	0	0	0
0	0	0	0	0	0	0	0	0	0	0	0	0	0	0	0	0	0	0	0	0	0	0	0	0	0	0	0	0	0	0	0	0	0	0	0	0	0	0	0	0	0	0	0	0	0	0	0	0	0	0	0	0	0	0	0.814028294831681	0	0	0	0.518479317673158	0.996341126402295	0	0	0.732570870229441	0.619902121833486	0.944827495938134	0	0.850270014038855	0	0	0	0	0	0	0	0	0	0	0	0	0	0	0	0	0	0	0	0	0	0
0	0	0	0	0	0	0	0	0	0	0	0	0	0	0	0	0	0	0	0	0	0	0	0	0	0	0	0	0	0	0	0	0	0	0	0	0	0	0	0	0	0	0	0	0	0	0	0	0	0	0	0	0	0	0.533420940789326	0.806604352313154	0.544540224497084	0.70382064385791	0.508097735229995	0	0	0	0.569332959071283	0	0	0	0	0.843483849590129	0.534375259903779	0.519599630081757	0	0.774816984865091	0	0	0	0	0	0	0	0	0	0	0	0	0	0	0	0	0	0
0	0	0	0	0	0	0	0	0	0	0	0	0	0	0	0	0	0	0	0	0	0	0	0	0	0	0	0	0	0	0	0	0	0	0	0	0	0	0	0	0	0	0	0	0	0	0	0	0	0	0	0	0	0	0	0	0	0	0.661570906952312	0	0	0.80476652791216	0.879566316940882	0	0	0	0	0	0	0	0	0.763998773379879	0	0	0	0	0	0	0	0	0	0	0	0	0	0	0	0	0	0
0	0	0	0	0	0	0	0	0	0	0	0	0	0	0	0	0	0	0	0	0	0	0	0	0	0	0	0	0	0	0	0	0	0	0	0	0	0	0	0	0	0	0	0	0	0	0	0	0	0	0	0	0	0	0	0	0	0	0	0	0.735452949118709	0	0	0.948084153770461	0.609251868170022	0	0	0	0	0.973966697403372	0.517828222964571	0	0	0	0	0	0	0	0	0	0	0	0	0	0	0	0	0	0	0
0	0	0	0	0	0	0	0	0	0	0	0	0	0	0	0	0	0	0	0	0	0	0	0	0	0	0	0	0	0	0	0	0	0	0	0	0	0	0	0	0	0	0	0	0	0	0	0	0	0	0	0	0	0	0.797413746959605	0	0.747410226662251	0	0	0.590628540249138	0.684683796845972	0	0	0.754236169259241	0	0.897234243250738	0.869749497200305	0	0	0	0.855500845204112	0	0	0	0	0	0	0	0	0	0	0	0	0	0	0	0	0	0	0
0	0	0	0	0	0	0	0	0	0	0	0	0	0	0	0	0	0	0	0	0	0	0	0	0	0	0	0	0	0	0	0	0	0	0	0	0	0	0	0	0	0	0	0	0	0	0	0	0	0	0	0	0	0	0	0.632765142055154	0	0	0.827461877942097	0	0	0.610129019082559	0.816515683865384	0	0	0	0.850226157078567	0	0	0	0	0.975479013387247	0	0	0	0	0	0	0	0	0	0	0	0	0	0	0	0	0	0
0	0	0	0	0	0	0	0	0	0	0	0	0	0	0	0	0	0	0	0	0	0	0	0	0	0	0	0	0	0	0	0	0	0	0	0	0	0	0	0	0	0	0	0	0	0	0	0	0	0	0	0	0	0	0	0	0	0	0.745900810406985	0	0	0.589717465126377	0	0	0	0.519094804061417	0.709695544118401	0	0	0	0.974311193147321	0	0	0	0	0	0	0	0	0	0	0	0	0	0	0	0	0	0	0
0	0	0	0	0	0	0	0	0	0	0	0	0	0	0	0	0	0	0	0	0	0	0	0	0	0	0	0	0	0	0	0	0	0	0	0	0	0	0	0	0	0	0	0	0	0	0	0	0	0	0	0	0	0	0	0	0.990847735768589	0.91619590563282	0.604517355486541	0	0	0	0.524415608696247	0	0.642570687254463	0	0.593554810913798	0	0	0	0	0	0	0	0	0	0	0	0	0	0	0	0	0	0	0	0	0	0	0
0	0	0	0	0	0	0	0	0	0	0	0	0	0	0	0	0	0	0	0	0	0	0	0	0	0	0	0	0	0	0	0	0	0	0	0	0	0	0	0	0	0	0	0	0	0	0	0	0	0	0	0	0	0	0	0	0.958950553689851	0	0	0	0	0	0.534795664097057	0.969739927907417	0.683998883663201	0.667127745276468	0	0.637656303791707	0.944585433179803	0.947278739687779	0	0	0	0	0	0	0	0	0	0	0	0	0	0	0	0	0	0	0	0
0	0	0	0	0	0	0	0	0	0	0	0	0	0	0	0	0	0	0	0	0	0	0	0	0	0	0	0	0	0	0	0	0	0	0	0	0	0	0	0	0	0	0	0	0	0	0	0	0	0	0	0	0	0	0	0	0	0	0.606988756045059	0.652508466541229	0	0	0	0	0	0	0.828431594236355	0	0	0	0	0	0	0	0	0	0	0	0	0	0	0	0	0	0	0	0	0	0	0
0	0	0	0	0	0	0	0	0	0	0	0	0	0	0	0	0	0	0	0	0	0	0	0	0	0	0	0	0	0	0	0	0	0	0	0	0	0	0	0	0	0	0	0	0	0	0	0	0	0	0	0	0	0	0	0	0	0.937415247042911	0	0.664085367487521	0	0	0	0	0	0	0.500777648335578	0	0	0	0.60599618224235	0	0	0	0	0	0	0	0	0	0	0	0	0	0	0	0	0	0	0
0	0	0	0	0	0	0	0	0	0	0	0	0	0	0	0	0	0	0	0	0	0	0	0	0	0	0	0	0	0	0	0	0	0	0	0	0	0	0	0	0	0	0	0	0	0	0	0	0	0	0	0	0	0	0.772104318733409	0	0	0.696927030395863	0	0.865258921205149	0	0.955164130988961	0	0	0	0	0.687344997017592	0	0	0	0.505728512164509	0.788616220015006	0	0	0	0	0	0	0	0	0	0	0	0	0	0	0	0	0	0
0	0	0	0	0	0	0	0	0	0	0	0	0	0	0	0	0	0	0	0	0	0	0	0	0	0	0	0	0	0	0	0	0	0	0	0	0	0	0	0	0	0	0	0	0	0	0	0	0	0	0	0	0	0	0	0	0	0	0	0	0	0.739583528183174	0.774747299737601	0	0.763794250025876	0	0	0	0.790807598734735	0.584948799731327	0	0.559756707068489	0	0	0	0	0	0	0	0	0	0	0	0	0	0	0	0	0	0
0	0	0	0	0	0	0	0	0	0	0	0	0	0	0	0	0	0	0	0	0	0	0	0	0	0	0	0	0	0	0	0	0	0	0	0	0	0	0	0	0	0	0	0	0	0	0	0	0	0	0	0	0	0	0.977122719135964	0	0	0.96091184868828	0	0.961172799933088	0.811956774861117	0	0	0.555025894909026	0	0	0	0	0	0.929845613227777	0.894390406737938	0	0	0	0	0	0	0	0	0	0	0	0	0	0	0	0	0	0	0
0	0	0	0	0	0	0	0	0	0	0	0	0	0	0	0	0	0	0	0	0	0	0	0	0	0	0	0	0	0	0	0	0	0	0	0	0	0	0	0	0	0	0	0	0	0	0	0	0	0	0	0	0	0	0	0	0	0	0	0	0	0	0	0	0	0	0	0	0	0	0	0	0	0.830785005364879	0.52019735622394	0.857460050434605	0.616559586406364	0	0	0	0	0	0	0	0	0	0.98932825675285	0.586959040081769	0.918891443923491	0.782976121585144
0	0	0	0	0	0	0	0	0	0	0	0	0	0	0	0	0	0	0	0	0	0	0	0	0	0	0	0	0	0	0	0	0	0	0	0	0	0	0	0	0	0	0	0	0	0	0	0	0	0	0	0	0	0	0	0	0	0	0	0	0	0	0	0	0	0	0	0	0	0	0	0	0.56761338897849	0	0.55626328740545	0.72494086818489	0.911755802395197	0.913724388359065	0.510309389021704	0	0.709269516551881	0	0	0	0	0	0	0.725038135507662	0.564169007034919	0.713219682454916
0	0	0	0	0	0	0	0	0	0	0	0	0	0	0	0	0	0	0	0	0	0	0	0	0	0	0	0	0	0	0	0	0	0	0	0	0	0	0	0	0	0	0	0	0	0	0	0	0	0	0	0	0	0	0	0	0	0	0	0	0	0	0	0	0	0	0	0	0	0	0	0	0.823788919721859	0.97326618755314	0	0.922810347144536	0.586907038554481	0.549932441000633	0.707773885431511	0	0	0	0	0	0	0.520961609331705	0	0	0.645060806178714	0.659779574416378
0	0	0	0	0	0	0	0	0	0	0	0	0	0	0	0	0	0	0	0	0	0	0	0	0	0	0	0	0	0	0	0	0	0	0	0	0	0	0	0	0	0	0	0	0	0	0	0	0	0	0	0	0	0	0	0	0	0	0	0	0	0	0	0	0	0	0	0	0	0	0	0	0.785669857409945	0.589024230047428	0.782201255408806	0	0.928095735592071	0	0.606136084104489	0.567162180819524	0	0	0	0	0	0	0	0.659311246105788	0	0.974723492473126
0	0	0	0	0	0	0	0	0	0	0	0	0	0	0	0	0	0	0	0	0	0	0	0	0	0	0	0	0	0	0	0	0	0	0	0	0	0	0	0	0	0	0	0	0	0	0	0	0	0	0	0	0	0	0	0	0	0	0	0	0	0	0	0	0	0	0	0	0	0	0	0	0.68628446713347	0.747207996030603	0.77644152476125	0.558083239927932	0	0.769042135195805	0.819535769551775	0.925788953845133	0.599923685149575	0	0.573154914050268	0	0	0	0	0	0	0
0	0	0	0	0	0	0	0	0	0	0	0	0	0	0	0	0	0	0	0	0	0	0	0	0	0	0	0	0	0	0	0	0	0	0	0	0	0	0	0	0	0	0	0	0	0	0	0	0	0	0	0	0	0	0	0	0	0	0	0	0	0	0	0	0	0	0	0	0	0	0	0	0	0.784408811485746	0.818388726564073	0	0.74367044431539	0	0.924197098682828	0.687129194837797	0.940691596174067	0.627194670334809	0	0	0	0	0	0	0	0
0	0	0	0	0	0	0	0	0	0	0	0	0	0	0	0	0	0	0	0	0	0	0	0	0	0	0	0	0	0	0	0	0	0	0	0	0	0	0	0	0	0	0	0	0	0	0	0	0	0	0	0	0	0	0	0	0	0	0	0	0	0	0	0	0	0	0	0	0	0	0	0	0	0.891511763289796	0.678089614327711	0.783912031160916	0.815133344906383	0.876322664900951	0	0.614956291317611	0.603481027286624	0	0.874408288616129	0	0	0	0	0	0	0
0	0	0	0	0	0	0	0	0	0	0	0	0	0	0	0	0	0	0	0	0	0	0	0	0	0	0	0	0	0	0	0	0	0	0	0	0	0	0	0	0	0	0	0	0	0	0	0	0	0	0	0	0	0	0	0	0	0	0	0	0	0	0	0	0	0	0	0	0	0	0	0	0	0	0	0.75700505236195	0.752231122135181	0.81235814288421	0.868757768396778	0	0.580000056739035	0.551940218029748	0.554213583024845	0.862550791752325	0	0	0	0	0	0
0	0	0	0	0	0	0	0	0	0	0	0	0	0	0	0	0	0	0	0	0	0	0	0	0	0	0	0	0	0	0	0	0	0	0	0	0	0	0	0	0	0	0	0	0	0	0	0	0	0	0	0	0	0	0	0	0	0	0	0	0	0	0	0	0	0	0	0	0	0	0	0	0	0.851953330185848	0	0	0.712008715438475	0.610261112999568	0.766580595150366	0.984114057956501	0	0.800584580886294	0.604862916973851	0	0.897516345187471	0	0	0	0	0
0	0	0	0	0	0	0	0	0	0	0	0	0	0	0	0	0	0	0	0	0	0	0	0	0	0	0	0	0	0	0	0	0	0	0	0	0	0	0	0	0	0	0	0	0	0	0	0	0	0	0	0	0	0	0	0	0	0	0	0	0	0	0	0	0	0	0	0	0	0	0	0	0	0	0	0	0	0.824546299175625	0	0.651814995292557	0.820895460130932	0	0.985957242304283	0.895627363130661	0.78542493894524	0.994891873425261	0	0	0	0
0	0	0	0	0	0	0	0	0	0	0	0	0	0	0	0	0	0	0	0	0	0	0	0	0	0	0	0	0	0	0	0	0	0	0	0	0	0	0	0	0	0	0	0	0	0	0	0	0	0	0	0	0	0	0	0	0	0	0	0	0	0	0	0	0	0	0	0	0	0	0	0	0	0	0	0	0.645690487054413	0	0.510213381633612	0.860517678848464	0.619951938551995	0.983960532647212	0	0.994930556149253	0.618846861335185	0.59761842806912	0.810436612293831	0	0	0
0	0	0	0	0	0	0	0	0	0	0	0	0	0	0	0	0	0	0	0	0	0	0	0	0	0	0	0	0	0	0	0	0	0	0	0	0	0	0	0	0	0	0	0	0	0	0	0	0	0	0	0	0	0	0	0	0	0	0	0	0	0	0	0	0	0	0	0	0	0	0	0	0	0	0	0	0	0	0	0.615983749273086	0	0.623663002439417	0.947891639256395	0	0.915808579278358	0.687823560302167	0.839915825988154	0.517984184064217	0	0
0	0	0	0	0	0	0	0	0	0	0	0	0	0	0	0	0	0	0	0	0	0	0	0	0	0	0	0	0	0	0	0	0	0	0	0	0	0	0	0	0	0	0	0	0	0	0	0	0	0	0	0	0	0	0	0	0	0	0	0	0	0	0	0	0	0	0	0	0	0	0	0	0	0	0	0	0	0	0	0	0.803379719551458	0.684622451072231	0.747547412288553	0.502476142199495	0	0.84521712656684	0.792605145690183	0	0.741534681069657	0
0	0	0	0	0	0	0	0	0	0	0	0	0	0	0	0	0	0	0	0	0	0	0	0	0	0	0	0	0	0	0	0	0	0	0	0	0	0	0	0	0	0	0	0	0	0	0	0	0	0	0	0	0	0	0	0	0	0	0	0	0	0	0	0	0	0	0	0	0	0	0	0	0	0	0.888610794853628	0	0	0	0	0	0	0.827268787782883	0.773351625127581	0.638802305326636	0.958869522652414	0	0.830241106126742	0.934591923833552	0	0.507405293037735
0	0	0	0	0	0	0	0	0	0	0	0	0	0	0	0	0	0	0	0	0	0	0	0	0	0	0	0	0	0	0	0	0	0	0	0	0	0	0	0	0	0	0	0	0	0	0	0	0	0	0	0	0	0	0	0	0	0	0	0	0	0	0	0	0	0	0	0	0	0	0	0	0.627560621172117	0	0	0	0	0	0	0	0	0	0.60610317505407	0.904360514027423	0.635695189946152	0.831296767867308	0	0.501928393353743	0.699594594286657	0.856750537463621
0	0	0	0	0	0	0	0	0	0	0	0	0	0	0	0	0	0	0	0	0	0	0	0	0	0	0	0	0	0	0	0	0	0	0	0	0	0	0	0	0	0	0	0	0	0	0	0	0	0	0	0	0	0	0	0	0	0	0	0	0	0	0	0	0	0	0	0	0	0	0	0	0.728678708824949	0.559504080311387	0	0.563582686882533	0	0	0	0	0	0	0	0.545241300288071	0	0.679151338815983	0.948051669308947	0	0.704726220307427	0.773444607206299
0	0	0	0	0	0	0	0	0	0	0	0	0	0	0	0	0	0	0	0	0	0	0	0	0	0	0	0	0	0	0	0	0	0	0	0	0	0	0	0	0	0	0	0	0	0	0	0	0	0	0	0	0	0	0	0	0	0	0	0	0	0	0	0	0	0	0	0	0	0	0	0	0.970813494796143	0.537378411330796	0.702614463745249	0	0	0	0	0	0	0	0	0	0.633614162220911	0	0.52073035829829	0.858934428347304	0	0.799830930245955
0	0	0	0	0	0	0	0	0	0	0	0	0	0	0	0	0	0	0	0	0	0	0	0	0	0	0	0	0	0	0	0	0	0	0	0	0	0	0	0	0	0	0	0	0	0	0	0	0	0	0	0	0	0	0	0	0	0	0	0	0	0	0	0	0	0	0	0	0	0	0	0	0.689427892942357	0.986507893059181	0.867865187662501	0.557013956845112	0	0	0	0	0	0	0	0	0	0.78084076924128	0.909762763914595	0.737133342182823	0.864706018725161	0
