0	0.92302707972711	0.791825573520588	0.619911059134631	0.621470991803927	0	0.853652025528167	0	0.585380862539522	0	0	0.565809818049861	0	0.575587904693397	0.576296774801251	0	0	0.667244179378419	0	0	0	0	0	0	0	0	0	0	0	0.552715003031682	0	0	0	0	0	0	0	0	0	0	0	0	0	0	0	0	0	0	0	0	0	0	0	0	0	0	0	0	0	0	0	0	0	0	0	0	0	0	0	0	0	0	0	0	0	0	0	0	0	0	0	0	0	0	0	0	0	0	0	0
0.756946360912471	0	0.695509027120107	0	0.976859510527023	0.59853654053813	0	0	0	0	0	0	0	0	0.742073217196687	0	0.904783536638512	0	0.885037306850153	0.648815032306049	0	0	0	0	0	0.851071538106011	0	0	0	0	0	0	0	0	0	0	0	0	0	0	0	0	0	0	0	0	0	0	0	0	0	0	0	0	0	0	0	0	0	0	0	0	0	0	0	0	0	0	0	0	0	0	0	0	0	0	0	0	0	0	0	0	0	0	0	0	0	0	0	0
0.630506745071792	0.924267623746568	0	0	0	0.615526996944635	0	0	0	0	0	0.846711826238698	0	0	0	0	0	0.641421900334486	0	0	0	0.673722688573734	0	0	0	0	0	0	0	0.561316410379387	0	0	0	0	0	0	0	0	0	0	0	0	0	0	0	0	0	0	0	0	0	0	0	0	0	0	0	0	0	0	0	0	0	0	0	0	0	0	0	0	0	0	0	0	0	0	0	0	0	0	0	0	0	0	0	0	0	0	0	0
0.820420611315246	0	0	0	0	0	0.649100081873683	0.723581870696005	0	0	0	0	0.624979778467692	0	0.679662579742332	0	0	0	0	0	0	0.914895563541644	0	0	0	0.754299826557412	0	0	0	0.939732930577612	0	0	0	0	0	0	0	0	0	0	0	0	0	0	0	0	0	0	0	0	0	0	0	0	0	0	0	0	0	0	0	0	0	0	0	0	0	0	0	0	0	0	0	0	0	0	0	0	0	0	0	0	0	0	0	0	0	0	0	0
0.986507707093061	0.514967638595111	0	0	0	0	0	0	0	0	0	0	0.603625055609156	0.98413015145443	0	0	0	0	0	0	0.957580971940382	0	0.823115868849605	0.632207394967259	0	0	0	0	0.599349385007336	0	0	0	0	0	0	0	0	0	0	0	0	0	0	0	0	0	0	0	0	0	0	0	0	0	0	0	0	0	0	0	0	0	0	0	0	0	0	0	0	0	0	0	0	0	0	0	0	0	0	0	0	0	0	0	0	0	0	0	0	0
0	0.920190439258216	0.7132866805655	0	0	0	0.748001347930349	0.72636847147041	0	0.901305615319515	0.877683140777841	0	0	0	0	0	0.836479117104319	0	0	0	0.895164894700684	0	0.827221340103518	0	0.727034832528483	0	0	0	0	0	0	0	0	0	0	0	0	0	0	0	0	0	0	0	0	0	0	0	0	0	0	0	0	0	0	0	0	0	0	0	0	0	0	0	0	0	0	0	0	0	0	0	0	0	0	0	0	0	0	0	0	0	0	0	0	0	0	0	0	0
0.545506064823242	0	0	0.531792211237934	0	0.674396266609821	0	0	0	0.779873238658204	0.811877575515149	0	0	0	0	0	0	0	0	0	0	0	0	0	0	0	0	0	0	0	0	0	0	0	0	0	0	0	0	0	0	0	0	0	0	0	0	0	0	0	0	0	0	0	0	0	0	0	0	0	0	0	0	0	0	0	0	0	0	0	0	0	0	0	0	0	0	0	0	0	0	0	0	0	0	0	0	0	0	0
0	0	0	0.648994944168074	0	0.777698289194279	0	0	0.833327056074179	0.918819796184351	0.920865253291449	0.738591105583573	0	0	0	0	0	0	0	0	0	0	0	0.524862293170833	0	0	0.516059691955481	0	0	0	0	0	0	0	0	0	0	0	0	0	0	0	0	0	0	0	0	0	0	0	0	0	0	0	0	0	0	0	0	0	0	0	0	0	0	0	0	0	0	0	0	0	0	0	0	0	0	0	0	0	0	0	0	0	0	0	0	0	0	0
0.937144163560958	0	0	0	0	0	0	0.621426111224706	0	0.582969294031961	0.815689615176417	0	0.94138371958564	0	0	0	0.877498820841545	0.672992893530743	0	0	0.703649261685843	0	0	0	0	0	0	0.927499430390024	0	0	0	0	0	0	0	0	0	0	0	0	0	0	0	0	0	0	0	0	0	0	0	0	0	0	0	0	0	0	0	0	0	0	0	0	0	0	0	0	0	0	0	0	0	0	0	0	0	0	0	0	0	0	0	0	0	0	0	0	0	0
0	0	0	0	0	0.595898868603259	0.924275133408184	0.798611002482507	0.76746079059965	0	0	0.914164633241443	0.750107813645411	0	0	0.970369868156029	0	0.906585435012616	0	0	0	0	0	0	0.847050162808444	0	0	0	0	0	0	0	0	0	0	0	0	0	0	0	0	0	0	0	0	0	0	0	0	0	0	0	0	0	0	0	0	0	0	0	0	0	0	0	0	0	0	0	0	0	0	0	0	0	0	0	0	0	0	0	0	0	0	0	0	0	0	0	0	0
0	0	0	0	0	0.970711037879181	0.824057446716432	0.767784952196429	0.55033639897869	0	0	0	0.582443497535867	0	0	0	0	0	0	0	0	0.513611722096012	0	0	0	0	0	0.889674339817746	0	0	0	0	0	0	0	0	0	0	0	0	0	0	0	0	0	0	0	0	0	0	0	0	0	0	0	0	0	0	0	0	0	0	0	0	0	0	0	0	0	0	0	0	0	0	0	0	0	0	0	0	0	0	0	0	0	0	0	0	0	0
0.65758947684383	0	0.932436243254898	0	0	0	0	0.71626585037743	0	0.55632585447085	0	0	0.994396641029688	0	0	0	0.75333444767585	0	0	0	0.999308852383975	0	0	0.816189489445359	0	0.928171189229676	0	0.901362720245411	0.889639695297286	0.604485603354257	0	0	0	0	0	0	0	0	0	0	0	0	0	0	0	0	0	0	0	0	0	0	0	0	0	0	0	0	0	0	0	0	0	0	0	0	0	0	0	0	0	0	0	0	0	0	0	0	0	0	0	0	0	0	0	0	0	0	0	0
0	0	0	0.762066974600922	0.777278575590802	0	0	0	0.805980458598109	0.722161391543243	0.529695396658992	0.776665282066764	0	0	0	0	0	0	0	0.615459702560073	0	0	0.574518731949696	0	0	0	0	0	0	0	0	0	0	0	0	0	0	0	0	0	0	0	0	0	0	0	0	0	0	0	0	0	0	0	0	0	0	0	0	0	0	0	0	0	0	0	0	0	0	0	0	0	0	0	0	0	0	0	0	0	0	0	0	0	0	0	0	0	0	0
0.538970433265173	0	0	0	0.802059317253323	0	0	0	0	0	0	0	0	0	0.818717493116267	0	0.678919797693632	0	0	0	0	0.56113251262232	0.760071815384185	0	0	0	0	0	0.624883310275471	0	0	0	0	0	0	0	0	0	0	0	0	0	0	0	0	0	0	0	0	0	0	0	0	0	0	0	0	0	0	0	0	0	0	0	0	0	0	0	0	0	0	0	0	0	0	0	0	0	0	0	0	0	0	0	0	0	0	0	0	0
0.564613100121063	0.996720138524253	0	0.558362596920638	0	0	0	0	0	0	0	0	0	0.960721530227482	0	0	0	0.538562078450552	0.623891000194401	0.811125964919287	0	0	0.709190232672204	0	0	0	0	0	0	0.509928678927975	0	0	0	0	0	0	0	0	0	0	0	0	0	0	0	0	0	0	0	0	0	0	0	0	0	0	0	0	0	0	0	0	0	0	0	0	0	0	0	0	0	0	0	0	0	0	0	0	0	0	0	0	0	0	0	0	0	0	0	0
0	0	0	0	0	0	0	0	0	0.942465405470009	0	0	0	0	0	0	0.803845379678383	0.591780861760456	0.790461150752203	0.526741154980494	0	0.970047435099604	0	0	0	0	0	0	0.758399124132984	0	0	0	0	0	0	0	0	0	0	0	0	0	0	0	0	0	0	0	0	0	0	0	0	0	0	0	0	0	0	0	0	0	0	0	0	0	0	0	0	0	0	0	0	0	0	0	0	0	0	0	0	0	0	0	0	0	0	0	0	0
0	0.679414666746235	0	0	0	0.653958322719994	0	0	0.545615517112029	0	0	0.883755408427585	0	0.818395811535899	0	0.548984337788682	0	0	0	0	0	0.673559584107538	0	0	0	0	0	0.917810356399829	0.711447055267278	0	0	0	0	0	0	0	0	0	0	0	0	0	0	0	0	0	0	0	0	0	0	0	0	0	0	0	0	0	0	0	0	0	0	0	0	0	0	0	0	0	0	0	0	0	0	0	0	0	0	0	0	0	0	0	0	0	0	0	0	0
0.590812862826414	0	0.506636627053084	0	0	0	0	0	0.878924799556152	0.752599868928691	0	0	0	0	0.782319883409391	0.542226274658751	0	0	0	0	0.628761916771767	0.595856839557607	0	0	0	0.662557758657851	0	0.625980789882483	0	0	0	0	0	0	0	0	0	0	0	0	0	0	0	0	0	0	0	0	0	0	0	0	0	0	0	0	0	0	0	0	0	0	0	0	0	0	0	0	0	0	0	0	0	0	0	0	0	0	0	0	0	0	0	0	0	0	0	0	0	0
0	0.63671732024517	0	0	0	0	0	0	0	0	0	0	0	0	0.964992107241689	0.524306722957427	0	0	0	0.996771118521442	0	0.73362572386441	0	0	0	0	0.890977701713919	0	0.600759879474982	0	0	0	0	0	0	0	0	0	0	0	0	0	0	0	0	0	0	0	0	0	0	0	0	0	0	0	0	0	0	0	0	0	0	0	0	0	0	0	0	0	0	0	0	0	0	0	0	0	0	0	0	0	0	0	0	0	0	0	0	0
0	0.691952003319149	0	0	0	0	0	0	0	0	0	0	0.720770962141705	0	0.646977874268106	0.9953149163395	0	0	0.537513359577254	0	0	0	0	0	0	0	0.566768566658605	0	0	0.714324849801211	0	0	0	0	0	0	0	0	0	0	0	0	0	0	0	0	0	0	0	0	0	0	0	0	0	0	0	0	0	0	0	0	0	0	0	0	0	0	0	0	0	0	0	0	0	0	0	0	0	0	0	0	0	0	0	0	0	0	0	0
0	0	0	0	0.864419775952388	0.532892745775669	0	0	0.724515765442257	0	0	0.726854575650861	0	0	0	0	0	0.978462722022775	0	0	0	0	0.551980083389202	0.827117904517233	0.901057678255066	0	0.718466808278543	0	0	0	0	0	0	0	0	0	0	0	0	0	0	0	0	0	0	0	0	0	0	0	0	0	0	0	0	0	0	0	0	0	0	0	0	0	0	0	0	0	0	0	0	0	0	0	0	0	0	0	0	0	0	0	0	0	0	0	0	0	0	0
0	0	0.781125233249525	0.603266121527269	0	0	0	0	0	0	0.789958625084824	0	0	0.882297611373187	0	0.621433710564223	0.608619347047762	0.529780820091461	0.978966065354993	0	0	0	0	0.965308111660488	0	0	0	0	0	0	0	0	0	0	0	0	0	0	0	0	0	0	0	0	0	0	0	0	0	0	0	0	0	0	0	0	0	0	0	0	0	0	0	0	0	0	0	0	0	0	0	0	0	0	0	0	0	0	0	0	0	0	0	0	0	0	0	0	0	0
0	0	0	0	0.840999681546567	0.648239087167203	0	0	0	0	0	0	0.905175102304664	0.680796631450493	0.986436760653784	0	0	0	0	0	0.526125966159489	0	0	0	0	0	0	0.665318685757819	0	0	0	0	0	0	0	0	0	0	0	0	0	0	0	0	0	0	0	0	0	0	0	0	0	0	0	0	0	0	0	0	0	0	0	0	0	0	0	0	0	0	0	0	0	0	0	0	0	0	0	0	0	0	0	0	0	0	0	0	0	0
0	0	0	0	0.788883963689684	0	0	0.97007609298359	0	0	0	0.736271813530619	0	0	0	0	0	0	0	0	0.725871126858191	0.54744951282372	0	0	0.608202988534568	0	0.860155055430735	0	0	0	0	0	0	0	0	0	0	0	0	0	0	0	0	0	0	0	0	0	0	0	0	0	0	0	0	0	0	0	0	0	0	0	0	0	0	0	0	0	0	0	0	0	0	0	0	0	0	0	0	0	0	0	0	0	0	0	0	0	0	0
0	0	0	0	0	0.666714615160818	0	0	0	0.603395516058964	0	0	0	0	0	0	0	0	0	0	0.87794172194755	0	0	0.601555830410353	0	0	0	0.83107265297596	0.519838328420499	0	0	0	0	0	0	0	0	0	0	0	0	0	0	0	0	0	0	0	0	0	0	0	0	0	0	0	0	0	0	0	0	0	0	0	0	0	0	0	0	0	0	0	0	0	0	0	0	0	0	0	0	0	0	0	0	0	0	0	0	0
0	0.696345919277873	0	0.856567152604408	0	0	0	0	0	0	0	0.77891510485381	0	0	0	0	0	0.805451856708504	0	0	0	0	0	0	0	0	0	0	0	0.992430508043566	0	0	0	0	0	0	0	0	0	0	0	0	0	0	0	0	0	0	0	0	0	0	0	0	0	0	0	0	0	0	0	0	0	0	0	0	0	0	0	0	0	0	0	0	0	0	0	0	0	0	0	0	0	0	0	0	0	0	0	0
0	0	0	0	0	0	0	0.560388391013516	0	0	0	0	0	0	0	0	0	0	0.589535882547953	0.844318593065715	0.72332624424501	0	0	0.913225277047195	0	0	0	0	0	0.946630337174236	0	0	0	0	0	0	0	0	0	0	0	0	0	0	0	0	0	0	0	0	0	0	0	0	0	0	0	0	0	0	0	0	0	0	0	0	0	0	0	0	0	0	0	0	0	0	0	0	0	0	0	0	0	0	0	0	0	0	0	0
0	0	0	0	0	0	0	0	0.759843800159858	0	0.652339580245127	0.875031334922385	0	0	0	0	0.987340686141512	0.789334227770011	0	0	0	0	0.509671876803058	0	0.674121931562353	0	0	0	0	0.750711251638168	0	0	0	0	0	0	0	0	0	0	0	0	0	0	0	0	0	0	0	0	0	0	0	0	0	0	0	0	0	0	0	0	0	0	0	0	0	0	0	0	0	0	0	0	0	0	0	0	0	0	0	0	0	0	0	0	0	0	0	0
0	0	0	0	0.519281328811722	0	0	0	0	0	0	0.71572993234635	0	0.716693700644921	0	0.95080114303422	0.705131275734957	0	0.722876841495403	0	0	0	0	0	0.912078654922855	0	0	0	0	0	0	0	0	0	0	0	0	0	0	0	0	0	0	0	0	0	0	0	0	0	0	0	0	0	0	0	0	0	0	0	0	0	0	0	0	0	0	0	0	0	0	0	0	0	0	0	0	0	0	0	0	0	0	0	0	0	0	0	0	0
0.959664562784484	0	0.951836401664896	0.569328372403867	0	0	0	0	0	0	0	0.809625174630304	0	0	0.63130879561066	0	0	0	0	0.52991174943351	0	0	0	0	0	0.528998369013094	0.562688472483616	0.959580430520978	0	0	0	0	0	0	0	0	0	0	0	0	0	0	0	0	0	0	0	0	0	0	0	0	0	0	0	0	0	0	0	0	0	0	0	0	0	0	0	0	0	0	0	0	0	0	0	0	0	0	0	0	0	0	0	0	0	0	0	0	0	0
0	0	0	0	0	0	0	0	0	0	0	0	0	0	0	0	0	0	0	0	0	0	0	0	0	0	0	0	0	0	0	0.817706617363179	0	0	0.932446460650494	0.533545228275522	0	0	0	0	0	0	0	0	0.642796636283992	0	0.663972576574049	0	0	0	0	0	0	0	0	0.809889646996372	0.75060854936569	0	0.969405763576968	0.949686654871916	0	0	0	0	0	0	0	0	0	0	0	0	0	0	0	0	0	0	0	0	0	0	0	0	0	0	0	0	0	0
0	0	0	0	0	0	0	0	0	0	0	0	0	0	0	0	0	0	0	0	0	0	0	0	0	0	0	0	0	0	0.526333731166735	0	0.579714506449755	0.801805661833409	0.709065729442461	0.536077212412113	0.868140920431329	0	0	0	0	0.559112172633684	0	0	0	0	0	0	0	0	0	0	0	0	0	0	0.753194231687381	0.5683129822463	0.608014926928959	0.696450893647969	0	0	0	0	0	0	0	0	0	0	0	0	0	0	0	0	0	0	0	0	0	0	0	0	0	0	0	0	0	0
0	0	0	0	0	0	0	0	0	0	0	0	0	0	0	0	0	0	0	0	0	0	0	0	0	0	0	0	0	0	0	0.641800357111334	0	0.675597543238622	0.952532205442269	0.536029750470502	0.999478524204813	0.602400282554729	0	0	0	0	0	0	0	0	0	0	0	0	0	0	0	0	0	0	0	0.622037704840133	0.857602288612577	0.579618387896019	0	0	0	0	0	0	0	0	0	0	0	0	0	0	0	0	0	0	0	0	0	0	0	0	0	0	0	0	0	0
0	0	0	0	0	0	0	0	0	0	0	0	0	0	0	0	0	0	0	0	0	0	0	0	0	0	0	0	0	0	0	0.575039319247842	0.552288097495122	0	0.572407588936693	0.538365364269407	0.555691997120304	0.912695080981396	0.68372839168259	0	0	0	0	0	0	0.85003120343761	0	0	0	0	0	0	0	0	0	0	0	0.613260723587787	0.705857120067291	0.885905097925553	0	0	0	0	0	0	0	0	0	0	0	0	0	0	0	0	0	0	0	0	0	0	0	0	0	0	0	0	0	0
0	0	0	0	0	0	0	0	0	0	0	0	0	0	0	0	0	0	0	0	0	0	0	0	0	0	0	0	0	0	0.742396221121079	0.503146381380502	0.717867081357227	0.758249948871875	0	0.680493496810471	0.885166873299267	0.655835523201763	0.945397272864169	0.695517554554293	0	0.732448546508323	0	0	0	0	0	0	0	0	0	0	0	0	0	0	0	0	0	0.614820775088049	0	0	0	0	0	0	0	0	0	0	0	0	0	0	0	0	0	0	0	0	0	0	0	0	0	0	0	0	0	0
0	0	0	0	0	0	0	0	0	0	0	0	0	0	0	0	0	0	0	0	0	0	0	0	0	0	0	0	0	0	0.712997104010866	0.965771785406375	0.540381144821666	0.574084070616312	0.795497650456325	0	0.813595894998165	0.845126131447341	0.854531574623361	0.733598079590018	0.897417601400471	0	0	0	0	0	0	0	0	0	0	0	0	0	0	0	0	0	0	0	0	0	0	0	0	0	0	0	0	0	0	0	0	0	0	0	0	0	0	0	0	0	0	0	0	0	0	0	0	0
0	0	0	0	0	0	0	0	0	0	0	0	0	0	0	0	0	0	0	0	0	0	0	0	0	0	0	0	0	0	0	0.96806934183064	0.971752252433246	0.523191544118622	0.505199723673018	0.77935248112388	0	0.715238324860399	0.542090553002631	0.644254014235897	0.84280251184409	0.714695958227271	0	0	0	0	0	0	0	0	0	0.77718630258452	0	0	0	0	0	0	0	0	0	0	0	0	0	0	0	0	0	0	0	0	0	0	0	0	0	0	0	0	0	0	0	0	0	0	0	0	0	0
0	0	0	0	0	0	0	0	0	0	0	0	0	0	0	0	0	0	0	0	0	0	0	0	0	0	0	0	0	0	0	0	0.939015956377356	0.975222662013369	0.767132605393859	0.935968093836036	0.937903287690488	0	0.734050907012197	0.929619483529877	0.768380360857546	0.898768202365912	0.717176793516821	0	0	0.788467751758018	0	0	0	0	0	0	0	0	0	0	0	0	0	0	0	0	0	0	0	0	0	0	0	0	0	0	0	0	0	0	0	0	0	0	0	0	0	0	0	0	0	0	0	0
0	0	0	0	0	0	0	0	0	0	0	0	0	0	0	0	0	0	0	0	0	0	0	0	0	0	0	0	0	0	0	0	0	0.824221646403667	0.554462416787227	0.876303381499492	0.826867386179446	0.601663285284453	0	0.842169640318779	0.80139617615882	0.754502649189893	0.593843008929758	0.795863146645929	0	0	0	0	0	0	0	0	0	0	0	0	0	0	0	0	0	0	0	0	0	0	0	0	0	0	0	0	0	0	0	0	0	0	0	0	0	0	0	0	0	0	0	0	0	0
0	0	0	0	0	0	0	0	0	0	0	0	0	0	0	0	0	0	0	0	0	0	0	0	0	0	0	0	0	0	0	0	0	0	0.890505224663701	0.739563873092738	0.798138484294098	0.583190076417053	0.710251879620233	0	0.975539826800799	0.709701561379697	0.638806763844421	0.930901650783956	0.83396533020897	0	0	0	0	0	0	0	0	0	0	0	0	0	0	0	0	0	0	0	0	0	0	0	0	0	0	0	0	0	0	0	0	0	0	0	0	0	0	0	0	0	0	0	0	0
0	0	0	0	0	0	0	0	0	0	0	0	0	0	0	0	0	0	0	0	0	0	0	0	0	0	0	0	0	0	0	0	0	0	0	0.919436620651431	0.512561936168151	0.665326499703285	0.748697344206199	0.915290786927201	0	0.826281590147089	0.958253505074399	0.624376946217243	0.605168638522232	0.692297331431002	0	0	0	0	0	0	0	0	0	0	0	0	0	0	0	0	0	0	0	0	0	0	0	0	0	0	0	0	0	0	0	0	0	0	0	0	0	0	0	0	0	0	0	0
0	0	0	0	0	0	0	0	0	0	0	0	0	0	0	0	0	0	0	0	0	0	0	0	0	0	0	0	0	0	0	0.903112501898168	0	0	0.850796689198629	0	0.824532409261228	0.75461281455511	0.552125966739978	0.988614688338049	0.722595525178791	0	0.942888074575772	0	0	0.727275236343374	0.98183683891891	0	0	0	0	0	0	0	0	0	0	0	0	0	0	0	0	0	0	0	0	0	0	0	0	0	0	0	0	0	0	0	0	0	0	0	0	0	0	0	0	0	0	0
0	0	0	0	0	0	0	0	0	0	0	0	0	0	0	0	0	0	0	0	0	0	0	0	0	0	0	0	0	0	0	0	0	0	0	0	0	0.884293648049639	0.689657270955965	0.503929074121126	0.709554329932682	0.763525455605837	0	0.703510321841519	0.503247931805068	0	0.925021287366067	0.991163994855579	0	0.571013717760872	0	0	0	0	0	0	0.686236883891599	0	0	0	0	0	0	0	0	0	0	0	0	0	0	0	0	0	0	0	0	0	0	0	0	0	0	0	0	0	0	0	0	0
0	0	0	0	0	0	0	0	0	0	0	0	0	0	0	0	0	0	0	0	0	0	0	0	0	0	0	0	0	0	0	0	0	0	0	0	0	0	0.580833783639966	0.509864529648887	0.632769411670662	0	0.607050680444806	0	0.889175184287416	0.913635498009799	0.588858414305534	0.548315160265513	0.745728504395191	0	0	0	0	0	0	0	0	0	0	0	0	0	0	0	0	0	0	0	0	0	0	0	0	0	0	0	0	0	0	0	0	0	0	0	0	0	0	0	0	0
0	0	0	0	0	0	0	0	0	0	0	0	0	0	0	0	0	0	0	0	0	0	0	0	0	0	0	0	0	0	0.692286728077712	0	0	0	0	0	0	0	0	0.95082653002962	0.85268442533178	0	0.914519638456073	0.656187944685164	0	0.767935760991791	0.9445831027475	0.541304559992809	0.595275180769008	0	0	0	0	0	0	0	0	0.512700919916653	0	0	0	0	0	0	0	0	0	0	0	0	0	0	0	0	0	0	0	0	0	0	0	0	0	0	0	0	0	0	0	0
0	0	0	0	0	0	0	0	0	0	0	0	0	0	0	0	0	0	0	0	0	0	0	0	0	0	0	0	0	0	0	0	0	0.618508076724673	0	0	0	0.848315503870415	0	0	0.963888723802288	0.520881823580971	0	0.773028980910522	0.928414146655984	0	0.992797750468514	0.84840709943366	0	0	0.747588766549054	0	0	0	0	0	0	0	0	0	0	0	0	0	0	0	0	0	0	0	0	0	0	0	0	0	0	0	0	0	0	0	0	0	0	0	0	0	0	0
0	0	0	0	0	0	0	0	0	0	0	0	0	0	0	0	0	0	0	0	0	0	0	0	0	0	0	0	0	0	0.946182450583072	0	0	0	0	0	0	0	0	0	0	0.945000437263677	0.866377059690115	0.725792617191022	0.794086826637387	0.790130641204061	0	0.964875475008209	0.659665002313976	0.836905495566072	0.882398546705425	0.995844703040514	0	0	0	0	0	0	0	0	0	0	0	0	0	0	0	0	0	0	0	0	0	0	0	0	0	0	0	0	0	0	0	0	0	0	0	0	0	0
0	0	0	0	0	0	0	0	0	0	0	0	0	0	0	0	0	0	0	0	0	0	0	0	0	0	0	0	0	0	0	0	0	0	0	0	0	0	0	0	0	0	0.837700738104654	0.986393052187245	0.611072512280071	0.655708611319118	0.924229111546625	0	0.66577767716546	0.738593670412632	0.819035673184673	0.918278795991051	0.517286170798523	0	0	0	0	0	0	0	0	0	0	0	0	0	0	0	0	0	0	0	0	0	0	0	0	0	0	0	0	0	0	0	0	0	0	0	0	0
0	0	0	0	0	0	0	0	0	0	0	0	0	0	0	0	0	0	0	0	0	0	0	0	0	0	0	0	0	0	0	0	0	0	0	0	0	0	0	0	0	0	0	0.597625569700031	0.822004151092703	0	0.699172750482893	0.937521607599816	0	0.524449555991669	0.903815944784228	0.70557914089335	0.706483226224374	0.981389625468557	0	0.528714460316084	0	0	0	0	0	0	0	0	0	0	0	0	0	0	0	0	0	0	0	0	0	0	0	0	0	0	0	0	0	0	0	0	0	0
0	0	0	0	0	0	0	0	0	0	0	0	0	0	0	0	0	0	0	0	0	0	0	0	0	0	0	0	0	0	0	0	0	0	0	0	0	0	0	0	0	0	0.84652656514974	0	0	0	0.777047585332071	0.804089447009009	0.559747868900589	0	0.779348208387771	0	0.504223505736844	0.872967218523717	0.776175615912134	0	0	0.636434949022362	0	0	0	0	0	0	0	0	0	0	0	0	0	0	0	0	0	0	0	0	0	0	0	0	0	0	0	0	0	0	0	0
0	0	0	0	0	0	0	0	0	0	0	0	0	0	0	0	0	0	0	0	0	0	0	0	0	0	0	0	0	0	0	0	0	0	0	0	0	0	0	0	0	0	0	0	0	0.992499174664234	0.879382934979889	0.955174565506245	0.751868757168155	0.948376778505631	0	0.843875063465129	0.933658799177422	0.605765107596673	0.926349786281098	0.625477024102493	0	0	0	0	0	0	0	0	0	0	0	0	0	0	0	0	0	0	0	0	0	0	0	0	0	0	0	0	0	0	0	0	0	0
0	0	0	0	0	0	0	0	0	0	0	0	0	0	0	0	0	0	0	0	0	0	0	0	0	0	0	0	0	0	0	0	0	0	0	0	0.858889525811303	0	0	0	0	0	0	0	0	0	0.842926168378322	0.640680769374653	0.937430074775089	0	0.519958270788884	0	0.571922763151769	0.552391646929155	0.503028221202829	0.903856118057238	0	0	0	0	0	0	0	0	0	0	0	0	0	0	0	0	0	0	0	0	0	0	0	0	0	0	0	0	0	0	0	0	0	0
0	0	0	0	0	0	0	0	0	0	0	0	0	0	0	0	0	0	0	0	0	0	0	0	0	0	0	0	0	0	0	0	0	0	0	0	0	0	0	0	0	0	0	0	0	0	0	0.579402522861309	0.921651203009656	0.925459201832673	0.538644364431186	0.539799734560615	0	0.535907557402218	0.701836140783496	0.747413076164463	0.780261304841156	0.732487927103129	0	0	0	0	0	0	0	0	0	0	0	0	0	0	0	0	0	0	0	0	0	0	0	0	0	0	0	0	0	0	0	0
0	0	0	0	0	0	0	0	0	0	0	0	0	0	0	0	0	0	0	0	0	0	0	0	0	0	0	0	0	0	0	0	0	0	0	0	0	0	0	0	0	0	0	0	0	0	0	0	0.811164745937972	0.610085623287563	0.548525115728035	0.617172345365865	0.847975266400677	0	0.7472493097896	0.994784937718331	0.765187319490146	0.726786844920118	0.856364501379552	0	0	0	0	0	0	0	0	0	0	0	0	0	0	0	0	0	0	0	0	0	0	0	0	0	0	0	0	0	0	0
0	0	0	0	0	0	0	0	0	0	0	0	0	0	0	0	0	0	0	0	0	0	0	0	0	0	0	0	0	0	0	0	0	0	0	0	0	0	0	0	0	0	0	0	0	0	0	0	0	0.56403299557118	0.855431498103355	0.871034479175312	0.798626287571133	0.731613670413501	0	0.578654797513194	0.877635152965333	0.851893113863457	0.508485645271439	0.816860878609651	0	0	0	0	0	0	0	0	0	0	0	0	0	0	0	0	0	0	0	0	0	0	0	0	0	0	0	0	0	0
0	0	0	0	0	0	0	0	0	0	0	0	0	0	0	0	0	0	0	0	0	0	0	0	0	0	0	0	0	0	0.9174632632176	0	0	0	0	0	0	0	0	0	0	0	0	0	0	0	0	0	0.559794986689499	0	0.839149765070076	0.934085576387471	0.769184872890145	0.886505594416588	0.873193927588142	0	0.578588666780367	0.968844906262245	0.680367882150222	0	0	0	0	0	0	0	0	0	0	0	0	0	0	0	0	0	0	0	0	0	0	0	0	0	0	0	0	0	0	0
0	0	0	0	0	0	0	0	0	0	0	0	0	0	0	0	0	0	0	0	0	0	0	0	0	0	0	0	0	0	0.766280663532783	0.964190482349702	0	0	0	0	0	0	0	0	0	0	0.978008881390857	0	0	0	0	0	0	0	0	0	0.691471949074735	0.705095717032297	0.834279271871368	0.652498514353215	0	0.546217853986537	0.740907542645778	0.555975520465015	0	0	0	0	0	0	0	0	0	0	0	0	0	0	0	0	0	0	0	0	0	0	0	0	0	0	0	0	0	0
0	0	0	0	0	0	0	0	0	0	0	0	0	0	0	0	0	0	0	0	0	0	0	0	0	0	0	0	0	0	0	0.512903719801096	0.738064343049779	0.885844457164317	0	0	0	0	0	0	0	0	0	0	0.595874536327555	0	0	0	0	0.605464926566048	0	0	0.629396300991974	0.717388459706446	0.608890647179933	0.61904497229613	0.850638989912929	0	0	0.716898004964993	0	0	0	0	0	0	0	0	0	0	0	0	0	0	0	0	0	0	0	0	0	0	0	0	0	0	0	0	0	0
0	0	0	0	0	0	0	0	0	0	0	0	0	0	0	0	0	0	0	0	0	0	0	0	0	0	0	0	0	0	0.779693762000062	0.59113462837789	0.545817583831166	0.672810002527514	0	0	0	0	0	0	0	0	0	0	0	0	0	0	0	0	0	0	0	0.594153806274464	0.892308118509111	0.825698538451014	0.541713896723294	0	0	0.674816711162058	0	0	0	0	0	0	0	0	0	0	0	0	0	0	0	0	0	0	0	0	0	0	0	0	0	0	0	0	0	0
0	0	0	0	0	0	0	0	0	0	0	0	0	0	0	0	0	0	0	0	0	0	0	0	0	0	0	0	0	0	0.50563582377737	0.686439612700774	0.70386280613961	0.67249396219324	0.922388749110704	0	0	0	0	0	0	0	0	0	0	0	0	0	0	0	0	0	0	0	0.944058157473234	0	0.62148016843864	0.586453918140652	0.70447884471196	0	0	0	0	0	0	0	0	0	0	0	0	0	0	0	0	0	0	0	0	0	0	0	0	0	0	0	0	0	0	0
0	0	0	0	0	0	0	0	0	0	0	0	0	0	0	0	0	0	0	0	0	0	0	0	0	0	0	0	0	0	0	0	0	0	0	0	0	0	0	0	0	0	0	0	0	0	0	0	0	0	0	0	0	0	0	0	0	0	0	0	0	0.543708793659758	0.717804414445559	0.62730122738782	0.750987445881461	0.987429975964921	0.95905785659934	0.651993444338256	0	0	0	0	0	0	0.500014775559203	0	0	0	0	0	0	0	0.611731452844856	0.849653481436601	0.902478011527404	0.995458777801745	0.881262229543045	0.868148173004786	0.989900568879614	0
0	0	0	0	0	0	0	0	0	0	0	0	0	0	0	0	0	0	0	0	0	0	0	0	0	0	0	0	0	0	0	0	0	0	0	0	0	0	0	0	0	0	0	0	0	0	0	0	0	0	0	0	0	0	0	0	0	0	0	0	0.805328472093984	0	0	0.711972262578677	0.866331508528905	0.955146985852245	0.873678521358865	0.876300224519509	0.878057274983124	0	0	0	0.681028679558657	0	0	0.533055273516589	0	0	0	0	0	0.52011930240856	0	0	0.534249105072198	0.898932921947557	0	0.649308338582631	0.740201071892778	0.828040987789682
0	0	0	0	0	0	0	0	0	0	0	0	0	0	0	0	0	0	0	0	0	0	0	0	0	0	0	0	0	0	0	0	0	0	0	0	0	0	0	0	0	0	0	0	0	0	0	0	0	0	0	0	0	0	0	0	0	0	0	0	0.56318008961821	0	0	0	0.56537910218867	0.873154164423509	0	0.836271777690604	0.523452867219458	0.573842302191866	0.911622255577978	0	0	0.561993201107975	0	0	0	0	0	0	0	0	0.555343504819442	0	0.513109083549092	0	0.953988382701374	0.983466821316629	0	0
0	0	0	0	0	0	0	0	0	0	0	0	0	0	0	0	0	0	0	0	0	0	0	0	0	0	0	0	0	0	0	0	0	0	0	0	0	0	0	0	0	0	0	0	0	0	0	0	0	0	0	0	0	0	0	0	0	0	0	0	0.977406274753309	0.955044427742748	0	0	0	0.776972778043857	0.719921999914499	0.597903689001806	0.836443284795775	0.804763144287704	0.654938279871435	0	0	0	0	0	0.781402440268306	0	0	0	0	0	0	0.767746702051071	0	0.824142840038264	0	0.737901512316694	0	0.878504497891438
0	0	0	0	0	0	0	0	0	0	0	0	0	0	0	0	0	0	0	0	0	0	0	0	0	0	0	0	0	0	0	0	0	0	0	0	0	0	0	0	0	0	0	0	0	0	0	0	0	0	0	0	0	0	0	0	0	0	0	0	0.860920776009327	0.799482633146526	0.969508715444539	0	0	0.699435430046758	0.67630449422168	0	0.810152892032763	0.844889504109902	0.843171214395209	0.80625333905654	0	0	0	0	0	0	0	0	0.585284021782044	0.587832053282747	0	0.894245273774194	0	0	0	0.652137532835996	0.717281821128653	0
0	0	0	0	0	0	0	0	0	0	0	0	0	0	0	0	0	0	0	0	0	0	0	0	0	0	0	0	0	0	0	0	0	0	0	0	0	0	0	0	0	0	0	0	0	0	0	0	0	0	0	0	0	0	0	0	0	0	0	0	0.926114307421631	0.624855812562718	0.957418144618616	0.841698874686514	0.746907370184716	0	0.738313374290236	0	0.54503829932456	0.641356332847678	0.778634156540222	0	0.669745161777957	0	0	0	0	0	0	0	0	0.87998857087169	0	0	0	0.860593938435926	0.913284993666664	0	0.739672808669933	0.851958810578767
0	0	0	0	0	0	0	0	0	0	0	0	0	0	0	0	0	0	0	0	0	0	0	0	0	0	0	0	0	0	0	0	0	0	0	0	0	0	0	0	0	0	0	0	0	0	0	0	0	0	0	0	0	0	0	0	0	0	0	0	0.667975130037651	0.94089024474334	0	0.970445348975321	0.903525795739608	0.729451523443972	0	0.571920738899729	0.808313467719248	0.813703218971461	0	0.71389584351472	0.848422176859746	0	0.526392681000877	0.931170620021915	0.671156146417491	0	0	0	0	0	0	0.727563139138108	0	0	0.845920895031111	0	0	0.957858424811141
0	0	0	0	0	0	0	0	0	0	0	0	0	0	0	0	0	0	0	0	0	0	0	0	0	0	0	0	0	0	0	0	0	0	0	0	0	0	0	0	0	0	0	0	0	0	0	0	0	0	0	0	0	0	0	0	0	0	0	0	0.916217211464431	0.901187156388654	0.656162183080597	0.777374291507727	0	0	0.516300424409296	0	0.854865051680824	0.603358826991944	0.915913092702503	0	0	0.579545597224907	0	0	0.756884548382278	0.772817319902441	0	0	0	0.545383659094358	0	0	0	0	0	0	0.675067783811606	0.62149164560905
0	0	0	0	0	0	0	0	0	0	0	0	0	0	0	0	0	0	0	0	0	0	0	0	0	0	0	0	0	0	0	0	0	0	0	0	0	0	0	0	0	0	0	0	0	0	0	0	0	0	0	0	0	0	0	0	0	0	0	0	0	0.897605694536869	0.700874090679864	0.76902152732849	0.546222185401137	0.548024870085556	0.939880505363322	0.699565160703284	0	0	0.575187265701512	0.697939707870119	0.564579847511526	0.722024446035584	0.84274236270307	0	0	0	0	0.669723173299945	0.768982912602173	0	0	0	0	0	0.795541146714577	0	0.849275815993652	0
0	0	0	0	0	0	0	0	0	0	0	0	0	0	0	0	0	0	0	0	0	0	0	0	0	0	0	0	0	0	0	0	0	0	0	0	0	0	0	0	0	0	0	0	0	0	0	0	0	0	0	0	0	0	0	0	0	0	0	0	0	0	0.730935342188209	0.744051733062962	0.539614884489045	0.595017350507949	0.859089027398965	0.728781655226661	0	0	0	0.758976891511401	0.876890924495894	0	0.863942118942759	0.982402152243597	0.645720493935462	0	0	0	0	0	0	0.660646205604317	0	0	0	0	0	0.607351413902977
0	0	0	0	0	0	0	0	0	0	0	0	0	0	0	0	0	0	0	0	0	0	0	0	0	0	0	0	0	0	0	0	0	0	0	0	0	0	0	0	0	0	0	0	0	0	0	0	0	0	0	0	0	0	0	0	0	0	0	0	0	0	0.627131122096647	0.828895780098063	0.702590415473398	0.772858194380197	0	0.999337197100194	0.924758061512414	0	0	0	0	0.556252632709946	0.560758057508776	0.705733997874655	0	0.618374494758488	0	0	0	0	0.671623193660067	0	0.857865525892917	0.731091973862615	0	0.665600765208432	0.506207742081943	0
0	0	0	0	0	0	0	0	0	0	0	0	0	0	0	0	0	0	0	0	0	0	0	0	0	0	0	0	0	0	0	0	0	0	0	0	0	0	0	0	0	0	0	0	0	0	0	0	0	0	0	0	0	0	0	0	0	0	0	0	0	0	0	0	0.614785247577268	0	0.740334438305637	0	0.977735021935175	0.68920568199583	0	0	0.867938347763182	0.87915425810739	0.539332331445383	0	0.634941111417935	0.845723451060627	0.99752262821144	0	0.763808338669483	0.898922426691271	0	0	0	0	0	0	0	0
0	0	0	0	0	0	0	0	0	0	0	0	0	0	0	0	0	0	0	0	0	0	0	0	0	0	0	0	0	0	0	0	0	0	0	0	0	0	0	0	0	0	0	0	0	0	0	0	0	0	0	0	0	0	0	0	0	0	0	0	0	0.908765536690528	0	0	0	0.765783718553739	0.962268105072718	0	0.794430247067708	0.926025447845674	0	0.837272783430793	0	0.635823650989314	0.736766473353816	0	0	0.578967951294188	0	0.874556769037524	0	0	0	0	0	0	0	0.895581470545065	0	0.641661315429623
0	0	0	0	0	0	0	0	0	0	0	0	0	0	0	0	0	0	0	0	0	0	0	0	0	0	0	0	0	0	0	0	0	0	0	0	0	0	0	0	0	0	0	0	0	0	0	0	0	0	0	0	0	0	0	0	0	0	0	0	0	0	0.584903737517527	0	0	0	0	0.773539194566988	0.640048181689727	0	0.677321842724487	0.927874919939268	0.994072997545289	0	0	0.542241118874579	0.598351855897273	0.537889861114389	0.942597800609589	0.571609503353042	0.815960929404971	0	0	0.607788823129228	0	0	0	0	0	0
0	0	0	0	0	0	0	0	0	0	0	0	0	0	0	0	0	0	0	0	0	0	0	0	0	0	0	0	0	0	0	0	0	0	0	0	0	0	0	0	0	0	0	0	0	0	0	0	0	0	0	0	0	0	0	0	0	0	0	0	0.554884550716465	0	0	0	0	0	0.6396619689409	0	0.570099673582808	0.911081016285139	0.738009803971736	0.68809609574109	0.648699977321786	0	0	0.626483230607243	0.853859159477535	0.632935554375042	0	0.60795568308155	0	0	0	0	0	0	0	0	0.57827614066816	0.903373946200823
0	0	0	0	0	0	0	0	0	0	0	0	0	0	0	0	0	0	0	0	0	0	0	0	0	0	0	0	0	0	0	0	0	0	0	0	0	0	0	0	0	0	0	0	0	0	0	0	0	0	0	0	0	0	0	0	0	0	0	0	0	0.976273359653523	0	0	0	0	0.987998072112472	0	0	0.751142773815892	0.709036681596267	0	0	0.922805286934374	0.680982100748983	0	0.874106364638102	0.674635531874602	0.747144976551947	0.900772940880491	0.791508481655962	0.735733390880547	0.605886174180424	0	0	0	0	0	0	0
0	0	0	0	0	0	0	0	0	0	0	0	0	0	0	0	0	0	0	0	0	0	0	0	0	0	0	0	0	0	0	0	0	0	0	0	0	0	0	0	0	0	0	0	0	0	0	0	0	0	0	0	0	0	0	0	0	0	0	0	0	0	0	0.895237937219187	0	0	0.67325811876745	0.821544196210846	0	0.998300225989734	0	0.714285865604644	0	0.954445065544343	0.856999032480067	0.763437003593581	0	0.866450709076512	0	0.68927662123384	0	0	0.547888003951256	0.666569319370668	0.959587044401508	0	0.851082939339727	0	0.60055215608854	0
0	0	0	0	0	0	0	0	0	0	0	0	0	0	0	0	0	0	0	0	0	0	0	0	0	0	0	0	0	0	0	0	0	0	0	0	0	0	0	0	0	0	0	0	0	0	0	0	0	0	0	0	0	0	0	0	0	0	0	0	0	0	0	0	0	0	0	0.596575119488923	0	0	0.681360776536475	0.889999350867901	0.815685680759781	0.976742214654429	0.592041000470701	0.804334251885454	0.915238102012636	0	0.705952404829694	0.592596225502277	0	0.511175679278984	0	0.562830188879006	0.840284720306007	0	0.565380836670915	0	0	0.862912947346243
0	0	0	0	0	0	0	0	0	0	0	0	0	0	0	0	0	0	0	0	0	0	0	0	0	0	0	0	0	0	0	0	0	0	0	0	0	0	0	0	0	0	0	0	0	0	0	0	0	0	0	0	0	0	0	0	0	0	0	0	0	0	0	0	0	0	0	0	0	0	0	0.693745775412393	0	0.878136263074656	0	0.710985375492098	0	0.55323001184792	0	0.866864519053755	0.834641153702941	0.744048875420441	0.642629493737705	0	0.58403266842923	0.547332077943821	0	0.603617282947446	0	0
0	0	0	0	0	0	0	0	0	0	0	0	0	0	0	0	0	0	0	0	0	0	0	0	0	0	0	0	0	0	0	0	0	0	0	0	0	0	0	0	0	0	0	0	0	0	0	0	0	0	0	0	0	0	0	0	0	0	0	0	0	0	0	0	0	0	0	0	0.591359945221097	0	0	0	0.6650432560984	0.754715492067196	0.777311550502938	0.667561305619206	0.661949313931968	0.704072849611024	0.890662767807643	0	0.853912738853295	0	0.753525089545176	0.5448920093743	0	0.799273987708807	0.633582957885721	0	0.856711243651964	0
0	0	0	0	0	0	0	0	0	0	0	0	0	0	0	0	0	0	0	0	0	0	0	0	0	0	0	0	0	0	0	0	0	0	0	0	0	0	0	0	0	0	0	0	0	0	0	0	0	0	0	0	0	0	0	0	0	0	0	0	0	0	0	0	0.927833351807503	0	0	0	0.890947487837359	0	0	0.995371755135549	0	0.95038341055502	0	0.723267607849279	0	0	0.669535054850346	0.620862571190946	0	0.953545182785749	0.960971320264007	0	0.769925485919911	0.61762337697656	0.974796004056925	0.556437492607722	0	0
0	0	0	0	0	0	0	0	0	0	0	0	0	0	0	0	0	0	0	0	0	0	0	0	0	0	0	0	0	0	0	0	0	0	0	0	0	0	0	0	0	0	0	0	0	0	0	0	0	0	0	0	0	0	0	0	0	0	0	0	0	0.924425768382402	0	0	0.786595513055809	0.855789690322358	0	0.96335753026357	0	0	0	0.750959788839245	0	0	0	0.691462461682701	0	0.567143565345697	0.749781432766544	0	0.559697906821523	0	0.63488017006064	0	0	0	0.724132556903362	0.788323501409261	0	0.765743005943327
0	0	0	0	0	0	0	0	0	0	0	0	0	0	0	0	0	0	0	0	0	0	0	0	0	0	0	0	0	0	0	0	0	0	0	0	0	0	0	0	0	0	0	0	0	0	0	0	0	0	0	0	0	0	0	0	0	0	0	0	0.521380406476864	0	0.644569599357396	0	0	0	0	0	0	0	0.66809769595866	0	0	0	0	0.8956047344936	0.749599361142844	0	0.598224223201669	0.564645825194362	0.915668806565739	0.645937811831076	0	0.79961873152968	0.785711182542696	0	0	0.794188873756583	0	0.896311095021473
0	0	0	0	0	0	0	0	0	0	0	0	0	0	0	0	0	0	0	0	0	0	0	0	0	0	0	0	0	0	0	0	0	0	0	0	0	0	0	0	0	0	0	0	0	0	0	0	0	0	0	0	0	0	0	0	0	0	0	0	0.840327738729196	0	0	0.750848191857228	0.594081022139111	0	0.670505843121455	0	0	0.93327175510682	0	0	0	0.795853865512385	0	0	0.576422936673672	0.66239139524467	0	0.964595348566498	0	0	0.874469446183523	0	0	0.989195958041662	0	0.763141106064668	0.555507129250746	0.580838749088238
0	0	0	0	0	0	0	0	0	0	0	0	0	0	0	0	0	0	0	0	0	0	0	0	0	0	0	0	0	0	0	0	0	0	0	0	0	0	0	0	0	0	0	0	0	0	0	0	0	0	0	0	0	0	0	0	0	0	0	0	0.699482351932744	0.518660117637048	0.824885102247393	0	0	0	0	0	0	0	0.862391968187902	0	0	0	0	0	0.548553095911141	0.932773072405046	0.838744676355226	0	0.940045666654926	0	0.813061396701296	0	0	0.544361382800804	0.680893651716642	0.521480889480644	0.896169991411648	0.874028407948698
0	0	0	0	0	0	0	0	0	0	0	0	0	0	0	0	0	0	0	0	0	0	0	0	0	0	0	0	0	0	0	0	0	0	0	0	0	0	0	0	0	0	0	0	0	0	0	0	0	0	0	0	0	0	0	0	0	0	0	0	0.53037199500161	0.690962437023703	0	0.73706594375115	0	0.64918654678398	0	0	0	0	0.649841167710936	0	0	0	0	0	0	0	0.794737649790811	0.701225120240685	0.660551017397722	0	0	0.876133956709114	0.994702398783112	0	0.796462972978892	0.501375054482348	0.624552976601009	0.825812195785838
0	0	0	0	0	0	0	0	0	0	0	0	0	0	0	0	0	0	0	0	0	0	0	0	0	0	0	0	0	0	0	0	0	0	0	0	0	0	0	0	0	0	0	0	0	0	0	0	0	0	0	0	0	0	0	0	0	0	0	0	0.985705885264204	0	0.698661438866525	0	0	0.752133111793942	0.935027183180246	0	0.912850154975091	0	0	0	0	0	0	0	0.967538195856377	0.546317053727191	0	0.516154094155179	0.546065427439272	0.970772086431137	0	0	0.977618518026277	0.728622542921659	0	0	0.923796543412234	0.793050522620051
0	0	0	0	0	0	0	0	0	0	0	0	0	0	0	0	0	0	0	0	0	0	0	0	0	0	0	0	0	0	0	0	0	0	0	0	0	0	0	0	0	0	0	0	0	0	0	0	0	0	0	0	0	0	0	0	0	0	0	0	0.516965381185413	0.84169085424325	0.771950199963942	0.770755291203727	0.554596804560297	0	0	0	0	0	0.879001847672892	0	0.708598084345159	0	0	0	0	0	0.922720725330161	0	0.972890097669366	0.616980875742306	0.987721071615293	0.672249009421287	0.952399015615767	0.592974100142954	0	0	0.657177059332778	0.809076282407126
0	0	0	0	0	0	0	0	0	0	0	0	0	0	0	0	0	0	0	0	0	0	0	0	0	0	0	0	0	0	0	0	0	0	0	0	0	0	0	0	0	0	0	0	0	0	0	0	0	0	0	0	0	0	0	0	0	0	0	0	0.87566147961688	0.772733676233828	0	0	0.659065557375529	0.801728652802867	0	0.866839522411039	0.839555836668072	0	0.764249728910332	0	0	0	0.544639692272312	0	0.90481552419411	0	0	0.852913267537418	0	0	0	0.727500114951485	0.862437993628402	0.8952648234354	0.860037462409961	0.547367544379955	0	0.850098732690657
0	0	0	0	0	0	0	0	0	0	0	0	0	0	0	0	0	0	0	0	0	0	0	0	0	0	0	0	0	0	0	0	0	0	0	0	0	0	0	0	0	0	0	0	0	0	0	0	0	0	0	0	0	0	0	0	0	0	0	0	0	0.776845702890772	0	0.514790710857302	0	0.574116605656746	0.6068566774818	0.655179882008317	0	0.719520725297859	0	0	0.534186262193198	0	0.913159420798922	0	0	0.800312843994617	0	0	0	0.934878464250199	0.640012642125002	0.566646961290675	0.545865560844686	0.864282704512623	0.919375521020776	0.891545386281909	0.710341081301308	0
