0	0.70968583883875	0	0	0.874680065035737	0	0	0.914284268378364	0	0	0.831578214049697	0	0	0	0	0	0.833962543131821	0	0	0	0	0.823105547921478	0	0	0	0.611693698611459	0	0	0.727087646333578	0.743114938039331	0	0	0	0	0	0	0	0	0	0	0	0	0	0	0	0	0	0	0	0	0	0	0	0	0	0	0	0	0	0	0	0	0	0	0	0	0	0	0	0	0	0	0	0	0	0	0	0	0	0	0	0	0	0	0	0	0	0	0	0
0.876616092393743	0	0.715622806780827	0.705696122775381	0.534156582929751	0.558314298610244	0	0	0	0	0	0	0	0	0	0	0	0	0	0	0	0.534892885211647	0.92759098334219	0	0	0	0.768477323005805	0.877862245027065	0.554242606070691	0.804854001673481	0	0	0	0	0	0	0	0	0	0	0	0	0	0	0	0	0	0	0	0	0	0	0	0	0	0	0	0	0	0	0	0	0	0	0	0	0	0	0	0	0	0	0	0	0	0	0	0	0	0	0	0	0	0	0	0	0	0	0	0
0	0.535270617583436	0	0.702031405124296	0	0	0.834373061179447	0	0	0	0.71396679403008	0	0	0	0	0	0	0	0	0	0	0	0	0	0.542448555699239	0.838465772523224	0	0	0.521093235243407	0.859469541624209	0	0	0	0	0	0	0	0	0	0	0	0	0	0	0	0	0	0	0	0	0	0	0	0	0	0	0	0	0	0	0	0	0	0	0	0	0	0	0	0	0	0	0	0	0	0	0	0	0	0	0	0	0	0	0	0	0	0	0	0
0	0.723056420941588	0.976390857583255	0	0	0.704241896129208	0.657122721389358	0.79494142703372	0.646912316563837	0	0	0	0	0	0	0	0	0	0	0	0	0	0	0.535179196830166	0	0	0	0	0.571274388151708	0	0	0	0	0	0	0	0	0	0	0	0	0	0	0	0	0	0	0	0	0	0	0	0	0	0	0	0	0	0	0	0	0	0	0	0	0	0	0	0	0	0	0	0	0	0	0	0	0	0	0	0	0	0	0	0	0	0	0	0	0
0.592390424307886	0.86906026188972	0	0	0	0	0.520621114003902	0.52247796896627	0.801028849220916	0	0	0	0	0	0	0	0.794347209975204	0.946575397841567	0	0	0	0.771934043045035	0	0	0	0.929767678395864	0	0	0	0	0	0	0	0	0	0	0	0	0	0	0	0	0	0	0	0	0	0	0	0	0	0	0	0	0	0	0	0	0	0	0	0	0	0	0	0	0	0	0	0	0	0	0	0	0	0	0	0	0	0	0	0	0	0	0	0	0	0	0	0
0	0.66562399968601	0	0.928802084570732	0	0	0.875535881978149	0.732667747828953	0.57998987776624	0.555220011903921	0.68873221576948	0	0	0	0	0.615590990613905	0	0	0	0	0	0	0	0	0	0	0	0.665619767418012	0	0	0	0	0	0	0	0	0	0	0	0	0	0	0	0	0	0	0	0	0	0	0	0	0	0	0	0	0	0	0	0	0	0	0	0	0	0	0	0	0	0	0	0	0	0	0	0	0	0	0	0	0	0	0	0	0	0	0	0	0	0
0	0	0.814198305087385	0.76889856364727	0.964050638447092	0.686775765064246	0	0.918318452458031	0.640417384209055	0.773292295610564	0	0.936385626478124	0	0	0	0	0	0	0	0	0	0	0	0	0	0	0	0	0.639610412977863	0	0	0	0	0	0	0	0	0	0	0	0	0	0	0	0	0	0	0	0	0	0	0	0	0	0	0	0	0	0	0	0	0	0	0	0	0	0	0	0	0	0	0	0	0	0	0	0	0	0	0	0	0	0	0	0	0	0	0	0	0
0.527709886983011	0	0	0.76523338344037	0.60494333980055	0.843301413222742	0.840816371004006	0	0.66603206742078	0.541846490555179	0	0.509792828609069	0	0.691024345084691	0	0	0	0	0	0	0	0	0	0	0	0	0	0	0	0	0	0	0	0	0	0	0	0	0	0	0	0	0	0	0	0	0	0	0	0	0	0	0	0	0	0	0	0	0	0	0	0	0	0	0	0	0	0	0	0	0	0	0	0	0	0	0	0	0	0	0	0	0	0	0	0	0	0	0	0
0	0	0	0.588101917643833	0.593115260160027	0.85219708069373	0.525527936116893	0.507044327824287	0	0.57606956769848	0.526581529316566	0.698201626253498	0	0.526738595455517	0	0	0	0.810368718362144	0	0.828197297846695	0	0	0	0	0	0	0	0	0	0.529260700737579	0	0	0	0	0	0	0	0	0	0	0	0	0	0	0	0	0	0	0	0	0	0	0	0	0	0	0	0	0	0	0	0	0	0	0	0	0	0	0	0	0	0	0	0	0	0	0	0	0	0	0	0	0	0	0	0	0	0	0	0
0	0	0	0	0	0.968704198441287	0.509280825393589	0.955840745084284	0.842142010827031	0	0	0.956181010364279	0	0.62684614778773	0.656391827797311	0	0	0	0	0.855131821479687	0	0	0	0	0	0	0	0	0	0	0	0	0	0	0	0	0	0	0	0	0	0	0	0	0	0	0	0	0	0	0	0	0	0	0	0	0	0	0	0	0	0	0	0	0	0	0	0	0	0	0	0	0	0	0	0	0	0	0	0	0	0	0	0	0	0	0	0	0	0
0.6100171661604	0	0.682317356562603	0	0	0.950690893749708	0	0	0.768363910934604	0	0	0.634006077294175	0	0.555509746164316	0.920043459701021	0.56138314240039	0	0	0	0	0	0	0	0.71463719115165	0	0.890740409489718	0	0	0	0	0	0	0	0	0	0	0	0	0	0	0	0	0	0	0	0	0	0	0	0	0	0	0	0	0	0	0	0	0	0	0	0	0	0	0	0	0	0	0	0	0	0	0	0	0	0	0	0	0	0	0	0	0	0	0	0	0	0	0	0
0	0	0	0	0	0	0.715741975034323	0.904946080011243	0.785315319569232	0.869422958370032	0.954805107701453	0	0.712920193700585	0.656397038637187	0.611565894369637	0	0.943928679118854	0	0	0	0	0	0	0.929283011005155	0.780188134888411	0.599130865398628	0	0.556311310159289	0	0	0	0	0	0	0	0	0	0	0	0	0	0	0	0	0	0	0	0	0	0	0	0	0	0	0	0	0	0	0	0	0	0	0	0	0	0	0	0	0	0	0	0	0	0	0	0	0	0	0	0	0	0	0	0	0	0	0	0	0	0
0	0	0	0	0	0	0	0	0	0	0	0.985712332438844	0	0.956868010691563	0.863315713582695	0.958062114850498	0.501462158285194	0.688167898955656	0	0	0	0	0	0	0	0	0	0	0	0	0	0	0	0	0	0	0	0	0	0	0	0	0	0	0	0	0	0	0	0	0	0	0	0	0	0	0	0	0	0	0	0	0	0	0	0	0	0	0	0	0	0	0	0	0	0	0	0	0	0	0	0	0	0	0	0	0	0	0	0
0	0	0	0	0	0	0	0.570085009798207	0.724100447604703	0.936251122228014	0.52449015605199	0.635054615883841	0.848346637254909	0	0	0.712366896426309	0.982229213179195	0.864000238737412	0.759383423731605	0	0	0	0	0	0	0	0	0	0.567360088003102	0	0	0	0	0	0	0	0	0	0	0	0	0	0	0	0	0	0	0	0	0	0	0	0	0	0	0	0	0	0	0	0	0	0	0	0	0	0	0	0	0	0	0	0	0	0	0	0	0	0	0	0	0	0	0	0	0	0	0	0	0
0	0	0	0	0	0	0	0	0	0.824763070033257	0.809915380550085	0.634478693753753	0.670010592277598	0	0	0.999196644842448	0.907751165753687	0.55993884545646	0	0.641967323982168	0.992556641763625	0	0.665390026464802	0.788772926921162	0	0	0	0	0.960570744630123	0.908296958267026	0	0	0	0	0	0	0	0	0	0	0	0	0	0	0	0	0	0	0	0	0	0	0	0	0	0	0	0	0	0	0	0	0	0	0	0	0	0	0	0	0	0	0	0	0	0	0	0	0	0	0	0	0	0	0	0	0	0	0	0
0	0	0	0	0	0.658854390158459	0	0	0	0	0.625526767407974	0	0.620498486309955	0.51485952783594	0.728624242199661	0	0.985517042238307	0.892847304152619	0	0.975638218217281	0.839888293872011	0	0	0	0	0	0	0	0	0	0	0	0	0	0	0	0	0	0	0	0	0	0	0	0	0	0	0	0	0	0	0	0	0	0	0	0	0	0	0	0	0	0	0	0	0	0	0	0	0	0	0	0	0	0	0	0	0	0	0	0	0	0	0	0	0	0	0	0	0
0.577540643270959	0	0	0	0.783430118845045	0	0	0	0	0	0	0.520104607730368	0.564009619653896	0.848661221437615	0.704918436358809	0.704694251340381	0	0.914358273657847	0.855902803769168	0.556107894780431	0.68616756585332	0	0	0	0	0	0	0	0	0	0	0	0	0	0	0	0	0	0	0	0	0	0	0	0	0	0	0	0	0	0	0	0	0	0	0	0	0	0	0	0	0	0	0	0	0	0	0	0	0	0	0	0	0	0	0	0	0	0	0	0	0	0	0	0	0	0	0	0	0
0	0	0	0	0.787089539715932	0	0	0	0.827253180693778	0	0	0	0.514968511992893	0.952931246353562	0.906501133204149	0.899712508165582	0.7553537933688	0	0	0.590070475866828	0.971732972318544	0.553437285901198	0.531064666538637	0	0	0	0	0	0	0	0	0	0	0	0	0	0	0	0	0	0	0	0	0	0	0	0	0	0	0	0	0	0	0	0	0	0	0	0	0	0	0	0	0	0	0	0	0	0	0	0	0	0	0	0	0	0	0	0	0	0	0	0	0	0	0	0	0	0	0
0	0	0	0	0	0	0	0	0	0	0	0	0	0.545073546641286	0	0	0.601706150244714	0	0	0.604544959699811	0.541911710099767	0.796795918653519	0.680546994753347	0.985550956991114	0	0	0.509632069188223	0	0	0	0	0	0	0	0	0	0	0	0	0	0	0	0	0	0	0	0	0	0	0	0	0	0	0	0	0	0	0	0	0	0	0	0	0	0	0	0	0	0	0	0	0	0	0	0	0	0	0	0	0	0	0	0	0	0	0	0	0	0	0
0	0	0	0	0	0	0	0	0.591047840128392	0.602938940897324	0	0	0	0	0.736275930230345	0.933231194081507	0.912754630645955	0.750573172669082	0.595574762218391	0	0	0.717895292858121	0.87279226704697	0.781135535800358	0.954215253105932	0	0	0	0	0	0	0	0	0	0	0	0	0	0	0	0	0	0	0	0	0	0	0	0	0	0	0	0	0	0	0	0	0	0	0	0	0	0	0	0	0	0	0	0	0	0	0	0	0	0	0	0	0	0	0	0	0	0	0	0	0	0	0	0	0
0	0	0	0	0	0	0	0	0	0	0	0	0	0	0.501788728971802	0.574341150267993	0.645848689587619	0.517411317093741	0.952892855017907	0	0	0.508416808221648	0	0.589384947921489	0.511240682692217	0.591150632561769	0	0.667143390882921	0.598192113600611	0	0	0	0	0	0	0	0	0	0	0	0	0	0	0	0	0	0	0	0	0	0	0	0	0	0	0	0	0	0	0	0	0	0	0	0	0	0	0	0	0	0	0	0	0	0	0	0	0	0	0	0	0	0	0	0	0	0	0	0	0
0.842501902006299	0.848060994209445	0	0	0.710896870700818	0	0	0	0	0	0	0	0	0	0	0	0	0.891120964578502	0.521130620710231	0.637947338352869	0.869731233036755	0	0.59018494757472	0.88314229497353	0.983274718203766	0.596993213120508	0.688782706853721	0	0	0	0	0	0	0	0	0	0	0	0	0	0	0	0	0	0	0	0	0	0	0	0	0	0	0	0	0	0	0	0	0	0	0	0	0	0	0	0	0	0	0	0	0	0	0	0	0	0	0	0	0	0	0	0	0	0	0	0	0	0	0
0	0.565334217653817	0	0	0	0	0	0	0	0	0	0	0	0	0.696263611043079	0	0	0.874256241442809	0.828347948102704	0.591032814152132	0	0.979776881523214	0	0.514515231323946	0.612950193934726	0.713598755530403	0	0	0	0	0	0	0	0	0	0	0	0	0	0	0	0	0	0	0	0	0	0	0	0	0	0	0	0	0	0	0	0	0	0	0	0	0	0	0	0	0	0	0	0	0	0	0	0	0	0	0	0	0	0	0	0	0	0	0	0	0	0	0	0
0	0	0	0.722750656625556	0	0	0	0	0	0	0.701937569400207	0.510902564555738	0	0	0.512263026124974	0	0	0	0.889803277348622	0.890692424354935	0.922696362234012	0.585760000906119	0.995280226402762	0	0	0.595553459971752	0.865986786974877	0	0.637196433562921	0	0	0	0	0	0	0	0	0	0	0	0	0	0	0	0	0	0	0	0	0	0	0	0	0	0	0	0	0	0	0	0	0	0	0	0	0	0	0	0	0	0	0	0	0	0	0	0	0	0	0	0	0	0	0	0	0	0	0	0	0
0	0	0.863866208289987	0	0	0	0	0	0	0	0	0.749766784118923	0	0	0	0	0	0	0	0.743154147930514	0.80355001506343	0.560434331580731	0.547811275638513	0	0	0.97216070801223	0.938874273891411	0.789839176799757	0	0.578830865698302	0	0	0	0	0	0	0	0	0	0	0	0	0	0	0	0	0	0	0	0	0	0	0	0	0	0	0	0	0	0	0	0	0	0	0	0	0	0	0	0	0	0	0	0	0	0	0	0	0	0	0	0	0	0	0	0	0	0	0	0
0.789954007619209	0	0.600194780773032	0	0.636529180565882	0	0	0	0	0	0.673854741540305	0.582544469507389	0	0	0	0	0	0	0	0	0.546687329732187	0.894743117103352	0.748065039279109	0.885904633474939	0.527029277227542	0	0	0	0.503597532594819	0.914486675095585	0	0	0	0	0	0	0	0	0	0	0	0	0	0	0	0	0	0	0	0	0	0	0	0	0	0	0	0	0	0	0	0	0	0	0	0	0	0	0	0	0	0	0	0	0	0	0	0	0	0	0	0	0	0	0	0	0	0	0	0
0	0.559246042666463	0	0	0	0	0	0	0	0	0	0	0	0	0	0	0	0	0.8803210495257	0	0	0.517489686350465	0	0.741519108261667	0.754833549217766	0	0	0.605260492435725	0.782479593482588	0.695257343033438	0	0	0	0	0	0	0	0	0	0	0	0	0	0	0	0	0	0	0	0	0	0	0	0	0	0	0	0	0	0	0	0	0	0	0	0	0	0	0	0	0	0	0	0	0	0	0	0	0	0	0	0	0	0	0	0	0	0	0	0
0	0.599759613988401	0	0	0	0.625984114280706	0	0	0	0	0	0.906171593394907	0	0	0	0	0	0	0	0	0.637131069871061	0	0	0	0.639785164175991	0	0.532012244825869	0	0.785667351498759	0.881755434431617	0	0	0	0	0	0	0	0	0	0	0	0	0	0	0	0	0	0	0	0	0	0	0	0	0	0	0	0	0	0	0	0	0	0	0	0	0	0	0	0	0	0	0	0	0	0	0	0	0	0	0	0	0	0	0	0	0	0	0	0
0.574959257128405	0.910942825199949	0.756229968190888	0.533161829945672	0	0	0.969176493632515	0	0	0	0	0	0	0.633368595710607	0.912989714969755	0	0	0	0	0	0.754360785678945	0	0	0.565178578819176	0	0.793061251971457	0.606313531104859	0.50951884603874	0	0.526042395211989	0	0	0	0	0	0	0	0	0	0	0	0	0	0	0	0	0	0	0	0	0	0	0	0	0	0	0	0	0	0	0	0	0	0	0	0	0	0	0	0	0	0	0	0	0	0	0	0	0	0	0	0	0	0	0	0	0	0	0	0
0.944463154931983	0.725540331457205	0.937227730298283	0	0	0	0	0	0.922456993214387	0	0	0	0	0	0.540502553190064	0	0	0	0	0	0	0	0	0	0.594947234809514	0.787926875402239	0.959994984628352	0.751640546160498	0.652549348058844	0	0	0	0	0	0	0	0	0	0	0	0	0	0	0	0	0	0	0	0	0	0	0	0	0	0	0	0	0	0	0	0	0	0	0	0	0	0	0	0	0	0	0	0	0	0	0	0	0	0	0	0	0	0	0	0	0	0	0	0	0
0	0	0	0	0	0	0	0	0	0	0	0	0	0	0	0	0	0	0	0	0	0	0	0	0	0	0	0	0	0	0	0.694820353191318	0.500815315269887	0	0.55831456194366	0	0.895115371514704	0	0.840298327346546	0.524324145695038	0	0	0	0	0	0	0	0.526419433705062	0	0	0.979912435453809	0	0.981126276613268	0.87420114393962	0.597352276851019	0	0	0.771858294545395	0	0	0	0	0	0	0	0	0	0	0	0	0	0	0	0	0	0	0	0	0	0	0	0	0	0	0	0	0	0	0	0
0	0	0	0	0	0	0	0	0	0	0	0	0	0	0	0	0	0	0	0	0	0	0	0	0	0	0	0	0	0	0.516047201824246	0	0.987393556297749	0	0.879396472012501	0	0	0.757388740355648	0.609170737696863	0.836041011281987	0	0	0	0	0.583402902436033	0.540688784406775	0	0	0.558340969880974	0	0	0.678715843605544	0	0.774241324705537	0	0.66355354225087	0.754188120260956	0	0	0	0	0	0	0	0	0	0	0	0	0	0	0	0	0	0	0	0	0	0	0	0	0	0	0	0	0	0	0	0	0
0	0	0	0	0	0	0	0	0	0	0	0	0	0	0	0	0	0	0	0	0	0	0	0	0	0	0	0	0	0	0.776961394380699	0.804153546287163	0	0.957850928858695	0.758247020272476	0.800504722649974	0.711260583079644	0.800252070853055	0	0.680379304454601	0	0.816316170374355	0	0	0	0	0	0	0	0	0.835824014246465	0	0	0	0.561519301837585	0	0	0	0	0	0	0	0	0	0	0	0	0	0	0	0	0	0	0	0	0	0	0	0	0	0	0	0	0	0	0	0	0	0	0
0	0	0	0	0	0	0	0	0	0	0	0	0	0	0	0	0	0	0	0	0	0	0	0	0	0	0	0	0	0	0	0	0.921682977469448	0	0.833543680485347	0	0.646479733361642	0	0	0	0.809599981809636	0.790478001380587	0.893458746028568	0.72537909291356	0	0	0	0	0	0.648985173681786	0	0	0.550371500631593	0	0	0.961176472931044	0.907559019536741	0.875732224490108	0.518577347611845	0.962226016489769	0	0	0	0	0	0	0	0	0	0	0	0	0	0	0	0	0	0	0	0	0	0	0	0	0	0	0	0	0	0
0	0	0	0	0	0	0	0	0	0	0	0	0	0	0	0	0	0	0	0	0	0	0	0	0	0	0	0	0	0	0.738147246315961	0.540231873904987	0.930587854282595	0.978582249208756	0	0	0.748023777811477	0	0	0	0	0.523875267720834	0.840625003119263	0.525439991711503	0.860441680288559	0	0.613333599255478	0.906689594387218	0	0.894277142442626	0	0.797017070149454	0.520849188972002	0	0	0.899707484002458	0.941494883716513	0	0	0.983992839612062	0	0	0	0	0	0	0	0	0	0	0	0	0	0	0	0	0	0	0	0	0	0	0	0	0	0	0	0	0	0
0	0	0	0	0	0	0	0	0	0	0	0	0	0	0	0	0	0	0	0	0	0	0	0	0	0	0	0	0	0	0	0	0.828376152787235	0	0	0	0.632989550252595	0	0	0	0.765952997578012	0.635422870415911	0	0.676529592353708	0.561461708325342	0	0	0	0.857519399887053	0	0	0	0.884749827759966	0	0.580476132925337	0	0	0	0.675650337116898	0	0	0	0	0	0	0	0	0	0	0	0	0	0	0	0	0	0	0	0	0	0	0	0	0	0	0	0	0	0	0
0	0	0	0	0	0	0	0	0	0	0	0	0	0	0	0	0	0	0	0	0	0	0	0	0	0	0	0	0	0	0.833496478552111	0	0.973617506860351	0.887941948938896	0.9540710627765	0.926815069914337	0	0.747901477913949	0	0.714267434901377	0	0.561218601343215	0.515331924122475	0.524244939214237	0	0.886736017073758	0.600401511393535	0	0	0	0	0	0	0	0.682689330061978	0	0.980118666625726	0.554736086118936	0	0.504701643292751	0	0	0	0	0	0	0	0	0	0	0	0	0	0	0	0	0	0	0	0	0	0	0	0	0	0	0	0	0	0
0	0	0	0	0	0	0	0	0	0	0	0	0	0	0	0	0	0	0	0	0	0	0	0	0	0	0	0	0	0	0	0.789894879360127	0.778388889583265	0	0	0	0.820709242508252	0	0	0.991825719990528	0	0.609928217789426	0.891271236200562	0.524109010029902	0.699119104074586	0.888720564502497	0.576678673433503	0	0.755417198019518	0.601966719361613	0	0.83426161648899	0.626854331409866	0	0	0	0	0.511162618390737	0	0	0	0	0	0	0	0	0	0	0	0	0	0	0	0	0	0	0	0	0	0	0	0	0	0	0	0	0	0	0	0
0	0	0	0	0	0	0	0	0	0	0	0	0	0	0	0	0	0	0	0	0	0	0	0	0	0	0	0	0	0	0.505720311518133	0.939290918631368	0	0	0	0	0	0	0	0.701399527937979	0	0.866669492432804	0	0.872709320818651	0.696106156466707	0.531896345025602	0	0	0.621675422557127	0	0	0.65305413088277	0	0	0.978783320361821	0.641282171997813	0.931236069972161	0.551538997133637	0	0	0	0	0	0	0	0	0	0	0	0	0	0	0	0	0	0	0	0	0	0	0	0	0	0	0	0	0	0	0	0
0	0	0	0	0	0	0	0	0	0	0	0	0	0	0	0	0	0	0	0	0	0	0	0	0	0	0	0	0	0	0.536261416233769	0.657541732467277	0.874633980405778	0	0	0	0.602745077176697	0.677317302572511	0.886093280519219	0	0	0.85933851486299	0	0.625117960688139	0.564532934800517	0.577605075222912	0	0	0	0.572060214846982	0	0.699475932814948	0	0.89722087683562	0	0.543574265558554	0	0.787062752219781	0	0.624225299506319	0	0	0	0	0	0	0	0	0	0	0	0	0	0	0	0	0	0	0	0	0	0	0	0	0	0	0	0	0	0
0	0	0	0	0	0	0	0	0	0	0	0	0	0	0	0	0	0	0	0	0	0	0	0	0	0	0	0	0	0	0	0	0	0.915381644143032	0	0.837708852899694	0	0	0	0	0	0	0.632448879951823	0	0.978162937771041	0	0.500702761192053	0.925634772891127	0.995718286884972	0	0	0.875967586334417	0.8148303775677	0	0	0.895849942675225	0	0.978664895789653	0	0	0	0	0	0	0	0	0	0	0	0	0	0	0	0	0	0	0	0	0	0	0	0	0	0	0	0	0	0	0	0
0	0	0	0	0	0	0	0	0	0	0	0	0	0	0	0	0	0	0	0	0	0	0	0	0	0	0	0	0	0	0	0	0.750688105955697	0.984723382075479	0.666124051975504	0.940999362799392	0.706381998176324	0.719521245231666	0.849169254791849	0.62823519207175	0	0	0.591726780575316	0.943496051910913	0	0.585223414373202	0	0.971949979055885	0.713667299141201	0.731093114739551	0.602523207536037	0	0.728132587889632	0	0	0	0.723916129618933	0.910996307175253	0	0	0	0	0	0	0	0	0	0	0	0	0	0	0	0	0	0	0	0	0	0	0	0	0	0	0	0	0	0	0	0
0	0	0	0	0	0	0	0	0	0	0	0	0	0	0	0	0	0	0	0	0	0	0	0	0	0	0	0	0	0	0	0	0	0.753576845229884	0.817526431855187	0	0.850930881395557	0.713689748471873	0	0	0.706971794138625	0.921239899535413	0	0	0.791043948649153	0.570146159765797	0	0.800218509661318	0	0.634303077972747	0	0	0	0.561052728082382	0	0.590623794905136	0	0.710557725252668	0	0	0	0	0	0	0	0	0	0	0	0	0	0	0	0	0	0	0	0	0	0	0	0	0	0	0	0	0	0	0	0
0	0	0	0	0	0	0	0	0	0	0	0	0	0	0	0	0	0	0	0	0	0	0	0	0	0	0	0	0	0	0	0	0	0.69995979682673	0.854411590799366	0.528367725756831	0.658115782817724	0.745661561289367	0.808422209825125	0.952483910997801	0	0.706567675024601	0	0	0.809973125009634	0	0.92458870159119	0.551692334108688	0.571647867815358	0.573632285427354	0.665257510102129	0.726672769556748	0	0.677924973556182	0	0	0	0	0.794774949840053	0	0	0	0	0	0	0	0	0	0	0	0	0	0	0	0	0	0	0	0	0	0	0	0	0	0	0	0	0	0	0
0	0	0	0	0	0	0	0	0	0	0	0	0	0	0	0	0	0	0	0	0	0	0	0	0	0	0	0	0	0	0	0.929630427502778	0	0	0.572384906762973	0.945634090789251	0	0.605907370881422	0.868395114332775	0.964134111806727	0.687428199203909	0	0.744957639645982	0.655250295317473	0	0.588527297078737	0	0.868983711682256	0	0	0	0.986517408990559	0.580944701466438	0.94746703211442	0	0.953324492561944	0	0	0	0	0	0	0	0	0	0	0	0	0	0	0	0	0	0	0	0	0	0	0	0	0	0	0	0	0	0	0	0	0	0
0	0	0	0	0	0	0	0	0	0	0	0	0	0	0	0	0	0	0	0	0	0	0	0	0	0	0	0	0	0	0	0.595230348429225	0	0	0	0	0.634258882288663	0.881670302543161	0.969970611702245	0.555022968032257	0	0.873199840286546	0.864820788760081	0	0.906051952357667	0	0.781431280526016	0	0	0.667820447141156	0	0.58571703822811	0.772808809331885	0	0	0	0	0.910970486778892	0.770803395907944	0	0	0	0	0	0	0	0	0	0	0	0	0	0	0	0	0	0	0	0	0	0	0	0	0	0	0	0	0	0	0
0	0	0	0	0	0	0	0	0	0	0	0	0	0	0	0	0	0	0	0	0	0	0	0	0	0	0	0	0	0	0	0	0	0	0.574863160210367	0	0.901311315476229	0.685089351220997	0	0	0.808002574832636	0	0	0.852195941276915	0	0.678906111972822	0	0	0.625231244925778	0	0.885387759248883	0.854560395413583	0	0.523132755161099	0	0	0.523017922044952	0	0	0.838398690181679	0	0	0	0	0	0	0	0	0	0	0	0	0	0	0	0	0	0	0	0	0	0	0	0	0	0	0	0	0	0
0	0	0	0	0	0	0	0	0	0	0	0	0	0	0	0	0	0	0	0	0	0	0	0	0	0	0	0	0	0	0.981842431057398	0	0	0	0.688200324770701	0	0	0	0	0	0.780296167871517	0.542393696984515	0.727879537513027	0.506963127524198	0.617937972911022	0	0	0	0.617053888193984	0.984169759585943	0	0	0.839134930129291	0.824139584267114	0	0.748532251589958	0.540766508775102	0.771654416932819	0	0.907788610142877	0	0	0	0	0	0	0	0	0	0	0	0	0	0	0	0	0	0	0	0	0	0	0	0	0	0	0	0	0	0
0	0	0	0	0	0	0	0	0	0	0	0	0	0	0	0	0	0	0	0	0	0	0	0	0	0	0	0	0	0	0	0.966873786158096	0	0	0	0.790048640071404	0	0.717345830661422	0.725729402452997	0	0.839483691413848	0.870188357197247	0	0.858203595388873	0	0	0.583245211965208	0.662995194691814	0	0	0	0	0.992181697154284	0.741058130396174	0.933646023854931	0	0.822233650568825	0.930950487345846	0	0.52873084788882	0	0	0	0	0	0	0	0	0	0	0	0	0	0	0	0	0	0	0	0	0	0	0	0	0	0	0	0	0	0
0	0	0	0	0	0	0	0	0	0	0	0	0	0	0	0	0	0	0	0	0	0	0	0	0	0	0	0	0	0	0	0	0	0.838662613866153	0.593514763685178	0	0	0.9154801440311	0	0.559037497003356	0	0.924729898488799	0.719930464292539	0.865575656463508	0	0.591798203918391	0	0.663474728719786	0	0	0.763951589584544	0.88863086528483	0.583227729122729	0	0	0.614571728151847	0	0.984793843925221	0.620057138391846	0.720837370057619	0	0	0	0	0	0	0	0	0	0	0	0	0	0	0	0	0	0	0	0	0	0	0	0	0	0	0	0	0	0
0	0	0	0	0	0	0	0	0	0	0	0	0	0	0	0	0	0	0	0	0	0	0	0	0	0	0	0	0	0	0.937116957297251	0	0.933820091120083	0	0	0	0	0	0	0	0	0.934010596786494	0	0.845735759354333	0	0	0.862721522064057	0	0	0.96591095459361	0	0	0	0.633437492942714	0.681896368833964	0.61043077565792	0.929851236555915	0.642052809296204	0.950806518952707	0	0	0	0	0	0	0	0	0	0	0	0	0	0	0	0	0	0	0	0	0	0	0	0	0	0	0	0	0	0	0
0	0	0	0	0	0	0	0	0	0	0	0	0	0	0	0	0	0	0	0	0	0	0	0	0	0	0	0	0	0	0	0.893451271822428	0	0	0.990884387263996	0	0	0.675301534410589	0.70957185275263	0.698738674337046	0.894515483239939	0	0	0.795879166904355	0.987218115783517	0.729137974530018	0.529955963734962	0	0	0.759516300625629	0	0	0	0.60041518953263	0	0	0.807898284852938	0	0	0.784293260679625	0	0	0	0	0	0	0	0	0	0	0	0	0	0	0	0	0	0	0	0	0	0	0	0	0	0	0	0	0	0
0	0	0	0	0	0	0	0	0	0	0	0	0	0	0	0	0	0	0	0	0	0	0	0	0	0	0	0	0	0	0.560803676052014	0	0	0.738476674506781	0.918398729068764	0.782176727930698	0	0.989682772364702	0	0	0.669347104182647	0.525337886009212	0	0	0.802627858916332	0.629873780224434	0	0.823603134693345	0.670040437396269	0.814829395403595	0	0	0	0	0.90179554186116	0	0.74622753948787	0.678573031622079	0	0.697754998156714	0	0	0	0	0	0	0	0	0	0	0	0	0	0	0	0	0	0	0	0	0	0	0	0	0	0	0	0	0	0
0	0	0	0	0	0	0	0	0	0	0	0	0	0	0	0	0	0	0	0	0	0	0	0	0	0	0	0	0	0	0.509768992916469	0.593361998162396	0	0	0	0	0	0	0	0.617156424415968	0	0	0.950204721035046	0.910005724025832	0.768236872661126	0	0.737200916050283	0.680101750242162	0.869289208925094	0	0.978619776402856	0.912740977562815	0	0	0.55853692205759	0	0.655757567276517	0.648311465338822	0	0	0	0	0	0	0	0	0	0	0	0	0	0	0	0	0	0	0	0	0	0	0	0	0	0	0	0	0	0	0	0
0	0	0	0	0	0	0	0	0	0	0	0	0	0	0	0	0	0	0	0	0	0	0	0	0	0	0	0	0	0	0.808308312105531	0	0.907707817138497	0	0	0.558326011185906	0.848343283065538	0	0.840037413672444	0	0	0	0	0	0	0	0	0	0.610263361796147	0	0.960808306824128	0	0.519192643571315	0.861467074494752	0	0.860879268946333	0.995780316403273	0.984152314933097	0.668988391778352	0.605694456640018	0	0	0	0	0	0	0	0	0	0	0	0	0	0	0	0	0	0	0	0	0	0	0	0	0	0	0	0	0	0
0	0	0	0	0	0	0	0	0	0	0	0	0	0	0	0	0	0	0	0	0	0	0	0	0	0	0	0	0	0	0	0.871759544437644	0	0.748557517447803	0.558426969136304	0	0	0	0.526501191612236	0.944193036664077	0.750185829380184	0	0.686126653379392	0	0.920419168554043	0	0	0.620413204733002	0	0.558710261701562	0.561113383779741	0	0	0	0.97447702233247	0	0.911568201088334	0	0	0	0	0	0	0	0	0	0	0	0	0	0	0	0	0	0	0	0	0	0	0	0	0	0	0	0	0	0	0	0	0
0	0	0	0	0	0	0	0	0	0	0	0	0	0	0	0	0	0	0	0	0	0	0	0	0	0	0	0	0	0	0	0.759366941333067	0	0.588300289472321	0.591343260342877	0	0.819505414929015	0	0.854431018422531	0	0	0.912523347362036	0	0	0	0	0.653206599237795	0.538196651489321	0.521376300618266	0	0.693777755878294	0.626117470617792	0.59721236194668	0.50852420012501	0.728304332818412	0.560709871890795	0	0	0.785598205147158	0	0	0	0	0	0	0	0	0	0	0	0	0	0	0	0	0	0	0	0	0	0	0	0	0	0	0	0	0	0	0
0	0	0	0	0	0	0	0	0	0	0	0	0	0	0	0	0	0	0	0	0	0	0	0	0	0	0	0	0	0	0.960530966103309	0	0	0.558208234560848	0	0	0.584945550074574	0.503987653180951	0.872412663234206	0.879679825059452	0.823127797746801	0.755214308379211	0.561190615157475	0	0	0.664166287025332	0	0.935651395693585	0.628936473888484	0.701275980563882	0.576386098125668	0	0.72011837256756	0.80595408035118	0.861006749193748	0	0	0	0	0	0	0	0	0	0	0	0	0	0	0	0	0	0	0	0	0	0	0	0	0	0	0	0	0	0	0	0	0	0	0
0	0	0	0	0	0	0	0	0	0	0	0	0	0	0	0	0	0	0	0	0	0	0	0	0	0	0	0	0	0	0	0	0	0.754709545774806	0	0.880291146292545	0	0	0	0	0	0	0	0.788473295387858	0	0.949597075852325	0	0	0	0.504394947253577	0.511563654897444	0	0	0	0.850365239115838	0	0.758729563126158	0	0	0.777737234234481	0	0	0	0	0	0	0	0	0	0	0	0	0	0	0	0	0	0	0	0	0	0	0	0	0	0	0	0	0	0
0	0	0	0	0	0	0	0	0	0	0	0	0	0	0	0	0	0	0	0	0	0	0	0	0	0	0	0	0	0	0	0	0	0.71432014648225	0.835503519352868	0	0.915193053593079	0	0	0.756435601625186	0	0	0	0	0	0	0.734095898371147	0.903390227048232	0.833268215741664	0.925446289174561	0	0.612473106251742	0.844817020787192	0	0.95488192714541	0	0	0	0.930334359180388	0	0	0	0	0	0	0	0	0	0	0	0	0	0	0	0	0	0	0	0	0	0	0	0	0	0	0	0	0	0	0
0	0	0	0	0	0	0	0	0	0	0	0	0	0	0	0	0	0	0	0	0	0	0	0	0	0	0	0	0	0	0	0	0	0	0	0	0	0	0	0	0	0	0	0	0	0	0	0	0	0	0	0	0	0	0	0	0	0	0	0	0	0.719905440648679	0.639704093122925	0.835701471119038	0.657068613373473	0	0	0	0	0	0	0	0	0.725119753638416	0	0	0	0	0	0	0	0	0	0	0	0	0.90558802042022	0.788917700013632	0.547766149794259	0.528120201971567
0	0	0	0	0	0	0	0	0	0	0	0	0	0	0	0	0	0	0	0	0	0	0	0	0	0	0	0	0	0	0	0	0	0	0	0	0	0	0	0	0	0	0	0	0	0	0	0	0	0	0	0	0	0	0	0	0	0	0	0	0.720425748427001	0	0	0	0	0.88963487263417	0	0	0	0	0	0	0.862388822821286	0	0	0	0.903086333215312	0	0	0	0.800790940872332	0	0	0	0	0	0	0.797110642899295	0	0
0	0	0	0	0	0	0	0	0	0	0	0	0	0	0	0	0	0	0	0	0	0	0	0	0	0	0	0	0	0	0	0	0	0	0	0	0	0	0	0	0	0	0	0	0	0	0	0	0	0	0	0	0	0	0	0	0	0	0	0	0.606784919330236	0	0	0.952869935469616	0.85267784874932	0.833001413512853	0.637499398661422	0	0	0	0	0	0	0	0	0	0	0	0	0	0	0	0	0	0	0	0	0	0.691005955187033	0.762703771402242
0	0	0	0	0	0	0	0	0	0	0	0	0	0	0	0	0	0	0	0	0	0	0	0	0	0	0	0	0	0	0	0	0	0	0	0	0	0	0	0	0	0	0	0	0	0	0	0	0	0	0	0	0	0	0	0	0	0	0	0	0.993553744593953	0	0.946728954290541	0	0.652896782192312	0.636880229172357	0.994686768433877	0.894298431058267	0	0	0	0	0	0	0	0	0	0	0	0	0	0	0	0	0	0	0	0	0	0.616879380116037
0	0	0	0	0	0	0	0	0	0	0	0	0	0	0	0	0	0	0	0	0	0	0	0	0	0	0	0	0	0	0	0	0	0	0	0	0	0	0	0	0	0	0	0	0	0	0	0	0	0	0	0	0	0	0	0	0	0	0	0	0.955810710167538	0	0.878769636037564	0.652346332412445	0	0.910297121341253	0.98105172591475	0.998416574792212	0.72838767365841	0	0	0	0	0	0	0	0	0	0	0	0	0	0	0	0	0	0	0	0	0
0	0	0	0	0	0	0	0	0	0	0	0	0	0	0	0	0	0	0	0	0	0	0	0	0	0	0	0	0	0	0	0	0	0	0	0	0	0	0	0	0	0	0	0	0	0	0	0	0	0	0	0	0	0	0	0	0	0	0	0	0	0.502294544863196	0.922796548231276	0.961272881123211	0.864932042158653	0	0.674600816119951	0.54894386371651	0.662884815299337	0.897402891138515	0	0	0	0	0	0	0	0	0	0	0	0	0	0	0	0	0	0	0	0.628973320765145
0	0	0	0	0	0	0	0	0	0	0	0	0	0	0	0	0	0	0	0	0	0	0	0	0	0	0	0	0	0	0	0	0	0	0	0	0	0	0	0	0	0	0	0	0	0	0	0	0	0	0	0	0	0	0	0	0	0	0	0	0	0	0.743046615411721	0.876962045507743	0.780930757168982	0.504455347442976	0	0.849219195888863	0.740770684478373	0.975721476893766	0.588994497358106	0	0	0	0.741282203341926	0	0	0	0	0	0	0	0	0	0	0	0	0	0	0
0	0	0	0	0	0	0	0	0	0	0	0	0	0	0	0	0	0	0	0	0	0	0	0	0	0	0	0	0	0	0	0	0	0	0	0	0	0	0	0	0	0	0	0	0	0	0	0	0	0	0	0	0	0	0	0	0	0	0	0	0	0	0	0.973926833042919	0.663836131076113	0.518879193147108	0.832481889578442	0	0.668775129267878	0.90585347811122	0.563435058713915	0	0	0	0	0	0	0	0.61054883036113	0	0	0	0	0	0	0	0	0	0	0
0	0	0	0	0	0	0	0	0	0	0	0	0	0	0	0	0	0	0	0	0	0	0	0	0	0	0	0	0	0	0	0	0	0	0	0	0	0	0	0	0	0	0	0	0	0	0	0	0	0	0	0	0	0	0	0	0	0	0	0	0	0	0	0	0.817256600570459	0.828922476430101	0.905404919931327	0.903949312078903	0	0.83044025394746	0.750624004558933	0.952872958785688	0.973364861776533	0	0	0	0	0	0	0	0	0	0	0	0	0	0	0	0.967161919060145	0
0	0	0	0	0	0	0	0	0	0	0	0	0	0	0	0	0	0	0	0	0	0	0	0	0	0	0	0	0	0	0	0	0	0	0	0	0	0	0	0	0	0	0	0	0	0	0	0	0	0	0	0	0	0	0	0	0	0	0	0	0	0	0	0	0	0.94321692624778	0.959104177967943	0.998189038734826	0.970813585142862	0	0.782529182082668	0.551837654440279	0.731802469033547	0.900128834647903	0	0	0	0	0	0	0	0	0	0	0	0	0	0	0	0
0	0	0	0	0	0	0	0	0	0	0	0	0	0	0	0	0	0	0	0	0	0	0	0	0	0	0	0	0	0	0	0	0	0	0	0	0	0	0	0	0	0	0	0	0	0	0	0	0	0	0	0	0	0	0	0	0	0	0	0	0	0	0	0	0	0	0.973838496906612	0.694119129724257	0.937472029872893	0.942122473604842	0	0.639500471593311	0.674920224715357	0.990627421547452	0.863585431001486	0	0	0	0	0	0	0	0	0	0	0	0	0	0	0
0	0	0	0	0	0	0	0	0	0	0	0	0	0	0	0	0	0	0	0	0	0	0	0	0	0	0	0	0	0	0	0	0	0	0	0	0	0	0	0	0	0	0	0	0	0	0	0	0	0	0	0	0	0	0	0	0	0	0	0	0	0	0	0	0	0	0	0	0.55008626538174	0.532237411125604	0.841308877666307	0	0.648989645714793	0.75912391683915	0.93258170909257	0.961846961009055	0	0	0	0	0	0	0	0	0	0	0	0	0	0
0	0	0	0	0	0	0	0	0	0	0	0	0	0	0	0	0	0	0	0	0	0	0	0	0	0	0	0	0	0	0	0	0	0	0	0	0	0	0	0	0	0	0	0	0	0	0	0	0	0	0	0	0	0	0	0	0	0	0	0	0	0.838841277264686	0	0	0	0	0	0	0.732639842387858	0.895884581306186	0.702149904020216	0.914328915684514	0	0.820264646008691	0.70114149122392	0.66345349887031	0.519143520784915	0	0	0	0	0	0	0	0	0	0	0	0	0
0	0	0	0	0	0	0	0	0	0	0	0	0	0	0	0	0	0	0	0	0	0	0	0	0	0	0	0	0	0	0	0	0	0	0	0	0	0	0	0	0	0	0	0	0	0	0	0	0	0	0	0	0	0	0	0	0	0	0	0	0.582073867488067	0	0	0	0	0	0	0	0	0.556110691626466	0.967030304626213	0.516116415043312	0.699996290733349	0	0.561418744943409	0.628970460013775	0	0.86795007221459	0	0	0	0	0	0.998894727142267	0	0	0	0	0	0
0	0	0	0	0	0	0	0	0	0	0	0	0	0	0	0	0	0	0	0	0	0	0	0	0	0	0	0	0	0	0	0	0	0	0	0	0	0	0	0	0	0	0	0	0	0	0	0	0	0	0	0	0	0	0	0	0	0	0	0	0	0	0	0	0	0	0.975529070040978	0	0	0	0.728252494027561	0.653085831013307	0.817751744962514	0.928586697809951	0	0.631767251393499	0.61188885892963	0	0.746113918336422	0	0	0	0	0	0	0	0	0	0	0
0	0	0	0	0	0	0	0	0	0	0	0	0	0	0	0	0	0	0	0	0	0	0	0	0	0	0	0	0	0	0	0	0	0	0	0	0	0	0	0	0	0	0	0	0	0	0	0	0	0	0	0	0	0	0	0	0	0	0	0	0	0	0	0	0	0	0	0	0	0	0	0.976459416478004	0.986348237388217	0.623168843435664	0.845246511289927	0	0.84295166597659	0.924903603891673	0.714055719605997	0.880927856337449	0	0	0	0	0	0	0	0	0	0
0	0	0	0	0	0	0	0	0	0	0	0	0	0	0	0	0	0	0	0	0	0	0	0	0	0	0	0	0	0	0	0	0	0	0	0	0	0	0	0	0	0	0	0	0	0	0	0	0	0	0	0	0	0	0	0	0	0	0	0	0	0.772385038793635	0	0	0	0	0	0	0	0	0	0	0.677963341394999	0	0.947943991285792	0.816608583137701	0	0.831419584202725	0.78121931438439	0.951072140927207	0.765158528811457	0	0	0	0	0	0	0	0	0
0	0	0	0	0	0	0	0	0	0	0	0	0	0	0	0	0	0	0	0	0	0	0	0	0	0	0	0	0	0	0	0	0	0	0	0	0	0	0	0	0	0	0	0	0	0	0	0	0	0	0	0	0	0	0	0	0	0	0	0	0	0	0	0	0	0	0	0	0	0	0	0	0	0.832200172787282	0	0.734411301420569	0.634437665825444	0	0.828127974826729	0.68811871597855	0	0.629124284072573	0	0	0	0	0	0	0	0
0	0	0	0	0	0	0	0	0	0	0	0	0	0	0	0	0	0	0	0	0	0	0	0	0	0	0	0	0	0	0	0	0	0	0	0	0	0	0	0	0	0	0	0	0	0	0	0	0	0	0	0	0	0	0	0	0	0	0	0	0	0	0	0	0	0	0	0.76553085701714	0	0	0	0	0	0	0.739362690435645	0.515483677621667	0.968448278659831	0.886893093376565	0	0.792082858277309	0.660491162219896	0.501999969225303	0.670308133283298	0	0	0	0	0	0	0
0	0	0	0	0	0	0	0	0	0	0	0	0	0	0	0	0	0	0	0	0	0	0	0	0	0	0	0	0	0	0	0	0	0	0	0	0	0	0	0	0	0	0	0	0	0	0	0	0	0	0	0	0	0	0	0	0	0	0	0	0	0	0	0	0	0	0	0	0	0	0	0	0	0	0	0.67832207523435	0.762137692018043	0.630219188270573	0.700484101970794	0	0.857263734239478	0.887345282743789	0.99189891915991	0.571061615142533	0	0	0	0	0	0
0	0	0	0	0	0	0	0	0	0	0	0	0	0	0	0	0	0	0	0	0	0	0	0	0	0	0	0	0	0	0	0	0	0	0	0	0	0	0	0	0	0	0	0	0	0	0	0	0	0	0	0	0	0	0	0	0	0	0	0	0	0.972558525392815	0	0	0	0	0	0	0	0	0	0	0	0	0	0	0.766285267038667	0	0.616034620596472	0.693998727206059	0	0.843596722428408	0.561252466988112	0.610975296357983	0.869701961378574	0	0	0	0	0
0	0	0	0	0	0	0	0	0	0	0	0	0	0	0	0	0	0	0	0	0	0	0	0	0	0	0	0	0	0	0	0	0	0	0	0	0	0	0	0	0	0	0	0	0	0	0	0	0	0	0	0	0	0	0	0	0	0	0	0	0	0	0	0	0	0	0	0	0	0	0	0	0	0	0	0	0	0.900917112863541	0.552390387050506	0.731943166843477	0.808353045030939	0	0.558167214819908	0.626279557918297	0.592757308897915	0.741314427870086	0	0	0	0
0	0	0	0	0	0	0	0	0	0	0	0	0	0	0	0	0	0	0	0	0	0	0	0	0	0	0	0	0	0	0	0	0	0	0	0	0	0	0	0	0	0	0	0	0	0	0	0	0	0	0	0	0	0	0	0	0	0	0	0	0	0	0	0	0	0	0	0	0	0	0	0	0	0	0	0	0	0	0.737722112792117	0.709535183324567	0.52127687299915	0.642567632965481	0	0.881739444592882	0.968959328233204	0.713747013762278	0.535267615826314	0	0	0
0	0	0	0	0	0	0	0	0	0	0	0	0	0	0	0	0	0	0	0	0	0	0	0	0	0	0	0	0	0	0	0	0	0	0	0	0	0	0	0	0	0	0	0	0	0	0	0	0	0	0	0	0	0	0	0	0	0	0	0	0	0	0	0	0	0	0	0	0	0	0	0	0	0.676697457693576	0	0	0	0	0	0.530255069286171	0.963812073551663	0.557011794715538	0.536940182675354	0	0.545645802189984	0.710333236489565	0.521761575809141	0.506491017608186	0	0
0	0	0	0	0	0	0	0	0	0	0	0	0	0	0	0	0	0	0	0	0	0	0	0	0	0	0	0	0	0	0	0	0	0	0	0	0	0	0	0	0	0	0	0	0	0	0	0	0	0	0	0	0	0	0	0	0	0	0	0	0	0	0	0	0	0	0	0	0	0	0	0	0	0	0	0	0	0	0	0	0.986094760303623	0.779115948870216	0.678465639301171	0.62794670106342	0	0.621434398932442	0.790375561857172	0.723531282632511	0.622514647636564	0
0	0	0	0	0	0	0	0	0	0	0	0	0	0	0	0	0	0	0	0	0	0	0	0	0	0	0	0	0	0	0	0	0	0	0	0	0	0	0	0	0	0	0	0	0	0	0	0	0	0	0	0	0	0	0	0	0	0	0	0	0	0	0	0	0	0	0	0	0	0	0	0	0	0	0	0	0	0	0	0	0	0.516556231956011	0.55929865283938	0.853692035969428	0.870546627317737	0	0.873068448037231	0.759212369597992	0.928218159085243	0.553755133535148
0	0	0	0	0	0	0	0	0	0	0	0	0	0	0	0	0	0	0	0	0	0	0	0	0	0	0	0	0	0	0	0	0	0	0	0	0	0	0	0	0	0	0	0	0	0	0	0	0	0	0	0	0	0	0	0	0	0	0	0	0.8415266717098	0	0	0	0	0	0	0	0	0	0	0	0	0	0	0	0	0	0	0	0	0	0.703749542864644	0.833598189921313	0.510550371562022	0.869816127530673	0	0.631507585722543	0.73823444762094	0.579006622740089
0	0	0	0	0	0	0	0	0	0	0	0	0	0	0	0	0	0	0	0	0	0	0	0	0	0	0	0	0	0	0	0	0	0	0	0	0	0	0	0	0	0	0	0	0	0	0	0	0	0	0	0	0	0	0	0	0	0	0	0	0.818650662673895	0.678602329342787	0	0	0	0	0	0	0	0	0	0	0	0	0	0	0	0	0	0	0	0	0	0.904012256520241	0.636939105638678	0.68124529524155	0.683237218853054	0	0.948150185169349	0.65578248750581
0	0	0	0	0	0	0	0	0	0	0	0	0	0	0	0	0	0	0	0	0	0	0	0	0	0	0	0	0	0	0	0	0	0	0	0	0	0	0	0	0	0	0	0	0	0	0	0	0	0	0	0	0	0	0	0	0	0	0	0	0.614235148921119	0	0.592153517081703	0	0	0	0	0	0.619534550994164	0	0	0	0	0	0	0	0	0	0	0	0	0	0	0	0.659113456197818	0.743725992655739	0.789315998846488	0.851670544968242	0	0.986385413222301
0	0	0	0	0	0	0	0	0	0	0	0	0	0	0	0	0	0	0	0	0	0	0	0	0	0	0	0	0	0	0	0	0	0	0	0	0	0	0	0	0	0	0	0	0	0	0	0	0	0	0	0	0	0	0	0	0	0	0	0	0.942458658639841	0	0.775878695685708	0.985768004030787	0	0.566235193583487	0	0	0	0	0	0	0	0	0	0	0	0	0	0	0	0	0	0	0	0.830907942251235	0.965863637681459	0.763186770587155	0.687252074148857	0
