0	0.657998455167244	0.958033519047003	0.827872682363023	0	0.747971126534296	0	0	0	0	0	0	0	0	0	0	0	0	0	0	0	0	0	0	0.776760129821803	0	0	0.81821682545017	0	0	0	0	0	0	0	0	0	0	0	0	0	0	0	0	0	0	0	0	0	0	0	0	0	0	0	0	0	0	0	0	0	0	0	0	0	0	0	0	0	0	0	0	0	0	0	0	0	0	0	0	0	0	0	0	0	0	0	0	0	0
0.950831610069638	0	0.583131617885061	0.761886390789136	0.538843517784112	0.689091024900389	0	0	0	0	0	0	0	0	0	0	0	0	0	0	0	0	0	0	0	0	0	0.957653256336008	0.824225924823114	0	0	0	0	0	0	0	0	0	0	0	0	0	0	0	0	0	0	0	0	0	0	0	0	0	0	0	0	0	0	0	0	0	0	0	0	0	0	0	0	0	0	0	0	0	0	0	0	0	0	0	0	0	0	0	0	0	0	0	0	0
0.741209263216918	0.540447236882422	0	0	0.912493524746725	0.980144450993179	0.833448643612713	0	0	0.855391342059676	0	0	0	0	0	0	0	0	0	0	0	0	0	0	0	0	0.753216639318882	0	0	0.538299372287084	0	0	0	0	0	0	0	0	0	0	0	0	0	0	0	0	0	0	0	0	0	0	0	0	0	0	0	0	0	0	0	0	0	0	0	0	0	0	0	0	0	0	0	0	0	0	0	0	0	0	0	0	0	0	0	0	0	0	0	0
0.791177624028827	0.810180595860268	0	0	0.866841298929115	0	0.926855043044994	0.769030571451994	0.552521716715098	0	0.543595158460123	0.622736250846008	0	0	0	0	0	0	0	0	0	0	0	0	0	0	0	0.80638376268576	0	0	0	0	0	0	0	0	0	0	0	0	0	0	0	0	0	0	0	0	0	0	0	0	0	0	0	0	0	0	0	0	0	0	0	0	0	0	0	0	0	0	0	0	0	0	0	0	0	0	0	0	0	0	0	0	0	0	0	0	0	0
0	0.654991052770186	0.757581789817482	0.85899086474713	0	0	0.621972044120989	0	0.948899176256511	0	0	0	0	0	0	0	0	0	0	0	0	0	0	0.861039691197439	0	0.930102395458313	0	0	0	0	0	0	0	0	0	0	0	0	0	0	0	0	0	0	0	0	0	0	0	0	0	0	0	0	0	0	0	0	0	0	0	0	0	0	0	0	0	0	0	0	0	0	0	0	0	0	0	0	0	0	0	0	0	0	0	0	0	0	0	0
0.648737607647711	0.704677232950532	0.772301263367057	0	0	0	0	0.611928984891409	0	0.852142006413971	0	0	0.978037551950665	0	0	0	0	0	0	0	0	0	0	0	0	0	0	0	0.704393314008767	0	0	0	0	0	0	0	0	0	0	0	0	0	0	0	0	0	0	0	0	0	0	0	0	0	0	0	0	0	0	0	0	0	0	0	0	0	0	0	0	0	0	0	0	0	0	0	0	0	0	0	0	0	0	0	0	0	0	0	0	0
0	0	0.533150213534655	0.594254515734053	0.702415164527812	0	0	0.935585692675488	0.545776588524506	0	0	0	0	0	0	0	0.693348785140188	0.603971614850224	0	0.874805554720437	0	0	0	0	0	0	0	0	0	0.788653771413743	0	0	0	0	0	0	0	0	0	0	0	0	0	0	0	0	0	0	0	0	0	0	0	0	0	0	0	0	0	0	0	0	0	0	0	0	0	0	0	0	0	0	0	0	0	0	0	0	0	0	0	0	0	0	0	0	0	0	0	0
0	0	0	0.921733832708312	0	0.707995289469056	0.963777509417683	0	0.650693406785685	0.751758477077777	0.949960322159125	0.537685623666087	0	0	0	0	0	0	0	0	0	0	0	0.693051206966207	0.846859272530541	0	0	0	0	0	0	0	0	0	0	0	0	0	0	0	0	0	0	0	0	0	0	0	0	0	0	0	0	0	0	0	0	0	0	0	0	0	0	0	0	0	0	0	0	0	0	0	0	0	0	0	0	0	0	0	0	0	0	0	0	0	0	0	0	0
0	0	0	0.527097142522028	0.762095911169382	0	0.541135247480768	0.509831698416926	0	0.755614041121902	0.73948698969022	0.561515533642042	0	0.870693191851716	0	0	0	0	0	0	0	0	0	0	0	0.758389210522484	0	0	0	0	0	0	0	0	0	0	0	0	0	0	0	0	0	0	0	0	0	0	0	0	0	0	0	0	0	0	0	0	0	0	0	0	0	0	0	0	0	0	0	0	0	0	0	0	0	0	0	0	0	0	0	0	0	0	0	0	0	0	0	0
0	0	0.816420659459993	0	0	0.806861638309281	0	0.6872562495929	0.955087214359305	0	0.629786643386908	0.91419570170718	0.894255714458315	0.884702958176748	0	0.512141303866846	0	0	0	0.961927293118388	0	0	0	0	0	0	0	0	0	0	0	0	0	0	0	0	0	0	0	0	0	0	0	0	0	0	0	0	0	0	0	0	0	0	0	0	0	0	0	0	0	0	0	0	0	0	0	0	0	0	0	0	0	0	0	0	0	0	0	0	0	0	0	0	0	0	0	0	0	0
0	0	0	0.896751542925884	0	0	0	0.897768782263584	0.820484170091055	0.629814931605172	0	0.770754197968589	0.585878996214048	0.905026214825255	0.989840601766015	0	0	0	0	0	0	0	0	0	0	0	0.696738884393721	0	0	0	0	0	0	0	0	0	0	0	0	0	0	0	0	0	0	0	0	0	0	0	0	0	0	0	0	0	0	0	0	0	0	0	0	0	0	0	0	0	0	0	0	0	0	0	0	0	0	0	0	0	0	0	0	0	0	0	0	0	0	0
0	0	0	0.565122677356074	0	0	0	0.611302407686455	0.708168954226432	0.930179810148663	0.888823997886222	0	0	0	0.93261149871275	0.675972444337706	0	0	0	0	0	0	0	0	0	0	0	0	0	0.752084016886893	0	0	0	0	0	0	0	0	0	0	0	0	0	0	0	0	0	0	0	0	0	0	0	0	0	0	0	0	0	0	0	0	0	0	0	0	0	0	0	0	0	0	0	0	0	0	0	0	0	0	0	0	0	0	0	0	0	0	0	0
0	0	0	0	0	0.510501947614141	0	0	0	0.712714427478424	0.577380673379541	0	0	0.761475098304088	0.520261697195068	0	0.588831537452248	0	0	0	0.838205506380507	0	0	0	0	0	0	0	0	0	0	0	0	0	0	0	0	0	0	0	0	0	0	0	0	0	0	0	0	0	0	0	0	0	0	0	0	0	0	0	0	0	0	0	0	0	0	0	0	0	0	0	0	0	0	0	0	0	0	0	0	0	0	0	0	0	0	0	0	0
0	0	0	0	0	0	0	0	0.686036457108692	0.542554349278635	0.767977442723968	0	0.857712692972112	0	0	0	0	0.803033258055597	0	0	0	0	0	0	0	0.963581097682473	0	0	0.554814133540445	0	0	0	0	0	0	0	0	0	0	0	0	0	0	0	0	0	0	0	0	0	0	0	0	0	0	0	0	0	0	0	0	0	0	0	0	0	0	0	0	0	0	0	0	0	0	0	0	0	0	0	0	0	0	0	0	0	0	0	0	0
0	0	0	0	0	0	0	0	0	0	0.95573819487104	0.822643852794887	0.769433154749594	0	0	0.636472912930752	0.850441907649013	0.799949862346385	0.764200660668153	0	0	0	0	0	0	0	0	0	0	0	0	0	0	0	0	0	0	0	0	0	0	0	0	0	0	0	0	0	0	0	0	0	0	0	0	0	0	0	0	0	0	0	0	0	0	0	0	0	0	0	0	0	0	0	0	0	0	0	0	0	0	0	0	0	0	0	0	0	0	0
0	0	0	0	0	0	0	0	0	0.882340809232267	0	0.75654284096912	0	0	0.506129409848733	0	0.58825757665448	0.555973972981803	0.781823830097092	0	0	0	0	0	0	0	0	0	0	0.636509694747248	0	0	0	0	0	0	0	0	0	0	0	0	0	0	0	0	0	0	0	0	0	0	0	0	0	0	0	0	0	0	0	0	0	0	0	0	0	0	0	0	0	0	0	0	0	0	0	0	0	0	0	0	0	0	0	0	0	0	0	0
0	0	0	0	0	0	0.735894918118928	0	0	0	0	0	0.510926547299099	0	0.58717561075607	0.901956017935799	0	0	0	0.543740420682809	0.989685884592035	0	0	0	0	0	0	0	0	0.653738326366661	0	0	0	0	0	0	0	0	0	0	0	0	0	0	0	0	0	0	0	0	0	0	0	0	0	0	0	0	0	0	0	0	0	0	0	0	0	0	0	0	0	0	0	0	0	0	0	0	0	0	0	0	0	0	0	0	0	0	0	0
0	0	0	0	0	0	0.542644308667333	0	0	0	0	0	0	0.914976947993135	0.763149941158519	0.593250378689819	0	0	0	0.891687364798431	0	0.639060917785635	0	0	0	0.694082803720698	0	0	0	0.662096036931677	0	0	0	0	0	0	0	0	0	0	0	0	0	0	0	0	0	0	0	0	0	0	0	0	0	0	0	0	0	0	0	0	0	0	0	0	0	0	0	0	0	0	0	0	0	0	0	0	0	0	0	0	0	0	0	0	0	0	0	0
0	0	0	0	0	0	0	0	0	0	0	0	0	0	0.683785486978639	0.72800794089918	0	0	0	0.511337609138413	0.508589191901678	0.899904062937012	0.962433141581301	0	0	0	0	0	0	0	0	0	0	0	0	0	0	0	0	0	0	0	0	0	0	0	0	0	0	0	0	0	0	0	0	0	0	0	0	0	0	0	0	0	0	0	0	0	0	0	0	0	0	0	0	0	0	0	0	0	0	0	0	0	0	0	0	0	0	0
0	0	0	0	0	0	0.998426522996335	0	0	0.565231928922326	0	0	0	0	0	0	0.929563176867418	0.816866138881809	0.958575246179755	0	0.94437541119397	0.959355061856717	0.831650466386514	0	0	0	0	0	0	0	0	0	0	0	0	0	0	0	0	0	0	0	0	0	0	0	0	0	0	0	0	0	0	0	0	0	0	0	0	0	0	0	0	0	0	0	0	0	0	0	0	0	0	0	0	0	0	0	0	0	0	0	0	0	0	0	0	0	0	0
0	0	0	0	0	0	0	0	0	0	0	0	0.867109453120356	0	0	0	0.674863395776425	0	0.612266253026466	0.551568270112726	0	0.873816284320106	0.829505297591241	0.933475249918646	0.531418544692981	0	0	0	0	0	0	0	0	0	0	0	0	0	0	0	0	0	0	0	0	0	0	0	0	0	0	0	0	0	0	0	0	0	0	0	0	0	0	0	0	0	0	0	0	0	0	0	0	0	0	0	0	0	0	0	0	0	0	0	0	0	0	0	0	0
0	0	0	0	0	0	0	0	0	0	0	0	0	0	0	0	0	0.914923804342744	0.856681939498995	0.607052619991729	0.593247797688386	0	0.901115557794041	0.571257320809141	0.854271506042993	0.6483048076502	0	0	0	0	0	0	0	0	0	0	0	0	0	0	0	0	0	0	0	0	0	0	0	0	0	0	0	0	0	0	0	0	0	0	0	0	0	0	0	0	0	0	0	0	0	0	0	0	0	0	0	0	0	0	0	0	0	0	0	0	0	0	0	0
0	0	0	0	0	0	0	0	0	0	0	0	0	0	0	0	0	0	0.532486090596038	0.689000295411784	0.798053763264525	0.964754573846647	0	0.961556458987772	0.881028237814288	0.573424450045554	0.689046058815995	0	0	0	0	0	0	0	0	0	0	0	0	0	0	0	0	0	0	0	0	0	0	0	0	0	0	0	0	0	0	0	0	0	0	0	0	0	0	0	0	0	0	0	0	0	0	0	0	0	0	0	0	0	0	0	0	0	0	0	0	0	0	0
0	0	0	0	0.910091284930258	0	0	0.691101756042006	0	0	0	0	0	0	0	0	0	0	0	0	0.771033245815496	0.841302840587107	0.694775339662432	0	0	0.644278918017018	0.956862651372972	0.876153172778394	0	0	0	0	0	0	0	0	0	0	0	0	0	0	0	0	0	0	0	0	0	0	0	0	0	0	0	0	0	0	0	0	0	0	0	0	0	0	0	0	0	0	0	0	0	0	0	0	0	0	0	0	0	0	0	0	0	0	0	0	0	0
0.701084694008463	0	0	0	0	0	0	0.822796897788705	0	0	0	0	0	0	0	0	0	0	0	0	0.653437300333305	0.640450578619853	0.957478361977519	0	0	0.558239022288359	0.789189743650768	0.918157879223332	0.904552672950601	0	0	0	0	0	0	0	0	0	0	0	0	0	0	0	0	0	0	0	0	0	0	0	0	0	0	0	0	0	0	0	0	0	0	0	0	0	0	0	0	0	0	0	0	0	0	0	0	0	0	0	0	0	0	0	0	0	0	0	0	0
0	0	0	0	0.55171500907978	0	0	0	0.549623171702866	0	0	0	0	0.754500330324273	0	0	0	0.995339255776182	0	0	0	0.65575685358534	0.724265019307228	0.579232493977332	0.533019367828897	0	0	0.630427272620512	0.640500017564255	0.616776784384812	0	0	0	0	0	0	0	0	0	0	0	0	0	0	0	0	0	0	0	0	0	0	0	0	0	0	0	0	0	0	0	0	0	0	0	0	0	0	0	0	0	0	0	0	0	0	0	0	0	0	0	0	0	0	0	0	0	0	0	0
0	0	0.65526870226846	0	0	0	0	0	0	0	0.980351657680646	0	0	0	0	0	0	0	0	0	0	0	0.540925838294655	0.641806415978893	0.970722749905081	0	0	0	0.962628721901672	0.580999096146552	0	0	0	0	0	0	0	0	0	0	0	0	0	0	0	0	0	0	0	0	0	0	0	0	0	0	0	0	0	0	0	0	0	0	0	0	0	0	0	0	0	0	0	0	0	0	0	0	0	0	0	0	0	0	0	0	0	0	0	0
0.794099959823707	0.501790900200573	0	0.512583189714938	0	0	0	0	0	0	0	0	0	0	0	0	0	0	0	0	0	0	0	0.500115188456055	0.623438459547572	0.634979418420792	0	0	0.675958637994479	0.62356596282728	0	0	0	0	0	0	0	0	0	0	0	0	0	0	0	0	0	0	0	0	0	0	0	0	0	0	0	0	0	0	0	0	0	0	0	0	0	0	0	0	0	0	0	0	0	0	0	0	0	0	0	0	0	0	0	0	0	0	0	0
0	0.860232914822607	0	0	0	0.635068360107292	0	0	0	0	0	0	0	0.749820196196073	0	0	0	0	0	0	0	0	0	0	0.628726035668135	0.950026085088951	0.504453529526514	0.611948305665556	0	0.794713572020861	0	0	0	0	0	0	0	0	0	0	0	0	0	0	0	0	0	0	0	0	0	0	0	0	0	0	0	0	0	0	0	0	0	0	0	0	0	0	0	0	0	0	0	0	0	0	0	0	0	0	0	0	0	0	0	0	0	0	0	0
0	0	0.531855827639934	0	0	0	0.905829092345116	0	0	0	0	0.586822161271058	0	0	0	0.592258304740591	0.770673026598822	0.722714505056331	0	0	0	0	0	0	0	0.837744951958138	0.817376662514193	0.559657234480662	0.992307918172079	0	0	0	0	0	0	0	0	0	0	0	0	0	0	0	0	0	0	0	0	0	0	0	0	0	0	0	0	0	0	0	0	0	0	0	0	0	0	0	0	0	0	0	0	0	0	0	0	0	0	0	0	0	0	0	0	0	0	0	0	0
0	0	0	0	0	0	0	0	0	0	0	0	0	0	0	0	0	0	0	0	0	0	0	0	0	0	0	0	0	0	0	0.690031766109199	0.799647727592429	0.919758864411051	0.804831199924325	0	0	0	0	0	0	0	0.93346280955142	0.995355905428926	0	0	0	0	0	0	0	0.903333331455749	0	0	0.86067345392365	0.54421417770009	0	0	0	0.513904507122905	0	0	0	0	0	0	0	0	0	0	0	0	0	0	0	0	0	0	0	0	0	0	0	0	0	0	0	0	0	0
0	0	0	0	0	0	0	0	0	0	0	0	0	0	0	0	0	0	0	0	0	0	0	0	0	0	0	0	0	0	0.602270277701061	0	0	0	0	0.910406837939215	0	0	0	0	0	0	0	0	0	0	0.924436535449149	0	0	0.901226502899032	0	0.859328626974647	0.843351146556449	0.501852016048553	0.956563652022482	0	0	0	0	0	0	0	0	0	0	0	0	0	0	0	0	0	0	0	0	0	0	0	0	0	0	0	0	0	0	0	0	0	0	0
0	0	0	0	0	0	0	0	0	0	0	0	0	0	0	0	0	0	0	0	0	0	0	0	0	0	0	0	0	0	0.749632577079535	0	0	0.896876042347877	0.913217178371103	0	0	0	0.840252117538254	0	0	0	0.558820668719685	0.61925906080234	0	0	0	0	0.628937187707198	0.573819662909399	0	0	0.501521532455663	0.546491145774931	0	0	0	0	0.51130345410068	0.627217091364162	0	0	0	0	0	0	0	0	0	0	0	0	0	0	0	0	0	0	0	0	0	0	0	0	0	0	0	0	0	0
0	0	0	0	0	0	0	0	0	0	0	0	0	0	0	0	0	0	0	0	0	0	0	0	0	0	0	0	0	0	0.778412730202637	0	0.784722988512924	0	0	0.654403638858352	0.714695961605372	0	0	0	0	0.600542768756529	0	0.992092767373686	0	0	0	0.560118150722793	0	0	0	0	0	0	0.563554815918593	0	0	0	0	0	0	0	0	0	0	0	0	0	0	0	0	0	0	0	0	0	0	0	0	0	0	0	0	0	0	0	0	0	0	0
0	0	0	0	0	0	0	0	0	0	0	0	0	0	0	0	0	0	0	0	0	0	0	0	0	0	0	0	0	0	0.755625159837984	0	0.562275711564445	0	0	0.611657123938592	0.587831041902196	0.530575206224817	0	0.576353143712911	0.999091437167139	0.604243055696582	0	0	0	0	0	0.790044101758974	0	0	0	0.753468057890758	0	0	0	0	0	0	0	0	0	0	0	0	0	0	0	0	0	0	0	0	0	0	0	0	0	0	0	0	0	0	0	0	0	0	0	0	0	0
0	0	0	0	0	0	0	0	0	0	0	0	0	0	0	0	0	0	0	0	0	0	0	0	0	0	0	0	0	0	0	0.574497650045814	0	0.913859996622438	0.63106535721598	0	0	0	0	0	0	0	0.995287982150079	0.621397923374057	0	0	0.772317561695553	0	0	0	0	0	0	0	0	0	0	0.734847526953868	0	0	0	0	0	0	0	0	0	0	0	0	0	0	0	0	0	0	0	0	0	0	0	0	0	0	0	0	0	0	0	0
0	0	0	0	0	0	0	0	0	0	0	0	0	0	0	0	0	0	0	0	0	0	0	0	0	0	0	0	0	0	0	0	0	0.599350055266694	0.674482872360465	0	0	0.796252281913082	0	0	0	0	0.916663514842285	0.71057281519416	0	0	0	0.522745517519833	0	0.525339592777249	0	0	0	0	0	0.654078206210326	0	0	0.819009947583032	0	0	0	0	0	0	0	0	0	0	0	0	0	0	0	0	0	0	0	0	0	0	0	0	0	0	0	0	0	0	0
0	0	0	0	0	0	0	0	0	0	0	0	0	0	0	0	0	0	0	0	0	0	0	0	0	0	0	0	0	0	0	0	0	0	0.770232800747039	0	0.578959156899514	0	0.953470452068731	0.99286129071833	0	0	0.95563492192777	0	0	0.9567333143321	0	0.999962260789397	0	0	0.816250846588476	0.573382702250864	0	0.877324939443678	0	0.858483159420547	0	0	0	0	0	0	0	0	0	0	0	0	0	0	0	0	0	0	0	0	0	0	0	0	0	0	0	0	0	0	0	0	0	0
0	0	0	0	0	0	0	0	0	0	0	0	0	0	0	0	0	0	0	0	0	0	0	0	0	0	0	0	0	0	0	0	0.696625499738449	0	0	0	0	0.543768833209727	0	0.7737400567577	0	0	0	0.588423679563723	0.671927774261614	0	0	0.703601971481981	0.999173533209116	0	0	0	0.852549147891369	0	0	0	0	0.684195664607834	0	0.575707406229199	0	0	0	0	0	0	0	0	0	0	0	0	0	0	0	0	0	0	0	0	0	0	0	0	0	0	0	0	0	0
0	0	0	0	0	0	0	0	0	0	0	0	0	0	0	0	0	0	0	0	0	0	0	0	0	0	0	0	0	0	0	0	0	0	0.90135986924529	0	0	0.55216357474746	0.716837534360718	0	0.678140126038125	0.759918996902848	0	0.598408702220149	0	0.52291727064943	0	0	0	0.795279750327812	0	0	0	0	0	0.699868637455055	0	0	0	0	0	0	0	0	0	0	0	0	0	0	0	0	0	0	0	0	0	0	0	0	0	0	0	0	0	0	0	0	0	0
0	0	0	0	0	0	0	0	0	0	0	0	0	0	0	0	0	0	0	0	0	0	0	0	0	0	0	0	0	0	0	0	0	0	0.593662050076904	0	0	0	0	0.627845325373586	0	0	0	0.912678158024445	0	0	0	0	0	0	0.987841331233523	0.853221085965545	0	0.955163931023334	0.919469058007956	0.929652661701152	0.530136541386256	0	0.982404247090979	0	0	0	0	0	0	0	0	0	0	0	0	0	0	0	0	0	0	0	0	0	0	0	0	0	0	0	0	0	0	0
0	0	0	0	0	0	0	0	0	0	0	0	0	0	0	0	0	0	0	0	0	0	0	0	0	0	0	0	0	0	0	0	0	0.865173374677596	0.60639775050261	0	0	0	0	0.812441695398585	0	0	0	0.633831418582755	0	0.73336103587352	0	0.600625322277015	0	0	0	0.826096497390371	0	0.886840231834399	0	0	0	0.753648615231456	0	0	0	0	0	0	0	0	0	0	0	0	0	0	0	0	0	0	0	0	0	0	0	0	0	0	0	0	0	0	0	0
0	0	0	0	0	0	0	0	0	0	0	0	0	0	0	0	0	0	0	0	0	0	0	0	0	0	0	0	0	0	0.824380502664285	0	0.909449408169459	0	0	0.810335925055695	0.772449258797943	0.631034097082684	0	0	0	0	0	0	0.665942203903246	0	0.840134656135584	0	0	0	0.895926449588223	0.995473867236998	0	0	0	0.964484444503335	0.857217465261001	0	0	0	0	0	0	0	0	0	0	0	0	0	0	0	0	0	0	0	0	0	0	0	0	0	0	0	0	0	0	0	0	0
0	0	0	0	0	0	0	0	0	0	0	0	0	0	0	0	0	0	0	0	0	0	0	0	0	0	0	0	0	0	0.943165543321097	0	0.622422371273768	0.852126960940697	0	0.675813358660515	0.606812494973683	0	0.795469587878569	0.607979958871601	0.97976396593047	0.720121699632161	0	0	0.731731379046007	0	0	0	0	0.932775470713018	0	0.679714767063667	0	0	0	0	0	0.718015245655812	0.825410543164883	0	0	0	0	0	0	0	0	0	0	0	0	0	0	0	0	0	0	0	0	0	0	0	0	0	0	0	0	0	0	0
0	0	0	0	0	0	0	0	0	0	0	0	0	0	0	0	0	0	0	0	0	0	0	0	0	0	0	0	0	0	0	0	0	0	0	0	0	0	0.669575105543297	0	0	0	0.630275368660222	0.623112218567256	0	0.845286973899506	0	0.684782297192898	0	0.542995183161405	0	0	0	0.987676529703224	0	0	0	0	0	0	0	0	0	0	0	0	0	0	0	0	0	0	0	0	0	0	0	0	0	0	0	0	0	0	0	0	0	0	0	0
0	0	0	0	0	0	0	0	0	0	0	0	0	0	0	0	0	0	0	0	0	0	0	0	0	0	0	0	0	0	0	0	0	0	0	0	0	0.709701144581277	0	0.676825261547543	0	0.64095994514317	0	0	0.608933664743922	0	0	0	0.790974787030411	0.559428250591481	0.721347638645448	0.664573326796747	0	0	0	0	0	0	0	0	0	0	0	0	0	0	0	0	0	0	0	0	0	0	0	0	0	0	0	0	0	0	0	0	0	0	0	0	0	0
0	0	0	0	0	0	0	0	0	0	0	0	0	0	0	0	0	0	0	0	0	0	0	0	0	0	0	0	0	0	0	0.613244914005378	0	0	0	0.614829139126883	0	0	0	0	0	0	0.546620219889392	0	0	0	0	0.711265368499093	0	0.737838504185886	0	0	0.508582522384574	0	0	0	0	0	0	0.6683364478015	0	0	0	0	0	0	0	0	0	0	0	0	0	0	0	0	0	0	0	0	0	0	0	0	0	0	0	0	0	0
0	0	0	0	0	0	0	0	0	0	0	0	0	0	0	0	0	0	0	0	0	0	0	0	0	0	0	0	0	0	0	0	0	0.718524058695626	0.632072482660053	0	0.597160759987121	0.913151867364861	0.555233079867121	0	0	0.852369189661302	0	0	0.641708833900625	0	0.755685875758712	0	0.674720335838945	0	0	0.696245475422921	0.94242296092798	0	0	0.809830374202135	0.845951523132532	0	0	0.960420856902598	0	0	0	0	0	0	0	0	0	0	0	0	0	0	0	0	0	0	0	0	0	0	0	0	0	0	0	0	0	0
0	0	0	0	0	0	0	0	0	0	0	0	0	0	0	0	0	0	0	0	0	0	0	0	0	0	0	0	0	0	0	0	0.784519597144232	0	0	0	0	0	0.784089330902515	0	0	0	0	0	0	0.987981105782254	0	0.872979474713966	0	0	0.978189352412321	0	0	0.896714629005008	0	0	0.87447855237325	0.734029576296971	0	0.749354396913298	0	0	0	0	0	0	0	0	0	0	0	0	0	0	0	0	0	0	0	0	0	0	0	0	0	0	0	0	0	0
0	0	0	0	0	0	0	0	0	0	0	0	0	0	0	0	0	0	0	0	0	0	0	0	0	0	0	0	0	0	0	0.622715768702	0.623886822305876	0	0	0	0.978910528963527	0	0	0.889035058507816	0	0	0	0.800771395600143	0.62833499257764	0.686325561861945	0.813631378165247	0	0	0	0.580359874879803	0.843993734740536	0	0.771188845716121	0	0.571090945932992	0.708727516155679	0	0	0	0	0	0	0	0	0	0	0	0	0	0	0	0	0	0	0	0	0	0	0	0	0	0	0	0	0	0	0	0	0
0	0	0	0	0	0	0	0	0	0	0	0	0	0	0	0	0	0	0	0	0	0	0	0	0	0	0	0	0	0	0	0	0	0	0	0	0	0.956940481019669	0	0	0.614843518135905	0	0.762798475423568	0	0	0.924080614530139	0	0	0.83560655230684	0.61686801861874	0	0.699943440201436	0	0.788846981248029	0	0	0.824443020874262	0.791141539913255	0	0.741969990665445	0	0	0	0	0	0	0	0	0	0	0	0	0	0	0	0	0	0	0	0	0	0	0	0	0	0	0	0	0	0
0	0	0	0	0	0	0	0	0	0	0	0	0	0	0	0	0	0	0	0	0	0	0	0	0	0	0	0	0	0	0.737278541631276	0.650978308980317	0	0	0.789799232705013	0	0	0.809079561519052	0	0	0.760520742680213	0.835867528364521	0.532467614945462	0.52054874496083	0	0.671997026115394	0	0.591428556826736	0	0.761959891307195	0.841797482747285	0	0	0	0	0.964560870739936	0	0	0	0.55344216098451	0	0	0	0	0	0	0	0	0	0	0	0	0	0	0	0	0	0	0	0	0	0	0	0	0	0	0	0	0	0
0	0	0	0	0	0	0	0	0	0	0	0	0	0	0	0	0	0	0	0	0	0	0	0	0	0	0	0	0	0	0	0.92949812610983	0.664454698200102	0	0	0	0	0	0.763370307186829	0	0	0	0	0	0	0	0.937701484044266	0.853159857925531	0	0	0	0	0	0	0.599202116148371	0	0.538401457571104	0.616207063431796	0.55543582533998	0	0	0	0	0	0	0	0	0	0	0	0	0	0	0	0	0	0	0	0	0	0	0	0	0	0	0	0	0	0	0
0	0	0	0	0	0	0	0	0	0	0	0	0	0	0	0	0	0	0	0	0	0	0	0	0	0	0	0	0	0	0	0.64205353226438	0.650913119372349	0	0	0	0	0.981455060467551	0	0	0.616461992986945	0.913440103191109	0	0	0.799098128126899	0	0	0	0.886938697013931	0.632660985371901	0.528919677586908	0	0	0	0	0.712886336875052	0.943447002097287	0.797511323105023	0	0	0	0	0	0	0	0	0	0	0	0	0	0	0	0	0	0	0	0	0	0	0	0	0	0	0	0	0	0	0	0
0	0	0	0	0	0	0	0	0	0	0	0	0	0	0	0	0	0	0	0	0	0	0	0	0	0	0	0	0	0	0.703519811050725	0.624632990831499	0	0.820174777008375	0	0	0	0	0	0	0.634766305828407	0	0	0	0	0	0	0	0	0	0	0	0.842593759152916	0	0	0.691906204639837	0	0.817258412186459	0.566886138322534	0	0	0	0	0	0	0	0	0	0	0	0	0	0	0	0	0	0	0	0	0	0	0	0	0	0	0	0	0	0	0
0	0	0	0	0	0	0	0	0	0	0	0	0	0	0	0	0	0	0	0	0	0	0	0	0	0	0	0	0	0	0.518719630799631	0	0	0	0	0	0.548003303566897	0.940940875060611	0	0.994749444519914	0.656734263209297	0	0.635374188018366	0	0	0	0	0.638573109199767	0	0.709726368252597	0	0.688511268425945	0	0.713798622590094	0.546872247331411	0	0.998102561960138	0	0.715616602838568	0	0	0	0	0	0	0	0	0	0	0	0	0	0	0	0	0	0	0	0	0	0	0	0	0	0	0	0	0	0	0
0	0	0	0	0	0	0	0	0	0	0	0	0	0	0	0	0	0	0	0	0	0	0	0	0	0	0	0	0	0	0	0	0	0	0	0	0	0	0	0	0.609339553162579	0	0.757382801457494	0	0	0	0	0.657986655326201	0.911722689720774	0.9411804446699	0.683986180641099	0	0.619299356556532	0.660131763851874	0	0.796528742462753	0	0.846741452838168	0	0	0	0	0	0	0	0	0	0	0	0	0	0	0	0	0	0	0	0	0	0	0	0	0	0	0	0	0	0	0	0
0	0	0	0	0	0	0	0	0	0	0	0	0	0	0	0	0	0	0	0	0	0	0	0	0	0	0	0	0	0	0	0	0	0	0	0.912903869881837	0	0	0.635220861519676	0	0	0.809925807952723	0	0.838891574685053	0	0	0	0	0.508917182201396	0	0.793958733771759	0	0.660369158158494	0.865247941679126	0.84058149415178	0	0.685784225473526	0	0	0	0	0	0	0	0	0	0	0	0	0	0	0	0	0	0	0	0	0	0	0	0	0	0	0	0	0	0	0	0	0
0	0	0	0	0	0	0	0	0	0	0	0	0	0	0	0	0	0	0	0	0	0	0	0	0	0	0	0	0	0	0	0	0.803136518849241	0	0	0	0.957066398800024	0	0	0	0.94918691388383	0	0	0.525785236657315	0	0	0	0	0	0	0	0	0.999546671972459	0	0.80604318098565	0.863360177042658	0	0	0	0.511170942782352	0	0	0	0	0	0	0	0	0	0	0	0	0	0	0	0	0	0	0	0	0	0	0	0	0	0	0	0	0	0
0	0	0	0	0	0	0	0	0	0	0	0	0	0	0	0	0	0	0	0	0	0	0	0	0	0	0	0	0	0	0.872217017226414	0	0.869281297201377	0	0	0	0	0	0.762915249935753	0	0	0	0	0	0	0	0.7265597837741	0.571883121291205	0.641559547477226	0	0.615854143810173	0.710752711678079	0	0	0	0	0	0	0.712132025885759	0	0	0	0	0	0	0	0	0	0	0	0	0	0	0	0	0	0	0	0	0	0	0	0	0	0	0	0	0	0	0
0	0	0	0	0	0	0	0	0	0	0	0	0	0	0	0	0	0	0	0	0	0	0	0	0	0	0	0	0	0	0	0	0	0	0	0	0	0	0	0	0	0	0	0	0	0	0	0	0	0	0	0	0	0	0	0	0	0	0	0	0	0.751306648487291	0	0.747490949347009	0.520078264097923	0.963299822352308	0.774821026382846	0	0	0	0	0.519520196467558	0	0	0	0.612357718644684	0	0	0	0	0	0	0	0.730124355938856	0.759436340514765	0.902835087246814	0.851327423513813	0.620942071571527	0.697114450413685	0.911773942453143
0	0	0	0	0	0	0	0	0	0	0	0	0	0	0	0	0	0	0	0	0	0	0	0	0	0	0	0	0	0	0	0	0	0	0	0	0	0	0	0	0	0	0	0	0	0	0	0	0	0	0	0	0	0	0	0	0	0	0	0	0.610470887503724	0	0.852692736770766	0.658433416526301	0	0.610146614867286	0.757367967636577	0.937946700452562	0.652596968885974	0	0	0	0	0	0	0	0	0	0.944970057192838	0	0	0	0	0	0.998100293885038	0.686083953938094	0.591331110256134	0.629962288332452	0.707731163522934	0.548756245630894
0	0	0	0	0	0	0	0	0	0	0	0	0	0	0	0	0	0	0	0	0	0	0	0	0	0	0	0	0	0	0	0	0	0	0	0	0	0	0	0	0	0	0	0	0	0	0	0	0	0	0	0	0	0	0	0	0	0	0	0	0	0.926610651021228	0	0.815155304833273	0.926076879279165	0.692027727048806	0.554959050710162	0.535050867621409	0.959845679010218	0	0	0	0.893363100827855	0	0	0	0	0	0	0	0	0	0	0	0	0.681570785579142	0.575889531024303	0.512619291821252	0.848284812824318	0.824323007769668
0	0	0	0	0	0	0	0	0	0	0	0	0	0	0	0	0	0	0	0	0	0	0	0	0	0	0	0	0	0	0	0	0	0	0	0	0	0	0	0	0	0	0	0	0	0	0	0	0	0	0	0	0	0	0	0	0	0	0	0	0.96748099818993	0.706302308463111	0.950768837035117	0	0.58785894855303	0.964015806719774	0.55621985748894	0.579628221847291	0	0.542312114712283	0.660496092548668	0	0	0	0	0.76626897784068	0	0	0	0	0.90217962995079	0	0	0	0	0	0.772654762023745	0.918217703267125	0.937545510108135	0.907922441377374
0	0	0	0	0	0	0	0	0	0	0	0	0	0	0	0	0	0	0	0	0	0	0	0	0	0	0	0	0	0	0	0	0	0	0	0	0	0	0	0	0	0	0	0	0	0	0	0	0	0	0	0	0	0	0	0	0	0	0	0	0.97317732087925	0	0.772142894650589	0.895410380073416	0	0.810233163067795	0.526290419846037	0.555835752429337	0.633262003523709	0.746641679405906	0.800190997329677	0.921095390667018	0	0	0	0	0	0	0	0	0	0	0	0	0	0	0	0.515815171685261	0.562628487487403	0.914599878721341
0	0	0	0	0	0	0	0	0	0	0	0	0	0	0	0	0	0	0	0	0	0	0	0	0	0	0	0	0	0	0	0	0	0	0	0	0	0	0	0	0	0	0	0	0	0	0	0	0	0	0	0	0	0	0	0	0	0	0	0	0.530013718438366	0.980627735714708	0.810836852076966	0.66080805029945	0.500334796279052	0	0.773383126102319	0.865659102063286	0.898324343461835	0.721813921856856	0.729697383832718	0.621212508488123	0.547440893386129	0	0	0	0	0	0	0	0	0	0	0	0	0	0	0	0.731264363170371	0.926786080235768
0	0	0	0	0	0	0	0	0	0	0	0	0	0	0	0	0	0	0	0	0	0	0	0	0	0	0	0	0	0	0	0	0	0	0	0	0	0	0	0	0	0	0	0	0	0	0	0	0	0	0	0	0	0	0	0	0	0	0	0	0.519973372526705	0.971820503263607	0.519482948995409	0.533747123824001	0.694419958500388	0.88086298778498	0	0.686864828773258	0.684090292046815	0.506604390943501	0.769509390940903	0.69928709136756	0.8391320629698	0.632896960343697	0	0	0	0	0	0	0	0	0	0	0	0	0	0	0	0.94354251596839
0	0	0	0	0	0	0	0	0	0	0	0	0	0	0	0	0	0	0	0	0	0	0	0	0	0	0	0	0	0	0	0	0	0	0	0	0	0	0	0	0	0	0	0	0	0	0	0	0	0	0	0	0	0	0	0	0	0	0	0	0	0.539986293090317	0.972741785768898	0.986000478013348	0.944326696150512	0.873090223951519	0.972237752765017	0	0.742817205958725	0.525398564556503	0.972247356744313	0.612333390657972	0.532140457636108	0.67011671175309	0.956334109824638	0	0	0	0	0	0	0.580514523621178	0	0	0	0	0	0	0	0
0	0	0	0	0	0	0	0	0	0	0	0	0	0	0	0	0	0	0	0	0	0	0	0	0	0	0	0	0	0	0	0	0	0	0	0	0	0	0	0	0	0	0	0	0	0	0	0	0	0	0	0	0	0	0	0	0	0	0	0	0	0.886427528087025	0.526851830166097	0	0.935724395992659	0.618627825107457	0.943189567261231	0.930840866586752	0	0.699674099842295	0	0.568473201920418	0.847487173016556	0.757528086071835	0	0.599506324817318	0.5611913956138	0	0	0.576612316559838	0	0.593592698530174	0	0	0	0	0	0.898074203198015	0	0
0	0	0	0	0	0	0	0	0	0	0	0	0	0	0	0	0	0	0	0	0	0	0	0	0	0	0	0	0	0	0	0	0	0	0	0	0	0	0	0	0	0	0	0	0	0	0	0	0	0	0	0	0	0	0	0	0	0	0	0	0	0	0	0.806391449458964	0.871453553356479	0.715425926919974	0.538996489444354	0.519720677353696	0.70682867251558	0	0.659274255052566	0.650488564688478	0.82142159488729	0.616638326453335	0.728597713062975	0.639903654106053	0.823952796681732	0	0	0	0	0	0	0	0	0	0	0	0	0
0	0	0	0	0	0	0	0	0	0	0	0	0	0	0	0	0	0	0	0	0	0	0	0	0	0	0	0	0	0	0	0	0	0	0	0	0	0	0	0	0	0	0	0	0	0	0	0	0	0	0	0	0	0	0	0	0	0	0	0	0	0	0	0.860465705739433	0.834428169311358	0.694509936761587	0.727474621536153	0.765126843250266	0	0.952820488345851	0	0.637820127330418	0.602978013565713	0.655437358964288	0.624998141181598	0.984574080999179	0.849050422964651	0.74428113296426	0	0	0	0	0	0	0	0	0	0	0	0
0	0	0	0	0	0	0	0	0	0	0	0	0	0	0	0	0	0	0	0	0	0	0	0	0	0	0	0	0	0	0	0	0	0	0	0	0	0	0	0	0	0	0	0	0	0	0	0	0	0	0	0	0	0	0	0	0	0	0	0	0.671592254107292	0	0	0	0.620638278870752	0.634209085451231	0.822769618501733	0.979255437838513	0.584820852664174	0.514788433950908	0.922969187995182	0	0.828367591017553	0.799318869209188	0.718461273060394	0.951261054550876	0.544927646565515	0.918476709131555	0.772856712803951	0	0	0	0	0	0	0	0	0	0	0
0	0	0	0	0	0	0	0	0	0	0	0	0	0	0	0	0	0	0	0	0	0	0	0	0	0	0	0	0	0	0	0	0	0	0	0	0	0	0	0	0	0	0	0	0	0	0	0	0	0	0	0	0	0	0	0	0	0	0	0	0	0	0.782120398805815	0	0	0.931669673701141	0.630237061307058	0.739525924935308	0.877268241943318	0.94365742758857	0.5977770906566	0.831337599433067	0	0.798596249977785	0.862353962445769	0.824194200496092	0.925754740911621	0.734821879696859	0.803364030921984	0.61233576973646	0	0	0	0	0	0	0	0	0	0
0	0	0	0	0	0	0	0	0	0	0	0	0	0	0	0	0	0	0	0	0	0	0	0	0	0	0	0	0	0	0	0	0	0	0	0	0	0	0	0	0	0	0	0	0	0	0	0	0	0	0	0	0	0	0	0	0	0	0	0	0	0	0	0	0	0	0.585853119929648	0.795422037644406	0.801092405342676	0.93400444917649	0.818374693243195	0.648483788950117	0.732544236626417	0	0.546070489525444	0.907239591449131	0.671757253532428	0.945752493903171	0.614313114368861	0.98485244897016	0.586494774383581	0	0	0	0	0	0	0	0	0
0	0	0	0	0	0	0	0	0	0	0	0	0	0	0	0	0	0	0	0	0	0	0	0	0	0	0	0	0	0	0	0	0	0	0	0	0	0	0	0	0	0	0	0	0	0	0	0	0	0	0	0	0	0	0	0	0	0	0	0	0	0	0	0	0	0	0	0.785099659790256	0	0.946155186323603	0.986614665347768	0.971521334834983	0.973652247768197	0.663926068261872	0	0.71985252775782	0.91740391434871	0.834276587741954	0.630423237766401	0.518534269501854	0.824076366986922	0.767808311312069	0	0	0	0	0	0	0	0
0	0	0	0	0	0	0	0	0	0	0	0	0	0	0	0	0	0	0	0	0	0	0	0	0	0	0	0	0	0	0	0	0	0	0	0	0	0	0	0	0	0	0	0	0	0	0	0	0	0	0	0	0	0	0	0	0	0	0	0	0.627263301702514	0	0	0.704191880406541	0	0	0	0	0.754908229589039	0.754850145969727	0.684183869384431	0.9311838559999	0.752625876785679	0.709688730892758	0.595832704907824	0	0.835343772877566	0.602760085814609	0.760759967206929	0.749970142489284	0	0.876144224761874	0.836427080613693	0	0	0	0	0	0	0
0	0	0	0	0	0	0	0	0	0	0	0	0	0	0	0	0	0	0	0	0	0	0	0	0	0	0	0	0	0	0	0	0	0	0	0	0	0	0	0	0	0	0	0	0	0	0	0	0	0	0	0	0	0	0	0	0	0	0	0	0	0	0	0	0	0	0	0	0.799149502097084	0.560805150846692	0.682689015994873	0.854440652976147	0.509997544786711	0.994909957250925	0.92629735165605	0.831829049627244	0	0.915080100270414	0.598494274769781	0.816363569863901	0.920813040680726	0.869163914688521	0.971704310315628	0.970319664533738	0	0	0.759599463917807	0	0	0
0	0	0	0	0	0	0	0	0	0	0	0	0	0	0	0	0	0	0	0	0	0	0	0	0	0	0	0	0	0	0	0	0	0	0	0	0	0	0	0	0	0	0	0	0	0	0	0	0	0	0	0	0	0	0	0	0	0	0	0	0	0	0	0	0	0	0	0	0	0	0.94899061867614	0.91862061906222	0.930940651739481	0.706315571152748	0.857317718169763	0.528583916442917	0.913443557928577	0	0.779622225390274	0	0.74409353247317	0.633986717191157	0.983361005346191	0.563154644642656	0	0	0	0	0.654873997625368	0
0	0	0	0	0	0	0	0	0	0	0	0	0	0	0	0	0	0	0	0	0	0	0	0	0	0	0	0	0	0	0	0	0	0	0	0	0	0	0	0	0	0	0	0	0	0	0	0	0	0	0	0	0	0	0	0	0	0	0	0	0	0.715241540051132	0	0	0	0	0	0	0	0	0	0.970576072268755	0.58306357483243	0.782800236110988	0.656492405998194	0.964576644518864	0.511773527401617	0.665548691661553	0	0.711034522700263	0.985193153167083	0.851321736252484	0.676663635145537	0.879415575894914	0.82123994455551	0.942269077696537	0	0	0	0
0	0	0	0	0	0	0	0	0	0	0	0	0	0	0	0	0	0	0	0	0	0	0	0	0	0	0	0	0	0	0	0	0	0	0	0	0	0	0	0	0	0	0	0	0	0	0	0	0	0	0	0	0	0	0	0	0	0	0	0	0	0	0	0	0	0	0	0	0.868213355179517	0	0	0	0.667753336738721	0.523031477692795	0.967151550320861	0.788476582485393	0.637853942023143	0	0.578250976374153	0	0.553604175980189	0.815278583410602	0.805536850034819	0.992985030630253	0.863782161861983	0	0.78890291539174	0	0	0
0	0	0	0	0	0	0	0	0	0	0	0	0	0	0	0	0	0	0	0	0	0	0	0	0	0	0	0	0	0	0	0	0	0	0	0	0	0	0	0	0	0	0	0	0	0	0	0	0	0	0	0	0	0	0	0	0	0	0	0	0	0	0	0.529215102322431	0	0	0	0	0	0	0	0	0	0.829385946987544	0.516422721442361	0	0.825770395703582	0.608230199711173	0.514845489341489	0.967090651669095	0	0.70949880271374	0.504711811300209	0.830659522152894	0.766480290325445	0.873013597571032	0.505993571207036	0.632362989993575	0	0
0	0	0	0	0	0	0	0	0	0	0	0	0	0	0	0	0	0	0	0	0	0	0	0	0	0	0	0	0	0	0	0	0	0	0	0	0	0	0	0	0	0	0	0	0	0	0	0	0	0	0	0	0	0	0	0	0	0	0	0	0	0	0	0	0	0	0	0.59408664070818	0.657499014892882	0	0	0	0	0	0.819473086614873	0.690876126188614	0.739334242922366	0.925689979529951	0.89636375658502	0.6469612097019	0.580312676462137	0	0	0.547843380652837	0.876554247509622	0.751484087701827	0.691430957946103	0	0.984504528038447	0
0	0	0	0	0	0	0	0	0	0	0	0	0	0	0	0	0	0	0	0	0	0	0	0	0	0	0	0	0	0	0	0	0	0	0	0	0	0	0	0	0	0	0	0	0	0	0	0	0	0	0	0	0	0	0	0	0	0	0	0	0	0	0	0	0	0	0	0	0	0	0	0	0	0	0	0.781346582403482	0.916604152049788	0.753466652952645	0.787215029725964	0.941122272676149	0.615234017903579	0	0	0.966207517235897	0.605642186606389	0.609820161423759	0.944152851087725	0.625933283616763	0.721787282973937	0.532714887472071
0	0	0	0	0	0	0	0	0	0	0	0	0	0	0	0	0	0	0	0	0	0	0	0	0	0	0	0	0	0	0	0	0	0	0	0	0	0	0	0	0	0	0	0	0	0	0	0	0	0	0	0	0	0	0	0	0	0	0	0	0.878402552486542	0	0	0	0	0	0	0	0	0	0	0	0	0	0	0	0.962266718982101	0.720619968910921	0.932383607787768	0.501083929879765	0.680985228941248	0.502535982840552	0.659602452495533	0	0.739025434898655	0.666028841083026	0.540956540221987	0.551223269856662	0.820100396471801	0.782517195052543
0	0	0	0	0	0	0	0	0	0	0	0	0	0	0	0	0	0	0	0	0	0	0	0	0	0	0	0	0	0	0	0	0	0	0	0	0	0	0	0	0	0	0	0	0	0	0	0	0	0	0	0	0	0	0	0	0	0	0	0	0.633716592106189	0.84438705203526	0	0	0	0	0	0	0	0	0	0	0	0	0	0	0	0	0.664447551567643	0.732387937382694	0.678707002346117	0.864375971624808	0.567168801511637	0.970395292759386	0	0.780018412097055	0.823182983941146	0.901452215518015	0.960247693595485	0.52973861159666
0	0	0	0	0	0	0	0	0	0	0	0	0	0	0	0	0	0	0	0	0	0	0	0	0	0	0	0	0	0	0	0	0	0	0	0	0	0	0	0	0	0	0	0	0	0	0	0	0	0	0	0	0	0	0	0	0	0	0	0	0.599163157710532	0.785078330027148	0.618906627109293	0	0	0	0	0	0	0	0	0	0	0	0	0	0	0	0.803012593829884	0	0.537821607430076	0.790612569535913	0.757503095556764	0.578605729497384	0.95119047789946	0	0.558546021218471	0.853869827635251	0.696791434076574	0.887402310867959
0	0	0	0	0	0	0	0	0	0	0	0	0	0	0	0	0	0	0	0	0	0	0	0	0	0	0	0	0	0	0	0	0	0	0	0	0	0	0	0	0	0	0	0	0	0	0	0	0	0	0	0	0	0	0	0	0	0	0	0	0.761961258027247	0.684542842413893	0.884531190530206	0.622883020918678	0	0	0	0	0	0	0	0	0	0	0	0	0.622619202211638	0	0	0.986008210333039	0.84914731457548	0.73231616338823	0.736670629492079	0.7367590317987	0.85773980465866	0.712634154428339	0	0.694934721316967	0.537266845216298	0.736340739674221
0	0	0	0	0	0	0	0	0	0	0	0	0	0	0	0	0	0	0	0	0	0	0	0	0	0	0	0	0	0	0	0	0	0	0	0	0	0	0	0	0	0	0	0	0	0	0	0	0	0	0	0	0	0	0	0	0	0	0	0	0.981047320531346	0.879178990023784	0.629178857249836	0.561306244896002	0.640866237559822	0	0	0	0.714364985389094	0	0	0	0	0	0	0	0	0	0	0	0.669951992403664	0	0.7004636282086	0.614590383280185	0.950659346236348	0.517538023598572	0.817631132704701	0	0.708761678624672	0.910322375710328
0	0	0	0	0	0	0	0	0	0	0	0	0	0	0	0	0	0	0	0	0	0	0	0	0	0	0	0	0	0	0	0	0	0	0	0	0	0	0	0	0	0	0	0	0	0	0	0	0	0	0	0	0	0	0	0	0	0	0	0	0.95283812438938	0.747977600320588	0.832062997704559	0.876252926859166	0.596601651181575	0.619073554120941	0	0	0	0	0	0	0	0	0	0	0	0.55489073779417	0	0	0	0.710737289185863	0.654685950542859	0.702818450260109	0.652403538685087	0.50973752521218	0.501716076513583	0.53215492867513	0	0.783333694934579
0	0	0	0	0	0	0	0	0	0	0	0	0	0	0	0	0	0	0	0	0	0	0	0	0	0	0	0	0	0	0	0	0	0	0	0	0	0	0	0	0	0	0	0	0	0	0	0	0	0	0	0	0	0	0	0	0	0	0	0	0.93106240104666	0.86602709257484	0.556553615998562	0.935596222297696	0.967357755742931	0.900632037651779	0.91234418182464	0	0	0	0	0	0	0	0	0	0	0	0	0	0	0	0.541789950425867	0.992311935972615	0.530657911659933	0.992002349115878	0.612900256045088	0.975031387382322	0.875259630957015	0
