0	0.517994921058492	0.779484858898285	0.646427618891717	0.962957711344475	0	0	0	0	0	0	0	0	0	0.708901104762997	0.557602054461459	0.951224327738989	0.534031325762698	0	0	0	0	0	0	0	0	0	0	0	0	0	0	0	0	0	0	0	0	0	0	0	0	0	0	0	0	0	0	0	0	0	0	0	0	0	0	0	0	0	0	0	0	0	0	0	0	0	0	0	0	0	0	0	0	0	0	0	0	0	0	0	0	0	0	0	0	0	0	0	0
0.792793104733438	0	0.66939174237929	0.938530824880958	0.820408121173411	0.762457571677745	0	0	0	0	0.87510976426305	0	0	0	0	0.587049020763108	0.572107189449328	0.881507937654761	0	0	0	0	0	0	0	0	0	0	0	0	0	0	0	0	0	0	0	0	0	0	0	0	0	0	0	0	0	0	0	0	0	0	0	0	0	0	0	0	0	0	0	0	0	0	0	0	0	0	0	0	0	0	0	0	0	0	0	0	0	0	0	0	0	0	0	0	0	0	0	0
0.652470560083553	0.75608727751561	0	0.774977503746819	0.653930030042929	0.898295104372759	0.880331690023098	0	0	0	0	0	0	0	0	0	0.943824572729373	0.511560578676665	0	0	0	0	0	0	0	0	0	0	0	0	0	0	0	0	0	0	0	0	0	0	0	0	0	0	0	0	0	0	0	0	0	0	0	0	0	0	0	0	0	0	0	0	0	0	0	0	0	0	0	0	0	0	0	0	0	0	0	0	0	0	0	0	0	0	0	0	0	0	0	0
0.578127882047214	0.746508532025143	0.637295970718152	0	0.752578587354474	0.988982047184642	0.516274946508331	0.962278890439271	0	0	0	0	0	0	0	0	0	0.988645444797646	0	0	0	0	0	0	0	0	0	0	0	0	0	0	0	0	0	0	0	0	0	0	0	0	0	0	0	0	0	0	0	0	0	0	0	0	0	0	0	0	0	0	0	0	0	0	0	0	0	0	0	0	0	0	0	0	0	0	0	0	0	0	0	0	0	0	0	0	0	0	0	0
0.52268731842887	0.527967906747437	0.962403330095638	0.853790833804405	0	0.527740584640726	0.644884962546229	0.862493924662699	0.686230606688615	0	0	0	0	0	0	0	0	0	0	0	0	0	0	0	0	0	0	0	0	0	0	0	0	0	0	0	0	0	0	0	0	0	0	0	0	0	0	0	0	0	0	0	0	0	0	0	0	0	0	0	0	0	0	0	0	0	0	0	0	0	0	0	0	0	0	0	0	0	0	0	0	0	0	0	0	0	0	0	0	0
0	0.968251648205022	0.996297286155728	0.840922888636823	0.788972101734451	0	0.570508552777157	0.774376687284148	0.942560332128888	0.749271852705205	0	0	0	0	0	0	0	0	0	0	0	0	0	0	0	0	0	0	0	0	0	0	0	0	0	0	0	0	0	0	0	0	0	0	0	0	0	0	0	0	0	0	0	0	0	0	0	0	0	0	0	0	0	0	0	0	0	0	0	0	0	0	0	0	0	0	0	0	0	0	0	0	0	0	0	0	0	0	0	0
0	0	0.910987177907684	0.505254219661741	0.731338087745908	0.659678566387942	0	0.889413381144611	0.810028521369567	0.501860771542231	0.787264267505342	0	0	0	0	0	0	0	0	0	0	0	0	0	0	0	0	0	0	0	0	0	0	0	0	0	0	0	0	0	0	0	0	0	0	0	0	0	0	0	0	0	0	0	0	0	0	0	0	0	0	0	0	0	0	0	0	0	0	0	0	0	0	0	0	0	0	0	0	0	0	0	0	0	0	0	0	0	0	0
0	0	0	0.570013156240674	0.929754818722586	0.639438624727818	0.50742162304094	0	0.831888922382839	0.704464425619283	0.770375212728094	0.777853655035037	0	0	0	0	0	0	0	0	0	0	0	0	0	0	0	0	0	0	0	0	0	0	0	0	0	0	0	0	0	0	0	0	0	0	0	0	0	0	0	0	0	0	0	0	0	0	0	0	0	0	0	0	0	0	0	0	0	0	0	0	0	0	0	0	0	0	0	0	0	0	0	0	0	0	0	0	0	0
0	0	0	0	0.571789200412845	0.93954308297511	0.895186820168862	0.511535702000572	0	0.577537384733608	0.681965262859194	0.941653264829634	0.500732672164887	0	0	0	0	0	0	0	0	0	0	0	0	0	0	0	0	0	0	0	0	0	0	0	0	0	0	0	0	0	0	0	0	0	0	0	0	0	0	0	0	0	0	0	0	0	0	0	0	0	0	0	0	0	0	0	0	0	0	0	0	0	0	0	0	0	0	0	0	0	0	0	0	0	0	0	0	0
0	0	0	0	0	0.787413357656305	0.849453027590976	0.515598044706192	0.845969936474167	0	0.80054598133512	0.816290070356764	0.864786818602955	0.556704732896438	0	0	0	0	0	0	0	0	0	0	0	0	0	0	0	0	0	0	0	0	0	0	0	0	0	0	0	0	0	0	0	0	0	0	0	0	0	0	0	0	0	0	0	0	0	0	0	0	0	0	0	0	0	0	0	0	0	0	0	0	0	0	0	0	0	0	0	0	0	0	0	0	0	0	0	0
0	0.99184353605704	0	0	0	0	0.646597547596284	0.622391001764107	0.65177549027255	0.93748966338939	0	0.850332605954739	0.974272143206189	0	0.915019622291133	0	0	0	0	0	0	0	0	0	0	0	0	0	0	0	0	0	0	0	0	0	0	0	0	0	0	0	0	0	0	0	0	0	0	0	0	0	0	0	0	0	0	0	0	0	0	0	0	0	0	0	0	0	0	0	0	0	0	0	0	0	0	0	0	0	0	0	0	0	0	0	0	0	0	0
0	0	0	0	0	0	0	0.873793879457992	0.845968029558928	0.856985651082648	0.724846717774528	0	0.857901882147124	0.588842852532086	0.537880694485215	0.515263703871428	0	0	0	0	0	0	0	0	0	0	0	0	0	0	0	0	0	0	0	0	0	0	0	0	0	0	0	0	0	0	0	0	0	0	0	0	0	0	0	0	0	0	0	0	0	0	0	0	0	0	0	0	0	0	0	0	0	0	0	0	0	0	0	0	0	0	0	0	0	0	0	0	0	0
0	0	0	0	0	0	0	0	0.870815494761735	0.68720580119958	0.830551115282878	0.688387645263587	0	0.888118984526501	0.540854303426452	0.922099907766732	0.984327314538845	0	0	0	0	0	0	0	0	0	0	0	0	0	0	0	0	0	0	0	0	0	0	0	0	0	0	0	0	0	0	0	0	0	0	0	0	0	0	0	0	0	0	0	0	0	0	0	0	0	0	0	0	0	0	0	0	0	0	0	0	0	0	0	0	0	0	0	0	0	0	0	0	0
0	0	0	0	0	0	0	0	0	0.989296654056779	0	0.934530265462496	0.530027024234858	0	0.619128796639261	0.839891396294546	0.761567297969853	0.685505308315471	0	0	0	0	0	0	0	0	0	0	0	0	0	0	0	0	0	0	0	0	0	0	0	0	0	0	0	0	0	0	0	0	0	0	0	0	0	0	0	0	0	0	0	0	0	0	0	0	0	0	0	0	0	0	0	0	0	0	0	0	0	0	0	0	0	0	0	0	0	0	0	0
0.660417151345403	0	0	0	0	0	0	0	0	0	0.509905052750336	0.824966018907065	0.59031641906494	0.621896390777066	0	0.640766683284161	0.97008885393889	0.812735814962491	0	0	0	0	0	0	0	0	0	0	0	0	0	0	0	0	0	0	0	0	0	0	0	0	0	0	0	0	0	0	0	0	0	0	0	0	0	0	0	0	0	0	0	0	0	0	0	0	0	0	0	0	0	0	0	0	0	0	0	0	0	0	0	0	0	0	0	0	0	0	0	0
0.902976812994186	0.881418960350404	0	0	0	0	0	0	0	0	0	0.568687003529082	0.929299293576051	0.969855679280951	0.922536357924722	0	0.611010977100335	0.741941273792971	0	0	0	0	0	0	0	0	0	0	0	0	0	0	0	0	0	0	0	0	0	0	0	0	0	0	0	0	0	0	0	0	0	0	0	0	0	0	0	0	0	0	0	0	0	0	0	0	0	0	0	0	0	0	0	0	0	0	0	0	0	0	0	0	0	0	0	0	0	0	0	0
0.551605584059625	0.627361054986819	0.739096661056152	0	0	0	0	0	0	0	0	0	0.974223347313792	0.982425657222678	0.586449155095456	0.642074739314038	0	0.706941029704883	0	0	0	0	0	0	0	0	0	0	0	0	0	0	0	0	0	0	0	0	0	0	0	0	0	0	0	0	0	0	0	0	0	0	0	0	0	0	0	0	0	0	0	0	0	0	0	0	0	0	0	0	0	0	0	0	0	0	0	0	0	0	0	0	0	0	0	0	0	0	0	0
0.571070218266563	0.899065375220752	0.682222902196379	0.89774102219074	0	0	0	0	0	0	0	0	0	0.773730100822199	0.608577158799549	0.553551339106518	0.857392246264558	0	0	0	0	0	0	0	0	0	0	0	0	0	0	0	0	0	0	0	0	0	0	0	0	0	0	0	0	0	0	0	0	0	0	0	0	0	0	0	0	0	0	0	0	0	0	0	0	0	0	0	0	0	0	0	0	0	0	0	0	0	0	0	0	0	0	0	0	0	0	0	0	0
0	0	0	0	0	0	0	0	0	0	0	0	0	0	0	0	0	0	0	0.771790460259849	0.987963484375962	0.745204015149526	0.75535313629474	0.98952166714493	0.93904807609886	0	0.99705789238061	0	0.909345173079024	0.569585343957606	0.639673012965517	0	0	0	0	0	0	0	0	0	0	0	0	0	0	0	0	0	0	0	0	0	0	0	0	0	0	0	0	0	0	0	0	0	0	0	0	0	0	0	0	0	0	0	0	0	0	0	0	0	0	0	0	0	0	0	0	0	0	0
0	0	0	0	0	0	0	0	0	0	0	0	0	0	0	0	0	0	0.8668400437818	0	0.805498096245405	0	0.610554424685436	0	0.984014059531904	0	0.837101306984757	0	0.756959021312	0.842726897560735	0.575152071441375	0.782622018075781	0	0.721015023672398	0.791242136706048	0.540602883622443	0	0	0	0	0	0	0	0	0	0	0	0	0	0	0	0	0	0	0	0	0	0	0	0	0	0	0	0	0	0	0	0	0	0	0	0	0	0	0	0	0	0	0	0	0	0	0	0	0	0	0	0	0	0
0	0	0	0	0	0	0	0	0	0	0	0	0	0	0	0	0	0	0.587494414237809	0.66826115067591	0	0	0.985475793322463	0.717340222685613	0.641190865143396	0.616364163640182	0.590739066378807	0.511115824929262	0.714447832799284	0.7779340370854	0.612071451098112	0.667244679518082	0.642450832704613	0	0.928090548150914	0.540439197816865	0	0	0	0	0	0	0	0	0	0	0	0	0	0	0	0	0	0	0	0	0	0	0	0	0	0	0	0	0	0	0	0	0	0	0	0	0	0	0	0	0	0	0	0	0	0	0	0	0	0	0	0	0	0
0	0	0	0	0	0	0	0	0	0	0	0	0	0	0	0	0	0	0.538093818522525	0	0	0	0.836127760693373	0.846375182212548	0.52182577149697	0	0.684709134430338	0.712743525856815	0.677146750965965	0	0.599181073816045	0.764560505834506	0	0.933460042503843	0	0.502866078403076	0	0	0	0	0	0	0	0	0	0	0	0	0	0	0	0	0	0	0	0	0	0	0	0	0	0	0	0	0	0	0	0	0	0	0	0	0	0	0	0	0	0	0	0	0	0	0	0	0	0	0	0	0	0
0	0	0	0	0	0	0	0	0	0	0	0	0	0	0	0	0	0	0.954988324021471	0.954554210027177	0.640812752949862	0.52254833483105	0	0	0	0.875578027887159	0.790741975153315	0.552859714367436	0.908416701694874	0.861483884330093	0.817847619606673	0.658042155531403	0	0	0.678515189829333	0.863597956196297	0	0	0	0	0	0	0	0	0	0	0	0	0	0	0	0	0	0	0	0	0	0	0	0	0	0	0	0	0	0	0	0	0	0	0	0	0	0	0	0	0	0	0	0	0	0	0	0	0	0	0	0	0	0
0	0	0	0	0	0	0	0	0	0	0	0	0	0	0	0	0	0	0.675498354414801	0	0.580897534624346	0.883990323783712	0	0	0	0.994877548414669	0.506410141085514	0.930882279004513	0	0.732742772568901	0	0.645503659618842	0.602523049601531	0.694074807450563	0	0	0	0	0	0	0	0	0	0	0	0	0	0	0	0	0	0	0	0	0	0	0	0	0	0	0	0	0	0	0	0	0	0	0	0	0	0	0	0	0	0	0	0	0	0	0	0	0	0	0	0	0	0	0	0
0	0	0	0	0	0	0	0	0	0	0	0	0	0	0	0	0	0	0.817941771236391	0.716109153798507	0.926190362720363	0.786644274833194	0	0	0	0.522437035228392	0.991773790603798	0.507474430490211	0.760269778571104	0	0	0	0.64527606659424	0.996776403935677	0	0.588520320432302	0	0	0	0	0	0	0	0	0	0	0	0	0	0	0	0	0	0	0	0	0	0	0	0	0	0	0	0	0	0	0	0	0	0	0	0	0	0	0	0	0	0	0	0	0	0	0	0	0	0	0	0	0	0
0	0	0	0	0	0	0	0	0	0	0	0	0	0	0	0	0	0	0	0	0.900395518892743	0	0.75326178470825	0.977397624110999	0.747463852042294	0	0.947847198413208	0.613172919172798	0.944248467938029	0.79213071327389	0.66728815815364	0.565701415203797	0	0.965965644012772	0.598538612277863	0	0	0	0	0	0	0	0	0	0	0	0	0	0	0	0	0	0	0	0	0	0	0	0	0	0	0	0	0	0	0	0	0	0	0	0	0	0	0	0	0	0	0	0	0	0	0	0	0	0	0	0	0	0	0
0	0	0	0	0	0	0	0	0	0	0	0	0	0	0	0	0	0	0.604064589778227	0.620859117970576	0.997588851848763	0.614170659082184	0.55236395951739	0.879005254054272	0.593529269995209	0.766476697258946	0	0	0.838942053130212	0.882684945354392	0	0.831956181497159	0.984546177986616	0	0.930285263377947	0	0	0	0	0	0	0	0	0	0	0	0	0	0	0	0	0	0	0	0	0	0	0	0	0	0	0	0	0	0	0	0	0	0	0	0	0	0	0	0	0	0	0	0	0	0	0	0	0	0	0	0	0	0	0
0	0	0	0	0	0	0	0	0	0	0	0	0	0	0	0	0	0	0	0	0.906257903972176	0.571110267178324	0.769582679857077	0.615051274053199	0.573039566222695	0.572686659354837	0	0	0.614983855704739	0	0.957853010388656	0.93494697462645	0.832319179777451	0	0.855851057967878	0.60858916981947	0	0	0	0	0	0	0	0	0	0	0	0	0	0	0	0	0	0	0	0	0	0	0	0	0	0	0	0	0	0	0	0	0	0	0	0	0	0	0	0	0	0	0	0	0	0	0	0	0	0	0	0	0	0
0	0	0	0	0	0	0	0	0	0	0	0	0	0	0	0	0	0	0.802283570305807	0.988763547954419	0.986303248317941	0.54108719457508	0.563484987444192	0	0.524348997164515	0.956241994554611	0.733422345944053	0.680954202469943	0	0.914253498610345	0.666394418165369	0.918475146416864	0.665918997568955	0.723567637705149	0.626172505111376	0	0	0	0	0	0	0	0	0	0	0	0	0	0	0	0	0	0	0	0	0	0	0	0	0	0	0	0	0	0	0	0	0	0	0	0	0	0	0	0	0	0	0	0	0	0	0	0	0	0	0	0	0	0	0
0	0	0	0	0	0	0	0	0	0	0	0	0	0	0	0	0	0	0.713579034174527	0.658922076394208	0.628837949523352	0	0.693150727493965	0.640159934176607	0	0.631759805197257	0.644391433248069	0	0.8406647869491	0	0.552375049972943	0.910487125559645	0	0	0.542231982575063	0	0	0	0	0	0	0	0	0	0	0	0	0	0	0	0	0	0	0	0	0	0	0	0	0	0	0	0	0	0	0	0	0	0	0	0	0	0	0	0	0	0	0	0	0	0	0	0	0	0	0	0	0	0	0
0	0	0	0	0	0	0	0	0	0	0	0	0	0	0	0	0	0	0.615695717873228	0.765428317694083	0.970568065145601	0.571903297010403	0.66382155267665	0	0	0.608654318006147	0	0.632287983722045	0.982783030812179	0.575628789532957	0	0.939856775108144	0.879160524039371	0.6448157496576	0.891244566567023	0.992756049894282	0	0	0	0	0	0	0	0	0	0	0	0	0	0	0	0	0	0	0	0	0	0	0	0	0	0	0	0	0	0	0	0	0	0	0	0	0	0	0	0	0	0	0	0	0	0	0	0	0	0	0	0	0	0
0	0	0	0	0	0	0	0	0	0	0	0	0	0	0	0	0	0	0	0.607455376911551	0.842996507630648	0.682142076115149	0.52249138486946	0.921602806787707	0	0.963791181068065	0.926560269052564	0.994961661825816	0.696370737596033	0.607526179573324	0.754826856013463	0	0.812223299986969	0.777158591295294	0.618601064314218	0	0	0	0	0	0	0	0	0	0	0	0	0	0	0	0	0	0	0	0	0	0	0	0	0	0	0	0	0	0	0	0	0	0	0	0	0	0	0	0	0	0	0	0	0	0	0	0	0	0	0	0	0	0	0
0	0	0	0	0	0	0	0	0	0	0	0	0	0	0	0	0	0	0	0	0.621355802323237	0	0	0.697395608065	0.978018588681987	0	0.908811483571503	0.939616289816444	0.578192775041032	0	0.992328178581828	0.612575770488323	0	0	0.867931220139821	0.926649983299058	0	0	0	0	0	0	0	0	0	0	0	0	0	0	0	0	0	0	0	0	0	0	0	0	0	0	0	0	0	0	0	0	0	0	0	0	0	0	0	0	0	0	0	0	0	0	0	0	0	0	0	0	0	0
0	0	0	0	0	0	0	0	0	0	0	0	0	0	0	0	0	0	0	0.751889288418811	0	0.947116262256502	0	0.855728643290355	0.628220304226794	0.894817255249955	0	0	0.619814929079965	0	0.891459565489398	0.637087510808939	0	0	0.677688639717468	0.654341504602115	0	0	0	0	0	0	0	0	0	0	0	0	0	0	0	0	0	0	0	0	0	0	0	0	0	0	0	0	0	0	0	0	0	0	0	0	0	0	0	0	0	0	0	0	0	0	0	0	0	0	0	0	0	0
0	0	0	0	0	0	0	0	0	0	0	0	0	0	0	0	0	0	0	0.99816254121932	0.772647748192348	0	0.528036660123544	0	0	0.66744262887528	0.972133794845086	0.853918490793445	0.807747825045583	0.629477675148771	0.951368982741796	0.504401358655921	0.669801012940007	0.809427615374499	0	0.739943579390296	0	0	0	0	0	0	0	0	0	0	0	0	0	0	0	0	0	0	0	0	0	0	0	0	0	0	0	0	0	0	0	0	0	0	0	0	0	0	0	0	0	0	0	0	0	0	0	0	0	0	0	0	0	0
0	0	0	0	0	0	0	0	0	0	0	0	0	0	0	0	0	0	0	0.656495341701125	0.987191301900496	0.738594988440313	0.94318957878023	0	0.929285066731525	0	0	0.756661404008179	0	0	0.569302051774835	0	0.706777028222568	0.729569489433155	0.809469181355338	0	0	0	0	0	0	0	0	0	0	0	0	0	0	0	0	0	0	0	0	0	0	0	0	0	0	0	0	0	0	0	0	0	0	0	0	0	0	0	0	0	0	0	0	0	0	0	0	0	0	0	0	0	0	0
0	0	0	0	0	0	0	0	0	0	0	0	0	0	0	0	0	0	0	0	0	0	0	0	0	0	0	0	0	0	0	0	0	0	0	0	0	0.794862322610142	0.792956473074424	0.733285937761181	0.812364690290187	0.660133636512953	0.751898148547472	0.799972436622686	0	0.679777764341439	0	0.564123482751195	0.755660830411419	0.552567475435474	0.675172758275604	0.873994462670334	0.636888640063253	0.766321039437051	0	0	0	0	0	0	0	0	0	0	0	0	0	0	0	0	0	0	0	0	0	0	0	0	0	0	0	0	0	0	0	0	0	0	0	0
0	0	0	0	0	0	0	0	0	0	0	0	0	0	0	0	0	0	0	0	0	0	0	0	0	0	0	0	0	0	0	0	0	0	0	0	0.78730241915765	0	0.876509851003809	0.703398439006104	0.820601625371762	0.921654831256201	0.849530084304461	0.505029921175985	0.973591978758205	0	0	0	0.952840731210302	0.686885205654436	0.573692056044294	0.500137971063795	0.692251389471797	0	0	0	0	0	0	0	0	0	0	0	0	0	0	0	0	0	0	0	0	0	0	0	0	0	0	0	0	0	0	0	0	0	0	0	0	0
0	0	0	0	0	0	0	0	0	0	0	0	0	0	0	0	0	0	0	0	0	0	0	0	0	0	0	0	0	0	0	0	0	0	0	0	0.517456199597878	0.93716366935483	0	0.510534416534179	0.566688780276199	0.542201872976067	0.980675948873276	0.534158880092598	0.566774526494148	0.593397257681886	0.957640405826396	0.610563509820701	0	0.500504301329969	0.754481225537734	0.705095744105928	0.980548048072767	0.618481901328173	0	0	0	0	0	0	0	0	0	0	0	0	0	0	0	0	0	0	0	0	0	0	0	0	0	0	0	0	0	0	0	0	0	0	0	0
0	0	0	0	0	0	0	0	0	0	0	0	0	0	0	0	0	0	0	0	0	0	0	0	0	0	0	0	0	0	0	0	0	0	0	0	0.97820461008365	0.892385941638361	0.519862294275682	0	0.619622718592289	0.822440690512516	0.700993901634423	0.756100961068196	0.634337053142279	0.952298673405424	0.811757842348068	0	0	0	0.840581749992294	0.814699912587802	0.82272319717803	0.570902320480206	0	0	0	0	0	0	0	0	0	0	0	0	0	0	0	0	0	0	0	0	0	0	0	0	0	0	0	0	0	0	0	0	0	0	0	0
0	0	0	0	0	0	0	0	0	0	0	0	0	0	0	0	0	0	0	0	0	0	0	0	0	0	0	0	0	0	0	0	0	0	0	0	0.897306383483691	0.871591117027062	0.532977275953045	0.972881495894146	0	0.858249018669873	0.932340387967082	0.514797522570571	0.619608231009382	0	0.861460092191381	0.735161882310625	0	0.624288731741614	0	0.977201075719359	0.640499606546136	0.784109984295675	0	0	0	0	0	0	0	0	0	0	0	0	0	0	0	0	0	0	0	0	0	0	0	0	0	0	0	0	0	0	0	0	0	0	0	0
0	0	0	0	0	0	0	0	0	0	0	0	0	0	0	0	0	0	0	0	0	0	0	0	0	0	0	0	0	0	0	0	0	0	0	0	0.577638425690773	0.920953801737047	0.655334248000141	0.760501756561294	0.914378195669015	0	0.51260646373542	0.833039318471812	0.730786951492222	0.993100819629114	0.85559037338595	0.858006401884276	0.903680403471785	0	0	0	0.731110586030986	0.83163386139985	0	0	0	0	0	0	0	0	0	0	0	0	0	0	0	0	0	0	0	0	0	0	0	0	0	0	0	0	0	0	0	0	0	0	0	0
0	0	0	0	0	0	0	0	0	0	0	0	0	0	0	0	0	0	0	0	0	0	0	0	0	0	0	0	0	0	0	0	0	0	0	0	0.511729869033381	0.98764665189026	0.626199812285566	0.994597753212713	0.684598915626155	0.591545547881224	0	0	0.674075258724352	0.823631126580073	0.84890266980369	0	0.612203027812368	0.829773783644205	0	0	0.630768786344451	0.971913539318336	0	0	0	0	0	0	0	0	0	0	0	0	0	0	0	0	0	0	0	0	0	0	0	0	0	0	0	0	0	0	0	0	0	0	0	0
0	0	0	0	0	0	0	0	0	0	0	0	0	0	0	0	0	0	0	0	0	0	0	0	0	0	0	0	0	0	0	0	0	0	0	0	0.681968749680941	0.52904160751393	0.797597879139401	0.753993558226119	0.832142669485631	0.923401648957637	0	0	0.603938351866229	0.964123396712441	0.994846243064615	0.539931844135655	0.732935664622067	0.920015025921031	0.768235144256815	0.963649431781777	0	0	0	0	0	0	0	0	0	0	0	0	0	0	0	0	0	0	0	0	0	0	0	0	0	0	0	0	0	0	0	0	0	0	0	0	0	0
0	0	0	0	0	0	0	0	0	0	0	0	0	0	0	0	0	0	0	0	0	0	0	0	0	0	0	0	0	0	0	0	0	0	0	0	0	0.730185842117281	0.805194271701209	0.756563735177185	0.914936618461436	0.840295353349482	0.504646132748832	0.881436049521355	0	0.649819922247827	0.704213429890025	0.790997692389855	0.673158990676596	0.7113487886804	0.626845105141174	0.564009841500266	0	0	0	0	0	0	0	0	0	0	0	0	0	0	0	0	0	0	0	0	0	0	0	0	0	0	0	0	0	0	0	0	0	0	0	0	0	0
0	0	0	0	0	0	0	0	0	0	0	0	0	0	0	0	0	0	0	0	0	0	0	0	0	0	0	0	0	0	0	0	0	0	0	0	0.735952314182952	0	0.934186185501956	0.766263034417843	0	0.832409653992052	0.968512487010081	0.802975578142409	0.546716773824063	0	0.613526687780213	0.594845537167541	0.712199542919278	0.833081370656513	0	0.816377964848788	0.522709311884049	0	0	0	0	0	0	0	0	0	0	0	0	0	0	0	0	0	0	0	0	0	0	0	0	0	0	0	0	0	0	0	0	0	0	0	0	0
0	0	0	0	0	0	0	0	0	0	0	0	0	0	0	0	0	0	0	0	0	0	0	0	0	0	0	0	0	0	0	0	0	0	0	0	0	0	0.603828469334015	0.877198356789442	0.60917425236018	0.801599596804675	0.780100795314141	0.961310340838621	0.586099832214157	0.989389434418929	0	0.542127871534693	0.765393019024563	0.743757461220584	0.935402028554894	0.841509057672604	0.673992856075596	0.970600694465308	0	0	0	0	0	0	0	0	0	0	0	0	0	0	0	0	0	0	0	0	0	0	0	0	0	0	0	0	0	0	0	0	0	0	0	0
0	0	0	0	0	0	0	0	0	0	0	0	0	0	0	0	0	0	0	0	0	0	0	0	0	0	0	0	0	0	0	0	0	0	0	0	0.538649494903154	0	0.592138567326993	0	0.845679282320079	0.835220075610077	0	0.913829032569342	0.510623057065208	0.568361240745077	0.899413905957344	0	0.673100485319198	0.856459949477176	0.681678618649717	0.743239914537989	0	0.525993994336629	0	0	0	0	0	0	0	0	0	0	0	0	0	0	0	0	0	0	0	0	0	0	0	0	0	0	0	0	0	0	0	0	0	0	0	0
0	0	0	0	0	0	0	0	0	0	0	0	0	0	0	0	0	0	0	0	0	0	0	0	0	0	0	0	0	0	0	0	0	0	0	0	0.980217248919879	0.610773213962183	0	0	0	0.700178124772753	0.756027063156291	0.981828668753876	0.652832624691265	0.796838474205627	0.773077749221993	0.943955834314888	0	0.503847859837896	0.73564306100323	0.825837541146514	0.757398673675064	0.537310354258348	0	0	0	0	0	0	0	0	0	0	0	0	0	0	0	0	0	0	0	0	0	0	0	0	0	0	0	0	0	0	0	0	0	0	0	0
0	0	0	0	0	0	0	0	0	0	0	0	0	0	0	0	0	0	0	0	0	0	0	0	0	0	0	0	0	0	0	0	0	0	0	0	0.771079145241895	0.517459169795404	0.685673305196103	0	0.87607966924541	0	0.615928973396215	0.773610755741238	0.518263251798087	0.707276373789435	0.78578976850514	0.637457022279073	0.934142119225565	0	0.975547672398315	0.541643454791219	0.769646428979865	0.982558766238693	0	0	0	0	0	0	0	0	0	0	0	0	0	0	0	0	0	0	0	0	0	0	0	0	0	0	0	0	0	0	0	0	0	0	0	0
0	0	0	0	0	0	0	0	0	0	0	0	0	0	0	0	0	0	0	0	0	0	0	0	0	0	0	0	0	0	0	0	0	0	0	0	0.959411788938282	0.695764341493304	0.721705785722422	0.552047457749999	0	0	0	0.763527315705015	0.640651195527911	0	0.733125406168872	0.957429560032411	0.780356305924561	0.878515050997266	0	0.87710543453261	0.56135304314402	0.828812827861148	0	0	0	0	0	0	0	0	0	0	0	0	0	0	0	0	0	0	0	0	0	0	0	0	0	0	0	0	0	0	0	0	0	0	0	0
0	0	0	0	0	0	0	0	0	0	0	0	0	0	0	0	0	0	0	0	0	0	0	0	0	0	0	0	0	0	0	0	0	0	0	0	0.593935583413296	0.898751343079747	0.510605395962504	0.511374802015027	0.797748289569454	0	0	0.976490826040143	0.598891590030511	0.933405826589976	0.786441704593927	0.709388716209293	0.511729658759988	0.835866547475289	0.787272253450422	0	0.831896400063856	0.698254553262067	0	0	0	0	0	0	0	0	0	0	0	0	0	0	0	0	0	0	0	0	0	0	0	0	0	0	0	0	0	0	0	0	0	0	0	0
0	0	0	0	0	0	0	0	0	0	0	0	0	0	0	0	0	0	0	0	0	0	0	0	0	0	0	0	0	0	0	0	0	0	0	0	0.830959164839725	0.533224122431452	0.77970836247648	0.558651792548865	0.890298088683832	0.859861035644978	0.884622292813083	0	0	0.665355955448105	0.986958169922485	0	0.850910521240925	0.823173640215793	0.620487182568374	0.69390613165311	0	0.689942937346597	0	0	0	0	0	0	0	0	0	0	0	0	0	0	0	0	0	0	0	0	0	0	0	0	0	0	0	0	0	0	0	0	0	0	0	0
0	0	0	0	0	0	0	0	0	0	0	0	0	0	0	0	0	0	0	0	0	0	0	0	0	0	0	0	0	0	0	0	0	0	0	0	0.707676731699331	0	0.603794581300369	0.511386149488808	0.510130129281454	0.829081994307283	0.941129644195739	0	0	0	0.944731706465628	0.632069398269341	0.650815559917574	0.808878748300294	0.933929595587177	0.951229862317406	0.876829739184989	0	0	0	0	0	0	0	0	0	0	0	0	0	0	0	0	0	0	0	0	0	0	0	0	0	0	0	0	0	0	0	0	0	0	0	0	0
0	0	0	0	0	0	0	0	0	0	0	0	0	0	0	0	0	0	0	0	0	0	0	0	0	0	0	0	0	0	0	0	0	0	0	0	0	0	0	0	0	0	0	0	0	0	0	0	0	0	0	0	0	0	0	0.50640693180957	0.816724957653719	0.885094017980443	0.767143870697542	0.550315314108329	0	0.847466824918322	0.695858021762351	0.588420177902542	0.850591927654045	0	0	0.96972168686356	0.600771184236041	0.515023273629965	0.80439897340889	0.647128556957768	0	0	0	0	0	0	0	0	0	0	0	0	0	0	0	0	0	0
0	0	0	0	0	0	0	0	0	0	0	0	0	0	0	0	0	0	0	0	0	0	0	0	0	0	0	0	0	0	0	0	0	0	0	0	0	0	0	0	0	0	0	0	0	0	0	0	0	0	0	0	0	0	0.840087814530903	0	0.548132642235941	0.724406611272634	0.671383552283219	0.838116244100529	0.664220593184873	0	0	0	0	0	0.76105084367664	0	0.693527730517754	0.647098424610229	0.962253019935934	0.568272495163486	0	0	0	0	0	0	0	0	0	0	0	0	0	0	0	0	0	0
0	0	0	0	0	0	0	0	0	0	0	0	0	0	0	0	0	0	0	0	0	0	0	0	0	0	0	0	0	0	0	0	0	0	0	0	0	0	0	0	0	0	0	0	0	0	0	0	0	0	0	0	0	0	0.930206945617151	0.602584242903434	0	0	0.768356923301603	0.616270300954736	0.854912484751808	0.668825403589062	0	0	0.708178833676853	0	0	0.896332086955452	0	0	0	0.73090741748789	0	0	0	0	0	0	0	0	0	0	0	0	0	0	0	0	0	0
0	0	0	0	0	0	0	0	0	0	0	0	0	0	0	0	0	0	0	0	0	0	0	0	0	0	0	0	0	0	0	0	0	0	0	0	0	0	0	0	0	0	0	0	0	0	0	0	0	0	0	0	0	0	0.570754406091753	0.539061716048721	0	0	0.748011895411947	0	0.977731323831675	0.792112421758625	0.925306303532216	0	0.71846792930408	0	0	0	0	0	0	0	0	0	0	0	0	0	0	0	0	0	0	0	0	0	0	0	0	0
0	0	0	0	0	0	0	0	0	0	0	0	0	0	0	0	0	0	0	0	0	0	0	0	0	0	0	0	0	0	0	0	0	0	0	0	0	0	0	0	0	0	0	0	0	0	0	0	0	0	0	0	0	0	0.675292665483153	0.700739676729129	0.787521383381874	0.76264698455315	0	0.952231008622672	0.758418648601003	0.933765295196921	0.726893418495884	0	0	0	0.993857401874612	0	0	0	0	0.928851421422615	0	0	0	0	0	0	0	0	0	0	0	0	0	0	0	0	0	0
0	0	0	0	0	0	0	0	0	0	0	0	0	0	0	0	0	0	0	0	0	0	0	0	0	0	0	0	0	0	0	0	0	0	0	0	0	0	0	0	0	0	0	0	0	0	0	0	0	0	0	0	0	0	0.912937280818259	0.581183239699848	0.847926140784392	0	0.683065639291984	0	0.922655532607266	0.59782202597394	0	0.524134814650747	0.706841298697963	0.902601139208508	0.780379395631888	0	0	0	0	0	0	0	0	0	0	0	0	0	0	0	0	0	0	0	0	0	0	0
0	0	0	0	0	0	0	0	0	0	0	0	0	0	0	0	0	0	0	0	0	0	0	0	0	0	0	0	0	0	0	0	0	0	0	0	0	0	0	0	0	0	0	0	0	0	0	0	0	0	0	0	0	0	0	0.999329199959319	0.893663957353331	0.679061813470495	0.627081135140718	0.945373728971089	0	0.742585092239279	0	0.88193745324022	0.558790564154882	0.799728498410251	0	0.616639007307517	0.51894657506555	0	0	0	0	0	0	0	0	0	0	0	0	0	0	0	0	0	0	0	0	0
0	0	0	0	0	0	0	0	0	0	0	0	0	0	0	0	0	0	0	0	0	0	0	0	0	0	0	0	0	0	0	0	0	0	0	0	0	0	0	0	0	0	0	0	0	0	0	0	0	0	0	0	0	0	0.604840637145995	0	0.944403610361338	0.747411277227963	0.851595250472047	0.995184123384384	0.684093367756033	0	0.976236443207984	0	0.773956980958794	0.749292205065399	0.814972554446628	0.844349825667375	0	0.954301367619533	0.583354964560465	0	0	0	0	0	0	0	0	0	0	0	0	0	0	0	0	0	0	0
0	0	0	0	0	0	0	0	0	0	0	0	0	0	0	0	0	0	0	0	0	0	0	0	0	0	0	0	0	0	0	0	0	0	0	0	0	0	0	0	0	0	0	0	0	0	0	0	0	0	0	0	0	0	0.870723694397748	0	0	0.61560053267757	0.752392246033203	0	0	0.647763781679674	0	0.571370110353665	0.758002260362464	0.531122317810703	0.583168438327683	0	0	0	0	0	0	0	0	0	0	0	0	0	0	0	0	0	0	0	0	0	0	0
0	0	0	0	0	0	0	0	0	0	0	0	0	0	0	0	0	0	0	0	0	0	0	0	0	0	0	0	0	0	0	0	0	0	0	0	0	0	0	0	0	0	0	0	0	0	0	0	0	0	0	0	0	0	0.71641096464491	0	0	0	0	0.819866506931569	0.603028992026113	0	0.571322336893306	0	0	0.801769636119956	0.600271125170995	0.849173289267808	0.808704955627271	0.568659159132735	0.54254045236077	0	0	0	0	0	0	0	0	0	0	0	0	0	0	0	0	0	0	0
0	0	0	0	0	0	0	0	0	0	0	0	0	0	0	0	0	0	0	0	0	0	0	0	0	0	0	0	0	0	0	0	0	0	0	0	0	0	0	0	0	0	0	0	0	0	0	0	0	0	0	0	0	0	0.580133204057661	0	0.753066473216538	0.715883328986385	0	0.719162286232508	0.669169844863544	0.986699453446866	0.513299696580332	0	0	0.834778580450738	0.627802649200502	0.505789671730199	0	0	0	0	0	0	0	0	0	0	0	0	0	0	0	0	0	0	0	0	0	0
0	0	0	0	0	0	0	0	0	0	0	0	0	0	0	0	0	0	0	0	0	0	0	0	0	0	0	0	0	0	0	0	0	0	0	0	0	0	0	0	0	0	0	0	0	0	0	0	0	0	0	0	0	0	0	0	0	0	0	0.577373414658123	0.769521212967909	0.512116205955558	0.833141370500701	0.584520288908796	0.964279515417193	0	0	0.97157350833532	0.993193405375852	0.905522528206703	0.666826937440971	0.794549788154868	0	0	0	0	0	0	0	0	0	0	0	0	0	0	0	0	0	0
0	0	0	0	0	0	0	0	0	0	0	0	0	0	0	0	0	0	0	0	0	0	0	0	0	0	0	0	0	0	0	0	0	0	0	0	0	0	0	0	0	0	0	0	0	0	0	0	0	0	0	0	0	0	0	0.722982884924798	0	0	0.512685579905644	0.840528720888718	0	0.838662740522578	0.919027271242569	0.843175855279495	0.739934736882669	0	0	0	0.762761897210553	0.944290884552739	0.773204635350674	0	0	0	0	0	0	0	0	0	0	0	0	0	0	0	0	0	0	0
0	0	0	0	0	0	0	0	0	0	0	0	0	0	0	0	0	0	0	0	0	0	0	0	0	0	0	0	0	0	0	0	0	0	0	0	0	0	0	0	0	0	0	0	0	0	0	0	0	0	0	0	0	0	0.536498190339154	0	0.889336158068448	0	0	0	0.693598458416627	0.700427184149704	0	0.883822595003126	0.719568299697486	0.517112502326368	0	0	0	0	0.746637486869718	0.899109409741236	0	0	0	0	0	0	0	0	0	0	0	0	0	0	0	0	0	0
0	0	0	0	0	0	0	0	0	0	0	0	0	0	0	0	0	0	0	0	0	0	0	0	0	0	0	0	0	0	0	0	0	0	0	0	0	0	0	0	0	0	0	0	0	0	0	0	0	0	0	0	0	0	0.859428523690001	0.837113815756797	0	0	0	0	0.795234521829897	0	0	0.933673502701024	0	0.883982016116849	0.623312917383565	0	0	0.836589505254203	0.726795640099372	0.731312928384891	0	0	0	0	0	0	0	0	0	0	0	0	0	0	0	0	0	0
0	0	0	0	0	0	0	0	0	0	0	0	0	0	0	0	0	0	0	0	0	0	0	0	0	0	0	0	0	0	0	0	0	0	0	0	0	0	0	0	0	0	0	0	0	0	0	0	0	0	0	0	0	0	0.748256685694835	0.575730750907748	0	0	0	0	0	0.813882921725486	0	0.735267354170857	0	0.816591641009144	0.784528017509882	0	0.740111706426851	0	0.776817245700332	0.52077688574124	0	0	0	0	0	0	0	0	0	0	0	0	0	0	0	0	0	0
0	0	0	0	0	0	0	0	0	0	0	0	0	0	0	0	0	0	0	0	0	0	0	0	0	0	0	0	0	0	0	0	0	0	0	0	0	0	0	0	0	0	0	0	0	0	0	0	0	0	0	0	0	0	0.605661708456113	0.926987155124328	0	0	0	0	0	0.83339753513195	0	0.544040585020097	0	0.645769687927218	0.592426095956172	0.5253338277492	0.74403282040248	0.854138555624437	0	0.64598963496801	0	0	0	0	0	0	0	0	0	0	0	0	0	0	0	0	0	0
0	0	0	0	0	0	0	0	0	0	0	0	0	0	0	0	0	0	0	0	0	0	0	0	0	0	0	0	0	0	0	0	0	0	0	0	0	0	0	0	0	0	0	0	0	0	0	0	0	0	0	0	0	0	0.964765127015064	0.583545502999094	0.573455575229736	0	0.655156324378995	0	0	0	0	0	0	0.823157267403224	0	0.674937810962044	0.816451598157884	0.514871594621416	0.52419936292291	0	0	0	0	0	0	0	0	0	0	0	0	0	0	0	0	0	0	0
0	0	0	0	0	0	0	0	0	0	0	0	0	0	0	0	0	0	0	0	0	0	0	0	0	0	0	0	0	0	0	0	0	0	0	0	0	0	0	0	0	0	0	0	0	0	0	0	0	0	0	0	0	0	0	0	0	0	0	0	0	0	0	0	0	0	0	0	0	0	0	0	0	0	0.984240932670432	0.658217073250422	0	0.768624300292503	0	0	0	0	0	0	0.641831861555265	0	0	0.589684029547568	0	0.689117066705096
0	0	0	0	0	0	0	0	0	0	0	0	0	0	0	0	0	0	0	0	0	0	0	0	0	0	0	0	0	0	0	0	0	0	0	0	0	0	0	0	0	0	0	0	0	0	0	0	0	0	0	0	0	0	0	0	0	0	0	0	0	0	0	0	0	0	0	0	0	0	0	0	0	0	0	0.909055142012809	0.509724324318873	0	0	0.55281071338608	0	0	0.77688670479892	0	0	0	0	0	0.571663888096436	0
0	0	0	0	0	0	0	0	0	0	0	0	0	0	0	0	0	0	0	0	0	0	0	0	0	0	0	0	0	0	0	0	0	0	0	0	0	0	0	0	0	0	0	0	0	0	0	0	0	0	0	0	0	0	0	0	0	0	0	0	0	0	0	0	0	0	0	0	0	0	0	0	0.836495813539054	0	0	0	0.902180862979974	0.892086327306774	0.758696435700448	0	0.551242045232573	0	0	0	0	0.951210362673729	0	0	0	0.949163878301199
0	0	0	0	0	0	0	0	0	0	0	0	0	0	0	0	0	0	0	0	0	0	0	0	0	0	0	0	0	0	0	0	0	0	0	0	0	0	0	0	0	0	0	0	0	0	0	0	0	0	0	0	0	0	0	0	0	0	0	0	0	0	0	0	0	0	0	0	0	0	0	0	0.817534354274276	0.636047768469379	0	0	0	0	0	0.98904164067122	0	0	0	0.923854536009381	0	0	0	0	0.762337352088175	0
0	0	0	0	0	0	0	0	0	0	0	0	0	0	0	0	0	0	0	0	0	0	0	0	0	0	0	0	0	0	0	0	0	0	0	0	0	0	0	0	0	0	0	0	0	0	0	0	0	0	0	0	0	0	0	0	0	0	0	0	0	0	0	0	0	0	0	0	0	0	0	0	0	0.848980296043851	0.532101757931557	0	0	0.576642377396138	0.844837495736929	0.642298334404159	0	0	0	0	0.532270108137044	0	0	0	0.735821630896542	0
0	0	0	0	0	0	0	0	0	0	0	0	0	0	0	0	0	0	0	0	0	0	0	0	0	0	0	0	0	0	0	0	0	0	0	0	0	0	0	0	0	0	0	0	0	0	0	0	0	0	0	0	0	0	0	0	0	0	0	0	0	0	0	0	0	0	0	0	0	0	0	0	0.738150538866569	0	0.934564549154825	0	0.57369460810416	0	0.998768522946574	0.716132267177801	0	0	0	0	0	0	0	0.696881513665385	0	0
0	0	0	0	0	0	0	0	0	0	0	0	0	0	0	0	0	0	0	0	0	0	0	0	0	0	0	0	0	0	0	0	0	0	0	0	0	0	0	0	0	0	0	0	0	0	0	0	0	0	0	0	0	0	0	0	0	0	0	0	0	0	0	0	0	0	0	0	0	0	0	0	0	0	0.611470459464585	0	0.709880105266784	0.566362977062067	0	0.681793346744034	0.502569264648961	0	0	0	0	0	0	0	0.627768611128403	0.756973452449598
0	0	0	0	0	0	0	0	0	0	0	0	0	0	0	0	0	0	0	0	0	0	0	0	0	0	0	0	0	0	0	0	0	0	0	0	0	0	0	0	0	0	0	0	0	0	0	0	0	0	0	0	0	0	0	0	0	0	0	0	0	0	0	0	0	0	0	0	0	0	0	0	0	0.58449034027297	0	0.656785676975059	0.818273173287429	0.627927190064253	0.619839404805579	0	0	0.990575385924323	0.57867314793954	0	0	0	0	0	0	0
0	0	0	0	0	0	0	0	0	0	0	0	0	0	0	0	0	0	0	0	0	0	0	0	0	0	0	0	0	0	0	0	0	0	0	0	0	0	0	0	0	0	0	0	0	0	0	0	0	0	0	0	0	0	0	0	0	0	0	0	0	0	0	0	0	0	0	0	0	0	0	0	0	0	0.889073247336186	0	0	0	0.661788753862277	0	0	0.740644653386067	0	0.560525086942662	0	0	0	0	0	0.868880685998493
0	0	0	0	0	0	0	0	0	0	0	0	0	0	0	0	0	0	0	0	0	0	0	0	0	0	0	0	0	0	0	0	0	0	0	0	0	0	0	0	0	0	0	0	0	0	0	0	0	0	0	0	0	0	0	0	0	0	0	0	0	0	0	0	0	0	0	0	0	0	0	0	0	0	0	0	0	0	0	0.525094146833396	0.839968508673864	0	0	0	0.506538905282563	0.915643889907713	0.516887661078181	0	0	0.618707139184611
0	0	0	0	0	0	0	0	0	0	0	0	0	0	0	0	0	0	0	0	0	0	0	0	0	0	0	0	0	0	0	0	0	0	0	0	0	0	0	0	0	0	0	0	0	0	0	0	0	0	0	0	0	0	0	0	0	0	0	0	0	0	0	0	0	0	0	0	0	0	0	0	0	0.923969301043863	0	0	0	0	0	0.686437665613747	0	0	0	0.808743085559133	0.674298391265239	0.93689052585754	0	0	0	0
0	0	0	0	0	0	0	0	0	0	0	0	0	0	0	0	0	0	0	0	0	0	0	0	0	0	0	0	0	0	0	0	0	0	0	0	0	0	0	0	0	0	0	0	0	0	0	0	0	0	0	0	0	0	0	0	0	0	0	0	0	0	0	0	0	0	0	0	0	0	0	0	0	0	0	0.830830678865218	0	0	0	0	0.729921179430963	0	0.83735923023687	0	0.753626707667708	0.75514219885983	0.80009671687542	0	0	0
0	0	0	0	0	0	0	0	0	0	0	0	0	0	0	0	0	0	0	0	0	0	0	0	0	0	0	0	0	0	0	0	0	0	0	0	0	0	0	0	0	0	0	0	0	0	0	0	0	0	0	0	0	0	0	0	0	0	0	0	0	0	0	0	0	0	0	0	0	0	0	0	0.57166636366854	0	0	0	0.811001312380538	0	0	0	0	0.697265594722909	0.588408423701508	0.677013142449821	0	0	0	0.986209419594587	0.529649350427021	0
0	0	0	0	0	0	0	0	0	0	0	0	0	0	0	0	0	0	0	0	0	0	0	0	0	0	0	0	0	0	0	0	0	0	0	0	0	0	0	0	0	0	0	0	0	0	0	0	0	0	0	0	0	0	0	0	0	0	0	0	0	0	0	0	0	0	0	0	0	0	0	0	0	0	0.92287061305264	0	0	0	0	0	0	0.686512649925724	0.920589468134516	0.805370712397048	0	0	0	0.742700939028273	0	0
0	0	0	0	0	0	0	0	0	0	0	0	0	0	0	0	0	0	0	0	0	0	0	0	0	0	0	0	0	0	0	0	0	0	0	0	0	0	0	0	0	0	0	0	0	0	0	0	0	0	0	0	0	0	0	0	0	0	0	0	0	0	0	0	0	0	0	0	0	0	0	0	0	0	0	0	0	0	0	0	0	0.916040281995994	0	0.784169339225659	0	0	0	0.974124519052179	0.634794431055277	0.567276828852643
0	0	0	0	0	0	0	0	0	0	0	0	0	0	0	0	0	0	0	0	0	0	0	0	0	0	0	0	0	0	0	0	0	0	0	0	0	0	0	0	0	0	0	0	0	0	0	0	0	0	0	0	0	0	0	0	0	0	0	0	0	0	0	0	0	0	0	0	0	0	0	0	0.651112508400476	0	0	0	0	0.751677259437952	0	0	0	0	0	0	0.598653294359698	0.564877287336365	0.651813630874852	0	0	0.561892721931557
0	0	0	0	0	0	0	0	0	0	0	0	0	0	0	0	0	0	0	0	0	0	0	0	0	0	0	0	0	0	0	0	0	0	0	0	0	0	0	0	0	0	0	0	0	0	0	0	0	0	0	0	0	0	0	0	0	0	0	0	0	0	0	0	0	0	0	0	0	0	0	0	0	0.552737472873318	0	0.995160067815221	0.850887386888073	0	0.736772381063523	0	0	0	0	0	0.518325784783712	0	0.598365572246291	0	0	0
0	0	0	0	0	0	0	0	0	0	0	0	0	0	0	0	0	0	0	0	0	0	0	0	0	0	0	0	0	0	0	0	0	0	0	0	0	0	0	0	0	0	0	0	0	0	0	0	0	0	0	0	0	0	0	0	0	0	0	0	0	0	0	0	0	0	0	0	0	0	0	0	0.901624907844055	0	0.521474872233647	0	0	0	0.543365793553445	0	0.548273825366794	0.626613540849557	0	0	0	0	0.596814785131684	0.783323485326166	0	0
