0	0	0.821079541744426	0	0	0	0.838841961706822	0	0.721880378349978	0	0.679777924604876	0	0	0	0	0	0	0	0	0	0	0.790255641644434	0	0	0.817450636917076	0	0.711217489346578	0	0	0.859710271887206	0	0	0	0	0	0	0	0	0	0	0	0	0	0	0	0	0	0	0	0	0	0	0	0	0	0	0	0	0	0	0	0	0	0	0	0	0	0	0	0	0	0	0	0	0	0	0	0	0	0	0	0	0	0	0	0	0	0	0	0
0	0	0.874795570405862	0.502529794116416	0	0.816226082847237	0	0	0.606396959690223	0	0	0	0	0	0	0.70468608197729	0	0	0	0	0	0	0	0	0	0	0.757386214884939	0.987062281673116	0.924885678408329	0.53891813753251	0	0	0	0	0	0	0	0	0	0	0	0	0	0	0	0	0	0	0	0	0	0	0	0	0	0	0	0	0	0	0	0	0	0	0	0	0	0	0	0	0	0	0	0	0	0	0	0	0	0	0	0	0	0	0	0	0	0	0	0
0.970214308076139	0.950762264551688	0	0.878950525502986	0	0	0	0	0	0	0	0	0	0	0	0	0	0	0	0	0	0.693005526718514	0	0	0.515802849118061	0	0.925352988083877	0	0	0	0	0	0	0	0	0	0	0	0	0	0	0	0	0	0	0	0	0	0	0	0	0	0	0	0	0	0	0	0	0	0	0	0	0	0	0	0	0	0	0	0	0	0	0	0	0	0	0	0	0	0	0	0	0	0	0	0	0	0	0
0	0.970750423003912	0.580230397604988	0	0.994437096977106	0	0.669177112915	0	0	0	0	0	0	0.554470605456022	0	0	0.964468708764751	0	0	0.531762697685074	0.843317827820871	0	0	0.611356788474864	0	0	0	0.964086834822364	0.686318318434118	0	0	0	0	0	0	0	0	0	0	0	0	0	0	0	0	0	0	0	0	0	0	0	0	0	0	0	0	0	0	0	0	0	0	0	0	0	0	0	0	0	0	0	0	0	0	0	0	0	0	0	0	0	0	0	0	0	0	0	0	0
0	0	0	0.913521232633061	0	0.688919805443556	0	0	0	0	0	0	0.967928285921488	0.630067752318533	0	0	0.906680308868815	0	0	0	0	0	0.960395789628581	0	0	0.933824053790246	0	0	0	0	0	0	0	0	0	0	0	0	0	0	0	0	0	0	0	0	0	0	0	0	0	0	0	0	0	0	0	0	0	0	0	0	0	0	0	0	0	0	0	0	0	0	0	0	0	0	0	0	0	0	0	0	0	0	0	0	0	0	0	0
0	0.792195114068803	0	0	0.699835244129233	0	0	0.852432786717764	0	0.821637532482445	0	0	0	0	0	0	0	0.786884661564517	0.54239120285676	0	0	0	0.861847894735557	0	0	0	0	0.951354692026572	0.626960447159334	0.516932710118392	0	0	0	0	0	0	0	0	0	0	0	0	0	0	0	0	0	0	0	0	0	0	0	0	0	0	0	0	0	0	0	0	0	0	0	0	0	0	0	0	0	0	0	0	0	0	0	0	0	0	0	0	0	0	0	0	0	0	0	0
0.578641230401611	0	0	0.851819670193031	0	0	0	0.842300613015486	0.881203802352333	0	0	0	0	0	0	0	0	0	0	0	0	0	0.531460164597546	0	0.994203111737445	0	0.588700790496032	0	0	0	0	0	0	0	0	0	0	0	0	0	0	0	0	0	0	0	0	0	0	0	0	0	0	0	0	0	0	0	0	0	0	0	0	0	0	0	0	0	0	0	0	0	0	0	0	0	0	0	0	0	0	0	0	0	0	0	0	0	0	0
0	0	0	0	0	0.781986894123471	0.92125401607148	0	0	0	0.926095521060475	0	0	0	0	0	0	0	0	0	0	0	0	0	0.950189831492088	0	0.891876017427398	0	0	0	0	0	0	0	0	0	0	0	0	0	0	0	0	0	0	0	0	0	0	0	0	0	0	0	0	0	0	0	0	0	0	0	0	0	0	0	0	0	0	0	0	0	0	0	0	0	0	0	0	0	0	0	0	0	0	0	0	0	0	0
0.514791904827986	0.677130169240668	0	0	0	0	0.517047080123005	0	0	0.910109672910814	0	0.552030885885337	0.990645021576438	0	0.787785818956578	0	0.971451251082812	0	0	0	0	0	0	0	0	0	0.540718335356378	0	0	0	0	0	0	0	0	0	0	0	0	0	0	0	0	0	0	0	0	0	0	0	0	0	0	0	0	0	0	0	0	0	0	0	0	0	0	0	0	0	0	0	0	0	0	0	0	0	0	0	0	0	0	0	0	0	0	0	0	0	0	0
0	0	0	0	0	0.959550563101024	0	0	0.518653609436898	0	0.923314130129945	0	0.730434865845632	0	0	0.989070363417552	0	0	0.660024909442476	0	0	0.519291603505979	0	0.802688202810106	0	0.793142292598112	0	0	0	0	0	0	0	0	0	0	0	0	0	0	0	0	0	0	0	0	0	0	0	0	0	0	0	0	0	0	0	0	0	0	0	0	0	0	0	0	0	0	0	0	0	0	0	0	0	0	0	0	0	0	0	0	0	0	0	0	0	0	0	0
0.65636775793903	0	0	0	0	0	0	0.72696103351836	0	0.874686401054569	0	0	0.854545925019486	0	0	0	0	0	0	0	0.925682858415131	0	0	0	0	0	0	0	0	0.772868546245788	0	0	0	0	0	0	0	0	0	0	0	0	0	0	0	0	0	0	0	0	0	0	0	0	0	0	0	0	0	0	0	0	0	0	0	0	0	0	0	0	0	0	0	0	0	0	0	0	0	0	0	0	0	0	0	0	0	0	0	0
0	0	0	0	0	0	0	0	0.940517364940193	0	0	0	0	0.778895942166872	0.895866302720127	0	0	0.779842728558261	0	0	0	0	0.542905349675125	0.983396995239417	0	0	0	0	0	0	0	0	0	0	0	0	0	0	0	0	0	0	0	0	0	0	0	0	0	0	0	0	0	0	0	0	0	0	0	0	0	0	0	0	0	0	0	0	0	0	0	0	0	0	0	0	0	0	0	0	0	0	0	0	0	0	0	0	0	0
0	0	0	0	0.720567909798752	0	0	0	0.995382705270084	0.809998542292462	0.833355502913699	0	0	0	0	0.522338326129151	0	0	0	0	0	0.884004539783242	0.704594835341952	0	0	0	0	0	0	0	0	0	0	0	0	0	0	0	0	0	0	0	0	0	0	0	0	0	0	0	0	0	0	0	0	0	0	0	0	0	0	0	0	0	0	0	0	0	0	0	0	0	0	0	0	0	0	0	0	0	0	0	0	0	0	0	0	0	0	0
0	0	0	0.774422567318034	0.898737471772089	0	0	0	0	0	0	0.993719393848835	0	0	0.513133551324472	0.702924352882401	0.786569199036518	0	0	0	0	0	0	0	0	0	0.631771231751373	0	0	0	0	0	0	0	0	0	0	0	0	0	0	0	0	0	0	0	0	0	0	0	0	0	0	0	0	0	0	0	0	0	0	0	0	0	0	0	0	0	0	0	0	0	0	0	0	0	0	0	0	0	0	0	0	0	0	0	0	0	0	0
0	0	0	0	0	0	0	0	0.506223105932567	0	0	0.607788479851847	0	0.898850153466925	0	0.730740568039322	0.632469420309824	0.585156554705829	0.657534783311594	0	0	0	0	0.717617881784856	0	0	0	0	0	0	0	0	0	0	0	0	0	0	0	0	0	0	0	0	0	0	0	0	0	0	0	0	0	0	0	0	0	0	0	0	0	0	0	0	0	0	0	0	0	0	0	0	0	0	0	0	0	0	0	0	0	0	0	0	0	0	0	0	0	0
0	0.515685735773289	0	0	0	0	0	0	0	0.592563056631481	0	0	0.528674129840766	0.881127804529785	0.589960277561405	0	0.646816785313051	0	0	0	0	0	0	0	0	0.755211395929027	0	0.637286524819447	0	0	0	0	0	0	0	0	0	0	0	0	0	0	0	0	0	0	0	0	0	0	0	0	0	0	0	0	0	0	0	0	0	0	0	0	0	0	0	0	0	0	0	0	0	0	0	0	0	0	0	0	0	0	0	0	0	0	0	0	0	0
0	0	0	0.521288386413622	0.906117289767617	0	0	0	0.56077804516554	0	0	0	0	0.841659117695749	0.737080499915915	0.760888307806388	0	0.832884477611252	0.618222506963296	0	0	0	0.685749689687432	0.758511823886343	0.515627054079803	0	0	0	0.613179727058009	0	0	0	0	0	0	0	0	0	0	0	0	0	0	0	0	0	0	0	0	0	0	0	0	0	0	0	0	0	0	0	0	0	0	0	0	0	0	0	0	0	0	0	0	0	0	0	0	0	0	0	0	0	0	0	0	0	0	0	0	0
0	0	0	0	0	0.559693297355244	0	0	0	0	0	0.627672175772187	0	0	0.678131618428443	0	0.550645723163934	0	0	0	0	0.673631779096224	0.801448886453677	0	0.67950082683118	0	0	0	0	0.743014776221969	0	0	0	0	0	0	0	0	0	0	0	0	0	0	0	0	0	0	0	0	0	0	0	0	0	0	0	0	0	0	0	0	0	0	0	0	0	0	0	0	0	0	0	0	0	0	0	0	0	0	0	0	0	0	0	0	0	0	0	0
0	0	0	0	0	0.655686309280181	0	0	0	0.728706948139371	0	0	0	0	0.718328708167363	0	0.774924062714267	0	0	0.852338076605229	0	0	0.530407326785959	0	0.724226386166676	0	0	0	0	0	0	0	0	0	0	0	0	0	0	0	0	0	0	0	0	0	0	0	0	0	0	0	0	0	0	0	0	0	0	0	0	0	0	0	0	0	0	0	0	0	0	0	0	0	0	0	0	0	0	0	0	0	0	0	0	0	0	0	0	0
0	0	0	0.601518779173231	0	0	0	0	0	0	0	0	0	0	0	0	0	0	0.869258716700307	0	0.791034053810409	0	0	0.556428400164448	0.945740162396971	0	0	0	0	0	0	0	0	0	0	0	0	0	0	0	0	0	0	0	0	0	0	0	0	0	0	0	0	0	0	0	0	0	0	0	0	0	0	0	0	0	0	0	0	0	0	0	0	0	0	0	0	0	0	0	0	0	0	0	0	0	0	0	0	0
0	0	0	0.697923776991302	0	0	0	0	0	0	0.730777357403527	0	0	0	0	0	0	0	0	0.981698607340445	0	0.693241983891047	0	0.563586104629613	0	0	0	0	0.599108335077837	0.716754689553507	0	0	0	0	0	0	0	0	0	0	0	0	0	0	0	0	0	0	0	0	0	0	0	0	0	0	0	0	0	0	0	0	0	0	0	0	0	0	0	0	0	0	0	0	0	0	0	0	0	0	0	0	0	0	0	0	0	0	0	0
0.83710835660102	0	0.878938652824743	0	0	0	0	0	0	0.524632495494378	0	0	0.98662263994692	0	0	0	0	0.537222167401829	0	0	0.92034973780311	0	0	0	0.553368440657311	0	0	0	0.650960220877647	0	0	0	0	0	0	0	0	0	0	0	0	0	0	0	0	0	0	0	0	0	0	0	0	0	0	0	0	0	0	0	0	0	0	0	0	0	0	0	0	0	0	0	0	0	0	0	0	0	0	0	0	0	0	0	0	0	0	0	0	0
0	0	0	0	0.540389691225848	0.930017817953026	0.92826046418883	0	0	0	0	0.579619490431593	0.957954275191493	0	0	0	0.951291926284416	0.574210529702556	0.595031200447192	0	0	0	0	0	0	0	0	0	0	0	0	0	0	0	0	0	0	0	0	0	0	0	0	0	0	0	0	0	0	0	0	0	0	0	0	0	0	0	0	0	0	0	0	0	0	0	0	0	0	0	0	0	0	0	0	0	0	0	0	0	0	0	0	0	0	0	0	0	0	0
0	0	0	0.808917306051748	0	0	0	0	0	0.611673393555748	0	0.626948843093755	0	0	0.595222418721856	0	0.675262557616638	0	0	0.750929541761932	0.739594764713124	0	0	0	0.737285444672475	0	0	0	0	0	0	0	0	0	0	0	0	0	0	0	0	0	0	0	0	0	0	0	0	0	0	0	0	0	0	0	0	0	0	0	0	0	0	0	0	0	0	0	0	0	0	0	0	0	0	0	0	0	0	0	0	0	0	0	0	0	0	0	0	0
0.783413792932648	0	0.640708135813662	0	0	0	0.687619222824974	0.871098168156632	0	0	0	0	0	0	0	0	0.58377170220049	0.603326884560444	0.760878115647725	0.855626572498885	0	0.690442865072416	0	0.690755335812184	0	0.824025810173925	0.76782262191131	0	0.997044861231718	0	0	0	0	0	0	0	0	0	0	0	0	0	0	0	0	0	0	0	0	0	0	0	0	0	0	0	0	0	0	0	0	0	0	0	0	0	0	0	0	0	0	0	0	0	0	0	0	0	0	0	0	0	0	0	0	0	0	0	0	0
0	0	0	0	0.905901605081511	0	0	0	0	0.779514511584518	0	0	0	0	0	0.928236203741974	0	0	0	0	0	0	0	0	0.709927054724278	0	0	0.620015239309273	0	0.919490918192639	0	0	0	0	0	0	0	0	0	0	0	0	0	0	0	0	0	0	0	0	0	0	0	0	0	0	0	0	0	0	0	0	0	0	0	0	0	0	0	0	0	0	0	0	0	0	0	0	0	0	0	0	0	0	0	0	0	0	0	0
0.818122615732039	0.543245865187354	0.795476039801143	0	0	0	0.800308456391946	0.562437693630312	0.56974673727367	0	0	0	0	0.598028812981686	0	0	0	0	0	0	0	0	0	0	0.892810555789869	0	0	0	0	0.727300878251001	0	0	0	0	0	0	0	0	0	0	0	0	0	0	0	0	0	0	0	0	0	0	0	0	0	0	0	0	0	0	0	0	0	0	0	0	0	0	0	0	0	0	0	0	0	0	0	0	0	0	0	0	0	0	0	0	0	0	0	0
0	0.614622690926559	0	0.99381183296983	0	0.513647372068468	0	0	0	0	0	0	0	0	0	0.752902874946167	0	0	0	0	0	0	0	0	0	0.779146478283105	0	0	0.874618866585701	0.916555491870172	0	0	0	0	0	0	0	0	0	0	0	0	0	0	0	0	0	0	0	0	0	0	0	0	0	0	0	0	0	0	0	0	0	0	0	0	0	0	0	0	0	0	0	0	0	0	0	0	0	0	0	0	0	0	0	0	0	0	0	0
0	0.824574380268783	0	0.775331346855251	0	0.900081101543245	0	0	0	0	0	0	0	0	0	0	0.570851526862426	0	0	0	0.855003764507715	0.936685742719826	0	0	0.749811500609921	0	0	0.922372330516072	0	0.811196592764672	0	0	0	0	0	0	0	0	0	0	0	0	0	0	0	0	0	0	0	0	0	0	0	0	0	0	0	0	0	0	0	0	0	0	0	0	0	0	0	0	0	0	0	0	0	0	0	0	0	0	0	0	0	0	0	0	0	0	0	0
0.57683961763266	0.618240942351791	0	0	0	0.70721410417497	0	0	0	0	0.557037561846401	0	0	0	0	0	0	0.721149439177044	0	0	0.572465347325315	0	0	0	0	0.943203242098772	0.824891532009987	0.86519098750881	0.842860053238371	0	0	0	0	0	0	0	0	0	0	0	0	0	0	0	0	0	0	0	0	0	0	0	0	0	0	0	0	0	0	0	0	0	0	0	0	0	0	0	0	0	0	0	0	0	0	0	0	0	0	0	0	0	0	0	0	0	0	0	0	0
0	0	0	0	0	0	0	0	0	0	0	0	0	0	0	0	0	0	0	0	0	0	0	0	0	0	0	0	0	0	0	0.879830917385643	0.564879728550745	0.572646034659581	0.58391401690927	0.879237639199734	0.871303626700689	0.591436948286796	0	0	0	0	0	0	0	0	0	0	0	0	0.934747332891108	0	0	0.897728914728718	0.576520886873221	0.804759485026869	0.735982715249883	0.677451252614786	0.730862332891443	0.641826844985913	0	0	0	0	0	0	0	0	0	0	0	0	0	0	0	0	0	0	0	0	0	0	0	0	0	0	0	0	0	0
0	0	0	0	0	0	0	0	0	0	0	0	0	0	0	0	0	0	0	0	0	0	0	0	0	0	0	0	0	0	0.795999763554312	0	0.558801515603908	0.768462708387185	0.633621757544392	0.942869890857415	0.775563699739615	0.509622884230457	0.987669986678719	0	0	0	0	0	0	0	0	0	0	0	0	0	0	0	0.909906570670729	0.530894559819618	0	0	0.866777671540821	0.561362106637872	0	0	0	0	0	0	0	0	0	0	0	0	0	0	0	0	0	0	0	0	0	0	0	0	0	0	0	0	0	0
0	0	0	0	0	0	0	0	0	0	0	0	0	0	0	0	0	0	0	0	0	0	0	0	0	0	0	0	0	0	0.78643530438192	0.936293796044846	0	0.502857942410347	0.574814590621632	0.888882728885072	0.770749654415701	0.587242867817715	0.806061149722507	0.955846799512208	0	0	0	0	0	0	0	0	0	0	0	0	0	0	0	0.836340286096014	0.907927606849831	0.64314354132241	0.65688378224409	0.986091983557653	0	0	0	0	0	0	0	0	0	0	0	0	0	0	0	0	0	0	0	0	0	0	0	0	0	0	0	0	0	0
0	0	0	0	0	0	0	0	0	0	0	0	0	0	0	0	0	0	0	0	0	0	0	0	0	0	0	0	0	0	0.757131874864585	0.998054787108522	0.597588188615596	0	0.992262717447188	0.571461301248957	0.991265243037137	0.724060041956007	0.927781432615773	0.671323293216615	0	0	0	0	0	0	0	0	0	0	0	0	0	0.92447344838515	0	0	0	0.941288391911178	0.794054868172717	0.85336093362635	0	0	0	0	0	0	0	0	0	0	0	0	0	0	0	0	0	0	0	0	0	0	0	0	0	0	0	0	0	0
0	0	0	0	0	0	0	0	0	0	0	0	0	0	0	0	0	0	0	0	0	0	0	0	0	0	0	0	0	0	0.870818457571022	0.798912682270289	0.872476322406776	0.865691665876623	0	0.96433264312095	0.801861767402924	0.755268073914003	0.827640229024699	0.593994525803356	0.961793715144501	0	0	0	0	0	0	0	0	0.661636154670694	0	0	0	0	0	0	0.85573906875218	0.909798041549274	0.881734750819373	0.957997186070829	0	0	0	0	0	0	0	0	0	0	0	0	0	0	0	0	0	0	0	0	0	0	0	0	0	0	0	0	0	0
0	0	0	0	0	0	0	0	0	0	0	0	0	0	0	0	0	0	0	0	0	0	0	0	0	0	0	0	0	0	0.705012884353687	0.522861765551315	0.6258735928714	0.526441354397087	0.681415456061396	0	0.660688430650007	0.98190563233286	0.799247052737142	0.564802505944438	0.894533473737928	0.789836994779328	0.889896505243065	0	0	0	0	0	0	0	0	0	0	0	0	0	0	0	0.706282006978634	0.938516208417054	0	0	0	0	0	0	0	0	0	0	0	0	0	0	0	0	0	0	0	0	0	0	0	0	0	0	0	0	0	0
0	0	0	0	0	0	0	0	0	0	0	0	0	0	0	0	0	0	0	0	0	0	0	0	0	0	0	0	0	0	0.869005897455145	0.865335779582636	0.515762251275183	0.641049094539943	0.896128403593701	0.56744657074897	0	0.668256631240183	0.985990290278796	0.928270636498284	0.970959421989525	0.997338859974882	0.820053115039939	0.743043414770332	0	0	0	0	0	0.503311228618625	0	0	0	0	0	0	0	0	0	0.623130034325138	0	0	0	0	0	0	0	0	0	0	0	0	0	0	0	0	0	0	0	0	0	0	0	0	0	0	0	0	0	0
0	0	0	0	0	0	0	0	0	0	0	0	0	0	0	0	0	0	0	0	0	0	0	0	0	0	0	0	0	0	0.638536611947854	0.775565798470355	0.659929287869824	0.914376042982937	0.846421569437719	0.908427690984377	0.934452103188316	0	0.567227122545847	0.566935044229237	0.922540777281871	0.61828587887894	0	0.977156596231277	0.658333188527822	0	0	0	0	0.911583687519211	0	0	0	0	0	0	0	0	0	0	0	0	0	0	0	0	0	0	0	0	0	0	0	0	0	0	0	0	0	0	0	0	0	0	0	0	0	0	0	0
0	0	0	0	0	0	0	0	0	0	0	0	0	0	0	0	0	0	0	0	0	0	0	0	0	0	0	0	0	0	0	0.976922951867242	0.540207220861913	0.863334621998617	0.523515111171083	0.877624606356709	0.925052306696033	0.564695333028649	0	0.94385896439857	0.718255115986573	0.669445053362666	0.669174107369679	0.676926779913638	0.859167809945751	0.656764698243749	0	0	0	0	0.512017415350787	0	0	0	0	0	0.863161649292188	0	0	0	0	0	0	0	0	0	0	0	0	0	0	0	0	0	0	0	0	0	0	0	0	0	0	0	0	0	0	0	0	0
0	0	0	0	0	0	0	0	0	0	0	0	0	0	0	0	0	0	0	0	0	0	0	0	0	0	0	0	0	0	0	0	0.901780262293257	0.860535864806719	0.895101399212519	0.943121712420644	0.588013794662525	0.779069796519638	0.852805357809814	0	0.950528139026972	0.951026111473238	0	0.901759555965424	0.829102306848179	0.562975228342299	0.68620454923643	0	0	0	0	0	0	0	0	0	0	0.90032360963388	0.917857361335085	0	0	0	0	0	0	0	0	0	0	0	0	0	0	0	0	0	0	0	0	0	0	0	0	0	0	0	0	0	0	0
0	0	0	0	0	0	0	0	0	0	0	0	0	0	0	0	0	0	0	0	0	0	0	0	0	0	0	0	0	0	0	0	0	0	0.732753412285123	0.986131427434188	0.533015163124637	0.598827105229457	0.993118158911468	0.687787918152586	0	0.538382327468212	0.553960384671742	0.848193514929671	0.883945650975942	0	0.566694073815477	0.5289883199289	0	0	0	0	0	0	0	0	0.952705371001366	0	0	0	0	0	0	0	0	0	0	0	0	0	0	0	0	0	0	0	0	0	0	0	0	0	0	0	0	0	0	0	0	0
0	0	0	0	0	0	0	0	0	0	0	0	0	0	0	0	0	0	0	0	0	0	0	0	0	0	0	0	0	0	0	0	0	0	0	0.890573327387316	0.80778148819422	0.585318076607872	0.53100294306639	0.875304791795651	0.849576843063521	0	0.823745140166305	0.810964845169552	0.92980325139421	0.906429414743601	0.799116522132324	0.639212114230136	0.647501584486962	0	0	0	0	0	0	0	0.94212438304025	0	0	0	0	0	0	0	0	0	0	0	0	0	0	0	0	0	0	0	0	0	0	0	0	0	0	0	0	0	0	0	0	0
0	0	0	0	0	0	0	0	0	0	0	0	0	0	0	0	0	0	0	0	0	0	0	0	0	0	0	0	0	0	0	0	0	0	0	0.684091377058566	0.704849577366008	0	0.830672540520352	0	0.925874162477816	0.534528532120671	0	0.61503342765688	0.94441070239035	0.532567664329824	0.835878410165588	0.639759157762918	0.917439318332099	0	0.76986420629943	0	0	0	0	0	0	0	0	0	0	0	0	0	0	0	0	0	0	0	0	0	0	0	0	0	0	0	0	0	0	0	0	0	0	0	0	0	0	0
0	0	0	0	0	0	0	0	0	0	0	0	0	0	0	0	0	0	0	0	0	0	0	0	0	0	0	0	0	0	0	0	0	0	0	0	0.906445594285567	0.633496803322068	0.916762280128857	0.59252761539953	0.920954049873205	0.757524680583892	0.965523435950755	0	0.796832727743371	0	0.996302972843423	0.67855899326984	0.597193348432952	0.755639435670038	0.921690544669624	0	0	0	0	0.747369357663673	0	0	0	0	0	0	0	0	0	0	0	0	0	0	0	0	0	0	0	0	0	0	0	0	0	0	0	0	0	0	0	0	0	0
0	0	0	0	0	0	0	0	0	0	0	0	0	0	0	0	0	0	0	0	0	0	0	0	0	0	0	0	0	0	0	0	0	0	0	0	0	0.985038401280259	0.942417496043425	0.961196627064307	0.854816239084995	0.596573738486132	0.799762646611786	0.985241321873254	0	0.830524005740884	0.551617575636945	0.580894375534232	0.931747485277983	0.662684105364388	0.974353099263424	0.828374131778327	0	0	0	0	0	0	0	0	0	0	0	0	0	0	0	0	0	0	0	0	0	0	0	0	0	0	0	0	0	0	0	0	0	0	0	0	0	0
0	0	0	0	0	0	0	0	0	0	0	0	0	0	0	0	0	0	0	0	0	0	0	0	0	0	0	0	0	0	0	0	0	0	0	0	0	0	0.767367543195404	0.97642098220186	0	0.652480998001773	0.85782079701083	0	0.997020386488754	0	0.91204683208175	0	0.598487891490507	0.653856738870443	0.871260812528192	0.791232937372374	0.802731695615143	0.935861762252755	0	0	0	0	0	0	0	0	0	0	0	0	0	0	0	0	0	0	0	0	0	0	0	0	0	0	0	0	0	0	0	0	0	0	0	0
0	0	0	0	0	0	0	0	0	0	0	0	0	0	0	0	0	0	0	0	0	0	0	0	0	0	0	0	0	0	0	0	0	0	0	0	0	0	0	0.836090588572171	0.949291426114843	0.588399899741899	0.83665098676619	0.934780463616519	0.987602026639154	0.547546478653567	0	0.536177278081749	0.997953882864094	0.658175967255911	0.933095035695455	0.822623273533884	0.555012448746226	0.501730793861855	0	0	0	0	0	0	0	0	0	0	0	0	0	0	0	0	0	0	0	0	0	0	0	0	0	0	0	0	0	0	0	0	0	0	0	0
0	0	0	0	0	0	0	0	0	0	0	0	0	0	0	0	0	0	0	0	0	0	0	0	0	0	0	0	0	0	0	0	0	0	0	0	0	0	0	0	0.687049641593354	0.689965342479427	0.791325141664561	0.586956714109042	0.577462175130726	0	0.998579765606724	0	0.963508945523715	0.723742761795932	0.620188583653482	0.565014120118705	0.764830580530703	0	0.626539095776771	0	0	0	0.591369060196608	0	0	0	0	0	0	0	0	0	0	0	0	0	0	0	0	0	0	0	0	0	0	0	0	0	0	0	0	0	0	0
0	0	0	0	0	0	0	0	0	0	0	0	0	0	0	0	0	0	0	0	0	0	0	0	0	0	0	0	0	0	0	0	0	0	0	0	0	0	0	0	0	0.763275429630527	0.774581233273132	0.790353071732618	0.62940536327357	0.529634703756032	0.578078920007685	0.929766749130867	0	0.866566258617773	0.613379636255656	0.998781755027506	0.84552114599072	0.607792535719617	0.828829816209726	0.843168251233458	0	0	0	0	0	0	0	0	0	0	0	0	0	0	0	0	0	0	0	0	0	0	0	0	0	0	0	0	0	0	0	0	0	0
0	0	0	0	0	0	0	0	0	0	0	0	0	0	0	0	0	0	0	0	0	0	0	0	0	0	0	0	0	0	0	0	0	0	0.923615918522184	0	0.714109482874179	0.736493075055713	0	0	0	0	0	0.801463271720319	0.906363854221319	0.957552201363099	0.602564202959726	0.729247143915772	0.598436556392469	0	0.548934175559406	0.752620032137903	0.934263363219132	0.77011239472191	0.615592131412791	0	0.754099949184103	0	0	0	0	0	0	0	0	0	0	0	0	0	0	0	0	0	0	0	0	0	0	0	0	0	0	0	0	0	0	0	0	0
0	0	0	0	0	0	0	0	0	0	0	0	0	0	0	0	0	0	0	0	0	0	0	0	0	0	0	0	0	0	0.693145689071038	0	0	0	0	0	0	0	0.874295926173702	0	0	0	0.999739220547993	0.764076163095114	0.997673911336799	0.993410568159038	0.956664368014719	0.727380156646296	0.731459247718832	0.625783287139575	0	0.762020039777397	0	0.59745731616899	0.99689315690364	0.739196237316506	0.729376304739155	0	0	0	0	0	0	0	0	0	0	0	0	0	0	0	0	0	0	0	0	0	0	0	0	0	0	0	0	0	0	0	0	0
0	0	0	0	0	0	0	0	0	0	0	0	0	0	0	0	0	0	0	0	0	0	0	0	0	0	0	0	0	0	0	0	0	0	0	0	0	0	0	0	0	0	0	0	0.71524407016639	0.555089735445487	0.660959469066487	0.704874154229865	0.897771906299302	0.57699806915936	0.67955038015971	0	0.863270803242097	0.805127569571048	0	0.877902650876888	0.563471945869517	0.888071599539474	0.556285741743397	0.538117556599256	0	0	0	0	0	0	0	0	0	0	0	0	0	0	0	0	0	0	0	0	0	0	0	0	0	0	0	0	0	0
0	0	0	0	0	0	0	0	0	0	0	0	0	0	0	0	0	0	0	0	0	0	0	0	0	0	0	0	0	0	0	0	0	0	0	0	0	0	0	0	0	0	0	0	0	0.762446129675916	0.602599350442717	0.517569992775283	0.59549190527982	0.818722077831267	0	0.598335892527535	0	0.900430391193663	0.936119623758294	0.632470682857529	0.859990079017565	0.939717554789949	0.866909632720638	0.673101889565105	0	0	0	0	0	0	0	0	0	0	0	0	0	0	0	0	0	0	0	0	0	0	0	0	0	0	0	0	0	0
0	0	0	0	0	0	0	0	0	0	0	0	0	0	0	0	0	0	0	0	0	0	0	0	0	0	0	0	0	0	0.748070358781234	0	0	0.856102473699352	0	0	0	0	0	0	0	0	0	0	0	0.708359514714275	0.801788754137855	0	0.867185157768931	0.523529165845533	0.900702588536763	0.809938327313674	0.969895358652367	0	0.614226826832098	0.903513985960568	0.925747700686065	0.761830628657624	0.779709345838567	0.765382341364804	0	0	0	0	0	0	0	0	0	0	0	0	0	0	0	0	0	0	0	0	0	0	0	0	0	0	0	0	0	0
0	0	0	0	0	0	0	0	0	0	0	0	0	0	0	0	0	0	0	0	0	0	0	0	0	0	0	0	0	0	0.705411160738969	0.730741049083197	0	0	0	0	0	0	0	0	0	0	0	0	0	0	0	0.901832556504938	0.754431363622861	0.962823994468523	0.64261868328458	0	0.880909003846563	0.76668082006421	0	0.510086833796732	0.548863675044561	0.589372076148898	0.628512144805649	0.72633345065458	0	0	0	0	0	0	0	0	0	0	0	0	0	0	0	0	0	0	0	0	0	0	0	0	0	0	0	0	0	0
0	0	0	0	0	0	0	0	0	0	0	0	0	0	0	0	0	0	0	0	0	0	0	0	0	0	0	0	0	0	0.582968035498682	0.563964926782651	0.607033413424622	0	0	0	0	0	0	0	0	0	0	0.823629817471035	0	0	0	0	0.879984212975554	0	0.646285944298652	0.93975793548361	0.617026612984831	0.960670635385671	0.758259324526193	0	0.761825902829601	0.66470761839905	0.743672231877856	0.909015279631146	0	0	0	0	0	0	0	0	0	0	0	0	0	0	0	0	0	0	0	0	0	0	0	0	0	0	0	0	0	0
0	0	0	0	0	0	0	0	0	0	0	0	0	0	0	0	0	0	0	0	0	0	0	0	0	0	0	0	0	0	0.731141928771356	0	0.789275219542333	0	0.506891932450983	0	0	0	0.805808495780139	0	0.946731542963956	0.627036188368212	0	0	0	0	0	0	0	0.734739845635672	0.553013748464857	0.592370202272458	0.562672200730074	0.880759845430801	0.832736578092016	0.518932800958491	0	0	0.54051613697913	0.580663283121703	0	0	0	0	0	0	0	0	0	0	0	0	0	0	0	0	0	0	0	0	0	0	0	0	0	0	0	0	0	0
0	0	0	0	0	0	0	0	0	0	0	0	0	0	0	0	0	0	0	0	0	0	0	0	0	0	0	0	0	0	0.751013796682147	0	0.825103615376448	0.993685064829245	0.638465064277681	0	0	0	0	0.725967877325123	0	0	0	0	0	0	0	0	0	0	0	0.561439896987106	0.646312496869827	0.975322920874648	0.759408511402378	0.926728015465484	0	0	0.911332566861644	0.716256889600967	0	0	0	0	0	0	0	0	0	0	0	0	0	0	0	0	0	0	0	0	0	0	0	0	0	0	0	0	0	0
0	0	0	0	0	0	0	0	0	0	0	0	0	0	0	0	0	0	0	0	0	0	0	0	0	0	0	0	0	0	0.993453985859932	0.732345564606549	0.837033792339762	0.555083175586642	0.967183350277815	0.964881023389272	0	0	0	0.679089986615162	0	0	0	0	0	0	0	0.79847086366522	0	0	0	0.704848345389329	0.80281766303383	0.581243548292839	0.834205079026205	0.716746159206738	0.988033740034725	0.711090881979382	0	0.624585637043523	0	0	0	0	0	0	0	0	0	0	0	0	0	0	0	0	0	0	0	0	0	0	0	0	0	0	0	0	0	0
0	0	0	0	0	0	0	0	0	0	0	0	0	0	0	0	0	0	0	0	0	0	0	0	0	0	0	0	0	0	0.740935462900347	0.635948857862965	0.899668904010787	0.954647445871406	0.957987956682501	0.749357120069124	0.897539402144098	0	0	0	0	0	0	0	0	0	0	0	0	0	0	0.739266260818093	0.994582866129703	0.78082291992974	0.723789148101648	0.746303967082531	0.703362689469776	0.790213983429404	0.818408099076076	0	0	0	0	0	0	0	0	0	0	0	0	0	0	0	0	0	0	0	0	0	0	0	0	0	0	0	0	0	0	0
0	0	0	0	0	0	0	0	0	0	0	0	0	0	0	0	0	0	0	0	0	0	0	0	0	0	0	0	0	0	0	0	0	0	0	0	0	0	0	0	0	0	0	0	0	0	0	0	0	0	0	0	0	0	0	0	0	0	0	0	0	0.810602854680778	0.982841050919573	0	0	0.613677787530899	0	0	0	0	0	0	0	0.57747141250112	0	0.902296464506203	0	0.983113902293861	0	0	0	0	0.678951402007416	0	0	0.753752971126167	0.570393072763379	0.953411024757536	0.972974039087613	0.826638957789705
0	0	0	0	0	0	0	0	0	0	0	0	0	0	0	0	0	0	0	0	0	0	0	0	0	0	0	0	0	0	0	0	0	0	0	0	0	0	0	0	0	0	0	0	0	0	0	0	0	0	0	0	0	0	0	0	0	0	0	0	0.856185459145459	0	0	0.631013871696158	0	0.744539309756239	0.99675885199527	0	0.762765798745625	0	0	0.543298950396796	0	0	0	0	0.605461052695223	0	0	0.648238845695641	0.865324805407215	0	0	0	0.976511098526262	0	0.904380584950467	0	0.684137456449048	0.691805011349622
0	0	0	0	0	0	0	0	0	0	0	0	0	0	0	0	0	0	0	0	0	0	0	0	0	0	0	0	0	0	0	0	0	0	0	0	0	0	0	0	0	0	0	0	0	0	0	0	0	0	0	0	0	0	0	0	0	0	0	0	0.635100393943691	0	0	0.855422271583863	0.764855833871243	0.935536038069008	0.620550010822593	0.779152787884164	0	0	0	0	0	0	0	0	0	0	0	0	0	0	0	0	0	0.738059437337663	0	0.76917318749561	0	0
0	0	0	0	0	0	0	0	0	0	0	0	0	0	0	0	0	0	0	0	0	0	0	0	0	0	0	0	0	0	0	0	0	0	0	0	0	0	0	0	0	0	0	0	0	0	0	0	0	0	0	0	0	0	0	0	0	0	0	0	0	0.706304647130669	0.525266681007794	0	0.744502443851386	0.581000126018076	0.968044991790029	0	0.938108221229666	0	0	0	0	0	0	0	0	0	0	0	0.674080757519363	0	0	0	0	0	0	0	0.847778437366003	0
0	0	0	0	0	0	0	0	0	0	0	0	0	0	0	0	0	0	0	0	0	0	0	0	0	0	0	0	0	0	0	0	0	0	0	0	0	0	0	0	0	0	0	0	0	0	0	0	0	0	0	0	0	0	0	0	0	0	0	0	0	0	0.98416539818099	0.563617894751255	0	0.599246066128597	0	0	0.50514247717591	0.729854577526706	0.52566438615767	0	0	0	0	0.55284352231401	0	0	0.566862535244765	0	0	0	0.607232469208906	0	0	0	0	0	0	0.871983802563902
0	0	0	0	0	0	0	0	0	0	0	0	0	0	0	0	0	0	0	0	0	0	0	0	0	0	0	0	0	0	0	0	0	0	0	0	0	0	0	0	0	0	0	0	0	0	0	0	0	0	0	0	0	0	0	0	0	0	0	0	0.597126016510121	0.866313132925076	0.875442447311651	0.668749634554902	0.747582480830642	0	0.805359359421501	0.893857382069865	0	0	0.787012256806311	0.73378876928329	0	0	0	0	0	0	0	0	0	0	0	0	0	0	0	0	0.942413898910462	0
0	0	0	0	0	0	0	0	0	0	0	0	0	0	0	0	0	0	0	0	0	0	0	0	0	0	0	0	0	0	0	0	0	0	0	0	0	0	0	0	0	0	0	0	0	0	0	0	0	0	0	0	0	0	0	0	0	0	0	0	0	0.985032010430955	0.967954104503456	0.868443989964672	0	0.977758955925091	0	0.653050921967954	0.937932014944485	0.565648320273896	0.676424800573008	0.724808283633181	0	0	0	0	0	0	0	0	0	0	0	0.508026450045833	0	0	0	0	0	0
0	0	0	0	0	0	0	0	0	0	0	0	0	0	0	0	0	0	0	0	0	0	0	0	0	0	0	0	0	0	0	0	0	0	0	0	0	0	0	0	0	0	0	0	0	0	0	0	0	0	0	0	0	0	0	0	0	0	0	0	0	0	0.667911782974092	0	0	0.541494601194457	0.686803047824596	0	0.654309517645236	0.579040622096728	0.581772531804118	0.630248897675187	0	0	0	0	0	0	0.667952317015553	0	0	0	0	0	0.773079305309264	0	0	0	0	0
0	0	0	0	0	0	0	0	0	0	0	0	0	0	0	0	0	0	0	0	0	0	0	0	0	0	0	0	0	0	0	0	0	0	0	0	0	0	0	0	0	0	0	0	0	0	0	0	0	0	0	0	0	0	0	0	0	0	0	0	0	0.622334167113056	0	0.939153663308254	0.797603625042221	0	0.963970213915352	0.652616894396117	0	0.791912593200981	0.63623048299797	0	0.780330767350658	0.79088449227795	0	0	0	0.737954429486564	0	0	0	0	0	0	0	0	0	0	0	0
0	0	0	0	0	0	0	0	0	0	0	0	0	0	0	0	0	0	0	0	0	0	0	0	0	0	0	0	0	0	0	0	0	0	0	0	0	0	0	0	0	0	0	0	0	0	0	0	0	0	0	0	0	0	0	0	0	0	0	0	0	0	0	0	0.730796513783798	0	0.789894497650366	0.631762878831698	0.525956776071367	0	0.768767721833158	0.840425890589797	0.827323166663222	0.993355320949279	0.829980841778225	0	0	0	0	0	0	0	0	0	0	0	0	0	0.540887764188007	0
0	0	0	0	0	0	0	0	0	0	0	0	0	0	0	0	0	0	0	0	0	0	0	0	0	0	0	0	0	0	0	0	0	0	0	0	0	0	0	0	0	0	0	0	0	0	0	0	0	0	0	0	0	0	0	0	0	0	0	0	0	0	0	0	0.77426591712174	0.763295556524266	0.912149138386731	0.92351462519545	0.609676425519731	0.795768916019684	0	0	0.80628765791275	0.987133305503967	0.627093669388257	0.818715768222766	0	0	0	0	0	0	0	0	0	0	0	0	0.565755054822528	0
0	0	0	0	0	0	0	0	0	0	0	0	0	0	0	0	0	0	0	0	0	0	0	0	0	0	0	0	0	0	0	0	0	0	0	0	0	0	0	0	0	0	0	0	0	0	0	0	0	0	0	0	0	0	0	0	0	0	0	0	0	0.854573822519211	0	0	0	0.67670976593379	0.572344879049296	0.886619707690224	0	0.697419919655711	0	0	0.579833970682089	0.716631555385909	0.555709269070873	0	0.567817303069853	0	0	0	0	0	0	0	0	0	0.616577140528803	0	0	0
0	0	0	0	0	0	0	0	0	0	0	0	0	0	0	0	0	0	0	0	0	0	0	0	0	0	0	0	0	0	0	0	0	0	0	0	0	0	0	0	0	0	0	0	0	0	0	0	0	0	0	0	0	0	0	0	0	0	0	0	0	0	0	0	0	0	0	0	0.54530040715975	0.586316671827492	0.960163435098424	0.684776826192187	0	0.792985089374377	0.804388202142985	0.546752724847202	0.950483547623094	0.995387264693533	0	0	0	0	0	0	0	0	0	0	0	0
0	0	0	0	0	0	0	0	0	0	0	0	0	0	0	0	0	0	0	0	0	0	0	0	0	0	0	0	0	0	0	0	0	0	0	0	0	0	0	0	0	0	0	0	0	0	0	0	0	0	0	0	0	0	0	0	0	0	0	0	0.993354701841347	0	0	0	0	0	0	0	0.721922102130537	0.97394175868186	0.677345208764727	0.937368116032495	0.903210144061552	0	0.801818554459768	0.879389706608358	0.999511325935685	0.901028625323859	0.624652155054756	0	0	0	0	0	0	0	0	0	0	0.907086241122725
0	0	0	0	0	0	0	0	0	0	0	0	0	0	0	0	0	0	0	0	0	0	0	0	0	0	0	0	0	0	0	0	0	0	0	0	0	0	0	0	0	0	0	0	0	0	0	0	0	0	0	0	0	0	0	0	0	0	0	0	0	0	0	0	0	0	0	0	0	0.808153223618073	0.895732526362406	0.541635041363251	0.886613018289379	0.745068075513154	0	0.857247654074057	0.813393476495632	0.539992536124045	0.580884237349509	0.771764921983437	0	0	0	0.933573775605307	0	0	0	0	0	0
0	0	0	0	0	0	0	0	0	0	0	0	0	0	0	0	0	0	0	0	0	0	0	0	0	0	0	0	0	0	0	0	0	0	0	0	0	0	0	0	0	0	0	0	0	0	0	0	0	0	0	0	0	0	0	0	0	0	0	0	0.660366361250541	0	0	0	0.850809708661385	0	0	0	0	0	0.943173964824805	0	0.988847966828199	0.516914415047792	0.957515235973238	0	0	0	0	0.82486988584961	0.713585208722928	0	0	0.971843787667365	0	0	0	0	0	0
0	0	0	0	0	0	0	0	0	0	0	0	0	0	0	0	0	0	0	0	0	0	0	0	0	0	0	0	0	0	0	0	0	0	0	0	0	0	0	0	0	0	0	0	0	0	0	0	0	0	0	0	0	0	0	0	0	0	0	0	0	0.824782838080513	0	0	0	0	0	0	0	0	0	0.537109086398444	0.85566067983549	0.639206288953059	0.963991666194597	0	0	0.92526766145538	0.935703274910385	0.818277509983715	0.67033144283518	0.714498896124692	0	0	0	0	0	0	0	0
0	0	0	0	0	0	0	0	0	0	0	0	0	0	0	0	0	0	0	0	0	0	0	0	0	0	0	0	0	0	0	0	0	0	0	0	0	0	0	0	0	0	0	0	0	0	0	0	0	0	0	0	0	0	0	0	0	0	0	0	0.833762086960161	0	0	0	0	0	0	0	0.735853381145281	0	0	0	0.994317661408885	0.678106694800342	0.512545417562367	0	0.660159377781869	0	0.958606706182347	0	0.59488436151573	0.694221879929157	0	0	0	0	0	0	0	0
0	0	0	0	0	0	0	0	0	0	0	0	0	0	0	0	0	0	0	0	0	0	0	0	0	0	0	0	0	0	0	0	0	0	0	0	0	0	0	0	0	0	0	0	0	0	0	0	0	0	0	0	0	0	0	0	0	0	0	0	0	0	0	0	0.940610103754939	0	0	0.973105253901479	0	0	0	0	0	0.726879005111686	0.710539656718583	0	0.847483390608611	0.533820494200975	0	0	0.505621066508047	0.991174222895544	0.527586484532797	0	0.542073551241798	0	0	0.749817180364833	0	0
0	0	0	0	0	0	0	0	0	0	0	0	0	0	0	0	0	0	0	0	0	0	0	0	0	0	0	0	0	0	0	0	0	0	0	0	0	0	0	0	0	0	0	0	0	0	0	0	0	0	0	0	0	0	0	0	0	0	0	0	0	0.873909196716651	0	0	0	0	0	0	0	0	0	0	0	0	0.549231620547011	0.764232597727156	0.577284345330963	0	0	0	0.948282363763204	0.688547444630122	0.512064206092231	0.621815946244545	0	0	0	0	0	0
0	0	0	0	0	0	0	0	0	0	0	0	0	0	0	0	0	0	0	0	0	0	0	0	0	0	0	0	0	0	0	0	0	0	0	0	0	0	0	0	0	0	0	0	0	0	0	0	0	0	0	0	0	0	0	0	0	0	0	0	0	0.580661821133273	0	0.527076868391229	0	0	0	0	0	0	0	0	0	0	0	0.751109184925796	0.814607599694818	0.879027367428099	0.594956828955856	0.861911906865532	0	0.943985849577554	0.744764475274408	0	0.577568221484568	0.902932166655284	0	0	0.807449968120681	0.772823552225933
0	0	0	0	0	0	0	0	0	0	0	0	0	0	0	0	0	0	0	0	0	0	0	0	0	0	0	0	0	0	0	0	0	0	0	0	0	0	0	0	0	0	0	0	0	0	0	0	0	0	0	0	0	0	0	0	0	0	0	0	0	0	0	0	0	0	0	0	0	0	0	0	0	0	0	0	0.579619865713438	0.614917915927007	0.694691719105145	0.66932568530343	0.985211138005308	0	0.879698300424833	0.953461851941966	0.87803926550953	0.805384392013401	0.672537641489098	0	0	0
0	0	0	0	0	0	0	0	0	0	0	0	0	0	0	0	0	0	0	0	0	0	0	0	0	0	0	0	0	0	0	0	0	0	0	0	0	0	0	0	0	0	0	0	0	0	0	0	0	0	0	0	0	0	0	0	0	0	0	0	0.848806913651675	0	0	0	0.700287846448751	0	0	0	0	0	0	0	0	0	0	0	0	0	0.867377435560821	0.78479110734534	0.690497626760734	0.5490505263854	0	0.573070259604326	0.538976243063928	0.698077475401529	0.607438540745266	0.974595849767748	0	0
0	0	0	0	0	0	0	0	0	0	0	0	0	0	0	0	0	0	0	0	0	0	0	0	0	0	0	0	0	0	0	0	0	0	0	0	0	0	0	0	0	0	0	0	0	0	0	0	0	0	0	0	0	0	0	0	0	0	0	0	0	0	0	0	0	0	0.59835597303239	0	0	0	0	0	0	0	0.670104056736278	0.747537616032496	0	0	0	0.525566921249252	0	0.766296984675924	0.828515583195811	0	0.502844752786545	0.673894821726002	0.822512601617067	0	0	0
0	0	0	0	0	0	0	0	0	0	0	0	0	0	0	0	0	0	0	0	0	0	0	0	0	0	0	0	0	0	0	0	0	0	0	0	0	0	0	0	0	0	0	0	0	0	0	0	0	0	0	0	0	0	0	0	0	0	0	0	0	0.533039766035911	0	0	0	0	0	0.628034148817223	0	0	0	0	0	0	0	0	0	0	0.753098100337959	0	0.805023065807377	0.611736022540888	0.777294119552233	0.59422247803631	0	0	0.683717324490689	0	0.565521855564622	0.607758680772665
0	0	0	0	0	0	0	0	0	0	0	0	0	0	0	0	0	0	0	0	0	0	0	0	0	0	0	0	0	0	0	0	0	0	0	0	0	0	0	0	0	0	0	0	0	0	0	0	0	0	0	0	0	0	0	0	0	0	0	0	0.737344967743116	0	0.765892155236148	0	0	0	0	0	0	0	0	0	0	0	0	0	0	0	0	0	0.762138958646101	0.707286465025894	0.903012917685043	0.806462572910912	0	0	0.715665252223206	0.515539472442303	0.664764089490592	0.990482661457148
0	0	0	0	0	0	0	0	0	0	0	0	0	0	0	0	0	0	0	0	0	0	0	0	0	0	0	0	0	0	0	0	0	0	0	0	0	0	0	0	0	0	0	0	0	0	0	0	0	0	0	0	0	0	0	0	0	0	0	0	0.547953078265521	0.834047781646081	0	0	0	0	0	0	0	0	0	0.649468921766074	0	0	0	0	0	0	0	0	0	0.86120146496969	0.780134448538814	0.593472833652842	0.889455117854364	0.552669005005035	0	0.673785394499791	0.731600758605771	0
0	0	0	0	0	0	0	0	0	0	0	0	0	0	0	0	0	0	0	0	0	0	0	0	0	0	0	0	0	0	0	0	0	0	0	0	0	0	0	0	0	0	0	0	0	0	0	0	0	0	0	0	0	0	0	0	0	0	0	0	0.619808083799407	0	0.915547611892983	0	0	0	0	0	0	0	0	0	0	0	0	0	0	0	0.557130912882163	0	0	0	0.78805317087441	0	0	0.855293945915783	0.965704191268961	0	0	0.596390653833504
0	0	0	0	0	0	0	0	0	0	0	0	0	0	0	0	0	0	0	0	0	0	0	0	0	0	0	0	0	0	0	0	0	0	0	0	0	0	0	0	0	0	0	0	0	0	0	0	0	0	0	0	0	0	0	0	0	0	0	0	0.86178686547143	0.930022378464921	0	0.529737863871665	0	0.527135288721481	0	0	0	0.515411169127024	0.583124743554193	0	0	0	0	0	0	0	0	0	0.869682857011267	0	0	0	0.685755136145237	0.621658111065307	0.682690562452942	0	0	0.634044934834087
0	0	0	0	0	0	0	0	0	0	0	0	0	0	0	0	0	0	0	0	0	0	0	0	0	0	0	0	0	0	0	0	0	0	0	0	0	0	0	0	0	0	0	0	0	0	0	0	0	0	0	0	0	0	0	0	0	0	0	0	0.924801150853634	0.542532731918379	0	0	0.86413095959315	0	0	0	0	0	0	0	0	0.778028468872989	0	0	0	0	0	0	0.650656094376747	0	0	0	0.670822101057734	0.581532525789253	0	0.620763005339266	0.774545203357859	0
