0	0	0	0.914298442357297	0.911911854953218	0.673803877760615	0	0	0	0	0	0	0	0.667373431762652	0	0	0	0	0.854031406457655	0	0	0	0	0	0	0.502210778962702	0.993404648533298	0.917779503353829	0.540823008620254	0.868452767529577	0	0	0	0	0	0	0	0	0	0	0	0	0	0	0	0	0	0	0	0	0	0	0	0	0	0	0	0	0	0	0	0	0	0	0	0	0	0	0	0	0	0	0	0	0	0	0	0	0	0	0	0	0	0	0	0	0	0	0	0
0	0	0	0.570755497534951	0	0.794033351560206	0	0	0.739321640945865	0	0	0.960414705738923	0	0	0	0	0.978972929714132	0	0	0	0	0	0	0	0	0	0.665513447368707	0	0.962270789807406	0.500874778197769	0	0	0	0	0	0	0	0	0	0	0	0	0	0	0	0	0	0	0	0	0	0	0	0	0	0	0	0	0	0	0	0	0	0	0	0	0	0	0	0	0	0	0	0	0	0	0	0	0	0	0	0	0	0	0	0	0	0	0	0
0	0	0	0.671190742567333	0.721987997764353	0.838417612226451	0.639734894335093	0	0.888568578551211	0	0	0	0	0	0	0	0	0	0	0	0	0	0	0	0	0	0	0.903675682484992	0.721050509597271	0.604288557208325	0	0	0	0	0	0	0	0	0	0	0	0	0	0	0	0	0	0	0	0	0	0	0	0	0	0	0	0	0	0	0	0	0	0	0	0	0	0	0	0	0	0	0	0	0	0	0	0	0	0	0	0	0	0	0	0	0	0	0	0
0.532491154452929	0.889805057682574	0.641365178172502	0	0.811571437088176	0.743732971230483	0.975626838568223	0.816937631326396	0.544236239678965	0.947042150377669	0	0	0.583955748780257	0.745642748021321	0	0	0	0	0	0	0	0	0	0.981515851933295	0	0	0	0	0.572627823549396	0.891480164153828	0	0	0	0	0	0	0	0	0	0	0	0	0	0	0	0	0	0	0	0	0	0	0	0	0	0	0	0	0	0	0	0	0	0	0	0	0	0	0	0	0	0	0	0	0	0	0	0	0	0	0	0	0	0	0	0	0	0	0	0
0.746752664322802	0	0.573227309727385	0.855030440029664	0	0	0	0	0.58106423251622	0.703158595039349	0	0	0	0.735345848764045	0	0	0	0	0	0	0.757781722803004	0	0	0	0	0	0	0	0.991158800644308	0.930760201796133	0	0	0	0	0	0	0	0	0	0	0	0	0	0	0	0	0	0	0	0	0	0	0	0	0	0	0	0	0	0	0	0	0	0	0	0	0	0	0	0	0	0	0	0	0	0	0	0	0	0	0	0	0	0	0	0	0	0	0	0
0.788896519776602	0.888831712003324	0.924394417093335	0.763874000268951	0	0	0.622220893074715	0.693906182430178	0.904128965250836	0.581031239201271	0	0	0.935300702858259	0	0	0	0	0	0	0	0	0	0	0	0	0	0	0	0	0	0	0	0	0	0	0	0	0	0	0	0	0	0	0	0	0	0	0	0	0	0	0	0	0	0	0	0	0	0	0	0	0	0	0	0	0	0	0	0	0	0	0	0	0	0	0	0	0	0	0	0	0	0	0	0	0	0	0	0	0
0	0	0.759305632393662	0.559239838206728	0	0.6057751102228	0	0	0.547814457584827	0.593566282799197	0.59348453388722	0.694621073832488	0	0	0	0	0.961695410053265	0	0	0	0	0	0	0.751307754559908	0.883186990495974	0	0	0	0	0	0	0	0	0	0	0	0	0	0	0	0	0	0	0	0	0	0	0	0	0	0	0	0	0	0	0	0	0	0	0	0	0	0	0	0	0	0	0	0	0	0	0	0	0	0	0	0	0	0	0	0	0	0	0	0	0	0	0	0	0
0	0	0	0.702932257329943	0	0.684717039562678	0	0	0.699472864248909	0.740055023190364	0.729357632912657	0.707414260848092	0	0.905385316015347	0	0	0	0.945608764779621	0.722849240109249	0	0	0	0	0.770771610437991	0	0	0	0	0	0.950768554971307	0	0	0	0	0	0	0	0	0	0	0	0	0	0	0	0	0	0	0	0	0	0	0	0	0	0	0	0	0	0	0	0	0	0	0	0	0	0	0	0	0	0	0	0	0	0	0	0	0	0	0	0	0	0	0	0	0	0	0	0
0	0.747006702279325	0.725624539307542	0.900335083572777	0.623187337745718	0.761939601575404	0.962592854003293	0.691695601349492	0	0.67625585398271	0.508414801272071	0	0.782787262573837	0	0	0	0	0	0	0.908948988829165	0	0.721121247056471	0	0	0	0	0	0	0	0	0	0	0	0	0	0	0	0	0	0	0	0	0	0	0	0	0	0	0	0	0	0	0	0	0	0	0	0	0	0	0	0	0	0	0	0	0	0	0	0	0	0	0	0	0	0	0	0	0	0	0	0	0	0	0	0	0	0	0	0
0	0	0	0.96684510343918	0.979430068966838	0.811986124689455	0.93503674870349	0.648225334155879	0.954127448619081	0	0.902321639355919	0.833402085522909	0	0.903099974354198	0.508950541429875	0	0	0	0	0	0	0	0	0	0	0.766666575116533	0	0	0	0	0	0	0	0	0	0	0	0	0	0	0	0	0	0	0	0	0	0	0	0	0	0	0	0	0	0	0	0	0	0	0	0	0	0	0	0	0	0	0	0	0	0	0	0	0	0	0	0	0	0	0	0	0	0	0	0	0	0	0	0
0	0	0	0	0	0	0.968439744048455	0.871513825726128	0.977852085374941	0.868664274935827	0	0.581987286432444	0.805220525712269	0.698283122948694	0.764395829397017	0.626205236349333	0.652736374820002	0	0	0.942666886140218	0	0	0	0	0	0	0	0.833825544842181	0	0	0	0	0	0	0	0	0	0	0	0	0	0	0	0	0	0	0	0	0	0	0	0	0	0	0	0	0	0	0	0	0	0	0	0	0	0	0	0	0	0	0	0	0	0	0	0	0	0	0	0	0	0	0	0	0	0	0	0	0	0
0	0.971449984900379	0	0	0	0	0.65700143452887	0.881166683355877	0	0.811603065824824	0.715703750295281	0	0.815617377068742	0.763618707722465	0.611592159851805	0.775486395999349	0.703887688876375	0	0	0	0	0	0	0	0	0	0	0	0	0	0	0	0	0	0	0	0	0	0	0	0	0	0	0	0	0	0	0	0	0	0	0	0	0	0	0	0	0	0	0	0	0	0	0	0	0	0	0	0	0	0	0	0	0	0	0	0	0	0	0	0	0	0	0	0	0	0	0	0	0
0	0	0	0.500058954353876	0	0.780298869127868	0	0	0.984954052924087	0	0.953029781908502	0.664197654247577	0	0.510549674942595	0.680977223325564	0.766073468891842	0	0.91008219352968	0	0	0.868647227055546	0.599633104076831	0	0	0	0	0	0	0	0	0	0	0	0	0	0	0	0	0	0	0	0	0	0	0	0	0	0	0	0	0	0	0	0	0	0	0	0	0	0	0	0	0	0	0	0	0	0	0	0	0	0	0	0	0	0	0	0	0	0	0	0	0	0	0	0	0	0	0	0
0.979571776895416	0	0	0.50567365071803	0.710669934855125	0	0	0.947343376406594	0	0.588112930932667	0.730361541934991	0.60214499563195	0.758835276268817	0	0	0.826185937070638	0.832490247484591	0	0	0	0	0	0	0	0	0	0	0	0	0.846529318553903	0	0	0	0	0	0	0	0	0	0	0	0	0	0	0	0	0	0	0	0	0	0	0	0	0	0	0	0	0	0	0	0	0	0	0	0	0	0	0	0	0	0	0	0	0	0	0	0	0	0	0	0	0	0	0	0	0	0	0	0
0	0	0	0	0	0	0	0	0	0.9268107918774	0.905633761069609	0.938955119707218	0.97594330877361	0	0	0	0.68531035521236	0.656565977361266	0.771042706928689	0.532153497461251	0	0	0	0	0	0	0	0	0	0	0	0	0	0	0	0	0	0	0	0	0	0	0	0	0	0	0	0	0	0	0	0	0	0	0	0	0	0	0	0	0	0	0	0	0	0	0	0	0	0	0	0	0	0	0	0	0	0	0	0	0	0	0	0	0	0	0	0	0	0
0	0	0	0	0	0	0	0	0	0	0.976552351062324	0.823352656292252	0.538885455002576	0.562158351217684	0	0	0.892402870670087	0.552060912965646	0.970714968323377	0.695270005299658	0.558110353215821	0.941882768844923	0	0	0	0	0	0	0	0	0	0	0	0	0	0	0	0	0	0	0	0	0	0	0	0	0	0	0	0	0	0	0	0	0	0	0	0	0	0	0	0	0	0	0	0	0	0	0	0	0	0	0	0	0	0	0	0	0	0	0	0	0	0	0	0	0	0	0	0
0	0.528103018920014	0	0	0	0	0.725188027262947	0	0	0	0.758468890246603	0.72358857825928	0	0.897566017594371	0.921940830794918	0.573700511279758	0	0	0	0.632230063712478	0.925584382466947	0.987464008338815	0	0	0	0	0	0	0	0	0	0	0	0	0	0	0	0	0	0	0	0	0	0	0	0	0	0	0	0	0	0	0	0	0	0	0	0	0	0	0	0	0	0	0	0	0	0	0	0	0	0	0	0	0	0	0	0	0	0	0	0	0	0	0	0	0	0	0	0
0	0	0	0	0	0	0	0.526181027807127	0	0	0	0	0.939804349531693	0	0.899973110654853	0.851770025026848	0	0	0.508512138484873	0.78052239314829	0.542591069756184	0	0.917084717652334	0	0	0	0	0	0	0	0	0	0	0	0	0	0	0	0	0	0	0	0	0	0	0	0	0	0	0	0	0	0	0	0	0	0	0	0	0	0	0	0	0	0	0	0	0	0	0	0	0	0	0	0	0	0	0	0	0	0	0	0	0	0	0	0	0	0	0
0.756783465287842	0	0	0	0	0	0	0.768185879866159	0	0	0	0	0	0	0.745865201112119	0.694156902979553	0	0.863161464398971	0	0.78022970708866	0	0.666368726176258	0.6532906571116	0.74104803217047	0	0	0	0	0	0	0	0	0	0	0	0	0	0	0	0	0	0	0	0	0	0	0	0	0	0	0	0	0	0	0	0	0	0	0	0	0	0	0	0	0	0	0	0	0	0	0	0	0	0	0	0	0	0	0	0	0	0	0	0	0	0	0	0	0	0
0	0	0	0	0	0	0	0	0.771508168338021	0	0.812341828063359	0	0	0	0.812290892390496	0.745677118781372	0.753071818338466	0.948801711521706	0.866438994632432	0	0.979646676122515	0.542248392520997	0.50066183468682	0.798425203610314	0.896191421204381	0	0	0	0	0	0	0	0	0	0	0	0	0	0	0	0	0	0	0	0	0	0	0	0	0	0	0	0	0	0	0	0	0	0	0	0	0	0	0	0	0	0	0	0	0	0	0	0	0	0	0	0	0	0	0	0	0	0	0	0	0	0	0	0	0
0	0	0	0	0.715648453608102	0	0	0	0	0	0	0	0.519083570069758	0	0	0.706310096071742	0.677130187620382	0.811762509314028	0	0.868698208237055	0	0	0.678470307977071	0.889407888267857	0.866786050129125	0.682312771012679	0	0	0	0	0	0	0	0	0	0	0	0	0	0	0	0	0	0	0	0	0	0	0	0	0	0	0	0	0	0	0	0	0	0	0	0	0	0	0	0	0	0	0	0	0	0	0	0	0	0	0	0	0	0	0	0	0	0	0	0	0	0	0	0
0	0	0	0	0	0	0	0	0.776888146767526	0	0	0	0.920309504579916	0	0	0.983859370761256	0.870721031215277	0	0.694202775049316	0.98564160311561	0	0	0.809632560265817	0.774351859560674	0.778267329724967	0	0	0	0	0	0	0	0	0	0	0	0	0	0	0	0	0	0	0	0	0	0	0	0	0	0	0	0	0	0	0	0	0	0	0	0	0	0	0	0	0	0	0	0	0	0	0	0	0	0	0	0	0	0	0	0	0	0	0	0	0	0	0	0	0
0	0	0	0	0	0	0	0	0	0	0	0	0	0	0	0	0	0.873620478089389	0.623161140040145	0.737729228146943	0.78795980171619	0.964264877000344	0	0.907871277531801	0.736951398532153	0.616925574118614	0.69423186665494	0.885470712302784	0	0	0	0	0	0	0	0	0	0	0	0	0	0	0	0	0	0	0	0	0	0	0	0	0	0	0	0	0	0	0	0	0	0	0	0	0	0	0	0	0	0	0	0	0	0	0	0	0	0	0	0	0	0	0	0	0	0	0	0	0	0
0	0	0	0.764329363834186	0	0	0.619181847875423	0.89584523845458	0	0	0	0	0	0	0	0	0	0	0.828055816356837	0.529509733757583	0.619771228971667	0.667457677977179	0.808645927382121	0	0.655050657001248	0.516091079540118	0.73019923730396	0	0	0	0	0	0	0	0	0	0	0	0	0	0	0	0	0	0	0	0	0	0	0	0	0	0	0	0	0	0	0	0	0	0	0	0	0	0	0	0	0	0	0	0	0	0	0	0	0	0	0	0	0	0	0	0	0	0	0	0	0	0	0
0	0	0	0	0	0	0.62661540821126	0	0	0	0	0	0	0	0	0	0	0	0	0.89976051975952	0.865916787783922	0.542216392859519	0.90450077660548	0.686216548710469	0	0.573405669051732	0.862935382730899	0	0.876397585934361	0.659336283691542	0	0	0	0	0	0	0	0	0	0	0	0	0	0	0	0	0	0	0	0	0	0	0	0	0	0	0	0	0	0	0	0	0	0	0	0	0	0	0	0	0	0	0	0	0	0	0	0	0	0	0	0	0	0	0	0	0	0	0	0
0.609408164175282	0	0	0	0	0	0	0	0	0.712144902855864	0	0	0	0	0	0	0	0	0	0	0.898851514627673	0	0.834638972218277	0.643990878978397	0.835376069274634	0	0.722727521167211	0.548656690595865	0	0.801180045590918	0	0	0	0	0	0	0	0	0	0	0	0	0	0	0	0	0	0	0	0	0	0	0	0	0	0	0	0	0	0	0	0	0	0	0	0	0	0	0	0	0	0	0	0	0	0	0	0	0	0	0	0	0	0	0	0	0	0	0	0
0.769324356002999	0.619185567985946	0	0	0	0	0	0	0	0	0	0	0	0	0	0	0	0	0	0	0	0	0.550609782605573	0.765781431694653	0.702172525870098	0.792066319364103	0	0.867776317468879	0.828883287228281	0.967941904293428	0	0	0	0	0	0	0	0	0	0	0	0	0	0	0	0	0	0	0	0	0	0	0	0	0	0	0	0	0	0	0	0	0	0	0	0	0	0	0	0	0	0	0	0	0	0	0	0	0	0	0	0	0	0	0	0	0	0	0	0
0.752644581503867	0	0.640334070422284	0	0	0	0	0	0	0	0.897960517346421	0	0	0	0	0	0	0	0	0	0	0	0.665813444325545	0	0	0.569591225344112	0.726810328419088	0	0.562871958236892	0.921963045756812	0	0	0	0	0	0	0	0	0	0	0	0	0	0	0	0	0	0	0	0	0	0	0	0	0	0	0	0	0	0	0	0	0	0	0	0	0	0	0	0	0	0	0	0	0	0	0	0	0	0	0	0	0	0	0	0	0	0	0	0
0.54105217902603	0.692771905911161	0.97594274972678	0.957828477399294	0.791975209588334	0	0	0	0	0	0	0	0	0	0	0	0	0	0	0	0	0	0	0	0.765810228324723	0	0.837345978450684	0.94904540718976	0	0.985241191136941	0	0	0	0	0	0	0	0	0	0	0	0	0	0	0	0	0	0	0	0	0	0	0	0	0	0	0	0	0	0	0	0	0	0	0	0	0	0	0	0	0	0	0	0	0	0	0	0	0	0	0	0	0	0	0	0	0	0	0	0
0.722308018249433	0.54079421747333	0.701208782503752	0.940566071724239	0.932322878840855	0	0	0.700981503372853	0	0	0	0	0	0.861147169304551	0	0	0	0	0	0	0	0	0	0	0.979988662064134	0.585393099787642	0.526676084844862	0.574906878970695	0.748617613159259	0	0	0	0	0	0	0	0	0	0	0	0	0	0	0	0	0	0	0	0	0	0	0	0	0	0	0	0	0	0	0	0	0	0	0	0	0	0	0	0	0	0	0	0	0	0	0	0	0	0	0	0	0	0	0	0	0	0	0	0	0
0	0	0	0	0	0	0	0	0	0	0	0	0	0	0	0	0	0	0	0	0	0	0	0	0	0	0	0	0	0	0	0.52390900155063	0.877497730963637	0	0.979942800865578	0	0	0.93723359449887	0	0	0	0	0	0	0	0	0	0	0	0	0	0	0	0	0	0	0.5583406810762	0.671750808020369	0.738120426743551	0.660070479681705	0	0	0	0	0	0	0	0	0	0	0	0	0	0	0	0	0	0	0	0	0	0	0	0	0	0	0	0	0	0
0	0	0	0	0	0	0	0	0	0	0	0	0	0	0	0	0	0	0	0	0	0	0	0	0	0	0	0	0	0	0.512952726102789	0	0.973266639292756	0	0.607952004681111	0.588422158967076	0	0.537159088543561	0	0	0	0	0	0.708828265022968	0	0	0	0	0	0	0	0	0	0	0	0	0	0.915750097300555	0	0	0	0	0	0	0	0	0	0	0	0	0	0	0	0	0	0	0	0	0	0	0	0	0	0	0	0	0	0	0	0
0	0	0	0	0	0	0	0	0	0	0	0	0	0	0	0	0	0	0	0	0	0	0	0	0	0	0	0	0	0	0.625281842068692	0.635260950137178	0	0.768713509086131	0.66520925014281	0.618160007437859	0.548748754529508	0	0	0	0	0	0	0	0	0	0	0	0	0	0	0	0	0	0	0	0	0	0.883617666196711	0.542265847266478	0	0	0	0	0	0	0	0	0	0	0	0	0	0	0	0	0	0	0	0	0	0	0	0	0	0	0	0	0	0
0	0	0	0	0	0	0	0	0	0	0	0	0	0	0	0	0	0	0	0	0	0	0	0	0	0	0	0	0	0	0	0	0.831315703938599	0	0.630487057585803	0.508556040425715	0.520897022930178	0.762114451258001	0	0	0	0	0	0	0	0	0	0	0	0	0	0	0	0	0	0	0	0	0	0.676624983045021	0	0	0	0	0	0	0	0	0	0	0	0	0	0	0	0	0	0	0	0	0	0	0	0	0	0	0	0	0	0
0	0	0	0	0	0	0	0	0	0	0	0	0	0	0	0	0	0	0	0	0	0	0	0	0	0	0	0	0	0	0.976483343854168	0.515738501835803	0.758797166190854	0.843264074126463	0	0.97489300586148	0.539018160198612	0.96346643153718	0.863470543682474	0	0	0	0	0	0	0	0	0	0	0	0	0	0	0	0	0	0	0	0	0	0	0	0	0	0	0	0	0	0	0	0	0	0	0	0	0	0	0	0	0	0	0	0	0	0	0	0	0	0	0
0	0	0	0	0	0	0	0	0	0	0	0	0	0	0	0	0	0	0	0	0	0	0	0	0	0	0	0	0	0	0	0.59292202854034	0.867024815225075	0.88914349696659	0.509532427989582	0	0.718291645162164	0.663290438962439	0.659005282611086	0	0	0	0	0	0.88913092283031	0.624787598939683	0	0	0	0	0	0	0.775270102096677	0	0	0	0	0	0	0	0	0	0	0	0	0	0	0	0	0	0	0	0	0	0	0	0	0	0	0	0	0	0	0	0	0	0	0	0	0
0	0	0	0	0	0	0	0	0	0	0	0	0	0	0	0	0	0	0	0	0	0	0	0	0	0	0	0	0	0	0	0	0.60033586664362	0.826259370606811	0.861707496033331	0.717526248072762	0	0.531610401408741	0.52964032094871	0.571142782565618	0.861768713370264	0	0.835379399945586	0	0	0	0	0	0	0	0	0	0	0	0	0	0	0	0	0	0	0	0	0	0	0	0	0	0	0	0	0	0	0	0	0	0	0	0	0	0	0	0	0	0	0	0	0	0	0
0	0	0	0	0	0	0	0	0	0	0	0	0	0	0	0	0	0	0	0	0	0	0	0	0	0	0	0	0	0	0.705075625082763	0.81309236711622	0	0.550356368207806	0.620734065594432	0.639309968908532	0.877555395060032	0	0.863509415760497	0.710011004962984	0.731220120189299	0.527312322316982	0	0	0	0	0	0	0	0	0	0	0	0	0	0	0	0	0	0	0	0	0	0	0	0	0	0	0	0	0	0	0	0	0	0	0	0	0	0	0	0	0	0	0	0	0	0	0	0
0	0	0	0	0	0	0	0	0	0	0	0	0	0	0	0	0	0	0	0	0	0	0	0	0	0	0	0	0	0	0	0	0	0	0.969753075077106	0.519713206428162	0.927985315747724	0.512200978479664	0	0.868548739925035	0.753706157095946	0.72051055839031	0.875442479029365	0.57581161008521	0	0	0	0	0.5175049786401	0	0	0	0	0	0	0	0	0	0	0	0	0	0	0	0	0	0	0	0	0	0	0	0	0	0	0	0	0	0	0	0	0	0	0	0	0	0	0	0	0
0	0	0	0	0	0	0	0	0	0	0	0	0	0	0	0	0	0	0	0	0	0	0	0	0	0	0	0	0	0	0	0	0	0	0	0	0.899824564358422	0.673874571344381	0.889349416925654	0	0.919253977570915	0.783666066966398	0.683225235405905	0.929913858693193	0	0	0	0	0	0	0	0	0	0	0	0	0	0	0	0	0	0	0	0	0	0	0	0	0	0	0	0	0	0	0	0	0	0	0	0	0	0	0	0	0	0	0	0	0	0
0	0	0	0	0	0	0	0	0	0	0	0	0	0	0	0	0	0	0	0	0	0	0	0	0	0	0	0	0	0	0	0	0	0	0	0	0.765742925855319	0.623965227375932	0.658004605486801	0.892678141413372	0	0.932656353292315	0.54110650869225	0.667557637960658	0.697479594677598	0	0	0	0	0	0	0	0	0	0	0	0	0	0	0	0	0	0	0	0	0	0	0	0	0	0	0	0	0	0	0	0	0	0	0	0	0	0	0	0	0	0	0	0	0
0	0	0	0	0	0	0	0	0	0	0	0	0	0	0	0	0	0	0	0	0	0	0	0	0	0	0	0	0	0	0	0	0	0	0	0	0	0.883746285902728	0.680817869460637	0.523460613824517	0.661755395981546	0	0.634806927459651	0.925327713291799	0.964990999884819	0.656702415494844	0	0	0	0	0	0	0	0	0	0	0	0	0	0	0	0	0	0	0	0	0	0	0	0	0	0	0	0	0	0	0	0	0	0	0	0	0	0	0	0	0	0	0	0
0	0	0	0	0	0	0	0	0	0	0	0	0	0	0	0	0	0	0	0	0	0	0	0	0	0	0	0	0	0	0	0	0	0	0	0	0.674449042943212	0	0.744925312563119	0.838413581662122	0.643378452875149	0.845735011274737	0	0.631060121787346	0	0.996821232801169	0	0	0	0	0	0	0	0	0	0	0	0.705006626687402	0	0	0	0	0	0	0	0	0	0	0	0	0	0	0	0	0	0	0	0	0	0	0	0	0	0	0	0	0	0	0	0
0	0	0	0	0	0	0	0	0	0	0	0	0	0	0	0	0	0	0	0	0	0	0	0	0	0	0	0	0	0	0	0.620281539601596	0	0	0	0	0	0	0.602660509547208	0.819012504925838	0.741975249272939	0.555234251007305	0.92012591788182	0	0	0.856876132712126	0.736400517373171	0	0	0	0	0.532272261865375	0	0.903806295167779	0	0	0	0	0.991252513774226	0	0	0	0	0	0	0	0	0	0	0	0	0	0	0	0	0	0	0	0	0	0	0	0	0	0	0	0	0	0	0
0	0	0	0	0	0	0	0	0	0	0	0	0	0	0	0	0	0	0	0	0	0	0	0	0	0	0	0	0	0	0	0	0	0	0	0.676579830846694	0	0	0	0	0.800588147030467	0.660748334632356	0	0	0	0.94421889734045	0.670445181507011	0	0.566593055153693	0	0	0	0	0	0	0	0	0	0	0	0	0	0	0	0	0	0	0	0	0	0	0	0	0	0	0	0	0	0	0	0	0	0	0	0	0	0	0	0	0
0	0	0	0	0	0	0	0	0	0	0	0	0	0	0	0	0	0	0	0	0	0	0	0	0	0	0	0	0	0	0	0	0	0	0	0.774144878089023	0	0	0	0	0	0.682250293918892	0.711913724033724	0.744495786964692	0.863297948084185	0	0.826628897251558	0.856278851423816	0	0.926163213411191	0	0	0	0	0	0	0	0	0	0	0	0	0	0	0	0	0	0	0	0	0	0	0	0	0	0	0	0	0	0	0	0	0	0	0	0	0	0	0	0
0	0	0	0	0	0	0	0	0	0	0	0	0	0	0	0	0	0	0	0	0	0	0	0	0	0	0	0	0	0	0	0	0	0	0	0	0	0	0	0	0	0	0	0.776193650554676	0.611446348428885	0.67308285217904	0	0.860786995112734	0.674708610485592	0.520767570964932	0.600301892824172	0	0	0	0	0	0	0	0	0	0	0	0	0	0	0	0	0	0	0	0	0	0	0	0	0	0	0	0	0	0	0	0	0	0	0	0	0	0	0
0	0	0	0	0	0	0	0	0	0	0	0	0	0	0	0	0	0	0	0	0	0	0	0	0	0	0	0	0	0	0	0	0	0	0	0	0	0	0	0	0	0	0	0	0	0.931017483805024	0.741565902746772	0	0.92536128825874	0.912031884995139	0.659074954883043	0.547205778330669	0	0	0	0	0	0	0	0	0	0	0	0	0	0	0	0	0	0	0	0	0	0	0	0	0	0	0	0	0	0	0	0	0	0	0	0	0	0
0	0	0	0	0	0	0	0	0	0	0	0	0	0	0	0	0	0	0	0	0	0	0	0	0	0	0	0	0	0	0	0	0	0	0	0	0	0	0.969444370574661	0	0	0	0	0	0.923716587435644	0	0.70238029686979	0.819819811979256	0	0.655344603307892	0.891077344759975	0	0.502160226902102	0	0	0	0	0	0	0.821660805743054	0	0	0	0	0	0	0	0	0	0	0	0	0	0	0	0	0	0	0	0	0	0	0	0	0	0	0	0	0	0
0	0	0	0	0	0	0	0	0	0	0	0	0	0	0	0	0	0	0	0	0	0	0	0	0	0	0	0	0	0	0	0	0	0	0	0	0	0	0	0	0	0	0	0	0	0.550112370631072	0.809174552478427	0.864652759157967	0.529687521893095	0	0.903123929169942	0.708546479662685	0.965956460046927	0.873796322225786	0	0.578740306409804	0	0	0	0	0	0	0	0	0	0	0	0	0	0	0	0	0	0	0	0	0	0	0	0	0	0	0	0	0	0	0	0	0	0
0	0	0	0	0	0	0	0	0	0	0	0	0	0	0	0	0	0	0	0	0	0	0	0	0	0	0	0	0	0	0	0	0	0	0	0	0	0	0	0	0	0	0	0	0	0	0.558330860016953	0.835685046241067	0.799707687479281	0.558900886224	0	0.639962167774687	0.700594230015313	0.776962277215326	0.755001283535897	0	0	0	0	0	0	0	0	0	0	0	0	0	0	0	0	0	0	0	0	0	0	0	0	0	0	0	0	0	0	0	0	0	0	0
0	0	0	0	0	0	0	0	0	0	0	0	0	0	0	0	0	0	0	0	0	0	0	0	0	0	0	0	0	0	0	0	0	0	0	0	0	0	0	0	0	0	0	0.659335918751619	0	0	0	0.548577817077584	0	0.685836952409568	0.596144364273561	0	0	0.642214962402601	0.569054534913917	0.871944500695614	0	0	0	0	0	0	0	0	0	0	0	0	0	0	0	0	0	0	0	0	0	0	0	0	0	0	0	0	0	0	0	0	0	0
0	0	0	0	0	0	0	0	0	0	0	0	0	0	0	0	0	0	0	0	0	0	0	0	0	0	0	0	0	0	0	0	0	0	0	0.756808885410178	0	0	0	0	0	0	0	0	0	0	0	0	0.980870300674639	0.967531757953309	0.861752540795244	0	0	0.894979422353504	0.741245276419501	0.834361295259838	0	0	0	0	0	0	0	0	0	0	0	0	0	0	0	0	0	0	0	0	0	0	0	0	0	0	0	0	0	0	0	0	0	0
0	0	0	0	0	0	0	0	0	0	0	0	0	0	0	0	0	0	0	0	0	0	0	0	0	0	0	0	0	0	0	0	0	0	0	0	0	0	0	0	0	0	0	0.913595514583407	0	0	0	0	0	0.809041183825918	0.914612856047342	0.958964569365459	0.548677503703564	0	0.829556559268956	0.945434718598137	0.725641499732569	0.856869891517513	0	0	0	0	0	0	0	0	0	0	0	0	0	0	0	0	0	0	0	0	0	0	0	0	0	0	0	0	0	0	0	0
0	0	0	0	0	0	0	0	0	0	0	0	0	0	0	0	0	0	0	0	0	0	0	0	0	0	0	0	0	0	0	0	0	0	0	0	0	0	0	0	0	0	0	0	0	0	0	0	0	0	0.738341965777769	0.802999104746783	0.548807684721622	0.832016928653793	0	0.621694645984156	0.526412782510735	0.818494796728116	0.598517498730097	0	0	0	0	0	0	0	0	0	0	0	0	0	0	0	0	0	0	0	0	0	0	0	0	0	0	0	0	0	0	0
0	0	0	0	0	0	0	0	0	0	0	0	0	0	0	0	0	0	0	0	0	0	0	0	0	0	0	0	0	0	0	0	0	0	0	0	0	0	0	0	0	0	0	0	0	0	0	0	0	0.9205907108764	0	0.532522358709937	0.508729247217322	0.914245929631132	0.738773491552391	0	0.969664559156208	0	0.984240089699918	0.55026079132179	0	0	0	0	0	0	0	0	0	0	0	0	0	0	0	0	0	0	0	0	0	0	0	0	0	0	0	0	0	0
0	0	0	0	0	0	0	0	0	0	0	0	0	0	0	0	0	0	0	0	0	0	0	0	0	0	0	0	0	0	0.574750009910468	0	0	0	0	0	0	0	0	0	0	0	0	0	0	0	0	0	0	0	0	0	0	0.543849784358137	0.721816703610284	0.621890452521577	0	0.856646391732962	0.663946600177028	0.764020238418313	0	0	0	0	0	0	0	0	0	0	0	0	0	0	0	0	0	0	0	0	0	0	0	0	0	0	0	0	0	0
0	0	0	0	0	0	0	0	0	0	0	0	0	0	0	0	0	0	0	0	0	0	0	0	0	0	0	0	0	0	0.674480522819445	0.700669357746594	0	0	0	0	0	0	0	0	0	0	0.752783502820227	0	0	0	0	0	0	0	0	0	0	0.798662820960858	0.851540560188529	0	0.586980101387128	0	0.579480311869185	0.685514159148626	0	0	0	0	0	0	0	0	0	0	0	0	0	0	0	0	0	0	0	0	0	0	0	0	0	0	0	0	0	0
0	0	0	0	0	0	0	0	0	0	0	0	0	0	0	0	0	0	0	0	0	0	0	0	0	0	0	0	0	0	0.792047213455158	0	0.597698121854604	0	0	0	0	0	0	0	0	0	0	0.511485193144026	0	0	0	0	0	0	0	0	0	0	0.995266189136247	0.90548260978381	0.779345338969763	0.945324013063345	0	0.559683683621506	0	0	0	0	0	0	0	0	0	0	0	0	0	0	0	0	0	0	0	0	0	0	0	0	0	0	0	0	0	0
0	0	0	0	0	0	0	0	0	0	0	0	0	0	0	0	0	0	0	0	0	0	0	0	0	0	0	0	0	0	0.997622541176031	0	0.82811814702652	0.650079160066988	0	0	0	0	0	0	0	0	0	0	0	0	0	0	0.541945164852034	0	0	0	0	0	0	0.614104028734351	0.912711172739209	0.85268351561412	0.683879303941733	0	0	0	0	0	0	0	0	0	0	0	0	0	0	0	0	0	0	0	0	0	0	0	0	0	0	0	0	0	0	0
0	0	0	0	0	0	0	0	0	0	0	0	0	0	0	0	0	0	0	0	0	0	0	0	0	0	0	0	0	0	0	0	0	0	0	0	0	0	0	0	0	0	0	0	0	0	0	0	0	0	0	0	0	0	0	0	0	0	0	0	0	0	0	0.91743239323104	0	0.884486162178406	0	0	0.795054407700625	0	0.951423918336939	0.61459851960083	0.846673347247586	0	0.781858657723816	0.84558619078971	0	0	0	0.610047373368359	0.805042169222967	0	0	0	0	0.83981866081042	0.873366323712897	0.594164799949342	0.620787523555636	0
0	0	0	0	0	0	0	0	0	0	0	0	0	0	0	0	0	0	0	0	0	0	0	0	0	0	0	0	0	0	0	0	0	0	0	0	0	0	0	0	0	0	0	0	0	0	0	0	0	0	0	0	0	0	0	0	0	0	0	0	0	0	0	0.509960222296293	0	0	0.92430758470315	0	0.847645121337748	0	0.904898732929403	0	0	0.511830668887921	0.804279688017798	0.525521735402347	0	0.9761614145277	0	0	0.812671545000217	0.881447208017203	0	0.80641689666835	0	0	0.608919619434429	0	0	0.573195128496083
0	0	0	0	0	0	0	0	0	0	0	0	0	0	0	0	0	0	0	0	0	0	0	0	0	0	0	0	0	0	0	0	0	0	0	0	0	0	0	0	0	0	0	0	0	0	0	0	0	0	0	0	0	0	0	0	0	0	0	0	0	0	0	0.856602495657115	0.892713879872754	0.828934490221358	0	0	0	0	0	0	0.696272204104504	0	0	0.632030907047582	0.789514824432593	0.705806516510088	0.61577852193313	0	0.954040159671847	0	0	0	0.82539612969015	0.768961070986995	0.902510285202137	0	0	0.965614800720853
0	0	0	0	0	0	0	0	0	0	0	0	0	0	0	0	0	0	0	0	0	0	0	0	0	0	0	0	0	0	0	0	0	0	0	0	0	0	0	0	0	0	0	0	0	0	0	0	0	0	0	0	0	0	0	0	0	0	0	0	0.517942041368171	0.95797188070178	0.951242568496413	0	0.741472786549909	0	0.74730863462809	0.856362629251664	0	0.596083094667017	0	0	0.84793914204329	0.526154227385399	0	0	0.597366245105075	0	0.915402052766227	0.523820753122771	0.908433095765643	0.794117675256519	0	0.820054070755001	0	0	0	0.849328988811624	0	0
0	0	0	0	0	0	0	0	0	0	0	0	0	0	0	0	0	0	0	0	0	0	0	0	0	0	0	0	0	0	0	0	0	0	0	0	0	0	0	0	0	0	0	0	0	0	0	0	0	0	0	0	0	0	0	0	0	0	0	0	0	0	0.541213610855024	0.771652434626573	0	0	0	0.985497253335179	0.90148919578891	0.834012913673731	0.86426585160757	0.750916141680954	0.937586982193176	0	0	0.66012111437711	0	0	0	0.525414090692452	0	0.633748211715659	0	0.535190150697441	0.664268428520565	0	0.863087322308582	0	0.685837712802386	0
0	0	0	0	0	0	0	0	0	0	0	0	0	0	0	0	0	0	0	0	0	0	0	0	0	0	0	0	0	0	0	0	0	0	0	0	0	0	0	0	0	0	0	0	0	0	0	0	0	0	0	0	0	0	0	0	0	0	0	0	0.660669298093598	0	0.517749244379875	0	0	0	0.760105980720271	0.809839252133459	0	0	0.595990765040857	0	0	0	0	0	0	0	0	0.905011594596947	0	0.732945959996975	0.78400223472973	0.65145777235143	0.963745587392983	0	0	0.573800448307319	0.749348577252359	0
0	0	0	0	0	0	0	0	0	0	0	0	0	0	0	0	0	0	0	0	0	0	0	0	0	0	0	0	0	0	0	0	0	0	0	0	0	0	0	0	0	0	0	0	0	0	0	0	0	0	0	0	0	0	0	0	0	0	0	0	0	0.640001387154217	0	0.616479755730594	0	0.597523061383611	0	0.988290793155065	0.86203879988132	0	0	0	0.626147152762638	0.824381907431075	0	0.96277903518677	0	0.810459115208805	0.690549027129627	0	0	0	0	0	0.893851494362986	0.970975130409867	0	0	0.980529908587016	0.566085115913528
0	0	0	0	0	0	0	0	0	0	0	0	0	0	0	0	0	0	0	0	0	0	0	0	0	0	0	0	0	0	0	0	0	0	0	0	0	0	0	0	0	0	0	0	0	0	0	0	0	0	0	0	0	0	0	0	0	0	0	0	0	0	0	0.827645071863208	0.822571241616496	0.940299244964349	0.955990288356584	0	0	0.973008630110954	0	0.947790898384045	0	0	0	0.575863288992143	0.898573002899268	0.568798066168992	0	0.991179221109212	0	0.653306788452838	0	0	0.592393225780073	0	0	0	0	0.572409875173732
0	0	0	0	0	0	0	0	0	0	0	0	0	0	0	0	0	0	0	0	0	0	0	0	0	0	0	0	0	0	0	0	0	0	0	0	0	0	0	0	0	0	0	0	0	0	0	0	0	0	0	0	0	0	0	0	0	0	0	0	0.764256471915597	0.672880254175529	0	0	0.646763180675356	0	0.822107560880802	0	0	0.74503078442289	0	0.668919842453407	0	0	0.727507921980577	0.971602830214857	0	0.839240575060739	0	0.941448819869258	0.613107380218606	0	0.836655255639478	0	0.521902922439566	0	0	0	0.9610859912636	0.605215276457852
0	0	0	0	0	0	0	0	0	0	0	0	0	0	0	0	0	0	0	0	0	0	0	0	0	0	0	0	0	0	0	0	0	0	0	0	0	0	0	0	0	0	0	0	0	0	0	0	0	0	0	0	0	0	0	0	0	0	0	0	0	0	0	0.782258325801026	0.713038369798684	0	0	0.846717869036746	0.998132261178078	0	0	0.631029000040528	0	0.777974230246148	0.512050739595557	0.8865401165307	0.899167148128305	0	0	0	0	0.868859616031992	0.58773977705025	0.907815806402688	0	0	0	0	0.569814651507394	0
0	0	0	0	0	0	0	0	0	0	0	0	0	0	0	0	0	0	0	0	0	0	0	0	0	0	0	0	0	0	0	0	0	0	0	0	0	0	0	0	0	0	0	0	0	0	0	0	0	0	0	0	0	0	0	0	0	0	0	0	0.932060453258623	0.761034256040684	0	0	0.769278892088109	0.929857327555906	0	0	0	0	0	0	0	0.756456169874881	0	0.529015036203001	0.657598437171744	0	0.96281393390633	0	0.571385373651225	0.725450191813605	0.860086097282239	0.728559429275684	0.903276214936694	0.72512345817721	0	0	0	0.903412043457483
0	0	0	0	0	0	0	0	0	0	0	0	0	0	0	0	0	0	0	0	0	0	0	0	0	0	0	0	0	0	0	0	0	0	0	0	0	0	0	0	0	0	0	0	0	0	0	0	0	0	0	0	0	0	0	0	0	0	0	0	0.830156224048091	0	0	0	0.905254608005065	0	0	0.751115169948733	0.674012396340974	0.758391585931986	0	0	0	0	0	0	0.681398985238258	0.502517035902335	0	0.889705858662645	0.709027432441588	0.657910904490233	0.509010543002956	0.594304497873506	0	0.692612680570516	0	0	0	0.529747287419231
0	0	0	0	0	0	0	0	0	0	0	0	0	0	0	0	0	0	0	0	0	0	0	0	0	0	0	0	0	0	0	0	0	0	0	0	0	0	0	0	0	0	0	0	0	0	0	0	0	0	0	0	0	0	0	0	0	0	0	0	0.892450512991659	0	0.661669507175523	0.652724321187586	0.676426892128126	0	0.840885367949978	0	0	0	0	0	0	0.736679364938535	0.766613447576312	0.58515749424465	0	0.549481185386618	0	0.922389556250395	0.989105522060752	0.508060633594882	0	0.811684764657173	0.600393519558915	0	0	0	0	0
0	0	0	0	0	0	0	0	0	0	0	0	0	0	0	0	0	0	0	0	0	0	0	0	0	0	0	0	0	0	0	0	0	0	0	0	0	0	0	0	0	0	0	0	0	0	0	0	0	0	0	0	0	0	0	0	0	0	0	0	0	0.72850385571678	0	0.801398624053518	0	0	0.576039670733324	0	0	0.935635565826769	0.509550798303393	0	0.789208745910361	0	0	0	0	0	0	0	0	0.940195767772054	0.806756746010419	0	0.709607657364732	0	0.731674843749418	0.868374105690833	0.708342788732487	0.978915143751561
0	0	0	0	0	0	0	0	0	0	0	0	0	0	0	0	0	0	0	0	0	0	0	0	0	0	0	0	0	0	0	0	0	0	0	0	0	0	0	0	0	0	0	0	0	0	0	0	0	0	0	0	0	0	0	0	0	0	0	0	0.768531083429868	0.763591300080507	0	0	0	0	0	0	0.630011782855805	0.86046439270123	0	0	0.57743203815579	0	0	0.646582144242249	0	0.94123275487661	0	0.768694112809312	0.626467253384449	0.505759593725075	0.550859059189197	0	0.691054546692564	0.979072889669633	0	0.686240052355454	0.793010990935441	0
0	0	0	0	0	0	0	0	0	0	0	0	0	0	0	0	0	0	0	0	0	0	0	0	0	0	0	0	0	0	0	0	0	0	0	0	0	0	0	0	0	0	0	0	0	0	0	0	0	0	0	0	0	0	0	0	0	0	0	0	0.877983652068545	0.645103175253784	0.964987375951056	0	0.544479350041495	0	0.773753444517436	0.910930977718987	0.972183474532039	0.930448099000133	0.848392079413766	0	0.503960177856154	0	0.620012342171241	0	0.697302314061729	0	0.854475995975429	0	0	0	0.765664478877378	0.59385637462667	0	0.527963908254809	0	0	0	0
0	0	0	0	0	0	0	0	0	0	0	0	0	0	0	0	0	0	0	0	0	0	0	0	0	0	0	0	0	0	0	0	0	0	0	0	0	0	0	0	0	0	0	0	0	0	0	0	0	0	0	0	0	0	0	0	0	0	0	0	0	0	0.603144676900432	0.798569615930482	0	0	0	0.785658347153208	0	0.954417542229026	0.874839265027942	0.759903135872994	0	0	0	0.896137182452557	0	0.658235827077629	0.936757827093989	0.816276379795668	0.857295608179372	0.976301975415848	0	0	0.614685026937701	0.66256468937207	0	0.723266605956438	0	0
0	0	0	0	0	0	0	0	0	0	0	0	0	0	0	0	0	0	0	0	0	0	0	0	0	0	0	0	0	0	0	0	0	0	0	0	0	0	0	0	0	0	0	0	0	0	0	0	0	0	0	0	0	0	0	0	0	0	0	0	0	0.875586678123779	0.833896782291246	0	0	0	0.749341679364122	0.559019794071371	0.762583086939364	0	0	0.528649363881779	0.852529704295422	0	0.650310093740316	0	0.722098590108809	0	0.790156991147727	0.988878755440891	0	0.518838262841485	0	0	0.502092252265575	0.920433219065889	0.757440437847827	0	0	0
0	0	0	0	0	0	0	0	0	0	0	0	0	0	0	0	0	0	0	0	0	0	0	0	0	0	0	0	0	0	0	0	0	0	0	0	0	0	0	0	0	0	0	0	0	0	0	0	0	0	0	0	0	0	0	0	0	0	0	0	0	0	0.718086987111331	0.542387677375503	0	0	0.887295424902591	0	0	0	0.633915631909299	0	0	0	0	0.535053861002939	0.945405826601397	0.528273038614244	0	0	0	0.573308303313706	0	0.595788515879409	0.996644197308109	0	0.76983394727768	0.586075099554846	0.650022971232098	0
0	0	0	0	0	0	0	0	0	0	0	0	0	0	0	0	0	0	0	0	0	0	0	0	0	0	0	0	0	0	0	0	0	0	0	0	0	0	0	0	0	0	0	0	0	0	0	0	0	0	0	0	0	0	0	0	0	0	0	0	0.818673961904111	0	0	0.728395827957065	0.539361674744241	0.909651824238204	0	0.942727425931008	0.537029769121129	0	0	0.955929194330765	0.723674894177586	0	0.545655812216383	0	0.718960420407546	0.866273193728677	0	0	0.804435640316952	0.50694501935734	0.689597200269553	0	0.955517435935217	0	0.972441076302692	0	0.809846934071346	0.524022414189791
0	0	0	0	0	0	0	0	0	0	0	0	0	0	0	0	0	0	0	0	0	0	0	0	0	0	0	0	0	0	0	0	0	0	0	0	0	0	0	0	0	0	0	0	0	0	0	0	0	0	0	0	0	0	0	0	0	0	0	0	0.912305126497372	0.663664743194299	0.525856375908301	0.7568457154039	0	0	0	0	0.769936666451512	0	0.545220295937062	0.642033944890877	0.763605921745393	0	0.78904027696069	0	0.567434151251051	0	0	0.54417992113603	0	0	0.722451282785113	0	0	0	0	0.903523638905503	0.79724726029612	0
0	0	0	0	0	0	0	0	0	0	0	0	0	0	0	0	0	0	0	0	0	0	0	0	0	0	0	0	0	0	0	0	0	0	0	0	0	0	0	0	0	0	0	0	0	0	0	0	0	0	0	0	0	0	0	0	0	0	0	0	0	0.963123220873034	0	0.846613065795879	0.662912458765672	0.689480416586478	0	0.911523741535161	0	0.716537808412605	0.796663067358375	0.868380309312994	0.60506044177231	0.848386721532679	0.98879073884505	0	0.612710044622242	0.931698143921915	0.510043609890645	0.95377214667851	0	0	0	0.876182536150454	0	0	0	0.689014416300557	0	0
0	0	0	0	0	0	0	0	0	0	0	0	0	0	0	0	0	0	0	0	0	0	0	0	0	0	0	0	0	0	0	0	0	0	0	0	0	0	0	0	0	0	0	0	0	0	0	0	0	0	0	0	0	0	0	0	0	0	0	0	0	0	0	0	0	0.990712667063428	0	0	0.762669198177932	0.847668987928217	0.767462262027927	0.597652199634305	0	0.97206129931625	0.643363945694014	0.911173986935149	0	0	0	0.641437822259163	0.723062811062824	0	0	0.544237790994641	0	0	0	0.63586840767071	0	0.531802225193753
0	0	0	0	0	0	0	0	0	0	0	0	0	0	0	0	0	0	0	0	0	0	0	0	0	0	0	0	0	0	0	0	0	0	0	0	0	0	0	0	0	0	0	0	0	0	0	0	0	0	0	0	0	0	0	0	0	0	0	0	0	0.628179411570303	0	0.869657882022678	0.928766719443558	0.681886019176779	0	0	0	0.90075605068462	0.827530187128075	0.636041830369715	0.533388007346129	0	0	0.711095508683351	0	0	0.835934447811684	0	0	0.935061838108937	0.800379357768369	0	0.608977706172691	0	0	0	0.82294262157276	0
0	0	0	0	0	0	0	0	0	0	0	0	0	0	0	0	0	0	0	0	0	0	0	0	0	0	0	0	0	0	0	0	0	0	0	0	0	0	0	0	0	0	0	0	0	0	0	0	0	0	0	0	0	0	0	0	0	0	0	0	0	0	0.976248894705691	0	0.877919736017676	0.55998629370416	0.984591892137367	0.506345753206473	0.817248694133723	0	0.716296138766556	0	0.742568756146448	0.97100793029694	0.589641889998831	0	0.668426291529739	0.526065306780422	0.805631837345095	0.800577663195898	0	0	0	0.905148590372313	0	0.602201288418545	0	0	0	0.633651014395001
0	0	0	0	0	0	0	0	0	0	0	0	0	0	0	0	0	0	0	0	0	0	0	0	0	0	0	0	0	0	0	0	0	0	0	0	0	0	0	0	0	0	0	0	0	0	0	0	0	0	0	0	0	0	0	0	0	0	0	0	0.542474059561046	0	0.615682137368627	0	0	0	0.639178420118969	0	0	0	0.503855381148659	0.523018903452583	0	0	0.607827980312736	0.518318461974992	0.618057748740006	0.561472859885332	0	0	0	0	0	0	0.800786801750612	0	0.71798941403466	0.87152697037827	0	0
0	0	0	0	0	0	0	0	0	0	0	0	0	0	0	0	0	0	0	0	0	0	0	0	0	0	0	0	0	0	0	0	0	0	0	0	0	0	0	0	0	0	0	0	0	0	0	0	0	0	0	0	0	0	0	0	0	0	0	0	0.96164092983385	0.903188742896475	0.503964106804034	0	0.942198176254646	0	0	0	0	0	0	0	0	0.588554999028096	0	0	0	0.938665054516253	0.848793434007349	0.739157323836681	0	0	0	0	0	0.731618439483216	0	0	0	0.942986321759376
0	0	0	0	0	0	0	0	0	0	0	0	0	0	0	0	0	0	0	0	0	0	0	0	0	0	0	0	0	0	0	0	0	0	0	0	0	0	0	0	0	0	0	0	0	0	0	0	0	0	0	0	0	0	0	0	0	0	0	0	0.524351331917482	0	0	0.547987481106827	0	0.956307175828249	0	0	0	0	0	0	0	0.558312022209121	0.692994098413211	0	0.612421749296751	0	0.789271493826692	0	0.513167884375998	0.982503350644818	0.76909380598512	0	0	0.735243481165127	0	0	0	0
0	0	0	0	0	0	0	0	0	0	0	0	0	0	0	0	0	0	0	0	0	0	0	0	0	0	0	0	0	0	0	0	0	0	0	0	0	0	0	0	0	0	0	0	0	0	0	0	0	0	0	0	0	0	0	0	0	0	0	0	0.960756211757181	0	0	0	0.995528824453789	0.740384137143257	0.762344857027606	0	0.815690698092729	0.679284899295238	0	0	0	0.648188762870202	0.535432279643724	0	0	0	0.949774115898616	0.550109763805535	0.934502123971657	0	0	0.993535909908609	0	0	0	0	0	0.79084521013897
0	0	0	0	0	0	0	0	0	0	0	0	0	0	0	0	0	0	0	0	0	0	0	0	0	0	0	0	0	0	0	0	0	0	0	0	0	0	0	0	0	0	0	0	0	0	0	0	0	0	0	0	0	0	0	0	0	0	0	0	0	0.889625227204177	0.772049269655675	0	0	0	0.573461613277485	0.799760939489357	0.779824785388689	0	0.970984806331414	0.955474751003191	0	0.905300471019869	0	0	0	0	0	0.58444490475984	0	0	0.732236788680885	0	0.882905078669117	0	0.57288131832606	0	0.573066373909751	0
