0	0	0	0	0.551626392037676	0	0.53708830785295	0.647010795308521	0.63282474985362	0	0.630304383688475	0	0.71940970451173	0	0	0.72049121857915	0	0.913346009349589	0	0.868821954778735	0.944077359772785	0	0.619719350027998	0	0.501023177655171	0.570449593367768	0.866087792461571	0	0	0.531551516188476	0	0	0	0	0	0	0	0	0	0	0	0	0	0	0	0	0	0	0	0	0	0	0	0	0	0	0	0	0	0	0	0	0	0	0	0	0	0	0	0	0	0	0	0	0	0	0	0	0	0	0	0	0	0	0	0	0	0	0	0
0	0	0	0	0.603638560555767	0.854944676831834	0	0.869723413267309	0	0	0	0.542226707698268	0.592058944858289	0.62232287399408	0.986140545998457	0	0	0	0	0	0.929081690835475	0	0.542495023701455	0	0.691463670072484	0.88370129436481	0.564837897820543	0	0	0.9291960532655	0	0	0	0	0	0	0	0	0	0	0	0	0	0	0	0	0	0	0	0	0	0	0	0	0	0	0	0	0	0	0	0	0	0	0	0	0	0	0	0	0	0	0	0	0	0	0	0	0	0	0	0	0	0	0	0	0	0	0	0
0	0	0	0.678111038686481	0.766290779838818	0	0.995997057269339	0.888876439487185	0.810539443482541	0	0	0.547570995123344	0	0.525143799078891	0	0.577645251546907	0	0	0.777649430772461	0	0	0	0.634628141404265	0.518158779587559	0	0	0	0	0.783499500485056	0.62008750752585	0	0	0	0	0	0	0	0	0	0	0	0	0	0	0	0	0	0	0	0	0	0	0	0	0	0	0	0	0	0	0	0	0	0	0	0	0	0	0	0	0	0	0	0	0	0	0	0	0	0	0	0	0	0	0	0	0	0	0	0
0	0	0.6678892153703	0	0.674949251477177	0	0.723654096668668	0	0.627484444037226	0	0.508766942897574	0	0.536772138200618	0	0	0.862663393834929	0.817694523226738	0	0	0.72925107921425	0	0	0.651086087251395	0.930361917319016	0	0	0.953338303112669	0.573876316370869	0.515403221537073	0.737202186943049	0	0	0	0	0	0	0	0	0	0	0	0	0	0	0	0	0	0	0	0	0	0	0	0	0	0	0	0	0	0	0	0	0	0	0	0	0	0	0	0	0	0	0	0	0	0	0	0	0	0	0	0	0	0	0	0	0	0	0	0
0.555846167554712	0.864791023491406	0.987607253449024	0.523162793792111	0	0	0	0.531000098326847	0.697088083325938	0	0	0.751837582174974	0.762407398057672	0	0	0.909062824713101	0	0.690454972217694	0	0	0	0	0	0.807266240592509	0	0.846681630818539	0.632695248341734	0.684309333420161	0	0	0	0	0	0	0	0	0	0	0	0	0	0	0	0	0	0	0	0	0	0	0	0	0	0	0	0	0	0	0	0	0	0	0	0	0	0	0	0	0	0	0	0	0	0	0	0	0	0	0	0	0	0	0	0	0	0	0	0	0	0
0	0.65435202720879	0	0	0	0	0.795729421700004	0.510917593694035	0.992188470641314	0.932836656896633	0.618545645939666	0.683019143750112	0	0	0.828104928773701	0.709124890815799	0.735720208679782	0.721545274813468	0.599398345858532	0	0	0	0.743346579306176	0.705456386547366	0	0.916027039366621	0	0	0.990010689944839	0	0	0	0	0	0	0	0	0	0	0	0	0	0	0	0	0	0	0	0	0	0	0	0	0	0	0	0	0	0	0	0	0	0	0	0	0	0	0	0	0	0	0	0	0	0	0	0	0	0	0	0	0	0	0	0	0	0	0	0	0
0.612932888468688	0	0.945832440643957	0.89104937764385	0	0.839962398421805	0	0	0	0.901060505409715	0	0.817227214375346	0	0.653459766908267	0.815785107350254	0	0	0	0	0	0	0	0.919817339199242	0	0.881590428184935	0	0	0.566192317631774	0	0.721364227193969	0	0	0	0	0	0	0	0	0	0	0	0	0	0	0	0	0	0	0	0	0	0	0	0	0	0	0	0	0	0	0	0	0	0	0	0	0	0	0	0	0	0	0	0	0	0	0	0	0	0	0	0	0	0	0	0	0	0	0	0
0.767908038851087	0.531212367345657	0.957467774581336	0	0.799018311406216	0.814128506742252	0	0	0.863423437968419	0.789204996705371	0.97021795636515	0.6457953071431	0.833970348551722	0.518893079438599	0	0	0	0	0.66667935299107	0	0	0	0	0	0.507088946236375	0	0	0.896106615152277	0	0.575087034933335	0	0	0	0	0	0	0	0	0	0	0	0	0	0	0	0	0	0	0	0	0	0	0	0	0	0	0	0	0	0	0	0	0	0	0	0	0	0	0	0	0	0	0	0	0	0	0	0	0	0	0	0	0	0	0	0	0	0	0	0
0.626099142275924	0	0.762314727367535	0.998472493877851	0.574963601909076	0.829624114791536	0	0.637134867128546	0	0	0	0.865360073410455	0.533672438664981	0.838291640336573	0	0	0	0	0.935052642914824	0	0	0	0	0	0	0	0	0.719820151390268	0	0	0	0	0	0	0	0	0	0	0	0	0	0	0	0	0	0	0	0	0	0	0	0	0	0	0	0	0	0	0	0	0	0	0	0	0	0	0	0	0	0	0	0	0	0	0	0	0	0	0	0	0	0	0	0	0	0	0	0	0	0
0	0	0	0	0	0.930725367114857	0.873282636333644	0.534368370297641	0	0	0.667193279957111	0	0	0	0	0.866196453474825	0.696103920539564	0.859725882899596	0.802463185647166	0	0	0	0	0.514510415057856	0.756292126006729	0	0	0.925122842913894	0.500318755355019	0.771847613988315	0	0	0	0	0	0	0	0	0	0	0	0	0	0	0	0	0	0	0	0	0	0	0	0	0	0	0	0	0	0	0	0	0	0	0	0	0	0	0	0	0	0	0	0	0	0	0	0	0	0	0	0	0	0	0	0	0	0	0	0
0.603536353156501	0	0	0.634864255338245	0	0.572756307432903	0	0.525787290097946	0	0.603044142741675	0	0.889578190786974	0.815470932380149	0.840597245764949	0.850308843832996	0.885102198872213	0.582812200728844	0	0	0.98921977009918	0	0	0	0	0.522330006354512	0	0	0.717592628510005	0	0.725572701580308	0	0	0	0	0	0	0	0	0	0	0	0	0	0	0	0	0	0	0	0	0	0	0	0	0	0	0	0	0	0	0	0	0	0	0	0	0	0	0	0	0	0	0	0	0	0	0	0	0	0	0	0	0	0	0	0	0	0	0	0
0	0.681455649693633	0.586767697489482	0	0.97620356513324	0.93896224253323	0.918030049451768	0.657642767207888	0.677549543621645	0	0.608217386754418	0	0.729398312257337	0	0	0	0	0	0	0.918920311166369	0	0.793888195946606	0	0.799752264408945	0.946253409389986	0	0	0	0.581534427120938	0	0	0	0	0	0	0	0	0	0	0	0	0	0	0	0	0	0	0	0	0	0	0	0	0	0	0	0	0	0	0	0	0	0	0	0	0	0	0	0	0	0	0	0	0	0	0	0	0	0	0	0	0	0	0	0	0	0	0	0	0
0.748023364334928	0.586364225190526	0	0.804958471756782	0.795904180219037	0	0	0.841191233109787	0.514641360814489	0	0.947609986510976	0.930466861599335	0	0.755213475037928	0	0	0.784896827552052	0	0	0	0.978824675467121	0	0	0	0	0	0.70479162757974	0.763920745851988	0	0	0	0	0	0	0	0	0	0	0	0	0	0	0	0	0	0	0	0	0	0	0	0	0	0	0	0	0	0	0	0	0	0	0	0	0	0	0	0	0	0	0	0	0	0	0	0	0	0	0	0	0	0	0	0	0	0	0	0	0	0
0	0.995581909986599	0.777124909343873	0	0	0	0.721143366807484	0.520389417018694	0.994463872499198	0	0.729182303159344	0	0.868931101722159	0	0	0	0.683700909138604	0.789680565348794	0	0.782368809333486	0	0	0.54636088047718	0.749475807109698	0	0	0.771196266740036	0.888691347335894	0.90775740658331	0	0	0	0	0	0	0	0	0	0	0	0	0	0	0	0	0	0	0	0	0	0	0	0	0	0	0	0	0	0	0	0	0	0	0	0	0	0	0	0	0	0	0	0	0	0	0	0	0	0	0	0	0	0	0	0	0	0	0	0	0
0	0.715791957138192	0	0	0	0.687266063970895	0.764036125395465	0	0	0	0.537526491491663	0	0	0	0	0.587020059406201	0.838444239250509	0	0	0	0.690417398574673	0.735964489083893	0.891371260727833	0	0.738783135609073	0	0	0.560112158878587	0	0.773756385931146	0	0	0	0	0	0	0	0	0	0	0	0	0	0	0	0	0	0	0	0	0	0	0	0	0	0	0	0	0	0	0	0	0	0	0	0	0	0	0	0	0	0	0	0	0	0	0	0	0	0	0	0	0	0	0	0	0	0	0	0
0.554699054677423	0	0.729401810772594	0.760837361588533	0.96353034248094	0.572441219421016	0	0	0	0.859850218458999	0.897053578583214	0	0	0	0.983173074709627	0	0	0	0	0	0.556719694650248	0.834716108362279	0	0.860696863120467	0	0	0.795300618404245	0.976166284484369	0	0.700365856210978	0	0	0	0	0	0	0	0	0	0	0	0	0	0	0	0	0	0	0	0	0	0	0	0	0	0	0	0	0	0	0	0	0	0	0	0	0	0	0	0	0	0	0	0	0	0	0	0	0	0	0	0	0	0	0	0	0	0	0	0
0	0	0	0.899353402715679	0	0.888308081626546	0	0	0	0.786702259098336	0.810124504753309	0	0.68498276269845	0.765238396087355	0.573520804158087	0	0	0.52275860895868	0	0.763271486093892	0	0.947539796784931	0	0	0.812848060596737	0	0.511812595304016	0.819442143231477	0.843442899021101	0	0	0	0	0	0	0	0	0	0	0	0	0	0	0	0	0	0	0	0	0	0	0	0	0	0	0	0	0	0	0	0	0	0	0	0	0	0	0	0	0	0	0	0	0	0	0	0	0	0	0	0	0	0	0	0	0	0	0	0	0
0.588427029763226	0	0	0	0.53654340623857	0.615055799664864	0	0	0	0.560217358363969	0	0	0	0.587799660438789	0	0	0.527341499726154	0	0.784098743050684	0	0.869080063659732	0.505226530000306	0	0.97201414775196	0.959170943101596	0.725517409967126	0.504118735580635	0	0	0.704411143027761	0	0	0	0	0	0	0	0	0	0	0	0	0	0	0	0	0	0	0	0	0	0	0	0	0	0	0	0	0	0	0	0	0	0	0	0	0	0	0	0	0	0	0	0	0	0	0	0	0	0	0	0	0	0	0	0	0	0	0	0
0	0	0.977069416000217	0	0	0.633310747036658	0	0.816782132427522	0.757272500290535	0.525713821505654	0	0	0	0	0	0	0	0.689235631838172	0	0.695027546244847	0.588717909332091	0	0	0.540684904937396	0	0.846531582154292	0.633077881809849	0.947950065193573	0.922059622835835	0	0	0	0	0	0	0	0	0	0	0	0	0	0	0	0	0	0	0	0	0	0	0	0	0	0	0	0	0	0	0	0	0	0	0	0	0	0	0	0	0	0	0	0	0	0	0	0	0	0	0	0	0	0	0	0	0	0	0	0	0
0.755580311798405	0	0	0.845546591191918	0	0	0	0	0	0	0.704048597411709	0.994310222495877	0	0.770335945667304	0	0	0.562764157965557	0	0.704245815052673	0	0	0.887614074541772	0.532244875794102	0.892905586000772	0.922310349557407	0	0.8050254450748	0	0	0.861054709112884	0	0	0	0	0	0	0	0	0	0	0	0	0	0	0	0	0	0	0	0	0	0	0	0	0	0	0	0	0	0	0	0	0	0	0	0	0	0	0	0	0	0	0	0	0	0	0	0	0	0	0	0	0	0	0	0	0	0	0	0
0.586791342461086	0.529270881320623	0	0	0	0	0	0	0	0	0	0	0.673805187237429	0	0.93428620061951	0.505272213735244	0	0.899391032656149	0.887302437365222	0	0	0.95968762079546	0.634114147930354	0.666061367168249	0	0.933939017670841	0.742609321031143	0.732133930783236	0.930069035597843	0.931979157574172	0	0	0	0	0	0	0	0	0	0	0	0	0	0	0	0	0	0	0	0	0	0	0	0	0	0	0	0	0	0	0	0	0	0	0	0	0	0	0	0	0	0	0	0	0	0	0	0	0	0	0	0	0	0	0	0	0	0	0	0
0	0	0	0	0	0	0	0	0	0	0	0.658503538331808	0	0	0.786015363462573	0.666052083563853	0.549249469460478	0.560848159442258	0	0.654775230055864	0.915340485105388	0	0	0	0.587435493176907	0.662658179686573	0	0.96091289665071	0	0.503055024570827	0	0	0	0	0	0	0	0	0	0	0	0	0	0	0	0	0	0	0	0	0	0	0	0	0	0	0	0	0	0	0	0	0	0	0	0	0	0	0	0	0	0	0	0	0	0	0	0	0	0	0	0	0	0	0	0	0	0	0	0
0.662590024969051	0.571519680086379	0.884834763326229	0.752560833500335	0	0.991969529021876	0.833756524796623	0	0	0	0	0	0	0.814865569332335	0.647217181691703	0	0	0	0	0.869570238197046	0.75425793921057	0	0	0	0	0	0.758284820429542	0	0.684863191149594	0	0	0	0	0	0	0	0	0	0	0	0	0	0	0	0	0	0	0	0	0	0	0	0	0	0	0	0	0	0	0	0	0	0	0	0	0	0	0	0	0	0	0	0	0	0	0	0	0	0	0	0	0	0	0	0	0	0	0	0	0
0	0	0.509985666396381	0.665447233537211	0.61128965579934	0.560299586919126	0	0	0	0.983220493314411	0	0.918944969711988	0	0.904335824939342	0	0.71957241500107	0	0.984846177633517	0.619808527964029	0.939283501573107	0.633155555864909	0	0	0	0	0	0.884731572483327	0.709948268183516	0.895241136994767	0	0	0	0	0	0	0	0	0	0	0	0	0	0	0	0	0	0	0	0	0	0	0	0	0	0	0	0	0	0	0	0	0	0	0	0	0	0	0	0	0	0	0	0	0	0	0	0	0	0	0	0	0	0	0	0	0	0	0	0	0
0.509080220345575	0.828661752188978	0	0	0	0	0.903849527063836	0.833552154296626	0	0.797530305939182	0.624620666715839	0.960049154298001	0	0	0.659265298557846	0	0.999616845630057	0.553670043152123	0	0.571975215270746	0	0.874283038860117	0	0	0	0	0	0	0.503656566476675	0.55247491986941	0	0	0	0	0	0	0	0	0	0	0	0	0	0	0	0	0	0	0	0	0	0	0	0	0	0	0	0	0	0	0	0	0	0	0	0	0	0	0	0	0	0	0	0	0	0	0	0	0	0	0	0	0	0	0	0	0	0	0	0
0.932529071135431	0.947279033296679	0	0	0.990359070593826	0.66921591125719	0	0	0	0	0	0	0	0	0	0	0	0.977877312091082	0.687171890341911	0	0.842808281717258	0.838502743184883	0	0	0	0	0	0.96575916536532	0.960341348779726	0.794344576449324	0	0	0	0	0	0	0	0	0	0	0	0	0	0	0	0	0	0	0	0	0	0	0	0	0	0	0	0	0	0	0	0	0	0	0	0	0	0	0	0	0	0	0	0	0	0	0	0	0	0	0	0	0	0	0	0	0	0	0	0
0.842499595667181	0.852888515921537	0	0.731111002916984	0.961469273874077	0	0	0	0	0	0	0	0.539369125228688	0.583691498471192	0	0.993130949105832	0.591844404636304	0.784395557784796	0.933115188630629	0.563296661047555	0.917157218161137	0	0.623099899589801	0.827339284239319	0	0	0	0.708011590981229	0.746597955167544	0.832432235273376	0	0	0	0	0	0	0	0	0	0	0	0	0	0	0	0	0	0	0	0	0	0	0	0	0	0	0	0	0	0	0	0	0	0	0	0	0	0	0	0	0	0	0	0	0	0	0	0	0	0	0	0	0	0	0	0	0	0	0	0
0	0	0	0.692939287772374	0.646966021758646	0	0.581073645892603	0.573567822202175	0.613048467118663	0.819470184266487	0.70455499520259	0	0.688043259823509	0.759210982727495	0.728195046470363	0.841640019596773	0.930847687000419	0	0.525668968627831	0	0.976582231733423	0.652655801515009	0	0.70290978861074	0	0.910297816148254	0.929123359717287	0	0.727218480583441	0	0	0	0	0	0	0	0	0	0	0	0	0	0	0	0	0	0	0	0	0	0	0	0	0	0	0	0	0	0	0	0	0	0	0	0	0	0	0	0	0	0	0	0	0	0	0	0	0	0	0	0	0	0	0	0	0	0	0	0	0
0	0	0.977805632327344	0.990974462961502	0	0.685393715412211	0	0	0	0.869517980186558	0	0.922762397594834	0	0.769689829124361	0	0	0.875823084265554	0	0.805949316172327	0	0.740407754014578	0	0.872945414046406	0.724690719608531	0.791779828437253	0.792544763707576	0.69510608234819	0.936339987747132	0	0	0	0	0	0	0	0	0	0	0	0	0	0	0	0	0	0	0	0	0	0	0	0	0	0	0	0	0	0	0	0	0	0	0	0	0	0	0	0	0	0	0	0	0	0	0	0	0	0	0	0	0	0	0	0	0	0	0	0	0	0
0.673159888146294	0.563541636091363	0.534872969333973	0.741760326398045	0	0	0.715044812745121	0.818008141543747	0	0.670106218775284	0.857355718372149	0	0	0	0.518366283113084	0.92478594323503	0	0.673092133663107	0	0.559603179072846	0.682996423103476	0.924924607282818	0	0	0.657232380900901	0.659682580089756	0.675754124551411	0	0	0	0	0	0	0	0	0	0	0	0	0	0	0	0	0	0	0	0	0	0	0	0	0	0	0	0	0	0	0	0	0	0	0	0	0	0	0	0	0	0	0	0	0	0	0	0	0	0	0	0	0	0	0	0	0	0	0	0	0	0	0
0	0	0	0	0	0	0	0	0	0	0	0	0	0	0	0	0	0	0	0	0	0	0	0	0	0	0	0	0	0	0	0.55253936989957	0	0.656785789888138	0.642321825679366	0	0	0	0	0	0	0	0	0	0	0	0	0	0	0	0	0	0	0	0.830873119434491	0	0.980017437194129	0.756387352243221	0	0.668672837872112	0	0	0	0	0	0	0	0	0	0	0	0	0	0	0	0	0	0	0	0	0	0	0	0	0	0	0	0	0	0
0	0	0	0	0	0	0	0	0	0	0	0	0	0	0	0	0	0	0	0	0	0	0	0	0	0	0	0	0	0	0.741375833942728	0	0.870195197743114	0.625715937442883	0.784280557475211	0	0	0.648893025452767	0	0	0	0	0	0	0	0	0	0.747515519305575	0	0	0.588949276479447	0	0	0	0	0	0	0.652888671322624	0.772016160549721	0.521819298834283	0	0	0	0	0	0	0	0	0	0	0	0	0	0	0	0	0	0	0	0	0	0	0	0	0	0	0	0	0	0
0	0	0	0	0	0	0	0	0	0	0	0	0	0	0	0	0	0	0	0	0	0	0	0	0	0	0	0	0	0	0	0.835055676030856	0	0	0.976141403720484	0.553769541953442	0	0	0	0	0	0	0	0.756133738804367	0.524272772843569	0	0	0	0.542129067983367	0	0	0	0	0	0	0	0	0	0	0.713967973759536	0	0	0	0	0	0	0	0	0	0	0	0	0	0	0	0	0	0	0	0	0	0	0	0	0	0	0	0	0	0
0	0	0	0	0	0	0	0	0	0	0	0	0	0	0	0	0	0	0	0	0	0	0	0	0	0	0	0	0	0	0.973437296433011	0.918947788036977	0	0	0	0	0.938371192472259	0.839186577941355	0	0.671813544950953	0	0	0.867161181300535	0	0	0	0	0	0.958433609552563	0	0	0	0	0	0	0	0	0	0	0.975942893854602	0	0	0	0	0	0	0	0	0	0	0	0	0	0	0	0	0	0	0	0	0	0	0	0	0	0	0	0	0	0
0	0	0	0	0	0	0	0	0	0	0	0	0	0	0	0	0	0	0	0	0	0	0	0	0	0	0	0	0	0	0.908171978788678	0.917945584291765	0.642669689408097	0	0	0.682571024912335	0.686636294719094	0.99421573969662	0.52211825232471	0	0	0	0	0	0	0	0.614913367473485	0	0	0	0	0	0	0	0	0	0	0	0	0	0	0	0	0	0	0	0	0	0	0	0	0	0	0	0	0	0	0	0	0	0	0	0	0	0	0	0	0	0	0
0	0	0	0	0	0	0	0	0	0	0	0	0	0	0	0	0	0	0	0	0	0	0	0	0	0	0	0	0	0	0	0	0.596355580380698	0	0.597853680204282	0	0.542094199294342	0.5382372911168	0.932057647437594	0	0	0	0	0	0	0	0	0	0	0	0	0	0	0	0.965278865934821	0	0	0	0.613228182382488	0	0	0	0	0	0	0	0	0	0	0	0	0	0	0	0	0	0	0	0	0	0	0	0	0	0	0	0	0	0	0
0	0	0	0	0	0	0	0	0	0	0	0	0	0	0	0	0	0	0	0	0	0	0	0	0	0	0	0	0	0	0	0	0	0.999728123330879	0.903339458675819	0.652983113017528	0	0.777359356985054	0.842677241707279	0	0	0	0.619897324000634	0	0	0.799945204276235	0	0	0	0	0	0	0	0	0	0	0	0	0	0	0	0	0	0	0	0	0	0	0	0	0	0	0	0	0	0	0	0	0	0	0	0	0	0	0	0	0	0	0	0
0	0	0	0	0	0	0	0	0	0	0	0	0	0	0	0	0	0	0	0	0	0	0	0	0	0	0	0	0	0	0	0.814711905300719	0	0.997155273373813	0.632472717718532	0.778841723058422	0.534257689100851	0	0.622141634859496	0	0	0.925440421968915	0	0	0	0	0	0	0	0	0	0	0	0	0	0	0	0.70617984281547	0	0	0	0	0	0	0	0	0	0	0	0	0	0	0	0	0	0	0	0	0	0	0	0	0	0	0	0	0	0	0	0
0	0	0	0	0	0	0	0	0	0	0	0	0	0	0	0	0	0	0	0	0	0	0	0	0	0	0	0	0	0	0	0	0	0	0.926296856414668	0.992953247676285	0.655574721693977	0.997933769788467	0	0.710387829782454	0.70085261684517	0.791424099914559	0.945201412978494	0	0	0	0	0	0	0	0	0	0	0	0	0	0	0	0	0	0	0	0	0	0	0	0	0	0	0	0	0	0	0	0	0	0	0	0	0	0	0	0	0	0	0	0	0	0	0
0	0	0	0	0	0	0	0	0	0	0	0	0	0	0	0	0	0	0	0	0	0	0	0	0	0	0	0	0	0	0	0	0	0.818717250306198	0	0	0	0	0.962821296802164	0	0	0	0	0.938142536135492	0.762105146521644	0	0	0	0	0	0.88273541752204	0	0.727945780816023	0.930127732115534	0	0	0	0	0	0	0	0	0	0	0	0	0	0	0	0	0	0	0	0	0	0	0	0	0	0	0	0	0	0	0	0	0	0	0	0
0	0	0	0	0	0	0	0	0	0	0	0	0	0	0	0	0	0	0	0	0	0	0	0	0	0	0	0	0	0	0	0	0	0	0	0	0	0	0.773715206201198	0	0	0.588305513407812	0	0.862310109311318	0.93230687937248	0	0	0	0	0	0	0	0	0	0.930168034825239	0	0	0	0	0	0	0	0	0	0	0	0	0	0	0	0	0	0	0	0	0	0	0	0	0	0	0	0	0	0	0	0	0	0	0
0	0	0	0	0	0	0	0	0	0	0	0	0	0	0	0	0	0	0	0	0	0	0	0	0	0	0	0	0	0	0	0	0	0	0	0	0	0.953459849493824	0.881226595838753	0	0.828213222280045	0	0.633793348874808	0.84511833056277	0.678654851899027	0	0	0	0	0	0	0	0	0.698805294508779	0.540066773019689	0	0	0	0	0	0	0	0	0	0	0	0	0	0	0	0	0	0	0	0	0	0	0	0	0	0	0	0	0	0	0	0	0	0	0
0	0	0	0	0	0	0	0	0	0	0	0	0	0	0	0	0	0	0	0	0	0	0	0	0	0	0	0	0	0	0	0	0	0.854895190522773	0	0	0.55752460343828	0	0.919274978645472	0	0	0.74247569954972	0	0.765068773582954	0	0	0	0	0	0	0	0.54440204333132	0	0	0	0.684564510484949	0	0	0.991107362362974	0	0	0	0	0	0	0	0	0	0	0	0	0	0	0	0	0	0	0	0	0	0	0	0	0	0	0	0	0	0	0
0	0	0	0	0	0	0	0	0	0	0	0	0	0	0	0	0	0	0	0	0	0	0	0	0	0	0	0	0	0	0	0	0.832343957699255	0	0	0	0	0	0	0.962163578246464	0.871783706026696	0.988956932437407	0.514986360938531	0	0.688199617110439	0.66753889974778	0.687551970972927	0.923616532808268	0	0	0	0	0	0	0	0	0	0	0	0	0	0	0	0	0	0	0	0	0	0	0	0	0	0	0	0	0	0	0	0	0	0	0	0	0	0	0	0	0	0
0	0	0	0	0	0	0	0	0	0	0	0	0	0	0	0	0	0	0	0	0	0	0	0	0	0	0	0	0	0	0	0	0.680718944139076	0	0	0	0	0	0	0.924148166377413	0.924805493751058	0.666925704703272	0	0.767923599571099	0	0	0.97606131427665	0.996316940265348	0.975110547445971	0	0	0	0	0.754783313019301	0	0	0	0	0	0	0	0	0	0	0	0	0	0	0	0	0	0	0	0	0	0	0	0	0	0	0	0	0	0	0	0	0	0	0	0
0	0	0	0	0	0	0	0	0	0	0	0	0	0	0	0	0	0	0	0	0	0	0	0	0	0	0	0	0	0	0	0	0	0	0	0	0.748207401430432	0	0	0	0	0	0	0.927898999576771	0	0	0.952405784829686	0.596295317719093	0.689414767317071	0.908495228386754	0	0	0	0	0	0	0	0	0	0	0	0	0	0	0	0	0	0	0	0	0	0	0	0	0	0	0	0	0	0	0	0	0	0	0	0	0	0	0	0
0	0	0	0	0	0	0	0	0	0	0	0	0	0	0	0	0	0	0	0	0	0	0	0	0	0	0	0	0	0	0	0	0	0	0.941198681845187	0	0	0	0	0	0	0	0	0.901031366852534	0.748847765633511	0.924266908672232	0	0.943465473699659	0.64284283820983	0.706986393922569	0.814684165899902	0	0	0	0	0	0	0	0	0	0	0	0	0	0	0	0	0	0	0	0	0	0	0	0	0	0	0	0	0	0	0	0	0	0	0	0	0	0	0
0	0	0	0	0	0	0	0	0	0	0	0	0	0	0	0	0	0	0	0	0	0	0	0	0	0	0	0	0	0	0	0.81724573200936	0	0	0	0	0	0	0	0	0	0	0	0.917495585533105	0.865096169186231	0.799167189027854	0.594379615577201	0	0	0	0.989023381420535	0.903863668957552	0	0	0	0	0	0	0	0	0	0	0	0	0	0	0	0	0	0	0	0	0	0	0	0	0	0	0	0	0	0	0	0	0	0	0	0	0	0
0	0	0	0	0	0	0	0	0	0	0	0	0	0	0	0	0	0	0	0	0	0	0	0	0	0	0	0	0	0	0	0	0.546549331966143	0.916723953318675	0	0	0	0	0	0	0	0	0	0	0.501924890330233	0.661087520680398	0.647961902559369	0	0	0.964660598278227	0.852956150912459	0.790221927420128	0	0	0	0	0	0	0	0	0	0	0	0	0	0	0	0	0	0	0	0	0	0	0	0	0	0	0	0	0	0	0	0	0	0	0	0	0	0
0	0	0	0	0	0	0	0	0	0	0	0	0	0	0	0	0	0	0	0	0	0	0	0	0	0	0	0	0	0	0	0	0	0	0	0	0	0	0	0	0	0	0	0	0	0.909595314895947	0.946319618639778	0	0.869731977340951	0	0.528406392618403	0	0.560871029916178	0.720950754993778	0.747283275033456	0	0	0	0	0	0	0	0	0	0	0	0	0	0	0	0	0	0	0	0	0	0	0	0	0	0	0	0	0	0	0	0	0	0	0
0	0	0	0	0	0	0	0	0	0	0	0	0	0	0	0	0	0	0	0	0	0	0	0	0	0	0	0	0	0	0	0.5229399805462	0	0	0	0	0	0	0	0.971309014036409	0	0	0	0	0	0	0.782692851262575	0.706417080276938	0.772951055503295	0.665988516943867	0	0.618153739880636	0.805071333855112	0.765862213488643	0.593966332076585	0	0	0	0	0	0	0	0	0	0	0	0	0	0	0	0	0	0	0	0	0	0	0	0	0	0	0	0	0	0	0	0	0	0	0
0	0	0	0	0	0	0	0	0	0	0	0	0	0	0	0	0	0	0	0	0	0	0	0	0	0	0	0	0	0	0	0	0	0	0	0	0	0	0	0	0	0	0.709407368833474	0	0	0	0	0.820415855329503	0.63684545301463	0	0.681771043759985	0	0.88021166495655	0	0.56852072609211	0.977902955484434	0	0.903463194393016	0	0	0	0	0	0	0	0	0	0	0	0	0	0	0	0	0	0	0	0	0	0	0	0	0	0	0	0	0	0	0	0
0	0	0	0	0	0	0	0	0	0	0	0	0	0	0	0	0	0	0	0	0	0	0	0	0	0	0	0	0	0	0	0	0	0	0	0	0	0	0	0.56726719204644	0	0	0	0	0	0	0	0	0	0.673164342980918	0.984176006624642	0.994866670853825	0	0.56671102897294	0.527761397558588	0	0.944879371740711	0	0	0	0	0	0	0	0	0	0	0	0	0	0	0	0	0	0	0	0	0	0	0	0	0	0	0	0	0	0	0	0	0
0	0	0	0	0	0	0	0	0	0	0	0	0	0	0	0	0	0	0	0	0	0	0	0	0	0	0	0	0	0	0	0	0	0	0	0	0	0	0	0.896070514116148	0	0.685449598127256	0	0	0.502451143240813	0	0	0	0	0.622260333269224	0.664366320735832	0	0.72263696730096	0	0.919056579698615	0.691268273549855	0.99858960453713	0.65517539218533	0	0	0	0	0	0	0	0	0	0	0	0	0	0	0	0	0	0	0	0	0	0	0	0	0	0	0	0	0	0	0	0
0	0	0	0	0	0	0	0	0	0	0	0	0	0	0	0	0	0	0	0	0	0	0	0	0	0	0	0	0	0	0.722558513041654	0	0	0	0	0.647577800630139	0	0	0	0	0.826259105739207	0.66823237767764	0	0	0	0	0	0	0	0.564336035668769	0.755780009932742	0.918592963049961	0.891717673026799	0.98725194216217	0	0.953895857256615	0.921501325777557	0	0.697064869811632	0	0	0	0	0	0	0	0	0	0	0	0	0	0	0	0	0	0	0	0	0	0	0	0	0	0	0	0	0	0	0
0	0	0	0	0	0	0	0	0	0	0	0	0	0	0	0	0	0	0	0	0	0	0	0	0	0	0	0	0	0	0	0	0	0	0	0	0	0	0	0	0	0	0.842525430770778	0	0	0	0	0	0	0	0	0.684102086519875	0	0.536960102810826	0.765014695121268	0	0.860718314753522	0.52549979745483	0.657328523602661	0.983557576746707	0	0	0	0	0	0	0	0	0	0	0	0	0	0	0	0	0	0	0	0	0	0	0	0	0	0	0	0	0	0
0	0	0	0	0	0	0	0	0	0	0	0	0	0	0	0	0	0	0	0	0	0	0	0	0	0	0	0	0	0	0.969820034664571	0	0	0	0	0	0	0	0	0	0	0	0	0	0	0	0	0	0	0	0	0	0.770006787573706	0.655333926567587	0.747403495051999	0.724696450268548	0	0.566135280031671	0.662425670614958	0.86006238891132	0	0	0	0	0	0	0	0	0	0	0	0	0	0	0	0	0	0	0	0	0	0	0	0	0	0	0	0	0	0
0	0	0	0	0	0	0	0	0	0	0	0	0	0	0	0	0	0	0	0	0	0	0	0	0	0	0	0	0	0	0.513456752022848	0.649706157795371	0	0	0	0	0	0.738150917756603	0	0	0	0	0	0	0	0	0	0	0	0	0	0.64875135457169	0	0.775145735021271	0	0.810959730820162	0.970897153380452	0	0.528018546151178	0.962206528906791	0	0	0	0	0	0	0	0	0	0	0	0	0	0	0	0	0	0	0	0	0	0	0	0	0	0	0	0	0	0
0	0	0	0	0	0	0	0	0	0	0	0	0	0	0	0	0	0	0	0	0	0	0	0	0	0	0	0	0	0	0	0.849432075397609	0	0	0	0.974184518830269	0	0	0	0	0	0	0.854916638521348	0	0	0	0	0	0	0	0	0	0	0	0.92667423672751	0.695136590036065	0.755019069681532	0.599705805739018	0	0.574320673998848	0	0	0	0	0	0	0	0	0	0	0	0	0	0	0	0	0	0	0	0	0	0	0	0	0	0	0	0	0	0
0	0	0	0	0	0	0	0	0	0	0	0	0	0	0	0	0	0	0	0	0	0	0	0	0	0	0	0	0	0	0.603016679186712	0.608564770974431	0.840821968886889	0.817195689699737	0	0	0	0	0	0	0	0	0	0	0	0	0	0	0	0	0	0	0	0	0	0.799791533490174	0.70965272835251	0.984170983233377	0.875857305122197	0	0	0	0	0	0	0	0	0	0	0	0	0	0	0	0	0	0	0	0	0	0	0	0	0	0	0	0	0	0	0
0	0	0	0	0	0	0	0	0	0	0	0	0	0	0	0	0	0	0	0	0	0	0	0	0	0	0	0	0	0	0	0	0	0	0	0	0	0	0	0	0	0	0	0	0	0	0	0	0	0	0	0	0	0	0	0	0	0	0	0	0	0.877780000495285	0.971529435601918	0.590764321170874	0.58178340686679	0.952947311701771	0	0	0	0	0	0	0	0	0	0	0	0	0	0	0	0	0	0	0	0.564598495031443	0.554632292668989	0.941756839035938	0.84442306999965	0.743048665144706
0	0	0	0	0	0	0	0	0	0	0	0	0	0	0	0	0	0	0	0	0	0	0	0	0	0	0	0	0	0	0	0	0	0	0	0	0	0	0	0	0	0	0	0	0	0	0	0	0	0	0	0	0	0	0	0	0	0	0	0	0.560357794088146	0	0.806013116954429	0.558099869393735	0	0.929470045842179	0.538312848160877	0	0	0	0	0	0	0	0	0	0	0	0	0	0.843592819530236	0	0	0	0	0	0.55336049052829	0.718846877839603	0.512414224683302	0.780972220633582
0	0	0	0	0	0	0	0	0	0	0	0	0	0	0	0	0	0	0	0	0	0	0	0	0	0	0	0	0	0	0	0	0	0	0	0	0	0	0	0	0	0	0	0	0	0	0	0	0	0	0	0	0	0	0	0	0	0	0	0	0.664557858718843	0.550944579165765	0	0.56251480520846	0.63156719322398	0	0.546149556500253	0.707796086898948	0	0	0.925408366976747	0	0	0	0	0	0	0	0	0	0	0	0	0	0	0	0	0.985301236738955	0.953799105843086	0.881276560079231
0	0	0	0	0	0	0	0	0	0	0	0	0	0	0	0	0	0	0	0	0	0	0	0	0	0	0	0	0	0	0	0	0	0	0	0	0	0	0	0	0	0	0	0	0	0	0	0	0	0	0	0	0	0	0	0	0	0	0	0	0.648665977051469	0.909139621123309	0.542787129261743	0	0.631262214396767	0.69304737518464	0.857103657907252	0.852473927151386	0.833972019420502	0	0	0	0	0	0	0	0	0	0	0	0	0	0	0	0	0	0	0	0.87097554557813	0.864833920389004
0	0	0	0	0	0	0	0	0	0	0	0	0	0	0	0	0	0	0	0	0	0	0	0	0	0	0	0	0	0	0	0	0	0	0	0	0	0	0	0	0	0	0	0	0	0	0	0	0	0	0	0	0	0	0	0	0	0	0	0	0.662836110609683	0	0.905636047001081	0.944725788036796	0	0.54081211090571	0.872802723626106	0.733250960326269	0.556495300103359	0.800271534811599	0	0	0	0	0	0	0	0	0	0	0	0	0	0	0	0	0	0	0	0.733874474032341
0	0	0	0	0	0	0	0	0	0	0	0	0	0	0	0	0	0	0	0	0	0	0	0	0	0	0	0	0	0	0	0	0	0	0	0	0	0	0	0	0	0	0	0	0	0	0	0	0	0	0	0	0	0	0	0	0	0	0	0	0.541411360532309	0.925093860388275	0	0.834216995216269	0.521449028794038	0	0.808843375143136	0	0.597869365292024	0.86390885633262	0.939141008609675	0	0	0	0	0	0	0	0	0	0	0	0	0	0	0	0	0	0.698060214531823	0
0	0	0	0	0	0	0	0	0	0	0	0	0	0	0	0	0	0	0	0	0	0	0	0	0	0	0	0	0	0	0	0	0	0	0	0	0	0	0	0	0	0	0	0	0	0	0	0	0	0	0	0	0	0	0	0	0	0	0	0	0	0.982851681646655	0.73505754531788	0.760251266688052	0.559056607193239	0.680021353839261	0	0.79994482715843	0.59939845282529	0.645133830539361	0.608699359757427	0.674468165289294	0	0	0	0	0	0	0	0	0	0	0	0	0	0	0	0	0	0
0	0	0	0	0	0	0	0	0	0	0	0	0	0	0	0	0	0	0	0	0	0	0	0	0	0	0	0	0	0	0	0	0	0	0	0	0	0	0	0	0	0	0	0	0	0	0	0	0	0	0	0	0	0	0	0	0	0	0	0	0	0	0.945928844836526	0.861854856863226	0.538465435443438	0	0.640926640249329	0	0.698935922490242	0.909637920234781	0.658460683214583	0.637526682136442	0.608428039467226	0	0	0	0	0	0	0	0	0	0	0	0	0	0	0	0	0
0	0	0	0	0	0	0	0	0	0	0	0	0	0	0	0	0	0	0	0	0	0	0	0	0	0	0	0	0	0	0	0	0	0	0	0	0	0	0	0	0	0	0	0	0	0	0	0	0	0	0	0	0	0	0	0	0	0	0	0	0	0	0	0.681768846438356	0.571887546402944	0.69169631124891	0.745400826462418	0.565126678294377	0	0.522868046633581	0.697902455875653	0.571954549647331	0.859667558653476	0	0.537508924357345	0	0	0	0	0	0	0	0	0	0	0	0	0	0	0
0	0	0	0	0	0	0	0	0	0	0	0	0	0	0	0	0	0	0	0	0	0	0	0	0	0	0	0	0	0	0	0	0	0	0	0	0	0	0	0	0	0	0	0	0	0	0	0	0	0	0	0	0	0	0	0	0	0	0	0	0	0	0	0	0.625297679139249	0.928650278842278	0.87491550856341	0.9121413662284	0.638686287569128	0	0.699272632398831	0.73177925160339	0.973182207308476	0.784658486157616	0.658067576749288	0	0	0	0	0	0	0	0	0	0	0	0	0	0	0
0	0	0	0	0	0	0	0	0	0	0	0	0	0	0	0	0	0	0	0	0	0	0	0	0	0	0	0	0	0	0	0	0	0	0	0	0	0	0	0	0	0	0	0	0	0	0	0	0	0	0	0	0	0	0	0	0	0	0	0	0	0	0.98334800278354	0	0	0.932960601810489	0.571009547873079	0.942457861986164	0.636678112359045	0.891887003006398	0	0	0.703415817493528	0.671432611464825	0.688843764276979	0.968665320900581	0	0.576012415715929	0	0	0	0	0	0	0	0	0	0	0	0
0	0	0	0	0	0	0	0	0	0	0	0	0	0	0	0	0	0	0	0	0	0	0	0	0	0	0	0	0	0	0	0	0	0	0	0	0	0	0	0	0	0	0	0	0	0	0	0	0	0	0	0	0	0	0	0	0	0	0	0	0	0	0	0	0	0	0.892858367423864	0.982259863147402	0.60142869651204	0.811389413460177	0	0	0.739971447104759	0.722528275890032	0.708829011348168	0.539225325345811	0.765008202783633	0	0	0	0	0	0	0	0	0	0	0	0	0
0	0	0	0	0	0	0	0	0	0	0	0	0	0	0	0	0	0	0	0	0	0	0	0	0	0	0	0	0	0	0	0	0	0	0	0	0	0	0	0	0	0	0	0	0	0	0	0	0	0	0	0	0	0	0	0	0	0	0	0	0	0	0	0	0	0	0	0.68299619842352	0.963212840960679	0.89658448419596	0.593729854243564	0.712284648024998	0	0.996589064109854	0	0.782238351423899	0.543023497533019	0.987398815147133	0	0	0	0	0	0	0	0	0.734024130801605	0	0	0
0	0	0	0	0	0	0	0	0	0	0	0	0	0	0	0	0	0	0	0	0	0	0	0	0	0	0	0	0	0	0	0	0	0	0	0	0	0	0	0	0	0	0	0	0	0	0	0	0	0	0	0	0	0	0	0	0	0	0	0	0	0	0	0	0	0	0	0	0	0.798723269299377	0.510909145109088	0.727225513805402	0.720705178409922	0	0.925173822877132	0.725116504325211	0.705051284276809	0.742241211229659	0	0	0	0.665388384090791	0	0	0	0	0	0	0	0
0	0	0	0	0	0	0	0	0	0	0	0	0	0	0	0	0	0	0	0	0	0	0	0	0	0	0	0	0	0	0	0	0	0	0	0	0	0	0	0	0	0	0	0	0	0	0	0	0	0	0	0	0	0	0	0	0	0	0	0	0	0	0	0	0	0	0	0	0.621799570698813	0.97517521938018	0.812401851855697	0.560048924912171	0	0.587208122508024	0	0.809624309006855	0.508935121844716	0.998268264583991	0.816507715164296	0.892187430085664	0	0	0	0	0	0	0	0	0	0
0	0	0	0	0	0	0	0	0	0	0	0	0	0	0	0	0	0	0	0	0	0	0	0	0	0	0	0	0	0	0	0	0	0	0	0	0	0	0	0	0	0	0	0	0	0	0	0	0	0	0	0	0	0	0	0	0	0	0	0	0	0	0	0	0	0	0	0	0	0	0.500238244770291	0.93762252879884	0.927343073637331	0.78445020954509	0.50684568578461	0	0.636695756204115	0.626276269805712	0.675283881418773	0.974415947541747	0.534262370285204	0	0	0	0	0	0	0	0	0
0	0	0	0	0	0	0	0	0	0	0	0	0	0	0	0	0	0	0	0	0	0	0	0	0	0	0	0	0	0	0	0	0	0	0	0	0	0	0	0	0	0	0	0	0	0	0	0	0	0	0	0	0	0	0	0	0	0	0	0	0	0	0	0	0	0	0	0	0	0	0	0.956646761958236	0.93269034696305	0.558311586171303	0.663246793237255	0.991560624911689	0	0.612716370035549	0	0.872062352475187	0.801333931599734	0.908373007159267	0	0	0	0	0	0	0.572508323720828	0
0	0	0	0	0	0	0	0	0	0	0	0	0	0	0	0	0	0	0	0	0	0	0	0	0	0	0	0	0	0	0	0	0	0	0	0	0	0	0	0	0	0	0	0	0	0	0	0	0	0	0	0	0	0	0	0	0	0	0	0	0	0	0	0	0	0	0	0	0	0	0.664538725918178	0	0.714172513132973	0.803168735047094	0.82606023294233	0.889205524442025	0.800802603318962	0	0.69387170152146	0.970607750057779	0.652306936916876	0.71876461786418	0.711748107299085	0	0	0	0	0	0	0
0	0	0	0	0	0	0	0	0	0	0	0	0	0	0	0	0	0	0	0	0	0	0	0	0	0	0	0	0	0	0	0	0	0	0	0	0	0	0	0	0	0	0	0	0	0	0	0	0	0	0	0	0	0	0	0	0	0	0	0	0	0	0	0	0	0	0	0	0	0	0	0	0	0	0.78799699996508	0.819460310154521	0	0.94017435727784	0	0.607493858185388	0.960121395686838	0.722304603496798	0.674229494683493	0.944700648987348	0	0	0	0	0	0
0	0	0	0	0	0	0	0	0	0	0	0	0	0	0	0	0	0	0	0	0	0	0	0	0	0	0	0	0	0	0	0	0	0	0	0	0	0	0	0	0	0	0	0	0	0	0	0	0	0	0	0	0	0	0	0	0	0	0	0	0	0	0	0	0	0	0	0	0	0	0	0	0	0	0.69782372152397	0.907241243557197	0.885575172083459	0.997426154036329	0.827728355595034	0	0.755060862461509	0.812431436081785	0.576402350006774	0.697727309880719	0.945163856367973	0	0	0	0	0
0	0	0	0	0	0	0	0	0	0	0	0	0	0	0	0	0	0	0	0	0	0	0	0	0	0	0	0	0	0	0	0	0	0	0	0	0	0	0	0	0	0	0	0	0	0	0	0	0	0	0	0	0	0	0	0	0	0	0	0	0	0.808334383720408	0	0	0	0	0	0	0	0	0	0	0	0	0	0.937038143763559	0.566436546864236	0.891586022341392	0.767129763578411	0.81436637760949	0	0.775588438045734	0.980011440814871	0.915922307529097	0.836773404583969	0.654832989650181	0	0	0	0
0	0	0	0	0	0	0	0	0	0	0	0	0	0	0	0	0	0	0	0	0	0	0	0	0	0	0	0	0	0	0	0	0	0	0	0	0	0	0	0	0	0	0	0	0	0	0	0	0	0	0	0	0	0	0	0	0	0	0	0	0	0	0	0	0	0	0	0	0	0	0	0	0	0.893434523033695	0	0	0.661106153567806	0.813641088329885	0.582816800668171	0.897270198302301	0.598735278145567	0	0.691614771973013	0.838890475615216	0.841742280075862	0.876971912124485	0.822754617413447	0	0	0
0	0	0	0	0	0	0	0	0	0	0	0	0	0	0	0	0	0	0	0	0	0	0	0	0	0	0	0	0	0	0	0	0	0	0	0	0	0	0	0	0	0	0	0	0	0	0	0	0	0	0	0	0	0	0	0	0	0	0	0	0	0	0	0	0	0	0	0	0	0	0	0	0	0	0	0	0	0.811513889312471	0.697456881979756	0.95786244157186	0.562102981159092	0.865788175429433	0	0.623389235617012	0.610952876568933	0.72338327905217	0.869416902557123	0.852877449561173	0	0
0	0	0	0	0	0	0	0	0	0	0	0	0	0	0	0	0	0	0	0	0	0	0	0	0	0	0	0	0	0	0	0	0	0	0	0	0	0	0	0	0	0	0	0	0	0	0	0	0	0	0	0	0	0	0	0	0	0	0	0	0	0	0	0	0	0	0	0	0	0	0	0	0	0	0	0	0	0	0.961097144424538	0.58806044316486	0.882808614243913	0.857137917916148	0.697586713400069	0	0.671759348482911	0.800532857972763	0.545260308970577	0.509561542605841	0.852163285647278	0
0	0	0	0	0	0	0	0	0	0	0	0	0	0	0	0	0	0	0	0	0	0	0	0	0	0	0	0	0	0	0	0	0	0	0	0	0	0	0	0	0	0	0	0	0	0	0	0	0	0	0	0	0	0	0	0	0	0	0	0	0	0	0	0	0	0	0	0	0	0	0	0	0	0	0	0	0	0	0	0.555041844198	0.992605299849678	0.741221546619559	0.989168448658169	0.793013607193007	0	0.65311697227012	0.872251282148458	0.92632109436536	0.698705172360888	0.730491594281948
0	0	0	0	0	0	0	0	0	0	0	0	0	0	0	0	0	0	0	0	0	0	0	0	0	0	0	0	0	0	0	0	0	0	0	0	0	0	0	0	0	0	0	0	0	0	0	0	0	0	0	0	0	0	0	0	0	0	0	0	0.818850951317852	0	0	0	0	0	0	0	0	0	0	0	0	0	0	0	0	0	0	0	0.861495191723325	0.769569288064122	0.544153934906811	0.602085810036151	0.94562315026807	0	0.857817515516493	0.953135553830047	0.846983768293797	0.810453618164225
0	0	0	0	0	0	0	0	0	0	0	0	0	0	0	0	0	0	0	0	0	0	0	0	0	0	0	0	0	0	0	0	0	0	0	0	0	0	0	0	0	0	0	0	0	0	0	0	0	0	0	0	0	0	0	0	0	0	0	0	0.735165104322888	0.943739091783479	0	0	0	0	0	0	0	0	0	0	0.71372996476887	0	0	0	0	0	0	0	0	0.976822049493226	0.871701051921859	0.933201164734485	0.722056270915314	0.54910076093849	0	0.70848405593913	0.675748748708888	0.70641875447986
0	0	0	0	0	0	0	0	0	0	0	0	0	0	0	0	0	0	0	0	0	0	0	0	0	0	0	0	0	0	0	0	0	0	0	0	0	0	0	0	0	0	0	0	0	0	0	0	0	0	0	0	0	0	0	0	0	0	0	0	0.915048192833234	0.589268035898873	0.799336314561427	0	0	0	0	0	0	0	0	0	0	0	0	0	0	0	0	0	0	0	0.600298112740055	0.540463796987092	0.652163095635133	0.627035021851596	0.718775354352926	0	0.513303360555592	0.953272957821313
0	0	0	0	0	0	0	0	0	0	0	0	0	0	0	0	0	0	0	0	0	0	0	0	0	0	0	0	0	0	0	0	0	0	0	0	0	0	0	0	0	0	0	0	0	0	0	0	0	0	0	0	0	0	0	0	0	0	0	0	0.513399973579645	0.518841436480637	0.660494665754581	0.896874742175378	0	0.566570210222886	0	0	0	0	0	0	0	0	0	0	0.501118565418468	0	0	0	0	0	0	0.990528588534964	0.61305080076294	0.770067911893181	0.87752593789019	0.714877119585349	0	0.929347217172752
0	0	0	0	0	0	0	0	0	0	0	0	0	0	0	0	0	0	0	0	0	0	0	0	0	0	0	0	0	0	0	0	0	0	0	0	0	0	0	0	0	0	0	0	0	0	0	0	0	0	0	0	0	0	0	0	0	0	0	0	0.900555327278216	0.902619471358146	0.876482066783005	0.747527739248017	0.544331069855017	0	0	0	0	0	0	0	0	0	0	0	0	0	0	0	0	0	0	0	0.94474243571206	0.646245129282569	0.638473014292176	0.899949629243633	0.928537543841646	0
