0	0.927916535271441	0.827250801093293	0	0.528628947792603	0	0	0	0.671021929743471	0	0	0.644485327740534	0	0	0.857066217687483	0	0	0.796230378282773	0	0	0	0	0	0	0	0	0	0	0	0	0	0	0	0	0	0	0	0	0	0	0	0	0	0	0	0	0	0	0	0	0	0	0	0	0	0	0	0	0	0	0	0	0	0	0	0	0	0	0	0	0	0	0	0	0	0	0	0	0	0	0	0	0	0	0	0	0	0	0	0
0.968845359312185	0	0.779201370225125	0.856593735722261	0	0.578424798624213	0	0	0.780286069533773	0.528081348641985	0	0	0	0	0.774772551796322	0.511588676763021	0	0	0	0	0	0	0	0	0	0	0	0	0	0	0	0	0	0	0	0	0	0	0	0	0	0	0	0	0	0	0	0	0	0	0	0	0	0	0	0	0	0	0	0	0	0	0	0	0	0	0	0	0	0	0	0	0	0	0	0	0	0	0	0	0	0	0	0	0	0	0	0	0	0
0.605391489869348	0.82832754373206	0	0.690324494967851	0.535380405718592	0.641698076133212	0	0.615399972420442	0	0	0	0.505146715787896	0	0	0	0	0	0	0	0	0	0	0	0	0	0	0	0	0	0	0	0	0	0	0	0	0	0	0	0	0	0	0	0	0	0	0	0	0	0	0	0	0	0	0	0	0	0	0	0	0	0	0	0	0	0	0	0	0	0	0	0	0	0	0	0	0	0	0	0	0	0	0	0	0	0	0	0	0	0
0	0.764819607519699	0.56504697861664	0	0.570904038894488	0	0.673607992365606	0.987468306074582	0	0	0	0.764898762638418	0.537327903568962	0.855241515392434	0.979589432989503	0.789800501986736	0.602794216008263	0	0	0	0	0	0	0	0	0	0	0	0	0	0	0	0	0	0	0	0	0	0	0	0	0	0	0	0	0	0	0	0	0	0	0	0	0	0	0	0	0	0	0	0	0	0	0	0	0	0	0	0	0	0	0	0	0	0	0	0	0	0	0	0	0	0	0	0	0	0	0	0	0
0.759022373095419	0	0.968168321518838	0.543419717435349	0	0	0.531393887097717	0	0.560667350161785	0	0	0	0.694151269050014	0	0	0	0	0.718508690093167	0	0	0	0	0	0	0	0	0	0	0	0	0	0	0	0	0	0	0	0	0	0	0	0	0	0	0	0	0	0	0	0	0	0	0	0	0	0	0	0	0	0	0	0	0	0	0	0	0	0	0	0	0	0	0	0	0	0	0	0	0	0	0	0	0	0	0	0	0	0	0	0
0	0.997726679749334	0.823267996053572	0	0	0	0	0	0	0.802597228603675	0	0	0.595140438085244	0.724507261917721	0.990154249404541	0.533830547809202	0	0	0	0	0	0	0	0	0	0	0	0	0	0	0	0	0	0	0	0	0	0	0	0	0	0	0	0	0	0	0	0	0	0	0	0	0	0	0	0	0	0	0	0	0	0	0	0	0	0	0	0	0	0	0	0	0	0	0	0	0	0	0	0	0	0	0	0	0	0	0	0	0	0
0	0	0	0.767975111293743	0.830746819811933	0	0	0.944994971092912	0	0	0.564572848558111	0.729372369393896	0	0	0	0	0.587661004363521	0.645940009590494	0	0	0	0	0	0	0	0	0	0	0	0	0	0	0	0	0	0	0	0	0	0	0	0	0	0	0	0	0	0	0	0	0	0	0	0	0	0	0	0	0	0	0	0	0	0	0	0	0	0	0	0	0	0	0	0	0	0	0	0	0	0	0	0	0	0	0	0	0	0	0	0
0	0	0.767855851661008	0.734206185350733	0	0	0.506126060921308	0	0.556446308994054	0.74707005760049	0.51787734720158	0.524309546477334	0	0	0	0	0	0.52288811118852	0	0	0	0	0	0	0	0	0	0	0	0	0	0	0	0	0	0	0	0	0	0	0	0	0	0	0	0	0	0	0	0	0	0	0	0	0	0	0	0	0	0	0	0	0	0	0	0	0	0	0	0	0	0	0	0	0	0	0	0	0	0	0	0	0	0	0	0	0	0	0	0
0.990487254208393	0.935276778720136	0	0	0.523577797129876	0	0	0.829112984338089	0	0.893063539951866	0.597517061361911	0.992657521497314	0	0	0	0.599746413301552	0.837297036178246	0.887232116982142	0	0	0	0	0	0	0	0	0	0	0	0	0	0	0	0	0	0	0	0	0	0	0	0	0	0	0	0	0	0	0	0	0	0	0	0	0	0	0	0	0	0	0	0	0	0	0	0	0	0	0	0	0	0	0	0	0	0	0	0	0	0	0	0	0	0	0	0	0	0	0	0
0	0.650843907048864	0	0	0	0.821283994450095	0	0.553579236494002	0.807685967894355	0	0.75249676389751	0.649653697781906	0.905999636104602	0.902324792509449	0	0	0	0.539228394668933	0	0	0	0	0	0	0	0	0	0	0	0	0	0	0	0	0	0	0	0	0	0	0	0	0	0	0	0	0	0	0	0	0	0	0	0	0	0	0	0	0	0	0	0	0	0	0	0	0	0	0	0	0	0	0	0	0	0	0	0	0	0	0	0	0	0	0	0	0	0	0	0
0	0	0	0	0	0	0.90887297285134	0.647575732409911	0.547956036693332	0.643034732862118	0	0.714850412706317	0.716500567080749	0	0.81395057004662	0	0.968588763855866	0	0	0	0	0	0	0	0	0	0	0	0	0	0	0	0	0	0	0	0	0	0	0	0	0	0	0	0	0	0	0	0	0	0	0	0	0	0	0	0	0	0	0	0	0	0	0	0	0	0	0	0	0	0	0	0	0	0	0	0	0	0	0	0	0	0	0	0	0	0	0	0	0
0.950089443261968	0	0.815412392304993	0.629942386390927	0	0	0.788882834520281	0.907349681462355	0.528316434658124	0.552283426660976	0.958833639026279	0	0	0	0.817264283842756	0	0	0	0	0	0	0	0	0	0	0	0	0	0	0	0	0	0	0	0	0	0	0	0	0	0	0	0	0	0	0	0	0	0	0	0	0	0	0	0	0	0	0	0	0	0	0	0	0	0	0	0	0	0	0	0	0	0	0	0	0	0	0	0	0	0	0	0	0	0	0	0	0	0	0
0	0	0	0.764592795327539	0.943151808309233	0.927355638100764	0	0	0	0.850646297209975	0.890604139945585	0	0	0.899885629090784	0	0	0.648129860510775	0.537313984223553	0	0	0	0	0	0	0	0	0	0	0	0	0	0	0	0	0	0	0	0	0	0	0	0	0	0	0	0	0	0	0	0	0	0	0	0	0	0	0	0	0	0	0	0	0	0	0	0	0	0	0	0	0	0	0	0	0	0	0	0	0	0	0	0	0	0	0	0	0	0	0	0
0	0	0	0.964263757016291	0	0.793265108256966	0	0	0	0.660623827248531	0	0	0.701502798706174	0	0.751546791343961	0	0.882680239382505	0.643442827109599	0	0	0	0	0	0	0	0	0	0	0	0	0	0	0	0	0	0	0	0	0	0	0	0	0	0	0	0	0	0	0	0	0	0	0	0	0	0	0	0	0	0	0	0	0	0	0	0	0	0	0	0	0	0	0	0	0	0	0	0	0	0	0	0	0	0	0	0	0	0	0	0
0.884841250555963	0.909677928186744	0	0.790717253791885	0	0.531008582255268	0	0	0	0	0.696836609838373	0.691962317972455	0	0.791587235278467	0	0.625199663257054	0	0	0	0	0	0	0	0	0	0	0	0	0	0	0	0	0	0	0	0	0	0	0	0	0	0	0	0	0	0	0	0	0	0	0	0	0	0	0	0	0	0	0	0	0	0	0	0	0	0	0	0	0	0	0	0	0	0	0	0	0	0	0	0	0	0	0	0	0	0	0	0	0	0
0	0.698615663169202	0	0.557188076995371	0	0.96127079422904	0	0	0.970867391572419	0	0	0	0	0	0.639966571463676	0	0	0.972158874463804	0	0	0	0	0	0	0	0	0	0	0	0	0	0	0	0	0	0	0	0	0	0	0	0	0	0	0	0	0	0	0	0	0	0	0	0	0	0	0	0	0	0	0	0	0	0	0	0	0	0	0	0	0	0	0	0	0	0	0	0	0	0	0	0	0	0	0	0	0	0	0	0
0	0	0	0.972980719815357	0	0	0.934262984403935	0	0.520547764458083	0	0.88224450445822	0	0.91195402556711	0.58780106100835	0	0	0	0.838892099812136	0	0	0	0	0	0	0	0	0	0	0	0	0	0	0	0	0	0	0	0	0	0	0	0	0	0	0	0	0	0	0	0	0	0	0	0	0	0	0	0	0	0	0	0	0	0	0	0	0	0	0	0	0	0	0	0	0	0	0	0	0	0	0	0	0	0	0	0	0	0	0	0
0.519175273495804	0	0	0	0.643221890586207	0	0.56794886014826	0.723636793345851	0.9330081963201	0.537665331875857	0	0	0.57395540901048	0.725481696604019	0	0.639172151317088	0.860165406308752	0	0	0	0	0	0	0	0	0	0	0	0	0	0	0	0	0	0	0	0	0	0	0	0	0	0	0	0	0	0	0	0	0	0	0	0	0	0	0	0	0	0	0	0	0	0	0	0	0	0	0	0	0	0	0	0	0	0	0	0	0	0	0	0	0	0	0	0	0	0	0	0	0
0	0	0	0	0	0	0	0	0	0	0	0	0	0	0	0	0	0	0	0.549279524688734	0.834284273224581	0.856088608034374	0.843155964569018	0.823703380863437	0	0	0	0	0.887357553886109	0	0	0.861458249815503	0.782345672743701	0.87137675434036	0.986199070342656	0.638814312244167	0	0	0	0	0	0	0	0	0	0	0	0	0	0	0	0	0	0	0	0	0	0	0	0	0	0	0	0	0	0	0	0	0	0	0	0	0	0	0	0	0	0	0	0	0	0	0	0	0	0	0	0	0	0
0	0	0	0	0	0	0	0	0	0	0	0	0	0	0	0	0	0	0.810220792978827	0	0.629380912167953	0	0.553310779143644	0.900032924946476	0.607634694447816	0	0	0.518168095283778	0	0	0	0.580523394013531	0.882856871779263	0	0.706797037552632	0.699231711645689	0	0	0	0	0	0	0	0	0	0	0	0	0	0	0	0	0	0	0	0	0	0	0	0	0	0	0	0	0	0	0	0	0	0	0	0	0	0	0	0	0	0	0	0	0	0	0	0	0	0	0	0	0	0
0	0	0	0	0	0	0	0	0	0	0	0	0	0	0	0	0	0	0.948949619376145	0.750533834483786	0	0.573228061289409	0	0.614441249110571	0.525629913548672	0.570489227233572	0	0.591008968371379	0	0.750517674115859	0.933458690973549	0	0	0.865954793023565	0.731063724231744	0.622525434185414	0	0	0	0	0	0	0	0	0	0	0	0	0	0	0	0	0	0	0	0	0	0	0	0	0	0	0	0	0	0	0	0	0	0	0	0	0	0	0	0	0	0	0	0	0	0	0	0	0	0	0	0	0	0
0	0	0	0	0	0	0	0	0	0	0	0	0	0	0	0	0	0	0.929932140306494	0	0.884751039761642	0	0.68642403511951	0.985779782263111	0.66282390390186	0.564086596816733	0.523261556681431	0	0	0	0	0.972464610823591	0	0	0	0.819477702332557	0	0	0	0	0	0	0	0	0	0	0	0	0	0	0	0	0	0	0	0	0	0	0	0	0	0	0	0	0	0	0	0	0	0	0	0	0	0	0	0	0	0	0	0	0	0	0	0	0	0	0	0	0	0
0	0	0	0	0	0	0	0	0	0	0	0	0	0	0	0	0	0	0.669703504179777	0.850378993965234	0	0.792709778074634	0	0	0.95379389129068	0.576167587272839	0.722867221129061	0.614299808483127	0	0.564199336456474	0	0	0	0.90232992230353	0.986112273316999	0	0	0	0	0	0	0	0	0	0	0	0	0	0	0	0	0	0	0	0	0	0	0	0	0	0	0	0	0	0	0	0	0	0	0	0	0	0	0	0	0	0	0	0	0	0	0	0	0	0	0	0	0	0	0
0	0	0	0	0	0	0	0	0	0	0	0	0	0	0	0	0	0	0.750706635053633	0.621347383271981	0.793751752143318	0.918405406182979	0	0	0.671177277831489	0.792218397955544	0.990220515042737	0.937474451783988	0.843668215765774	0	0	0.570630692011923	0	0	0	0	0	0	0	0	0	0	0	0	0	0	0	0	0	0	0	0	0	0	0	0	0	0	0	0	0	0	0	0	0	0	0	0	0	0	0	0	0	0	0	0	0	0	0	0	0	0	0	0	0	0	0	0	0	0
0	0	0	0	0	0	0	0	0	0	0	0	0	0	0	0	0	0	0	0.674053529887359	0.584030884243291	0.522124041254033	0.523403330703063	0.729559779376624	0	0.929976710834371	0.894697020637215	0.594637242518172	0	0.855130831685353	0	0.527522594460681	0	0	0.74405424297359	0	0	0	0	0	0	0	0	0	0	0	0	0	0	0	0	0	0	0	0	0	0	0	0	0	0	0	0	0	0	0	0	0	0	0	0	0	0	0	0	0	0	0	0	0	0	0	0	0	0	0	0	0	0	0
0	0	0	0	0	0	0	0	0	0	0	0	0	0	0	0	0	0	0	0	0.695534157124332	0.847444994383665	0.99866059460191	0.733055280559722	0.90674010804578	0	0	0.559490255247857	0.638140330015963	0	0.883340647642386	0.728784625789533	0	0.987318546422093	0	0.719464078140319	0	0	0	0	0	0	0	0	0	0	0	0	0	0	0	0	0	0	0	0	0	0	0	0	0	0	0	0	0	0	0	0	0	0	0	0	0	0	0	0	0	0	0	0	0	0	0	0	0	0	0	0	0	0
0	0	0	0	0	0	0	0	0	0	0	0	0	0	0	0	0	0	0	0	0	0.594852576056092	0.695387584255437	0.741941606961739	0.657712240074581	0	0	0.71153415188051	0.641891944475374	0.516037720101021	0.801440768246421	0.865837348646201	0	0	0	0	0	0	0	0	0	0	0	0	0	0	0	0	0	0	0	0	0	0	0	0	0	0	0	0	0	0	0	0	0	0	0	0	0	0	0	0	0	0	0	0	0	0	0	0	0	0	0	0	0	0	0	0	0	0
0	0	0	0	0	0	0	0	0	0	0	0	0	0	0	0	0	0	0	0.58706539270607	0.715806186366662	0	0.90074800071975	0.71435039252256	0.803002121916047	0.768905877682176	0.690195782576545	0	0.710391459913656	0.721987319641636	0	0.688478833696135	0.782120929876489	0	0	0	0	0	0	0	0	0	0	0	0	0	0	0	0	0	0	0	0	0	0	0	0	0	0	0	0	0	0	0	0	0	0	0	0	0	0	0	0	0	0	0	0	0	0	0	0	0	0	0	0	0	0	0	0	0
0	0	0	0	0	0	0	0	0	0	0	0	0	0	0	0	0	0	0.797894527587128	0	0	0	0	0.869683959795115	0	0.967668515788023	0.596666176624307	0.56097670569999	0	0	0	0.795882339002377	0.988883092025857	0.820131483064285	0.695837561771873	0	0	0	0	0	0	0	0	0	0	0	0	0	0	0	0	0	0	0	0	0	0	0	0	0	0	0	0	0	0	0	0	0	0	0	0	0	0	0	0	0	0	0	0	0	0	0	0	0	0	0	0	0	0	0
0	0	0	0	0	0	0	0	0	0	0	0	0	0	0	0	0	0	0	0	0.611561391860763	0	0.944864803987865	0	0.816511422982416	0	0.615449084658988	0.721604177263907	0	0	0.775444735295753	0.767964821276167	0.700714126249317	0.853563973429731	0.749180077440704	0	0	0	0	0	0	0	0	0	0	0	0	0	0	0	0	0	0	0	0	0	0	0	0	0	0	0	0	0	0	0	0	0	0	0	0	0	0	0	0	0	0	0	0	0	0	0	0	0	0	0	0	0	0	0
0	0	0	0	0	0	0	0	0	0	0	0	0	0	0	0	0	0	0	0	0.742746748576247	0	0	0	0	0.853543131175599	0.628953730494799	0	0	0.870234578096408	0	0.704024150600132	0	0.778140617285149	0.951897224171945	0.609630559656582	0	0	0	0	0	0	0	0	0	0	0	0	0	0	0	0	0	0	0	0	0	0	0	0	0	0	0	0	0	0	0	0	0	0	0	0	0	0	0	0	0	0	0	0	0	0	0	0	0	0	0	0	0	0
0	0	0	0	0	0	0	0	0	0	0	0	0	0	0	0	0	0	0.882822729473248	0.519490633706787	0	0.550628406849521	0	0.885492926191987	0.941506051540178	0.777398848205169	0.960484655791608	0.604925460239941	0.971968431561529	0.89356291234219	0.759615313578121	0	0	0	0	0.907979346825222	0	0	0	0	0	0	0	0	0	0	0	0	0	0	0	0	0	0	0	0	0	0	0	0	0	0	0	0	0	0	0	0	0	0	0	0	0	0	0	0	0	0	0	0	0	0	0	0	0	0	0	0	0	0
0	0	0	0	0	0	0	0	0	0	0	0	0	0	0	0	0	0	0.616877933688313	0.617482612011079	0	0	0	0	0	0	0	0.675569237538399	0.789242187943364	0.581630298093801	0	0	0	0.833325102535897	0.949581574092389	0.985769559820677	0	0	0	0	0	0	0	0	0	0	0	0	0	0	0	0	0	0	0	0	0	0	0	0	0	0	0	0	0	0	0	0	0	0	0	0	0	0	0	0	0	0	0	0	0	0	0	0	0	0	0	0	0	0
0	0	0	0	0	0	0	0	0	0	0	0	0	0	0	0	0	0	0.90736009675906	0	0.646284008244519	0	0.987316351805725	0	0	0.633364730884389	0	0	0.892642544501369	0.585911510840125	0.595292918135649	0	0.794044586973628	0	0.743342356281441	0	0	0	0	0	0	0	0	0	0	0	0	0	0	0	0	0	0	0	0	0	0	0	0	0	0	0	0	0	0	0	0	0	0	0	0	0	0	0	0	0	0	0	0	0	0	0	0	0	0	0	0	0	0	0
0	0	0	0	0	0	0	0	0	0	0	0	0	0	0	0	0	0	0.831633493526686	0.719691522289568	0.686967830774069	0	0.594958205555146	0	0.81243087911187	0	0	0	0.931119364986804	0.861037253366185	0.852543001619194	0	0.999314445413112	0.748327131699718	0	0.799787453139454	0	0	0	0	0	0	0	0	0	0	0	0	0	0	0	0	0	0	0	0	0	0	0	0	0	0	0	0	0	0	0	0	0	0	0	0	0	0	0	0	0	0	0	0	0	0	0	0	0	0	0	0	0	0
0	0	0	0	0	0	0	0	0	0	0	0	0	0	0	0	0	0	0.881685875292512	0.873586442971948	0.743843106912035	0.633172801048896	0	0	0	0.997312867030913	0	0	0	0	0.832500563041797	0.53142460654795	0.870379424685873	0	0.552400771789263	0	0	0	0	0	0	0	0	0	0	0	0	0	0	0	0	0	0	0	0	0	0	0	0	0	0	0	0	0	0	0	0	0	0	0	0	0	0	0	0	0	0	0	0	0	0	0	0	0	0	0	0	0	0	0
0	0	0	0	0	0	0	0	0	0	0	0	0	0	0	0	0	0	0	0	0	0	0	0	0	0	0	0	0	0	0	0	0	0	0	0	0	0.950093251485378	0.841840693236367	0.908940943241724	0.519587750796859	0.909940786532916	0.5818636671463	0	0.519877901390496	0	0	0	0	0.64059366651579	0.755671781057897	0.500698947557451	0.565504179871522	0.610529496131395	0	0	0	0	0	0	0	0	0	0	0	0	0	0	0	0	0	0	0	0	0	0	0	0	0	0	0	0	0	0	0	0	0	0	0	0
0	0	0	0	0	0	0	0	0	0	0	0	0	0	0	0	0	0	0	0	0	0	0	0	0	0	0	0	0	0	0	0	0	0	0	0	0.660535347090214	0	0.695553303073772	0.592197588006525	0.714251534115344	0.769363751200665	0.687051333991982	0.678590629423563	0	0	0	0	0	0.790728694063686	0.577842824138302	0.620470449892752	0.765717902538265	0.798878245627167	0	0	0	0	0	0	0	0	0	0	0	0	0	0	0	0	0	0	0	0	0	0	0	0	0	0	0	0	0	0	0	0	0	0	0	0
0	0	0	0	0	0	0	0	0	0	0	0	0	0	0	0	0	0	0	0	0	0	0	0	0	0	0	0	0	0	0	0	0	0	0	0	0.551954427255884	0.841732351451976	0	0.754923486605113	0.923773448106017	0.712518185947236	0.735090558162116	0.613663766386334	0.771948896165068	0	0	0	0	0	0.677218371348031	0.521011732283599	0.574274437957806	0.957598361370031	0	0	0	0	0	0	0	0	0	0	0	0	0	0	0	0	0	0	0	0	0	0	0	0	0	0	0	0	0	0	0	0	0	0	0	0
0	0	0	0	0	0	0	0	0	0	0	0	0	0	0	0	0	0	0	0	0	0	0	0	0	0	0	0	0	0	0	0	0	0	0	0	0.572407490849355	0.913911151711235	0.719368470353815	0	0.850512514607842	0.70739048767739	0.678441053070179	0.985086034532453	0.99545573205539	0.658302587905784	0	0	0	0	0	0.931111352137904	0.772153320725912	0.783567026455447	0	0	0	0	0	0	0	0	0	0	0	0	0	0	0	0	0	0	0	0	0	0	0	0	0	0	0	0	0	0	0	0	0	0	0	0
0	0	0	0	0	0	0	0	0	0	0	0	0	0	0	0	0	0	0	0	0	0	0	0	0	0	0	0	0	0	0	0	0	0	0	0	0.680476549652272	0.642183218641527	0.57489447346364	0.85446850514282	0	0.500083608111175	0.596671224700073	0.756108205699296	0.953455083933096	0.543587916055322	0.677793324148294	0	0	0	0	0	0.917498899161544	0.872620996909876	0	0	0	0	0	0	0	0	0	0	0	0	0	0	0	0	0	0	0	0	0	0	0	0	0	0	0	0	0	0	0	0	0	0	0	0
0	0	0	0	0	0	0	0	0	0	0	0	0	0	0	0	0	0	0	0	0	0	0	0	0	0	0	0	0	0	0	0	0	0	0	0	0.783481883999176	0.905135910557487	0.70801101132912	0.767891508453741	0.769877308779391	0	0.974711443696259	0.675525998453669	0.750121351476154	0.854488284752327	0.71532745253036	0.639960584068683	0	0	0	0	0	0.651591915336991	0	0	0	0	0	0	0	0	0	0	0	0	0	0	0	0	0	0	0	0	0	0	0	0	0	0	0	0	0	0	0	0	0	0	0	0
0	0	0	0	0	0	0	0	0	0	0	0	0	0	0	0	0	0	0	0	0	0	0	0	0	0	0	0	0	0	0	0	0	0	0	0	0.84094960338431	0.756373235980614	0.523414914734188	0.839021034623387	0.972995793618571	0.610660433056379	0	0.718501560747912	0.744142410791314	0.549154889910714	0.5422235408789	0.576599280694245	0.637950966747869	0	0	0	0	0	0	0	0	0	0	0	0	0	0	0	0	0	0	0	0	0	0	0	0	0	0	0	0	0	0	0	0	0	0	0	0	0	0	0	0	0
0	0	0	0	0	0	0	0	0	0	0	0	0	0	0	0	0	0	0	0	0	0	0	0	0	0	0	0	0	0	0	0	0	0	0	0	0	0.610982577540906	0.864225915741464	0.646909693276666	0.938996242538853	0.507475322992773	0.839654340669034	0	0.905399940206779	0.508356182955979	0.893332614642642	0.765702305668773	0.501489756893945	0.751282430214776	0	0	0	0	0	0	0	0	0	0	0	0	0	0	0	0	0	0	0	0	0	0	0	0	0	0	0	0	0	0	0	0	0	0	0	0	0	0	0	0
0	0	0	0	0	0	0	0	0	0	0	0	0	0	0	0	0	0	0	0	0	0	0	0	0	0	0	0	0	0	0	0	0	0	0	0	0.886212835471772	0	0.683523826046764	0.732199697888115	0.697103734775144	0.986905974336833	0.914577824465153	0.883797809816367	0	0.795143406403257	0.897409740171963	0.965304468458146	0.939693517929317	0.9932643754167	0.887236840675403	0	0	0	0	0	0	0	0	0	0	0	0	0	0	0	0	0	0	0	0	0	0	0	0	0	0	0	0	0	0	0	0	0	0	0	0	0	0	0
0	0	0	0	0	0	0	0	0	0	0	0	0	0	0	0	0	0	0	0	0	0	0	0	0	0	0	0	0	0	0	0	0	0	0	0	0	0	0	0.610633382958647	0.884321053298559	0.926952677800394	0.813760296973548	0.618326026896152	0.680468520701021	0	0.857603808550354	0.942985697667224	0.892626742329375	0.653573013395879	0.7593429569093	0.851671679141434	0	0	0	0	0	0	0	0	0	0	0	0	0	0	0	0	0	0	0	0	0	0	0	0	0	0	0	0	0	0	0	0	0	0	0	0	0	0
0	0	0	0	0	0	0	0	0	0	0	0	0	0	0	0	0	0	0	0	0	0	0	0	0	0	0	0	0	0	0	0	0	0	0	0	0	0	0	0	0.528162298816816	0.792510158932983	0.611232369163997	0.8123400834466	0.552904496828845	0.550217253551152	0	0.804646248878557	0.719092563635822	0.591876327488927	0.550576339167364	0.860189930525993	0.612750126022965	0	0	0	0	0	0	0	0	0	0	0	0	0	0	0	0	0	0	0	0	0	0	0	0	0	0	0	0	0	0	0	0	0	0	0	0	0
0	0	0	0	0	0	0	0	0	0	0	0	0	0	0	0	0	0	0	0	0	0	0	0	0	0	0	0	0	0	0	0	0	0	0	0	0	0	0	0	0	0.821719657814071	0.816700096968937	0.867814493324208	0.95106129946128	0.593212856684192	0.911583941958198	0	0.89305093195055	0.831759570338262	0.894211823622363	0.701302777032765	0.699009600083208	0.572596524171644	0	0	0	0	0	0	0	0	0	0	0	0	0	0	0	0	0	0	0	0	0	0	0	0	0	0	0	0	0	0	0	0	0	0	0	0
0	0	0	0	0	0	0	0	0	0	0	0	0	0	0	0	0	0	0	0	0	0	0	0	0	0	0	0	0	0	0	0	0	0	0	0	0	0	0	0	0	0	0.558592433387124	0.663733628286957	0.567689273629522	0.588330403494451	0.921141990075349	0.905406736215839	0	0.617013482373655	0.521434344448876	0.739603744765826	0.573233547869179	0.752480390804945	0	0	0	0	0	0	0	0	0	0	0	0	0	0	0	0	0	0	0	0	0	0	0	0	0	0	0	0	0	0	0	0	0	0	0	0
0	0	0	0	0	0	0	0	0	0	0	0	0	0	0	0	0	0	0	0	0	0	0	0	0	0	0	0	0	0	0	0	0	0	0	0	0.843721660035249	0.943464804152013	0	0	0	0	0	0.625209131888255	0.773874396116281	0.796329789302611	0.57821907102703	0.711100712358742	0.501325096671875	0	0.896599741351689	0.816271268824267	0.931465693978521	0.616415209231937	0	0	0	0	0	0	0	0	0	0	0	0	0	0	0	0	0	0	0	0	0	0	0	0	0	0	0	0	0	0	0	0	0	0	0	0
0	0	0	0	0	0	0	0	0	0	0	0	0	0	0	0	0	0	0	0	0	0	0	0	0	0	0	0	0	0	0	0	0	0	0	0	0.620712135512031	0.967560287762369	0.728935040946044	0	0	0	0	0	0.757120952848255	0.992809352318674	0.986627663579279	0.834132501988639	0.899889671951562	0.771975539389691	0	0.635094648046659	0.984398418115482	0.513522599896925	0	0	0	0	0	0	0	0	0	0	0	0	0	0	0	0	0	0	0	0	0	0	0	0	0	0	0	0	0	0	0	0	0	0	0	0
0	0	0	0	0	0	0	0	0	0	0	0	0	0	0	0	0	0	0	0	0	0	0	0	0	0	0	0	0	0	0	0	0	0	0	0	0.524462306231013	0.79202017143353	0.711696325380741	0.517680885161073	0	0	0	0	0	0.66823783128753	0.737984601869166	0.81810005623211	0.756858284193989	0.748719054614022	0.637686921351103	0	0.759033845348018	0.573442256563046	0	0	0	0	0	0	0	0	0	0	0	0	0	0	0	0	0	0	0	0	0	0	0	0	0	0	0	0	0	0	0	0	0	0	0	0
0	0	0	0	0	0	0	0	0	0	0	0	0	0	0	0	0	0	0	0	0	0	0	0	0	0	0	0	0	0	0	0	0	0	0	0	0.907793357317535	0.556759055661863	0.76828089947782	0.652996337270523	0.588949816111863	0	0	0	0	0	0.83954544915169	0.91444820403416	0.961903734679441	0.65633924360364	0.584258082292869	0.653600572438951	0	0.579104108824219	0	0	0	0	0	0	0	0	0	0	0	0	0	0	0	0	0	0	0	0	0	0	0	0	0	0	0	0	0	0	0	0	0	0	0	0
0	0	0	0	0	0	0	0	0	0	0	0	0	0	0	0	0	0	0	0	0	0	0	0	0	0	0	0	0	0	0	0	0	0	0	0	0.591628617963943	0.889016177873927	0.917250784826419	0.64714883158273	0.998094118852485	0.944044231725313	0	0	0	0	0	0.692554644762582	0.885514245171405	0.547459888046145	0.85437302606315	0.740190297665156	0.512840967323316	0	0	0	0	0	0	0	0	0	0	0	0	0	0	0	0	0	0	0	0	0	0	0	0	0	0	0	0	0	0	0	0	0	0	0	0	0
0	0	0	0	0	0	0	0	0	0	0	0	0	0	0	0	0	0	0	0	0	0	0	0	0	0	0	0	0	0	0	0	0	0	0	0	0	0	0	0	0	0	0	0	0	0	0	0	0	0	0	0	0	0	0	0	0.915868939958839	0.847096761966051	0	0	0	0.754209834209923	0	0.548211706819919	0.774633512808513	0.64592732690294	0	0.531491610926898	0.723008155245302	0	0	0	0	0	0	0	0	0	0	0	0	0	0	0	0	0	0	0	0	0
0	0	0	0	0	0	0	0	0	0	0	0	0	0	0	0	0	0	0	0	0	0	0	0	0	0	0	0	0	0	0	0	0	0	0	0	0	0	0	0	0	0	0	0	0	0	0	0	0	0	0	0	0	0	0	0	0	0	0.70184753606347	0.617341125959286	0	0.878239491953597	0	0	0	0	0.795571562805377	0	0	0	0.844208788533891	0.890777313031515	0	0	0	0	0	0	0	0	0	0	0	0	0	0	0	0	0	0
0	0	0	0	0	0	0	0	0	0	0	0	0	0	0	0	0	0	0	0	0	0	0	0	0	0	0	0	0	0	0	0	0	0	0	0	0	0	0	0	0	0	0	0	0	0	0	0	0	0	0	0	0	0	0.830290839543997	0	0	0.992084909170561	0.894539795434793	0	0	0	0	0	0	0.635841271715554	0	0	0.74400265267608	0	0	0	0	0	0	0	0	0	0	0	0	0	0	0	0	0	0	0	0	0
0	0	0	0	0	0	0	0	0	0	0	0	0	0	0	0	0	0	0	0	0	0	0	0	0	0	0	0	0	0	0	0	0	0	0	0	0	0	0	0	0	0	0	0	0	0	0	0	0	0	0	0	0	0	0.50796630576428	0	0.543645040947841	0	0.638702553372186	0	0	0	0.991133511721191	0	0	0	0	0.834387367988364	0	0	0	0	0	0	0	0	0	0	0	0	0	0	0	0	0	0	0	0	0	0
0	0	0	0	0	0	0	0	0	0	0	0	0	0	0	0	0	0	0	0	0	0	0	0	0	0	0	0	0	0	0	0	0	0	0	0	0	0	0	0	0	0	0	0	0	0	0	0	0	0	0	0	0	0	0	0.708344439203794	0.623764754604888	0.622367510798027	0	0.825418221303412	0	0	0.608673788697991	0	0	0	0.738132353669333	0.922935468910211	0	0	0.709391815977259	0.695466964612776	0	0	0	0	0	0	0	0	0	0	0	0	0	0	0	0	0	0
0	0	0	0	0	0	0	0	0	0	0	0	0	0	0	0	0	0	0	0	0	0	0	0	0	0	0	0	0	0	0	0	0	0	0	0	0	0	0	0	0	0	0	0	0	0	0	0	0	0	0	0	0	0	0	0.653647958246833	0	0	0.917358251835759	0	0.693759135461897	0	0	0.762735579778014	0	0	0	0.680370296218332	0	0	0	0	0	0	0	0	0	0	0	0	0	0	0	0	0	0	0	0	0	0
0	0	0	0	0	0	0	0	0	0	0	0	0	0	0	0	0	0	0	0	0	0	0	0	0	0	0	0	0	0	0	0	0	0	0	0	0	0	0	0	0	0	0	0	0	0	0	0	0	0	0	0	0	0	0	0	0	0	0	0.570617838883216	0	0	0.770109567163185	0	0	0	0.66475406482284	0	0	0.757549747652279	0	0	0	0	0	0	0	0	0	0	0	0	0	0	0	0	0	0	0	0
0	0	0	0	0	0	0	0	0	0	0	0	0	0	0	0	0	0	0	0	0	0	0	0	0	0	0	0	0	0	0	0	0	0	0	0	0	0	0	0	0	0	0	0	0	0	0	0	0	0	0	0	0	0	0.665177863389791	0.831622326906389	0	0	0	0	0	0	0	0.704960304957214	0	0	0.674133343253986	0	0	0	0.853959097332444	0.942206582314695	0	0	0	0	0	0	0	0	0	0	0	0	0	0	0	0	0	0
0	0	0	0	0	0	0	0	0	0	0	0	0	0	0	0	0	0	0	0	0	0	0	0	0	0	0	0	0	0	0	0	0	0	0	0	0	0	0	0	0	0	0	0	0	0	0	0	0	0	0	0	0	0	0	0	0	0.597623329265993	0.908634987842617	0	0.586533711014605	0	0	0.6390871710743	0	0	0.650746552576745	0	0.963475679584655	0.805282665709032	0.651108998823754	0	0	0	0	0	0	0	0	0	0	0	0	0	0	0	0	0	0	0
0	0	0	0	0	0	0	0	0	0	0	0	0	0	0	0	0	0	0	0	0	0	0	0	0	0	0	0	0	0	0	0	0	0	0	0	0	0	0	0	0	0	0	0	0	0	0	0	0	0	0	0	0	0	0.862713473621791	0	0	0	0	0.934379814511764	0	0.815824661992119	0.662087727199169	0	0	0	0	0	0	0	0	0	0	0	0	0	0	0	0	0	0	0	0	0	0	0	0	0	0	0
0	0	0	0	0	0	0	0	0	0	0	0	0	0	0	0	0	0	0	0	0	0	0	0	0	0	0	0	0	0	0	0	0	0	0	0	0	0	0	0	0	0	0	0	0	0	0	0	0	0	0	0	0	0	0.593066254281329	0	0	0	0	0	0	0	0	0	0	0.67838659083719	0.643993982329786	0.596873290847889	0	0	0	0	0	0	0	0	0	0	0	0	0	0	0	0	0	0	0	0	0	0
0	0	0	0	0	0	0	0	0	0	0	0	0	0	0	0	0	0	0	0	0	0	0	0	0	0	0	0	0	0	0	0	0	0	0	0	0	0	0	0	0	0	0	0	0	0	0	0	0	0	0	0	0	0	0.773542168486908	0	0.785297441939703	0	0	0	0	0	0	0	0.842414817285555	0	0	0	0	0.792351858684797	0	0.607369557740114	0	0	0	0	0	0	0	0	0	0	0	0	0	0	0	0	0	0
0	0	0	0	0	0	0	0	0	0	0	0	0	0	0	0	0	0	0	0	0	0	0	0	0	0	0	0	0	0	0	0	0	0	0	0	0	0	0	0	0	0	0	0	0	0	0	0	0	0	0	0	0	0	0	0.544785921010896	0	0	0.642954613922289	0	0.663739481566254	0.773280663526686	0.804092018983326	0	0.708005064903234	0	0	0.843139222439729	0.915492314575204	0	0	0	0	0	0	0	0	0	0	0	0	0	0	0	0	0	0	0	0	0
0	0	0	0	0	0	0	0	0	0	0	0	0	0	0	0	0	0	0	0	0	0	0	0	0	0	0	0	0	0	0	0	0	0	0	0	0	0	0	0	0	0	0	0	0	0	0	0	0	0	0	0	0	0	0.613330785730279	0	0	0.567026502510153	0.567436931211076	0.638167386213751	0	0	0	0	0.95458837341393	0	0.985824435872242	0	0	0	0	0.526190384925561	0	0	0	0	0	0	0	0	0	0	0	0	0	0	0	0	0	0
0	0	0	0	0	0	0	0	0	0	0	0	0	0	0	0	0	0	0	0	0	0	0	0	0	0	0	0	0	0	0	0	0	0	0	0	0	0	0	0	0	0	0	0	0	0	0	0	0	0	0	0	0	0	0.585408963154923	0	0.592336843632636	0	0	0	0	0	0.891258386662972	0	0	0	0.96161032610527	0	0	0.712903737247326	0.556830788699166	0	0	0	0	0	0	0	0	0	0	0	0	0	0	0	0	0	0	0
0	0	0	0	0	0	0	0	0	0	0	0	0	0	0	0	0	0	0	0	0	0	0	0	0	0	0	0	0	0	0	0	0	0	0	0	0	0	0	0	0	0	0	0	0	0	0	0	0	0	0	0	0	0	0	0	0	0	0	0	0.722318739235353	0	0.999254334494613	0	0	0.942458917722667	0	0	0.628501963433805	0	0.593199540002405	0.554190446951784	0	0	0	0	0	0	0	0	0	0	0	0	0	0	0	0	0	0
0	0	0	0	0	0	0	0	0	0	0	0	0	0	0	0	0	0	0	0	0	0	0	0	0	0	0	0	0	0	0	0	0	0	0	0	0	0	0	0	0	0	0	0	0	0	0	0	0	0	0	0	0	0	0	0.868994949691217	0	0	0.608912878219407	0	0	0.666892422905585	0.985936266907316	0	0	0	0	0	0.529947794904572	0.814341284499958	0	0	0	0	0	0	0	0	0	0	0	0	0	0	0	0	0	0	0	0
0	0	0	0	0	0	0	0	0	0	0	0	0	0	0	0	0	0	0	0	0	0	0	0	0	0	0	0	0	0	0	0	0	0	0	0	0	0	0	0	0	0	0	0	0	0	0	0	0	0	0	0	0	0	0	0.630576941250223	0	0	0.752464001892769	0	0	0.654087692730053	0	0	0	0.907856587270061	0	0.825131129761953	0	0.565366536219022	0	0	0	0	0	0	0	0	0	0	0	0	0	0	0	0	0	0	0	0
0	0	0	0	0	0	0	0	0	0	0	0	0	0	0	0	0	0	0	0	0	0	0	0	0	0	0	0	0	0	0	0	0	0	0	0	0	0	0	0	0	0	0	0	0	0	0	0	0	0	0	0	0	0	0	0	0	0	0	0	0	0	0	0	0	0	0	0	0	0	0	0	0	0.656582517926879	0.832384448499141	0.844835044443508	0.589607582750529	0.634579603229041	0.945901881752098	0.585000098217322	0	0.798617084570977	0	0.595050465262547	0.753907418527062	0.508210845821374	0.668862356278263	0.646971951366686	0.518584488497769	0.804338793289773
0	0	0	0	0	0	0	0	0	0	0	0	0	0	0	0	0	0	0	0	0	0	0	0	0	0	0	0	0	0	0	0	0	0	0	0	0	0	0	0	0	0	0	0	0	0	0	0	0	0	0	0	0	0	0	0	0	0	0	0	0	0	0	0	0	0	0	0	0	0	0	0	0.716286153469435	0	0.510179099824235	0.6760437159243	0.658970286309755	0.741005551984729	0.736576532251326	0.57615143791597	0.538175624907397	0	0	0	0.674646212565498	0.533119997400833	0.817006738719051	0.840953487807903	0.620974215801151	0.955558512187875
0	0	0	0	0	0	0	0	0	0	0	0	0	0	0	0	0	0	0	0	0	0	0	0	0	0	0	0	0	0	0	0	0	0	0	0	0	0	0	0	0	0	0	0	0	0	0	0	0	0	0	0	0	0	0	0	0	0	0	0	0	0	0	0	0	0	0	0	0	0	0	0	0.790380409271666	0.770108934948245	0	0.975622390052773	0.787262867524899	0.947568740062866	0.945171340951715	0.729360005723525	0	0.644151297158838	0.543064322415284	0	0.581163954366975	0.814990350326277	0.598824648573025	0.565028599941861	0.865647897553921	0.690219171168828
0	0	0	0	0	0	0	0	0	0	0	0	0	0	0	0	0	0	0	0	0	0	0	0	0	0	0	0	0	0	0	0	0	0	0	0	0	0	0	0	0	0	0	0	0	0	0	0	0	0	0	0	0	0	0	0	0	0	0	0	0	0	0	0	0	0	0	0	0	0	0	0	0.75970455066791	0.601550982484722	0.579415284797005	0	0.836825648627375	0.976210216449407	0.614921523872946	0.596872682697109	0.663747114004485	0.731405532854121	0.851252417650012	0	0	0	0.78742030769101	0.629844224814874	0.927231612304441	0
0	0	0	0	0	0	0	0	0	0	0	0	0	0	0	0	0	0	0	0	0	0	0	0	0	0	0	0	0	0	0	0	0	0	0	0	0	0	0	0	0	0	0	0	0	0	0	0	0	0	0	0	0	0	0	0	0	0	0	0	0	0	0	0	0	0	0	0	0	0	0	0	0.544198598611462	0.736168860418505	0.643721900249122	0.970584870632404	0	0.830970489614512	0.681658155649963	0.90667184300689	0.682836939984171	0.574833439174696	0.584771699164151	0	0.527163785302496	0	0	0.572699398489444	0.553917125916941	0.628919547852566
0	0	0	0	0	0	0	0	0	0	0	0	0	0	0	0	0	0	0	0	0	0	0	0	0	0	0	0	0	0	0	0	0	0	0	0	0	0	0	0	0	0	0	0	0	0	0	0	0	0	0	0	0	0	0	0	0	0	0	0	0	0	0	0	0	0	0	0	0	0	0	0	0.631255364156091	0.985641267213305	0.51014433924971	0.915236747361149	0.649299371257814	0	0.527818479425215	0.974102160550622	0.557643404809435	0.585578348968	0.699568432116327	0.670624854716378	0.844814949909667	0	0.93567525194563	0	0.609430784917598	0.595404990457321
0	0	0	0	0	0	0	0	0	0	0	0	0	0	0	0	0	0	0	0	0	0	0	0	0	0	0	0	0	0	0	0	0	0	0	0	0	0	0	0	0	0	0	0	0	0	0	0	0	0	0	0	0	0	0	0	0	0	0	0	0	0	0	0	0	0	0	0	0	0	0	0	0.915696180112353	0.985707035931305	0.707976225970156	0.697664370985048	0.696631002062792	0.776650416590555	0	0.816931065957127	0.918894385848487	0.756774909954053	0.946870865971196	0.519220720958313	0.746295612981462	0.609754814357778	0.811395193757791	0	0	0.56824635792622
0	0	0	0	0	0	0	0	0	0	0	0	0	0	0	0	0	0	0	0	0	0	0	0	0	0	0	0	0	0	0	0	0	0	0	0	0	0	0	0	0	0	0	0	0	0	0	0	0	0	0	0	0	0	0	0	0	0	0	0	0	0	0	0	0	0	0	0	0	0	0	0	0.960713913756612	0.873876579590407	0.8242937297669	0.934902135343669	0.628146379778141	0.756437909445887	0.92057476156385	0	0.612500036807338	0.504647637961494	0.892647262703601	0	0.875298903191623	0.929588059644221	0.790865069143304	0.965346955052989	0	0.83998122723509
0	0	0	0	0	0	0	0	0	0	0	0	0	0	0	0	0	0	0	0	0	0	0	0	0	0	0	0	0	0	0	0	0	0	0	0	0	0	0	0	0	0	0	0	0	0	0	0	0	0	0	0	0	0	0	0	0	0	0	0	0	0	0	0	0	0	0	0	0	0	0	0	0	0.984277108006333	0	0.798395733527898	0.956024600874109	0.664228458419246	0.824178093854193	0.633811931661866	0	0.589031398932159	0.906249840205534	0.632981274355934	0.644695238540833	0.639770832522038	0.897334650661907	0.909257849517245	0	0
0	0	0	0	0	0	0	0	0	0	0	0	0	0	0	0	0	0	0	0	0	0	0	0	0	0	0	0	0	0	0	0	0	0	0	0	0	0	0	0	0	0	0	0	0	0	0	0	0	0	0	0	0	0	0	0	0	0	0	0	0	0	0	0	0	0	0	0	0	0	0	0	0.737877587261331	0	0.944501780106884	0.582768540495258	0.756477596771906	0.766906097879129	0.763205213214424	0.668160763844417	0.782282654523174	0	0.836489539142235	0	0.777961873893117	0.681572790745802	0.758126530195164	0.686105297947039	0.839226975982189	0
0	0	0	0	0	0	0	0	0	0	0	0	0	0	0	0	0	0	0	0	0	0	0	0	0	0	0	0	0	0	0	0	0	0	0	0	0	0	0	0	0	0	0	0	0	0	0	0	0	0	0	0	0	0	0	0	0	0	0	0	0	0	0	0	0	0	0	0	0	0	0	0	0	0	0.534255394033054	0.919430368037798	0.586994764159268	0.810736719365259	0.504555666203477	0.990209968789039	0.606883882039675	0.777199643111981	0	0.903854740733296	0.983830789645804	0.734413185109982	0.86435393176379	0.872861536562287	0.514850928125838	0
0	0	0	0	0	0	0	0	0	0	0	0	0	0	0	0	0	0	0	0	0	0	0	0	0	0	0	0	0	0	0	0	0	0	0	0	0	0	0	0	0	0	0	0	0	0	0	0	0	0	0	0	0	0	0	0	0	0	0	0	0	0	0	0	0	0	0	0	0	0	0	0	0.711506382232334	0	0	0	0	0.744904317386514	0.519002837443218	0	0.67041125003251	0	0.80190013302312	0	0.769999510240962	0.820727296699741	0.857206091621263	0.928362884021776	0.913949037682332	0.731441162485475
0	0	0	0	0	0	0	0	0	0	0	0	0	0	0	0	0	0	0	0	0	0	0	0	0	0	0	0	0	0	0	0	0	0	0	0	0	0	0	0	0	0	0	0	0	0	0	0	0	0	0	0	0	0	0	0	0	0	0	0	0	0	0	0	0	0	0	0	0	0	0	0	0.633302591976105	0.687276872884149	0.556547166267188	0	0.903622344600492	0.715983867992815	0.63659427601623	0.946032844585606	0.742050090011775	0.798177755265414	0.512700892432135	0.792039042578014	0	0	0.547665159880398	0.950986627565168	0.810793363774852	0.797511877875026
0	0	0	0	0	0	0	0	0	0	0	0	0	0	0	0	0	0	0	0	0	0	0	0	0	0	0	0	0	0	0	0	0	0	0	0	0	0	0	0	0	0	0	0	0	0	0	0	0	0	0	0	0	0	0	0	0	0	0	0	0	0	0	0	0	0	0	0	0	0	0	0	0.862284885751293	0.542070843470871	0.916124371512125	0	0	0	0.915195718399068	0.935164029421567	0.507132864917021	0.561739794190529	0.667108215065818	0.521052978478538	0	0	0.989283065848272	0.79925131788121	0.607675986198671	0.576602153614917
0	0	0	0	0	0	0	0	0	0	0	0	0	0	0	0	0	0	0	0	0	0	0	0	0	0	0	0	0	0	0	0	0	0	0	0	0	0	0	0	0	0	0	0	0	0	0	0	0	0	0	0	0	0	0	0	0	0	0	0	0	0	0	0	0	0	0	0	0	0	0	0	0.999772992765175	0.698712226359352	0.611319600516737	0.882212659770177	0	0.625870531019447	0.588782406385985	0.951121665156133	0.501703469683829	0.692283649841944	0.741602214353043	0.756879989095363	0.651210741278001	0.58664479875085	0	0.524432605746847	0.693467886986114	0
0	0	0	0	0	0	0	0	0	0	0	0	0	0	0	0	0	0	0	0	0	0	0	0	0	0	0	0	0	0	0	0	0	0	0	0	0	0	0	0	0	0	0	0	0	0	0	0	0	0	0	0	0	0	0	0	0	0	0	0	0	0	0	0	0	0	0	0	0	0	0	0	0.958571303305971	0.827386482538481	0.715479862444517	0.792678691581267	0.688105765758791	0	0	0.605152537996483	0.880593659002711	0.968221999325509	0.97696691426857	0.824378945671668	0.773096097118624	0.725392398658955	0.840463806740198	0	0.925286620328488	0.737673902698623
0	0	0	0	0	0	0	0	0	0	0	0	0	0	0	0	0	0	0	0	0	0	0	0	0	0	0	0	0	0	0	0	0	0	0	0	0	0	0	0	0	0	0	0	0	0	0	0	0	0	0	0	0	0	0	0	0	0	0	0	0	0	0	0	0	0	0	0	0	0	0	0	0.531029573120151	0.640428522894461	0.989233057068068	0.776205544768999	0.979778312789536	0.803703360502656	0	0	0	0.769511711095531	0.696290646483867	0.849628224405931	0.576113213587339	0.811295703695707	0.634757011370974	0.861953388575521	0	0.807793756046802
0	0	0	0	0	0	0	0	0	0	0	0	0	0	0	0	0	0	0	0	0	0	0	0	0	0	0	0	0	0	0	0	0	0	0	0	0	0	0	0	0	0	0	0	0	0	0	0	0	0	0	0	0	0	0	0	0	0	0	0	0	0	0	0	0	0	0	0	0	0	0	0	0.89407482041123	0.725101236760771	0.708099600848632	0	0.870973411189924	0.883409707433497	0.875202082559971	0.582395270865578	0	0	0	0.632007201361355	0.974229287958541	0.791985663753167	0	0.848828448374396	0.65447386361183	0
