0	0.850714577996624	0.894917034832384	0	0.57910299699969	0	0	0	0	0.870750901787263	0	0	0	0	0	0.959671466788829	0	0	0	0	0	0	0	0	0	0.729920899865462	0.721037417305191	0.751175391645178	0.851473541237115	0.924483161264464	0	0	0	0	0	0	0	0	0	0	0	0	0	0	0	0	0	0	0	0	0	0	0	0	0	0	0	0	0	0	0	0	0	0	0	0	0	0	0	0	0	0	0	0	0	0	0	0	0	0	0	0	0	0	0	0	0	0	0	0
0.593676621755355	0	0.811932672225159	0	0.95114462460607	0.721914301527611	0.510660834162911	0	0	0	0	0.85985791956315	0	0	0	0	0	0	0	0	0	0	0	0	0	0.682938032665184	0.92097839211734	0.563599489260596	0.558505885399451	0.594989765262575	0	0	0	0	0	0	0	0	0	0	0	0	0	0	0	0	0	0	0	0	0	0	0	0	0	0	0	0	0	0	0	0	0	0	0	0	0	0	0	0	0	0	0	0	0	0	0	0	0	0	0	0	0	0	0	0	0	0	0	0
0.707070077244411	0.57976240116358	0	0.674450425001595	0.646502181540343	0.709612010481723	0.780959054138189	0	0	0	0	0	0	0	0	0	0	0	0	0	0	0	0	0	0.903849741664628	0	0	0.98064324109033	0.815506064119988	0.771892585190883	0	0	0	0	0	0	0	0	0	0	0	0	0	0	0	0	0	0	0	0	0	0	0	0	0	0	0	0	0	0	0	0	0	0	0	0	0	0	0	0	0	0	0	0	0	0	0	0	0	0	0	0	0	0	0	0	0	0	0	0
0	0	0.705811446046219	0	0.823026109863235	0.885143922690634	0.77210495699861	0.564034938534165	0.830485553935521	0	0	0	0	0	0	0	0	0	0	0	0	0	0	0	0	0	0	0	0.631647461280819	0.874225751817323	0	0	0	0	0	0	0	0	0	0	0	0	0	0	0	0	0	0	0	0	0	0	0	0	0	0	0	0	0	0	0	0	0	0	0	0	0	0	0	0	0	0	0	0	0	0	0	0	0	0	0	0	0	0	0	0	0	0	0	0
0.875599893184467	0.641428240001644	0.793819470825825	0.581725138436349	0	0.660936022482953	0.982069576858521	0.906493081268193	0.6003918424476	0.891732580558724	0	0	0	0	0	0	0	0	0	0	0	0	0	0	0	0	0	0	0	0	0	0	0	0	0	0	0	0	0	0	0	0	0	0	0	0	0	0	0	0	0	0	0	0	0	0	0	0	0	0	0	0	0	0	0	0	0	0	0	0	0	0	0	0	0	0	0	0	0	0	0	0	0	0	0	0	0	0	0	0
0	0.563733542132264	0.546705083695116	0.927722767262561	0.621715320187786	0	0	0.778929983144138	0.871282678925108	0.829273679273552	0.965678088505598	0	0	0.894778618390026	0	0	0	0	0	0	0	0	0	0	0	0	0	0	0	0	0	0	0	0	0	0	0	0	0	0	0	0	0	0	0	0	0	0	0	0	0	0	0	0	0	0	0	0	0	0	0	0	0	0	0	0	0	0	0	0	0	0	0	0	0	0	0	0	0	0	0	0	0	0	0	0	0	0	0	0
0	0.80857620152545	0.682689934184003	0.951240877428146	0.572197308666296	0	0	0.616459930943458	0.916191901702056	0.890598525125157	0.591858449555645	0.846299402877923	0	0	0	0	0	0	0	0.63800315475069	0	0	0	0	0	0	0	0	0	0	0	0	0	0	0	0	0	0	0	0	0	0	0	0	0	0	0	0	0	0	0	0	0	0	0	0	0	0	0	0	0	0	0	0	0	0	0	0	0	0	0	0	0	0	0	0	0	0	0	0	0	0	0	0	0	0	0	0	0	0
0	0	0	0.97117462682719	0.751852023069819	0.613651791513518	0.70450390368428	0	0.942826339330221	0.505791214627205	0.503643874097382	0.706904712709552	0.940463774957232	0	0	0	0	0	0	0	0	0	0	0	0	0	0	0	0	0	0	0	0	0	0	0	0	0	0	0	0	0	0	0	0	0	0	0	0	0	0	0	0	0	0	0	0	0	0	0	0	0	0	0	0	0	0	0	0	0	0	0	0	0	0	0	0	0	0	0	0	0	0	0	0	0	0	0	0	0
0	0	0	0.995340990144286	0.602688515531311	0.924525478009671	0.695822265482874	0.925833029761158	0	0	0.573410167549104	0.609316864081785	0.911778607675998	0.615294663098657	0	0.990381193055298	0	0	0.512897907631314	0	0	0	0	0	0	0	0	0	0	0	0	0	0	0	0	0	0	0	0	0	0	0	0	0	0	0	0	0	0	0	0	0	0	0	0	0	0	0	0	0	0	0	0	0	0	0	0	0	0	0	0	0	0	0	0	0	0	0	0	0	0	0	0	0	0	0	0	0	0	0
0.710303289632374	0	0	0	0.917197250573739	0.701561541009509	0.916571245481732	0.752473744947127	0	0	0.594514384137227	0.921847692953751	0.70048898963397	0.660277452937045	0	0	0	0	0	0	0.657847198498456	0	0	0	0	0	0.924984986876473	0	0	0	0	0	0	0	0	0	0	0	0	0	0	0	0	0	0	0	0	0	0	0	0	0	0	0	0	0	0	0	0	0	0	0	0	0	0	0	0	0	0	0	0	0	0	0	0	0	0	0	0	0	0	0	0	0	0	0	0	0	0	0
0	0	0	0	0	0.695663444029242	0.935651212309405	0.991785447532192	0.705481336775627	0.903473936015248	0	0.943682552449904	0.936709511100992	0.593761058770758	0.867864608382799	0.658827073067618	0	0	0	0	0	0	0	0	0	0	0	0	0	0	0	0	0	0	0	0	0	0	0	0	0	0	0	0	0	0	0	0	0	0	0	0	0	0	0	0	0	0	0	0	0	0	0	0	0	0	0	0	0	0	0	0	0	0	0	0	0	0	0	0	0	0	0	0	0	0	0	0	0	0
0	0.541838619862525	0	0	0	0	0.823641742948387	0.952751091902384	0.736849838122907	0.726011709852832	0.841628213739269	0	0.875675893157897	0.597378973449592	0.511069971535768	0.67462506401169	0.757412725598541	0	0	0.549374882464059	0	0	0	0	0.711604330037629	0	0	0	0	0	0	0	0	0	0	0	0	0	0	0	0	0	0	0	0	0	0	0	0	0	0	0	0	0	0	0	0	0	0	0	0	0	0	0	0	0	0	0	0	0	0	0	0	0	0	0	0	0	0	0	0	0	0	0	0	0	0	0	0	0
0	0	0	0	0	0	0	0.637781357679579	0.521772114077131	0.5360152382535	0.77662958156539	0.779719052886941	0	0.858225337073827	0.604222703138882	0.633303420844964	0.805076888809138	0.574069368414506	0	0	0	0	0.949291462114832	0	0	0	0	0.633479323815426	0	0.505758750982082	0	0	0	0	0	0	0	0	0	0	0	0	0	0	0	0	0	0	0	0	0	0	0	0	0	0	0	0	0	0	0	0	0	0	0	0	0	0	0	0	0	0	0	0	0	0	0	0	0	0	0	0	0	0	0	0	0	0	0	0
0	0	0	0	0	0.637230204875095	0	0	0.646543975244666	0.713445752420354	0.639403262049027	0.512168679873445	0.500892027918725	0	0	0.940965038085976	0.719319050305431	0.640991784088936	0.650323782092929	0	0	0	0	0	0	0	0	0	0	0.502890706699373	0	0	0	0	0	0	0	0	0	0	0	0	0	0	0	0	0	0	0	0	0	0	0	0	0	0	0	0	0	0	0	0	0	0	0	0	0	0	0	0	0	0	0	0	0	0	0	0	0	0	0	0	0	0	0	0	0	0	0	0
0	0	0	0	0	0	0	0	0	0	0.984839713137905	0.951137523864331	0.534242595361992	0	0	0.659158994836252	0.861673889685188	0.947667450357061	0.949464089657641	0.589716862108713	0	0	0	0	0	0	0	0	0	0	0	0	0	0	0	0	0	0	0	0	0	0	0	0	0	0	0	0	0	0	0	0	0	0	0	0	0	0	0	0	0	0	0	0	0	0	0	0	0	0	0	0	0	0	0	0	0	0	0	0	0	0	0	0	0	0	0	0	0	0
0.882977749196286	0	0	0	0	0	0	0	0.699077827706905	0	0.906418586400967	0.742401083833181	0.668914430591303	0.713481319344403	0.634102213881573	0	0.653200186960405	0.668110835134585	0	0.77441214078806	0.833286049723873	0.602293988696452	0	0	0	0	0	0	0	0	0	0	0	0	0	0	0	0	0	0	0	0	0	0	0	0	0	0	0	0	0	0	0	0	0	0	0	0	0	0	0	0	0	0	0	0	0	0	0	0	0	0	0	0	0	0	0	0	0	0	0	0	0	0	0	0	0	0	0	0
0	0	0	0	0	0	0	0	0	0	0	0.998833721280926	0.601932826608363	0.795048064580673	0.93583504129731	0.626905074546465	0	0.527468373249163	0.656620347890516	0.799548595649868	0.638167924861681	0.883240351939016	0	0	0	0	0	0	0	0	0	0	0	0	0	0	0	0	0	0	0	0	0	0	0	0	0	0	0	0	0	0	0	0	0	0	0	0	0	0	0	0	0	0	0	0	0	0	0	0	0	0	0	0	0	0	0	0	0	0	0	0	0	0	0	0	0	0	0	0
0	0	0	0	0	0	0	0	0	0	0	0	0.803585477179851	0.729639875621749	0.999502999854644	0.973567118260248	0.721682056672351	0	0.956639016727508	0.60222442579727	0.940685338171152	0.724628638871352	0.874061480486774	0	0	0	0	0	0	0	0	0	0	0	0	0	0	0	0	0	0	0	0	0	0	0	0	0	0	0	0	0	0	0	0	0	0	0	0	0	0	0	0	0	0	0	0	0	0	0	0	0	0	0	0	0	0	0	0	0	0	0	0	0	0	0	0	0	0	0
0	0	0	0	0	0	0	0	0.508892715535049	0	0	0	0	0.628154630455979	0.613589279096553	0	0.879332036676876	0.507447229917119	0	0	0.611820397251016	0.558935569725256	0.993030424412136	0.895835297349094	0	0	0	0	0	0	0	0	0	0	0	0	0	0	0	0	0	0	0	0	0	0	0	0	0	0	0	0	0	0	0	0	0	0	0	0	0	0	0	0	0	0	0	0	0	0	0	0	0	0	0	0	0	0	0	0	0	0	0	0	0	0	0	0	0	0
0	0	0	0	0	0	0.715985276883472	0	0	0	0	0.912848696332062	0	0	0.720296748079914	0.6981690946124	0.944443404003056	0.580243898135857	0	0	0.505929360201707	0.723642517746573	0	0.994774534933322	0	0	0	0	0	0	0	0	0	0	0	0	0	0	0	0	0	0	0	0	0	0	0	0	0	0	0	0	0	0	0	0	0	0	0	0	0	0	0	0	0	0	0	0	0	0	0	0	0	0	0	0	0	0	0	0	0	0	0	0	0	0	0	0	0	0
0	0	0	0	0	0	0	0	0	0.512442926583809	0	0	0	0	0	0.817401151518009	0.712037659256159	0.912076760550983	0.812722082245796	0.702918066379416	0	0	0.889868153656341	0.972383671139504	0.578913258531991	0.997827757230675	0	0	0	0	0	0	0	0	0	0	0	0	0	0	0	0	0	0	0	0	0	0	0	0	0	0	0	0	0	0	0	0	0	0	0	0	0	0	0	0	0	0	0	0	0	0	0	0	0	0	0	0	0	0	0	0	0	0	0	0	0	0	0	0
0	0	0	0	0	0	0	0	0	0	0	0	0	0	0	0.82829774623166	0.771642543426409	0.619900083541876	0.693228119476108	0.620020520934575	0	0	0.683881419903802	0.568368247490494	0.827829673895857	0.922976900121135	0.531578283103149	0	0	0	0	0	0	0	0	0	0	0	0	0	0	0	0	0	0	0	0	0	0	0	0	0	0	0	0	0	0	0	0	0	0	0	0	0	0	0	0	0	0	0	0	0	0	0	0	0	0	0	0	0	0	0	0	0	0	0	0	0	0	0
0	0	0	0	0	0	0	0	0	0	0	0	0.891115436671737	0	0	0	0	0.915400638640024	0.996870346786743	0	0.631587740424991	0.981880485323745	0	0.833437105950386	0.565921798645041	0.992652812583252	0.792549322419583	0	0	0	0	0	0	0	0	0	0	0	0	0	0	0	0	0	0	0	0	0	0	0	0	0	0	0	0	0	0	0	0	0	0	0	0	0	0	0	0	0	0	0	0	0	0	0	0	0	0	0	0	0	0	0	0	0	0	0	0	0	0	0
0	0	0	0	0	0	0	0	0	0	0	0	0	0	0	0	0	0	0.959227564299093	0.579410364038235	0.908263801999204	0.605096099431636	0.864843024594527	0	0.688724623887025	0.749316115501336	0.902760200042331	0.890261549621434	0.625741950851415	0	0	0	0	0	0	0	0	0	0	0	0	0	0	0	0	0	0	0	0	0	0	0	0	0	0	0	0	0	0	0	0	0	0	0	0	0	0	0	0	0	0	0	0	0	0	0	0	0	0	0	0	0	0	0	0	0	0	0	0	0
0	0	0.867241297407511	0	0	0	0	0	0	0	0	0.668324266031158	0	0	0	0	0	0	0	0	0.768349883545967	0.93627673526779	0.683612737702395	0.507203317897053	0	0.516056552195398	0.574935622779143	0	0.658899359451856	0.946148544967909	0	0	0	0	0	0	0	0	0	0	0	0	0	0	0	0	0	0	0	0	0	0	0	0	0	0	0	0	0	0	0	0	0	0	0	0	0	0	0	0	0	0	0	0	0	0	0	0	0	0	0	0	0	0	0	0	0	0	0	0
0.875622464101296	0.732292476592686	0	0	0	0	0	0	0	0	0	0	0	0	0	0	0	0	0	0	0.810798071521506	0.569586075598403	0.894202008649617	0.691788518822242	0.584443489199111	0	0.874250353322363	0	0.897862220792413	0.500838265316062	0	0	0	0	0	0	0	0	0	0	0	0	0	0	0	0	0	0	0	0	0	0	0	0	0	0	0	0	0	0	0	0	0	0	0	0	0	0	0	0	0	0	0	0	0	0	0	0	0	0	0	0	0	0	0	0	0	0	0	0
0.917238966842101	0.898851892165324	0	0	0	0	0	0	0	0.891113320691753	0	0	0	0	0	0	0	0	0	0	0	0.654596257946637	0.671287537961418	0.820543913812999	0.533097662820969	0.722545590040876	0	0.832460773874906	0.727065625803639	0.555932401266295	0	0	0	0	0	0	0	0	0	0	0	0	0	0	0	0	0	0	0	0	0	0	0	0	0	0	0	0	0	0	0	0	0	0	0	0	0	0	0	0	0	0	0	0	0	0	0	0	0	0	0	0	0	0	0	0	0	0	0	0
0.959126079066534	0.99202176723051	0.690826852029428	0	0	0	0	0	0	0	0	0	0.927951028163312	0	0	0	0	0	0	0	0	0	0	0.956868878808605	0	0	0.503547074521107	0	0.925540443618334	0	0	0	0	0	0	0	0	0	0	0	0	0	0	0	0	0	0	0	0	0	0	0	0	0	0	0	0	0	0	0	0	0	0	0	0	0	0	0	0	0	0	0	0	0	0	0	0	0	0	0	0	0	0	0	0	0	0	0	0	0
0.70285072654617	0.503015734417199	0.836210084132506	0.656311827456872	0	0	0	0	0	0	0	0	0	0	0	0	0	0	0	0	0	0	0	0.566595562929277	0.740038700981371	0.740285589423413	0.606481615543285	0.65827427853898	0	0.676608053970982	0	0	0	0	0	0	0	0	0	0	0	0	0	0	0	0	0	0	0	0	0	0	0	0	0	0	0	0	0	0	0	0	0	0	0	0	0	0	0	0	0	0	0	0	0	0	0	0	0	0	0	0	0	0	0	0	0	0	0	0
0.937622511909014	0.651322187493173	0.934145652487288	0.603439582308092	0	0	0	0	0	0	0	0	0.675517448220988	0.560195808832511	0	0	0	0	0	0	0	0	0	0	0.947061039590187	0.60678166358799	0.943404088564821	0	0.895671163990919	0	0	0	0	0	0	0	0	0	0	0	0	0	0	0	0	0	0	0	0	0	0	0	0	0	0	0	0	0	0	0	0	0	0	0	0	0	0	0	0	0	0	0	0	0	0	0	0	0	0	0	0	0	0	0	0	0	0	0	0	0
0	0	0	0	0	0	0	0	0	0	0	0	0	0	0	0	0	0	0	0	0	0	0	0	0	0	0	0	0	0	0	0.783514393039484	0.972066956150147	0	0	0	0.663957734797948	0	0	0	0.851850478156947	0	0	0.733829601685099	0	0	0.852703237281979	0.667198737851286	0.688602706143846	0	0.934759585311657	0	0.923469585379615	0	0	0	0	0	0	0	0	0	0	0	0	0	0	0	0	0	0	0	0	0	0	0	0	0	0	0	0	0	0	0	0	0	0	0	0	0
0	0	0	0	0	0	0	0	0	0	0	0	0	0	0	0	0	0	0	0	0	0	0	0	0	0	0	0	0	0	0.665865651817086	0	0	0	0.658320597553761	0.595745957286945	0.939983332358804	0	0.599628552617984	0.672547270537309	0	0	0.540311002820825	0	0.576341508250398	0.801315282813666	0	0	0	0	0.561438565066532	0.623077014459279	0	0	0.648991233088323	0.715955113401259	0	0	0	0.944025273462787	0	0	0	0	0	0	0	0	0	0	0	0	0	0	0	0	0	0	0	0	0	0	0	0	0	0	0	0	0	0
0	0	0	0	0	0	0	0	0	0	0	0	0	0	0	0	0	0	0	0	0	0	0	0	0	0	0	0	0	0	0.795283158810466	0	0	0.97948999011698	0.887479232781073	0.707899183524496	0	0.749470939995842	0	0	0	0.668807181348979	0.506394867823022	0	0.54063417553043	0	0	0	0	0.966888025144781	0.709758412929229	0.845074515992063	0	0	0	0	0.75458465010557	0	0.714149269605721	0	0	0	0	0	0	0	0	0	0	0	0	0	0	0	0	0	0	0	0	0	0	0	0	0	0	0	0	0	0	0
0	0	0	0	0	0	0	0	0	0	0	0	0	0	0	0	0	0	0	0	0	0	0	0	0	0	0	0	0	0	0	0	0.662308323708171	0	0	0	0.849493102759577	0.929122895277836	0	0	0.940492241271527	0	0.605302630889561	0	0	0	0	0.840791938844044	0	0.675494957093567	0	0.722724213090091	0	0.9612956221957	0.757382782274711	0	0.954935919459647	0.572857418133083	0	0	0	0	0	0	0	0	0	0	0	0	0	0	0	0	0	0	0	0	0	0	0	0	0	0	0	0	0	0	0	0
0	0	0	0	0	0	0	0	0	0	0	0	0	0	0	0	0	0	0	0	0	0	0	0	0	0	0	0	0	0	0	0.818495066785475	0.813347758025077	0	0	0	0	0.705194892287995	0	0.840707910268622	0	0.669263721112115	0	0.72742611377069	0	0	0	0	0.984344123314883	0.671791456335398	0.934882649878845	0	0	0.59543052807474	0.7815289236827	0	0.586252483801879	0.955780108092793	0	0	0	0	0	0	0	0	0	0	0	0	0	0	0	0	0	0	0	0	0	0	0	0	0	0	0	0	0	0	0	0
0	0	0	0	0	0	0	0	0	0	0	0	0	0	0	0	0	0	0	0	0	0	0	0	0	0	0	0	0	0	0	0.538756812534678	0.837677756653043	0	0	0	0	0	0	0	0	0.926584870138926	0	0	0.610181256949686	0.58816326455414	0	0.789973169321427	0	0	0	0	0.81704938139404	0	0	0	0.526172831804791	0	0.931665121956294	0	0	0	0	0	0	0	0	0	0	0	0	0	0	0	0	0	0	0	0	0	0	0	0	0	0	0	0	0	0	0
0	0	0	0	0	0	0	0	0	0	0	0	0	0	0	0	0	0	0	0	0	0	0	0	0	0	0	0	0	0	0.819856687203737	0.955728179343828	0	0.925539042959033	0	0	0	0	0.810238992583783	0	0.524059964200523	0	0	0.552442648724836	0	0.807926197212045	0	0	0.594414741247246	0	0.817883900790887	0.547893572682125	0	0	0.641911106700132	0	0	0.546163697901137	0	0	0	0	0	0	0	0	0	0	0	0	0	0	0	0	0	0	0	0	0	0	0	0	0	0	0	0	0	0	0	0
0	0	0	0	0	0	0	0	0	0	0	0	0	0	0	0	0	0	0	0	0	0	0	0	0	0	0	0	0	0	0	0	0.52634594712854	0.991060753368225	0.883352977724745	0	0	0	0.765574050756356	0.785718579519543	0.934015676313008	0.923571042993548	0	0.896338896446794	0.562500505073557	0	0.932979626334276	0.822380663904562	0	0	0	0.90668768603643	0	0	0	0.951555688104381	0	0	0.776891364664789	0.634957060802634	0	0	0	0	0	0	0	0	0	0	0	0	0	0	0	0	0	0	0	0	0	0	0	0	0	0	0	0	0	0
0	0	0	0	0	0	0	0	0	0	0	0	0	0	0	0	0	0	0	0	0	0	0	0	0	0	0	0	0	0	0	0.81113955795125	0	0	0	0	0.549552360377302	0.907421876895621	0	0.895730704910051	0	0	0.99358086164319	0.953705096428306	0	0.505238914242888	0.71250493714302	0	0	0	0.7643426613718	0	0.904915955919976	0	0.978763467934282	0.976692826906492	0.929458548978031	0.995065265712379	0	0.623531432892238	0	0	0	0	0	0	0	0	0	0	0	0	0	0	0	0	0	0	0	0	0	0	0	0	0	0	0	0	0	0
0	0	0	0	0	0	0	0	0	0	0	0	0	0	0	0	0	0	0	0	0	0	0	0	0	0	0	0	0	0	0	0.68207686179999	0	0	0.746079281671151	0	0	0.977503595743114	0.644192729422386	0	0.869558599280272	0	0.816109312093989	0	0.793558054959213	0.664334496745896	0	0	0.790731301868042	0	0.672315861668275	0.581473118405806	0	0	0	0	0	0	0.906178544194467	0.531438064329629	0	0	0	0	0	0	0	0	0	0	0	0	0	0	0	0	0	0	0	0	0	0	0	0	0	0	0	0	0	0
0	0	0	0	0	0	0	0	0	0	0	0	0	0	0	0	0	0	0	0	0	0	0	0	0	0	0	0	0	0	0.7849798572331	0	0	0.670266095391397	0	0	0.984559314073883	0.858013068237894	0	0.525704533955541	0	0.837279989387025	0.860648380851323	0.732876037701313	0	0.984712350587038	0	0.932274072638843	0	0	0	0.520948532211163	0	0	0.983638735689209	0	0.515633549288543	0	0	0	0	0	0	0	0	0	0	0	0	0	0	0	0	0	0	0	0	0	0	0	0	0	0	0	0	0	0	0	0	0
0	0	0	0	0	0	0	0	0	0	0	0	0	0	0	0	0	0	0	0	0	0	0	0	0	0	0	0	0	0	0	0	0.693756319425177	0	0.72366430253872	0.524501276413705	0	0.640900300607249	0	0	0.805261843326857	0	0.70314040098139	0	0	0.654625080924893	0	0.871858963878989	0	0	0.975494165519034	0	0.787851436390004	0	0	0.75465757907569	0	0.723414558492973	0.534894631560089	0	0	0	0	0	0	0	0	0	0	0	0	0	0	0	0	0	0	0	0	0	0	0	0	0	0	0	0	0	0	0
0	0	0	0	0	0	0	0	0	0	0	0	0	0	0	0	0	0	0	0	0	0	0	0	0	0	0	0	0	0	0	0.784098447348076	0.596882837090912	0.662701215084709	0	0	0	0	0.719521941628651	0.702889586511051	0.879227950602345	0.804685120711107	0	0	0	0.947781038756008	0.692042061202331	0.779330574552309	0	0.833204608512049	0	0.707040228902842	0	0.597065032287714	0	0.91855478470891	0.616499790116517	0.606032854633143	0	0	0	0	0	0	0	0	0	0	0	0	0	0	0	0	0	0	0	0	0	0	0	0	0	0	0	0	0	0	0	0
0	0	0	0	0	0	0	0	0	0	0	0	0	0	0	0	0	0	0	0	0	0	0	0	0	0	0	0	0	0	0.688176747948943	0	0	0	0.96677885912324	0	0.805941712490076	0.610209136179225	0.944453919033236	0	0.710016521056585	0	0	0	0	0	0.899093621863855	0.74050486106685	0.625156871060514	0	0.841083510789506	0.690173249686555	0	0.968941255009416	0	0.937791600271568	0	0	0	0.569671494056976	0	0	0	0	0	0	0	0	0	0	0	0	0	0	0	0	0	0	0	0	0	0	0	0	0	0	0	0	0	0
0	0	0	0	0	0	0	0	0	0	0	0	0	0	0	0	0	0	0	0	0	0	0	0	0	0	0	0	0	0	0	0.658227093357712	0.924852435490353	0	0	0.581478579878132	0	0.578345794859023	0	0.746179139330489	0	0	0	0	0	0.738837230184553	0.961574727372299	0.960060065191775	0	0.505560867960721	0.850228767089724	0	0.873623633364486	0.574381077994757	0	0.79147027339312	0.679793191006576	0	0	0.647752795211276	0	0	0	0	0	0	0	0	0	0	0	0	0	0	0	0	0	0	0	0	0	0	0	0	0	0	0	0	0	0
0	0	0	0	0	0	0	0	0	0	0	0	0	0	0	0	0	0	0	0	0	0	0	0	0	0	0	0	0	0	0	0.622824100029038	0	0	0	0.809318904392109	0.776139362247931	0	0.859118832465573	0.531790149760699	0.523868357810139	0.533716779876855	0.831926474372158	0	0.9571820470044	0	0	0	0	0	0.678457755228008	0	0.576192150359412	0	0	0	0	0.78449784698594	0	0.502083664647589	0	0	0	0	0	0	0	0	0	0	0	0	0	0	0	0	0	0	0	0	0	0	0	0	0	0	0	0	0	0
0	0	0	0	0	0	0	0	0	0	0	0	0	0	0	0	0	0	0	0	0	0	0	0	0	0	0	0	0	0	0.963468050994831	0	0	0	0	0	0	0.588259991400967	0.911255267986368	0	0	0	0.551363667565828	0.931116771682166	0.718694871371704	0	0	0	0	0.805659966462944	0	0.737801488876011	0.891065200778418	0.621912112945584	0	0	0.631471625264437	0.761620312917076	0.589108554279035	0	0	0	0	0	0	0	0	0	0	0	0	0	0	0	0	0	0	0	0	0	0	0	0	0	0	0	0	0	0	0
0	0	0	0	0	0	0	0	0	0	0	0	0	0	0	0	0	0	0	0	0	0	0	0	0	0	0	0	0	0	0.565940084288663	0	0	0.569881478371095	0	0.682533597104963	0	0.766957291757983	0	0	0.99213645580629	0.637649728688196	0.831584552677651	0.715827664220506	0.517839232477793	0	0	0	0.8714848881209	0.913662186196056	0	0	0.511239402081186	0.956345365885373	0	0	0	0.991202536151878	0	0.512105951516941	0	0	0	0	0	0	0	0	0	0	0	0	0	0	0	0	0	0	0	0	0	0	0	0	0	0	0	0	0	0
0	0	0	0	0	0	0	0	0	0	0	0	0	0	0	0	0	0	0	0	0	0	0	0	0	0	0	0	0	0	0.944777486043926	0	0	0	0.622933093021227	0	0.980695462982025	0	0	0.895256472052923	0	0	0	0.611651228773131	0	0	0	0.763725650954515	0	0	0	0.796840652842552	0.558154714063505	0	0.960260857665299	0.831472299505814	0.955323740848183	0.811343502296582	0.542849720344041	0	0	0	0	0	0	0	0	0	0	0	0	0	0	0	0	0	0	0	0	0	0	0	0	0	0	0	0	0	0	0
0	0	0	0	0	0	0	0	0	0	0	0	0	0	0	0	0	0	0	0	0	0	0	0	0	0	0	0	0	0	0	0	0.965048882889658	0.803945827633991	0.913064334869404	0	0	0	0	0	0	0	0.860863692888996	0	0.58039793897722	0	0.707518016712677	0.963727093398106	0	0	0.530745574148909	0.719099793977285	0.519113654106785	0.86343313535731	0.866753283244369	0.811165212905992	0.732695519722903	0	0	0.647102437919675	0	0	0	0	0	0	0	0	0	0	0	0	0	0	0	0	0	0	0	0	0	0	0	0	0	0	0	0	0	0
0	0	0	0	0	0	0	0	0	0	0	0	0	0	0	0	0	0	0	0	0	0	0	0	0	0	0	0	0	0	0.661670422990888	0.665291735795137	0.908202802378313	0	0.66035325246384	0	0.914474277553127	0	0.806904474534052	0.906604109893825	0	0.774575921758637	0	0.977672900208161	0.931171200797198	0.877070482653326	0	0	0	0.929072002367118	0	0	0	0.70751337242362	0.523965589775516	0.589186632613579	0	0.889247465843895	0	0.900159781970724	0	0	0	0	0	0	0	0	0	0	0	0	0	0	0	0	0	0	0	0	0	0	0	0	0	0	0	0	0	0
0	0	0	0	0	0	0	0	0	0	0	0	0	0	0	0	0	0	0	0	0	0	0	0	0	0	0	0	0	0	0	0.925504700207013	0.710985816150725	0.930541545938911	0	0	0.805230466983657	0.92538364248408	0	0.846058847872596	0.925911329437436	0	0.95439894740407	0.697390642015245	0	0	0.991324873650158	0	0.636039118649429	0.523490850263529	0	0	0.697666429462329	0	0.98416425941915	0	0	0.949130252333073	0	0	0	0	0	0	0	0	0	0	0	0	0	0	0	0	0	0	0	0	0	0	0	0	0	0	0	0	0	0	0	0
0	0	0	0	0	0	0	0	0	0	0	0	0	0	0	0	0	0	0	0	0	0	0	0	0	0	0	0	0	0	0.562309329211575	0	0	0	0	0.9445618114066	0	0	0.632678245269749	0	0	0.968266468882493	0	0	0.925985150103507	0.691057548418732	0.775661597382745	0.856688788219235	0.632730003095535	0.643909632646266	0	0.990534794888685	0	0.794248023957024	0.915888932221737	0.98090286753567	0.66749387695093	0	0.671138574595287	0.864183068593173	0	0	0	0	0	0	0	0	0	0	0	0	0	0	0	0	0	0	0	0	0	0	0	0	0	0	0	0	0	0
0	0	0	0	0	0	0	0	0	0	0	0	0	0	0	0	0	0	0	0	0	0	0	0	0	0	0	0	0	0	0	0	0	0.961668926569441	0.621793742862681	0	0	0	0	0	0	0	0.641309709675749	0.968669992368533	0.982150879798498	0	0.841291792590098	0.807776238765529	0	0.664711443641759	0.973125217391323	0	0.582918115927865	0	0	0	0	0.558863846987449	0.563245175961247	0.729349971710444	0	0	0	0	0	0	0	0	0	0	0	0	0	0	0	0	0	0	0	0	0	0	0	0	0	0	0	0	0	0
0	0	0	0	0	0	0	0	0	0	0	0	0	0	0	0	0	0	0	0	0	0	0	0	0	0	0	0	0	0	0	0.687126154954668	0	0.929730506517989	0.667454805990528	0	0.513612841120432	0	0.9334134833909	0	0.921266715538269	0	0	0	0	0	0	0	0.589171330387943	0.904833655532512	0.719339182941724	0.726977731295866	0.782657591226574	0	0	0.767884288879202	0.728239759650594	0.998447854538035	0.883042654084461	0.657341336499308	0	0	0	0	0	0	0	0	0	0	0	0	0	0	0	0	0	0	0	0	0	0	0	0	0	0	0	0	0	0
0	0	0	0	0	0	0	0	0	0	0	0	0	0	0	0	0	0	0	0	0	0	0	0	0	0	0	0	0	0	0	0.887750651485154	0	0	0	0	0	0.896695038302911	0.651566040679845	0	0	0.871103128926619	0.977719012703608	0.592486916568889	0.735162473047724	0	0	0	0.709884767254856	0.799605888699131	0.630471253761248	0	0.990976698926031	0	0.663445323655305	0	0.894219816062386	0.889044910216788	0	0.752799752785228	0	0	0	0	0	0	0	0	0	0	0	0	0	0	0	0	0	0	0	0	0	0	0	0	0	0	0	0	0	0
0	0	0	0	0	0	0	0	0	0	0	0	0	0	0	0	0	0	0	0	0	0	0	0	0	0	0	0	0	0	0	0	0.957990384988474	0.959923080690686	0.822490455848816	0.656426960364742	0	0	0.583510413755965	0	0.7150218667555	0	0.600271515428708	0	0.52961060159834	0	0.766425762985401	0	0.543266074605916	0.975605517115658	0	0	0.756507022102558	0	0.721479485341015	0.770817164549447	0	0.6451469275279	0.855879979200966	0.969937488803759	0	0	0	0	0	0	0	0	0	0	0	0	0	0	0	0	0	0	0	0	0	0	0	0	0	0	0	0	0	0
0	0	0	0	0	0	0	0	0	0	0	0	0	0	0	0	0	0	0	0	0	0	0	0	0	0	0	0	0	0	0	0	0	0.937352783406135	0.503164326110604	0	0.680570598992283	0	0.877000491677967	0	0	0.941492649564386	0.979600030939568	0	0	0.641067130859135	0.815679519131839	0.545093883301418	0.83128203490735	0	0.841537688554555	0.677753067046718	0	0.780733920303656	0.690160608113022	0.60229379719099	0.650094183521083	0	0.986670954639711	0	0	0	0	0	0	0	0	0	0	0	0	0	0	0	0	0	0	0	0	0	0	0	0	0	0	0	0	0	0	0
0	0	0	0	0	0	0	0	0	0	0	0	0	0	0	0	0	0	0	0	0	0	0	0	0	0	0	0	0	0	0	0	0.876904654090047	0	0	0.927059742448544	0	0.956364863936727	0	0.572412009024096	0	0.653155226926403	0	0	0	0	0.949348957267079	0	0.817356299720835	0	0	0	0.8750486176196	0.900023954123628	0.945010060827436	0	0.645331150853492	0.897555600816377	0	0	0	0	0	0	0	0	0	0	0	0	0	0	0	0	0	0	0	0	0	0	0	0	0	0	0	0	0	0	0	0
0	0	0	0	0	0	0	0	0	0	0	0	0	0	0	0	0	0	0	0	0	0	0	0	0	0	0	0	0	0	0	0.902230681284884	0	0	0	0	0	0.677120451602585	0.55636356346665	0.860370268920962	0	0	0	0.537317980376031	0.930997249988261	0.544094559685558	0	0.934947608900939	0	0.869642073078999	0.677038851035333	0	0.736491237715061	0.818843516567982	0.50166303099128	0.758508278146159	0.997568846360877	0	0	0	0	0	0	0	0	0	0	0	0	0	0	0	0	0	0	0	0	0	0	0	0	0	0	0	0	0	0	0	0	0
0	0	0	0	0	0	0	0	0	0	0	0	0	0	0	0	0	0	0	0	0	0	0	0	0	0	0	0	0	0	0	0	0	0	0	0	0	0	0	0	0	0	0	0	0	0	0	0	0	0	0	0	0	0	0	0	0	0	0	0	0	0.676335895035808	0.896480836056753	0.639779250574487	0	0.735532627704046	0	0	0.610820411354087	0	0	0	0	0	0	0	0	0	0	0	0	0	0	0	0	0	0.750259430052225	0.66724759617203	0.808008382383014	0.530775459111469
0	0	0	0	0	0	0	0	0	0	0	0	0	0	0	0	0	0	0	0	0	0	0	0	0	0	0	0	0	0	0	0	0	0	0	0	0	0	0	0	0	0	0	0	0	0	0	0	0	0	0	0	0	0	0	0	0	0	0	0	0.511865784984283	0	0	0.811227452953807	0	0.843198021075073	0	0	0	0	0	0.949552589884647	0	0	0	0	0	0	0	0	0	0	0.577405067287864	0	0.750217576481379	0	0	0.920988534420451	0.798951751418082	0.676153959661937
0	0	0	0	0	0	0	0	0	0	0	0	0	0	0	0	0	0	0	0	0	0	0	0	0	0	0	0	0	0	0	0	0	0	0	0	0	0	0	0	0	0	0	0	0	0	0	0	0	0	0	0	0	0	0	0	0	0	0	0	0.741715168945197	0	0	0.543096734739804	0.57475393685243	0.816434198931153	0.66925944927122	0	0	0	0	0	0	0	0	0	0	0	0	0	0	0	0	0	0	0	0	0	0.752271059432649	0.842560031541219
0	0	0	0	0	0	0	0	0	0	0	0	0	0	0	0	0	0	0	0	0	0	0	0	0	0	0	0	0	0	0	0	0	0	0	0	0	0	0	0	0	0	0	0	0	0	0	0	0	0	0	0	0	0	0	0	0	0	0	0	0.71716778000119	0.836355456747822	0.960513073119909	0	0.806881707069511	0.541414566142864	0.852805663475508	0.941670125351565	0	0	0	0	0	0	0	0	0	0	0	0	0	0	0	0	0	0	0	0	0	0.53472245558762
0	0	0	0	0	0	0	0	0	0	0	0	0	0	0	0	0	0	0	0	0	0	0	0	0	0	0	0	0	0	0	0	0	0	0	0	0	0	0	0	0	0	0	0	0	0	0	0	0	0	0	0	0	0	0	0	0	0	0	0	0	0	0.773750974187489	0.624415952742308	0	0.579125024548522	0	0.817650454970319	0	0	0	0	0.929281911744412	0	0	0	0	0	0	0	0	0	0	0	0	0.818327553955263	0	0	0	0
0	0	0	0	0	0	0	0	0	0	0	0	0	0	0	0	0	0	0	0	0	0	0	0	0	0	0	0	0	0	0	0	0	0	0	0	0	0	0	0	0	0	0	0	0	0	0	0	0	0	0	0	0	0	0	0	0	0	0	0	0.916163268385816	0.579597041823619	0.751792075358956	0.975474269433098	0.615689299250348	0	0.727134039031767	0.790244487001164	0	0	0	0	0	0	0	0	0.942667807000782	0	0	0	0	0.675891195476308	0	0	0	0	0.647103738583479	0	0	0
0	0	0	0	0	0	0	0	0	0	0	0	0	0	0	0	0	0	0	0	0	0	0	0	0	0	0	0	0	0	0	0	0	0	0	0	0	0	0	0	0	0	0	0	0	0	0	0	0	0	0	0	0	0	0	0	0	0	0	0	0	0	0.816689579751119	0.912271714577436	0	0.898963212570868	0	0.799086011495841	0.787852299141586	0.955433309763624	0	0	0	0	0	0	0	0	0	0	0	0	0	0	0.797504206493958	0	0.864440179435028	0	0.628395916138396	0
0	0	0	0	0	0	0	0	0	0	0	0	0	0	0	0	0	0	0	0	0	0	0	0	0	0	0	0	0	0	0	0	0	0	0	0	0	0	0	0	0	0	0	0	0	0	0	0	0	0	0	0	0	0	0	0	0	0	0	0	0	0	0	0.502854308184292	0.978106574701972	0.565191825038613	0.710619527693066	0	0.967050009697316	0.842093817385418	0.948314721392516	0.68197763691149	0	0	0	0	0	0	0	0	0	0	0	0	0	0	0	0	0	0
0	0	0	0	0	0	0	0	0	0	0	0	0	0	0	0	0	0	0	0	0	0	0	0	0	0	0	0	0	0	0	0	0	0	0	0	0	0	0	0	0	0	0	0	0	0	0	0	0	0	0	0	0	0	0	0	0	0	0	0	0.514487720040231	0	0	0	0	0	0.777131557593176	0.902297932333703	0	0	0.691541732141411	0.897959083547917	0	0	0	0	0	0	0	0	0	0	0.752906052434584	0	0.730926244238093	0.955851374066928	0	0	0.694398640326003	0
0	0	0	0	0	0	0	0	0	0	0	0	0	0	0	0	0	0	0	0	0	0	0	0	0	0	0	0	0	0	0	0	0	0	0	0	0	0	0	0	0	0	0	0	0	0	0	0	0	0	0	0	0	0	0	0	0	0	0	0	0	0	0	0	0	0	0.998719165216331	0.966977447123973	0	0	0	0	0.576222118617413	0.790398134395683	0	0	0	0	0	0	0	0	0	0.657024009320247	0	0.54726347205939	0	0.756100542140076	0	0
0	0	0	0	0	0	0	0	0	0	0	0	0	0	0	0	0	0	0	0	0	0	0	0	0	0	0	0	0	0	0	0	0	0	0	0	0	0	0	0	0	0	0	0	0	0	0	0	0	0	0	0	0	0	0	0	0	0	0	0	0	0	0	0	0	0	0	0.97886465154485	0.858161140500955	0	0	0	0.965482375810575	0.818289981163781	0	0	0	0	0.870658057751035	0	0	0	0.97022688252143	0	0.908570431194031	0	0	0	0	0
0	0	0	0	0	0	0	0	0	0	0	0	0	0	0	0	0	0	0	0	0	0	0	0	0	0	0	0	0	0	0	0	0	0	0	0	0	0	0	0	0	0	0	0	0	0	0	0	0	0	0	0	0	0	0	0	0	0	0	0	0	0.585243984423086	0	0	0	0	0	0.525819465897901	0.573807591694806	0	0	0	0	0	0.821467845710886	0	0	0.858215134809422	0.538777153330273	0	0	0	0.618639619504008	0.609388185291335	0	0	0	0	0	0
0	0	0	0	0	0	0	0	0	0	0	0	0	0	0	0	0	0	0	0	0	0	0	0	0	0	0	0	0	0	0	0	0	0	0	0	0	0	0	0	0	0	0	0	0	0	0	0	0	0	0	0	0	0	0	0	0	0	0	0	0	0	0	0	0.552622908566999	0	0	0	0	0.891719371424006	0.594781855005495	0	0	0.535570837326201	0.618180287905673	0.507830690707188	0.850533729026901	0	0	0	0	0	0	0	0	0	0	0	0	0
0	0	0	0	0	0	0	0	0	0	0	0	0	0	0	0	0	0	0	0	0	0	0	0	0	0	0	0	0	0	0	0	0	0	0	0	0	0	0	0	0	0	0	0	0	0	0	0	0	0	0	0	0	0	0	0	0	0	0	0	0	0	0	0	0	0	0	0	0	0.942202831241882	0.60862913490057	0	0.850712810574363	0	0.678732377603842	0	0.648999327604232	0.641511778207216	0	0	0	0	0	0.547114021636586	0	0	0	0	0	0.93236805029654
0	0	0	0	0	0	0	0	0	0	0	0	0	0	0	0	0	0	0	0	0	0	0	0	0	0	0	0	0	0	0	0	0	0	0	0	0	0	0	0	0	0	0	0	0	0	0	0	0	0	0	0	0	0	0	0	0	0	0	0	0	0	0	0	0	0	0	0	0	0	0	0.723088213730787	0.588254629757286	0.602595328834225	0	0.697914752635384	0.709455974212078	0.531005871362664	0.986219435160015	0	0	0	0	0	0	0	0	0	0	0
0	0	0	0	0	0	0	0	0	0	0	0	0	0	0	0	0	0	0	0	0	0	0	0	0	0	0	0	0	0	0	0	0	0	0	0	0	0	0	0	0	0	0	0	0	0	0	0	0	0	0	0	0	0	0	0	0	0	0	0	0	0	0	0	0	0	0	0	0	0	0	0	0.536923225039356	0	0.640984705167587	0	0	0.82888156409848	0.70137505209195	0.660467447434766	0	0	0.830546074841291	0	0	0	0.652135685856108	0	0	0
0	0	0	0	0	0	0	0	0	0	0	0	0	0	0	0	0	0	0	0	0	0	0	0	0	0	0	0	0	0	0	0	0	0	0	0	0	0	0	0	0	0	0	0	0	0	0	0	0	0	0	0	0	0	0	0	0	0	0	0	0	0	0	0	0	0.866320741660797	0	0	0	0	0	0	0.558275278211574	0.903037927951295	0.617835965297806	0	0	0.94622405968326	0.564278431145596	0.70381475020572	0.619732394235259	0	0	0	0	0	0	0	0	0
0	0	0	0	0	0	0	0	0	0	0	0	0	0	0	0	0	0	0	0	0	0	0	0	0	0	0	0	0	0	0	0	0	0	0	0	0	0	0	0	0	0	0	0	0	0	0	0	0	0	0	0	0	0	0	0	0	0	0	0	0	0	0	0	0	0	0	0	0	0	0	0.740390823960628	0	0.580775506429288	0.913228367288835	0.664172251641306	0.600522103002427	0	0	0.871752020600943	0.675772466422832	0.682886543615383	0	0	0.886674082253936	0	0	0	0	0
0	0	0	0	0	0	0	0	0	0	0	0	0	0	0	0	0	0	0	0	0	0	0	0	0	0	0	0	0	0	0	0	0	0	0	0	0	0	0	0	0	0	0	0	0	0	0	0	0	0	0	0	0	0	0	0	0	0	0	0	0	0	0	0	0	0	0	0	0	0	0.962718672717135	0.544293003528466	0	0	0.579037931170937	0.713688466253715	0.816461571020707	0	0	0.87114440365846	0.921274201622083	0.64217306744554	0.830815834197804	0	0	0	0	0	0	0
0	0	0	0	0	0	0	0	0	0	0	0	0	0	0	0	0	0	0	0	0	0	0	0	0	0	0	0	0	0	0	0	0	0	0	0	0	0	0	0	0	0	0	0	0	0	0	0	0	0	0	0	0	0	0	0	0	0	0	0	0	0	0	0	0	0	0	0	0	0	0	0	0	0	0	0.769042476618969	0.974120371977105	0.791527944998836	0.693615527782968	0	0.986506339499886	0.59389157451041	0.525696244918521	0.53697646504633	0	0	0	0	0	0
0	0	0	0	0	0	0	0	0	0	0	0	0	0	0	0	0	0	0	0	0	0	0	0	0	0	0	0	0	0	0	0	0	0	0	0	0	0	0	0	0	0	0	0	0	0	0	0	0	0	0	0	0	0	0	0	0	0	0	0	0	0	0	0	0	0	0	0	0	0	0	0	0	0	0	0	0.878889229672795	0.873876591553515	0.687118953217863	0.866732370618823	0	0.759844490468864	0.601293386563135	0.561456184790095	0.576613561827349	0	0	0	0	0
0	0	0	0	0	0	0	0	0	0	0	0	0	0	0	0	0	0	0	0	0	0	0	0	0	0	0	0	0	0	0	0	0	0	0	0	0	0	0	0	0	0	0	0	0	0	0	0	0	0	0	0	0	0	0	0	0	0	0	0	0	0	0	0	0	0.708365656125955	0	0	0	0	0	0	0	0	0	0	0	0.812581167317413	0.980033057045327	0.655841198770371	0.57163380232371	0	0	0.931152907871678	0.96174612159489	0.763191114299562	0	0.991377307331655	0	0
0	0	0	0	0	0	0	0	0	0	0	0	0	0	0	0	0	0	0	0	0	0	0	0	0	0	0	0	0	0	0	0	0	0	0	0	0	0	0	0	0	0	0	0	0	0	0	0	0	0	0	0	0	0	0	0	0	0	0	0	0	0.704619304258072	0	0	0	0	0	0	0.912602387556027	0	0.986483266913056	0.961340608770424	0	0	0	0.964268547700183	0	0	0.515236450276879	0.915315257186145	0.948656593973646	0	0	0	0	0	0	0	0	0
0	0	0	0	0	0	0	0	0	0	0	0	0	0	0	0	0	0	0	0	0	0	0	0	0	0	0	0	0	0	0	0	0	0	0	0	0	0	0	0	0	0	0	0	0	0	0	0	0	0	0	0	0	0	0	0	0	0	0	0	0	0	0	0	0	0	0	0	0	0.66511042626453	0	0.722187614530298	0	0.607801103489188	0	0	0	0	0	0.87513277848842	0.620520153536316	0.607331163556232	0	0	0	0.879506343054658	0.955964409806246	0	0	0
0	0	0	0	0	0	0	0	0	0	0	0	0	0	0	0	0	0	0	0	0	0	0	0	0	0	0	0	0	0	0	0	0	0	0	0	0	0	0	0	0	0	0	0	0	0	0	0	0	0	0	0	0	0	0	0	0	0	0	0	0	0.558931810244609	0	0	0	0	0.991986383389332	0	0.727467848369364	0	0.625885884513808	0	0	0	0	0	0	0.671862840042323	0	0	0.531354182146195	0.686934716226461	0	0	0	0.66933654116337	0	0	0	0
0	0	0	0	0	0	0	0	0	0	0	0	0	0	0	0	0	0	0	0	0	0	0	0	0	0	0	0	0	0	0	0	0	0	0	0	0	0	0	0	0	0	0	0	0	0	0	0	0	0	0	0	0	0	0	0	0	0	0	0	0	0	0	0	0.525206721981702	0	0	0	0.560772429023589	0.694955492274135	0	0	0	0	0	0	0	0	0	0	0	0.725594610365068	0	0.521992658827053	0.915263899687582	0	0.712141395871583	0.636127146138591	0	0.956605095002826
0	0	0	0	0	0	0	0	0	0	0	0	0	0	0	0	0	0	0	0	0	0	0	0	0	0	0	0	0	0	0	0	0	0	0	0	0	0	0	0	0	0	0	0	0	0	0	0	0	0	0	0	0	0	0	0	0	0	0	0	0.734491443474347	0	0	0	0	0.849063962967549	0.60973367095006	0	0	0	0	0	0	0	0	0.670745140121781	0	0	0	0	0	0	0	0.953231783092649	0	0.972885565811096	0	0	0.968128291929193	0.975646274102769
0	0	0	0	0	0	0	0	0	0	0	0	0	0	0	0	0	0	0	0	0	0	0	0	0	0	0	0	0	0	0	0	0	0	0	0	0	0	0	0	0	0	0	0	0	0	0	0	0	0	0	0	0	0	0	0	0	0	0	0	0.972246939042607	0.613816167653666	0	0	0	0	0	0	0	0.792122384226438	0	0	0	0	0	0	0	0	0	0	0	0.681261592576648	0	0	0	0.804179761968955	0	0	0.636462481408801	0.740148650914291
0	0	0	0	0	0	0	0	0	0	0	0	0	0	0	0	0	0	0	0	0	0	0	0	0	0	0	0	0	0	0	0	0	0	0	0	0	0	0	0	0	0	0	0	0	0	0	0	0	0	0	0	0	0	0	0	0	0	0	0	0.612379526034725	0.925474851860293	0.886367733493622	0	0	0	0.716153812797086	0	0.702108437653701	0	0	0	0	0	0	0	0	0	0	0	0	0	0	0	0	0	0.652287602633896	0.614627189663584	0	0
0	0	0	0	0	0	0	0	0	0	0	0	0	0	0	0	0	0	0	0	0	0	0	0	0	0	0	0	0	0	0	0	0	0	0	0	0	0	0	0	0	0	0	0	0	0	0	0	0	0	0	0	0	0	0	0	0	0	0	0	0.867935290464384	0.900770055588278	0.66526693810056	0.824814626701928	0	0	0	0	0	0	0	0	0	0.856155057461334	0	0	0	0	0	0	0	0	0	0	0	0.548325696589444	0.964475069846741	0.695273897109453	0	0
