0	0.810844025041573	0.741771241714109	0.702395684487585	0.592988093417185	0	0.807836044640252	0.945346644030361	0	0.660252527803094	0.544918920528426	0	0.951948951622374	0	0.582359338467966	0.959155299500525	0.510914435503225	0	0	0	0	0	0	0	0	0	0	0	0	0	0	0	0	0	0	0	0	0	0	0	0	0	0	0	0	0	0	0	0	0	0	0	0	0	0	0	0	0	0	0	0	0	0	0	0	0	0	0	0	0	0	0	0	0	0	0	0	0	0	0	0	0	0	0	0	0	0	0	0	0
0.92261082410923	0	0	0	0.577486110348354	0.64022582698013	0.54123846071449	0.619580642662809	0	0	0.895667663614549	0	0.900914406367479	0.835260329907792	0.583511833922481	0.658051208852301	0	0.734761996778034	0	0	0	0	0	0	0	0	0	0	0	0	0	0	0	0	0	0	0	0	0	0	0	0	0	0	0	0	0	0	0	0	0	0	0	0	0	0	0	0	0	0	0	0	0	0	0	0	0	0	0	0	0	0	0	0	0	0	0	0	0	0	0	0	0	0	0	0	0	0	0	0
0.572140356019943	0	0	0	0.680415382476498	0.817956642389619	0.727160307331419	0.511748772749601	0.572647600159981	0.962721925639152	0.936345844162517	0	0.967490373074955	0.731524149260428	0	0	0.714617096677992	0	0	0	0	0	0	0	0	0	0	0	0	0	0	0	0	0	0	0	0	0	0	0	0	0	0	0	0	0	0	0	0	0	0	0	0	0	0	0	0	0	0	0	0	0	0	0	0	0	0	0	0	0	0	0	0	0	0	0	0	0	0	0	0	0	0	0	0	0	0	0	0	0
0.970818365263433	0	0	0	0	0.970287661018219	0.706924560658593	0	0.95027668294737	0.874256525406456	0.669830021498677	0.689444179767208	0.657706208674085	0.57129638240995	0.554372857409667	0.93338202974587	0.82240047194897	0	0	0	0	0	0	0	0	0	0	0	0	0	0	0	0	0	0	0	0	0	0	0	0	0	0	0	0	0	0	0	0	0	0	0	0	0	0	0	0	0	0	0	0	0	0	0	0	0	0	0	0	0	0	0	0	0	0	0	0	0	0	0	0	0	0	0	0	0	0	0	0	0
0.78770188521078	0.69320281801716	0.924592972534983	0	0	0.69847507101969	0.563127416711898	0.77847487690356	0	0.659266766515759	0.79457816735293	0	0.974891902651939	0	0	0.564358729111491	0.715875908607152	0.907560539617237	0	0	0	0	0	0	0	0	0	0	0	0	0	0	0	0	0	0	0	0	0	0	0	0	0	0	0	0	0	0	0	0	0	0	0	0	0	0	0	0	0	0	0	0	0	0	0	0	0	0	0	0	0	0	0	0	0	0	0	0	0	0	0	0	0	0	0	0	0	0	0	0
0	0.541157997945136	0.610661470024707	0.767135021999936	0.625797230223435	0	0.711768012065185	0	0.764555187312683	0.957731914486725	0.523520870205072	0.955046851817402	0.875720019394361	0.781018052872953	0.72759083204549	0.781545149995933	0.609940049586637	0.732660966170327	0	0	0	0	0	0	0	0	0	0	0	0	0	0	0	0	0	0	0	0	0	0	0	0	0	0	0	0	0	0	0	0	0	0	0	0	0	0	0	0	0	0	0	0	0	0	0	0	0	0	0	0	0	0	0	0	0	0	0	0	0	0	0	0	0	0	0	0	0	0	0	0
0.584267738411087	0.951607095803029	0.88267628719546	0.609955060254692	0.640782983744895	0.729049003566808	0	0.873402955974917	0	0	0.715901688564555	0.723045049557407	0.646022048619266	0.967017093042205	0	0	0	0.507592622336712	0	0	0	0	0	0	0	0	0	0	0	0	0	0	0	0	0	0	0	0	0	0	0	0	0	0	0	0	0	0	0	0	0	0	0	0	0	0	0	0	0	0	0	0	0	0	0	0	0	0	0	0	0	0	0	0	0	0	0	0	0	0	0	0	0	0	0	0	0	0	0	0
0.569005837417464	0.660754362672207	0.546245544790624	0	0.846375162305044	0	0.795322771125461	0	0	0.637531803298494	0.809086786325085	0	0	0.563283657840277	0	0	0.949479596366282	0	0	0	0	0	0	0	0	0	0	0	0	0	0	0	0	0	0	0	0	0	0	0	0	0	0	0	0	0	0	0	0	0	0	0	0	0	0	0	0	0	0	0	0	0	0	0	0	0	0	0	0	0	0	0	0	0	0	0	0	0	0	0	0	0	0	0	0	0	0	0	0	0
0	0	0.651680361458564	0.997622837577495	0	0.811423790059127	0	0	0	0	0	0.964793443207032	0.732745853505526	0.930339112975775	0.769555627197201	0.565203605981965	0	0.584545663400836	0	0	0	0	0	0	0	0	0	0	0	0	0	0	0	0	0	0	0	0	0	0	0	0	0	0	0	0	0	0	0	0	0	0	0	0	0	0	0	0	0	0	0	0	0	0	0	0	0	0	0	0	0	0	0	0	0	0	0	0	0	0	0	0	0	0	0	0	0	0	0	0
0.858863893843731	0	0.790500432432779	0.942022354512587	0.766717219393863	0.870747340245967	0	0.550310872608868	0	0	0.929803176020204	0.867104601601058	0.679482027033586	0.787283984747453	0.816406884380716	0.684397776806616	0	0	0	0	0	0	0	0	0	0	0	0	0	0	0	0	0	0	0	0	0	0	0	0	0	0	0	0	0	0	0	0	0	0	0	0	0	0	0	0	0	0	0	0	0	0	0	0	0	0	0	0	0	0	0	0	0	0	0	0	0	0	0	0	0	0	0	0	0	0	0	0	0	0
0.507304997935844	0.885348932674453	0.794887495209884	0.755140393532342	0.755512700367009	0.661680276504031	0.668211300073018	0.639751223342714	0	0.64471650312503	0	0.567356583801036	0.624851929122158	0.641215662369919	0.940817143027249	0.924659844538095	0.737801774622808	0.524917737232816	0	0	0	0	0	0	0	0	0	0	0	0	0	0	0	0	0	0	0	0	0	0	0	0	0	0	0	0	0	0	0	0	0	0	0	0	0	0	0	0	0	0	0	0	0	0	0	0	0	0	0	0	0	0	0	0	0	0	0	0	0	0	0	0	0	0	0	0	0	0	0	0
0	0	0	0.901586045255361	0	0.871887672373734	0.930072768965723	0	0.607763074536649	0.894956491710859	0.806747962038576	0	0.555052777453683	0.550417102243745	0.544190190145781	0.968615852040504	0.581886298108767	0.505228272444382	0	0	0	0	0	0	0	0	0	0	0	0	0	0	0	0	0	0	0	0	0	0	0	0	0	0	0	0	0	0	0	0	0	0	0	0	0	0	0	0	0	0	0	0	0	0	0	0	0	0	0	0	0	0	0	0	0	0	0	0	0	0	0	0	0	0	0	0	0	0	0	0
0.879940040179818	0.930741263411406	0.578254826437943	0.990190356880624	0.92281436122391	0.553220294522028	0.81110860974586	0	0.626129491088929	0.944513159729049	0.836376533533259	0.686310196852802	0	0.920129897315215	0.993906348746947	0.58864997001588	0	0	0	0	0	0	0	0	0	0	0	0	0	0	0	0	0	0	0	0	0	0	0	0	0	0	0	0	0	0	0	0	0	0	0	0	0	0	0	0	0	0	0	0	0	0	0	0	0	0	0	0	0	0	0	0	0	0	0	0	0	0	0	0	0	0	0	0	0	0	0	0	0	0
0	0.566890090733206	0.909285922264274	0.584504441967798	0	0.799235139316853	0.746481307585272	0.890468484295508	0.624995372402932	0.583958827350289	0.533886530016988	0.85873488941977	0.671641235203022	0	0.791270829468157	0.717381264996877	0.946549880424149	0.996893023206396	0	0	0	0	0	0	0	0	0	0	0	0	0	0	0	0	0	0	0	0	0	0	0	0	0	0	0	0	0	0	0	0	0	0	0	0	0	0	0	0	0	0	0	0	0	0	0	0	0	0	0	0	0	0	0	0	0	0	0	0	0	0	0	0	0	0	0	0	0	0	0	0
0.650275263344255	0.913516504634921	0	0.712333746830027	0	0.911856261662289	0	0	0.528452705589713	0.560998113897487	0.897513402537083	0.557623098192572	0.630350318131192	0.86846578989648	0	0.690151119478967	0.777180079627699	0	0	0	0	0	0	0	0	0	0	0	0	0	0	0	0	0	0	0	0	0	0	0	0	0	0	0	0	0	0	0	0	0	0	0	0	0	0	0	0	0	0	0	0	0	0	0	0	0	0	0	0	0	0	0	0	0	0	0	0	0	0	0	0	0	0	0	0	0	0	0	0	0
0.517933802136285	0.961173898249883	0	0.765572251528765	0.679878864083106	0.72321813686076	0	0	0.729699154118182	0.713504235044835	0.514206001209254	0.731272113076929	0.595770985621884	0.689632261586318	0.677777342971196	0	0	0.704334501396577	0	0	0	0	0	0	0	0	0	0	0	0	0	0	0	0	0	0	0	0	0	0	0	0	0	0	0	0	0	0	0	0	0	0	0	0	0	0	0	0	0	0	0	0	0	0	0	0	0	0	0	0	0	0	0	0	0	0	0	0	0	0	0	0	0	0	0	0	0	0	0	0
0.867151801207491	0	0.5048499015484	0.896379461497266	0.763030003166013	0.832057245024313	0	0.846542619696704	0	0	0.703610557666009	0.935204511206866	0	0.511807048017817	0.645448307725666	0	0	0	0	0	0	0	0	0	0	0	0	0	0	0	0	0	0	0	0	0	0	0	0	0	0	0	0	0	0	0	0	0	0	0	0	0	0	0	0	0	0	0	0	0	0	0	0	0	0	0	0	0	0	0	0	0	0	0	0	0	0	0	0	0	0	0	0	0	0	0	0	0	0	0
0	0.508011688389148	0	0	0.686103150099895	0.54045482371635	0.955248931948042	0	0.919563195860146	0	0.599343025293656	0.968427597588368	0	0.84742527820589	0	0.93811315577851	0	0	0	0	0	0	0	0	0	0	0	0	0	0	0	0	0	0	0	0	0	0	0	0	0	0	0	0	0	0	0	0	0	0	0	0	0	0	0	0	0	0	0	0	0	0	0	0	0	0	0	0	0	0	0	0	0	0	0	0	0	0	0	0	0	0	0	0	0	0	0	0	0	0
0	0	0	0	0	0	0	0	0	0	0	0	0	0	0	0	0	0	0	0.999122625621052	0	0.657971321883461	0.677084009726399	0.549414667528845	0.781692611672014	0.727936507465072	0.6628874095033	0.513621910131235	0	0	0.87964614545944	0.520072669841638	0.788536568954586	0.818774042332521	0.983543881881823	0.561947031374586	0	0	0	0	0	0	0	0	0	0	0	0	0	0	0	0	0	0	0	0	0	0	0	0	0	0	0	0	0	0	0	0	0	0	0	0	0	0	0	0	0	0	0	0	0	0	0	0	0	0	0	0	0	0
0	0	0	0	0	0	0	0	0	0	0	0	0	0	0	0	0	0	0.525122542424788	0	0.638085298009852	0.691556639465438	0	0.658288668466054	0	0.510093587535586	0.691876871446557	0.720774627903221	0.549903683555933	0.993545938090433	0.977426805314366	0.57081541375631	0.825752191323654	0.981115830467465	0.629069475659584	0	0	0	0	0	0	0	0	0	0	0	0	0	0	0	0	0	0	0	0	0	0	0	0	0	0	0	0	0	0	0	0	0	0	0	0	0	0	0	0	0	0	0	0	0	0	0	0	0	0	0	0	0	0	0
0	0	0	0	0	0	0	0	0	0	0	0	0	0	0	0	0	0	0	0.691192295226071	0	0.782204450442909	0.724582883861581	0.537784563180784	0.805252801927961	0.805183956564818	0.935534449557933	0.898938825755065	0	0	0.610401335064845	0.904858109099175	0	0	0	0.589435544192211	0	0	0	0	0	0	0	0	0	0	0	0	0	0	0	0	0	0	0	0	0	0	0	0	0	0	0	0	0	0	0	0	0	0	0	0	0	0	0	0	0	0	0	0	0	0	0	0	0	0	0	0	0	0
0	0	0	0	0	0	0	0	0	0	0	0	0	0	0	0	0	0	0.889528133353173	0.910606135722694	0.903933732513903	0	0.877779696635712	0.564008946939322	0.562187900596602	0.878216432759708	0.724848009644277	0.817680458079825	0.670907541549586	0.678613858661365	0	0	0	0.893616437698664	0.539635781175475	0.644263509546553	0	0	0	0	0	0	0	0	0	0	0	0	0	0	0	0	0	0	0	0	0	0	0	0	0	0	0	0	0	0	0	0	0	0	0	0	0	0	0	0	0	0	0	0	0	0	0	0	0	0	0	0	0	0
0	0	0	0	0	0	0	0	0	0	0	0	0	0	0	0	0	0	0.754777611832654	0	0.807406951574939	0.952132139859929	0	0	0.639325274835798	0.662910558949101	0.665343286054721	0.911611956646601	0.95304169886116	0.728126092409643	0	0	0.613152590880676	0.514044541452095	0.8680408000451	0.751448820848194	0	0	0	0	0	0	0	0	0	0	0	0	0	0	0	0	0	0	0	0	0	0	0	0	0	0	0	0	0	0	0	0	0	0	0	0	0	0	0	0	0	0	0	0	0	0	0	0	0	0	0	0	0	0
0	0	0	0	0	0	0	0	0	0	0	0	0	0	0	0	0	0	0.603598274664076	0.797196189053345	0.591211456929538	0.878364218532669	0	0	0.55427883295971	0	0.862195292646586	0.994180347694579	0.732344406244701	0.632701827252393	0.828450389550699	0	0.772154695540857	0.634458655938102	0.792111693823887	0.865977894998148	0	0	0	0	0	0	0	0	0	0	0	0	0	0	0	0	0	0	0	0	0	0	0	0	0	0	0	0	0	0	0	0	0	0	0	0	0	0	0	0	0	0	0	0	0	0	0	0	0	0	0	0	0	0
0	0	0	0	0	0	0	0	0	0	0	0	0	0	0	0	0	0	0.832020368280208	0	0.955802996938533	0.863355679069896	0.771074248620168	0.716398464146126	0	0	0.609694459168063	0.626521021248708	0.974840996616952	0.770503217056835	0	0.520287249763879	0.707488783842883	0	0.830862692305018	0.621066894018057	0	0	0	0	0	0	0	0	0	0	0	0	0	0	0	0	0	0	0	0	0	0	0	0	0	0	0	0	0	0	0	0	0	0	0	0	0	0	0	0	0	0	0	0	0	0	0	0	0	0	0	0	0	0
0	0	0	0	0	0	0	0	0	0	0	0	0	0	0	0	0	0	0.575226709998668	0.792874862271375	0.863987581134333	0.768431647420151	0.75767049772914	0	0	0	0.776911042688603	0.897507219874295	0.964002802166165	0.844291756359432	0	0.606652249971388	0.753545787832339	0.795200275267015	0.6012621998804	0.997463353005173	0	0	0	0	0	0	0	0	0	0	0	0	0	0	0	0	0	0	0	0	0	0	0	0	0	0	0	0	0	0	0	0	0	0	0	0	0	0	0	0	0	0	0	0	0	0	0	0	0	0	0	0	0	0
0	0	0	0	0	0	0	0	0	0	0	0	0	0	0	0	0	0	0.53033065643277	0.630407849284658	0.892403504894882	0.64121514567647	0.997918115383167	0.672024118059817	0.746894370349815	0.698246478042004	0	0.720121593210495	0.751977458148896	0.923052498534155	0.500895792751758	0	0.785865088346549	0.649132976026679	0.595881251811901	0.716041227627621	0	0	0	0	0	0	0	0	0	0	0	0	0	0	0	0	0	0	0	0	0	0	0	0	0	0	0	0	0	0	0	0	0	0	0	0	0	0	0	0	0	0	0	0	0	0	0	0	0	0	0	0	0	0
0	0	0	0	0	0	0	0	0	0	0	0	0	0	0	0	0	0	0.913029212787698	0.885643866442603	0.693319052240259	0.975861079207218	0.572698059879972	0.877976443456006	0.950972578316623	0.598442921723891	0.797597648467753	0	0	0.657675103041812	0	0.819923515042559	0.951117379287742	0.989926324392675	0.604985920489385	0.796128395978889	0	0	0	0	0	0	0	0	0	0	0	0	0	0	0	0	0	0	0	0	0	0	0	0	0	0	0	0	0	0	0	0	0	0	0	0	0	0	0	0	0	0	0	0	0	0	0	0	0	0	0	0	0	0
0	0	0	0	0	0	0	0	0	0	0	0	0	0	0	0	0	0	0	0.739589471072173	0	0.69304982186632	0.506671356772632	0.734986411597946	0.818390326567264	0.540774854176451	0.904026738583373	0	0	0.823844065544916	0.660838593644872	0	0.572052141868493	0.798927984536723	0.594127272302814	0.769666209405676	0	0	0	0	0	0	0	0	0	0	0	0	0	0	0	0	0	0	0	0	0	0	0	0	0	0	0	0	0	0	0	0	0	0	0	0	0	0	0	0	0	0	0	0	0	0	0	0	0	0	0	0	0	0
0	0	0	0	0	0	0	0	0	0	0	0	0	0	0	0	0	0	0	0.955765689341253	0	0.865031510984759	0.787290376427157	0.888338915058968	0.599548341980222	0.895987990947823	0.871993983408808	0.573146621212718	0.682067745386893	0	0.667515604864987	0.897597271656467	0.960931990036636	0.836177104101362	0.847687524463856	0.609436617313491	0	0	0	0	0	0	0	0	0	0	0	0	0	0	0	0	0	0	0	0	0	0	0	0	0	0	0	0	0	0	0	0	0	0	0	0	0	0	0	0	0	0	0	0	0	0	0	0	0	0	0	0	0	0
0	0	0	0	0	0	0	0	0	0	0	0	0	0	0	0	0	0	0.891509096529577	0.691990678073781	0.594004453137867	0	0	0.557062680979563	0	0	0.715409117761919	0	0.799602964270253	0.572535206350077	0	0.501330906992093	0.502400097246791	0.644166778362066	0.944402457350622	0.558463998286249	0	0	0	0	0	0	0	0	0	0	0	0	0	0	0	0	0	0	0	0	0	0	0	0	0	0	0	0	0	0	0	0	0	0	0	0	0	0	0	0	0	0	0	0	0	0	0	0	0	0	0	0	0	0
0	0	0	0	0	0	0	0	0	0	0	0	0	0	0	0	0	0	0.739854521661896	0.768365647712734	0.573277124724726	0	0	0	0.674936210474132	0.974498789729819	0	0.510277629103422	0	0.708147507134533	0.655081087535614	0	0.662582946500034	0.681001247666587	0.699600515475999	0.525941035421693	0	0	0	0	0	0	0	0	0	0	0	0	0	0	0	0	0	0	0	0	0	0	0	0	0	0	0	0	0	0	0	0	0	0	0	0	0	0	0	0	0	0	0	0	0	0	0	0	0	0	0	0	0	0
0	0	0	0	0	0	0	0	0	0	0	0	0	0	0	0	0	0	0.848161556750151	0.679189603801536	0	0	0.671484768145044	0.773094577355664	0.878867368885124	0.505643684623913	0.555435699498393	0.601313784522437	0.552368986462631	0.68469021997694	0.653254799571264	0.667506631399986	0	0.684436631980712	0.726761955941333	0.891607061622133	0	0	0	0	0	0	0	0	0	0	0	0	0	0	0	0	0	0	0	0	0	0	0	0	0	0	0	0	0	0	0	0	0	0	0	0	0	0	0	0	0	0	0	0	0	0	0	0	0	0	0	0	0	0
0	0	0	0	0	0	0	0	0	0	0	0	0	0	0	0	0	0	0.570306260947099	0.813776453239718	0	0.705874854810137	0.657152039351022	0.818115383475119	0	0.532746394480878	0.859375512997919	0.658345761246389	0.535768903713526	0.607226683123056	0.71674185860841	0.688804185284889	0.990376386813531	0	0.736370351150632	0.854213272496168	0	0	0	0	0	0	0	0	0	0	0	0	0	0	0	0	0	0	0	0	0	0	0	0	0	0	0	0	0	0	0	0	0	0	0	0	0	0	0	0	0	0	0	0	0	0	0	0	0	0	0	0	0	0
0	0	0	0	0	0	0	0	0	0	0	0	0	0	0	0	0	0	0.836727086360929	0.841308040212936	0	0.56005264494916	0.979050965556484	0.777976002745489	0.54106843642463	0.973508157482336	0.964943703119785	0.681883352858068	0.666795106916609	0.981202733846352	0.769327829246664	0.783862016578954	0.726401473913688	0.815745747111676	0	0.822191493703067	0	0	0	0	0	0	0	0	0	0	0	0	0	0	0	0	0	0	0	0	0	0	0	0	0	0	0	0	0	0	0	0	0	0	0	0	0	0	0	0	0	0	0	0	0	0	0	0	0	0	0	0	0	0
0	0	0	0	0	0	0	0	0	0	0	0	0	0	0	0	0	0	0.922628127028355	0	0.72729720602732	0.761483699552332	0.862093779217124	0.900458634139482	0.963380168142848	0.569466939734751	0.661651486656602	0.726839796232168	0.628112205678636	0.908555761718145	0.737529878951644	0.685308444319958	0.644245693176191	0.514419535868716	0.657055330431941	0	0	0	0	0	0	0	0	0	0	0	0	0	0	0	0	0	0	0	0	0	0	0	0	0	0	0	0	0	0	0	0	0	0	0	0	0	0	0	0	0	0	0	0	0	0	0	0	0	0	0	0	0	0	0
0	0	0	0	0	0	0	0	0	0	0	0	0	0	0	0	0	0	0	0	0	0	0	0	0	0	0	0	0	0	0	0	0	0	0	0	0	0.901488693611152	0.845251822866802	0.816600719710683	0.945545708013111	0.568946886303259	0	0	0	0	0	0	0	0	0.793357334347231	0.614954443729818	0.81937445291759	0.657007645915327	0	0	0	0	0	0	0	0	0	0	0	0	0	0	0	0	0	0	0	0	0	0	0	0	0	0	0	0	0	0	0	0	0	0	0	0
0	0	0	0	0	0	0	0	0	0	0	0	0	0	0	0	0	0	0	0	0	0	0	0	0	0	0	0	0	0	0	0	0	0	0	0	0.585281897199366	0	0.862007674889415	0.931034085618073	0	0.708057012766884	0.595383019384349	0	0	0	0.708617145753194	0	0.703631018179199	0	0.88243585297295	0.539768411116606	0.813081055199883	0.611766726804684	0	0	0	0	0	0	0	0	0	0	0	0	0	0	0	0	0	0	0	0	0	0	0	0	0	0	0	0	0	0	0	0	0	0	0	0
0	0	0	0	0	0	0	0	0	0	0	0	0	0	0	0	0	0	0	0	0	0	0	0	0	0	0	0	0	0	0	0	0	0	0	0	0.875270239251159	0.708093368918105	0	0.837941733398576	0	0.90628832498724	0.569463989073323	0.623337825422558	0	0	0	0.947349934966459	0	0	0	0.738688966260269	0.797426695190918	0	0	0	0	0	0	0	0	0	0	0	0	0	0	0	0	0	0	0	0	0	0	0	0	0	0	0	0	0	0	0	0	0	0	0	0	0
0	0	0	0	0	0	0	0	0	0	0	0	0	0	0	0	0	0	0	0	0	0	0	0	0	0	0	0	0	0	0	0	0	0	0	0	0.718861320488496	0.809820779408343	0.543522945669541	0	0.509457627753185	0.839905787501776	0.608366167814737	0.865924873623129	0.533094949784175	0	0	0	0	0.682431911730811	0.873930546571273	0	0.566457330275818	0	0	0	0	0	0	0	0	0	0	0	0	0	0	0	0	0	0	0	0	0	0	0	0	0	0	0	0	0	0	0	0	0	0	0	0	0
0	0	0	0	0	0	0	0	0	0	0	0	0	0	0	0	0	0	0	0	0	0	0	0	0	0	0	0	0	0	0	0	0	0	0	0	0.898059294854614	0	0	0.589932347434902	0	0.724333714229621	0.670329427893156	0.848282019189237	0.822603707971576	0.67652751437617	0	0	0	0	0	0	0	0.757091597226299	0	0	0	0	0	0	0	0	0	0	0	0	0	0	0	0	0	0	0	0	0	0	0	0	0	0	0	0	0	0	0	0	0	0	0	0
0	0	0	0	0	0	0	0	0	0	0	0	0	0	0	0	0	0	0	0	0	0	0	0	0	0	0	0	0	0	0	0	0	0	0	0	0.955856009662491	0.84428511391044	0.665114522891479	0.554253926387546	0.840805231070689	0	0.665585199511337	0.584549287522255	0.812229856495643	0.601717657120241	0.993247427203005	0	0	0	0	0	0	0	0	0	0	0	0	0	0	0	0	0	0	0	0	0	0	0	0	0	0	0	0	0	0	0	0	0	0	0	0	0	0	0	0	0	0	0
0	0	0	0	0	0	0	0	0	0	0	0	0	0	0	0	0	0	0	0	0	0	0	0	0	0	0	0	0	0	0	0	0	0	0	0	0	0.869019206250105	0.862081450646345	0.749163115836336	0.694862643343277	0.668831677850891	0	0.542726914939688	0.887157128074535	0.639009614224293	0.871524685380025	0.769638517883897	0	0	0	0	0	0	0	0	0	0	0	0	0	0	0	0	0	0	0	0	0	0	0	0	0	0	0	0	0	0	0	0	0	0	0	0	0	0	0	0	0	0
0	0	0	0	0	0	0	0	0	0	0	0	0	0	0	0	0	0	0	0	0	0	0	0	0	0	0	0	0	0	0	0	0	0	0	0	0	0	0.657103435810123	0.58962217976893	0.587291646570178	0.70938092330638	0.666391285802324	0	0.52923621404044	0.909631027309076	0.731940934431804	0.576300430085847	0.566298262566824	0	0	0	0	0.765264977202591	0	0	0	0	0	0	0	0	0	0	0	0	0	0	0	0	0	0	0	0	0	0	0	0	0	0	0	0	0	0	0	0	0	0	0	0
0	0	0	0	0	0	0	0	0	0	0	0	0	0	0	0	0	0	0	0	0	0	0	0	0	0	0	0	0	0	0	0	0	0	0	0	0	0	0	0.613037716109231	0.867921006115531	0.902767015836252	0.91241165961994	0.547040874757604	0	0.920231507644419	0.626876835036495	0.947484426093844	0.825104326941503	0.899639741040094	0	0	0	0.665196295019697	0	0	0	0	0	0	0	0	0	0	0	0	0	0	0	0	0	0	0	0	0	0	0	0	0	0	0	0	0	0	0	0	0	0	0	0
0	0	0	0	0	0	0	0	0	0	0	0	0	0	0	0	0	0	0	0	0	0	0	0	0	0	0	0	0	0	0	0	0	0	0	0	0	0	0	0	0.607535243306508	0.656674710389942	0.505746994318468	0.822429515562035	0.535062853192745	0	0.835890101684419	0.838463108074146	0.716359877865028	0.90190605407969	0.952930927832963	0	0	0	0	0	0	0	0	0	0	0	0	0	0	0	0	0	0	0	0	0	0	0	0	0	0	0	0	0	0	0	0	0	0	0	0	0	0	0
0	0	0	0	0	0	0	0	0	0	0	0	0	0	0	0	0	0	0	0	0	0	0	0	0	0	0	0	0	0	0	0	0	0	0	0	0	0.522152916312763	0	0	0	0.737578497820975	0.72936744473066	0.813230739796825	0.924754964646611	0.97504902976705	0	0.913754807910963	0.697210894427704	0.500869876384005	0.847114914134854	0	0	0	0	0	0	0	0	0	0	0	0	0	0	0	0	0	0	0	0	0	0	0	0	0	0	0	0	0	0	0	0	0	0	0	0	0	0	0
0	0	0	0	0	0	0	0	0	0	0	0	0	0	0	0	0	0	0	0	0	0	0	0	0	0	0	0	0	0	0	0	0	0	0	0	0	0	0.983528580849737	0	0	0	0.586704105883417	0.920595595735705	0.842796041373149	0.522341436962601	0.699000387859872	0	0.878100017775647	0.604833742092035	0.818305906433953	0.857888638452075	0.666599888602766	0	0	0	0	0	0	0	0	0	0	0	0	0	0	0	0	0	0	0	0	0	0	0	0	0	0	0	0	0	0	0	0	0	0	0	0	0
0	0	0	0	0	0	0	0	0	0	0	0	0	0	0	0	0	0	0	0	0	0	0	0	0	0	0	0	0	0	0	0	0	0	0	0	0	0.738208403697796	0	0	0	0	0	0.705618906264464	0.932987591191213	0.676721655388803	0.817958422737436	0.54221747108421	0	0.558170266241992	0.969668483312763	0.864825839139334	0.599062913167812	0.787076454551513	0	0	0	0	0	0	0	0	0	0	0	0	0	0	0	0	0	0	0	0	0	0	0	0	0	0	0	0	0	0	0	0	0	0	0	0
0	0	0	0	0	0	0	0	0	0	0	0	0	0	0	0	0	0	0	0	0	0	0	0	0	0	0	0	0	0	0	0	0	0	0	0	0	0	0	0.726663036966672	0	0	0	0	0.501477272589237	0.883001371400785	0.519487603891121	0.697338060500813	0.742053766530537	0	0.75975293793671	0.896226446472724	0.57154536556801	0.966237602405279	0	0	0	0	0	0	0	0	0	0	0	0	0	0	0	0	0	0	0	0	0	0	0	0	0	0	0	0	0	0	0	0	0	0	0	0
0	0	0	0	0	0	0	0	0	0	0	0	0	0	0	0	0	0	0	0	0	0	0	0	0	0	0	0	0	0	0	0	0	0	0	0	0.769480828934084	0.775251845562157	0	0.785417283990555	0	0	0	0	0	0.841790207221272	0.649399000298622	0.741306226285902	0.898127153235097	0.582322225143773	0	0.591838910816546	0.936579348439	0	0	0	0	0	0	0	0	0	0	0	0	0	0	0	0	0	0	0	0	0	0	0	0	0	0	0	0	0	0	0	0	0	0	0	0	0
0	0	0	0	0	0	0	0	0	0	0	0	0	0	0	0	0	0	0	0	0	0	0	0	0	0	0	0	0	0	0	0	0	0	0	0	0.599275771032669	0.85822662204964	0.816938215111673	0	0	0	0	0	0	0	0	0.771388757296239	0.626936334666342	0.820733300709651	0.629542143476693	0	0.666889706048392	0.914999787050149	0	0	0	0	0	0	0	0	0	0	0	0	0	0	0	0	0	0	0	0	0	0	0	0	0	0	0	0	0	0	0	0	0	0	0	0
0	0	0	0	0	0	0	0	0	0	0	0	0	0	0	0	0	0	0	0	0	0	0	0	0	0	0	0	0	0	0	0	0	0	0	0	0.626195670062093	0.921800528914005	0.9257163934992	0.736989466299812	0	0	0	0	0	0	0	0.883836329837668	0.765137226264963	0.601174459296021	0.748596025211353	0.865048611351409	0	0.918800419244101	0	0	0	0	0	0	0	0	0	0	0	0	0	0	0	0	0	0	0	0	0	0	0	0	0	0	0	0	0	0	0	0	0	0	0	0
0	0	0	0	0	0	0	0	0	0	0	0	0	0	0	0	0	0	0	0	0	0	0	0	0	0	0	0	0	0	0	0	0	0	0	0	0.557429525425838	0.678066939754917	0	0	0.530239059976476	0	0	0.587069261208868	0.536585030691548	0	0	0	0.960350934957066	0.825726119027988	0	0.920906934188468	0.930424725841543	0	0	0	0	0	0	0	0	0	0	0	0	0	0	0	0	0	0	0	0	0	0	0	0	0	0	0	0	0	0	0	0	0	0	0	0	0
0	0	0	0	0	0	0	0	0	0	0	0	0	0	0	0	0	0	0	0	0	0	0	0	0	0	0	0	0	0	0	0	0	0	0	0	0	0	0	0	0	0	0	0	0	0	0	0	0	0	0	0	0	0	0	0	0.853455922828617	0.7574474268162	0.606934964375752	0	0	0	0	0	0	0	0.74453823183062	0	0.979841662302348	0.673539683639261	0.695831786130808	0.528644986625769	0	0	0	0	0	0	0	0	0	0	0	0	0	0	0	0	0	0
0	0	0	0	0	0	0	0	0	0	0	0	0	0	0	0	0	0	0	0	0	0	0	0	0	0	0	0	0	0	0	0	0	0	0	0	0	0	0	0	0	0	0	0	0	0	0	0	0	0	0	0	0	0	0	0	0.840588744346771	0.970990257598774	0.692983193744254	0.674226126891226	0	0	0	0	0	0	0	0	0	0.534406524701968	0.888880235755124	0.795944138768908	0	0	0	0	0	0	0	0	0	0	0	0	0	0	0	0	0	0
0	0	0	0	0	0	0	0	0	0	0	0	0	0	0	0	0	0	0	0	0	0	0	0	0	0	0	0	0	0	0	0	0	0	0	0	0	0	0	0	0	0	0	0	0	0	0	0	0	0	0	0	0	0	0.864729519429296	0.688285752173171	0	0.85263406181239	0.627287006868975	0.836080729300419	0.5987778498618	0	0	0	0	0	0	0	0	0	0.551358987570235	0.907917477541379	0	0	0	0	0	0	0	0	0	0	0	0	0	0	0	0	0	0
0	0	0	0	0	0	0	0	0	0	0	0	0	0	0	0	0	0	0	0	0	0	0	0	0	0	0	0	0	0	0	0	0	0	0	0	0	0	0	0	0	0	0	0	0	0	0	0	0	0	0	0	0	0	0.500464448361347	0.733669888579034	0.742628844030633	0	0.878208242106709	0.545697389121016	0.582226302440461	0.80084752739244	0	0	0	0	0	0	0	0	0	0	0	0	0	0	0	0	0	0	0	0	0	0	0	0	0	0	0	0
0	0	0	0	0	0	0	0	0	0	0	0	0	0	0	0	0	0	0	0	0	0	0	0	0	0	0	0	0	0	0	0	0	0	0	0	0	0	0	0	0	0	0	0	0	0	0	0	0	0	0	0	0	0	0.840833394128895	0.768499367162336	0.738715771943219	0.955401270342993	0	0.601310876440743	0.521176048051605	0.582329796131875	0.758617291087079	0	0	0	0	0	0	0	0	0	0	0	0	0	0	0	0	0	0	0	0	0	0	0	0	0	0	0
0	0	0	0	0	0	0	0	0	0	0	0	0	0	0	0	0	0	0	0	0	0	0	0	0	0	0	0	0	0	0	0	0	0	0	0	0	0	0	0	0	0	0	0	0	0	0	0	0	0	0	0	0	0	0	0.711137404977591	0.82762922536521	0.907304687578074	0.876622929404501	0	0.915401173137461	0.971850730508645	0.994638301525619	0.63792293050515	0	0	0	0	0	0	0	0	0	0	0	0	0	0	0	0	0	0	0	0	0	0	0	0	0	0
0	0	0	0	0	0	0	0	0	0	0	0	0	0	0	0	0	0	0	0	0	0	0	0	0	0	0	0	0	0	0	0	0	0	0	0	0	0	0	0	0	0	0	0	0	0	0	0	0	0	0	0	0	0	0	0	0.577970053875488	0.731761099641266	0.580448932773054	0.793858827671962	0	0.680277600587778	0.80212666240576	0.790261079224104	0.949839233287888	0	0	0	0	0	0	0	0	0	0	0	0	0	0	0	0	0	0	0	0	0	0	0	0	0
0	0	0	0	0	0	0	0	0	0	0	0	0	0	0	0	0	0	0	0	0	0	0	0	0	0	0	0	0	0	0	0	0	0	0	0	0	0	0	0	0	0	0	0	0	0	0	0	0	0	0	0	0	0	0	0	0	0.894324792260747	0.906643895689842	0.706846829755431	0.693590639202431	0	0.782270389850043	0.798007162545358	0.839378375905859	0.53109902322299	0	0	0	0	0	0	0	0	0	0	0	0	0	0	0	0	0	0	0	0	0	0	0	0
0	0	0	0	0	0	0	0	0	0	0	0	0	0	0	0	0	0	0	0	0	0	0	0	0	0	0	0	0	0	0	0	0	0	0	0	0	0	0	0	0	0	0	0	0	0	0	0	0	0	0	0	0	0	0	0	0	0	0.800613710752411	0.94060970054909	0.703667120685672	0.674682569159084	0	0.887972814844226	0.859677948960433	0.605272830428528	0.618288459418102	0	0	0	0	0	0	0	0	0	0	0	0	0	0	0	0	0	0	0	0	0	0	0
0	0	0	0	0	0	0	0	0	0	0	0	0	0	0	0	0	0	0	0	0	0	0	0	0	0	0	0	0	0	0	0	0	0	0	0	0	0	0	0	0	0	0	0	0	0	0	0	0	0	0	0	0	0	0	0	0	0	0	0.720474296677613	0.600283841735219	0.880886157482361	0.945876009730548	0	0.939667797953	0.804516217622158	0.690776467900663	0.511307225512325	0	0	0	0	0	0	0	0	0	0	0	0	0	0	0	0	0	0	0	0	0	0
0	0	0	0	0	0	0	0	0	0	0	0	0	0	0	0	0	0	0	0	0	0	0	0	0	0	0	0	0	0	0	0	0	0	0	0	0	0	0	0	0	0	0	0	0	0	0	0	0	0	0	0	0	0	0	0	0	0	0	0	0.515683676448616	0.506232844681635	0.568373870832914	0.845196458430392	0	0.743976900003091	0.815601066753371	0.975054659932726	0.961701515561815	0	0	0.628215059358727	0	0	0	0	0	0	0	0	0	0	0	0	0	0	0	0	0	0
0	0	0	0	0	0	0	0	0	0	0	0	0	0	0	0	0	0	0	0	0	0	0	0	0	0	0	0	0	0	0	0	0	0	0	0	0	0	0	0	0	0	0	0	0	0	0	0	0	0	0	0	0	0	0	0	0	0	0	0	0	0.884151332641623	0.521381810626477	0.89935657686859	0.99469519197011	0	0.791835897554329	0.51121528502023	0.758855805198615	0.853777014089199	0	0	0	0	0	0	0	0	0	0	0	0	0	0	0	0	0	0	0	0
0	0	0	0	0	0	0	0	0	0	0	0	0	0	0	0	0	0	0	0	0	0	0	0	0	0	0	0	0	0	0	0	0	0	0	0	0	0	0	0	0	0	0	0	0	0	0	0	0	0	0	0	0	0	0.633381482054522	0	0	0	0	0	0	0	0.888053067951707	0.865171236234705	0.676330201113696	0.727710408772084	0	0.897110718509272	0.952422594011773	0.745239415819052	0.537525283377283	0	0	0	0	0	0	0	0	0	0	0	0	0	0	0	0	0	0	0
0	0	0	0	0	0	0	0	0	0	0	0	0	0	0	0	0	0	0	0	0	0	0	0	0	0	0	0	0	0	0	0	0	0	0	0	0	0	0	0	0	0	0	0	0	0	0	0	0	0	0	0	0	0	0	0	0	0	0	0	0	0	0	0.56712138468655	0.507982767815514	0.624944852845783	0.590701108003788	0	0.73535989198528	0.658448772141134	0.622439189461076	0.920237879308814	0	0	0	0	0	0	0	0	0	0	0	0	0	0	0	0	0	0
0	0	0	0	0	0	0	0	0	0	0	0	0	0	0	0	0	0	0	0	0	0	0	0	0	0	0	0	0	0	0	0	0	0	0	0	0	0	0	0	0	0	0	0	0	0	0	0	0	0	0	0	0	0	0.918514651395521	0	0	0	0	0	0	0	0	0	0.855080133039065	0.84387984392007	0.868738494895462	0.691185398182664	0	0.930685417521527	0.996590469267376	0.713967862659757	0	0	0	0	0	0	0	0	0	0	0	0	0	0	0	0	0	0
0	0	0	0	0	0	0	0	0	0	0	0	0	0	0	0	0	0	0	0	0	0	0	0	0	0	0	0	0	0	0	0	0	0	0	0	0	0	0	0	0	0	0	0	0	0	0	0	0	0	0	0	0	0	0.724374109150056	0.967948721868008	0	0	0	0	0	0	0	0	0	0.846690446779348	0.672237576408695	0.925551291593029	0.822367127028068	0	0.99982269593017	0.695909894688965	0	0	0	0	0	0	0	0	0	0	0	0	0	0	0	0	0	0
0	0	0	0	0	0	0	0	0	0	0	0	0	0	0	0	0	0	0	0	0	0	0	0	0	0	0	0	0	0	0	0	0	0	0	0	0	0	0	0	0	0	0	0	0	0	0	0	0	0	0	0	0	0	0.598321266895102	0.952361565703111	0.904707122432183	0	0	0	0	0	0	0	0	0	0.569175388510209	0.751402601440688	0.584021487162604	0.807141512676989	0	0.718056742987493	0	0	0	0	0	0	0	0	0	0	0	0	0	0	0	0	0	0
0	0	0	0	0	0	0	0	0	0	0	0	0	0	0	0	0	0	0	0	0	0	0	0	0	0	0	0	0	0	0	0	0	0	0	0	0	0	0	0	0	0	0	0	0	0	0	0	0	0	0	0	0	0	0.976163379483153	0.911150541236313	0.504088295966619	0	0	0	0	0	0	0	0.550466872534155	0	0	0.619165030842193	0.993263933531813	0.514215668016502	0.636216861872721	0	0	0	0	0	0	0	0	0	0	0	0	0	0	0	0	0	0	0
0	0	0	0	0	0	0	0	0	0	0	0	0	0	0	0	0	0	0	0	0	0	0	0	0	0	0	0	0	0	0	0	0	0	0	0	0	0	0	0	0	0	0	0	0	0	0	0	0	0	0	0	0	0	0	0	0	0	0	0	0	0	0	0	0	0	0	0	0	0	0	0	0	0.63600744460439	0.61508096761655	0	0	0	0	0	0.711979628952213	0	0	0.867450665804738	0	0	0	0.878270520007509	0.927732544566627	0.835329326505486
0	0	0	0	0	0	0	0	0	0	0	0	0	0	0	0	0	0	0	0	0	0	0	0	0	0	0	0	0	0	0	0	0	0	0	0	0	0	0	0	0	0	0	0	0	0	0	0	0	0	0	0	0	0	0	0	0	0	0	0	0	0	0	0	0	0	0	0	0	0	0	0	0.658293272745018	0	0.523608430226339	0.773910206016845	0	0	0	0	0	0.761772685078917	0	0.510374166302324	0	0	0	0.601333471128672	0.886542958086918	0
0	0	0	0	0	0	0	0	0	0	0	0	0	0	0	0	0	0	0	0	0	0	0	0	0	0	0	0	0	0	0	0	0	0	0	0	0	0	0	0	0	0	0	0	0	0	0	0	0	0	0	0	0	0	0	0	0	0	0	0	0	0	0	0	0	0	0	0	0	0	0	0	0.781852841371288	0.898941705693355	0	0.886274076761181	0.567131397579441	0.913217077228108	0	0	0	0	0	0	0	0	0	0	0	0
0	0	0	0	0	0	0	0	0	0	0	0	0	0	0	0	0	0	0	0	0	0	0	0	0	0	0	0	0	0	0	0	0	0	0	0	0	0	0	0	0	0	0	0	0	0	0	0	0	0	0	0	0	0	0	0	0	0	0	0	0	0	0	0	0	0	0	0	0	0	0	0	0	0.929766444103815	0.734814244816276	0	0.779363236240747	0	0.513156571481183	0.832106545930626	0.776058054826308	0	0	0.798387130717814	0	0	0	0	0	0.992334128384014
0	0	0	0	0	0	0	0	0	0	0	0	0	0	0	0	0	0	0	0	0	0	0	0	0	0	0	0	0	0	0	0	0	0	0	0	0	0	0	0	0	0	0	0	0	0	0	0	0	0	0	0	0	0	0	0	0	0	0	0	0	0	0	0	0	0	0	0	0	0	0	0	0	0	0.67457264948555	0.563572765387105	0	0.504965365878673	0	0.853188450675336	0	0	0.715208279447043	0.513094702382099	0	0	0	0	0	0
0	0	0	0	0	0	0	0	0	0	0	0	0	0	0	0	0	0	0	0	0	0	0	0	0	0	0	0	0	0	0	0	0	0	0	0	0	0	0	0	0	0	0	0	0	0	0	0	0	0	0	0	0	0	0	0	0	0	0	0	0	0	0	0	0	0	0	0	0	0	0	0	0	0	0.91611212859832	0	0.897211901800186	0	0.568289051834121	0.974534269733186	0.786459057361253	0	0	0	0	0	0.80310162031416	0	0	0
0	0	0	0	0	0	0	0	0	0	0	0	0	0	0	0	0	0	0	0	0	0	0	0	0	0	0	0	0	0	0	0	0	0	0	0	0	0	0	0	0	0	0	0	0	0	0	0	0	0	0	0	0	0	0	0	0	0	0	0	0	0	0	0	0	0	0	0	0	0	0	0	0	0	0	0.556156172448026	0	0.623869560571084	0	0.908732636215443	0	0	0.566837195622246	0.679596239739321	0	0	0	0	0	0
0	0	0	0	0	0	0	0	0	0	0	0	0	0	0	0	0	0	0	0	0	0	0	0	0	0	0	0	0	0	0	0	0	0	0	0	0	0	0	0	0	0	0	0	0	0	0	0	0	0	0	0	0	0	0	0	0	0	0	0	0	0	0	0	0	0	0	0	0	0	0	0	0	0	0	0.500135806757963	0.586409602629051	0.969971266344606	0.55496651565999	0	0.632828642341751	0	0.65503971410206	0	0	0	0	0	0	0
0	0	0	0	0	0	0	0	0	0	0	0	0	0	0	0	0	0	0	0	0	0	0	0	0	0	0	0	0	0	0	0	0	0	0	0	0	0	0	0	0	0	0	0	0	0	0	0	0	0	0	0	0	0	0	0	0	0	0	0	0	0	0	0	0	0	0	0	0	0	0	0	0.77706381117137	0	0	0.508019218419763	0	0.550999598532223	0	0.995035005683802	0	0.613698955551678	0	0.65338155589112	0	0	0	0	0	0.707595630524769
0	0	0	0	0	0	0	0	0	0	0	0	0	0	0	0	0	0	0	0	0	0	0	0	0	0	0	0	0	0	0	0	0	0	0	0	0	0	0	0	0	0	0	0	0	0	0	0	0	0	0	0	0	0	0	0	0	0	0	0	0	0	0	0	0	0	0	0	0	0	0	0	0	0.632523160414805	0	0	0	0	0	0	0.997718501706234	0	0.555986101754739	0	0.727818919133552	0.809249366698469	0	0	0	0
0	0	0	0	0	0	0	0	0	0	0	0	0	0	0	0	0	0	0	0	0	0	0	0	0	0	0	0	0	0	0	0	0	0	0	0	0	0	0	0	0	0	0	0	0	0	0	0	0	0	0	0	0	0	0	0	0	0	0	0	0	0	0	0	0	0	0	0	0	0	0	0	0	0	0	0	0.872361856834919	0	0.600153869471114	0.706331943116292	0	0.579032227123583	0	0	0.681419473439495	0.557079025192442	0	0	0	0
0	0	0	0	0	0	0	0	0	0	0	0	0	0	0	0	0	0	0	0	0	0	0	0	0	0	0	0	0	0	0	0	0	0	0	0	0	0	0	0	0	0	0	0	0	0	0	0	0	0	0	0	0	0	0	0	0	0	0	0	0	0	0	0	0	0	0	0	0	0	0	0	0.574140543038426	0.899895493962777	0	0.553819727385281	0.664745596804849	0	0.902147841257306	0	0.970913633536311	0	0	0	0.705010477389161	0	0.860503306650202	0	0	0.627716715588367
0	0	0	0	0	0	0	0	0	0	0	0	0	0	0	0	0	0	0	0	0	0	0	0	0	0	0	0	0	0	0	0	0	0	0	0	0	0	0	0	0	0	0	0	0	0	0	0	0	0	0	0	0	0	0	0	0	0	0	0	0	0	0	0	0	0	0	0	0	0	0	0	0	0	0	0	0	0	0	0	0	0.76588671284328	0.881436814304219	0.55846869084348	0	0.742904001818715	0.679572740423295	0	0	0
0	0	0	0	0	0	0	0	0	0	0	0	0	0	0	0	0	0	0	0	0	0	0	0	0	0	0	0	0	0	0	0	0	0	0	0	0	0	0	0	0	0	0	0	0	0	0	0	0	0	0	0	0	0	0	0	0	0	0	0	0	0	0	0	0	0	0	0	0	0	0	0	0	0	0	0	0	0	0	0	0	0.755240694932704	0.91962126882497	0	0.635762084401181	0	0.529898553558815	0	0.953884738158421	0
0	0	0	0	0	0	0	0	0	0	0	0	0	0	0	0	0	0	0	0	0	0	0	0	0	0	0	0	0	0	0	0	0	0	0	0	0	0	0	0	0	0	0	0	0	0	0	0	0	0	0	0	0	0	0	0	0	0	0	0	0	0	0	0	0	0	0	0	0	0	0	0	0	0	0	0	0	0.791187589968411	0	0	0	0	0	0.530700188031774	0.978639446326555	0.682409345092163	0	0.819943230027317	0	0.887880652500396
0	0	0	0	0	0	0	0	0	0	0	0	0	0	0	0	0	0	0	0	0	0	0	0	0	0	0	0	0	0	0	0	0	0	0	0	0	0	0	0	0	0	0	0	0	0	0	0	0	0	0	0	0	0	0	0	0	0	0	0	0	0	0	0	0	0	0	0	0	0	0	0	0.799527419431334	0.817092431991975	0	0	0	0	0	0	0	0	0	0	0	0	0.678452145286781	0	0.856358395860518	0
0	0	0	0	0	0	0	0	0	0	0	0	0	0	0	0	0	0	0	0	0	0	0	0	0	0	0	0	0	0	0	0	0	0	0	0	0	0	0	0	0	0	0	0	0	0	0	0	0	0	0	0	0	0	0	0	0	0	0	0	0	0	0	0	0	0	0	0	0	0	0	0	0.781899023727787	0.909354649361345	0	0	0	0	0	0	0	0	0	0	0	0.865196017673842	0	0.641671460855256	0	0.887459086174613
0	0	0	0	0	0	0	0	0	0	0	0	0	0	0	0	0	0	0	0	0	0	0	0	0	0	0	0	0	0	0	0	0	0	0	0	0	0	0	0	0	0	0	0	0	0	0	0	0	0	0	0	0	0	0	0	0	0	0	0	0	0	0	0	0	0	0	0	0	0	0	0	0.837707912491522	0	0	0.542201304665809	0	0	0	0	0.636776595909516	0	0	0.672386488116408	0	0	0.774612579881385	0	0.996807125013257	0
