0	0	0.976365822572403	0	0.741853016316828	0	0	0	0	0	0	0	0	0	0	0	0	0.815236482868598	0	0	0	0	0.985490157032084	0	0	0.600467194934733	0	0	0	0	0	0	0	0	0	0	0	0	0	0	0	0	0	0	0	0	0	0	0	0	0	0	0	0	0	0	0	0	0	0	0	0	0	0	0	0	0	0	0	0	0	0	0	0	0	0	0	0	0	0	0	0	0	0	0	0	0	0	0	0
0	0	0.976571830166513	0.920153191401357	0.518144631107026	0.585037849733431	0	0	0	0	0	0	0	0	0.785914905432613	0.794821503197842	0.592028103989075	0	0	0	0	0	0	0	0	0	0	0.585661850448167	0.967503706283704	0.983157874467274	0	0	0	0	0	0	0	0	0	0	0	0	0	0	0	0	0	0	0	0	0	0	0	0	0	0	0	0	0	0	0	0	0	0	0	0	0	0	0	0	0	0	0	0	0	0	0	0	0	0	0	0	0	0	0	0	0	0	0	0
0.986737777530298	0.567784323816421	0	0	0.946047014850375	0.558991561208233	0.857785060778534	0.74710224621889	0	0	0	0.688012251275557	0	0	0	0	0	0	0	0	0	0.663712366478318	0	0	0	0	0	0	0.866746375646997	0.700112350570751	0	0	0	0	0	0	0	0	0	0	0	0	0	0	0	0	0	0	0	0	0	0	0	0	0	0	0	0	0	0	0	0	0	0	0	0	0	0	0	0	0	0	0	0	0	0	0	0	0	0	0	0	0	0	0	0	0	0	0	0
0	0.600510859763589	0	0	0.644739916518936	0.926085787667471	0.545034461187675	0	0	0	0	0	0	0	0	0	0	0	0	0	0	0.853720277000922	0	0	0	0	0	0	0	0	0	0	0	0	0	0	0	0	0	0	0	0	0	0	0	0	0	0	0	0	0	0	0	0	0	0	0	0	0	0	0	0	0	0	0	0	0	0	0	0	0	0	0	0	0	0	0	0	0	0	0	0	0	0	0	0	0	0	0	0
0.653989073079513	0.926447746901875	0.715461172666769	0.947770374810573	0	0.95100716357629	0.531681542836068	0.792560440330811	0	0	0.774784621933979	0	0.583387815506902	0	0	0	0	0.534396995901481	0	0	0	0	0	0	0	0	0.533951858951853	0	0	0	0	0	0	0	0	0	0	0	0	0	0	0	0	0	0	0	0	0	0	0	0	0	0	0	0	0	0	0	0	0	0	0	0	0	0	0	0	0	0	0	0	0	0	0	0	0	0	0	0	0	0	0	0	0	0	0	0	0	0	0
0	0.663363615245631	0.945544335923671	0.630642610947796	0.619866659971502	0	0.516400114987118	0.839370759386971	0.970733845898115	0	0	0	0	0	0	0	0	0	0	0	0	0	0	0	0	0	0	0	0.782891947276721	0	0	0	0	0	0	0	0	0	0	0	0	0	0	0	0	0	0	0	0	0	0	0	0	0	0	0	0	0	0	0	0	0	0	0	0	0	0	0	0	0	0	0	0	0	0	0	0	0	0	0	0	0	0	0	0	0	0	0	0	0
0	0	0.948287136611579	0.535711330434266	0.655661145140297	0.787596950738586	0	0.894869440525125	0	0.581261613852152	0.720734702300201	0	0	0	0	0	0	0	0	0	0.705586349144493	0	0	0.973272827959007	0	0.927349902176276	0	0	0	0	0	0	0	0	0	0	0	0	0	0	0	0	0	0	0	0	0	0	0	0	0	0	0	0	0	0	0	0	0	0	0	0	0	0	0	0	0	0	0	0	0	0	0	0	0	0	0	0	0	0	0	0	0	0	0	0	0	0	0	0
0	0	0.518676527910262	0	0.684830518380477	0.974251425582959	0.921221475114826	0	0.592956440117784	0	0.66074662467207	0	0	0	0	0	0	0	0	0	0	0	0	0	0	0	0	0	0	0	0	0	0	0	0	0	0	0	0	0	0	0	0	0	0	0	0	0	0	0	0	0	0	0	0	0	0	0	0	0	0	0	0	0	0	0	0	0	0	0	0	0	0	0	0	0	0	0	0	0	0	0	0	0	0	0	0	0	0	0
0	0	0	0	0	0.58584161179715	0	0.632987105445881	0	0.537566384072118	0.986233280217457	0.645606768492768	0.8221645497215	0	0	0	0	0	0	0	0	0	0	0	0	0	0	0.865551338122195	0	0	0	0	0	0	0	0	0	0	0	0	0	0	0	0	0	0	0	0	0	0	0	0	0	0	0	0	0	0	0	0	0	0	0	0	0	0	0	0	0	0	0	0	0	0	0	0	0	0	0	0	0	0	0	0	0	0	0	0	0	0
0	0	0	0	0	0	0.807573114478237	0	0.985268171867303	0	0.56892586248662	0.825125706834555	0.684761005639497	0.594067310398423	0	0	0	0	0	0	0	0	0	0	0	0	0	0	0	0.523556298500022	0	0	0	0	0	0	0	0	0	0	0	0	0	0	0	0	0	0	0	0	0	0	0	0	0	0	0	0	0	0	0	0	0	0	0	0	0	0	0	0	0	0	0	0	0	0	0	0	0	0	0	0	0	0	0	0	0	0	0	0
0	0	0	0	0.885112592698048	0	0.760474659220093	0.856755963483742	0.803858570088512	0.797714871248194	0	0.657755219817235	0	0.71938183318082	0	0	0	0	0	0	0	0	0.849825365054712	0	0	0	0	0	0	0	0	0	0	0	0	0	0	0	0	0	0	0	0	0	0	0	0	0	0	0	0	0	0	0	0	0	0	0	0	0	0	0	0	0	0	0	0	0	0	0	0	0	0	0	0	0	0	0	0	0	0	0	0	0	0	0	0	0	0	0
0	0	0.931846077371455	0	0	0	0	0	0.677014691639802	0.887260389245837	0.687034702669011	0	0.948537010570419	0	0	0	0.949570762286866	0	0.797208110452489	0	0.740143721412053	0	0	0	0	0.505405103068215	0	0	0.637669512000575	0	0	0	0	0	0	0	0	0	0	0	0	0	0	0	0	0	0	0	0	0	0	0	0	0	0	0	0	0	0	0	0	0	0	0	0	0	0	0	0	0	0	0	0	0	0	0	0	0	0	0	0	0	0	0	0	0	0	0	0	0
0	0	0	0	0.653697343951008	0	0	0	0.739496361552018	0.607694128924621	0	0.717406137886964	0	0.616933347155486	0.685760470768338	0	0	0	0	0	0	0	0	0	0	0.722688389430189	0	0	0	0	0	0	0	0	0	0	0	0	0	0	0	0	0	0	0	0	0	0	0	0	0	0	0	0	0	0	0	0	0	0	0	0	0	0	0	0	0	0	0	0	0	0	0	0	0	0	0	0	0	0	0	0	0	0	0	0	0	0	0	0
0	0	0	0	0	0	0	0	0	0.684648712073627	0.957746844880207	0	0.94330064839651	0	0.769485686225054	0.962625530477518	0	0.519474550477569	0	0	0	0	0.606959236486197	0	0	0.658677712963135	0	0	0	0	0	0	0	0	0	0	0	0	0	0	0	0	0	0	0	0	0	0	0	0	0	0	0	0	0	0	0	0	0	0	0	0	0	0	0	0	0	0	0	0	0	0	0	0	0	0	0	0	0	0	0	0	0	0	0	0	0	0	0	0
0	0.504555337982126	0	0	0	0	0	0	0	0	0	0	0.519085412265966	0.754988691442975	0	0.928201721363294	0.987393228502389	0.985846587264159	0	0	0	0	0	0	0	0	0.678436058171361	0	0	0	0	0	0	0	0	0	0	0	0	0	0	0	0	0	0	0	0	0	0	0	0	0	0	0	0	0	0	0	0	0	0	0	0	0	0	0	0	0	0	0	0	0	0	0	0	0	0	0	0	0	0	0	0	0	0	0	0	0	0	0
0	0.598222667153276	0	0	0	0	0	0	0	0	0	0	0	0.5218249075282	0.745903803747046	0	0.820198617824893	0	0.898136885579934	0.552862354568533	0.554348946474891	0	0	0	0	0	0	0	0	0	0	0	0	0	0	0	0	0	0	0	0	0	0	0	0	0	0	0	0	0	0	0	0	0	0	0	0	0	0	0	0	0	0	0	0	0	0	0	0	0	0	0	0	0	0	0	0	0	0	0	0	0	0	0	0	0	0	0	0	0
0	0.650817750931015	0	0	0	0	0	0	0	0	0	0.957100545696862	0	0	0.565375247880916	0.871223258582094	0	0	0	0.780263254660704	0.527010806546814	0	0	0	0	0	0	0.523137133849762	0	0.533553723555175	0	0	0	0	0	0	0	0	0	0	0	0	0	0	0	0	0	0	0	0	0	0	0	0	0	0	0	0	0	0	0	0	0	0	0	0	0	0	0	0	0	0	0	0	0	0	0	0	0	0	0	0	0	0	0	0	0	0	0	0
0.526076455076869	0	0	0	0.996479100017423	0	0	0	0	0	0	0	0	0.680589094440414	0.719189229428159	0	0	0	0.695539783641402	0.586474919230147	0.801519010408748	0.752423350122799	0	0	0	0	0	0	0	0	0	0	0	0	0	0	0	0	0	0	0	0	0	0	0	0	0	0	0	0	0	0	0	0	0	0	0	0	0	0	0	0	0	0	0	0	0	0	0	0	0	0	0	0	0	0	0	0	0	0	0	0	0	0	0	0	0	0	0	0
0	0	0	0	0	0	0	0	0	0	0	0.901415187283093	0	0	0	0.720198234554679	0	0.742858283287686	0	0.940786288844438	0.91830749189663	0.721553643395656	0.683796945635515	0	0	0	0	0	0	0	0	0	0	0	0	0	0	0	0	0	0	0	0	0	0	0	0	0	0	0	0	0	0	0	0	0	0	0	0	0	0	0	0	0	0	0	0	0	0	0	0	0	0	0	0	0	0	0	0	0	0	0	0	0	0	0	0	0	0	0
0	0	0	0	0	0	0	0	0	0	0	0	0	0	0	0.883339995659539	0.784972077805571	0.726001381612539	0.579751053116616	0	0.794359189545166	0.691012806602021	0	0.651752207256931	0	0	0.756487668341445	0.568747769399644	0	0	0	0	0	0	0	0	0	0	0	0	0	0	0	0	0	0	0	0	0	0	0	0	0	0	0	0	0	0	0	0	0	0	0	0	0	0	0	0	0	0	0	0	0	0	0	0	0	0	0	0	0	0	0	0	0	0	0	0	0	0
0	0	0	0	0	0	0.879034062441943	0	0	0	0	0.760534742941671	0	0	0	0.53127409180304	0.899560774313225	0.570389445220879	0.844809175807128	0.876589687414027	0	0.727579171651367	0	0	0.735277930870841	0	0	0	0	0	0	0	0	0	0	0	0	0	0	0	0	0	0	0	0	0	0	0	0	0	0	0	0	0	0	0	0	0	0	0	0	0	0	0	0	0	0	0	0	0	0	0	0	0	0	0	0	0	0	0	0	0	0	0	0	0	0	0	0	0
0	0	0.767167434875708	0.983952745232533	0	0	0	0	0	0	0	0	0	0	0	0	0	0.641969644615913	0.887068494076186	0.510306073467476	0.637235692658654	0	0.512409178580003	0.717905697071656	0	0.639759845593564	0.887718171069653	0	0	0	0	0	0	0	0	0	0	0	0	0	0	0	0	0	0	0	0	0	0	0	0	0	0	0	0	0	0	0	0	0	0	0	0	0	0	0	0	0	0	0	0	0	0	0	0	0	0	0	0	0	0	0	0	0	0	0	0	0	0	0
0.666063317213885	0	0	0	0	0	0	0	0	0	0.594478348226591	0	0	0.93163178599349	0	0	0	0	0.519569875547041	0	0	0.692932520097569	0	0.919363175788964	0	0.681927677890842	0.880947902551472	0	0	0	0	0	0	0	0	0	0	0	0	0	0	0	0	0	0	0	0	0	0	0	0	0	0	0	0	0	0	0	0	0	0	0	0	0	0	0	0	0	0	0	0	0	0	0	0	0	0	0	0	0	0	0	0	0	0	0	0	0	0	0
0	0	0	0	0	0	0.919595478772258	0	0	0	0	0	0	0	0	0	0	0	0	0.613714498193869	0	0.697767352176068	0.549947411881204	0	0.638726953560788	0.512028050534444	0.92662378642921	0.742509269431979	0	0	0	0	0	0	0	0	0	0	0	0	0	0	0	0	0	0	0	0	0	0	0	0	0	0	0	0	0	0	0	0	0	0	0	0	0	0	0	0	0	0	0	0	0	0	0	0	0	0	0	0	0	0	0	0	0	0	0	0	0	0
0	0	0	0	0	0	0	0	0	0	0	0	0	0	0	0	0	0	0	0	0.569271042519408	0	0	0.580783544555903	0	0.707705154047377	0.78469589808917	0.783469702462854	0.768326938383625	0	0	0	0	0	0	0	0	0	0	0	0	0	0	0	0	0	0	0	0	0	0	0	0	0	0	0	0	0	0	0	0	0	0	0	0	0	0	0	0	0	0	0	0	0	0	0	0	0	0	0	0	0	0	0	0	0	0	0	0	0
0.741895617240434	0	0	0	0	0	0.62739751629412	0	0	0	0	0.501852808403567	0.823614212722774	0.950824419307051	0	0	0	0	0	0	0	0.939986943506019	0.853048283053988	0.554256108705833	0.543861070002426	0	0.520170159727833	0.795474955745113	0	0	0	0	0	0	0	0	0	0	0	0	0	0	0	0	0	0	0	0	0	0	0	0	0	0	0	0	0	0	0	0	0	0	0	0	0	0	0	0	0	0	0	0	0	0	0	0	0	0	0	0	0	0	0	0	0	0	0	0	0	0
0	0	0	0	0.930927876272939	0	0	0	0	0	0	0	0	0	0.969364404443601	0	0	0	0	0.904067008093816	0	0.586345201176002	0.925205325731928	0.990294284860174	0.741967087353558	0.88021545110041	0	0	0.805469804920793	0	0	0	0	0	0	0	0	0	0	0	0	0	0	0	0	0	0	0	0	0	0	0	0	0	0	0	0	0	0	0	0	0	0	0	0	0	0	0	0	0	0	0	0	0	0	0	0	0	0	0	0	0	0	0	0	0	0	0	0	0
0	0.821137336296126	0	0	0	0	0	0	0.814413551549572	0	0	0	0	0	0	0	0.952237487045425	0	0	0.881570232018283	0	0	0	0.665632043942509	0.511041120565422	0.872602655183268	0	0	0	0.850880414264548	0	0	0	0	0	0	0	0	0	0	0	0	0	0	0	0	0	0	0	0	0	0	0	0	0	0	0	0	0	0	0	0	0	0	0	0	0	0	0	0	0	0	0	0	0	0	0	0	0	0	0	0	0	0	0	0	0	0	0	0
0	0.722830227364341	0.807805729562036	0	0	0.564043415754965	0	0	0	0	0	0.980278319959464	0	0	0	0	0	0	0	0	0	0	0	0	0.763831203766496	0	0.631093444124048	0	0	0.679372931635838	0	0	0	0	0	0	0	0	0	0	0	0	0	0	0	0	0	0	0	0	0	0	0	0	0	0	0	0	0	0	0	0	0	0	0	0	0	0	0	0	0	0	0	0	0	0	0	0	0	0	0	0	0	0	0	0	0	0	0	0
0	0.706321442194665	0.911792253063483	0	0	0	0	0	0	0.804707681058445	0	0	0	0	0	0	0.881128530458437	0	0	0	0	0	0	0	0	0	0	0.935785147603729	0.543968627803243	0	0	0	0	0	0	0	0	0	0	0	0	0	0	0	0	0	0	0	0	0	0	0	0	0	0	0	0	0	0	0	0	0	0	0	0	0	0	0	0	0	0	0	0	0	0	0	0	0	0	0	0	0	0	0	0	0	0	0	0	0
0	0	0	0	0	0	0	0	0	0	0	0	0	0	0	0	0	0	0	0	0	0	0	0	0	0	0	0	0	0	0	0.90165543048005	0.573400138817101	0.679626757013496	0	0	0	0.722306854965298	0	0	0	0	0	0	0	0	0.880777071946756	0	0.509197180179057	0	0.630764245646821	0	0	0	0.504377488427436	0.951632798751006	0	0.938477711015627	0.760230401870167	0.757240700339519	0	0	0	0	0	0	0	0	0	0	0	0	0	0	0	0	0	0	0	0	0	0	0	0	0	0	0	0	0	0
0	0	0	0	0	0	0	0	0	0	0	0	0	0	0	0	0	0	0	0	0	0	0	0	0	0	0	0	0	0	0.920973830865908	0	0.981391787350425	0.61128182803991	0.989026750695394	0.730316946901846	0.570759588994767	0.638833068074091	0.63038841744177	0	0	0	0	0	0	0	0	0	0	0	0	0	0	0.871831761685753	0.610786942074614	0.924628911729439	0.959092395777818	0.817931731299069	0.587939832645172	0.649961668704729	0	0	0	0	0	0	0	0	0	0	0	0	0	0	0	0	0	0	0	0	0	0	0	0	0	0	0	0	0	0
0	0	0	0	0	0	0	0	0	0	0	0	0	0	0	0	0	0	0	0	0	0	0	0	0	0	0	0	0	0	0.703666588266376	0.622978174618276	0	0.995373345411141	0.507163129051453	0.745951928199536	0.664653041360522	0.84455969804591	0.844999434545075	0	0	0	0	0	0	0	0	0	0.634748069735738	0	0	0	0	0.624539747711914	0	0.738279334158395	0.832472875029292	0	0.901033498778627	0.945814382796264	0	0	0	0	0	0	0	0	0	0	0	0	0	0	0	0	0	0	0	0	0	0	0	0	0	0	0	0	0	0
0	0	0	0	0	0	0	0	0	0	0	0	0	0	0	0	0	0	0	0	0	0	0	0	0	0	0	0	0	0	0.756868829688021	0.846359573277362	0.513275934779628	0	0.561529804256709	0	0.619585684770264	0.557954751478499	0.77580461605957	0.740465593641197	0.98837256449418	0	0	0	0	0.909321846893752	0	0	0.908098520902965	0	0	0	0	0	0	0	0.638922047887804	0.600045908081077	0.998534916996666	0.797748308089169	0	0	0	0	0	0	0	0	0	0	0	0	0	0	0	0	0	0	0	0	0	0	0	0	0	0	0	0	0	0
0	0	0	0	0	0	0	0	0	0	0	0	0	0	0	0	0	0	0	0	0	0	0	0	0	0	0	0	0	0	0	0.741146909007297	0.96779707456213	0.664641057415193	0	0.798028410977357	0.998661195222473	0.539596977873065	0.971467947205941	0.86417977575994	0.876386835102114	0.803602946374028	0	0	0	0	0	0	0	0	0	0	0	0	0	0	0	0.79906609161671	0.770688683421607	0.591302170677193	0	0	0	0	0	0	0	0	0	0	0	0	0	0	0	0	0	0	0	0	0	0	0	0	0	0	0	0	0	0
0	0	0	0	0	0	0	0	0	0	0	0	0	0	0	0	0	0	0	0	0	0	0	0	0	0	0	0	0	0	0	0.546348725623399	0.76343000086774	0	0.797486894361156	0	0.765914915963215	0.985037242726246	0.870002514021608	0.895937516426533	0.730025198495315	0.501348362469294	0.624016193587505	0	0	0	0	0	0	0	0.681142665485591	0	0	0	0	0	0	0	0	0.792594696155111	0	0	0	0	0	0	0	0	0	0	0	0	0	0	0	0	0	0	0	0	0	0	0	0	0	0	0	0	0	0
0	0	0	0	0	0	0	0	0	0	0	0	0	0	0	0	0	0	0	0	0	0	0	0	0	0	0	0	0	0	0	0.504484493751728	0.875855525828024	0.504764983962857	0.588426634071147	0.764950698533771	0	0.677071963551272	0.539484339481303	0.880420747773714	0.640095443319661	0	0.906101690920376	0.961153688933255	0	0	0	0	0	0	0	0	0.699195874792886	0	0	0	0	0	0	0	0	0	0	0	0	0	0	0	0	0	0	0	0	0	0	0	0	0	0	0	0	0	0	0	0	0	0	0	0	0
0	0	0	0	0	0	0	0	0	0	0	0	0	0	0	0	0	0	0	0	0	0	0	0	0	0	0	0	0	0	0.550681975172391	0.982565285136642	0.868015712290607	0.92010006097987	0.607711341309981	0.812834813631873	0.679545392641785	0	0.752911497606633	0.76402505545207	0	0.803182903267613	0.801846761084307	0.554784194793618	0	0	0	0	0	0	0	0.852019832565334	0	0	0.633692650481887	0	0	0	0	0.897571220201487	0	0	0	0	0	0	0	0	0	0	0	0	0	0	0	0	0	0	0	0	0	0	0	0	0	0	0	0	0	0
0	0	0	0	0	0	0	0	0	0	0	0	0	0	0	0	0	0	0	0	0	0	0	0	0	0	0	0	0	0	0	0.813362384770258	0.585793130352833	0.841444886821403	0.810122744353968	0.731093566818727	0.548245834376428	0.96617804960955	0	0.937771113956374	0	0	0.892454645227131	0.808093141802202	0.704250789701193	0.524793326249585	0	0	0	0	0	0	0.626112180476499	0	0	0	0	0	0.961215624322067	0	0	0	0	0	0	0	0	0	0	0	0	0	0	0	0	0	0	0	0	0	0	0	0	0	0	0	0	0	0	0
0	0	0	0	0	0	0	0	0	0	0	0	0	0	0	0	0	0	0	0	0	0	0	0	0	0	0	0	0	0	0	0	0	0.908433137019731	0.618427283393995	0.717745279961827	0.641103444994164	0.518598150802058	0.698327577137929	0	0.706256795571934	0	0.548068578006191	0.882428280943972	0.647519946879738	0.999474378229102	0.788495724479277	0	0	0	0	0	0	0	0	0	0	0.601219171112263	0	0	0	0	0	0	0	0	0	0	0	0	0	0	0	0	0	0	0	0	0	0	0	0	0	0	0	0	0	0	0	0
0	0	0	0	0	0	0	0	0	0	0	0	0	0	0	0	0	0	0	0	0	0	0	0	0	0	0	0	0	0	0	0	0	0.56953326469643	0.937511122905546	0.844941064558055	0.693157184819191	0	0	0.917631473931066	0	0.551268917490237	0.931656258807351	0.574576219069335	0.551061773130124	0.696578706326161	0.755642464870383	0.620654306696216	0	0	0	0	0	0	0	0	0	0	0	0	0	0	0	0	0	0	0	0	0	0	0	0	0	0	0	0	0	0	0	0	0	0	0	0	0	0	0	0	0	0
0	0	0	0	0	0	0	0	0	0	0	0	0	0	0	0	0	0	0	0	0	0	0	0	0	0	0	0	0	0	0	0	0	0	0.89286672748953	0.528759654868061	0	0.55931950147278	0	0	0.508369247970882	0	0.772186158005369	0	0.925426013209309	0.823975338300315	0.576922515061733	0.602129260903654	0.598474015793673	0	0.931530010446731	0	0	0	0	0	0	0	0	0	0	0	0	0	0	0	0	0	0	0	0	0	0	0	0	0	0	0	0	0	0	0	0	0	0	0	0	0	0	0
0	0	0	0	0	0	0	0	0	0	0	0	0	0	0	0	0	0	0	0	0	0	0	0	0	0	0	0	0	0	0	0	0	0	0	0.943569542665562	0.649171377877407	0.520341460378924	0.632714324354782	0.729028288641764	0.556334870788533	0.744346959213028	0	0.859703902089135	0.638634932528063	0.793726638808629	0.842814134054271	0.6961752753005	0.542607609241492	0.889887005321602	0	0	0	0	0	0	0.87771846211733	0.687700767887624	0	0	0	0	0	0	0	0	0	0	0	0	0	0	0	0	0	0	0	0	0	0	0	0	0	0	0	0	0	0	0	0
0	0	0	0	0	0	0	0	0	0	0	0	0	0	0	0	0	0	0	0	0	0	0	0	0	0	0	0	0	0	0	0	0	0	0	0	0.509606661205013	0.518944778167626	0.587386749931591	0.655921956894946	0.919560373271169	0	0.571851356072871	0	0.506240791732963	0.661093275550424	0.986931078396792	0	0.584533209296356	0.563005535061663	0.71032867310559	0	0	0	0	0.57775015324908	0	0	0.685676840732465	0	0	0	0	0	0	0	0	0	0	0	0	0	0	0	0	0	0	0	0	0	0	0	0	0	0	0	0	0	0	0
0	0	0	0	0	0	0	0	0	0	0	0	0	0	0	0	0	0	0	0	0	0	0	0	0	0	0	0	0	0	0	0	0	0	0	0	0	0	0.66821211306327	0.987422747081957	0.531749123993363	0.636371393012959	0.787529306164282	0.515627989027724	0	0.530756111167406	0.956092008319889	0.560140169279764	0.821623953919403	0.696600993856267	0.659794505512928	0.729934157334989	0	0	0	0	0	0	0	0	0	0	0	0	0	0	0	0	0	0	0	0	0	0	0	0	0	0	0	0	0	0	0	0	0	0	0	0	0	0
0	0	0	0	0	0	0	0	0	0	0	0	0	0	0	0	0	0	0	0	0	0	0	0	0	0	0	0	0	0	0	0	0	0.935050044667408	0	0	0	0	0.639602273126764	0.940491659377533	0.669529056943065	0.856512191168477	0.913207434391067	0.824239449194421	0.883646731030415	0	0.597580985334278	0.830819042136754	0	0	0.546137367320656	0.582426770257289	0.704387109390687	0	0	0	0	0	0	0.605709316273025	0	0	0	0	0	0	0	0	0	0	0	0	0	0	0	0	0	0	0	0	0	0	0	0	0	0	0	0	0	0
0	0	0	0	0	0	0	0	0	0	0	0	0	0	0	0	0	0	0	0	0	0	0	0	0	0	0	0	0	0	0.829412182954706	0	0	0	0	0	0	0	0	0.802104721664062	0.946853790021444	0.919273149842172	0.771816317018664	0.896037569803137	0.674177864803874	0.926509920238138	0	0.581535999355991	0.940379280013603	0.833064215636065	0.906754944648327	0.670410125399033	0.569983139919143	0.70572425331073	0	0	0	0	0	0	0	0	0	0	0	0	0	0	0	0	0	0	0	0	0	0	0	0	0	0	0	0	0	0	0	0	0	0	0	0
0	0	0	0	0	0	0	0	0	0	0	0	0	0	0	0	0	0	0	0	0	0	0	0	0	0	0	0	0	0	0	0	0	0	0	0	0	0	0	0	0.816914173337105	0.854213158089567	0.885791970272098	0	0.885477505293099	0.648912185311896	0.871451091806013	0	0.850832625657106	0.520262072773364	0.962875912917043	0.668713090740966	0.559973221576607	0.934536766814776	0.688346128243758	0	0	0	0	0	0	0	0	0	0	0	0	0	0	0	0	0	0	0	0	0	0	0	0	0	0	0	0	0	0	0	0	0	0	0
0	0	0	0	0	0	0	0	0	0	0	0	0	0	0	0	0	0	0	0	0	0	0	0	0	0	0	0	0	0	0.805913198088888	0	0.781341129460841	0.514488106990334	0	0	0	0	0	0	0	0.749816462082221	0.847829216064048	0.819906648289697	0.673540960608495	0	0.784202923315642	0.941311340051072	0	0.622928677913663	0.723608762001543	0.524395691331705	0.51224715188747	0.957581017249101	0.933873953620083	0.618337951695948	0	0	0	0	0	0	0	0	0	0	0	0	0	0	0	0	0	0	0	0	0	0	0	0	0	0	0	0	0	0	0	0	0	0
0	0	0	0	0	0	0	0	0	0	0	0	0	0	0	0	0	0	0	0	0	0	0	0	0	0	0	0	0	0	0	0	0	0	0	0	0	0	0	0	0	0	0.648204189142681	0.563335467461714	0.665557272802306	0	0.950755712201153	0.67141255486654	0.768385036406081	0	0.756292586292432	0	0.570530331330096	0	0.956841046466928	0.549783115903873	0.768570760102617	0.794189693019847	0.520951095093036	0	0	0	0	0	0	0	0	0	0	0	0	0	0	0	0	0	0	0	0	0	0	0	0	0	0	0	0	0	0	0
0	0	0	0	0	0	0	0	0	0	0	0	0	0	0	0	0	0	0	0	0	0	0	0	0	0	0	0	0	0	0.980038262057131	0	0	0	0	0.512601374927664	0	0	0	0	0	0.598406830372894	0	0.55333967263618	0.563839269823755	0.790074604285067	0.96303292109267	0.679132201217224	0.684003166262408	0.756191559486762	0	0.6633871172098	0.505090051066295	0	0.730740991531398	0.507933774796264	0.968416678548025	0.809282303363118	0	0	0	0	0	0	0	0	0	0	0	0	0	0	0	0	0	0	0	0	0	0	0	0	0	0	0	0	0	0	0	0
0	0	0	0	0	0	0	0	0	0	0	0	0	0	0	0	0	0	0	0	0	0	0	0	0	0	0	0	0	0	0	0	0	0	0	0	0	0.709548418376932	0	0	0	0	0	0	0.614821407192399	0.713845319301924	0.635124073644385	0.768713753504972	0.655108508830337	0	0.714108671225271	0	0.840651279651754	0.773554410589895	0.829276626446621	0.608211949923646	0.570620922468336	0.837331197228384	0.579847599370575	0	0	0	0	0	0	0	0	0	0	0	0	0	0	0	0	0	0	0	0	0	0	0	0	0	0	0	0	0	0	0
0	0	0	0	0	0	0	0	0	0	0	0	0	0	0	0	0	0	0	0	0	0	0	0	0	0	0	0	0	0	0	0	0	0	0	0	0.968558663953262	0	0.73282553405178	0	0	0	0	0	0	0.610588390227482	0.633452335678478	0.524263745791105	0.588819216091296	0.6078192207836	0.95592197220379	0.997005525739472	0	0.705896040046658	0.849683646737772	0.687303319313722	0.767233820792588	0.661497762666608	0.916445253948856	0.571924094471188	0	0	0	0	0	0	0	0	0	0	0	0	0	0	0	0	0	0	0	0	0	0	0	0	0	0	0	0	0	0
0	0	0	0	0	0	0	0	0	0	0	0	0	0	0	0	0	0	0	0	0	0	0	0	0	0	0	0	0	0	0	0.603616010367151	0.513436047055945	0	0	0	0	0	0	0	0	0	0	0	0	0	0.784937559792155	0.951577191708237	0.991770535370057	0	0	0.58046708296593	0.878987995312293	0	0.518010021915883	0.506051058467822	0.759931597861993	0.947349519430388	0	0.565882824811657	0	0	0	0	0	0	0	0	0	0	0	0	0	0	0	0	0	0	0	0	0	0	0	0	0	0	0	0	0	0
0	0	0	0	0	0	0	0	0	0	0	0	0	0	0	0	0	0	0	0	0	0	0	0	0	0	0	0	0	0	0.994782195299244	0.553360703935545	0	0	0	0	0	0.647730418670337	0	0	0	0	0	0	0	0	0	0.798722838569188	0.59009215112881	0.82836035185808	0.721487169135494	0.750769298317378	0.92755550078787	0.911407159687992	0	0.552585056676198	0.524000148555758	0.662142847634333	0.999335272231307	0.95308744320938	0	0	0	0	0	0	0	0	0	0	0	0	0	0	0	0	0	0	0	0	0	0	0	0	0	0	0	0	0	0
0	0	0	0	0	0	0	0	0	0	0	0	0	0	0	0	0	0	0	0	0	0	0	0	0	0	0	0	0	0	0.652935518386319	0.542807208029273	0.521229023341031	0	0	0	0	0	0	0	0	0	0	0.581219910515513	0	0	0	0	0.771934522455715	0.754660447586988	0.559414173733492	0.552360861304938	0.544891210997927	0.510589881557836	0.920474706934662	0	0.869111935630474	0.849277966258402	0.642392618843449	0.667110153244696	0	0	0	0	0	0	0	0	0	0	0	0	0	0	0	0	0	0	0	0	0	0	0	0	0	0	0	0	0	0
0	0	0	0	0	0	0	0	0	0	0	0	0	0	0	0	0	0	0	0	0	0	0	0	0	0	0	0	0	0	0	0.815798453948168	0.560602317598534	0.797078176062671	0	0	0	0	0	0	0	0	0.720917755711399	0	0	0	0	0	0	0.95220850012255	0.898235408610931	0.937751642476517	0.787979267299511	0.516250527238284	0.936402244775587	0.605024011749045	0	0.683836753059319	0.762799359258488	0.867919596979807	0	0	0	0	0	0	0	0	0	0	0	0	0	0	0	0	0	0	0	0	0	0	0	0	0	0	0	0	0	0
0	0	0	0	0	0	0	0	0	0	0	0	0	0	0	0	0	0	0	0	0	0	0	0	0	0	0	0	0	0	0.65400769620881	0.9901280886272	0	0.87361052394773	0.536550584924295	0	0	0	0	0.927762091545904	0	0	0.906565991234052	0	0	0	0	0	0	0.710763672143389	0.724990485799393	0.80484554169306	0.773946665091796	0.571270043581589	0.702938388051074	0.575917788587481	0.665959565765983	0	0.632999030085683	0.77477844983901	0	0	0	0	0	0	0	0	0	0	0	0	0	0	0	0	0	0	0	0	0	0	0	0	0	0	0	0	0	0
0	0	0	0	0	0	0	0	0	0	0	0	0	0	0	0	0	0	0	0	0	0	0	0	0	0	0	0	0	0	0.842137352942437	0.716775395331322	0.836923761359154	0.784875795043722	0.653958698027095	0	0	0	0.633599823498303	0	0	0	0	0.651079670630252	0	0	0	0	0	0.654729928651409	0	0.836443967176419	0.916560296687965	0	0.582060987240927	0.67031523923604	0.793355058247483	0.627805201928107	0	0.924616494273982	0	0	0	0	0	0	0	0	0	0	0	0	0	0	0	0	0	0	0	0	0	0	0	0	0	0	0	0	0	0
0	0	0	0	0	0	0	0	0	0	0	0	0	0	0	0	0	0	0	0	0	0	0	0	0	0	0	0	0	0	0.878784394441508	0.861206316419964	0.721766664890791	0.943649924150987	0.694366530455496	0.69450914588266	0	0.62831643143821	0	0	0	0	0	0	0	0.964936525846881	0	0	0	0	0	0	0.575951240321732	0.52999321462786	0.645489884481052	0.507582646868751	0.928691761327175	0.663148547372831	0.681897934305465	0	0	0	0	0	0	0	0	0	0	0	0	0	0	0	0	0	0	0	0	0	0	0	0	0	0	0	0	0	0	0
0	0	0	0	0	0	0	0	0	0	0	0	0	0	0	0	0	0	0	0	0	0	0	0	0	0	0	0	0	0	0	0	0	0	0	0	0	0	0	0	0	0	0	0	0	0	0	0	0	0	0	0	0	0	0	0	0	0	0	0	0	0	0	0.660594128947801	0.725559814474911	0.878375186633833	0.861195359442861	0	0	0	0	0	0	0	0.747437034049952	0.830721643680675	0	0.687040499881889	0	0.758429444160257	0	0.588549295337613	0	0.521046746798465	0	0	0	0.511701890053281	0.70211825935803	0
0	0	0	0	0	0	0	0	0	0	0	0	0	0	0	0	0	0	0	0	0	0	0	0	0	0	0	0	0	0	0	0	0	0	0	0	0	0	0	0	0	0	0	0	0	0	0	0	0	0	0	0	0	0	0	0	0	0	0	0	0	0	0	0	0.969119547862103	0	0.877483570820961	0.756257945864323	0	0	0	0	0	0.938264752672575	0	0	0	0	0	0.960573818539574	0	0	0.991856802410034	0	0	0	0	0	0	0
0	0	0	0	0	0	0	0	0	0	0	0	0	0	0	0	0	0	0	0	0	0	0	0	0	0	0	0	0	0	0	0	0	0	0	0	0	0	0	0	0	0	0	0	0	0	0	0	0	0	0	0	0	0	0	0	0	0	0	0	0	0	0	0	0	0	0	0.651974229165407	0	0	0	0	0.708437496915465	0	0	0	0.590349890501931	0	0.997485628611425	0	0.599025601254903	0.583411585489209	0	0	0	0	0.717709763823518	0.670609218433886	0.795364369828511	0
0	0	0	0	0	0	0	0	0	0	0	0	0	0	0	0	0	0	0	0	0	0	0	0	0	0	0	0	0	0	0	0	0	0	0	0	0	0	0	0	0	0	0	0	0	0	0	0	0	0	0	0	0	0	0	0	0	0	0	0	0.553878363415961	0	0	0	0	0	0	0.982490259735805	0	0	0	0	0	0	0.677402663258889	0.868544291613539	0	0.640815048754193	0.873870691593865	0	0.97605546101673	0	0.794640138900219	0	0	0	0	0	0	0.541273709891493
0	0	0	0	0	0	0	0	0	0	0	0	0	0	0	0	0	0	0	0	0	0	0	0	0	0	0	0	0	0	0	0	0	0	0	0	0	0	0	0	0	0	0	0	0	0	0	0	0	0	0	0	0	0	0	0	0	0	0	0	0.847309064641711	0.500019414077797	0	0	0	0.596187164855152	0	0.717721399750862	0	0.507671843636168	0	0	0	0.635714508095275	0	0	0	0.593482161951027	0	0.950697725979804	0	0	0	0.799943872295265	0	0	0	0	0	0
0	0	0	0	0	0	0	0	0	0	0	0	0	0	0	0	0	0	0	0	0	0	0	0	0	0	0	0	0	0	0	0	0	0	0	0	0	0	0	0	0	0	0	0	0	0	0	0	0	0	0	0	0	0	0	0	0	0	0	0	0.63571397799665	0	0	0	0.796538816302943	0	0.707355716766691	0.966509621420341	0.597410722376555	0.522577443471865	0	0	0	0	0	0	0	0.714977492934094	0	0	0	0.95918869828396	0.939640661225556	0	0	0	0.767963452255484	0	0	0.999944081930078
0	0	0	0	0	0	0	0	0	0	0	0	0	0	0	0	0	0	0	0	0	0	0	0	0	0	0	0	0	0	0	0	0	0	0	0	0	0	0	0	0	0	0	0	0	0	0	0	0	0	0	0	0	0	0	0	0	0	0	0	0.730379620589364	0.827911081327716	0	0	0	0.587677527059275	0	0.529929367637613	0.654166300501405	0.768123356845358	0	0.906614384632837	0.935410026097515	0	0	0	0	0	0.613830758160027	0.790299357720973	0.659269820433548	0.55653600176986	0	0.898546617909745	0	0	0	0	0	0
0	0	0	0	0	0	0	0	0	0	0	0	0	0	0	0	0	0	0	0	0	0	0	0	0	0	0	0	0	0	0	0	0	0	0	0	0	0	0	0	0	0	0	0	0	0	0	0	0	0	0	0	0	0	0	0	0	0	0	0	0	0.667087863671278	0.719965027465502	0.795355798950143	0.862049268784655	0.687775000842226	0.870887233033783	0	0	0.893201397125939	0.847320607326817	0.963956918472519	0	0	0	0	0.829563691189604	0.763126129202151	0.558337813993479	0	0	0	0	0.879294440316877	0.573833333311735	0	0	0.533252762321891	0.733349753565807	0
0	0	0	0	0	0	0	0	0	0	0	0	0	0	0	0	0	0	0	0	0	0	0	0	0	0	0	0	0	0	0	0	0	0	0	0	0	0	0	0	0	0	0	0	0	0	0	0	0	0	0	0	0	0	0	0	0	0	0	0	0	0	0	0	0	0.890390236536716	0.934820743109758	0	0	0	0	0	0.912477345599994	0	0	0.986671922457031	0	0.984324178887813	0	0	0	0	0.820903225351913	0	0	0	0	0	0	0
0	0	0	0	0	0	0	0	0	0	0	0	0	0	0	0	0	0	0	0	0	0	0	0	0	0	0	0	0	0	0	0	0	0	0	0	0	0	0	0	0	0	0	0	0	0	0	0	0	0	0	0	0	0	0	0	0	0	0	0	0	0	0	0	0.778609601372364	0.880515852834512	0.534121519427602	0.83807363615358	0	0	0	0.643419602583273	0	0	0	0	0	0	0	0.625368178487688	0	0	0	0	0	0	0	0	0	0
0	0	0	0	0	0	0	0	0	0	0	0	0	0	0	0	0	0	0	0	0	0	0	0	0	0	0	0	0	0	0	0	0	0	0	0	0	0	0	0	0	0	0	0	0	0	0	0	0	0	0	0	0	0	0	0	0	0	0	0	0	0	0	0	0	0	0	0.699142298893833	0	0	0	0.880777262270866	0.568979394505021	0.985311302246692	0.60423930113144	0.822525816451088	0	0	0	0.674213260125604	0.505891178088021	0	0	0.655107962452181	0	0.587821073662087	0	0	0.871737415763381	0.668127974176087
0	0	0	0	0	0	0	0	0	0	0	0	0	0	0	0	0	0	0	0	0	0	0	0	0	0	0	0	0	0	0	0	0	0	0	0	0	0	0	0	0	0	0	0	0	0	0	0	0	0	0	0	0	0	0	0	0	0	0	0	0	0	0	0	0	0	0.986599322818886	0.782752931740896	0	0.816262279317948	0.965452036525751	0	0	0.678236715229432	0.979723401199269	0	0	0	0	0	0	0.900876265436256	0	0	0.896971854626321	0	0	0	0	0
0	0	0	0	0	0	0	0	0	0	0	0	0	0	0	0	0	0	0	0	0	0	0	0	0	0	0	0	0	0	0	0	0	0	0	0	0	0	0	0	0	0	0	0	0	0	0	0	0	0	0	0	0	0	0	0	0	0	0	0	0	0	0.753493013883306	0	0	0	0.797432323538899	0	0.799141364943196	0	0.598310068971116	0	0	0.626083007062864	0.676853100333723	0	0.505238601080693	0.762063668966606	0	0	0	0	0	0	0	0	0	0	0	0
0	0	0	0	0	0	0	0	0	0	0	0	0	0	0	0	0	0	0	0	0	0	0	0	0	0	0	0	0	0	0	0	0	0	0	0	0	0	0	0	0	0	0	0	0	0	0	0	0	0	0	0	0	0	0	0	0	0	0	0	0	0.841270458132226	0	0	0.531618473468865	0	0	0	0	0	0.695681447155825	0.786935157901644	0.620591743575567	0	0.600811122250394	0.948895735711548	0	0	0	0	0	0	0.731775442470417	0	0	0.691630872247853	0	0	0	0
0	0	0	0	0	0	0	0	0	0	0	0	0	0	0	0	0	0	0	0	0	0	0	0	0	0	0	0	0	0	0	0	0	0	0	0	0	0	0	0	0	0	0	0	0	0	0	0	0	0	0	0	0	0	0	0	0	0	0	0	0.899561683943914	0	0	0.589898790800564	0	0	0	0	0	0	0.645693971656914	0.565620146723981	0.647823069776735	0.584402650079676	0	0	0.908187851845605	0	0	0.969535775033844	0.616437020564304	0	0	0.510260617913993	0	0.991869607501502	0	0	0	0
0	0	0	0	0	0	0	0	0	0	0	0	0	0	0	0	0	0	0	0	0	0	0	0	0	0	0	0	0	0	0	0	0	0	0	0	0	0	0	0	0	0	0	0	0	0	0	0	0	0	0	0	0	0	0	0	0	0	0	0	0.619045829285913	0	0	0.885217942746161	0	0	0	0	0.792465940554134	0	0.595975382734281	0	0	0.743404804872943	0	0	0.56552399877279	0.86956496164162	0	0	0	0	0	0	0	0.855888670491848	0.638758733528557	0.670222643780887	0.655611130116737	0
0	0	0	0	0	0	0	0	0	0	0	0	0	0	0	0	0	0	0	0	0	0	0	0	0	0	0	0	0	0	0	0	0	0	0	0	0	0	0	0	0	0	0	0	0	0	0	0	0	0	0	0	0	0	0	0	0	0	0	0	0	0	0.917237033082897	0	0	0	0	0.577415504490192	0	0	0	0	0.755728980063356	0	0.599523890774594	0.691378097142307	0	0.818580865920904	0	0	0.561752740072421	0	0	0.50447549644394	0	0.916007967265938	0	0	0	0
0	0	0	0	0	0	0	0	0	0	0	0	0	0	0	0	0	0	0	0	0	0	0	0	0	0	0	0	0	0	0	0	0	0	0	0	0	0	0	0	0	0	0	0	0	0	0	0	0	0	0	0	0	0	0	0	0	0	0	0	0.740655946665635	0	0	0.836360125632746	0.672527522065829	0.512420295889709	0	0.962913001221196	0.574638816345998	0	0	0	0.81284744930716	0	0	0.725081210778311	0.999330607131703	0	0.803422689321894	0	0	0	0.864605400650036	0.823401113966665	0	0	0.866831900552078	0.961610862533244	0.524264506331089	0
0	0	0	0	0	0	0	0	0	0	0	0	0	0	0	0	0	0	0	0	0	0	0	0	0	0	0	0	0	0	0	0	0	0	0	0	0	0	0	0	0	0	0	0	0	0	0	0	0	0	0	0	0	0	0	0	0	0	0	0	0	0	0.664932869632349	0.710493347736725	0	0	0.727738406005575	0.756255761280006	0	0	0	0	0	0	0	0	0	0.938766156195176	0	0.930148508237465	0	0.936862852790692	0	0.733435120429329	0.654848073941194	0	0	0	0	0.988928472387829
0	0	0	0	0	0	0	0	0	0	0	0	0	0	0	0	0	0	0	0	0	0	0	0	0	0	0	0	0	0	0	0	0	0	0	0	0	0	0	0	0	0	0	0	0	0	0	0	0	0	0	0	0	0	0	0	0	0	0	0	0.895456199547221	0.820954647545507	0	0	0.945819327683268	0	0.668190594752089	0	0	0.844628188714138	0.820482134806608	0	0	0	0.756322147265808	0	0	0	0.919370678120861	0	0	0	0.816530449828559	0.727191616543359	0	0	0.611355919109027	0	0	0
0	0	0	0	0	0	0	0	0	0	0	0	0	0	0	0	0	0	0	0	0	0	0	0	0	0	0	0	0	0	0	0	0	0	0	0	0	0	0	0	0	0	0	0	0	0	0	0	0	0	0	0	0	0	0	0	0	0	0	0	0	0	0.524734547743222	0.653369440244055	0	0	0.65840372375283	0	0	0	0.762193713390703	0	0	0	0.753534544458903	0	0.723098767731194	0	0	0	0	0	0	0.781963798145556	0.952414327827678	0	0.947845395976844	0	0	0
0	0	0	0	0	0	0	0	0	0	0	0	0	0	0	0	0	0	0	0	0	0	0	0	0	0	0	0	0	0	0	0	0	0	0	0	0	0	0	0	0	0	0	0	0	0	0	0	0	0	0	0	0	0	0	0	0	0	0	0	0.692334495853216	0	0.953920778517318	0	0	0.745617559069513	0.735138512925853	0	0	0	0	0.892046588863346	0	0	0	0	0	0	0.643889295471404	0	0	0	0	0	0.608969200002678	0.500501048163009	0.651842512626425	0.635312127080258	0	0
0	0	0	0	0	0	0	0	0	0	0	0	0	0	0	0	0	0	0	0	0	0	0	0	0	0	0	0	0	0	0	0	0	0	0	0	0	0	0	0	0	0	0	0	0	0	0	0	0	0	0	0	0	0	0	0	0	0	0	0	0	0.508434624076365	0	0.896689848712199	0	0.817530294554788	0	0	0.593050943041894	0	0	0	0	0.957024988962485	0	0	0	0.639176389470171	0	0.979708244042864	0	0	0	0	0	0	0	0.609324618029637	0.517599625778075	0.74490724898197
0	0	0	0	0	0	0	0	0	0	0	0	0	0	0	0	0	0	0	0	0	0	0	0	0	0	0	0	0	0	0	0	0	0	0	0	0	0	0	0	0	0	0	0	0	0	0	0	0	0	0	0	0	0	0	0	0	0	0	0	0.513058656336743	0	0	0	0.877505584748726	0	0.633370593980262	0.90910953604047	0	0	0.721842436932605	0	0	0	0.870013545877099	0	0.906100099382678	0.70418060454171	0.607602941650829	0.706348684086615	0.81117521381682	0	0	0	0	0.688760607689747	0	0.705024126749541	0	0
0	0	0	0	0	0	0	0	0	0	0	0	0	0	0	0	0	0	0	0	0	0	0	0	0	0	0	0	0	0	0	0	0	0	0	0	0	0	0	0	0	0	0	0	0	0	0	0	0	0	0	0	0	0	0	0	0	0	0	0	0	0	0	0	0	0	0	0.702520136955458	0	0	0	0.953713317825763	0	0	0	0	0	0	0.650747920171875	0	0.705322210836786	0.864597334393122	0	0	0	0.636764114852502	0	0.930685226786624	0.952601649328741	0.706387672037811
0	0	0	0	0	0	0	0	0	0	0	0	0	0	0	0	0	0	0	0	0	0	0	0	0	0	0	0	0	0	0	0	0	0	0	0	0	0	0	0	0	0	0	0	0	0	0	0	0	0	0	0	0	0	0	0	0	0	0	0	0	0	0	0	0	0	0	0	0	0	0.96108687780972	0	0	0.74393135588546	0.984318544786666	0.990976249652628	0.51182553203019	0	0	0	0	0.78432617418923	0	0.96634436891638	0.536017138241946	0	0	0.777204503208216	0	0.880936888642747
0	0	0	0	0	0	0	0	0	0	0	0	0	0	0	0	0	0	0	0	0	0	0	0	0	0	0	0	0	0	0	0	0	0	0	0	0	0	0	0	0	0	0	0	0	0	0	0	0	0	0	0	0	0	0	0	0	0	0	0	0	0	0.881827276021567	0	0	0.527314227267197	0	0	0	0	0	0	0	0	0	0.838422628599796	0	0.724157323399699	0	0.669298034999579	0.656719685910017	0.928626366873478	0	0	0	0	0	0.709049591096556	0.503398283643606	0
0	0	0	0	0	0	0	0	0	0	0	0	0	0	0	0	0	0	0	0	0	0	0	0	0	0	0	0	0	0	0	0	0	0	0	0	0	0	0	0	0	0	0	0	0	0	0	0	0	0	0	0	0	0	0	0	0	0	0	0	0.733368952629993	0	0.856725672794689	0	0	0	0	0.892090116018163	0	0	0	0	0	0	0	0.73935807695835	0	0.683743719587371	0	0	0	0.837678947926664	0.549988913988748	0.576104199620565	0.51379028708043	0.768725916688292	0.808153901776932	0	0	0.740056109978687
0	0	0	0	0	0	0	0	0	0	0	0	0	0	0	0	0	0	0	0	0	0	0	0	0	0	0	0	0	0	0	0	0	0	0	0	0	0	0	0	0	0	0	0	0	0	0	0	0	0	0	0	0	0	0	0	0	0	0	0	0.550603906646477	0	0.967182379718357	0	0	0	0	0.552338846304459	0	0	0.855536748363839	0	0	0	0	0.54162147432183	0	0.964015154101329	0	0	0	0	0.686478038343537	0	0.617713017181101	0	0.979879447169749	0	0	0
0	0	0	0	0	0	0	0	0	0	0	0	0	0	0	0	0	0	0	0	0	0	0	0	0	0	0	0	0	0	0	0	0	0	0	0	0	0	0	0	0	0	0	0	0	0	0	0	0	0	0	0	0	0	0	0	0	0	0	0	0	0	0	0.645837687519372	0	0.639773312971329	0	0	0	0	0.908999699686757	0	0	0	0	0	0	0	0.601074826470856	0	0	0	0.998880520869651	0	0.928005061230574	0.675064474027639	0	0.860811896669907	0	0
