0	0.74744920048996	0.802294795216146	0.585041423034922	0.590320640611993	0.702362853764365	0	0	0	0	0	0	0	0	0	0.860696432416169	0.540075730443791	0.784465204977573	0	0	0	0	0	0	0	0	0	0	0	0	0	0	0	0	0	0	0	0	0	0	0	0	0	0	0	0	0	0	0	0	0	0	0	0	0	0	0	0	0	0	0	0	0	0	0	0	0	0	0	0	0	0	0	0	0	0	0	0	0	0	0	0	0	0	0	0	0	0	0	0
0.853219078779935	0	0.724199866138442	0.756646743255647	0.548454917620506	0	0	0	0	0.52061659423	0	0	0	0	0	0	0.970715339372131	0.532501507548922	0	0	0	0	0	0	0	0	0	0	0	0	0	0	0	0	0	0	0	0	0	0	0	0	0	0	0	0	0	0	0	0	0	0	0	0	0	0	0	0	0	0	0	0	0	0	0	0	0	0	0	0	0	0	0	0	0	0	0	0	0	0	0	0	0	0	0	0	0	0	0	0
0.501372870369684	0.861498700866371	0	0.889340092864367	0.583947781699437	0.532281911790979	0	0	0	0	0	0	0	0	0	0	0	0	0	0	0	0	0	0	0	0	0	0	0	0	0	0	0	0	0	0	0	0	0	0	0	0	0	0	0	0	0	0	0	0	0	0	0	0	0	0	0	0	0	0	0	0	0	0	0	0	0	0	0	0	0	0	0	0	0	0	0	0	0	0	0	0	0	0	0	0	0	0	0	0
0.731885613097806	0.961175040108251	0.622605201561167	0	0	0.586004360750415	0.525279994062214	0	0	0	0	0	0	0	0	0.681281398724287	0	0	0	0	0	0	0	0	0	0	0	0	0	0	0	0	0	0	0	0	0	0	0	0	0	0	0	0	0	0	0	0	0	0	0	0	0	0	0	0	0	0	0	0	0	0	0	0	0	0	0	0	0	0	0	0	0	0	0	0	0	0	0	0	0	0	0	0	0	0	0	0	0	0
0.790925262241014	0.506416132300346	0.560117635460278	0	0	0.918226542707537	0	0.930128968688578	0	0	0	0	0	0	0	0	0	0	0	0	0	0	0	0	0	0	0	0	0	0	0	0	0	0	0	0	0	0	0	0	0	0	0	0	0	0	0	0	0	0	0	0	0	0	0	0	0	0	0	0	0	0	0	0	0	0	0	0	0	0	0	0	0	0	0	0	0	0	0	0	0	0	0	0	0	0	0	0	0	0
0.529337970225007	0	0.791325113013522	0.591622694907882	0.728816446196327	0	0	0.619654429544389	0.960885416534283	0	0	0	0	0	0	0	0	0	0	0	0	0	0	0	0	0	0	0	0	0	0	0	0	0	0	0	0	0	0	0	0	0	0	0	0	0	0	0	0	0	0	0	0	0	0	0	0	0	0	0	0	0	0	0	0	0	0	0	0	0	0	0	0	0	0	0	0	0	0	0	0	0	0	0	0	0	0	0	0	0
0	0	0	0.644999193469045	0	0	0	0.833153970460283	0.766277541177362	0.57013518576344	0	0	0	0	0	0	0	0	0	0	0	0	0	0	0	0	0	0	0	0	0	0	0	0	0	0	0	0	0	0	0	0	0	0	0	0	0	0	0	0	0	0	0	0	0	0	0	0	0	0	0	0	0	0	0	0	0	0	0	0	0	0	0	0	0	0	0	0	0	0	0	0	0	0	0	0	0	0	0	0
0	0	0	0	0.527123474678632	0.799957918862043	0.939821416941502	0	0.725365135922172	0	0.690415102579763	0	0	0	0	0.666427764464225	0	0	0	0	0	0	0	0	0	0	0	0	0	0	0	0	0	0	0	0	0	0	0	0	0	0	0	0	0	0	0	0	0	0	0	0	0	0	0	0	0	0	0	0	0	0	0	0	0	0	0	0	0	0	0	0	0	0	0	0	0	0	0	0	0	0	0	0	0	0	0	0	0	0
0	0	0	0	0	0.905361034976851	0.802187978597525	0.81089946154307	0	0.518308466981588	0.69587703089335	0	0	0	0	0.70786484047891	0	0.860310146949377	0	0	0	0	0	0	0	0	0	0	0	0	0	0	0	0	0	0	0	0	0	0	0	0	0	0	0	0	0	0	0	0	0	0	0	0	0	0	0	0	0	0	0	0	0	0	0	0	0	0	0	0	0	0	0	0	0	0	0	0	0	0	0	0	0	0	0	0	0	0	0	0
0	0.716538554661359	0	0	0	0	0.760318898157417	0	0.788718875922921	0	0.515378525613155	0.629313371419222	0	0	0	0	0	0	0	0	0	0	0	0	0	0	0	0	0	0	0	0	0	0	0	0	0	0	0	0	0	0	0	0	0	0	0	0	0	0	0	0	0	0	0	0	0	0	0	0	0	0	0	0	0	0	0	0	0	0	0	0	0	0	0	0	0	0	0	0	0	0	0	0	0	0	0	0	0	0
0	0	0	0	0	0	0	0.70151973084844	0.992954187047304	0.690380100359564	0	0.539938237076794	0.858464623290182	0.708631700373931	0	0	0	0	0	0	0	0	0	0	0	0	0	0	0	0	0	0	0	0	0	0	0	0	0	0	0	0	0	0	0	0	0	0	0	0	0	0	0	0	0	0	0	0	0	0	0	0	0	0	0	0	0	0	0	0	0	0	0	0	0	0	0	0	0	0	0	0	0	0	0	0	0	0	0	0
0	0	0	0	0	0	0	0	0	0.981490798047995	0.978738285685689	0	0.731286083707794	0.755525374676929	0.587329055425911	0	0	0	0	0	0	0	0	0	0	0	0	0	0	0	0	0	0	0	0	0	0	0	0	0	0	0	0	0	0	0	0	0	0	0	0	0	0	0	0	0	0	0	0	0	0	0	0	0	0	0	0	0	0	0	0	0	0	0	0	0	0	0	0	0	0	0	0	0	0	0	0	0	0	0
0	0	0	0	0	0	0	0	0	0	0.702967093970532	0.740553740891295	0	0.698673490437367	0.66043640018171	0.74019127401521	0	0	0	0	0	0	0	0	0	0	0	0	0	0	0	0	0	0	0	0	0	0	0	0	0	0	0	0	0	0	0	0	0	0	0	0	0	0	0	0	0	0	0	0	0	0	0	0	0	0	0	0	0	0	0	0	0	0	0	0	0	0	0	0	0	0	0	0	0	0	0	0	0	0
0	0	0	0	0	0	0	0	0	0	0.940455607826228	0.934636571954286	0.780673900409126	0	0.519647135899685	0.512129395374424	0.552360843304221	0	0	0	0	0	0	0	0	0	0	0	0	0	0	0	0	0	0	0	0	0	0	0	0	0	0	0	0	0	0	0	0	0	0	0	0	0	0	0	0	0	0	0	0	0	0	0	0	0	0	0	0	0	0	0	0	0	0	0	0	0	0	0	0	0	0	0	0	0	0	0	0	0
0	0	0	0	0	0	0	0	0	0	0	0.785608125037977	0.701371094328931	0.505548636757721	0	0.518164550152894	0.955975270895356	0.886677153203129	0	0	0	0	0	0	0	0	0	0	0	0	0	0	0	0	0	0	0	0	0	0	0	0	0	0	0	0	0	0	0	0	0	0	0	0	0	0	0	0	0	0	0	0	0	0	0	0	0	0	0	0	0	0	0	0	0	0	0	0	0	0	0	0	0	0	0	0	0	0	0	0
0.703559990836597	0	0	0.606377931743838	0	0	0	0.9661279637596	0.501550958391733	0	0	0	0.514884051733317	0.67750750370706	0.835655958801994	0	0.684934931182927	0.936102143835979	0	0	0	0	0	0	0	0	0	0	0	0	0	0	0	0	0	0	0	0	0	0	0	0	0	0	0	0	0	0	0	0	0	0	0	0	0	0	0	0	0	0	0	0	0	0	0	0	0	0	0	0	0	0	0	0	0	0	0	0	0	0	0	0	0	0	0	0	0	0	0	0
0.670166183316929	0.755113643819724	0	0	0	0	0	0	0	0	0	0	0	0.989878356716052	0.958261910976301	0.896920239951608	0	0.853915820855188	0	0	0	0	0	0	0	0	0	0	0	0	0	0	0	0	0	0	0	0	0	0	0	0	0	0	0	0	0	0	0	0	0	0	0	0	0	0	0	0	0	0	0	0	0	0	0	0	0	0	0	0	0	0	0	0	0	0	0	0	0	0	0	0	0	0	0	0	0	0	0	0
0.799439758834045	0.770771833480191	0	0	0	0	0	0	0.798934300670085	0	0	0	0	0	0.970501993977493	0.974795223988122	0.530612635244178	0	0	0	0	0	0	0	0	0	0	0	0	0	0	0	0	0	0	0	0	0	0	0	0	0	0	0	0	0	0	0	0	0	0	0	0	0	0	0	0	0	0	0	0	0	0	0	0	0	0	0	0	0	0	0	0	0	0	0	0	0	0	0	0	0	0	0	0	0	0	0	0	0
0	0	0	0	0	0	0	0	0	0	0	0	0	0	0	0	0	0	0	0	0.817578992285073	0	0.944574759165257	0.958237178227131	0.867684422881472	0	0	0	0	0	0.753429436624597	0.523839087298587	0.689896040823156	0.948862446545351	0	0	0	0	0	0	0	0	0	0	0	0	0	0	0	0	0	0	0	0	0	0	0	0	0	0	0	0	0	0	0	0	0	0	0	0	0	0	0	0	0	0	0	0	0	0	0	0	0	0	0	0	0	0	0	0
0	0	0	0	0	0	0	0	0	0	0	0	0	0	0	0	0	0	0	0	0.654926411061942	0.714132888084194	0.956706537810307	0	0	0	0.999126273883211	0	0	0	0	0	0	0.503459809791958	0.845826272748449	0.859111914693461	0	0	0	0	0	0	0	0	0	0	0	0	0	0	0	0	0	0	0	0	0	0	0	0	0	0	0	0	0	0	0	0	0	0	0	0	0	0	0	0	0	0	0	0	0	0	0	0	0	0	0	0	0	0
0	0	0	0	0	0	0	0	0	0	0	0	0	0	0	0	0	0	0.920248810732312	0.787034193095097	0	0	0.583263326478037	0.67930009414277	0.609844901782687	0	0.772615584315959	0.718014882154797	0	0	0	0	0	0	0.823561050080448	0.958253910697287	0	0	0	0	0	0	0	0	0	0	0	0	0	0	0	0	0	0	0	0	0	0	0	0	0	0	0	0	0	0	0	0	0	0	0	0	0	0	0	0	0	0	0	0	0	0	0	0	0	0	0	0	0	0
0	0	0	0	0	0	0	0	0	0	0	0	0	0	0	0	0	0	0	0.647907387470464	0	0	0.599508062542419	0.555257215443371	0.599705896981307	0.614012466597512	0	0	0	0	0	0	0	0	0	0.611014146102891	0	0	0	0	0	0	0	0	0	0	0	0	0	0	0	0	0	0	0	0	0	0	0	0	0	0	0	0	0	0	0	0	0	0	0	0	0	0	0	0	0	0	0	0	0	0	0	0	0	0	0	0	0	0
0	0	0	0	0	0	0	0	0	0	0	0	0	0	0	0	0	0	0.81052783747966	0.976841452671707	0.915112165830551	0.872723475443842	0	0.862185973245692	0.738658246982522	0	0.843373543128753	0.982630922710949	0	0	0	0	0	0.875777558600578	0	0	0	0	0	0	0	0	0	0	0	0	0	0	0	0	0	0	0	0	0	0	0	0	0	0	0	0	0	0	0	0	0	0	0	0	0	0	0	0	0	0	0	0	0	0	0	0	0	0	0	0	0	0	0	0
0	0	0	0	0	0	0	0	0	0	0	0	0	0	0	0	0	0	0.948610446896371	0	0.786920532554657	0.567572009731544	0.997594644505601	0	0.526083208749852	0	0.545754667695422	0.83052607981271	0	0	0	0	0	0	0	0	0	0	0	0	0	0	0	0	0	0	0	0	0	0	0	0	0	0	0	0	0	0	0	0	0	0	0	0	0	0	0	0	0	0	0	0	0	0	0	0	0	0	0	0	0	0	0	0	0	0	0	0	0	0
0	0	0	0	0	0	0	0	0	0	0	0	0	0	0	0	0	0	0.51147452866323	0	0.687174484455188	0.765057593895019	0.758226019885731	0.553579790619841	0	0.767316168999394	0.91721097043319	0	0.775488059259901	0	0	0.791994773421658	0	0	0	0	0	0	0	0	0	0	0	0	0	0	0	0	0	0	0	0	0	0	0	0	0	0	0	0	0	0	0	0	0	0	0	0	0	0	0	0	0	0	0	0	0	0	0	0	0	0	0	0	0	0	0	0	0	0
0	0	0	0	0	0	0	0	0	0	0	0	0	0	0	0	0	0	0	0	0	0.645333311412602	0	0	0.954525670070496	0	0.613171274598414	0	0.733380430409245	0.679797150966287	0	0	0	0.864355548334498	0	0	0	0	0	0	0	0	0	0	0	0	0	0	0	0	0	0	0	0	0	0	0	0	0	0	0	0	0	0	0	0	0	0	0	0	0	0	0	0	0	0	0	0	0	0	0	0	0	0	0	0	0	0	0	0
0	0	0	0	0	0	0	0	0	0	0	0	0	0	0	0	0	0	0	0.719886447150854	0.627585432916343	0	0.580325470259757	0.658748107520369	0.985649829890357	0.916736546456995	0	0	0.790029298611839	0	0.9677628144113	0	0	0	0.696693382067407	0.677886304012856	0	0	0	0	0	0	0	0	0	0	0	0	0	0	0	0	0	0	0	0	0	0	0	0	0	0	0	0	0	0	0	0	0	0	0	0	0	0	0	0	0	0	0	0	0	0	0	0	0	0	0	0	0	0
0	0	0	0	0	0	0	0	0	0	0	0	0	0	0	0	0	0	0	0	0.83246260857643	0	0.814302891457904	0.763498103732357	0	0	0	0	0.975443770453965	0	0.556783300955457	0.571034752529385	0	0	0	0.647303426618035	0	0	0	0	0	0	0	0	0	0	0	0	0	0	0	0	0	0	0	0	0	0	0	0	0	0	0	0	0	0	0	0	0	0	0	0	0	0	0	0	0	0	0	0	0	0	0	0	0	0	0	0	0	0
0	0	0	0	0	0	0	0	0	0	0	0	0	0	0	0	0	0	0	0	0	0	0	0	0.708263625889137	0.655313188401385	0.976707876167908	0.555553083959589	0	0.85928643167628	0.709156055550564	0.842673860147549	0.556037453792585	0	0.518313454393933	0	0	0	0	0	0	0	0	0	0	0	0	0	0	0	0	0	0	0	0	0	0	0	0	0	0	0	0	0	0	0	0	0	0	0	0	0	0	0	0	0	0	0	0	0	0	0	0	0	0	0	0	0	0	0
0	0	0	0	0	0	0	0	0	0	0	0	0	0	0	0	0	0	0	0	0	0	0	0	0	0.523738275427966	0	0	0.72883432792135	0	0.837723439489297	0	0.800414062083927	0.663513205341624	0.64716676032583	0	0	0	0	0	0	0	0	0	0	0	0	0	0	0	0	0	0	0	0	0	0	0	0	0	0	0	0	0	0	0	0	0	0	0	0	0	0	0	0	0	0	0	0	0	0	0	0	0	0	0	0	0	0	0
0	0	0	0	0	0	0	0	0	0	0	0	0	0	0	0	0	0	0.609725625439489	0	0	0	0	0	0	0	0.768124195389193	0.62034368531755	0.500270767335776	0.952432633195279	0	0.522704312202777	0.866317047109184	0.932278537792111	0.878499740998502	0	0	0	0	0	0	0	0	0	0	0	0	0	0	0	0	0	0	0	0	0	0	0	0	0	0	0	0	0	0	0	0	0	0	0	0	0	0	0	0	0	0	0	0	0	0	0	0	0	0	0	0	0	0	0
0	0	0	0	0	0	0	0	0	0	0	0	0	0	0	0	0	0	0.934896689167505	0	0	0	0	0	0.877821398289768	0	0	0.824313732951067	0.787657851643403	0	0.739486551711444	0	0.897495031176317	0	0.852423156162708	0.904279142692257	0	0	0	0	0	0	0	0	0	0	0	0	0	0	0	0	0	0	0	0	0	0	0	0	0	0	0	0	0	0	0	0	0	0	0	0	0	0	0	0	0	0	0	0	0	0	0	0	0	0	0	0	0	0
0	0	0	0	0	0	0	0	0	0	0	0	0	0	0	0	0	0	0.563884109659094	0	0	0	0	0	0	0	0	0	0.575346703222221	0.654883268543253	0.986065849784511	0.837571979182224	0	0.720083279762299	0.901296264847419	0.9067052299799	0	0	0	0	0	0	0	0	0	0	0	0	0	0	0	0	0	0	0	0	0	0	0	0	0	0	0	0	0	0	0	0	0	0	0	0	0	0	0	0	0	0	0	0	0	0	0	0	0	0	0	0	0	0
0	0	0	0	0	0	0	0	0	0	0	0	0	0	0	0	0	0	0.726071283777844	0.743900538910944	0	0	0.610125696848714	0	0	0.801795175983723	0	0	0	0.687249008670717	0.977585600876071	0	0.528949688683614	0	0	0.627095531504064	0	0	0	0	0	0	0	0	0	0	0	0	0	0	0	0	0	0	0	0	0	0	0	0	0	0	0	0	0	0	0	0	0	0	0	0	0	0	0	0	0	0	0	0	0	0	0	0	0	0	0	0	0	0
0	0	0	0	0	0	0	0	0	0	0	0	0	0	0	0	0	0	0	0.698735615933626	0.881821885671403	0	0	0	0	0	0.773292970119177	0	0.834574045850589	0.929725719866952	0.930082342927056	0.893057053744924	0.539339417505401	0	0	0.650351096510068	0	0	0	0	0	0	0	0	0	0	0	0	0	0	0	0	0	0	0	0	0	0	0	0	0	0	0	0	0	0	0	0	0	0	0	0	0	0	0	0	0	0	0	0	0	0	0	0	0	0	0	0	0	0
0	0	0	0	0	0	0	0	0	0	0	0	0	0	0	0	0	0	0	0.915562664469898	0.999021602974316	0.706731375131823	0	0	0	0	0.835656592662613	0.801170558028169	0	0	0	0.886878754703389	0.50052796619015	0.597889930050668	0.952908619357467	0	0	0	0	0	0	0	0	0	0	0	0	0	0	0	0	0	0	0	0	0	0	0	0	0	0	0	0	0	0	0	0	0	0	0	0	0	0	0	0	0	0	0	0	0	0	0	0	0	0	0	0	0	0	0
0	0	0	0	0	0	0	0	0	0	0	0	0	0	0	0	0	0	0	0	0	0	0	0	0	0	0	0	0	0	0	0	0	0	0	0	0	0.86325286904087	0	0	0	0.648489165930291	0.519043972081225	0.943880504726933	0.58355539471718	0.923134820160273	0	0.524998016122153	0.699145567334048	0	0.99000642568171	0	0.737435010052573	0	0	0	0	0	0	0	0	0	0	0	0	0	0	0	0	0	0	0	0	0	0	0	0	0	0	0	0	0	0	0	0	0	0	0	0	0
0	0	0	0	0	0	0	0	0	0	0	0	0	0	0	0	0	0	0	0	0	0	0	0	0	0	0	0	0	0	0	0	0	0	0	0	0.661407997898531	0	0.983488158746408	0.781505731625868	0.761374012073162	0.89562006001814	0	0.565488348933011	0	0	0.955634745824584	0.629596142814291	0	0	0	0.834717276339714	0.662003666187373	0.996509791516059	0	0	0	0	0	0	0	0	0	0	0	0	0	0	0	0	0	0	0	0	0	0	0	0	0	0	0	0	0	0	0	0	0	0	0	0
0	0	0	0	0	0	0	0	0	0	0	0	0	0	0	0	0	0	0	0	0	0	0	0	0	0	0	0	0	0	0	0	0	0	0	0	0	0.617147692234772	0	0.918401409070578	0.974627957115414	0	0	0.808612518086614	0.729918381859058	0.555266682750383	0	0.861303341325938	0.749049870070295	0.944733924535984	0.519459038899448	0.997588308581408	0	0.692571586683355	0	0	0	0	0	0	0	0	0	0	0	0	0	0	0	0	0	0	0	0	0	0	0	0	0	0	0	0	0	0	0	0	0	0	0	0
0	0	0	0	0	0	0	0	0	0	0	0	0	0	0	0	0	0	0	0	0	0	0	0	0	0	0	0	0	0	0	0	0	0	0	0	0	0.759621668152783	0.781033559816726	0	0.996500817417281	0.597435195217489	0.872124947379999	0.722506167640017	0.64962423303138	0.629471434273271	0	0.611429561395158	0.781039305264476	0.930786781819301	0	0.731011576336032	0.703487159372483	0.806517171434945	0	0	0	0	0	0	0	0	0	0	0	0	0	0	0	0	0	0	0	0	0	0	0	0	0	0	0	0	0	0	0	0	0	0	0	0
0	0	0	0	0	0	0	0	0	0	0	0	0	0	0	0	0	0	0	0	0	0	0	0	0	0	0	0	0	0	0	0	0	0	0	0	0	0.84918042420637	0.538708742069768	0.670406693051178	0	0.573443564362633	0.888353847486306	0.501780714136564	0.715602034096811	0.653773786605019	0	0	0.768980591864551	0	0	0	0.628319245502564	0.625818995203915	0	0	0	0	0	0	0	0	0	0	0	0	0	0	0	0	0	0	0	0	0	0	0	0	0	0	0	0	0	0	0	0	0	0	0	0
0	0	0	0	0	0	0	0	0	0	0	0	0	0	0	0	0	0	0	0	0	0	0	0	0	0	0	0	0	0	0	0	0	0	0	0	0.830811487430961	0.816411720810271	0	0.792709666559522	0.899723144587242	0	0	0.583169071052802	0.602561070017993	0	0.777334116984454	0.524812084334355	0	0.737464951414203	0.925719977451961	0.975465416119253	0.835883750754232	0.810639981735337	0	0	0	0	0	0	0	0	0	0	0	0	0	0	0	0	0	0	0	0	0	0	0	0	0	0	0	0	0	0	0	0	0	0	0	0
0	0	0	0	0	0	0	0	0	0	0	0	0	0	0	0	0	0	0	0	0	0	0	0	0	0	0	0	0	0	0	0	0	0	0	0	0.849509735228656	0	0	0.651368008513985	0.645570863107402	0	0	0.767125767013458	0	0.988479684666751	0	0.802174821228149	0.858286772155635	0.829003353311194	0	0	0	0	0	0	0	0	0	0	0	0	0	0	0	0	0	0	0	0	0	0	0	0	0	0	0	0	0	0	0	0	0	0	0	0	0	0	0	0
0	0	0	0	0	0	0	0	0	0	0	0	0	0	0	0	0	0	0	0	0	0	0	0	0	0	0	0	0	0	0	0	0	0	0	0	0.953774069829099	0.990616112305298	0.750658745729805	0.773724654944544	0.734328162575648	0.740142438611629	0.551098051394713	0	0.932562621812011	0.916733481432038	0.627257371595492	0.508535544529231	0.712863219030736	0	0	0.908380524078324	0.879901184371786	0.780766349441827	0	0	0	0	0	0	0	0	0	0	0	0	0	0	0	0	0	0	0	0	0	0	0	0	0	0	0	0	0	0	0	0	0	0	0	0
0	0	0	0	0	0	0	0	0	0	0	0	0	0	0	0	0	0	0	0	0	0	0	0	0	0	0	0	0	0	0	0	0	0	0	0	0.58040698520287	0	0.830985676709795	0.967901084576976	0.72383548850095	0.605070008406645	0	0.651004297741622	0	0.978674729860325	0	0.877538790461353	0.88676091728451	0.949121312154997	0	0.882050680337973	0.770466169899446	0.632118787423104	0	0	0	0	0	0	0	0	0	0	0	0	0	0	0	0	0	0	0	0	0	0	0	0	0	0	0	0	0	0	0	0	0	0	0	0
0	0	0	0	0	0	0	0	0	0	0	0	0	0	0	0	0	0	0	0	0	0	0	0	0	0	0	0	0	0	0	0	0	0	0	0	0.685815728717105	0	0.662536274548098	0.622255270573119	0.757617419958121	0	0.928438378624113	0.563314717367217	0.516179231802093	0	0	0.699207576930172	0.74397171114683	0.64023987419136	0.902640317840056	0.515273697618656	0	0.659631499023222	0	0	0	0	0	0	0	0	0	0	0	0	0	0	0	0	0	0	0	0	0	0	0	0	0	0	0	0	0	0	0	0	0	0	0	0
0	0	0	0	0	0	0	0	0	0	0	0	0	0	0	0	0	0	0	0	0	0	0	0	0	0	0	0	0	0	0	0	0	0	0	0	0	0.974286285950463	0	0	0	0.957556375014158	0	0.889417470109343	0	0	0	0.664073296822137	0.753741224852277	0.958672575599414	0.555669489120944	0.927859431644203	0.539911250917614	0	0	0	0	0	0	0	0	0	0	0	0	0	0	0	0	0	0	0	0	0	0	0	0	0	0	0	0	0	0	0	0	0	0	0	0	0
0	0	0	0	0	0	0	0	0	0	0	0	0	0	0	0	0	0	0	0	0	0	0	0	0	0	0	0	0	0	0	0	0	0	0	0	0.739645813516231	0.838626459222774	0.765197183928537	0.614549298082697	0	0.587557131800328	0.855050832878545	0.711956737872185	0.508444164991103	0.559828080954291	0.614902367553003	0	0	0.552846614153273	0	0	0.821467284641382	0	0	0	0	0	0	0	0	0	0	0	0	0	0	0	0	0	0	0	0	0	0	0	0	0	0	0	0	0	0	0	0	0	0	0	0	0
0	0	0	0	0	0	0	0	0	0	0	0	0	0	0	0	0	0	0	0	0	0	0	0	0	0	0	0	0	0	0	0	0	0	0	0	0.507173321933517	0	0.740214727782704	0.995604262620905	0.802440619108791	0	0.943923998791902	0.805819404935402	0.780285921253074	0.699028370298444	0.610138339383961	0	0	0.86284360338481	0.736239924240758	0	0.723147573807447	0.590755736936079	0	0	0	0	0	0	0	0	0	0	0	0	0	0	0	0	0	0	0	0	0	0	0	0	0	0	0	0	0	0	0	0	0	0	0	0
0	0	0	0	0	0	0	0	0	0	0	0	0	0	0	0	0	0	0	0	0	0	0	0	0	0	0	0	0	0	0	0	0	0	0	0	0	0	0.947051762569198	0.836476339907997	0	0.553891547639079	0.933369376891248	0	0.705839148934203	0.787876638007694	0.622092761231903	0.663650156219053	0.844999357147765	0	0.668565995412594	0.625344726771071	0.920514446103266	0.914941324888784	0	0	0	0	0	0	0	0	0	0	0	0	0	0	0	0	0	0	0	0	0	0	0	0	0	0	0	0	0	0	0	0	0	0	0	0
0	0	0	0	0	0	0	0	0	0	0	0	0	0	0	0	0	0	0	0	0	0	0	0	0	0	0	0	0	0	0	0	0	0	0	0	0.516297334774035	0	0.980382268109563	0	0	0.957382036152998	0	0	0	0.956334235629601	0.659376927407626	0	0.921228686133069	0.540468983969993	0	0.872764702399616	0.627350148392863	0.553482215362231	0	0	0	0	0	0	0	0	0	0	0	0	0	0	0	0	0	0	0	0	0	0	0	0	0	0	0	0	0	0	0	0	0	0	0	0
0	0	0	0	0	0	0	0	0	0	0	0	0	0	0	0	0	0	0	0	0	0	0	0	0	0	0	0	0	0	0	0	0	0	0	0	0	0.937944096018405	0.818890844366692	0.947399947556278	0	0.917967820176104	0	0.971363535374775	0.671121220445348	0.519376735392281	0.611520903267458	0	0	0.824326610966012	0.686185494127498	0	0.877718035990301	0.88355824930392	0	0	0	0	0	0	0	0	0	0	0	0	0	0	0	0	0	0	0	0	0	0	0	0	0	0	0	0	0	0	0	0	0	0	0	0
0	0	0	0	0	0	0	0	0	0	0	0	0	0	0	0	0	0	0	0	0	0	0	0	0	0	0	0	0	0	0	0	0	0	0	0	0.727105905280144	0.869499714191986	0	0.631919913527713	0.534071662858959	0.917511290858676	0	0.798582580352371	0.755891441989874	0	0.956626454182997	0.696751042100999	0.905723487291899	0.805828752002247	0.854195715826955	0.631121523609011	0	0.635232460788581	0	0	0	0	0	0	0	0	0	0	0	0	0	0	0	0	0	0	0	0	0	0	0	0	0	0	0	0	0	0	0	0	0	0	0	0
0	0	0	0	0	0	0	0	0	0	0	0	0	0	0	0	0	0	0	0	0	0	0	0	0	0	0	0	0	0	0	0	0	0	0	0	0	0.861492644028106	0.940276928015269	0.598895100019925	0.684037663126874	0.686873459605984	0	0.955587716959995	0.768303087919208	0.937704309159578	0	0	0.667435917212457	0.583422507374676	0.887795420805189	0.798752870911938	0.808289491443372	0	0	0	0	0	0	0	0	0	0	0	0	0	0	0	0	0	0	0	0	0	0	0	0	0	0	0	0	0	0	0	0	0	0	0	0	0
0	0	0	0	0	0	0	0	0	0	0	0	0	0	0	0	0	0	0	0	0	0	0	0	0	0	0	0	0	0	0	0	0	0	0	0	0	0	0	0	0	0	0	0	0	0	0	0	0	0	0	0	0	0	0	0.585352668454766	0.709229598043549	0.694884573531339	0	0.591470208419745	0.831655338949095	0	0.637172350668356	0.816597557197289	0.90225390054617	0	0.636377195356028	0.941530592202641	0.808504643149712	0	0.78082288096304	0.612585260925255	0	0	0	0	0	0	0	0	0	0	0	0	0	0	0	0	0	0
0	0	0	0	0	0	0	0	0	0	0	0	0	0	0	0	0	0	0	0	0	0	0	0	0	0	0	0	0	0	0	0	0	0	0	0	0	0	0	0	0	0	0	0	0	0	0	0	0	0	0	0	0	0	0.576447150548244	0	0.865080846543559	0.850368360918597	0	0.968212770553637	0.540196198705349	0.770164544818334	0.827803487451961	0.783040584980486	0.708184909142374	0.506218334765637	0.652978563364112	0.586244044320979	0.915019851729155	0.846991532000879	0	0.704897454331111	0	0	0	0	0	0	0	0	0	0	0	0	0	0	0	0	0	0
0	0	0	0	0	0	0	0	0	0	0	0	0	0	0	0	0	0	0	0	0	0	0	0	0	0	0	0	0	0	0	0	0	0	0	0	0	0	0	0	0	0	0	0	0	0	0	0	0	0	0	0	0	0	0.557036793620183	0.621934201652872	0	0.621307053505397	0.641684778315987	0.94471508347529	0	0.619829440262649	0	0.794527296341806	0.950718161290647	0.721590783695489	0.838110772991422	0.745773578077203	0	0.775130825565798	0	0.608511116305122	0	0	0	0	0	0	0	0	0	0	0	0	0	0	0	0	0	0
0	0	0	0	0	0	0	0	0	0	0	0	0	0	0	0	0	0	0	0	0	0	0	0	0	0	0	0	0	0	0	0	0	0	0	0	0	0	0	0	0	0	0	0	0	0	0	0	0	0	0	0	0	0	0.895209544641986	0.765830458831718	0.809098294279546	0	0	0.973800954814293	0.632119283768835	0	0.886007580863207	0.587436837566082	0	0.86581716060296	0.61269564521632	0.908723548181978	0.603045301789737	0	0.815056094956384	0.863615020646798	0	0	0	0	0	0	0	0	0	0	0	0	0	0	0	0	0	0
0	0	0	0	0	0	0	0	0	0	0	0	0	0	0	0	0	0	0	0	0	0	0	0	0	0	0	0	0	0	0	0	0	0	0	0	0	0	0	0	0	0	0	0	0	0	0	0	0	0	0	0	0	0	0	0	0.714078833758545	0	0	0.596096452274773	0.69576672937726	0.738505806464019	0.934140472549946	0.899243184713959	0.755695999825957	0.695553254724996	0.876280849187585	0	0	0	0.769770905144629	0.871636389722172	0	0	0	0	0	0	0	0	0	0	0	0	0	0	0	0	0	0
0	0	0	0	0	0	0	0	0	0	0	0	0	0	0	0	0	0	0	0	0	0	0	0	0	0	0	0	0	0	0	0	0	0	0	0	0	0	0	0	0	0	0	0	0	0	0	0	0	0	0	0	0	0	0.569717072669056	0.564202702834617	0.879124469619058	0.697484422685146	0.608519470959072	0	0.885805857334987	0	0.986925470444144	0.940838403442035	0.551354884426954	0.607373646938954	0.554971749157793	0.902998865251059	0.63024690998631	0.652606397498312	0.924625914143907	0.705761659705978	0	0	0	0	0	0	0	0	0	0	0	0	0	0	0	0	0	0
0	0	0	0	0	0	0	0	0	0	0	0	0	0	0	0	0	0	0	0	0	0	0	0	0	0	0	0	0	0	0	0	0	0	0	0	0	0	0	0	0	0	0	0	0	0	0	0	0	0	0	0	0	0	0.57667481869856	0.98083959829477	0	0.598638904272538	0.765373258296042	0.998892942965313	0	0.530228174887833	0.979328199287609	0.704221476538017	0.77588105690198	0.940192503935372	0.586721840416136	0.592604669853749	0.721082414559104	0	0	0.825023950315974	0	0	0	0	0	0	0	0	0	0	0	0	0	0	0	0	0	0
0	0	0	0	0	0	0	0	0	0	0	0	0	0	0	0	0	0	0	0	0	0	0	0	0	0	0	0	0	0	0	0	0	0	0	0	0	0	0	0	0	0	0	0	0	0	0	0	0	0	0	0	0	0	0	0.612064479538717	0.99150879856345	0	0.778885522275003	0	0.868318677523661	0	0.776115994130311	0.544424265167707	0.955010713781887	0.656352761809655	0.890603279492773	0.809247395753572	0.967923421284184	0	0.665196242002895	0	0	0	0	0	0	0	0	0	0	0	0	0	0	0	0	0	0	0
0	0	0	0	0	0	0	0	0	0	0	0	0	0	0	0	0	0	0	0	0	0	0	0	0	0	0	0	0	0	0	0	0	0	0	0	0	0	0	0	0	0	0	0	0	0	0	0	0	0	0	0	0	0	0.969198212958248	0.627162649259737	0	0.522393284164702	0.626070835441625	0.771634098794439	0.656794193949656	0.598561268710923	0	0	0.871091054097099	0.554666169904881	0.61218467998993	0.527605639736658	0.847361803403738	0.874740647981668	0.947593836133913	0.743198723737578	0	0	0	0	0	0	0	0	0	0	0	0	0	0	0	0	0	0
0	0	0	0	0	0	0	0	0	0	0	0	0	0	0	0	0	0	0	0	0	0	0	0	0	0	0	0	0	0	0	0	0	0	0	0	0	0	0	0	0	0	0	0	0	0	0	0	0	0	0	0	0	0	0.965996425266216	0.658662525834514	0.606050050126732	0.857743910644788	0.905015323725206	0.808383994976185	0.770191744384126	0.639338598538952	0	0	0.977794388397151	0.862070228174273	0.911052436176826	0.997146143153663	0.735507101585563	0.54189028809582	0.596018879503715	0.950517150765906	0	0	0	0	0	0	0	0	0	0	0	0	0	0	0	0	0	0
0	0	0	0	0	0	0	0	0	0	0	0	0	0	0	0	0	0	0	0	0	0	0	0	0	0	0	0	0	0	0	0	0	0	0	0	0	0	0	0	0	0	0	0	0	0	0	0	0	0	0	0	0	0	0.904960521277228	0.881837648612639	0.696898708513205	0	0.648977014081911	0.596839608104243	0.908189750911435	0.630494197184764	0.865072350347421	0.716225366706687	0	0.711898089273134	0.821225188220978	0	0.71176620750048	0.663317582279536	0.573820480023691	0.999832707920248	0	0	0	0	0	0	0	0	0	0	0	0	0	0	0	0	0	0
0	0	0	0	0	0	0	0	0	0	0	0	0	0	0	0	0	0	0	0	0	0	0	0	0	0	0	0	0	0	0	0	0	0	0	0	0	0	0	0	0	0	0	0	0	0	0	0	0	0	0	0	0	0	0	0.678034791149834	0.751417473980407	0.50008377739776	0.917249089715375	0.51027692193725	0.913101788239648	0.667369007987598	0.962630675829359	0.935507802480418	0.782831018325667	0	0.971035780978841	0.827764031274811	0.577837371780437	0.594770486129033	0.913422264495674	0.796580126042025	0	0	0	0	0	0	0	0	0	0	0	0	0	0	0	0	0	0
0	0	0	0	0	0	0	0	0	0	0	0	0	0	0	0	0	0	0	0	0	0	0	0	0	0	0	0	0	0	0	0	0	0	0	0	0	0	0	0	0	0	0	0	0	0	0	0	0	0	0	0	0	0	0.773974102333583	0.916307616738341	0.530225429824531	0.691739950167226	0.542915907877844	0.941623772947843	0.89301235751335	0.876714811911357	0.800071988086168	0.660725348439423	0.834538749095155	0.886796053236381	0	0.764537650721395	0.912126587524398	0.929250350508589	0.883683218290339	0.589676428061345	0	0	0	0	0	0	0	0	0	0	0	0	0	0	0	0	0	0
0	0	0	0	0	0	0	0	0	0	0	0	0	0	0	0	0	0	0	0	0	0	0	0	0	0	0	0	0	0	0	0	0	0	0	0	0	0	0	0	0	0	0	0	0	0	0	0	0	0	0	0	0	0	0.769884911303659	0.789248220884638	0.510963544889361	0.549864117821802	0	0.664506543590368	0.637589394124256	0.866902964688878	0.522301658221936	0.926086339037279	0	0.675762363555091	0.677073084229485	0	0	0.726899256872988	0.791551818082602	0	0	0	0	0	0	0	0	0	0	0	0	0	0	0	0	0	0	0
0	0	0	0	0	0	0	0	0	0	0	0	0	0	0	0	0	0	0	0	0	0	0	0	0	0	0	0	0	0	0	0	0	0	0	0	0	0	0	0	0	0	0	0	0	0	0	0	0	0	0	0	0	0	0.532841941213253	0.788482906326486	0	0.72503926704147	0	0.522900340747327	0.919075084087073	0.60826939944895	0.685932809873017	0.688126838620654	0.747678550870195	0.723217816482207	0.554348479167333	0	0	0	0.536905361687914	0.617263359976298	0	0	0	0	0	0	0	0	0	0	0	0	0	0	0	0	0	0
0	0	0	0	0	0	0	0	0	0	0	0	0	0	0	0	0	0	0	0	0	0	0	0	0	0	0	0	0	0	0	0	0	0	0	0	0	0	0	0	0	0	0	0	0	0	0	0	0	0	0	0	0	0	0	0.727191025562745	0.66848637811846	0	0	0.905935942191458	0	0	0.880606722353113	0.982012491720994	0.632275859260658	0.524049625716693	0.631737075534266	0.734133278743686	0	0	0.809053444426072	0.637435054226472	0	0	0	0	0	0	0	0	0	0	0	0	0	0	0	0	0	0
0	0	0	0	0	0	0	0	0	0	0	0	0	0	0	0	0	0	0	0	0	0	0	0	0	0	0	0	0	0	0	0	0	0	0	0	0	0	0	0	0	0	0	0	0	0	0	0	0	0	0	0	0	0	0.579922594542971	0	0	0.582351653702918	0.652268466823972	0.889269420542046	0	0.790751969498596	0.905609633124268	0.757284714866449	0.595237853968228	0.902005779658851	0.771592002927464	0.821139603307028	0.968992185504827	0.789824878614608	0	0.670815530254302	0	0	0	0	0	0	0	0	0	0	0	0	0	0	0	0	0	0
0	0	0	0	0	0	0	0	0	0	0	0	0	0	0	0	0	0	0	0	0	0	0	0	0	0	0	0	0	0	0	0	0	0	0	0	0	0	0	0	0	0	0	0	0	0	0	0	0	0	0	0	0	0	0.725724683585465	0.632841219074064	0.898137539148865	0.591645571622394	0.733658720492456	0.716731276995076	0.836628539829551	0	0.861613975214248	0.610696807142932	0.546055832443088	0.520591263962196	0.871956200778879	0	0.568003320777927	0.828121555570533	0.845789710954284	0	0	0	0	0	0	0	0	0	0	0	0	0	0	0	0	0	0	0
0	0	0	0	0	0	0	0	0	0	0	0	0	0	0	0	0	0	0	0	0	0	0	0	0	0	0	0	0	0	0	0	0	0	0	0	0	0	0	0	0	0	0	0	0	0	0	0	0	0	0	0	0	0	0	0	0	0	0	0	0	0	0	0	0	0	0	0	0	0	0	0	0	0.848761422831661	0.836167630575531	0.784176313051679	0.633242595606954	0.715402607224778	0	0	0	0	0	0	0	0.605274999783471	0.763781014637954	0.581642852207594	0.848846482702549	0.625745298554135
0	0	0	0	0	0	0	0	0	0	0	0	0	0	0	0	0	0	0	0	0	0	0	0	0	0	0	0	0	0	0	0	0	0	0	0	0	0	0	0	0	0	0	0	0	0	0	0	0	0	0	0	0	0	0	0	0	0	0	0	0	0	0	0	0	0	0	0	0	0	0	0	0.759641824133187	0	0.714446773972447	0.731421370213827	0.99009268487071	0.604585307132596	0.893378204862023	0	0	0	0	0	0	0	0.875501524577447	0.714571167102444	0.703250403689056	0.702888919488674
0	0	0	0	0	0	0	0	0	0	0	0	0	0	0	0	0	0	0	0	0	0	0	0	0	0	0	0	0	0	0	0	0	0	0	0	0	0	0	0	0	0	0	0	0	0	0	0	0	0	0	0	0	0	0	0	0	0	0	0	0	0	0	0	0	0	0	0	0	0	0	0	0.51345493187067	0.739127868199644	0	0.871422274966728	0.857759443595689	0.681630666100509	0.846148873674933	0.827939602695076	0	0	0	0	0	0	0	0.545152489430278	0.742862369434211	0.973774933290373
0	0	0	0	0	0	0	0	0	0	0	0	0	0	0	0	0	0	0	0	0	0	0	0	0	0	0	0	0	0	0	0	0	0	0	0	0	0	0	0	0	0	0	0	0	0	0	0	0	0	0	0	0	0	0	0	0	0	0	0	0	0	0	0	0	0	0	0	0	0	0	0	0.839800626517842	0.505510889440977	0.59853346352823	0	0.596500085041054	0.819009290279414	0.536416574366293	0.669728068235073	0.820033850110024	0	0	0	0	0	0	0	0.91793156069919	0.547186240791791
0	0	0	0	0	0	0	0	0	0	0	0	0	0	0	0	0	0	0	0	0	0	0	0	0	0	0	0	0	0	0	0	0	0	0	0	0	0	0	0	0	0	0	0	0	0	0	0	0	0	0	0	0	0	0	0	0	0	0	0	0	0	0	0	0	0	0	0	0	0	0	0	0.689442206332578	0.613462160688275	0.534408898379157	0.573820067914787	0	0.876851451233642	0.794657091178274	0.845668366038836	0.996319803757608	0.90410596147011	0	0	0	0	0	0	0	0.955474858706588
0	0	0	0	0	0	0	0	0	0	0	0	0	0	0	0	0	0	0	0	0	0	0	0	0	0	0	0	0	0	0	0	0	0	0	0	0	0	0	0	0	0	0	0	0	0	0	0	0	0	0	0	0	0	0	0	0	0	0	0	0	0	0	0	0	0	0	0	0	0	0	0	0.788035712035009	0.973313126401826	0.726356734375908	0.9426549813167	0.681087075539644	0	0.68161026240511	0.775380614685548	0.772436310073652	0.854133554752646	0.966398442201128	0	0	0	0	0	0	0
0	0	0	0	0	0	0	0	0	0	0	0	0	0	0	0	0	0	0	0	0	0	0	0	0	0	0	0	0	0	0	0	0	0	0	0	0	0	0	0	0	0	0	0	0	0	0	0	0	0	0	0	0	0	0	0	0	0	0	0	0	0	0	0	0	0	0	0	0	0	0	0	0	0.584162169183615	0.72510601481173	0.508013941458704	0.720014381046623	0.555194745963627	0	0.829418461295891	0.508342032440158	0.97443314756125	0.863045871357111	0.802387276072777	0	0	0	0	0	0
0	0	0	0	0	0	0	0	0	0	0	0	0	0	0	0	0	0	0	0	0	0	0	0	0	0	0	0	0	0	0	0	0	0	0	0	0	0	0	0	0	0	0	0	0	0	0	0	0	0	0	0	0	0	0	0	0	0	0	0	0	0	0	0	0	0	0	0	0	0	0	0	0	0	0.88268045650401	0.601450339874651	0.996151546128568	0.703947656039908	0.507801249542674	0	0.602647321790436	0.926809644811217	0.611450713249202	0.654387398908177	0.654104869277456	0	0	0	0	0
0	0	0	0	0	0	0	0	0	0	0	0	0	0	0	0	0	0	0	0	0	0	0	0	0	0	0	0	0	0	0	0	0	0	0	0	0	0	0	0	0	0	0	0	0	0	0	0	0	0	0	0	0	0	0	0	0	0	0	0	0	0	0	0	0	0	0	0	0	0	0	0	0	0	0	0.601085495779531	0.93348328813781	0.597790145078904	0.897552701482521	0.878062778086249	0	0.761620311498052	0.69405033141491	0.614420183679746	0.699248566452687	0.74317923844991	0	0	0	0
0	0	0	0	0	0	0	0	0	0	0	0	0	0	0	0	0	0	0	0	0	0	0	0	0	0	0	0	0	0	0	0	0	0	0	0	0	0	0	0	0	0	0	0	0	0	0	0	0	0	0	0	0	0	0	0	0	0	0	0	0	0	0	0	0	0	0	0	0	0	0	0	0	0	0	0	0.907271154104347	0.713479112278525	0.905935379773208	0.989686435434478	0.904985436488163	0	0.718214444089117	0.811320016859884	0.772766085166981	0.543961656223176	0.885224440463898	0	0	0
0	0	0	0	0	0	0	0	0	0	0	0	0	0	0	0	0	0	0	0	0	0	0	0	0	0	0	0	0	0	0	0	0	0	0	0	0	0	0	0	0	0	0	0	0	0	0	0	0	0	0	0	0	0	0	0	0	0	0	0	0	0	0	0	0	0	0	0	0	0	0	0	0	0	0	0	0	0.893234029546845	0.867405859127634	0.712524940707069	0.979930793514076	0.854521843022112	0	0.980020775492863	0.959732627791175	0.841508146216863	0.863213312969169	0.628156145394482	0	0
0	0	0	0	0	0	0	0	0	0	0	0	0	0	0	0	0	0	0	0	0	0	0	0	0	0	0	0	0	0	0	0	0	0	0	0	0	0	0	0	0	0	0	0	0	0	0	0	0	0	0	0	0	0	0	0	0	0	0	0	0	0	0	0	0	0	0	0	0	0	0	0	0	0	0	0	0	0	0.703253416599917	0.767077414066121	0.514432729087665	0.59465945165791	0.777249920185926	0	0.537746251288672	0.812075274827709	0.719195224878834	0.950994952420117	0.784484606314289	0
0	0	0	0	0	0	0	0	0	0	0	0	0	0	0	0	0	0	0	0	0	0	0	0	0	0	0	0	0	0	0	0	0	0	0	0	0	0	0	0	0	0	0	0	0	0	0	0	0	0	0	0	0	0	0	0	0	0	0	0	0	0	0	0	0	0	0	0	0	0	0	0	0	0	0	0	0	0	0	0.995084164921986	0.531062132301471	0.626210273492064	0.81555466339951	0.65450729352291	0	0.51151141867071	0.686561228006703	0.524196127647238	0.918355958609755	0.908363249336155
0	0	0	0	0	0	0	0	0	0	0	0	0	0	0	0	0	0	0	0	0	0	0	0	0	0	0	0	0	0	0	0	0	0	0	0	0	0	0	0	0	0	0	0	0	0	0	0	0	0	0	0	0	0	0	0	0	0	0	0	0	0	0	0	0	0	0	0	0	0	0	0	0.780402218866425	0	0	0	0	0	0	0	0.590202374254997	0.787501728908096	0.658620630979046	0.63111507099641	0.804429383794652	0	0.792529998241876	0.979631624182853	0.683609567626606	0.917224298212258
0	0	0	0	0	0	0	0	0	0	0	0	0	0	0	0	0	0	0	0	0	0	0	0	0	0	0	0	0	0	0	0	0	0	0	0	0	0	0	0	0	0	0	0	0	0	0	0	0	0	0	0	0	0	0	0	0	0	0	0	0	0	0	0	0	0	0	0	0	0	0	0	0.521366823556848	0.822578160939156	0	0	0	0	0	0	0	0.829285723951457	0.866248960813346	0.909245574737481	0.981098601413788	0.758864626880819	0	0.927160414963427	0.770608136999786	0.630192476775282
0	0	0	0	0	0	0	0	0	0	0	0	0	0	0	0	0	0	0	0	0	0	0	0	0	0	0	0	0	0	0	0	0	0	0	0	0	0	0	0	0	0	0	0	0	0	0	0	0	0	0	0	0	0	0	0	0	0	0	0	0	0	0	0	0	0	0	0	0	0	0	0	0.512599086380727	0.70710196921607	0.625567139765922	0	0	0	0	0	0	0	0.593571289156931	0.726134480537172	0.650452349488418	0.91659311858533	0.878013201910649	0	0.954931624237855	0.987103637865731
0	0	0	0	0	0	0	0	0	0	0	0	0	0	0	0	0	0	0	0	0	0	0	0	0	0	0	0	0	0	0	0	0	0	0	0	0	0	0	0	0	0	0	0	0	0	0	0	0	0	0	0	0	0	0	0	0	0	0	0	0	0	0	0	0	0	0	0	0	0	0	0	0.650043479741651	0.535116872689658	0.709772390774637	0.843482835687549	0	0	0	0	0	0	0	0.991700347170876	0.566892565352385	0.65950065640679	0.947746592287955	0.970458681952862	0	0.889379650028662
0	0	0	0	0	0	0	0	0	0	0	0	0	0	0	0	0	0	0	0	0	0	0	0	0	0	0	0	0	0	0	0	0	0	0	0	0	0	0	0	0	0	0	0	0	0	0	0	0	0	0	0	0	0	0	0	0	0	0	0	0	0	0	0	0	0	0	0	0	0	0	0	0.612733452933757	0.637456387785837	0.984865229080918	0.937824695439454	0.847785635954743	0	0	0	0	0	0	0	0.659509563626393	0.785851451451831	0.528671198144748	0.646431965892914	0.673030049988828	0
