0	0.787954707843463	0.582013920999553	0.804957738833619	0.585208804525092	0.592490773695471	0.69908363034491	0.933643855529392	0	0.673692585424305	0	0	0	0	0	0	0	0	0	0	0	0	0	0.724937784249829	0.728253404704678	0.50736005494138	0.598260988698847	0.538861679380639	0.603380946220871	0.521230547683294	0	0	0	0	0	0	0	0	0	0	0	0	0	0	0	0	0	0	0	0	0	0	0	0	0	0	0	0	0	0	0	0	0	0	0	0	0	0	0	0	0	0	0	0	0	0	0	0	0	0	0	0	0	0	0	0	0	0	0	0
0.83503787387708	0	0.836365216517327	0.89064036420773	0.920594701129252	0.539172358137742	0.574383620631722	0.822631550768405	0.757953399818008	0	0	0	0	0	0	0	0	0.786789468111926	0	0	0.912300855925712	0	0	0	0.50663023417319	0.571785563188531	0.78507261666852	0.823054641264643	0.970891207166247	0	0	0	0	0	0	0	0	0	0	0	0	0	0	0	0	0	0	0	0	0	0	0	0	0	0	0	0	0	0	0	0	0	0	0	0	0	0	0	0	0	0	0	0	0	0	0	0	0	0	0	0	0	0	0	0	0	0	0	0	0
0.543047338747582	0.85540172555157	0	0.589874003893845	0.71030298097994	0.757777542190955	0.755169400677958	0.621391011353417	0.809318144869959	0.941410375988055	0	0	0	0	0	0	0	0	0	0	0	0	0	0	0	0.547176542421207	0.528684262854726	0.580644295749462	0.78747539463068	0.656928777440321	0	0	0	0	0	0	0	0	0	0	0	0	0	0	0	0	0	0	0	0	0	0	0	0	0	0	0	0	0	0	0	0	0	0	0	0	0	0	0	0	0	0	0	0	0	0	0	0	0	0	0	0	0	0	0	0	0	0	0	0
0.705455330754026	0.661194642880405	0.766841252004295	0	0	0.609082125434818	0.691593212689205	0.913118644072842	0.768898793570014	0.688526936261492	0.59009240802657	0.960924248516164	0.944935315307082	0	0	0	0	0	0	0	0	0	0	0	0	0	0.635860461356995	0.935183929201466	0.701750642246277	0.75989929078792	0	0	0	0	0	0	0	0	0	0	0	0	0	0	0	0	0	0	0	0	0	0	0	0	0	0	0	0	0	0	0	0	0	0	0	0	0	0	0	0	0	0	0	0	0	0	0	0	0	0	0	0	0	0	0	0	0	0	0	0
0.593851939941925	0.653203048117571	0.77693548601614	0	0	0.916225466573237	0.858264463727035	0.621093803383713	0.545295481517643	0.512010610423169	0.527522116951348	0.83568764289631	0	0	0	0	0	0	0	0	0	0	0	0	0	0	0	0.648205959604085	0.721210190453918	0.767569915337772	0	0	0	0	0	0	0	0	0	0	0	0	0	0	0	0	0	0	0	0	0	0	0	0	0	0	0	0	0	0	0	0	0	0	0	0	0	0	0	0	0	0	0	0	0	0	0	0	0	0	0	0	0	0	0	0	0	0	0	0
0.751178394083824	0.790986740573852	0.711042285940818	0.688068667202455	0.631206267240094	0	0.950679829040958	0.734904104908171	0.521221489124814	0.968865542915523	0.854522786258663	0.953961098893664	0.990554852869655	0	0	0	0	0	0	0	0	0	0	0	0	0	0	0	0.568109023664864	0.541638301586934	0	0	0	0	0	0	0	0	0	0	0	0	0	0	0	0	0	0	0	0	0	0	0	0	0	0	0	0	0	0	0	0	0	0	0	0	0	0	0	0	0	0	0	0	0	0	0	0	0	0	0	0	0	0	0	0	0	0	0	0
0.690694791621118	0.932306920809504	0.583855282894735	0.770385246932156	0.83241812549354	0.762496661632541	0	0.955822403372275	0.54883301386867	0.598653653549699	0.8515138035307	0.921928890231158	0.651649250524673	0.903811440835487	0	0	0	0	0	0	0	0	0	0	0	0	0	0	0	0.670235125563759	0	0	0	0	0	0	0	0	0	0	0	0	0	0	0	0	0	0	0	0	0	0	0	0	0	0	0	0	0	0	0	0	0	0	0	0	0	0	0	0	0	0	0	0	0	0	0	0	0	0	0	0	0	0	0	0	0	0	0	0
0.900923135206985	0.590688898169967	0.798671429511775	0.810520407753551	0.940566737871637	0.987856671044688	0.946446947289424	0	0.94272499845101	0.749081897202008	0.965001365886008	0.651470606394276	0.72490328449362	0.718633836041677	0.531614068286477	0	0	0	0	0	0	0	0	0	0	0	0	0	0	0	0	0	0	0	0	0	0	0	0	0	0	0	0	0	0	0	0	0	0	0	0	0	0	0	0	0	0	0	0	0	0	0	0	0	0	0	0	0	0	0	0	0	0	0	0	0	0	0	0	0	0	0	0	0	0	0	0	0	0	0
0	0.978059279531232	0.950310273966789	0.508088368886574	0.556651286093193	0.823354312340357	0.533436726196593	0.684060788183811	0	0.738370706975632	0	0	0.920478833402448	0.568692439393523	0.805524188091524	0.925627856029765	0.988285284403918	0.977269657069993	0	0	0	0	0	0.930092189331985	0	0	0	0	0	0	0	0	0	0	0	0	0	0	0	0	0	0	0	0	0	0	0	0	0	0	0	0	0	0	0	0	0	0	0	0	0	0	0	0	0	0	0	0	0	0	0	0	0	0	0	0	0	0	0	0	0	0	0	0	0	0	0	0	0	0
0.54448110393927	0	0.680812466737483	0.60839368943539	0.522995564632267	0.575598756882371	0.543084946510279	0.904262162359513	0.984961439564326	0	0.900630883961997	0.817153284822664	0.861177763250812	0	0.598464700020181	0	0.755464048616236	0	0.717025414503026	0	0	0	0.749096882938634	0	0	0	0	0	0	0	0	0	0	0	0	0	0	0	0	0	0	0	0	0	0	0	0	0	0	0	0	0	0	0	0	0	0	0	0	0	0	0	0	0	0	0	0	0	0	0	0	0	0	0	0	0	0	0	0	0	0	0	0	0	0	0	0	0	0	0
0	0	0	0.546619582906087	0.701728773946025	0.602793519860712	0.861983217870121	0.884031720337705	0	0.584724745971282	0	0.637924555174695	0.815916866678497	0.703087278194759	0.926108676819574	0.684342212392456	0.586745300463151	0.526835555142501	0	0	0	0	0	0	0	0	0	0	0	0	0	0	0	0	0	0	0	0	0	0	0	0	0	0	0	0	0	0	0	0	0	0	0	0	0	0	0	0	0	0	0	0	0	0	0	0	0	0	0	0	0	0	0	0	0	0	0	0	0	0	0	0	0	0	0	0	0	0	0	0
0	0	0	0.626495671691621	0.650059449183179	0.614303731744461	0.927974841808691	0.68597716044742	0	0.590065796182294	0.85626554126846	0	0.928902231963209	0	0.663521433858172	0.608461681365064	0.995797965522612	0.79855711406531	0.574338259672587	0	0	0	0	0	0	0	0	0	0	0	0	0	0	0	0	0	0	0	0	0	0	0	0	0	0	0	0	0	0	0	0	0	0	0	0	0	0	0	0	0	0	0	0	0	0	0	0	0	0	0	0	0	0	0	0	0	0	0	0	0	0	0	0	0	0	0	0	0	0	0
0	0	0	0.51874185432136	0	0.586116487554053	0.877225538064031	0.929104655747853	0.85833782128035	0.772267146605358	0.747693273556565	0.745500368586341	0	0.709101124313199	0.586751526430882	0.852266769823333	0.503882025597457	0.774265532170021	0.750890626416926	0.999265751141133	0	0	0	0	0	0	0	0	0	0	0	0	0	0	0	0	0	0	0	0	0	0	0	0	0	0	0	0	0	0	0	0	0	0	0	0	0	0	0	0	0	0	0	0	0	0	0	0	0	0	0	0	0	0	0	0	0	0	0	0	0	0	0	0	0	0	0	0	0	0
0	0	0	0	0	0	0.529299990089006	0.789778963301394	0.737695536384053	0	0.833657791917571	0	0.780469545659171	0	0.552220221984064	0.849864890270168	0.550042310711849	0.75086120912333	0.521264447065665	0	0	0.71005224453624	0	0	0	0.586920057813065	0	0	0	0	0	0	0	0	0	0	0	0	0	0	0	0	0	0	0	0	0	0	0	0	0	0	0	0	0	0	0	0	0	0	0	0	0	0	0	0	0	0	0	0	0	0	0	0	0	0	0	0	0	0	0	0	0	0	0	0	0	0	0	0
0	0	0	0	0	0	0	0.977806890465043	0.591907176828593	0.921095783787348	0.556666352030084	0.585157223070439	0.746058362923208	0.612540176729027	0	0	0.663919192109834	0.651901344635158	0.771406711990473	0.867955665370028	0.72221176404701	0.622904576172839	0.957973184807817	0	0	0	0	0	0	0	0	0	0	0	0	0	0	0	0	0	0	0	0	0	0	0	0	0	0	0	0	0	0	0	0	0	0	0	0	0	0	0	0	0	0	0	0	0	0	0	0	0	0	0	0	0	0	0	0	0	0	0	0	0	0	0	0	0	0	0
0	0	0	0	0	0	0	0	0.876200528820711	0	0.787262445278638	0.548075665255853	0.683547042700568	0.77705745676305	0	0	0	0.872090369092932	0.936902026874747	0.542316126545364	0.941374290231531	0.872023484035735	0.775601790548834	0.729727680678061	0	0	0	0	0	0	0	0	0	0	0	0	0	0	0	0	0	0	0	0	0	0	0	0	0	0	0	0	0	0	0	0	0	0	0	0	0	0	0	0	0	0	0	0	0	0	0	0	0	0	0	0	0	0	0	0	0	0	0	0	0	0	0	0	0	0
0	0	0	0	0	0	0	0	0.536567691763653	0.859880244224608	0.686399639342768	0.719478214602923	0.937974999507451	0.596775849451052	0.96476557959778	0	0	0.971896883584586	0.557571904595338	0.722822763799167	0.795800982769924	0.797482739393482	0.582707323293876	0.911655713572226	0	0	0	0	0	0	0	0	0	0	0	0	0	0	0	0	0	0	0	0	0	0	0	0	0	0	0	0	0	0	0	0	0	0	0	0	0	0	0	0	0	0	0	0	0	0	0	0	0	0	0	0	0	0	0	0	0	0	0	0	0	0	0	0	0	0
0	0.680399469619555	0	0	0	0	0	0	0.504665065320847	0	0.846583393184237	0.51225777621403	0.92015120977089	0.62614626460244	0.647502912592672	0.599930924198689	0.963519686651878	0	0.831811991470459	0	0	0.857919823474201	0	0.912405582182413	0.568830009849181	0	0.593743074211557	0	0	0.526155098923029	0	0	0	0	0	0	0	0	0	0	0	0	0	0	0	0	0	0	0	0	0	0	0	0	0	0	0	0	0	0	0	0	0	0	0	0	0	0	0	0	0	0	0	0	0	0	0	0	0	0	0	0	0	0	0	0	0	0	0	0
0	0	0	0	0	0	0	0	0	0.522924255528044	0	0.801780097549396	0.936447000671054	0.606836630305289	0.86190129108371	0.825088030425606	0.708812291888969	0.949855745088975	0	0.980751446944451	0.514890336655314	0.576970194476381	0.604976245739568	0.883703009788899	0.956791332670625	0.785374867920187	0	0	0	0	0	0	0	0	0	0	0	0	0	0	0	0	0	0	0	0	0	0	0	0	0	0	0	0	0	0	0	0	0	0	0	0	0	0	0	0	0	0	0	0	0	0	0	0	0	0	0	0	0	0	0	0	0	0	0	0	0	0	0	0
0	0	0	0	0	0	0	0	0	0	0	0	0.639501660520744	0	0.517920804823228	0.804793585397067	0.982097192878666	0	0.743231111031531	0	0.689556425554415	0.986691623435289	0.647017519835629	0.950157996911276	0.789912977651161	0.51906164242872	0.764835093200522	0	0	0	0	0	0	0	0	0	0	0	0	0	0	0	0	0	0	0	0	0	0	0	0	0	0	0	0	0	0	0	0	0	0	0	0	0	0	0	0	0	0	0	0	0	0	0	0	0	0	0	0	0	0	0	0	0	0	0	0	0	0	0
0	0.570298768247689	0	0	0	0	0	0	0	0	0	0	0	0	0.685413563429963	0.897461393533832	0.507377360464389	0	0.646421006063379	0.719482870005495	0	0.550749253103535	0.534271035091724	0.68222047397879	0.533412563430755	0.849423926360202	0.994301852562613	0.561991738793777	0	0	0	0	0	0	0	0	0	0	0	0	0	0	0	0	0	0	0	0	0	0	0	0	0	0	0	0	0	0	0	0	0	0	0	0	0	0	0	0	0	0	0	0	0	0	0	0	0	0	0	0	0	0	0	0	0	0	0	0	0	0
0	0	0	0	0	0	0	0	0	0	0	0	0	0.666693876434608	0.847043014628115	0.969986496496733	0.560096203184072	0.783653198550147	0.638415699782866	0.53810479956555	0.790101225197767	0	0.745689508701096	0.657982900987928	0.593606065666877	0.895037453317281	0.745484331397634	0.615086774497234	0.72940994480831	0	0	0	0	0	0	0	0	0	0	0	0	0	0	0	0	0	0	0	0	0	0	0	0	0	0	0	0	0	0	0	0	0	0	0	0	0	0	0	0	0	0	0	0	0	0	0	0	0	0	0	0	0	0	0	0	0	0	0	0	0
0	0	0	0	0	0	0	0	0	0.973767609966499	0	0	0	0	0.803686827271594	0.958107810608858	0.939359365084432	0	0.971611883574768	0.814679769712047	0.916181078971636	0.826900515218492	0	0.532364301617203	0.881618966803527	0.761189523086241	0.66805132064981	0	0.851321879043265	0.673362548328152	0	0	0	0	0	0	0	0	0	0	0	0	0	0	0	0	0	0	0	0	0	0	0	0	0	0	0	0	0	0	0	0	0	0	0	0	0	0	0	0	0	0	0	0	0	0	0	0	0	0	0	0	0	0	0	0	0	0	0	0
0.550432378145402	0	0	0	0	0	0	0	0.627388732243898	0	0	0	0	0	0	0.837543986795056	0.711444393327266	0.813862312185377	0.565269465876793	0.844988305180906	0.938393056992162	0.890967440580624	0.62641662220395	0	0.780900149010984	0.878293082297603	0.996790342746363	0.969351889112706	0.592775260537979	0.762802090533742	0	0	0	0	0	0	0	0	0	0	0	0	0	0	0	0	0	0	0	0	0	0	0	0	0	0	0	0	0	0	0	0	0	0	0	0	0	0	0	0	0	0	0	0	0	0	0	0	0	0	0	0	0	0	0	0	0	0	0	0
0.569437482956164	0.948483402045948	0	0	0	0	0	0	0	0	0	0	0	0	0	0	0	0.976823824328078	0.831411833482796	0.946909791050311	0.939348722353083	0.785268729008141	0.62688352894084	0.897970512686844	0	0.505298378214364	0.970372703786017	0.63563248497908	0.710744627148557	0.624868916612866	0	0	0	0	0	0	0	0	0	0	0	0	0	0	0	0	0	0	0	0	0	0	0	0	0	0	0	0	0	0	0	0	0	0	0	0	0	0	0	0	0	0	0	0	0	0	0	0	0	0	0	0	0	0	0	0	0	0	0	0
0.734829666527579	0.550469689948859	0.526019005327157	0	0	0	0	0	0	0	0	0	0	0.906085891754207	0	0	0	0	0.965582403892563	0.839785147184087	0.69927669114428	0.797221051865625	0.783246866561411	0.981861304293352	0.692833109884116	0	0.632185072381765	0.604888816312246	0.965446059196379	0.936700658182473	0	0	0	0	0	0	0	0	0	0	0	0	0	0	0	0	0	0	0	0	0	0	0	0	0	0	0	0	0	0	0	0	0	0	0	0	0	0	0	0	0	0	0	0	0	0	0	0	0	0	0	0	0	0	0	0	0	0	0	0
0.904067754736482	0.638493458512362	0.809601993856103	0.506168854675302	0	0	0	0	0	0	0	0	0	0	0	0	0	0.608478703034734	0	0.966569440711809	0.511066477937602	0.912756433471299	0.685083966872865	0.765769366741057	0.558017169731031	0.841471082684776	0	0	0.752104877472025	0.714081398512316	0	0	0	0	0	0	0	0	0	0	0	0	0	0	0	0	0	0	0	0	0	0	0	0	0	0	0	0	0	0	0	0	0	0	0	0	0	0	0	0	0	0	0	0	0	0	0	0	0	0	0	0	0	0	0	0	0	0	0	0
0.95948653776336	0.961596889645695	0.995344084884476	0.98770283758249	0.871931885779454	0	0	0	0	0	0	0	0	0	0	0	0	0	0	0	0.925546582448159	0.707700989052156	0	0.695335546994557	0.603536815294842	0.574299601582958	0	0	0.69347677340117	0.994094030111671	0	0	0	0	0	0	0	0	0	0	0	0	0	0	0	0	0	0	0	0	0	0	0	0	0	0	0	0	0	0	0	0	0	0	0	0	0	0	0	0	0	0	0	0	0	0	0	0	0	0	0	0	0	0	0	0	0	0	0	0
0.60226218884262	0.617533773941827	0.791922909377422	0.913752914271634	0.60608296504638	0.722754889263751	0	0	0	0	0	0	0	0	0	0	0	0	0	0	0	0.817219367374806	0.636196546182879	0.721575408662947	0.615496845802821	0.913125792318694	0.696391768741714	0.582913001745065	0	0.841973234835833	0	0	0	0	0	0	0	0	0	0	0	0	0	0	0	0	0	0	0	0	0	0	0	0	0	0	0	0	0	0	0	0	0	0	0	0	0	0	0	0	0	0	0	0	0	0	0	0	0	0	0	0	0	0	0	0	0	0	0	0
0.802471263016476	0	0.771125588054122	0.633177625079961	0.886917806033941	0.880404899708886	0.693046039359921	0	0	0	0	0	0	0	0	0	0	0.715907603253115	0	0	0	0	0.839772564939731	0.756846920861246	0.672988322010251	0.520996225121554	0.658901163051165	0.801127920324129	0.541540083502731	0	0	0	0	0	0	0	0	0	0	0	0	0	0	0	0	0	0	0	0	0	0	0	0	0	0	0	0	0	0	0	0	0	0	0	0	0	0	0	0	0	0	0	0	0	0	0	0	0	0	0	0	0	0	0	0	0	0	0	0	0
0	0	0	0	0	0	0	0	0	0	0	0	0	0	0	0	0	0	0	0	0	0	0	0	0	0	0	0	0	0	0	0.570400145505524	0.600322342810862	0.772806638986532	0.841417071504825	0	0	0	0	0.821978285454634	0	0	0	0	0	0	0.554265424687752	0	0	0.92611444022782	0	0	0	0	0	0.766298353947013	0	0	0	0.93995349281159	0	0	0	0	0	0	0	0	0	0	0	0	0	0	0	0	0	0	0	0	0	0	0	0	0	0	0	0	0	0
0	0	0	0	0	0	0	0	0	0	0	0	0	0	0	0	0	0	0	0	0	0	0	0	0	0	0	0	0	0	0.606055119036317	0	0.633365557403579	0.879920545487979	0.67861061704716	0.529421156954333	0.731849386322132	0	0.860968968009689	0	0	0	0	0	0	0	0	0	0	0	0	0	0	0.943885814193216	0	0	0.669672074156441	0.801484530157282	0	0	0	0	0	0	0	0	0	0	0	0	0	0	0	0	0	0	0	0	0	0	0	0	0	0	0	0	0	0	0	0
0	0	0	0	0	0	0	0	0	0	0	0	0	0	0	0	0	0	0	0	0	0	0	0	0	0	0	0	0	0	0.658320054097278	0.61054140144799	0	0.926581077808006	0.686445104623397	0.639320583037102	0	0.948076692314183	0	0.504051149662526	0	0	0	0	0	0.870560381816713	0	0	0	0	0	0	0	0	0	0	0	0	0.694126849406284	0.613907603067901	0	0	0	0	0	0	0	0	0	0	0	0	0	0	0	0	0	0	0	0	0	0	0	0	0	0	0	0	0	0
0	0	0	0	0	0	0	0	0	0	0	0	0	0	0	0	0	0	0	0	0	0	0	0	0	0	0	0	0	0	0.681878392346561	0.903536768841348	0.984246454480976	0	0	0	0.969434242725308	0.541056216751344	0.769114520866766	0	0	0	0	0	0	0	0	0	0.563086157963688	0	0.654689543344944	0	0.538111642892865	0	0	0	0	0.639943638156229	0.777952826377082	0.510534924295734	0	0	0	0	0	0	0	0	0	0	0	0	0	0	0	0	0	0	0	0	0	0	0	0	0	0	0	0	0	0
0	0	0	0	0	0	0	0	0	0	0	0	0	0	0	0	0	0	0	0	0	0	0	0	0	0	0	0	0	0	0.723368338794711	0.696946835120592	0.911230000598618	0	0	0.67908536629625	0	0.827437324214577	0.883137706777168	0.643393893155564	0.720035482689408	0	0	0	0	0	0.578416133522125	0	0.904524669263862	0	0	0	0	0	0	0	0	0	0	0	0	0	0	0	0	0	0	0	0	0	0	0	0	0	0	0	0	0	0	0	0	0	0	0	0	0	0	0	0	0
0	0	0	0	0	0	0	0	0	0	0	0	0	0	0	0	0	0	0	0	0	0	0	0	0	0	0	0	0	0	0	0.981604788709214	0.906173503319402	0	0.942972210452558	0	0.583123679907972	0.644900206666033	0	0.696111113508716	0.990145475454951	0.667385266207049	0	0	0	0	0	0	0.980962955086243	0	0	0.841163842562072	0	0	0.744626745624052	0	0	0	0	0	0	0	0	0	0	0	0	0	0	0	0	0	0	0	0	0	0	0	0	0	0	0	0	0	0	0	0	0	0	0
0	0	0	0	0	0	0	0	0	0	0	0	0	0	0	0	0	0	0	0	0	0	0	0	0	0	0	0	0	0	0	0.708388003399306	0	0.522829409891932	0	0.755218091490514	0	0	0	0.740437562829433	0.570358448888392	0.764063555320909	0	0	0	0	0	0	0.862681348391973	0	0	0	0	0	0	0	0	0	0	0	0	0	0	0	0	0	0	0	0	0	0	0	0	0	0	0	0	0	0	0	0	0	0	0	0	0	0	0	0	0
0	0	0	0	0	0	0	0	0	0	0	0	0	0	0	0	0	0	0	0	0	0	0	0	0	0	0	0	0	0	0	0	0.688900218706225	0.592293621579234	0.722396334045115	0.866318703805192	0	0	0.670254003177954	0	0.944597201491845	0.766543472549167	0	0	0	0	0	0	0.657313799465459	0	0	0	0.561823041469534	0	0	0	0	0	0	0	0	0	0	0	0	0	0	0	0	0	0	0	0	0	0	0	0	0	0	0	0	0	0	0	0	0	0	0	0	0
0	0	0	0	0	0	0	0	0	0	0	0	0	0	0	0	0	0	0	0	0	0	0	0	0	0	0	0	0	0	0	0.792061753182941	0	0.582495010229253	0.571758884544633	0	0	0.89952484002773	0	0.825069241663007	0.51949537404698	0.926627277109911	0.832317082999759	0.911597545887828	0	0	0	0.542536010438764	0	0	0	0	0	0	0	0	0	0	0	0	0	0	0	0	0	0	0	0	0	0	0	0	0	0	0	0	0	0	0	0	0	0	0	0	0	0	0	0	0	0
0	0	0	0	0	0	0	0	0	0	0	0	0	0	0	0	0	0	0	0	0	0	0	0	0	0	0	0	0	0	0.637154328703156	0	0.844620187595367	0	0.877695968608207	0.936630239431485	0.656473210904532	0	0.817966658191548	0	0	0.972856136910388	0	0.669958748143136	0.811661170539342	0	0	0	0	0.923292959292745	0	0	0	0.818133681243039	0	0	0	0	0.588780976979419	0	0	0	0	0	0	0	0	0	0	0	0	0	0	0	0	0	0	0	0	0	0	0	0	0	0	0	0	0	0	0
0	0	0	0	0	0	0	0	0	0	0	0	0	0	0	0	0	0	0	0	0	0	0	0	0	0	0	0	0	0	0	0	0	0	0.937571320408603	0.713219327259913	0.70537632952696	0.826703882310358	0.704801045006125	0	0	0.925819998429778	0	0.532965101544824	0.763461681729102	0.740987145562978	0	0	0	0	0	0	0	0	0	0	0	0	0.922795249643846	0	0	0	0	0	0	0	0	0	0	0	0	0	0	0	0	0	0	0	0	0	0	0	0	0	0	0	0	0	0	0
0	0	0	0	0	0	0	0	0	0	0	0	0	0	0	0	0	0	0	0	0	0	0	0	0	0	0	0	0	0	0	0	0	0	0	0.904474036042754	0.738854410327694	0.54789837141132	0.564848440674515	0.947330139896157	0.939402831001099	0	0	0.533765757956213	0.733853236947825	0.805714152118535	0.812116355964822	0	0	0	0	0	0	0	0	0.976726645583855	0	0	0	0	0	0	0	0	0	0	0	0	0	0	0	0	0	0	0	0	0	0	0	0	0	0	0	0	0	0	0	0	0	0
0	0	0	0	0	0	0	0	0	0	0	0	0	0	0	0	0	0	0	0	0	0	0	0	0	0	0	0	0	0	0	0	0	0	0	0	0	0	0.635340946078582	0	0	0	0	0.546860554515794	0.532684359387788	0.551963205347492	0.722390078515158	0.904563845497002	0	0	0	0	0	0	0	0	0	0	0.964427255687694	0.584913138188188	0	0	0	0	0	0	0	0	0	0	0	0	0	0	0	0	0	0	0	0	0	0	0	0	0	0	0	0	0	0
0	0	0	0	0	0	0	0	0	0	0	0	0	0	0	0	0	0	0	0	0	0	0	0	0	0	0	0	0	0	0	0	0	0	0	0	0	0	0.762977056602519	0.885387709340625	0.825160525446352	0.739729961982259	0.535271728262855	0	0.525487834791765	0.909001614940781	0.879125758764313	0.716215506725089	0	0	0	0	0	0	0	0	0.777348961169063	0	0	0	0	0	0	0	0	0	0	0	0	0	0	0	0	0	0	0	0	0	0	0	0	0	0	0	0	0	0	0	0	0
0	0	0	0	0	0	0	0	0	0	0	0	0	0	0	0	0	0	0	0	0	0	0	0	0	0	0	0	0	0	0	0	0	0	0	0	0	0	0	0.818220462497626	0.660753863965649	0.556152162794652	0.668773649378899	0.808650365102124	0	0	0.975001500183645	0.787774154109844	0.725424771520939	0.952171470387732	0	0	0	0	0	0	0.603282913893145	0.800968648843854	0	0	0	0	0	0	0	0	0	0	0	0	0	0	0	0	0	0	0	0	0	0	0	0	0	0	0	0	0	0	0	0
0	0	0	0	0	0	0	0	0	0	0	0	0	0	0	0	0	0	0	0	0	0	0	0	0	0	0	0	0	0	0	0	0.905141635146038	0	0	0	0	0	0	0	0.795965539456804	0.629287635506726	0.780116387720027	0.593459698475565	0	0	0.623647573252402	0.837645925490457	0.647409786595205	0.558097341243534	0	0	0	0	0	0	0	0	0	0	0	0	0	0	0	0	0	0	0	0	0	0	0	0	0	0	0	0	0	0	0	0	0	0	0	0	0	0	0	0
0	0	0	0	0	0	0	0	0	0	0	0	0	0	0	0	0	0	0	0	0	0	0	0	0	0	0	0	0	0	0.803321480564583	0	0	0	0.926263154886693	0	0	0	0	0	0	0.744856640838084	0.855521623307474	0.56305346554947	0.59930422149866	0.78536582748408	0	0	0.552309348006442	0	0.527067026545799	0.539482865856407	0	0	0	0	0.53603496650341	0	0.924598945510734	0	0	0	0	0	0	0	0	0	0	0	0	0	0	0	0	0	0	0	0	0	0	0	0	0	0	0	0	0	0	0
0	0	0	0	0	0	0	0	0	0	0	0	0	0	0	0	0	0	0	0	0	0	0	0	0	0	0	0	0	0	0	0	0	0	0	0	0	0	0.91985418494633	0	0	0	0.701399336788122	0.591353133940508	0.707598038704697	0.879398090914421	0	0	0.716732626853645	0.869956340464094	0	0.799806698582037	0.946702708221704	0	0	0	0	0	0	0	0	0	0	0	0	0	0	0	0	0	0	0	0	0	0	0	0	0	0	0	0	0	0	0	0	0	0	0	0	0
0	0	0	0	0	0	0	0	0	0	0	0	0	0	0	0	0	0	0	0	0	0	0	0	0	0	0	0	0	0	0	0	0	0.60535761192355	0.836017692616272	0.889919955113971	0.654645708132135	0.929104260958058	0	0	0	0	0	0	0.53679233714054	0.74675335518488	0.774434317183299	0.681629639807801	0	0	0	0.508082696901713	0.770601171268039	0.554082834574169	0.960696034787438	0.709697828184103	0	0	0	0	0	0	0	0	0	0	0	0	0	0	0	0	0	0	0	0	0	0	0	0	0	0	0	0	0	0	0	0	0	0
0	0	0	0	0	0	0	0	0	0	0	0	0	0	0	0	0	0	0	0	0	0	0	0	0	0	0	0	0	0	0.704217137136091	0	0	0	0	0	0	0	0	0.59599883877776	0	0	0	0	0.983413074065479	0.960829441938373	0	0.512540186997114	0	0	0	0.67910348663292	0.589976173389346	0.930985438691712	0	0	0	0.889326741391279	0	0	0	0	0	0	0	0	0	0	0	0	0	0	0	0	0	0	0	0	0	0	0	0	0	0	0	0	0	0	0	0
0	0	0	0	0	0	0	0	0	0	0	0	0	0	0	0	0	0	0	0	0	0	0	0	0	0	0	0	0	0	0	0	0	0.777757435064482	0	0	0	0	0	0	0	0	0	0	0	0	0.926892741625413	0	0	0	0	0.513051811770555	0.781741345862925	0.823820429378568	0	0.700051026499551	0	0	0	0	0	0	0	0	0	0	0	0	0	0	0	0	0	0	0	0	0	0	0	0	0	0	0	0	0	0	0	0	0	0
0	0	0	0	0	0	0	0	0	0	0	0	0	0	0	0	0	0	0	0	0	0	0	0	0	0	0	0	0	0	0	0	0	0	0	0.701019796091622	0	0	0	0	0	0	0	0	0	0	0.825300362413416	0.740670034416545	0.579273121406551	0.677225645646835	0.895769191179711	0	0	0.955754525540233	0.618986875229775	0.87698743194358	0.84431971892857	0	0	0	0	0	0	0	0	0	0	0	0	0	0	0	0	0	0	0	0	0	0	0	0	0	0	0	0	0	0	0	0	0
0	0	0	0	0	0	0	0	0	0	0	0	0	0	0	0	0	0	0	0	0	0	0	0	0	0	0	0	0	0	0	0	0	0.807901817156546	0	0	0	0.982628375831337	0	0	0	0	0	0	0	0	0	0.783973907368206	0.873042801149653	0.595228257533757	0.873818277396641	0	0	0.611536737984681	0.729127552761007	0.689956673109398	0.501258474605581	0.838946416043777	0	0	0	0	0	0	0	0	0	0	0	0	0	0	0	0	0	0	0	0	0	0	0	0	0	0	0	0	0	0	0	0
0	0	0	0	0	0	0	0	0	0	0	0	0	0	0	0	0	0	0	0	0	0	0	0	0	0	0	0	0	0	0	0.606430742362958	0	0	0	0	0	0	0	0.537947271134203	0	0	0	0	0	0	0	0	0.834648076421585	0.812837817569416	0.87605031344656	0.51468507544894	0.993962160802821	0	0.824525738713319	0.873686676617388	0.797384427957312	0.514071138815754	0.806108684499807	0	0	0	0	0	0	0	0	0	0	0	0	0	0	0	0	0	0	0	0	0	0	0	0	0	0	0	0	0	0	0
0	0	0	0	0	0	0	0	0	0	0	0	0	0	0	0	0	0	0	0	0	0	0	0	0	0	0	0	0	0	0	0	0	0	0	0.969956703575402	0	0	0	0	0	0	0	0	0	0	0	0	0.995332519081156	0	0	0.99490553010802	0.957174670180994	0.786791614787144	0	0	0.875240787998045	0.55946264319246	0	0.92660112681832	0	0	0	0	0	0	0	0	0	0	0	0	0	0	0	0	0	0	0	0	0	0	0	0	0	0	0	0	0	0
0	0	0	0	0	0	0	0	0	0	0	0	0	0	0	0	0	0	0	0	0	0	0	0	0	0	0	0	0	0	0.899701184089814	0	0	0	0	0	0	0	0	0	0	0.989747354966738	0	0	0	0	0	0	0.811986062701508	0	0.599218259223953	0.908739103985855	0.76577815726738	0.622019442981109	0	0	0.980538795796154	0.661304286442865	0	0.710386753136633	0	0	0	0	0	0	0	0	0	0	0	0	0	0	0	0	0	0	0	0	0	0	0	0	0	0	0	0	0	0
0	0	0	0	0	0	0	0	0	0	0	0	0	0	0	0	0	0	0	0	0	0	0	0	0	0	0	0	0	0	0	0.641703685726198	0	0	0	0	0	0	0	0	0	0	0	0.620169139683238	0.548879888781631	0	0.598904649420658	0	0	0	0	0.579865153044197	0.622781999847876	0.779205978539121	0.618024713242971	0.557179052693186	0	0.757072119862758	0.726766939500803	0	0	0	0	0	0	0	0	0	0	0	0	0	0	0	0	0	0	0	0	0	0	0	0	0	0	0	0	0	0	0
0	0	0	0	0	0	0	0	0	0	0	0	0	0	0	0	0	0	0	0	0	0	0	0	0	0	0	0	0	0	0	0.795741692132835	0	0.505652718292022	0	0	0	0	0	0	0	0	0	0	0.848698597311089	0	0	0	0	0.73704263691313	0	0	0.752633612458774	0.623521368054297	0.565716303750061	0.775413130466052	0.618329659174028	0	0.530755331707214	0.767571718116408	0	0	0	0	0	0	0	0	0	0	0	0	0	0	0	0	0	0	0	0	0	0	0	0	0	0	0	0	0	0
0	0	0	0	0	0	0	0	0	0	0	0	0	0	0	0	0	0	0	0	0	0	0	0	0	0	0	0	0	0	0	0	0.705678024080432	0.711903172207943	0	0	0	0	0	0.724618428803995	0.959395522302308	0	0.614078790275777	0	0	0	0.604930681585579	0	0	0	0	0	0	0.54492076140682	0	0	0.941961060548461	0.598295837374725	0	0.627163245725121	0	0	0	0	0	0	0	0	0	0	0	0	0	0	0	0	0	0	0	0	0	0	0	0	0	0	0	0	0	0
0	0	0	0	0	0	0	0	0	0	0	0	0	0	0	0	0	0	0	0	0	0	0	0	0	0	0	0	0	0	0.872625812483116	0	0.76625002574994	0.543429158415551	0	0	0	0	0	0	0	0	0.949256769551876	0	0	0	0	0	0	0	0	0	0	0	0.578299053203204	0.735306828600857	0	0.935299353546981	0.525397212981823	0	0	0	0	0	0	0	0	0	0	0	0	0	0	0	0	0	0	0	0	0	0	0	0	0	0	0	0	0	0	0
0	0	0	0	0	0	0	0	0	0	0	0	0	0	0	0	0	0	0	0	0	0	0	0	0	0	0	0	0	0	0	0	0	0	0	0	0	0	0	0	0	0	0	0	0	0	0	0	0	0	0	0	0	0	0	0	0	0	0	0	0	0.502091383282872	0	0	0	0.930748281204513	0.81076152059533	0	0	0	0	0	0	0	0.82061009504353	0	0	0	0	0	0.765909069875705	0	0	0	0	0	0	0	0	0
0	0	0	0	0	0	0	0	0	0	0	0	0	0	0	0	0	0	0	0	0	0	0	0	0	0	0	0	0	0	0	0	0	0	0	0	0	0	0	0	0	0	0	0	0	0	0	0	0	0	0	0	0	0	0	0	0	0	0	0	0.688553713026754	0	0.523788861085832	0.623078972155596	0.737626351737585	0	0	0	0.678154755775839	0	0	0	0.690358381120117	0	0	0	0	0	0	0.763111202866487	0	0	0.665850281681249	0	0	0	0.806872196179591	0	0	0
0	0	0	0	0	0	0	0	0	0	0	0	0	0	0	0	0	0	0	0	0	0	0	0	0	0	0	0	0	0	0	0	0	0	0	0	0	0	0	0	0	0	0	0	0	0	0	0	0	0	0	0	0	0	0	0	0	0	0	0	0	0.777926304845989	0	0.69152860032187	0	0.916881234468121	0.759880126052011	0.709629746374418	0	0	0	0	0.824469976831956	0	0.690782869420853	0	0	0	0	0	0	0	0.838445709514935	0	0	0.936491838496302	0	0	0	0
0	0	0	0	0	0	0	0	0	0	0	0	0	0	0	0	0	0	0	0	0	0	0	0	0	0	0	0	0	0	0	0	0	0	0	0	0	0	0	0	0	0	0	0	0	0	0	0	0	0	0	0	0	0	0	0	0	0	0	0	0	0.653693987088361	0.665134884392086	0	0	0	0.842037477411399	0.70104025536559	0.558953092553897	0.747175809557313	0	0	0	0.647895649845835	0	0	0	0	0	0.661403917044561	0	0	0	0.591695174356852	0	0	0	0.766532938898139	0	0
0	0	0	0	0	0	0	0	0	0	0	0	0	0	0	0	0	0	0	0	0	0	0	0	0	0	0	0	0	0	0	0	0	0	0	0	0	0	0	0	0	0	0	0	0	0	0	0	0	0	0	0	0	0	0	0	0	0	0	0	0	0.902208633258196	0	0	0	0.901716549265568	0.865956150984543	0.665904437945654	0.992251428620692	0.783206453181138	0.944056803269704	0	0	0	0	0	0	0	0	0	0	0	0	0	0	0	0	0.649994789561448	0	0
0	0	0	0	0	0	0	0	0	0	0	0	0	0	0	0	0	0	0	0	0	0	0	0	0	0	0	0	0	0	0	0	0	0	0	0	0	0	0	0	0	0	0	0	0	0	0	0	0	0	0	0	0	0	0	0	0	0	0	0	0.772245994758322	0	0.762887480674263	0	0.63387370436597	0	0.574479492434629	0	0	0	0	0	0	0	0	0	0	0	0	0	0.625490738996275	0	0	0	0.626762605431554	0	0.767925377811706	0	0	0.800812984384931
0	0	0	0	0	0	0	0	0	0	0	0	0	0	0	0	0	0	0	0	0	0	0	0	0	0	0	0	0	0	0	0	0	0	0	0	0	0	0	0	0	0	0	0	0	0	0	0	0	0	0	0	0	0	0	0	0	0	0	0	0.721935670292274	0	0.86090369173762	0.715876979435394	0.806437985058477	0.824943896321381	0	0	0	0.57410089672411	0	0.864683926829997	0	0	0	0	0	0	0.780429282469122	0	0	0	0	0.936316202497754	0	0.71520771131185	0	0.803897769967699	0	0
0	0	0	0	0	0	0	0	0	0	0	0	0	0	0	0	0	0	0	0	0	0	0	0	0	0	0	0	0	0	0	0	0	0	0	0	0	0	0	0	0	0	0	0	0	0	0	0	0	0	0	0	0	0	0	0	0	0	0	0	0	0	0.583407320407729	0.513645185213492	0.942717822781659	0	0	0	0	0	0	0	0	0	0	0.902874898502422	0	0	0	0	0.912375050918043	0	0.759377131662283	0	0	0.998459857591498	0	0.533369690378936	0	0
0	0	0	0	0	0	0	0	0	0	0	0	0	0	0	0	0	0	0	0	0	0	0	0	0	0	0	0	0	0	0	0	0	0	0	0	0	0	0	0	0	0	0	0	0	0	0	0	0	0	0	0	0	0	0	0	0	0	0	0	0	0.843222428274326	0	0.554599260005403	0.710218285360771	0	0	0	0	0	0.823959505083357	0	0	0	0	0	0.857175121443356	0	0	0.871419101943448	0	0.604100940858547	0.988316727840481	0	0	0	0	0	0	0
0	0	0	0	0	0	0	0	0	0	0	0	0	0	0	0	0	0	0	0	0	0	0	0	0	0	0	0	0	0	0	0	0	0	0	0	0	0	0	0	0	0	0	0	0	0	0	0	0	0	0	0	0	0	0	0	0	0	0	0	0	0	0	0.679624834603819	0.623876397723912	0	0.976485762630192	0	0	0	0	0	0.5642315683704	0	0	0	0.756101315252768	0	0	0	0	0	0	0	0.506187358676238	0	0.785702052655298	0	0	0
0	0	0	0	0	0	0	0	0	0	0	0	0	0	0	0	0	0	0	0	0	0	0	0	0	0	0	0	0	0	0	0	0	0	0	0	0	0	0	0	0	0	0	0	0	0	0	0	0	0	0	0	0	0	0	0	0	0	0	0	0	0	0	0	0.814489345429489	0	0	0	0.936907988340242	0	0	0.674161335218354	0	0	0	0	0	0	0	0	0	0	0	0	0.515060996058812	0	0	0	0.647083224509538	0.812901081527463
0	0	0	0	0	0	0	0	0	0	0	0	0	0	0	0	0	0	0	0	0	0	0	0	0	0	0	0	0	0	0	0	0	0	0	0	0	0	0	0	0	0	0	0	0	0	0	0	0	0	0	0	0	0	0	0	0	0	0	0	0	0	0	0	0	0	0.906004433453909	0	0	0	0.970485890937704	0	0.539715630432038	0.509083206282539	0.777943719723005	0	0	0	0	0	0	0	0	0	0	0	0	0	0.88311741807886	0
0	0	0	0	0	0	0	0	0	0	0	0	0	0	0	0	0	0	0	0	0	0	0	0	0	0	0	0	0	0	0	0	0	0	0	0	0	0	0	0	0	0	0	0	0	0	0	0	0	0	0	0	0	0	0	0	0	0	0	0	0	0.705855831147321	0.806707884878802	0	0	0	0	0	0	0.660267230756024	0	0.544726742307781	0	0	0	0.917753315703652	0	0	0.828139899936649	0.516036056001453	0.745977852996762	0	0	0.995049206164203	0	0	0.645384636036267	0	0	0
0	0	0	0	0	0	0	0	0	0	0	0	0	0	0	0	0	0	0	0	0	0	0	0	0	0	0	0	0	0	0	0	0	0	0	0	0	0	0	0	0	0	0	0	0	0	0	0	0	0	0	0	0	0	0	0	0	0	0	0	0	0	0	0.645467063925088	0	0	0	0	0	0	0	0.772034491858109	0	0	0	0	0.832986915140349	0	0	0	0.721995377602822	0	0	0	0.625733164580266	0	0	0.866098326663257	0.911191224697946	0.827225044727675
0	0	0	0	0	0	0	0	0	0	0	0	0	0	0	0	0	0	0	0	0	0	0	0	0	0	0	0	0	0	0	0	0	0	0	0	0	0	0	0	0	0	0	0	0	0	0	0	0	0	0	0	0	0	0	0	0	0	0	0	0.985393245208852	0	0.598107431638126	0	0	0	0	0	0	0	0	0.641677217883337	0	0	0	0	0.64912444556019	0.800301367547189	0.757444864467763	0	0	0	0	0.667567687554917	0	0	0.688043135748788	0	0.694519317010141	0
0	0	0	0	0	0	0	0	0	0	0	0	0	0	0	0	0	0	0	0	0	0	0	0	0	0	0	0	0	0	0	0	0	0	0	0	0	0	0	0	0	0	0	0	0	0	0	0	0	0	0	0	0	0	0	0	0	0	0	0	0	0	0	0	0	0	0	0.873089329801318	0	0	0	0	0.59365512457943	0	0	0	0	0.824332819426423	0.607430575136005	0	0	0	0.722540928810272	0	0	0	0.903172920317282	0	0	0
0	0	0	0	0	0	0	0	0	0	0	0	0	0	0	0	0	0	0	0	0	0	0	0	0	0	0	0	0	0	0	0	0	0	0	0	0	0	0	0	0	0	0	0	0	0	0	0	0	0	0	0	0	0	0	0	0	0	0	0	0	0	0	0	0	0	0	0	0.503019900641783	0.531028556508268	0	0	0	0.803042679251593	0.551187802222771	0	0	0.98017689560698	0	0	0.82176586699931	0.976887753855272	0	0	0	0	0	0	0.91270010336521	0
0	0	0	0	0	0	0	0	0	0	0	0	0	0	0	0	0	0	0	0	0	0	0	0	0	0	0	0	0	0	0	0	0	0	0	0	0	0	0	0	0	0	0	0	0	0	0	0	0	0	0	0	0	0	0	0	0	0	0	0	0	0	0	0	0	0	0	0	0	0	0	0	0	0	0.563650795658655	0.535715155142435	0.723310317866439	0	0	0.727451991796941	0	0.626873288707362	0	0	0	0.764792427093825	0.545046453214248	0	0.981921374383648	0
0	0	0	0	0	0	0	0	0	0	0	0	0	0	0	0	0	0	0	0	0	0	0	0	0	0	0	0	0	0	0	0	0	0	0	0	0	0	0	0	0	0	0	0	0	0	0	0	0	0	0	0	0	0	0	0	0	0	0	0	0	0	0	0	0	0	0.848603421917157	0	0	0	0	0	0.943564517288992	0	0.555060475327519	0.790960564891897	0	0	0	0	0	0	0.908563755136674	0.617910320361218	0.649112197079458	0	0	0	0	0
0	0	0	0	0	0	0	0	0	0	0	0	0	0	0	0	0	0	0	0	0	0	0	0	0	0	0	0	0	0	0	0	0	0	0	0	0	0	0	0	0	0	0	0	0	0	0	0	0	0	0	0	0	0	0	0	0	0	0	0	0	0.780620724404526	0	0.908175141827107	0	0	0	0	0.641474795711865	0	0	0	0.866342469199313	0	0	0	0	0.751939149359664	0	0	0	0	0	0	0	0	0	0.766951545078579	0	0
0	0	0	0	0	0	0	0	0	0	0	0	0	0	0	0	0	0	0	0	0	0	0	0	0	0	0	0	0	0	0	0	0	0	0	0	0	0	0	0	0	0	0	0	0	0	0	0	0	0	0	0	0	0	0	0	0	0	0	0	0.573493541951328	0	0	0	0	0.58435872784176	0	0.686227878935966	0	0	0	0	0.659208640074984	0.837214756835646	0	0	0.792726657065272	0	0	0	0	0.950533823911251	0	0.617765882015204	0	0	0	0	0	0.659046668639484
0	0	0	0	0	0	0	0	0	0	0	0	0	0	0	0	0	0	0	0	0	0	0	0	0	0	0	0	0	0	0	0	0	0	0	0	0	0	0	0	0	0	0	0	0	0	0	0	0	0	0	0	0	0	0	0	0	0	0	0	0	0	0	0	0	0	0	0	0.926720356629489	0	0	0	0	0	0	0	0.599033512635927	0.654731943792594	0	0	0.646870102576901	0	0.854025846338777	0	0	0	0.574596818276954	0	0	0.985042330158568
0	0	0	0	0	0	0	0	0	0	0	0	0	0	0	0	0	0	0	0	0	0	0	0	0	0	0	0	0	0	0	0	0	0	0	0	0	0	0	0	0	0	0	0	0	0	0	0	0	0	0	0	0	0	0	0	0	0	0	0	0	0.576382104457145	0.628634034784064	0	0	0	0	0.716470012408156	0.863274180459966	0	0	0	0	0	0	0.637489655484169	0	0	0.965987632178332	0	0	0.864353489872884	0	0	0	0.822234319003493	0.807994167990642	0	0	0
0	0	0	0	0	0	0	0	0	0	0	0	0	0	0	0	0	0	0	0	0	0	0	0	0	0	0	0	0	0	0	0	0	0	0	0	0	0	0	0	0	0	0	0	0	0	0	0	0	0	0	0	0	0	0	0	0	0	0	0	0	0	0	0.534296804419858	0	0	0.991894322479248	0	0	0	0	0	0.923588362438614	0	0.590071514678185	0	0	0	0.600004362202899	0	0.914579703314267	0	0	0	0.817798128958917	0	0	0.750533756933232	0	0
0	0	0	0	0	0	0	0	0	0	0	0	0	0	0	0	0	0	0	0	0	0	0	0	0	0	0	0	0	0	0	0	0	0	0	0	0	0	0	0	0	0	0	0	0	0	0	0	0	0	0	0	0	0	0	0	0	0	0	0	0	0	0	0	0	0.553488008692517	0	0	0	0.87801757231659	0.54889805711026	0	0	0.511445196374214	0	0	0	0	0.744647536396203	0	0	0	0	0.838278190336732	0	0	0.775735610967545	0	0.611126528144398	0.993187632853606
0	0	0	0	0	0	0	0	0	0	0	0	0	0	0	0	0	0	0	0	0	0	0	0	0	0	0	0	0	0	0	0	0	0	0	0	0	0	0	0	0	0	0	0	0	0	0	0	0	0	0	0	0	0	0	0	0	0	0	0	0	0	0.64735001126865	0	0	0	0.630457119790905	0.573220283547356	0	0	0	0	0	0	0	0	0	0.503257478714732	0	0	0	0	0.598046311148037	0	0	0	0	0	0	0
0	0	0	0	0	0	0	0	0	0	0	0	0	0	0	0	0	0	0	0	0	0	0	0	0	0	0	0	0	0	0	0	0	0	0	0	0	0	0	0	0	0	0	0	0	0	0	0	0	0	0	0	0	0	0	0	0	0	0	0	0	0.568803605051277	0	0	0	0.824175443103805	0	0	0	0.835392285786725	0	0	0.785583967773321	0	0.891035531207645	0.574984960952576	0	0.537144999381129	0	0	0	0.542159551753905	0.529027384449214	0	0.574580171729322	0	0	0	0.85978758820452	0
0	0	0	0	0	0	0	0	0	0	0	0	0	0	0	0	0	0	0	0	0	0	0	0	0	0	0	0	0	0	0	0	0	0	0	0	0	0	0	0	0	0	0	0	0	0	0	0	0	0	0	0	0	0	0	0	0	0	0	0	0	0	0	0.500717131527962	0.705568343701741	0	0.691561581960789	0.7861076115103	0	0	0	0	0	0.563357043559362	0	0	0	0	0	0.859279260852855	0	0	0	0.791252510980147	0	0	0	0	0	0.815350816220789
0	0	0	0	0	0	0	0	0	0	0	0	0	0	0	0	0	0	0	0	0	0	0	0	0	0	0	0	0	0	0	0	0	0	0	0	0	0	0	0	0	0	0	0	0	0	0	0	0	0	0	0	0	0	0	0	0	0	0	0	0	0	0	0	0	0	0	0	0	0	0.993616588649082	0.950822062117779	0	0.52861694331691	0.834292116285452	0	0.646305867526916	0.666995402411902	0	0	0	0	0	0	0.65261611290798	0	0.555716081407356	0	0	0.684026424264588
0	0	0	0	0	0	0	0	0	0	0	0	0	0	0	0	0	0	0	0	0	0	0	0	0	0	0	0	0	0	0	0	0	0	0	0	0	0	0	0	0	0	0	0	0	0	0	0	0	0	0	0	0	0	0	0	0	0	0	0	0	0	0	0	0	0.879534111554229	0	0	0	0	0.520125374682534	0	0	0.531046364529128	0	0	0	0	0	0	0.821191400275248	0.59108284793268	0	0	0.635150938889578	0	0	0.849986274556757	0.671626845920656	0
