0	0.821742607615654	0.595636512710433	0.725045752517787	0	0	0	0	0	0	0	0	0	0	0	0.548250909934533	0.881891074006368	0	0	0	0	0	0	0	0	0	0	0	0	0	0	0	0	0	0	0	0	0	0	0	0	0	0	0	0	0	0	0	0	0	0	0	0	0	0	0	0	0	0	0	0	0	0	0	0	0	0	0	0	0	0	0	0	0	0	0	0	0	0	0	0	0	0	0	0	0	0	0	0	0
0.623496928717889	0	0.515061734321901	0.549909171855373	0.712632719786123	0	0	0	0	0	0	0	0	0	0	0	0.781673824975778	0	0	0	0	0	0	0	0	0	0	0	0	0	0	0	0	0	0	0	0	0	0	0	0	0	0	0	0	0	0	0	0	0	0	0	0	0	0	0	0	0	0	0	0	0	0	0	0	0	0	0	0	0	0	0	0	0	0	0	0	0	0	0	0	0	0	0	0	0	0	0	0	0
0.589203762561209	0.588325528067343	0	0.750341884465208	0.696229601139757	0.655015351526881	0	0	0	0	0	0	0	0	0	0	0	0.699046919910106	0	0	0	0	0	0	0	0	0	0	0	0	0	0	0	0	0	0	0	0	0	0	0	0	0	0	0	0	0	0	0	0	0	0	0	0	0	0	0	0	0	0	0	0	0	0	0	0	0	0	0	0	0	0	0	0	0	0	0	0	0	0	0	0	0	0	0	0	0	0	0	0
0.84112039791743	0.975543562952266	0.620651113056582	0	0.752552450886328	0.734318293761139	0.645263716264644	0	0	0.798152512106634	0	0	0	0	0	0	0	0.762758969758063	0	0	0	0	0	0	0	0	0	0	0	0	0	0	0	0	0	0	0	0	0	0	0	0	0	0	0	0	0	0	0	0	0	0	0	0	0	0	0	0	0	0	0	0	0	0	0	0	0	0	0	0	0	0	0	0	0	0	0	0	0	0	0	0	0	0	0	0	0	0	0	0
0	0.795674548654949	0.909319588964979	0.941860650546801	0	0	0.925103112902736	0.95699640719973	0.735602491799651	0	0	0	0.930569177961183	0	0	0	0	0	0	0	0	0	0	0	0	0	0	0	0	0	0	0	0	0	0	0	0	0	0	0	0	0	0	0	0	0	0	0	0	0	0	0	0	0	0	0	0	0	0	0	0	0	0	0	0	0	0	0	0	0	0	0	0	0	0	0	0	0	0	0	0	0	0	0	0	0	0	0	0	0
0	0	0.83191218386234	0.788921031844013	0	0	0.572990522880167	0.740963256245098	0	0	0.936984834919132	0.946453481678924	0	0	0	0	0	0	0	0	0	0	0	0	0	0	0	0	0	0	0	0	0	0	0	0	0	0	0	0	0	0	0	0	0	0	0	0	0	0	0	0	0	0	0	0	0	0	0	0	0	0	0	0	0	0	0	0	0	0	0	0	0	0	0	0	0	0	0	0	0	0	0	0	0	0	0	0	0	0
0	0	0	0.862007904788189	0.701615308223951	0.857379814830273	0	0.522357002340366	0	0.857479205951096	0	0	0.899741490155849	0	0	0	0	0	0	0	0	0	0	0	0	0	0	0	0	0	0	0	0	0	0	0	0	0	0	0	0	0	0	0	0	0	0	0	0	0	0	0	0	0	0	0	0	0	0	0	0	0	0	0	0	0	0	0	0	0	0	0	0	0	0	0	0	0	0	0	0	0	0	0	0	0	0	0	0	0
0	0	0	0	0.729055012992023	0.601744367513505	0.596831435372035	0	0.848665708653895	0.658879480078342	0.515395927344153	0	0	0	0	0	0	0.949906040777269	0	0	0	0	0	0	0	0	0	0	0	0	0	0	0	0	0	0	0	0	0	0	0	0	0	0	0	0	0	0	0	0	0	0	0	0	0	0	0	0	0	0	0	0	0	0	0	0	0	0	0	0	0	0	0	0	0	0	0	0	0	0	0	0	0	0	0	0	0	0	0	0
0	0	0	0	0.846984289092791	0	0	0.893383675904628	0	0.860284390846313	0.987151090286694	0.909578515277748	0.791020108499935	0	0	0	0	0	0	0	0	0	0	0	0	0	0	0	0	0	0	0	0	0	0	0	0	0	0	0	0	0	0	0	0	0	0	0	0	0	0	0	0	0	0	0	0	0	0	0	0	0	0	0	0	0	0	0	0	0	0	0	0	0	0	0	0	0	0	0	0	0	0	0	0	0	0	0	0	0
0	0	0	0.965076610738628	0	0	0.837751178694996	0.980887099219454	0.581577983269253	0	0	0	0.987966326490027	0	0	0.583559512304412	0	0	0	0	0	0	0	0	0	0	0	0	0	0	0	0	0	0	0	0	0	0	0	0	0	0	0	0	0	0	0	0	0	0	0	0	0	0	0	0	0	0	0	0	0	0	0	0	0	0	0	0	0	0	0	0	0	0	0	0	0	0	0	0	0	0	0	0	0	0	0	0	0	0
0	0	0	0	0	0.972784759145703	0	0.767285408578431	0.672397887682325	0	0	0	0.616458832898001	0.757263570289544	0	0	0	0	0	0	0	0	0	0	0	0	0	0	0	0	0	0	0	0	0	0	0	0	0	0	0	0	0	0	0	0	0	0	0	0	0	0	0	0	0	0	0	0	0	0	0	0	0	0	0	0	0	0	0	0	0	0	0	0	0	0	0	0	0	0	0	0	0	0	0	0	0	0	0	0
0	0	0	0	0	0.67231124343936	0	0	0.877812770007094	0	0	0	0.845347916294872	0.896432906278953	0.885886784534425	0	0	0	0	0	0	0	0	0	0	0	0	0	0	0	0	0	0	0	0	0	0	0	0	0	0	0	0	0	0	0	0	0	0	0	0	0	0	0	0	0	0	0	0	0	0	0	0	0	0	0	0	0	0	0	0	0	0	0	0	0	0	0	0	0	0	0	0	0	0	0	0	0	0	0
0	0	0	0	0.593758465494396	0	0.915292490681062	0	0.825278441903722	0.92963562623781	0.769422131965079	0.684350440261179	0	0	0.708261067899755	0	0	0	0	0	0	0	0	0	0	0	0	0	0	0	0	0	0	0	0	0	0	0	0	0	0	0	0	0	0	0	0	0	0	0	0	0	0	0	0	0	0	0	0	0	0	0	0	0	0	0	0	0	0	0	0	0	0	0	0	0	0	0	0	0	0	0	0	0	0	0	0	0	0	0
0	0	0	0	0	0	0	0	0	0	0.511105477838498	0.5603461441629	0	0	0.682909701842446	0.989620910431726	0.813644432052933	0	0	0	0	0	0	0	0	0	0	0	0	0	0	0	0	0	0	0	0	0	0	0	0	0	0	0	0	0	0	0	0	0	0	0	0	0	0	0	0	0	0	0	0	0	0	0	0	0	0	0	0	0	0	0	0	0	0	0	0	0	0	0	0	0	0	0	0	0	0	0	0	0
0	0	0	0	0	0	0	0	0	0	0	0.605055438956428	0.68871840051825	0.513834794145112	0	0.691572324057799	0.55401762233625	0.974767069863445	0	0	0	0	0	0	0	0	0	0	0	0	0	0	0	0	0	0	0	0	0	0	0	0	0	0	0	0	0	0	0	0	0	0	0	0	0	0	0	0	0	0	0	0	0	0	0	0	0	0	0	0	0	0	0	0	0	0	0	0	0	0	0	0	0	0	0	0	0	0	0	0
0.681329515372212	0	0	0	0	0	0	0	0	0.745100471125902	0	0	0	0.68772328183338	0.626126800022165	0	0.743183767862121	0.519247758901215	0	0	0	0	0	0	0	0	0	0	0	0	0	0	0	0	0	0	0	0	0	0	0	0	0	0	0	0	0	0	0	0	0	0	0	0	0	0	0	0	0	0	0	0	0	0	0	0	0	0	0	0	0	0	0	0	0	0	0	0	0	0	0	0	0	0	0	0	0	0	0	0
0.611620417043698	0.966255084876255	0	0	0	0	0	0	0	0	0	0	0	0.900188621030757	0.748126575501155	0.6526779815454	0	0.969886678806481	0	0	0	0	0	0	0	0	0	0	0	0	0	0	0	0	0	0	0	0	0	0	0	0	0	0	0	0	0	0	0	0	0	0	0	0	0	0	0	0	0	0	0	0	0	0	0	0	0	0	0	0	0	0	0	0	0	0	0	0	0	0	0	0	0	0	0	0	0	0	0	0
0	0	0.723773366885996	0.73395943008577	0	0	0	0.94953090371021	0	0	0	0	0	0	0.776802630626682	0.683490403671762	0.568336728865165	0	0	0	0	0	0	0	0	0	0	0	0	0	0	0	0	0	0	0	0	0	0	0	0	0	0	0	0	0	0	0	0	0	0	0	0	0	0	0	0	0	0	0	0	0	0	0	0	0	0	0	0	0	0	0	0	0	0	0	0	0	0	0	0	0	0	0	0	0	0	0	0	0
0	0	0	0	0	0	0	0	0	0	0	0	0	0	0	0	0	0	0	0	0.538596619930924	0.751993869769038	0.832037765201489	0.791540633545788	0.871843815795995	0.944938383329571	0.702115984795108	0.745145081206144	0.550489005771565	0.843761139441058	0	0.517810303353762	0.788409791685372	0.520728456738299	0	0	0	0	0	0	0	0	0	0	0	0	0	0	0	0	0	0	0	0	0	0	0	0	0	0	0	0	0	0	0	0	0	0	0	0	0	0	0	0	0	0	0	0	0	0	0	0	0	0	0	0	0	0	0	0
0	0	0	0	0	0	0	0	0	0	0	0	0	0	0	0	0	0	0	0	0.897520003579592	0.883834989907307	0.871146947561449	0	0.941378546996438	0.543463358903748	0.723893405232833	0.568248423690303	0.609708978037703	0	0.503204534743383	0.593552313129128	0.568282191714396	0.904541817647243	0.50643887078471	0.784375472178953	0	0	0	0	0	0	0	0	0	0	0	0	0	0	0	0	0	0	0	0	0	0	0	0	0	0	0	0	0	0	0	0	0	0	0	0	0	0	0	0	0	0	0	0	0	0	0	0	0	0	0	0	0	0
0	0	0	0	0	0	0	0	0	0	0	0	0	0	0	0	0	0	0.608162750255847	0.656744536471463	0	0.518660240526067	0	0.990179246332363	0.844642593607932	0.947759746811199	0.761599712568192	0.922911830330479	0.629335089747041	0.890300822183667	0.932582717221331	0.853234601899396	0.552225830740072	0	0.648404583280955	0.798006680394336	0	0	0	0	0	0	0	0	0	0	0	0	0	0	0	0	0	0	0	0	0	0	0	0	0	0	0	0	0	0	0	0	0	0	0	0	0	0	0	0	0	0	0	0	0	0	0	0	0	0	0	0	0	0
0	0	0	0	0	0	0	0	0	0	0	0	0	0	0	0	0	0	0.638450250455091	0.687363989674024	0.981976692328139	0	0.955002642334745	0	0.887854395740941	0.846658463098113	0.997935778169052	0.833078294211494	0.573770431337266	0.653282199267093	0	0.554972531338717	0	0	0.646573379191986	0.625109769144242	0	0	0	0	0	0	0	0	0	0	0	0	0	0	0	0	0	0	0	0	0	0	0	0	0	0	0	0	0	0	0	0	0	0	0	0	0	0	0	0	0	0	0	0	0	0	0	0	0	0	0	0	0	0
0	0	0	0	0	0	0	0	0	0	0	0	0	0	0	0	0	0	0.990518239513413	0.684657803382526	0	0.889727829635732	0	0.891263157630485	0.81307567686001	0	0.61461147308143	0.638374427755632	0.632900874849388	0	0.554961508992598	0.669569388537002	0.949436408230026	0	0.738074010094116	0.544655543134521	0	0	0	0	0	0	0	0	0	0	0	0	0	0	0	0	0	0	0	0	0	0	0	0	0	0	0	0	0	0	0	0	0	0	0	0	0	0	0	0	0	0	0	0	0	0	0	0	0	0	0	0	0	0
0	0	0	0	0	0	0	0	0	0	0	0	0	0	0	0	0	0	0.599338937144969	0	0.838862225233495	0	0.707138077955481	0	0.874826556817114	0.523123744706652	0.593535766989361	0.990380582248696	0.778936880219496	0.639516899423049	0.907383620931628	0.738606883726079	0.553867529658351	0.738327895260045	0.681076322996732	0	0	0	0	0	0	0	0	0	0	0	0	0	0	0	0	0	0	0	0	0	0	0	0	0	0	0	0	0	0	0	0	0	0	0	0	0	0	0	0	0	0	0	0	0	0	0	0	0	0	0	0	0	0	0
0	0	0	0	0	0	0	0	0	0	0	0	0	0	0	0	0	0	0.501075737836401	0.792523063695567	0.610383553828035	0.711486902993109	0.742212201009848	0.822702473653029	0	0.715074442598228	0.814193637746404	0.936653670288002	0.901932660032026	0	0	0.878617075799123	0.798022461251664	0.748219827499445	0.581666159998476	0.525333039657409	0	0	0	0	0	0	0	0	0	0	0	0	0	0	0	0	0	0	0	0	0	0	0	0	0	0	0	0	0	0	0	0	0	0	0	0	0	0	0	0	0	0	0	0	0	0	0	0	0	0	0	0	0	0
0	0	0	0	0	0	0	0	0	0	0	0	0	0	0	0	0	0	0.935304487299531	0.798469335528696	0.933498723365843	0.518039045517958	0	0.556712184170494	0.751032205203919	0	0.894561922726346	0.712914095190148	0.698646096087132	0	0.977464181283218	0	0.989337301420025	0	0.92540825827486	0.79267562450851	0	0	0	0	0	0	0	0	0	0	0	0	0	0	0	0	0	0	0	0	0	0	0	0	0	0	0	0	0	0	0	0	0	0	0	0	0	0	0	0	0	0	0	0	0	0	0	0	0	0	0	0	0	0
0	0	0	0	0	0	0	0	0	0	0	0	0	0	0	0	0	0	0.968081743882862	0.526206241117758	0.524209129119569	0.671036027295801	0.514327651131274	0.793344754240776	0.563549369172262	0.885054104707809	0	0	0.636636148184267	0.685388552023835	0.892052191244245	0.932306682959558	0.779204512143105	0.918354515711331	0.971532694564331	0.96967007577476	0	0	0	0	0	0	0	0	0	0	0	0	0	0	0	0	0	0	0	0	0	0	0	0	0	0	0	0	0	0	0	0	0	0	0	0	0	0	0	0	0	0	0	0	0	0	0	0	0	0	0	0	0	0
0	0	0	0	0	0	0	0	0	0	0	0	0	0	0	0	0	0	0.94389889010168	0.934327982795508	0.704646509885802	0.860858930350097	0.686397188622745	0.795769542592168	0.932520361575738	0.919555029627946	0	0	0.81074209931751	0.595382052981429	0.701470960044896	0	0	0.959998959607659	0.630399979254659	0.586177554714631	0	0	0	0	0	0	0	0	0	0	0	0	0	0	0	0	0	0	0	0	0	0	0	0	0	0	0	0	0	0	0	0	0	0	0	0	0	0	0	0	0	0	0	0	0	0	0	0	0	0	0	0	0	0
0	0	0	0	0	0	0	0	0	0	0	0	0	0	0	0	0	0	0.726095791728638	0.779880128741966	0.57202454788624	0.711814863843782	0.945311162452594	0.892972671751365	0.692241692040447	0.806983302506421	0.759107447746229	0.909205820068092	0	0.889534833619688	0.778008138897284	0.629483631340689	0.904382954231417	0.984720597948442	0.82473134929395	0.542617257433093	0	0	0	0	0	0	0	0	0	0	0	0	0	0	0	0	0	0	0	0	0	0	0	0	0	0	0	0	0	0	0	0	0	0	0	0	0	0	0	0	0	0	0	0	0	0	0	0	0	0	0	0	0	0
0	0	0	0	0	0	0	0	0	0	0	0	0	0	0	0	0	0	0.87888611177608	0	0.850651241441408	0.824331191339259	0	0.845207819542057	0	0	0.76535885478144	0.716923332429795	0.668986063900757	0	0.738932618093963	0.748542448371772	0.751201006618577	0.701488361393099	0	0.733314830191556	0	0	0	0	0	0	0	0	0	0	0	0	0	0	0	0	0	0	0	0	0	0	0	0	0	0	0	0	0	0	0	0	0	0	0	0	0	0	0	0	0	0	0	0	0	0	0	0	0	0	0	0	0	0
0	0	0	0	0	0	0	0	0	0	0	0	0	0	0	0	0	0	0	0.713882410816444	0.619688063827175	0	0.867774829041301	0.824044902402369	0	0.642757814083067	0.807958868519211	0.970945313223333	0.675339723517375	0.568361867775455	0	0.634160120839215	0	0.563064904856062	0.546568836278476	0.981609124253413	0	0	0	0	0	0	0	0	0	0	0	0	0	0	0	0	0	0	0	0	0	0	0	0	0	0	0	0	0	0	0	0	0	0	0	0	0	0	0	0	0	0	0	0	0	0	0	0	0	0	0	0	0	0
0	0	0	0	0	0	0	0	0	0	0	0	0	0	0	0	0	0	0.88009414722062	0.857823458340549	0.927739375368095	0.884652743448545	0.847402110897837	0.620667897108687	0.955598930594449	0	0.742437508283433	0	0.574926124857209	0.88334908379466	0.828761792819085	0	0.858173325629324	0.745406443100793	0.567550609508975	0	0	0	0	0	0	0	0	0	0	0	0	0	0	0	0	0	0	0	0	0	0	0	0	0	0	0	0	0	0	0	0	0	0	0	0	0	0	0	0	0	0	0	0	0	0	0	0	0	0	0	0	0	0	0
0	0	0	0	0	0	0	0	0	0	0	0	0	0	0	0	0	0	0.682317474198865	0.994258779997366	0.834259436349596	0	0.503227224456593	0.871057875519789	0.842298280243743	0.790448626415768	0.834175212591809	0	0.757837057941353	0.549613461089596	0	0.702231355286728	0	0.515186242513354	0.700071607081193	0.509768065840636	0	0	0	0	0	0	0	0	0	0	0	0	0	0	0	0	0	0	0	0	0	0	0	0	0	0	0	0	0	0	0	0	0	0	0	0	0	0	0	0	0	0	0	0	0	0	0	0	0	0	0	0	0	0
0	0	0	0	0	0	0	0	0	0	0	0	0	0	0	0	0	0	0.983143759017112	0.701393459976748	0	0	0	0.840730626791267	0.504877912355624	0	0.509931141565216	0.894864849945523	0.871346703286395	0.560709340217711	0.847116986511854	0.917470622871674	0.968173650639652	0	0.68847683489048	0.620652895741804	0	0	0	0	0	0	0	0	0	0	0	0	0	0	0	0	0	0	0	0	0	0	0	0	0	0	0	0	0	0	0	0	0	0	0	0	0	0	0	0	0	0	0	0	0	0	0	0	0	0	0	0	0	0
0	0	0	0	0	0	0	0	0	0	0	0	0	0	0	0	0	0	0	0.596324595604133	0.583032492156621	0.520610535912022	0.569369208792219	0.554252385395532	0.654325710844794	0.666041307447013	0.619586643835812	0.973430071187463	0.578696563059881	0	0.627607428552698	0.824168552972493	0.8105578170987	0.703535436763897	0	0.603839158935276	0	0	0	0	0	0	0	0	0	0	0	0	0	0	0	0	0	0	0	0	0	0	0	0	0	0	0	0	0	0	0	0	0	0	0	0	0	0	0	0	0	0	0	0	0	0	0	0	0	0	0	0	0	0
0	0	0	0	0	0	0	0	0	0	0	0	0	0	0	0	0	0	0	0.70411888463458	0.51754189305613	0.662570262340715	0.831033695192611	0	0.57733886263999	0.731052711628573	0.561819531094888	0.940007116963756	0.527339825871673	0.771377687999417	0.528177489722591	0	0.96134757303941	0.959334690941647	0.712467588776708	0	0	0	0	0	0	0	0	0	0	0	0	0	0	0	0	0	0	0	0	0	0	0	0	0	0	0	0	0	0	0	0	0	0	0	0	0	0	0	0	0	0	0	0	0	0	0	0	0	0	0	0	0	0	0
0	0	0	0	0	0	0	0	0	0	0	0	0	0	0	0	0	0	0	0	0	0	0	0	0	0	0	0	0	0	0	0	0	0	0	0	0	0.984338135093329	0.891759527800089	0.574710785640432	0.945626471297942	0.936432884711108	0	0	0	0	0	0	0	0.565739905758705	0.782657903225021	0.674139643413424	0.738781017157606	0.865194809417303	0	0	0	0	0	0	0	0	0	0	0	0	0	0	0	0	0	0	0	0	0	0	0	0	0	0	0	0	0	0	0	0	0	0	0	0
0	0	0	0	0	0	0	0	0	0	0	0	0	0	0	0	0	0	0	0	0	0	0	0	0	0	0	0	0	0	0	0	0	0	0	0	0.696333730535787	0	0.739959576797595	0.697398273213007	0.764688553775587	0.602747501784943	0.50848557566353	0	0	0	0	0	0	0	0.668219744544055	0.522822871620175	0.72751421995094	0.546108198888968	0	0	0	0	0	0	0	0	0	0	0	0	0	0	0	0	0	0	0	0	0	0	0	0	0	0	0	0	0	0	0	0	0	0	0	0
0	0	0	0	0	0	0	0	0	0	0	0	0	0	0	0	0	0	0	0	0	0	0	0	0	0	0	0	0	0	0	0	0	0	0	0	0.743452543684394	0.782199554278887	0	0.926870775426086	0.761374911077116	0.692512456846277	0.948761134341003	0.676979684144191	0	0	0	0	0	0	0	0.800700609466261	0.905787984859589	0.507369173729436	0	0	0	0	0	0	0	0	0	0	0	0	0	0	0	0	0	0	0	0	0	0	0	0	0	0	0	0	0	0	0	0	0	0	0	0
0	0	0	0	0	0	0	0	0	0	0	0	0	0	0	0	0	0	0	0	0	0	0	0	0	0	0	0	0	0	0	0	0	0	0	0	0.803657837468502	0.820398441947101	0.715973207987832	0	0.674738255259144	0.684048909004307	0.657749743760652	0.971020595009555	0.966001825284228	0	0.606683650883447	0	0	0	0	0	0.944887059779097	0.742314275966635	0	0	0	0	0	0	0	0	0	0	0	0	0	0	0	0	0	0	0	0	0	0	0	0	0	0	0	0	0	0	0	0	0	0	0	0
0	0	0	0	0	0	0	0	0	0	0	0	0	0	0	0	0	0	0	0	0	0	0	0	0	0	0	0	0	0	0	0	0	0	0	0	0.550436210821566	0.77537085071401	0.680059426484171	0.594970744603138	0	0.65795510935558	0.879900848873618	0.764405525894499	0.949228539675777	0.564068574914872	0	0	0	0	0	0	0	0.521651773790733	0	0	0	0	0	0	0	0	0	0	0	0	0	0	0	0	0	0	0	0	0	0	0	0	0	0	0	0	0	0	0	0	0	0	0	0
0	0	0	0	0	0	0	0	0	0	0	0	0	0	0	0	0	0	0	0	0	0	0	0	0	0	0	0	0	0	0	0	0	0	0	0	0.611175772643022	0.739970072860162	0.573403929362761	0.774994767580774	0.893293238811328	0	0.506753576214182	0.908406882655994	0.886589419049095	0.812689036581426	0.623044768788197	0	0	0	0	0	0	0	0	0	0	0	0	0	0	0	0	0	0	0	0	0	0	0	0	0	0	0	0	0	0	0	0	0	0	0	0	0	0	0	0	0	0	0
0	0	0	0	0	0	0	0	0	0	0	0	0	0	0	0	0	0	0	0	0	0	0	0	0	0	0	0	0	0	0	0	0	0	0	0	0	0.52142214103977	0.605578208077262	0.953890966819169	0.759884579392183	0.620155133525992	0	0.847333039143122	0.562998766584339	0.91123349263687	0.756422903494874	0.742200761494964	0	0	0	0	0	0	0	0	0	0	0	0	0	0	0	0	0	0	0	0	0	0	0	0	0	0	0	0	0	0	0	0	0	0	0	0	0	0	0	0	0	0
0	0	0	0	0	0	0	0	0	0	0	0	0	0	0	0	0	0	0	0	0	0	0	0	0	0	0	0	0	0	0	0	0	0	0	0	0	0	0.901949846810851	0.802423439512351	0.925560889162028	0.918047155880206	0.753632383429791	0	0.906048177449153	0.717322767938719	0.774876490321005	0.914382404302372	0.960348765194988	0	0	0	0	0	0	0	0	0	0	0	0	0	0	0	0	0	0	0	0	0	0	0	0	0	0	0	0	0	0	0	0	0	0	0	0	0	0	0	0	0
0	0	0	0	0	0	0	0	0	0	0	0	0	0	0	0	0	0	0	0	0	0	0	0	0	0	0	0	0	0	0	0	0	0	0	0	0	0	0	0.656437079692787	0.645303046782762	0.788675353321629	0.858271040240229	0.966380900622915	0	0.825757905271361	0.700665056918992	0.689877839085375	0.982800303586233	0.56560483997078	0	0	0	0	0	0	0	0	0	0	0	0	0	0	0	0	0	0	0	0	0	0	0	0	0	0	0	0	0	0	0	0	0	0	0	0	0	0	0	0
0	0	0	0	0	0	0	0	0	0	0	0	0	0	0	0	0	0	0	0	0	0	0	0	0	0	0	0	0	0	0	0	0	0	0	0	0	0	0	0	0.554749217441846	0.589291189082042	0.773943605978051	0.910133990064279	0.984462020250835	0	0.83980115541832	0.912824639698386	0.777830617174613	0.57250248909525	0.535184458653946	0	0	0	0	0	0	0	0	0	0	0	0	0	0	0	0	0	0	0	0	0	0	0	0	0	0	0	0	0	0	0	0	0	0	0	0	0	0	0
0	0	0	0	0	0	0	0	0	0	0	0	0	0	0	0	0	0	0	0	0	0	0	0	0	0	0	0	0	0	0	0	0	0	0	0	0	0	0	0.871801677503764	0	0.592833678752775	0.843497335497744	0.876652790781241	0.535324893925756	0.702812546001445	0	0.95943721195182	0.651544916888501	0	0.758825824123048	0.811835414100025	0	0	0	0	0	0	0	0	0	0	0	0	0	0	0	0	0	0	0	0	0	0	0	0	0	0	0	0	0	0	0	0	0	0	0	0	0	0
0	0	0	0	0	0	0	0	0	0	0	0	0	0	0	0	0	0	0	0	0	0	0	0	0	0	0	0	0	0	0	0	0	0	0	0	0	0	0	0	0	0	0.71178790030904	0.709554671826406	0.500155348145798	0.749464172236055	0.881399496968188	0	0.786600467437106	0.999510631896125	0.753551391775699	0.707609491547554	0.517724255966502	0	0	0	0	0	0	0	0	0	0	0	0	0	0	0	0	0	0	0	0	0	0	0	0	0	0	0	0	0	0	0	0	0	0	0	0	0
0	0	0	0	0	0	0	0	0	0	0	0	0	0	0	0	0	0	0	0	0	0	0	0	0	0	0	0	0	0	0	0	0	0	0	0	0	0	0	0	0	0	0	0.952513304016954	0.637450465293309	0.911529762918492	0.780790278083384	0.952788499080943	0	0.684389812973086	0.822281784565997	0.957460165579883	0.762559285156633	0.860259764436185	0	0	0	0	0	0	0	0	0	0	0	0	0	0	0	0	0	0	0	0	0	0	0	0	0	0	0	0	0	0	0	0	0	0	0	0
0	0	0	0	0	0	0	0	0	0	0	0	0	0	0	0	0	0	0	0	0	0	0	0	0	0	0	0	0	0	0	0	0	0	0	0	0.614980010028869	0	0	0	0	0	0	0	0.910529536754636	0.960325102168177	0	0.74068183672525	0.667276441358901	0	0.658813976210463	0.544626495975883	0.726816506813344	0.969138547386124	0	0	0	0	0	0	0	0	0	0	0	0	0	0	0	0	0	0	0	0	0	0	0	0	0	0	0	0	0	0	0	0	0	0	0	0
0	0	0	0	0	0	0	0	0	0	0	0	0	0	0	0	0	0	0	0	0	0	0	0	0	0	0	0	0	0	0	0	0	0	0	0	0.620483326118504	0.91318206261968	0	0	0	0	0	0	0	0.814339545026365	0.594285189909104	0.775299825343681	0.893209237582084	0.655702517294164	0	0.585767915977383	0.853723492637036	0.578321337754824	0	0	0	0	0	0	0	0	0	0	0	0	0	0	0	0	0	0	0	0	0	0	0	0	0	0	0	0	0	0	0	0	0	0	0	0
0	0	0	0	0	0	0	0	0	0	0	0	0	0	0	0	0	0	0	0	0	0	0	0	0	0	0	0	0	0	0	0	0	0	0	0	0.611819165659521	0.579240570349954	0.988725867448098	0	0	0	0	0	0	0	0.700508623980945	0.904040538158426	0.610391434012094	0.869465122929301	0.829014476002339	0	0.902776638311252	0.58209348833873	0	0	0	0	0	0	0	0	0	0	0	0	0	0	0	0	0	0	0	0	0	0	0	0	0	0	0	0	0	0	0	0	0	0	0	0
0	0	0	0	0	0	0	0	0	0	0	0	0	0	0	0	0	0	0	0	0	0	0	0	0	0	0	0	0	0	0	0	0	0	0	0	0.97439449648888	0.532180962473309	0.573825827212328	0.596385369171236	0	0	0	0	0	0	0	0.912056286462603	0.865042358328542	0.646303637688246	0.500052667532051	0.709121929580717	0	0.859691042735616	0	0	0	0	0	0	0	0	0	0	0	0	0	0	0	0	0	0	0	0	0	0	0	0	0	0	0	0	0	0	0	0	0	0	0	0
0	0	0	0	0	0	0	0	0	0	0	0	0	0	0	0	0	0	0	0	0	0	0	0	0	0	0	0	0	0	0	0	0	0	0	0	0.979769442049475	0.717242695194262	0.735174157609419	0.77602425485005	0.762793144346419	0	0	0	0	0	0	0	0.633912221054343	0.535672716482733	0.905696960102074	0.873825093626342	0.890990839943667	0	0	0	0	0	0	0	0	0	0	0	0	0	0	0	0	0	0	0	0	0	0	0	0	0	0	0	0	0	0	0	0	0	0	0	0	0
0	0	0	0	0	0	0	0	0	0	0	0	0	0	0	0	0	0	0	0	0	0	0	0	0	0	0	0	0	0	0	0	0	0	0	0	0	0	0	0	0	0	0	0	0	0	0	0	0	0	0	0	0	0	0	0.807203306682781	0.907491723862119	0.579429720398686	0.668762576886472	0.790106214360455	0.991497625218949	0	0	0	0	0	0.636330549015766	0.626352435493093	0	0.792030206490818	0.57959196059071	0.661433400625027	0	0	0	0	0	0	0	0	0	0	0	0	0	0	0	0	0	0
0	0	0	0	0	0	0	0	0	0	0	0	0	0	0	0	0	0	0	0	0	0	0	0	0	0	0	0	0	0	0	0	0	0	0	0	0	0	0	0	0	0	0	0	0	0	0	0	0	0	0	0	0	0	0.911666143250114	0	0.799568972821412	0.766605439405706	0.779380992351523	0.87284562976908	0.585608450189326	0.992881767934295	0	0.608041135184697	0.797729205593274	0	0	0.894973859973254	0.980390965138045	0.550266398157375	0.828759658507736	0.547365801522806	0	0	0	0	0	0	0	0	0	0	0	0	0	0	0	0	0	0
0	0	0	0	0	0	0	0	0	0	0	0	0	0	0	0	0	0	0	0	0	0	0	0	0	0	0	0	0	0	0	0	0	0	0	0	0	0	0	0	0	0	0	0	0	0	0	0	0	0	0	0	0	0	0.713965919739184	0.818649698478482	0	0.78878157617842	0.523985942269526	0.626884172797028	0.743989874896623	0.616100176604449	0.803007466459971	0.718176226067868	0	0	0	0	0.726963499021768	0.534342001732748	0.861810722418495	0.800886126922973	0	0	0	0	0	0	0	0	0	0	0	0	0	0	0	0	0	0
0	0	0	0	0	0	0	0	0	0	0	0	0	0	0	0	0	0	0	0	0	0	0	0	0	0	0	0	0	0	0	0	0	0	0	0	0	0	0	0	0	0	0	0	0	0	0	0	0	0	0	0	0	0	0.788164723021492	0.610112530498054	0.65797358565065	0	0.903915060544929	0.57203639713301	0	0.631933548605151	0.943657981606374	0	0	0.736987959850735	0	0.887071370482674	0	0.989932107840287	0.521113290159257	0.868402920586776	0	0	0	0	0	0	0	0	0	0	0	0	0	0	0	0	0	0
0	0	0	0	0	0	0	0	0	0	0	0	0	0	0	0	0	0	0	0	0	0	0	0	0	0	0	0	0	0	0	0	0	0	0	0	0	0	0	0	0	0	0	0	0	0	0	0	0	0	0	0	0	0	0.670367549677739	0.960186424787569	0.573600732402166	0.881797037094668	0	0.8768939391791	0.728515179812731	0.794687902779894	0.988172122888865	0.587811303341893	0.839802652150187	0	0.758375007970482	0	0	0	0.870837251994716	0	0	0	0	0	0	0	0	0	0	0	0	0	0	0	0	0	0	0
0	0	0	0	0	0	0	0	0	0	0	0	0	0	0	0	0	0	0	0	0	0	0	0	0	0	0	0	0	0	0	0	0	0	0	0	0	0	0	0	0	0	0	0	0	0	0	0	0	0	0	0	0	0	0.599603318163299	0.845874905116788	0.832555269208155	0.809350023427589	0.585919750454249	0	0	0.866350900515121	0.594230795190656	0.676489248864543	0.742552075174786	0.669048168735871	0	0.508254877492282	0.768750371520312	0	0	0.940430628679463	0	0	0	0	0	0	0	0	0	0	0	0	0	0	0	0	0	0
0	0	0	0	0	0	0	0	0	0	0	0	0	0	0	0	0	0	0	0	0	0	0	0	0	0	0	0	0	0	0	0	0	0	0	0	0	0	0	0	0	0	0	0	0	0	0	0	0	0	0	0	0	0	0.905038439223691	0.90830894886011	0.926904831460099	0	0.566410666125543	0	0	0.676320072063214	0.88426674734952	0.703013972311522	0.664426388532349	0.913503384077883	0.892315556771112	0	0.535754242608726	0	0	0	0	0	0	0	0	0	0	0	0	0	0	0	0	0	0	0	0	0
0	0	0	0	0	0	0	0	0	0	0	0	0	0	0	0	0	0	0	0	0	0	0	0	0	0	0	0	0	0	0	0	0	0	0	0	0	0	0	0	0	0	0	0	0	0	0	0	0	0	0	0	0	0	0	0.728439042028529	0.869090663124468	0.526469427553688	0.825990258548032	0.78363789963709	0.626640429741499	0	0.696441694152847	0.66685556264924	0	0.818085046838285	0.904587653448457	0.52367353025084	0	0	0	0.961790009915009	0	0	0	0	0	0	0	0	0	0	0	0	0	0	0	0	0	0
0	0	0	0	0	0	0	0	0	0	0	0	0	0	0	0	0	0	0	0	0	0	0	0	0	0	0	0	0	0	0	0	0	0	0	0	0	0	0	0	0	0	0	0	0	0	0	0	0	0	0	0	0	0	0	0	0.973396232312889	0.590231350250105	0.972452796703672	0.965064153293802	0.915235360348619	0.986471607291373	0	0.735858635803472	0.959137830535408	0.743971085368991	0.547890267732681	0.824020553858055	0.77848737713214	0	0	0.707884046453776	0	0	0	0	0	0	0	0	0	0	0	0	0	0	0	0	0	0
0	0	0	0	0	0	0	0	0	0	0	0	0	0	0	0	0	0	0	0	0	0	0	0	0	0	0	0	0	0	0	0	0	0	0	0	0	0	0	0	0	0	0	0	0	0	0	0	0	0	0	0	0	0	0	0.622912002174888	0.900336103608643	0	0.841576345800393	0.549816138482522	0.814555952864934	0.704336219945847	0.648633351114003	0	0	0	0.581659513878797	0.615248257018186	0.755136669920228	0.900481764222837	0	0	0	0	0	0	0	0	0	0	0	0	0	0	0	0	0	0	0	0
0	0	0	0	0	0	0	0	0	0	0	0	0	0	0	0	0	0	0	0	0	0	0	0	0	0	0	0	0	0	0	0	0	0	0	0	0	0	0	0	0	0	0	0	0	0	0	0	0	0	0	0	0	0	0	0.814320471588025	0	0	0.862000861951905	0.746963172192068	0.980049534845731	0	0.856481912780302	0	0	0.652483386458454	0.670620119560322	0.99319115040959	0.691034400213891	0.854736426242629	0.794141170152997	0	0	0	0	0	0	0	0	0	0	0	0	0	0	0	0	0	0	0
0	0	0	0	0	0	0	0	0	0	0	0	0	0	0	0	0	0	0	0	0	0	0	0	0	0	0	0	0	0	0	0	0	0	0	0	0	0	0	0	0	0	0	0	0	0	0	0	0	0	0	0	0	0	0	0	0	0.841681221447378	0	0.761940130316484	0.822550106428136	0.832635128894975	0.830545316052775	0	0.67152303651334	0	0.978253101910155	0.599972267641571	0.661480848770741	0	0.62441014011527	0.962523710651761	0	0	0	0	0	0	0	0	0	0	0	0	0	0	0	0	0	0
0	0	0	0	0	0	0	0	0	0	0	0	0	0	0	0	0	0	0	0	0	0	0	0	0	0	0	0	0	0	0	0	0	0	0	0	0	0	0	0	0	0	0	0	0	0	0	0	0	0	0	0	0	0	0.984523822603412	0	0	0	0.869073373978949	0	0.534051630324492	0.642580561661578	0.50496361467379	0.832980908494853	0.644954296352068	0.674608957170626	0	0	0.626567886827551	0.917556390808667	0.565319528265978	0.914219108426915	0	0	0	0	0	0	0	0	0	0	0	0	0	0	0	0	0	0
0	0	0	0	0	0	0	0	0	0	0	0	0	0	0	0	0	0	0	0	0	0	0	0	0	0	0	0	0	0	0	0	0	0	0	0	0	0	0	0	0	0	0	0	0	0	0	0	0	0	0	0	0	0	0.842487495940852	0.931185989224692	0	0.874610538971336	0	0.782397928874091	0	0.940227990470084	0.721539238983082	0.615320161639756	0.914300877826514	0.990822583738131	0	0	0.679276815194643	0.70583639666323	0.625739485587233	0	0	0	0	0	0	0	0	0	0	0	0	0	0	0	0	0	0	0
0	0	0	0	0	0	0	0	0	0	0	0	0	0	0	0	0	0	0	0	0	0	0	0	0	0	0	0	0	0	0	0	0	0	0	0	0	0	0	0	0	0	0	0	0	0	0	0	0	0	0	0	0	0	0	0.877517621942345	0.992170585236812	0	0	0.907502443202855	0.796714120297205	0	0.828450131711541	0.853953842179215	0.879394928561152	0.824457171752394	0.747791519214486	0.516115904940136	0	0.580246278517062	0.880803864109402	0.900573933421779	0	0	0	0	0	0	0	0	0	0	0	0	0	0	0	0	0	0
0	0	0	0	0	0	0	0	0	0	0	0	0	0	0	0	0	0	0	0	0	0	0	0	0	0	0	0	0	0	0	0	0	0	0	0	0	0	0	0	0	0	0	0	0	0	0	0	0	0	0	0	0	0	0.875994688673388	0.663020799374701	0.981028115895718	0.851191874175334	0	0	0	0	0	0.605054165087242	0.955389307962114	0	0.590809058745342	0.958806274104958	0.901315303387055	0	0.608350544549574	0.806090479408198	0	0	0	0	0	0	0	0	0	0	0	0	0	0	0	0	0	0
0	0	0	0	0	0	0	0	0	0	0	0	0	0	0	0	0	0	0	0	0	0	0	0	0	0	0	0	0	0	0	0	0	0	0	0	0	0	0	0	0	0	0	0	0	0	0	0	0	0	0	0	0	0	0.814112206111151	0.957059575226202	0.711862213889465	0.839166673940926	0.568592572161506	0	0	0	0	0	0.906354825450922	0.638786731132214	0.649067601349445	0.693866385070336	0.903413127848335	0.893464316378676	0	0.517782001484138	0	0	0	0	0	0	0	0	0	0	0	0	0	0	0	0	0	0
0	0	0	0	0	0	0	0	0	0	0	0	0	0	0	0	0	0	0	0	0	0	0	0	0	0	0	0	0	0	0	0	0	0	0	0	0	0	0	0	0	0	0	0	0	0	0	0	0	0	0	0	0	0	0.546046074252833	0.775341700368952	0.910710988562399	0.823139186086043	0	0.863272534093723	0	0.723605208665784	0.52075670078251	0	0	0.572587750775847	0.806968830741497	0	0.868470445590925	0.636769551889994	0.882188106834014	0	0	0	0	0	0	0	0	0	0	0	0	0	0	0	0	0	0	0
0	0	0	0	0	0	0	0	0	0	0	0	0	0	0	0	0	0	0	0	0	0	0	0	0	0	0	0	0	0	0	0	0	0	0	0	0	0	0	0	0	0	0	0	0	0	0	0	0	0	0	0	0	0	0	0	0	0	0	0	0	0	0	0	0	0	0	0	0	0	0	0	0	0.61333780138091	0.728829613626001	0.850784254548924	0.708602138907643	0	0	0.912928906266182	0	0	0	0	0	0	0.882857913353713	0	0.651718316687041	0.978821877579588
0	0	0	0	0	0	0	0	0	0	0	0	0	0	0	0	0	0	0	0	0	0	0	0	0	0	0	0	0	0	0	0	0	0	0	0	0	0	0	0	0	0	0	0	0	0	0	0	0	0	0	0	0	0	0	0	0	0	0	0	0	0	0	0	0	0	0	0	0	0	0	0	0.957279274371714	0	0.724503171886525	0.833492539601678	0.960759644828169	0.655929793233029	0	0	0	0.636574248729771	0	0	0.893524878463539	0.900406127890304	0	0.704156117296357	0.660630555241969	0
0	0	0	0	0	0	0	0	0	0	0	0	0	0	0	0	0	0	0	0	0	0	0	0	0	0	0	0	0	0	0	0	0	0	0	0	0	0	0	0	0	0	0	0	0	0	0	0	0	0	0	0	0	0	0	0	0	0	0	0	0	0	0	0	0	0	0	0	0	0	0	0	0.62382329193076	0.984962716250676	0	0.63445944090237	0.504071260228223	0.894690151393262	0	0	0	0	0	0	0	0	0	0	0.771458333563203	0
0	0	0	0	0	0	0	0	0	0	0	0	0	0	0	0	0	0	0	0	0	0	0	0	0	0	0	0	0	0	0	0	0	0	0	0	0	0	0	0	0	0	0	0	0	0	0	0	0	0	0	0	0	0	0	0	0	0	0	0	0	0	0	0	0	0	0	0	0	0	0	0	0.674189432036858	0.869594445731811	0.97496003300777	0	0.814798428530766	0.539988892336472	0.951653952837563	0.563209760333324	0	0	0	0	0	0	0	0	0	0
0	0	0	0	0	0	0	0	0	0	0	0	0	0	0	0	0	0	0	0	0	0	0	0	0	0	0	0	0	0	0	0	0	0	0	0	0	0	0	0	0	0	0	0	0	0	0	0	0	0	0	0	0	0	0	0	0	0	0	0	0	0	0	0	0	0	0	0	0	0	0	0	0.639401324755016	0.754851989856715	0.520349331483898	0.897123051867043	0	0	0	0.857217800070971	0.712291916703163	0	0	0.908826076276929	0	0.892212720597436	0.612982149803086	0	0	0.865203046508252
0	0	0	0	0	0	0	0	0	0	0	0	0	0	0	0	0	0	0	0	0	0	0	0	0	0	0	0	0	0	0	0	0	0	0	0	0	0	0	0	0	0	0	0	0	0	0	0	0	0	0	0	0	0	0	0	0	0	0	0	0	0	0	0	0	0	0	0	0	0	0	0	0	0.832119036085208	0.681538830370803	0.645299757909533	0	0	0	0.854374583921342	0.676454079960429	0.578548690592675	0	0.526855385225354	0	0	0	0.74464864695534	0	0
0	0	0	0	0	0	0	0	0	0	0	0	0	0	0	0	0	0	0	0	0	0	0	0	0	0	0	0	0	0	0	0	0	0	0	0	0	0	0	0	0	0	0	0	0	0	0	0	0	0	0	0	0	0	0	0	0	0	0	0	0	0	0	0	0	0	0	0	0	0	0	0	0	0	0	0.534607993752467	0	0	0	0.644715076642491	0.705965057149144	0	0	0	0	0.895378540936515	0.568449771684289	0.756163746153752	0	0.518896243434231
0	0	0	0	0	0	0	0	0	0	0	0	0	0	0	0	0	0	0	0	0	0	0	0	0	0	0	0	0	0	0	0	0	0	0	0	0	0	0	0	0	0	0	0	0	0	0	0	0	0	0	0	0	0	0	0	0	0	0	0	0	0	0	0	0	0	0	0	0	0	0	0	0.993131463993011	0	0	0.922541961750748	0.680235573775086	0.514653924807524	0.791931078344288	0	0.877409458796614	0	0.990153498545645	0.939320107825961	0.817823564977109	0	0	0	0	0.912464360351903
0	0	0	0	0	0	0	0	0	0	0	0	0	0	0	0	0	0	0	0	0	0	0	0	0	0	0	0	0	0	0	0	0	0	0	0	0	0	0	0	0	0	0	0	0	0	0	0	0	0	0	0	0	0	0	0	0	0	0	0	0	0	0	0	0	0	0	0	0	0	0	0	0	0	0	0	0.942203740366064	0.605108043483123	0.645121675470442	0.621317310351229	0	0.601028547278828	0	0.562784322032399	0.885491271479685	0.872441614308741	0	0	0	0
0	0	0	0	0	0	0	0	0	0	0	0	0	0	0	0	0	0	0	0	0	0	0	0	0	0	0	0	0	0	0	0	0	0	0	0	0	0	0	0	0	0	0	0	0	0	0	0	0	0	0	0	0	0	0	0	0	0	0	0	0	0	0	0	0	0	0	0	0	0	0	0	0	0.823853528313667	0	0	0	0.823010343922656	0	0	0.505979637393741	0	0.824619966228656	0	0.512129175102452	0.77588278852079	0.87129255012998	0	0	0
0	0	0	0	0	0	0	0	0	0	0	0	0	0	0	0	0	0	0	0	0	0	0	0	0	0	0	0	0	0	0	0	0	0	0	0	0	0	0	0	0	0	0	0	0	0	0	0	0	0	0	0	0	0	0	0	0	0	0	0	0	0	0	0	0	0	0	0	0	0	0	0	0	0	0	0	0	0	0	0.53824510685858	0	0.601903699500434	0	0.693481545972948	0.87717342921563	0	0.583067861335414	0	0	0
0	0	0	0	0	0	0	0	0	0	0	0	0	0	0	0	0	0	0	0	0	0	0	0	0	0	0	0	0	0	0	0	0	0	0	0	0	0	0	0	0	0	0	0	0	0	0	0	0	0	0	0	0	0	0	0	0	0	0	0	0	0	0	0	0	0	0	0	0	0	0	0	0	0	0	0	0.811821490941675	0.972732216294433	0	0.698767878067001	0.710583763679574	0	0.749129935558736	0	0	0.928255911413309	0.844532464169772	0.545584874629694	0.984770753707148	0.569221208945522
0	0	0	0	0	0	0	0	0	0	0	0	0	0	0	0	0	0	0	0	0	0	0	0	0	0	0	0	0	0	0	0	0	0	0	0	0	0	0	0	0	0	0	0	0	0	0	0	0	0	0	0	0	0	0	0	0	0	0	0	0	0	0	0	0	0	0	0	0	0	0	0	0	0.918123517682511	0	0	0	0	0	0.921429793755296	0.935703403628012	0.986661199143919	0.72251428128213	0	0	0	0.557546529032484	0.895125718459021	0.551614834536498	0
0	0	0	0	0	0	0	0	0	0	0	0	0	0	0	0	0	0	0	0	0	0	0	0	0	0	0	0	0	0	0	0	0	0	0	0	0	0	0	0	0	0	0	0	0	0	0	0	0	0	0	0	0	0	0	0	0	0	0	0	0	0	0	0	0	0	0	0	0	0	0	0	0	0.707626768147842	0	0	0.904390148759097	0	0.584232732478836	0	0.940428243526619	0.50688544466197	0	0.992479561911051	0	0	0.672127456136066	0.541248244765132	0	0.796343523733873
0	0	0	0	0	0	0	0	0	0	0	0	0	0	0	0	0	0	0	0	0	0	0	0	0	0	0	0	0	0	0	0	0	0	0	0	0	0	0	0	0	0	0	0	0	0	0	0	0	0	0	0	0	0	0	0	0	0	0	0	0	0	0	0	0	0	0	0	0	0	0	0	0.827691187022349	0	0	0	0.558751523383536	0	0.90983881718156	0	0	0.910677044300844	0.848221811956742	0.570864470741462	0.759365028666761	0.927406255657903	0	0.907341069080381	0.648260174426957	0
0	0	0	0	0	0	0	0	0	0	0	0	0	0	0	0	0	0	0	0	0	0	0	0	0	0	0	0	0	0	0	0	0	0	0	0	0	0	0	0	0	0	0	0	0	0	0	0	0	0	0	0	0	0	0	0	0	0	0	0	0	0	0	0	0	0	0	0	0	0	0	0	0	0.768663272325696	0	0	0	0.598953409272287	0.866799554466908	0	0	0	0	0.87281673429924	0.952075653905668	0.924527394476863	0.626377026570647	0	0.970599346083426	0
0	0	0	0	0	0	0	0	0	0	0	0	0	0	0	0	0	0	0	0	0	0	0	0	0	0	0	0	0	0	0	0	0	0	0	0	0	0	0	0	0	0	0	0	0	0	0	0	0	0	0	0	0	0	0	0	0	0	0	0	0	0	0	0	0	0	0	0	0	0	0	0	0.572241513506367	0.744386419984532	0.575369488312099	0	0	0	0	0	0	0	0	0.931121664420768	0.777939922873534	0	0.633229339623792	0.643654704705402	0	0
0	0	0	0	0	0	0	0	0	0	0	0	0	0	0	0	0	0	0	0	0	0	0	0	0	0	0	0	0	0	0	0	0	0	0	0	0	0	0	0	0	0	0	0	0	0	0	0	0	0	0	0	0	0	0	0	0	0	0	0	0	0	0	0	0	0	0	0	0	0	0	0	0.917392763081829	0	0	0	0.510084876159923	0	0.515382114204006	0.854958953962391	0	0	0	0.979622558450833	0	0.992050393835132	0	0	0	0
