0	0	0.545503835018383	0	0.898028934875899	0.820500863936763	0	0	0	0.616309524376531	0	0	0	0	0	0	0	0	0	0.952305061861192	0	0	0	0	0.908946415804962	0.948903255707463	0.89583843554591	0.579562704827519	0.620526830449584	0.566087292172724	0	0	0	0	0	0	0	0	0	0	0	0	0	0	0	0	0	0	0	0	0	0	0	0	0	0	0	0	0	0	0	0	0	0	0	0	0	0	0	0	0	0	0	0	0	0	0	0	0	0	0	0	0	0	0	0	0	0	0	0
0	0	0.827478911546841	0	0.934495845486951	0.785828945843803	0.607553100806556	0	0	0	0	0	0	0	0	0	0	0.910862366010984	0	0	0	0	0	0	0	0	0.750058009725387	0	0.808165125231452	0.545588567915942	0	0	0	0	0	0	0	0	0	0	0	0	0	0	0	0	0	0	0	0	0	0	0	0	0	0	0	0	0	0	0	0	0	0	0	0	0	0	0	0	0	0	0	0	0	0	0	0	0	0	0	0	0	0	0	0	0	0	0	0
0.597314417380614	0.804289960522654	0	0	0.671708531594016	0.544627787685295	0.9518575341547	0.881248081042379	0	0	0	0	0	0	0	0	0	0	0	0	0	0	0	0.885273901491621	0	0	0	0.964358108776997	0.625575732297547	0.781885968494755	0	0	0	0	0	0	0	0	0	0	0	0	0	0	0	0	0	0	0	0	0	0	0	0	0	0	0	0	0	0	0	0	0	0	0	0	0	0	0	0	0	0	0	0	0	0	0	0	0	0	0	0	0	0	0	0	0	0	0	0
0	0	0	0	0.928938577103824	0.516037347165451	0.997707048140566	0.734609438845504	0	0	0	0	0	0	0	0	0	0	0	0	0	0	0	0	0	0	0.959388732853984	0.850412247698147	0.650053141424893	0.619185561767973	0	0	0	0	0	0	0	0	0	0	0	0	0	0	0	0	0	0	0	0	0	0	0	0	0	0	0	0	0	0	0	0	0	0	0	0	0	0	0	0	0	0	0	0	0	0	0	0	0	0	0	0	0	0	0	0	0	0	0	0
0.535583359768257	0.514408452651375	0.554160756712487	0.554867425952872	0	0.847619866947616	0.570001225335798	0.51542170806305	0.893698317147442	0.606958463885451	0	0	0	0	0	0	0	0	0	0	0	0	0	0	0	0	0	0	0	0.536569852271679	0	0	0	0	0	0	0	0	0	0	0	0	0	0	0	0	0	0	0	0	0	0	0	0	0	0	0	0	0	0	0	0	0	0	0	0	0	0	0	0	0	0	0	0	0	0	0	0	0	0	0	0	0	0	0	0	0	0	0	0
0.80974318978399	0.653018275617254	0.997904969598287	0.522027765660016	0.830354122432121	0	0.674188527259449	0.704838940482447	0.942815107022339	0.749365549260925	0.883640006668001	0	0	0	0	0	0	0	0	0	0	0	0	0	0	0	0	0	0	0	0	0	0	0	0	0	0	0	0	0	0	0	0	0	0	0	0	0	0	0	0	0	0	0	0	0	0	0	0	0	0	0	0	0	0	0	0	0	0	0	0	0	0	0	0	0	0	0	0	0	0	0	0	0	0	0	0	0	0	0
0	0.650989304202332	0.635078774568321	0.667390859963053	0.890450046699512	0.708905696396475	0	0.941392935440909	0.659726102417049	0.721650375210179	0.652164378277399	0.8044360303862	0	0	0	0	0	0	0	0	0	0	0	0	0	0	0	0	0	0	0	0	0	0	0	0	0	0	0	0	0	0	0	0	0	0	0	0	0	0	0	0	0	0	0	0	0	0	0	0	0	0	0	0	0	0	0	0	0	0	0	0	0	0	0	0	0	0	0	0	0	0	0	0	0	0	0	0	0	0
0	0	0.788357279815551	0.664806748628535	0.936427891122948	0.893784114799653	0.882828171704405	0	0.56021839402039	0.952802974605627	0.987903898799674	0.774748832340435	0.853285911174446	0	0	0	0	0	0	0	0	0	0	0	0	0	0	0	0	0	0	0	0	0	0	0	0	0	0	0	0	0	0	0	0	0	0	0	0	0	0	0	0	0	0	0	0	0	0	0	0	0	0	0	0	0	0	0	0	0	0	0	0	0	0	0	0	0	0	0	0	0	0	0	0	0	0	0	0	0
0	0	0	0	0.985828820474543	0.963665132556473	0.623963006527231	0.820120032692033	0	0.819410124130956	0.933137743963257	0.743911295921749	0.871834458486252	0.575015022601732	0	0	0	0	0	0	0	0	0	0	0	0.791262374009022	0	0	0	0	0	0	0	0	0	0	0	0	0	0	0	0	0	0	0	0	0	0	0	0	0	0	0	0	0	0	0	0	0	0	0	0	0	0	0	0	0	0	0	0	0	0	0	0	0	0	0	0	0	0	0	0	0	0	0	0	0	0	0	0
0.506073239679672	0	0	0	0.547540493738601	0.965317242882526	0.928863563967475	0.809829910617176	0.625499879414283	0	0.98261246012612	0.886334615638419	0.748320491138053	0.549694440692962	0.834570249520286	0	0	0	0	0	0	0	0	0	0	0	0	0	0	0	0	0	0	0	0	0	0	0	0	0	0	0	0	0	0	0	0	0	0	0	0	0	0	0	0	0	0	0	0	0	0	0	0	0	0	0	0	0	0	0	0	0	0	0	0	0	0	0	0	0	0	0	0	0	0	0	0	0	0	0
0	0	0	0	0	0.548507895070752	0.974016849870986	0.94790530941798	0.576798650351868	0.986612714655188	0	0.969364204538676	0.690147074773927	0.510391876811323	0.784059278777405	0.926730886082144	0	0	0	0.507524973229627	0	0	0	0	0	0	0	0	0	0	0	0	0	0	0	0	0	0	0	0	0	0	0	0	0	0	0	0	0	0	0	0	0	0	0	0	0	0	0	0	0	0	0	0	0	0	0	0	0	0	0	0	0	0	0	0	0	0	0	0	0	0	0	0	0	0	0	0	0	0
0	0	0	0	0	0	0.655016836674521	0.644918131676278	0.762899281554259	0.593457484831277	0.95460988250065	0	0.505440684141637	0.859211935814487	0.870291550843634	0.580454562801357	0.742835534159262	0	0	0	0	0	0	0	0	0	0	0	0	0	0	0	0	0	0	0	0	0	0	0	0	0	0	0	0	0	0	0	0	0	0	0	0	0	0	0	0	0	0	0	0	0	0	0	0	0	0	0	0	0	0	0	0	0	0	0	0	0	0	0	0	0	0	0	0	0	0	0	0	0
0	0	0	0	0	0	0	0.827527325933038	0.520507260117985	0.675140288832311	0.856596112898794	0.872425724279823	0	0.633855267417705	0.986052119179303	0.968434792355336	0.569481448324795	0.998936833861202	0	0	0	0	0	0	0	0	0	0	0	0	0	0	0	0	0	0	0	0	0	0	0	0	0	0	0	0	0	0	0	0	0	0	0	0	0	0	0	0	0	0	0	0	0	0	0	0	0	0	0	0	0	0	0	0	0	0	0	0	0	0	0	0	0	0	0	0	0	0	0	0
0	0	0	0	0	0	0	0	0.928730626298664	0.896952489087072	0.708676257372936	0.916582224024907	0.729986479578747	0	0.914915172655924	0.728813179496613	0.972901713210729	0.525446597237625	0.67355734759955	0	0	0	0	0	0	0	0	0	0	0	0	0	0	0	0	0	0	0	0	0	0	0	0	0	0	0	0	0	0	0	0	0	0	0	0	0	0	0	0	0	0	0	0	0	0	0	0	0	0	0	0	0	0	0	0	0	0	0	0	0	0	0	0	0	0	0	0	0	0	0
0	0	0	0	0	0	0	0	0	0.633986600806721	0.737076421203526	0.501167311278584	0.917324197318408	0.695182298228699	0	0.881897865066509	0.79524367507839	0.686186714183857	0.689644690429176	0.974010006867061	0	0	0	0	0	0	0	0	0	0	0	0	0	0	0	0	0	0	0	0	0	0	0	0	0	0	0	0	0	0	0	0	0	0	0	0	0	0	0	0	0	0	0	0	0	0	0	0	0	0	0	0	0	0	0	0	0	0	0	0	0	0	0	0	0	0	0	0	0	0
0	0	0	0	0	0	0	0	0	0	0.790211754484765	0.717507672028425	0.607768691223313	0.75901499073781	0.578471187063209	0	0.593625947009876	0.508980872117479	0.996121968732754	0.595583730545308	0.612022602124367	0	0	0	0	0	0	0	0	0	0	0	0	0	0	0	0	0	0	0	0	0	0	0	0	0	0	0	0	0	0	0	0	0	0	0	0	0	0	0	0	0	0	0	0	0	0	0	0	0	0	0	0	0	0	0	0	0	0	0	0	0	0	0	0	0	0	0	0	0
0	0	0	0	0	0	0	0	0	0	0	0.914248702033092	0.893479861381162	0.661413617114081	0.764881813408142	0.987609126109288	0	0.594236758823534	0.843152960179178	0.639436420338771	0.766542530858887	0.697176877727741	0	0	0	0	0	0	0	0	0	0	0	0	0	0	0	0	0	0	0	0	0	0	0	0	0	0	0	0	0	0	0	0	0	0	0	0	0	0	0	0	0	0	0	0	0	0	0	0	0	0	0	0	0	0	0	0	0	0	0	0	0	0	0	0	0	0	0	0
0	0.748774070372841	0	0	0	0	0	0	0	0	0	0	0.84174178629495	0.76933832120472	0.767003619266626	0.538035115819985	0.90514122642933	0	0.912523193165913	0	0.829702446512001	0.897219197630424	0.902153624310805	0.908208598820136	0	0	0	0	0	0	0	0	0	0	0	0	0	0	0	0	0	0	0	0	0	0	0	0	0	0	0	0	0	0	0	0	0	0	0	0	0	0	0	0	0	0	0	0	0	0	0	0	0	0	0	0	0	0	0	0	0	0	0	0	0	0	0	0	0	0
0	0	0	0	0	0	0	0	0	0	0	0	0	0.570165370010538	0.635325922660389	0.532326756113965	0.921871468931414	0.622857738021233	0	0.583338889925131	0.528254837057389	0.624402798641924	0.656464861746844	0	0.56324674528916	0	0	0	0	0	0	0	0	0	0	0	0	0	0	0	0	0	0	0	0	0	0	0	0	0	0	0	0	0	0	0	0	0	0	0	0	0	0	0	0	0	0	0	0	0	0	0	0	0	0	0	0	0	0	0	0	0	0	0	0	0	0	0	0	0
0.952777373148553	0	0	0	0	0	0	0	0	0	0.912680966496367	0	0	0	0.864657555672029	0.563860956217589	0.890448731592163	0	0.813588924481834	0	0	0.974862343802956	0	0.710522718173455	0.590816644081493	0	0	0	0	0	0	0	0	0	0	0	0	0	0	0	0	0	0	0	0	0	0	0	0	0	0	0	0	0	0	0	0	0	0	0	0	0	0	0	0	0	0	0	0	0	0	0	0	0	0	0	0	0	0	0	0	0	0	0	0	0	0	0	0	0
0	0	0	0	0	0	0	0	0	0	0	0	0	0	0	0.933468196040865	0.757053847906111	0.936421800725533	0.628013026098946	0	0	0	0.757986012856725	0.524637140822824	0.651175211713881	0.751291373350313	0	0	0	0.737475576559647	0	0	0	0	0	0	0	0	0	0	0	0	0	0	0	0	0	0	0	0	0	0	0	0	0	0	0	0	0	0	0	0	0	0	0	0	0	0	0	0	0	0	0	0	0	0	0	0	0	0	0	0	0	0	0	0	0	0	0	0
0	0	0	0	0	0	0	0	0	0	0	0	0	0	0	0	0.676640099849948	0.540140819927246	0.990767738520688	0.804182087190999	0	0	0.523737388450449	0.946089910822964	0.544714104410801	0.531380937977238	0.69615750602904	0	0	0	0	0	0	0	0	0	0	0	0	0	0	0	0	0	0	0	0	0	0	0	0	0	0	0	0	0	0	0	0	0	0	0	0	0	0	0	0	0	0	0	0	0	0	0	0	0	0	0	0	0	0	0	0	0	0	0	0	0	0	0
0	0	0	0	0	0	0	0	0	0	0	0	0	0	0	0	0	0.638615729750945	0.923700594913309	0	0.908680352790529	0.924707962604967	0	0.952722456952641	0.698087470374036	0.641993347354332	0.920166717440005	0.82634682440735	0	0	0	0	0	0	0	0	0	0	0	0	0	0	0	0	0	0	0	0	0	0	0	0	0	0	0	0	0	0	0	0	0	0	0	0	0	0	0	0	0	0	0	0	0	0	0	0	0	0	0	0	0	0	0	0	0	0	0	0	0	0
0	0	0.612016612904942	0	0	0	0	0	0	0	0	0	0	0	0	0	0	0.856044993006844	0	0.908636894271937	0.814412964745774	0.891416115234777	0.646517981272467	0	0.776761955069895	0.760173429247979	0.674398656704426	0.857751164430633	0.894410341601375	0	0	0	0	0	0	0	0	0	0	0	0	0	0	0	0	0	0	0	0	0	0	0	0	0	0	0	0	0	0	0	0	0	0	0	0	0	0	0	0	0	0	0	0	0	0	0	0	0	0	0	0	0	0	0	0	0	0	0	0	0
0.695520871275942	0	0	0	0	0	0	0	0	0	0	0	0	0	0	0	0	0	0.98889348062722	0.54640496686537	0.79335495087764	0.690995390246149	0.812884341036416	0.548602790988405	0	0.820228596333361	0.725217679806699	0.881622044834728	0.977366662477226	0.891253409143127	0	0	0	0	0	0	0	0	0	0	0	0	0	0	0	0	0	0	0	0	0	0	0	0	0	0	0	0	0	0	0	0	0	0	0	0	0	0	0	0	0	0	0	0	0	0	0	0	0	0	0	0	0	0	0	0	0	0	0	0
0.993019860471765	0	0	0	0	0	0	0	0.641927413974717	0	0	0	0	0	0	0	0	0	0	0	0.78651911538305	0.544801881753168	0.625964379383966	0.738806618787654	0.595154735350445	0	0.776675979187687	0	0.614749636970754	0.8673026517036	0	0	0	0	0	0	0	0	0	0	0	0	0	0	0	0	0	0	0	0	0	0	0	0	0	0	0	0	0	0	0	0	0	0	0	0	0	0	0	0	0	0	0	0	0	0	0	0	0	0	0	0	0	0	0	0	0	0	0	0
0.581696245054261	0.877929071370802	0	0.942413157985096	0	0	0	0	0	0	0	0	0	0	0	0	0	0	0	0	0	0.628336115109467	0.944288389465241	0.839595384067519	0.792973351228303	0.691219397913237	0	0.632735859976787	0.668898827552066	0.534362923329028	0	0	0	0	0	0	0	0	0	0	0	0	0	0	0	0	0	0	0	0	0	0	0	0	0	0	0	0	0	0	0	0	0	0	0	0	0	0	0	0	0	0	0	0	0	0	0	0	0	0	0	0	0	0	0	0	0	0	0	0
0.731099785675744	0	0.854786052475848	0.530793157263122	0	0	0	0	0	0	0	0	0	0	0	0	0	0	0	0	0	0	0.805164138323084	0.827777250853143	0.531715986968552	0	0.87424546678827	0	0.927876983436693	0.572327959892775	0	0	0	0	0	0	0	0	0	0	0	0	0	0	0	0	0	0	0	0	0	0	0	0	0	0	0	0	0	0	0	0	0	0	0	0	0	0	0	0	0	0	0	0	0	0	0	0	0	0	0	0	0	0	0	0	0	0	0	0
0.690869112160981	0.961363024185486	0.849821524881132	0.743335250864851	0	0	0	0	0	0	0	0	0	0	0	0	0	0	0	0	0	0	0	0.985731852937341	0.806475802677351	0.974581876967356	0.584758696186143	0.990531149138273	0	0.796248022992593	0	0	0	0	0	0	0	0	0	0	0	0	0	0	0	0	0	0	0	0	0	0	0	0	0	0	0	0	0	0	0	0	0	0	0	0	0	0	0	0	0	0	0	0	0	0	0	0	0	0	0	0	0	0	0	0	0	0	0	0
0.620809513434376	0.670220112318124	0.650573862250529	0.868287313601891	0.778930858137315	0	0	0	0	0	0	0	0	0	0	0	0	0	0	0	0.949924943114128	0	0	0	0.806381688912486	0.898978224104105	0.678468087574233	0.529311219744976	0.976045211716288	0	0	0	0	0	0	0	0	0	0	0	0	0	0	0	0	0	0	0	0	0	0	0	0	0	0	0	0	0	0	0	0	0	0	0	0	0	0	0	0	0	0	0	0	0	0	0	0	0	0	0	0	0	0	0	0	0	0	0	0	0
0	0	0	0	0	0	0	0	0	0	0	0	0	0	0	0	0	0	0	0	0	0	0	0	0	0	0	0	0	0	0	0.816823017808184	0	0.688255721442802	0.993711863988667	0	0.653540038506892	0	0	0	0	0	0	0	0	0	0	0	0	0.594760514606333	0	0	0	0	0	0	0.575788370411722	0	0	0.760400334330019	0	0	0	0	0	0	0	0	0	0	0	0	0	0	0	0	0	0	0	0	0	0	0	0	0	0	0	0	0	0
0	0	0	0	0	0	0	0	0	0	0	0	0	0	0	0	0	0	0	0	0	0	0	0	0	0	0	0	0	0	0.714757847448191	0	0.588589153355377	0.846064192389376	0.786614644597087	0.787064149593487	0	0	0	0	0	0	0	0	0	0	0	0	0	0	0	0	0	0	0	0	0	0.95965659751608	0	0.994715669884474	0	0	0	0	0	0	0	0	0	0	0	0	0	0	0	0	0	0	0	0	0	0	0	0	0	0	0	0	0	0
0	0	0	0	0	0	0	0	0	0	0	0	0	0	0	0	0	0	0	0	0	0	0	0	0	0	0	0	0	0	0	0.595526254559599	0	0.979440408925147	0	0	0.7484072229753	0	0	0	0.917504761271894	0	0	0	0	0	0.8966880129455	0	0	0	0	0	0	0	0	0.961845915179119	0	0	0.820091588382476	0	0	0	0	0	0	0	0	0	0	0	0	0	0	0	0	0	0	0	0	0	0	0	0	0	0	0	0	0	0	0
0	0	0	0	0	0	0	0	0	0	0	0	0	0	0	0	0	0	0	0	0	0	0	0	0	0	0	0	0	0	0.679176450418508	0.931308675757865	0.710987712587592	0	0.586510411579782	0	0.978289564343153	0.989718500952598	0	0	0	0	0.571008346788243	0	0	0	0	0	0.949268173568857	0	0	0	0	0	0	0	0	0.665653500402818	0	0.629212653591538	0	0	0	0	0	0	0	0	0	0	0	0	0	0	0	0	0	0	0	0	0	0	0	0	0	0	0	0	0	0
0	0	0	0	0	0	0	0	0	0	0	0	0	0	0	0	0	0	0	0	0	0	0	0	0	0	0	0	0	0	0.531470917610527	0.899183472973017	0	0.502655444657616	0	0.679011302658003	0.759665624594362	0.642414771740138	0.56070606929151	0	0	0	0	0	0	0	0	0	0	0	0	0	0	0	0	0	0	0	0	0	0	0	0	0	0	0	0	0	0	0	0	0	0	0	0	0	0	0	0	0	0	0	0	0	0	0	0	0	0	0
0	0	0	0	0	0	0	0	0	0	0	0	0	0	0	0	0	0	0	0	0	0	0	0	0	0	0	0	0	0	0	0.885654227315372	0	0	0.764483522046494	0	0.597138086867755	0.82171331348607	0.7077256002948	0.792065916995928	0	0	0	0	0	0	0	0	0	0.955945023852726	0	0	0	0	0.526105505225073	0	0	0	0	0	0	0	0	0	0	0	0	0	0	0	0	0	0	0	0	0	0	0	0	0	0	0	0	0	0	0	0	0	0	0
0	0	0	0	0	0	0	0	0	0	0	0	0	0	0	0	0	0	0	0	0	0	0	0	0	0	0	0	0	0	0.842604454395366	0	0.68889759342809	0.547580461221459	0.60343032590965	0.858108260037614	0	0.521542490238166	0.747257558656777	0.868500978540677	0.607593586981303	0	0	0	0	0	0	0	0	0	0	0	0	0	0	0	0	0	0	0	0	0	0	0	0	0	0	0	0	0	0	0	0	0	0	0	0	0	0	0	0	0	0	0	0	0	0	0	0	0
0	0	0	0	0	0	0	0	0	0	0	0	0	0	0	0	0	0	0	0	0	0	0	0	0	0	0	0	0	0	0	0	0	0.780029186681229	0.591370767607007	0.742283917428897	0.933155814550361	0	0.724093048357691	0.970746268084825	0	0.988484314376401	0	0	0	0	0	0.837766718468643	0	0	0	0	0	0	0	0	0	0	0	0	0	0	0	0	0	0	0	0	0	0	0	0	0	0	0	0	0	0	0	0	0	0	0	0	0	0	0	0	0	0
0	0	0	0	0	0	0	0	0	0	0	0	0	0	0	0	0	0	0	0	0	0	0	0	0	0	0	0	0	0	0	0	0	0	0.559474210643019	0.698013404598915	0.585294100375213	0.728824434364587	0	0.840488764221873	0	0	0.590984092313494	0	0	0	0	0	0	0	0	0	0	0	0	0.91324649498265	0	0	0.819250105960177	0.619569333048049	0	0	0	0	0	0	0	0	0	0	0	0	0	0	0	0	0	0	0	0	0	0	0	0	0	0	0	0	0	0
0	0	0	0	0	0	0	0	0	0	0	0	0	0	0	0	0	0	0	0	0	0	0	0	0	0	0	0	0	0	0	0	0	0	0	0.58957540452945	0.972789843478828	0.548429610618737	0.609768977690658	0	0	0	0.512457303025516	0.794891393511915	0	0	0	0	0	0	0	0	0	0.610935092972318	0.861813317349373	0	0	0	0	0	0	0	0	0	0	0	0	0	0	0	0	0	0	0	0	0	0	0	0	0	0	0	0	0	0	0	0	0	0	0
0	0	0	0	0	0	0	0	0	0	0	0	0	0	0	0	0	0	0	0	0	0	0	0	0	0	0	0	0	0	0	0	0.95032988215886	0	0	0	0.918300104152425	0	0	0	0	0.765624621584632	0.643306936032586	0.870460047527159	0.859803170187575	0	0	0	0	0	0	0	0	0	0	0	0	0	0	0	0	0	0	0	0	0	0	0	0	0	0	0	0	0	0	0	0	0	0	0	0	0	0	0	0	0	0	0	0	0
0	0	0	0	0	0	0	0	0	0	0	0	0	0	0	0	0	0	0	0	0	0	0	0	0	0	0	0	0	0	0	0	0	0	0	0	0	0.72282375872616	0	0	0.685354713258862	0	0	0.840484214822014	0.96817405418948	0.715305533364255	0.855260849592849	0	0	0	0	0	0	0	0	0	0	0.965966216400316	0	0	0	0	0	0	0	0	0	0	0	0	0	0	0	0	0	0	0	0	0	0	0	0	0	0	0	0	0	0	0	0
0	0	0	0	0	0	0	0	0	0	0	0	0	0	0	0	0	0	0	0	0	0	0	0	0	0	0	0	0	0	0	0	0	0.519514422973001	0	0	0	0	0.739889407041979	0.964873247359777	0.614250445122887	0	0	0.629746724318057	0.593734711575701	0.951665359745778	0.506433701183566	0	0	0	0	0.866643670779991	0	0.978318876425242	0	0	0	0	0	0	0	0	0	0	0	0	0	0	0	0	0	0	0	0	0	0	0	0	0	0	0	0	0	0	0	0	0	0	0	0
0	0	0	0	0	0	0	0	0	0	0	0	0	0	0	0	0	0	0	0	0	0	0	0	0	0	0	0	0	0	0	0	0	0	0	0	0	0	0	0.664356567757507	0.687426130609345	0.511083756253209	0.624512169908881	0	0.544392353254271	0.911301662764929	0.632362668170871	0.915506092394739	0	0	0	0.702434010377612	0	0	0	0	0	0	0.903988696402044	0	0	0	0	0	0	0	0	0	0	0	0	0	0	0	0	0	0	0	0	0	0	0	0	0	0	0	0	0	0	0
0	0	0	0	0	0	0	0	0	0	0	0	0	0	0	0	0	0	0	0	0	0	0	0	0	0	0	0	0	0	0	0	0	0	0	0	0	0	0	0	0.50485168755086	0.582643670560235	0.782722442124	0.66409260816023	0	0	0.743280493971616	0.576995223936191	0.977197481859254	0	0	0	0	0	0	0	0	0	0	0	0	0	0	0	0	0	0	0	0	0	0	0	0	0	0	0	0	0	0	0	0	0	0	0	0	0	0	0	0	0
0	0	0	0	0	0	0	0	0	0	0	0	0	0	0	0	0	0	0	0	0	0	0	0	0	0	0	0	0	0	0	0	0	0	0	0	0	0	0	0	0	0.907924922417081	0.519494490910602	0.862545309209833	0	0	0.582685464834034	0.755393926978386	0.794682499539405	0.626946100263236	0	0	0	0	0	0	0	0	0	0	0	0	0	0	0	0	0	0	0	0	0	0	0	0	0	0	0	0	0	0	0	0	0	0	0	0	0	0	0	0
0	0	0	0	0	0	0	0	0	0	0	0	0	0	0	0	0	0	0	0	0	0	0	0	0	0	0	0	0	0	0	0	0.768052180170703	0	0	0	0	0	0	0	0	0.99750655642271	0.621939172153831	0.80470467055017	0.853772642294121	0.551571887917974	0	0.666857594445416	0	0.673633989296783	0	0	0	0	0	0	0	0	0	0	0	0	0	0	0	0	0	0	0	0	0	0	0	0	0	0	0	0	0	0	0	0	0	0	0	0	0	0	0	0
0	0	0	0	0	0	0	0	0	0	0	0	0	0	0	0	0	0	0	0	0	0	0	0	0	0	0	0	0	0	0	0	0	0	0	0	0	0.839937944971688	0	0	0	0	0	0.734202067319104	0.685420313459203	0.582898773240932	0.790517677905673	0	0	0.752574794421261	0.670465490916601	0.844113107562636	0	0	0.680014248561754	0	0.924661369723236	0	0	0.69372025456035	0	0	0	0	0	0	0	0	0	0	0	0	0	0	0	0	0	0	0	0	0	0	0	0	0	0	0	0	0	0
0	0	0	0	0	0	0	0	0	0	0	0	0	0	0	0	0	0	0	0	0	0	0	0	0	0	0	0	0	0	0	0	0	0.907021675699231	0	0	0	0	0	0	0	0	0	0	0.605133000228393	0.636323797893775	0	0	0	0.66380042416547	0.585007474249961	0.659914536128491	0.927815785873985	0	0	0	0	0	0	0	0	0	0	0	0	0	0	0	0	0	0	0	0	0	0	0	0	0	0	0	0	0	0	0	0	0	0	0	0	0
0	0	0	0	0	0	0	0	0	0	0	0	0	0	0	0	0	0	0	0	0	0	0	0	0	0	0	0	0	0	0.574669647061188	0	0	0	0	0.545087835446824	0	0	0	0	0	0	0	0	0	0.653585827332974	0.789742561132258	0.843088698846703	0.696347151256734	0	0	0.726225552680833	0	0.764364954930782	0	0	0	0.920594954226812	0	0	0	0	0	0	0	0	0	0	0	0	0	0	0	0	0	0	0	0	0	0	0	0	0	0	0	0	0	0	0	0
0	0	0	0	0	0	0	0	0	0	0	0	0	0	0	0	0	0	0	0	0	0	0	0	0	0	0	0	0	0	0	0	0	0	0	0	0	0	0	0	0	0	0	0	0	0	0	0.535962885747804	0.825387978467951	0	0	0.804379355174005	0.935719028605302	0	0.956073214029877	0	0	0	0	0.556981303880499	0	0	0	0	0	0	0	0	0	0	0	0	0	0	0	0	0	0	0	0	0	0	0	0	0	0	0	0	0	0
0	0	0	0	0	0	0	0	0	0	0	0	0	0	0	0	0	0	0	0	0	0	0	0	0	0	0	0	0	0	0	0	0	0	0	0	0	0	0	0	0	0	0.556007235017461	0.943948348856721	0	0	0	0.696555885276035	0.831548715037588	0.553156190333735	0.839627906383656	0	0	0.84360554190276	0	0.643007016746105	0	0	0	0	0	0	0	0	0	0	0	0	0	0	0	0	0	0	0	0	0	0	0	0	0	0	0	0	0	0	0	0	0	0
0	0	0	0	0	0	0	0	0	0	0	0	0	0	0	0	0	0	0	0	0	0	0	0	0	0	0	0	0	0	0	0	0	0	0	0	0	0	0	0	0	0	0	0	0	0	0	0	0.983793753453803	0	0.720276410523382	0	0	0.944760884572006	0.643893581287903	0.500060036566985	0.648131166346394	0	0	0	0	0	0	0	0	0	0	0	0	0	0	0	0	0	0	0	0	0	0	0	0	0	0	0	0	0	0	0	0	0
0	0	0	0	0	0	0	0	0	0	0	0	0	0	0	0	0	0	0	0	0	0	0	0	0	0	0	0	0	0	0	0	0	0	0	0	0	0	0	0.842222289807667	0	0	0.922827168607976	0	0	0	0	0	0	0.727280367168987	0	0.589784371020995	0.821713597214966	0	0.547467891283	0	0.587310820539294	0.531380928548409	0	0	0	0	0	0	0	0	0	0	0	0	0	0	0	0	0	0	0	0	0	0	0	0	0	0	0	0	0	0	0	0
0	0	0	0	0	0	0	0	0	0	0	0	0	0	0	0	0	0	0	0	0	0	0	0	0	0	0	0	0	0	0	0	0	0	0	0.533457738252261	0	0	0	0.797070462791076	0	0	0	0	0	0	0	0.750677027002703	0	0	0.957969569665821	0	0.70881743359761	0.871637908865933	0	0	0.847486290988247	0.665565487332194	0	0	0	0	0	0	0	0	0	0	0	0	0	0	0	0	0	0	0	0	0	0	0	0	0	0	0	0	0	0	0	0
0	0	0	0	0	0	0	0	0	0	0	0	0	0	0	0	0	0	0	0	0	0	0	0	0	0	0	0	0	0	0	0	0.886330934917454	0	0	0	0	0	0.674062039117605	0	0	0	0	0	0	0	0	0	0	0	0	0.96992272320242	0.518978457215862	0	0	0	0.925685017791587	0.807306414558885	0.945377197950321	0.750056439998731	0	0	0	0	0	0	0	0	0	0	0	0	0	0	0	0	0	0	0	0	0	0	0	0	0	0	0	0	0	0
0	0	0	0	0	0	0	0	0	0	0	0	0	0	0	0	0	0	0	0	0	0	0	0	0	0	0	0	0	0	0.928349609827908	0	0	0	0	0	0	0	0	0	0	0	0	0	0	0	0	0.522908811547828	0	0	0	0	0.888855156093257	0.939787301720853	0.579319557255528	0.741803372315565	0	0.543210962402958	0.664081985604268	0.942796442232783	0	0	0	0	0	0	0	0	0	0	0	0	0	0	0	0	0	0	0	0	0	0	0	0	0	0	0	0	0	0
0	0	0	0	0	0	0	0	0	0	0	0	0	0	0	0	0	0	0	0	0	0	0	0	0	0	0	0	0	0	0	0.63079919805014	0	0.544976554284274	0	0	0	0	0	0	0	0.806145696505909	0	0	0	0	0	0	0	0.691097903572586	0	0	0	0.634492519801928	0.602105129527441	0.784564810728121	0.737051120659702	0	0.736723661594159	0.594275603012673	0	0	0	0	0	0	0	0	0	0	0	0	0	0	0	0	0	0	0	0	0	0	0	0	0	0	0	0	0	0
0	0	0	0	0	0	0	0	0	0	0	0	0	0	0	0	0	0	0	0	0	0	0	0	0	0	0	0	0	0	0	0	0.747551159674105	0	0	0	0	0	0.605020197384848	0	0	0	0	0.738076385864759	0	0	0	0	0	0	0	0	0	0	0	0.968644166810994	0.63573851567903	0.814008106948918	0	0	0	0	0	0	0	0	0	0	0	0	0	0	0	0	0	0	0	0	0	0	0	0	0	0	0	0	0	0	0	0
0	0	0	0	0	0	0	0	0	0	0	0	0	0	0	0	0	0	0	0	0	0	0	0	0	0	0	0	0	0	0.961085377835991	0.576480283872311	0	0.622671391508855	0	0	0	0	0.519472191709472	0	0	0	0	0	0	0	0	0.508361847200834	0	0	0.688738602221758	0	0	0	0	0.782555296699443	0.703303672098909	0.63272261945277	0	0	0	0	0	0	0	0	0	0	0	0	0	0	0	0	0	0	0	0	0	0	0	0	0	0	0	0	0	0	0	0
0	0	0	0	0	0	0	0	0	0	0	0	0	0	0	0	0	0	0	0	0	0	0	0	0	0	0	0	0	0	0	0	0	0	0	0	0	0	0	0	0	0	0	0	0	0	0	0	0	0	0	0	0	0	0	0	0	0	0	0	0	0.97970438727051	0.58754821797311	0	0	0	0.588079517164621	0	0	0.827315755239953	0.887506576015266	0.840654693886059	0.93470221100066	0	0	0	0.56599810357981	0.605128311875763	0	0	0.955339175241371	0	0	0.633832796115484	0	0.927587461102656	0	0.786657772047602	0	0
0	0	0	0	0	0	0	0	0	0	0	0	0	0	0	0	0	0	0	0	0	0	0	0	0	0	0	0	0	0	0	0	0	0	0	0	0	0	0	0	0	0	0	0	0	0	0	0	0	0	0	0	0	0	0	0	0	0	0	0	0.580297053723492	0	0	0.822511887985026	0.795438860106171	0.908727458679559	0.992456181903382	0.693970523166309	0	0	0.962167989096923	0.915201370906654	0	0.713623261395954	0	0	0.830197072233144	0.578718412695858	0.876258527359497	0.673622015216277	0	0	0	0	0	0.667461903763132	0	0	0.51274243966165	0.902840740473874
0	0	0	0	0	0	0	0	0	0	0	0	0	0	0	0	0	0	0	0	0	0	0	0	0	0	0	0	0	0	0	0	0	0	0	0	0	0	0	0	0	0	0	0	0	0	0	0	0	0	0	0	0	0	0	0	0	0	0	0	0.9915544766875	0	0	0	0	0.823767193753042	0	0	0	0.539993126307263	0	0.933927245894967	0.592928731260491	0	0	0.732892195731032	0	0.885306294832267	0	0	0.679047998476587	0	0.851289474467891	0.842284389780139	0.820699822704825	0.804512921220093	0	0	0	0.710848678800223
0	0	0	0	0	0	0	0	0	0	0	0	0	0	0	0	0	0	0	0	0	0	0	0	0	0	0	0	0	0	0	0	0	0	0	0	0	0	0	0	0	0	0	0	0	0	0	0	0	0	0	0	0	0	0	0	0	0	0	0	0	0.539791833273037	0	0	0	0	0.706863464830078	0	0	0	0	0.618387501111283	0	0.554741041310494	0	0	0.790602511167974	0.905807297226431	0	0.955146690706405	0	0.512192430229479	0	0.58944996944281	0	0	0.780501609578574	0	0	0.865731155845761
0	0	0	0	0	0	0	0	0	0	0	0	0	0	0	0	0	0	0	0	0	0	0	0	0	0	0	0	0	0	0	0	0	0	0	0	0	0	0	0	0	0	0	0	0	0	0	0	0	0	0	0	0	0	0	0	0	0	0	0	0	0.708890414014532	0	0	0	0	0.790904965248199	0	0.961889323319805	0.508696119696099	0.606809319404211	0	0.509414799643785	0.814702354428482	0.935777793799737	0	0	0	0	0	0.870242009555601	0	0.690009081049682	0.971530063104405	0	0	0	0	0.896657347969312	0
0	0	0	0	0	0	0	0	0	0	0	0	0	0	0	0	0	0	0	0	0	0	0	0	0	0	0	0	0	0	0	0	0	0	0	0	0	0	0	0	0	0	0	0	0	0	0	0	0	0	0	0	0	0	0	0	0	0	0	0	0	0.866568582864148	0.81473247968103	0	0	0	0.582834019096459	0.878588268213301	0.78958860440306	0	0.63119502629378	0.746233588660892	0	0	0	0.641107536859228	0	0	0	0	0	0.833840156504911	0	0	0.859125591942158	0.66835120439547	0	0.669760917238604	0	0
0	0	0	0	0	0	0	0	0	0	0	0	0	0	0	0	0	0	0	0	0	0	0	0	0	0	0	0	0	0	0	0	0	0	0	0	0	0	0	0	0	0	0	0	0	0	0	0	0	0	0	0	0	0	0	0	0	0	0	0	0.657177718297407	0.750031247017453	0	0.746576367156395	0.751770852967306	0.695064049745034	0	0.946072438904662	0	0.933796033501268	0	0.878685975734887	0	0.736939915908805	0.910532472849695	0	0	0	0	0.559525944067745	0	0.788811691866083	0.863296519271089	0	0.838993841409229	0	0.947282402092029	0	0.608237804498483	0
0	0	0	0	0	0	0	0	0	0	0	0	0	0	0	0	0	0	0	0	0	0	0	0	0	0	0	0	0	0	0	0	0	0	0	0	0	0	0	0	0	0	0	0	0	0	0	0	0	0	0	0	0	0	0	0	0	0	0	0	0	0.822380690192561	0	0	0	0.788672133667722	0.601367537107565	0	0.501754255518936	0	0.852522995710434	0	0	0.864550401271518	0	0	0.573254998791046	0.803535781481037	0	0	0.787854936942969	0	0.945340845134849	0	0	0.608502632905617	0.748411281383514	0	0	0
0	0	0	0	0	0	0	0	0	0	0	0	0	0	0	0	0	0	0	0	0	0	0	0	0	0	0	0	0	0	0	0	0	0	0	0	0	0	0	0	0	0	0	0	0	0	0	0	0	0	0	0	0	0	0	0	0	0	0	0	0	0	0	0	0.549185812412425	0.830655618788454	0	0.914418580399272	0	0	0.70580212618866	0	0	0.848325032080714	0	0	0	0.843069503223274	0	0.712193806099265	0.74985168525745	0	0.527174420232054	0	0	0.871755061788904	0.600174977245051	0	0.505399565103919	0.918828567879394
0	0	0	0	0	0	0	0	0	0	0	0	0	0	0	0	0	0	0	0	0	0	0	0	0	0	0	0	0	0	0	0	0	0	0	0	0	0	0	0	0	0	0	0	0	0	0	0	0	0	0	0	0	0	0	0	0	0	0	0	0.597818783884324	0	0.972633614446986	0	0.642854670863257	0	0.942319896394938	0	0	0	0.974328352689397	0.613252356846858	0	0.717396487897121	0.54791152127234	0	0	0	0.615744843028719	0.632379899481539	0.824850080182937	0	0.653821885014608	0.762441432499079	0.917949859275098	0	0	0.92785405269097	0.665116634368513	0
0	0	0	0	0	0	0	0	0	0	0	0	0	0	0	0	0	0	0	0	0	0	0	0	0	0	0	0	0	0	0	0	0	0	0	0	0	0	0	0	0	0	0	0	0	0	0	0	0	0	0	0	0	0	0	0	0	0	0	0	0.7013024827333	0.511557635566887	0	0	0.581823147601095	0.530759657340658	0	0.651249113723443	0.916534851452414	0.805190121731551	0	0	0.572080196471029	0	0	0	0	0	0.998926224397863	0	0.827564467688735	0.660500177897643	0	0.574172544523865	0	0.708745258813655	0.627625971316701	0	0.586290770245125	0
0	0	0	0	0	0	0	0	0	0	0	0	0	0	0	0	0	0	0	0	0	0	0	0	0	0	0	0	0	0	0	0	0	0	0	0	0	0	0	0	0	0	0	0	0	0	0	0	0	0	0	0	0	0	0	0	0	0	0	0	0.734015494597031	0.619037264336003	0.733143883052127	0.725289601173434	0	0.7071417379403	0.936542504903195	0	0	0.556736525983618	0	0	0.542746092030201	0.605123434241112	0	0.932165576584715	0.670540428455666	0	0.554764303805285	0	0.913218902326036	0	0	0	0	0	0	0	0.655549660882162	0.721345165499957
0	0	0	0	0	0	0	0	0	0	0	0	0	0	0	0	0	0	0	0	0	0	0	0	0	0	0	0	0	0	0	0	0	0	0	0	0	0	0	0	0	0	0	0	0	0	0	0	0	0	0	0	0	0	0	0	0	0	0	0	0.511973244102314	0	0.652088732514896	0	0.955592896019631	0	0	0	0	0	0.678213434443806	0.838321214858258	0	0.61958689820891	0.602372922922465	0.867041804956286	0	0.578992460145158	0.691836123066887	0	0.839112111270571	0.635830893346804	0	0.690105549504736	0	0.673332387906353	0	0	0.521293834767068	0.987332441689735
0	0	0	0	0	0	0	0	0	0	0	0	0	0	0	0	0	0	0	0	0	0	0	0	0	0	0	0	0	0	0	0	0	0	0	0	0	0	0	0	0	0	0	0	0	0	0	0	0	0	0	0	0	0	0	0	0	0	0	0	0	0.566959654698809	0	0.833207580878416	0.652368852059985	0	0.807741859577081	0.842785129064637	0.545276287741771	0.741758552564774	0	0.599396339460279	0.632992571331204	0	0.674824761948028	0	0.538603397831146	0	0.542346189401391	0	0	0	0.999708683034815	0	0	0.505699901338352	0.661081881174735	0.593740955004348	0	0.836276508623623
0	0	0	0	0	0	0	0	0	0	0	0	0	0	0	0	0	0	0	0	0	0	0	0	0	0	0	0	0	0	0	0	0	0	0	0	0	0	0	0	0	0	0	0	0	0	0	0	0	0	0	0	0	0	0	0	0	0	0	0	0	0	0	0	0.850659255954397	0	0.554607063276764	0	0	0.977119346154652	0	0	0.656889015820372	0.965901599493389	0	0.775403768317097	0.951874115610016	0.691820839184891	0.662444871555666	0	0.747488259304874	0.634749919472093	0	0	0	0	0.599002540263299	0.54490624492407	0.762478411523081	0.751058163818651
0	0	0	0	0	0	0	0	0	0	0	0	0	0	0	0	0	0	0	0	0	0	0	0	0	0	0	0	0	0	0	0	0	0	0	0	0	0	0	0	0	0	0	0	0	0	0	0	0	0	0	0	0	0	0	0	0	0	0	0	0	0	0.910810748189692	0	0	0.97413255870747	0	0	0	0	0	0.877949727407115	0.963887846565221	0	0.544313843337141	0	0	0.781078510014298	0	0	0	0	0.789279499299016	0	0	0.954850401695733	0.736163498469461	0	0	0
0	0	0	0	0	0	0	0	0	0	0	0	0	0	0	0	0	0	0	0	0	0	0	0	0	0	0	0	0	0	0	0	0	0	0	0	0	0	0	0	0	0	0	0	0	0	0	0	0	0	0	0	0	0	0	0	0	0	0	0	0.775439064720941	0.852472634881214	0	0.801715458620564	0	0	0	0.721035513623488	0	0	0	0.640597019211116	0	0.820964487756994	0.916698253058453	0	0	0	0.687532760632036	0.888372042830093	0.587352566990015	0.683197442592726	0.60926203572032	0	0	0	0	0	0	0.658676456074411
0	0	0	0	0	0	0	0	0	0	0	0	0	0	0	0	0	0	0	0	0	0	0	0	0	0	0	0	0	0	0	0	0	0	0	0	0	0	0	0	0	0	0	0	0	0	0	0	0	0	0	0	0	0	0	0	0	0	0	0	0.750864216781151	0.807456821736588	0.76098890939608	0.955845899037896	0	0	0	0.771477970562001	0.674382445338357	0	0	0	0.924835186232712	0	0.606367739979076	0.791527422554956	0	0	0	0.782106641097175	0.829535805204794	0.640842239809085	0	0	0	0.578419918115743	0.791181966497912	0	0.839677972847424	0
0	0	0	0	0	0	0	0	0	0	0	0	0	0	0	0	0	0	0	0	0	0	0	0	0	0	0	0	0	0	0	0	0	0	0	0	0	0	0	0	0	0	0	0	0	0	0	0	0	0	0	0	0	0	0	0	0	0	0	0	0	0.629650375224383	0	0	0	0	0	0	0	0.830221496011953	0.709347013235429	0.515254176984829	0.575800202750029	0.521348177752359	0.590338065925968	0	0.69590058638308	0	0	0	0.711971561150846	0.904819080980282	0	0	0.606741264413279	0.66930766040275	0.573587397311486	0.94337554889452	0.579081537618216	0
0	0	0	0	0	0	0	0	0	0	0	0	0	0	0	0	0	0	0	0	0	0	0	0	0	0	0	0	0	0	0	0	0	0	0	0	0	0	0	0	0	0	0	0	0	0	0	0	0	0	0	0	0	0	0	0	0	0	0	0	0	0.950445732970604	0	0.687485159995687	0	0	0.700679586444676	0	0.882519470830508	0.780679203477754	0	0	0	0	0	0	0.823312608362706	0.708286797267058	0	0	0.531642945855055	0.895035291444594	0	0.692479089647046	0	0.632824718717613	0.965041738182244	0	0	0.881353457402627
0	0	0	0	0	0	0	0	0	0	0	0	0	0	0	0	0	0	0	0	0	0	0	0	0	0	0	0	0	0	0	0	0	0	0	0	0	0	0	0	0	0	0	0	0	0	0	0	0	0	0	0	0	0	0	0	0	0	0	0	0.860490574749683	0	0.793602816006022	0	0.817080483543172	0	0	0.650035750986697	0.969082726545332	0.879177680909165	0.975472162325729	0.816036859337326	0.970278264402821	0	0.86392558319163	0	0.670479955937073	0.962803650364525	0.872721253694787	0.830194858464665	0	0.920583306557317	0.836121794579736	0	0.651483566103469	0	0	0.57379340399315	0	0
0	0	0	0	0	0	0	0	0	0	0	0	0	0	0	0	0	0	0	0	0	0	0	0	0	0	0	0	0	0	0	0	0	0	0	0	0	0	0	0	0	0	0	0	0	0	0	0	0	0	0	0	0	0	0	0	0	0	0	0	0	0	0	0.84516261390046	0	0.851726977066744	0.881261267268007	0	0	0	0.709547577503525	0	0.811592336959188	0	0.879793020212396	0	0.667608852136788	0.663479069109	0.820892932073948	0.695098872580135	0.772119934337813	0	0	0.879467056350941	0.70494856913101	0	0	0.951568839390876	0.626645536394638	0.705238209327005
0	0	0	0	0	0	0	0	0	0	0	0	0	0	0	0	0	0	0	0	0	0	0	0	0	0	0	0	0	0	0	0	0	0	0	0	0	0	0	0	0	0	0	0	0	0	0	0	0	0	0	0	0	0	0	0	0	0	0	0	0	0	0.762805030755909	0	0.784847155448588	0	0.522315626641739	0.868000081647885	0.633161166741945	0.796518628927311	0	0	0	0.527752037354566	0	0.765339008093548	0.656575039908863	0	0	0	0.988043793927111	0	0	0.543247050905456	0	0	0	0	0.746868972108064	0.86445391805439
0	0	0	0	0	0	0	0	0	0	0	0	0	0	0	0	0	0	0	0	0	0	0	0	0	0	0	0	0	0	0	0	0	0	0	0	0	0	0	0	0	0	0	0	0	0	0	0	0	0	0	0	0	0	0	0	0	0	0	0	0.575574775620938	0	0.629223623903037	0.875617308812938	0.520498204457273	0	0	0	0	0.528490002299051	0.842553350586012	0	0.838891629137708	0	0	0	0	0	0	0.542231043950079	0	0.74411912953894	0.999142268928305	0	0	0.741293064976518	0	0	0.865707663508619	0
0	0	0	0	0	0	0	0	0	0	0	0	0	0	0	0	0	0	0	0	0	0	0	0	0	0	0	0	0	0	0	0	0	0	0	0	0	0	0	0	0	0	0	0	0	0	0	0	0	0	0	0	0	0	0	0	0	0	0	0	0	0	0.892938441023767	0	0	0.937361296956214	0.663023860175921	0	0	0.976354770747089	0	0	0	0	0	0	0	0	0.747547426799003	0	0.731015882422129	0.568305755456798	0	0	0	0.676111147569322	0.934592261833908	0	0	0.923114371119417
0	0	0	0	0	0	0	0	0	0	0	0	0	0	0	0	0	0	0	0	0	0	0	0	0	0	0	0	0	0	0	0	0	0	0	0	0	0	0	0	0	0	0	0	0	0	0	0	0	0	0	0	0	0	0	0	0	0	0	0	0.666816471391357	0.787047221842151	0.655579754652028	0	0	0.991984066082472	0	0.977742647811148	0.668736332667925	0	0.876793477152842	0	0.571956704529496	0.973874214581741	0	0.80781861661176	0	0.700895052958718	0.630611431136623	0.962794798309358	0	0	0	0.830607108921146	0.60859226012289	0	0.645857531455059	0	0.50629120560033	0
0	0	0	0	0	0	0	0	0	0	0	0	0	0	0	0	0	0	0	0	0	0	0	0	0	0	0	0	0	0	0	0	0	0	0	0	0	0	0	0	0	0	0	0	0	0	0	0	0	0	0	0	0	0	0	0	0	0	0	0	0	0	0	0.705021500472555	0	0	0.503978684058756	0.556611298168604	0.825856913500715	0	0.512441259570167	0	0	0.925919349749576	0.604243101977999	0.777930530983769	0	0.602023666230119	0.581308326041035	0.678797365763131	0	0	0	0	0.996844673036906	0.625058020092544	0	0.911018273610141	0.958656897281193	0.9984391366738
0	0	0	0	0	0	0	0	0	0	0	0	0	0	0	0	0	0	0	0	0	0	0	0	0	0	0	0	0	0	0	0	0	0	0	0	0	0	0	0	0	0	0	0	0	0	0	0	0	0	0	0	0	0	0	0	0	0	0	0	0.92485446757965	0	0	0	0	0.502609725992793	0	0	0	0.627337107365045	0	0	0	0.740234847063763	0.587013938387452	0	0	0	0.880707853781427	0	0.588201290233789	0.636469949681705	0	0	0	0	0.932563325552561	0	0.655490262876889	0
0	0	0	0	0	0	0	0	0	0	0	0	0	0	0	0	0	0	0	0	0	0	0	0	0	0	0	0	0	0	0	0	0	0	0	0	0	0	0	0	0	0	0	0	0	0	0	0	0	0	0	0	0	0	0	0	0	0	0	0	0	0.929060852090323	0	0	0.719966886440675	0	0.674079564128048	0	0.821511226062492	0.567535113932518	0.779133304746152	0.600893363439472	0.944019000130535	0	0.870136586783653	0	0	0.553815191749783	0.691508213444151	0	0	0.638274048311967	0.845635076833098	0.854163437295678	0	0.872156941593587	0.638866268363931	0.80205857133001	0	0
0	0	0	0	0	0	0	0	0	0	0	0	0	0	0	0	0	0	0	0	0	0	0	0	0	0	0	0	0	0	0	0	0	0	0	0	0	0	0	0	0	0	0	0	0	0	0	0	0	0	0	0	0	0	0	0	0	0	0	0	0	0.729899468523463	0.629876649689656	0.639763520044293	0	0	0	0	0.689299114356228	0	0	0.824659571125349	0.893130059261256	0.932850058990822	0.755879913970276	0	0.984629809740585	0	0	0.835881292167752	0	0.800396274528336	0.873860666634521	0	0.864132201142086	0	0.882965483058758	0	0	0
