0	0.833926692360142	0.962484236660748	0.520191776483361	0.809927380878859	0.992121816327534	0	0.921476213369462	0	0	0	0	0	0	0.915603760959685	0	0	0	0	0	0	0	0	0.696637252444049	0	0.638383287028294	0.55402565766908	0.576746093081373	0.78564262545809	0.975647555302428	0	0	0	0	0	0	0	0	0	0	0	0	0	0	0	0	0	0	0	0	0	0	0	0	0	0	0	0	0	0	0	0	0	0	0	0	0	0	0	0	0	0	0	0	0	0	0	0	0	0	0	0	0	0	0	0	0	0	0	0
0.586190801603334	0	0.901488434576507	0.670722025889555	0.759762265094359	0.964779628755693	0.926031130623716	0	0.563270318715286	0	0	0.902282590014454	0	0	0	0	0	0	0	0	0	0	0	0	0.55980619384342	0.580064859972063	0.732520215125616	0.560164525886373	0.888753732826978	0.511109366236777	0	0	0	0	0	0	0	0	0	0	0	0	0	0	0	0	0	0	0	0	0	0	0	0	0	0	0	0	0	0	0	0	0	0	0	0	0	0	0	0	0	0	0	0	0	0	0	0	0	0	0	0	0	0	0	0	0	0	0	0
0.735817492807892	0.816469865592463	0	0.973273727606874	0.9588630392926	0.839935039611529	0.887595996419533	0.650036825150668	0.744831253150651	0.689011667329004	0	0	0	0	0	0	0	0	0.90319136390309	0	0	0	0	0	0.772170257532673	0.544380178257745	0.95813621291519	0.598069783222641	0.873246589435777	0.988031049777536	0	0	0	0	0	0	0	0	0	0	0	0	0	0	0	0	0	0	0	0	0	0	0	0	0	0	0	0	0	0	0	0	0	0	0	0	0	0	0	0	0	0	0	0	0	0	0	0	0	0	0	0	0	0	0	0	0	0	0	0
0.597972376307428	0.551003302399652	0.674998592603423	0	0.749310447733908	0	0.636946753425395	0.813590937545267	0.618542868693961	0.700819157784328	0.677060647078115	0	0	0	0	0	0	0	0	0	0	0.619366750211927	0	0	0.664932037550369	0	0.509446157001685	0.793494523543154	0.76703956372743	0.989356053068723	0	0	0	0	0	0	0	0	0	0	0	0	0	0	0	0	0	0	0	0	0	0	0	0	0	0	0	0	0	0	0	0	0	0	0	0	0	0	0	0	0	0	0	0	0	0	0	0	0	0	0	0	0	0	0	0	0	0	0	0
0.86089562643128	0.912982237180155	0.537164679629068	0.531290343825592	0	0.534890125893452	0.801575030009867	0.709422773872442	0.503015527280085	0.74487242015068	0.689694483089128	0.825195437571569	0	0	0	0	0	0	0	0	0	0	0	0	0	0	0	0.69343556192179	0.768015267279991	0.914416202005192	0	0	0	0	0	0	0	0	0	0	0	0	0	0	0	0	0	0	0	0	0	0	0	0	0	0	0	0	0	0	0	0	0	0	0	0	0	0	0	0	0	0	0	0	0	0	0	0	0	0	0	0	0	0	0	0	0	0	0	0
0.851672471084677	0.917495816616411	0.945441591984315	0	0.623412734468164	0	0.54605148713716	0.759685910559944	0.979952213520007	0.962188305043875	0.74773246961914	0.681328844628406	0.726428502782921	0	0	0	0	0	0	0	0	0	0	0	0	0	0	0	0.882591390212573	0.642373390836873	0	0	0	0	0	0	0	0	0	0	0	0	0	0	0	0	0	0	0	0	0	0	0	0	0	0	0	0	0	0	0	0	0	0	0	0	0	0	0	0	0	0	0	0	0	0	0	0	0	0	0	0	0	0	0	0	0	0	0	0
0	0.673285152389354	0.672511077971166	0.660623215625394	0.570443442607281	0.780441442573653	0	0.733104869067174	0.668144415776674	0.663498067453452	0.972474594106285	0.590119410144722	0.954197137949327	0.934769042576441	0	0	0	0	0	0	0	0	0	0	0.697604562632179	0	0	0	0	0.700372690600023	0	0	0	0	0	0	0	0	0	0	0	0	0	0	0	0	0	0	0	0	0	0	0	0	0	0	0	0	0	0	0	0	0	0	0	0	0	0	0	0	0	0	0	0	0	0	0	0	0	0	0	0	0	0	0	0	0	0	0	0
0.909875092032083	0	0.549995729524129	0.53198097680417	0.738753697343216	0.983773984270239	0.744176836598926	0	0.507324006929075	0.875984612758067	0.693709164052881	0.661955590991318	0.772101295503722	0.988603188725088	0	0	0	0	0	0	0.584045755913407	0	0	0	0	0.7978780375668	0	0	0	0	0	0	0	0	0	0	0	0	0	0	0	0	0	0	0	0	0	0	0	0	0	0	0	0	0	0	0	0	0	0	0	0	0	0	0	0	0	0	0	0	0	0	0	0	0	0	0	0	0	0	0	0	0	0	0	0	0	0	0	0
0	0.597316845834092	0.996969531224954	0.864702334599237	0.833988423384794	0.526234324248016	0.877080941029902	0.595850370885066	0	0.824709678339458	0.934471279985828	0.736749612818233	0.66268950973278	0.825290934967515	0.765976282710793	0.530771687142721	0	0.862885224812533	0	0	0	0	0	0	0	0	0	0	0	0	0	0	0	0	0	0	0	0	0	0	0	0	0	0	0	0	0	0	0	0	0	0	0	0	0	0	0	0	0	0	0	0	0	0	0	0	0	0	0	0	0	0	0	0	0	0	0	0	0	0	0	0	0	0	0	0	0	0	0	0
0	0	0.844520632248932	0.536508941095747	0.567343418311913	0.742611988651667	0.691016366623963	0.666031607626388	0.714138998345599	0	0.94334464762414	0.683251912472604	0.810993785575212	0.992872588892237	0	0.943765575827632	0.855417734922934	0	0	0	0	0	0	0	0.901840046060828	0	0	0	0	0.772594258707328	0	0	0	0	0	0	0	0	0	0	0	0	0	0	0	0	0	0	0	0	0	0	0	0	0	0	0	0	0	0	0	0	0	0	0	0	0	0	0	0	0	0	0	0	0	0	0	0	0	0	0	0	0	0	0	0	0	0	0	0
0	0	0	0.734169658608741	0.769705561225702	0.898361418900479	0.805599872586774	0.825896890382694	0.810741790220388	0.982730132641301	0	0.908771360529663	0.549089317769912	0.546123268078698	0.837296438383979	0.532195304758666	0.618642971329326	0.603393970750736	0	0	0	0	0	0	0	0	0	0	0	0	0	0	0	0	0	0	0	0	0	0	0	0	0	0	0	0	0	0	0	0	0	0	0	0	0	0	0	0	0	0	0	0	0	0	0	0	0	0	0	0	0	0	0	0	0	0	0	0	0	0	0	0	0	0	0	0	0	0	0	0
0	0.840241909015732	0	0	0.806069508591263	0.54040812023992	0.889512484119189	0.677483181757087	0.962700951957483	0.819896538617677	0.759805661147257	0	0.576856629119714	0.569169667159055	0.944083796349082	0.857529627294087	0.787432147207536	0.559854802907941	0.729424087212407	0	0	0	0	0	0	0	0	0	0	0	0	0	0	0	0	0	0	0	0	0	0	0	0	0	0	0	0	0	0	0	0	0	0	0	0	0	0	0	0	0	0	0	0	0	0	0	0	0	0	0	0	0	0	0	0	0	0	0	0	0	0	0	0	0	0	0	0	0	0	0
0	0	0	0	0	0.913301011094572	0.71942500672943	0.975313133131603	0.836492251560396	0.565820673703629	0.654733916731567	0.866347238994767	0	0.539324134557749	0.858617585055906	0.931136106280343	0.656141930562686	0.902157832439667	0	0.663942420594638	0	0	0	0	0	0	0	0	0	0.815702396287034	0	0	0	0	0	0	0	0	0	0	0	0	0	0	0	0	0	0	0	0	0	0	0	0	0	0	0	0	0	0	0	0	0	0	0	0	0	0	0	0	0	0	0	0	0	0	0	0	0	0	0	0	0	0	0	0	0	0	0	0
0	0	0	0	0	0	0.796773242002757	0.778014405028454	0.89572970889655	0.554342871943722	0.739044755387816	0.664827627590438	0.967554446776494	0	0.916190649131139	0.693359394133697	0.959480721822395	0.787090862398327	0.677257921942271	0	0.526101619623453	0.628185355362983	0	0	0	0	0	0	0	0	0	0	0	0	0	0	0	0	0	0	0	0	0	0	0	0	0	0	0	0	0	0	0	0	0	0	0	0	0	0	0	0	0	0	0	0	0	0	0	0	0	0	0	0	0	0	0	0	0	0	0	0	0	0	0	0	0	0	0	0
0.672725872409827	0	0	0	0	0	0	0	0.92359301028544	0	0.660053210729503	0.702090668947026	0.616048403691837	0.505831678724411	0	0.660527926010012	0.606149319421038	0.849056088889008	0.511561271450406	0.607042896491524	0.709050466935653	0.872706736594411	0	0	0	0	0	0	0	0	0	0	0	0	0	0	0	0	0	0	0	0	0	0	0	0	0	0	0	0	0	0	0	0	0	0	0	0	0	0	0	0	0	0	0	0	0	0	0	0	0	0	0	0	0	0	0	0	0	0	0	0	0	0	0	0	0	0	0	0
0	0	0	0	0	0	0	0	0.978480508957732	0.911744872140777	0.957051288603842	0.89647499689503	0.713527846095958	0.783476959925599	0.77185016056938	0	0.954607518610226	0.675275303452236	0.904004993120312	0.755214988325055	0.549668504652852	0.820242225251636	0.906827438050468	0	0	0	0	0	0	0	0	0	0	0	0	0	0	0	0	0	0	0	0	0	0	0	0	0	0	0	0	0	0	0	0	0	0	0	0	0	0	0	0	0	0	0	0	0	0	0	0	0	0	0	0	0	0	0	0	0	0	0	0	0	0	0	0	0	0	0
0	0	0	0	0	0	0	0	0	0.704559877395067	0.812180481820216	0.966384623409036	0.858232337580632	0.926315606627029	0.93759325773542	0.862933567247943	0	0.726987998664163	0.884594880114441	0.896015179977531	0.865837516339833	0.890359034483372	0.630491795818498	0.916809245616016	0	0	0	0	0	0	0	0	0	0	0	0	0	0	0	0	0	0	0	0	0	0	0	0	0	0	0	0	0	0	0	0	0	0	0	0	0	0	0	0	0	0	0	0	0	0	0	0	0	0	0	0	0	0	0	0	0	0	0	0	0	0	0	0	0	0
0	0	0	0	0	0	0	0	0.687597034854794	0	0.63832564841452	0.804566429954862	0.527034993882019	0.669893147731351	0.548778583431537	0.778937150469128	0.673953666281296	0	0.688973904866276	0.852828764129439	0.670226948879548	0.875410485775342	0.533703757893495	0.81543772065852	0	0	0	0	0	0	0	0	0	0	0	0	0	0	0	0	0	0	0	0	0	0	0	0	0	0	0	0	0	0	0	0	0	0	0	0	0	0	0	0	0	0	0	0	0	0	0	0	0	0	0	0	0	0	0	0	0	0	0	0	0	0	0	0	0	0
0	0	0.581792085176345	0	0	0	0	0	0	0	0	0.952341632718306	0	0.70660164427231	0.847821504742207	0.787956680830496	0.719541035777193	0.607802163525569	0	0.803374545849572	0.663135596828921	0.753082350844514	0	0.743858177128954	0.789342867880979	0.669873247929894	0	0	0	0	0	0	0	0	0	0	0	0	0	0	0	0	0	0	0	0	0	0	0	0	0	0	0	0	0	0	0	0	0	0	0	0	0	0	0	0	0	0	0	0	0	0	0	0	0	0	0	0	0	0	0	0	0	0	0	0	0	0	0	0
0	0	0	0	0	0	0	0	0	0	0	0	0.771056401957792	0	0.695508517267191	0.530197388947625	0.553152253135624	0.891591996793868	0.551270606750264	0	0.717752976882942	0.816968830658588	0.563443208960904	0.700279453545055	0.786355250145451	0.818393384406201	0.847653616330691	0	0	0	0	0	0	0	0	0	0	0	0	0	0	0	0	0	0	0	0	0	0	0	0	0	0	0	0	0	0	0	0	0	0	0	0	0	0	0	0	0	0	0	0	0	0	0	0	0	0	0	0	0	0	0	0	0	0	0	0	0	0	0
0	0	0	0	0	0	0	0.956478416336109	0	0	0	0	0	0.586149025378288	0.911111228176767	0.853076351680211	0.751832277142131	0.811669575067572	0.576515987991633	0.918204711300782	0	0.858518097318382	0.764335088110747	0.927186654373727	0.782168509680207	0.961395225376012	0.606085908901181	0.637721983524542	0	0	0	0	0	0	0	0	0	0	0	0	0	0	0	0	0	0	0	0	0	0	0	0	0	0	0	0	0	0	0	0	0	0	0	0	0	0	0	0	0	0	0	0	0	0	0	0	0	0	0	0	0	0	0	0	0	0	0	0	0	0
0	0	0	0.605317739916729	0	0	0	0	0	0	0	0	0	0.828761750161954	0.762675453686978	0.95020243919774	0.607790580484332	0.913207182172687	0.512103325256409	0.613732321552926	0.711909278720133	0	0.931800152321181	0.702990306439753	0.927565306928127	0.622023195679154	0.8765202079093	0.664367922472644	0.66415695958419	0	0	0	0	0	0	0	0	0	0	0	0	0	0	0	0	0	0	0	0	0	0	0	0	0	0	0	0	0	0	0	0	0	0	0	0	0	0	0	0	0	0	0	0	0	0	0	0	0	0	0	0	0	0	0	0	0	0	0	0	0
0	0	0	0	0	0	0	0	0	0	0	0	0	0	0	0.574393680182384	0.583986209816457	0.791931211570023	0	0.818787975814721	0.716252640067306	0.998740522769486	0	0.964063175505485	0.689953128455896	0.775967166851829	0.608306650025967	0.936425699715788	0.706820689520805	0.975617814403833	0	0	0	0	0	0	0	0	0	0	0	0	0	0	0	0	0	0	0	0	0	0	0	0	0	0	0	0	0	0	0	0	0	0	0	0	0	0	0	0	0	0	0	0	0	0	0	0	0	0	0	0	0	0	0	0	0	0	0	0
0.583558156382877	0	0	0	0	0	0	0	0	0	0	0	0	0	0	0	0.755815526896567	0.887539754239139	0.541217823348744	0.610201202110547	0.894754639668695	0.55743496454736	0.806460225872597	0	0.85340429683023	0.581900167637449	0.601755046931474	0.852034191975196	0.692295098957858	0.652355561149987	0	0	0	0	0	0	0	0	0	0	0	0	0	0	0	0	0	0	0	0	0	0	0	0	0	0	0	0	0	0	0	0	0	0	0	0	0	0	0	0	0	0	0	0	0	0	0	0	0	0	0	0	0	0	0	0	0	0	0	0
0	0.842729068040014	0.560923079744666	0.965140063088662	0	0	0.926224920080433	0	0	0.995411361447002	0	0	0	0	0	0	0	0	0.849405268482916	0.958822172455483	0.754657170655059	0.561290975984174	0.890995615484386	0.882077757345505	0	0	0.851467239450185	0.787543638634567	0	0	0	0	0	0	0	0	0	0	0	0	0	0	0	0	0	0	0	0	0	0	0	0	0	0	0	0	0	0	0	0	0	0	0	0	0	0	0	0	0	0	0	0	0	0	0	0	0	0	0	0	0	0	0	0	0	0	0	0	0	0
0.854244767911601	0.923301571443733	0.721577344730295	0	0	0	0	0.959125585250904	0	0	0	0	0	0	0	0	0	0	0.774274353473131	0.901780808024216	0.697468630489525	0.519952586495203	0.918206552245976	0.73014199348296	0	0	0.995769708915673	0.847808867339657	0.561198180090026	0	0	0	0	0	0	0	0	0	0	0	0	0	0	0	0	0	0	0	0	0	0	0	0	0	0	0	0	0	0	0	0	0	0	0	0	0	0	0	0	0	0	0	0	0	0	0	0	0	0	0	0	0	0	0	0	0	0	0	0	0
0.578040666193616	0.749276088323881	0.511111885661002	0.872065410427733	0	0	0	0	0	0	0	0	0	0	0	0	0	0	0	0.843127344773369	0.702593058598036	0.67938537955	0.707277565528607	0.782969380466947	0.530712118011086	0.974584622048112	0	0.786342945777987	0.734742259046845	0.903631618707493	0	0	0	0	0	0	0	0	0	0	0	0	0	0	0	0	0	0	0	0	0	0	0	0	0	0	0	0	0	0	0	0	0	0	0	0	0	0	0	0	0	0	0	0	0	0	0	0	0	0	0	0	0	0	0	0	0	0	0	0
0.711709432245761	0.550642962775231	0.547423564877284	0.726020735938512	0.512467375902029	0	0	0	0	0	0	0	0	0	0	0	0	0	0	0	0.656118229336544	0.853784442900534	0.81449530339443	0.987715705154684	0.902558820577934	0.791586604044716	0.667740477842141	0	0.836502376068542	0.742141063258051	0	0	0	0	0	0	0	0	0	0	0	0	0	0	0	0	0	0	0	0	0	0	0	0	0	0	0	0	0	0	0	0	0	0	0	0	0	0	0	0	0	0	0	0	0	0	0	0	0	0	0	0	0	0	0	0	0	0	0	0
0.664974950020973	0.855984006453646	0.690856932581816	0.954094188069517	0.908495862757469	0.764815856400052	0	0	0	0	0	0	0	0	0	0	0	0	0	0	0	0.781339064467937	0.693087419602934	0.904405921112206	0	0.663414651040477	0.923337909252392	0.699665384588255	0	0.805496545256061	0	0	0	0	0	0	0	0	0	0	0	0	0	0	0	0	0	0	0	0	0	0	0	0	0	0	0	0	0	0	0	0	0	0	0	0	0	0	0	0	0	0	0	0	0	0	0	0	0	0	0	0	0	0	0	0	0	0	0	0
0.984599517452515	0.891001262017398	0.769698540460793	0.554310902038765	0.97717642563551	0.631795747591094	0.656343816597246	0	0	0.62716845985116	0	0	0.866981778744541	0	0	0	0	0	0	0	0	0	0.762328703046506	0.538137260493425	0	0	0.902363707391065	0.516941510243848	0.659377811485359	0	0	0	0	0	0	0	0	0	0	0	0	0	0	0	0	0	0	0	0	0	0	0	0	0	0	0	0	0	0	0	0	0	0	0	0	0	0	0	0	0	0	0	0	0	0	0	0	0	0	0	0	0	0	0	0	0	0	0	0	0
0	0	0	0	0	0	0	0	0	0	0	0	0	0	0	0	0	0	0	0	0	0	0	0	0	0	0	0	0	0	0	0	0.945051358917529	0.985636877608764	0	0	0	0	0	0	0	0	0	0	0	0.679844695356628	0.916343495244919	0	0	0	0	0.890170241002942	0	0	0.744709997275549	0	0.960004138277131	0.537773068270311	0.818000484218123	0.666785786410869	0	0	0	0	0	0	0	0	0	0	0	0	0	0	0	0	0	0	0	0	0	0	0	0	0	0	0	0	0	0
0	0	0	0	0	0	0	0	0	0	0	0	0	0	0	0	0	0	0	0	0	0	0	0	0	0	0	0	0	0	0	0	0.809544678489309	0	0	0.921051679175681	0	0	0	0	0	0	0	0	0.939702085223965	0	0	0	0	0	0.614595846004602	0	0	0	0.912415080023626	0	0.865673644268804	0	0.748109431403149	0	0	0	0	0	0	0	0	0	0	0	0	0	0	0	0	0	0	0	0	0	0	0	0	0	0	0	0	0	0	0
0	0	0	0	0	0	0	0	0	0	0	0	0	0	0	0	0	0	0	0	0	0	0	0	0	0	0	0	0	0	0.898894443848181	0.844472516784303	0	0	0.643817794469423	0.603557775671806	0.777475111943143	0	0	0	0	0	0	0	0	0	0.731544395946929	0	0	0.575286295871828	0	0	0	0	0	0	0	0	0.861488568448675	0.800576128539855	0	0	0	0	0	0	0	0	0	0	0	0	0	0	0	0	0	0	0	0	0	0	0	0	0	0	0	0	0	0
0	0	0	0	0	0	0	0	0	0	0	0	0	0	0	0	0	0	0	0	0	0	0	0	0	0	0	0	0	0	0.67386930541227	0	0	0	0.807321290844897	0.616741273151843	0.557786976013757	0.903215090756615	0	0	0	0.714248325361132	0	0	0	0	0	0	0	0	0	0	0	0	0	0	0	0	0	0	0	0	0	0	0	0	0	0	0	0	0	0	0	0	0	0	0	0	0	0	0	0	0	0	0	0	0	0	0	0
0	0	0	0	0	0	0	0	0	0	0	0	0	0	0	0	0	0	0	0	0	0	0	0	0	0	0	0	0	0	0	0	0.545355649933766	0.948591072394813	0	0.791126910617408	0.637248346186755	0.611077482818163	0	0	0	0	0.506650762237426	0	0	0	0	0	0	0	0	0	0.817722420054407	0.524811870571086	0	0	0	0	0	0	0	0	0	0	0	0	0	0	0	0	0	0	0	0	0	0	0	0	0	0	0	0	0	0	0	0	0	0	0	0
0	0	0	0	0	0	0	0	0	0	0	0	0	0	0	0	0	0	0	0	0	0	0	0	0	0	0	0	0	0	0	0.871462485751679	0.93832309431851	0.905633640958271	0.813580451974796	0	0	0.557011904564963	0.582436267875893	0	0	0	0.702613779031142	0	0	0	0	0	0	0	0	0	0.550286800565865	0	0	0	0	0	0.679924330468489	0.726547032894474	0	0	0	0	0	0	0	0	0	0	0	0	0	0	0	0	0	0	0	0	0	0	0	0	0	0	0	0	0	0
0	0	0	0	0	0	0	0	0	0	0	0	0	0	0	0	0	0	0	0	0	0	0	0	0	0	0	0	0	0	0	0	0.975286216470201	0.741130449357614	0.756111802646809	0	0	0.803424405400456	0.988205367116023	0.824479664386792	0	0	0	0	0	0	0	0	0	0	0	0	0	0	0	0	0	0	0.97956072961921	0	0	0	0	0	0	0	0	0	0	0	0	0	0	0	0	0	0	0	0	0	0	0	0	0	0	0	0	0	0	0
0	0	0	0	0	0	0	0	0	0	0	0	0	0	0	0	0	0	0	0	0	0	0	0	0	0	0	0	0	0	0	0	0	0.582130732577524	0.644086220673357	0.804097758219344	0.690398240651398	0	0.772194320566415	0.76501229505288	0	0	0	0	0	0	0	0	0	0	0	0.926986143134606	0	0	0	0	0	0.591931765536541	0	0	0	0	0	0	0	0	0	0	0	0	0	0	0	0	0	0	0	0	0	0	0	0	0	0	0	0	0	0	0	0
0	0	0	0	0	0	0	0	0	0	0	0	0	0	0	0	0	0	0	0	0	0	0	0	0	0	0	0	0	0	0	0	0	0	0	0.871658413440756	0.685649595493258	0.96639789926055	0	0.555973356293703	0.858650715096626	0.772487608060834	0.584865026488255	0	0	0	0.821994475254364	0	0	0	0	0	0	0	0	0	0	0	0	0	0	0	0	0	0	0	0	0	0	0	0	0	0	0	0	0	0	0	0	0	0	0	0	0	0	0	0	0	0	0
0	0	0	0	0	0	0	0	0	0	0	0	0	0	0	0	0	0	0	0	0	0	0	0	0	0	0	0	0	0	0	0	0	0	0	0	0.801809436362521	0.673964961342591	0.815751228702647	0	0.699893418222877	0.820984233355295	0.676799264381565	0.809399691642825	0	0	0	0	0	0	0	0	0	0	0	0	0	0	0	0	0	0	0	0	0	0	0	0	0	0	0	0	0	0	0	0	0	0	0	0	0	0	0	0	0	0	0	0	0	0
0	0	0	0	0	0	0	0	0	0	0	0	0	0	0	0	0	0	0	0	0	0	0	0	0	0	0	0	0	0	0	0	0	0	0	0	0	0	0.846330251185811	0.578661496529168	0	0.913179663840627	0.860694299157344	0.84992801047008	0.751402046253432	0	0	0	0	0	0	0	0	0	0	0	0	0	0	0	0	0	0	0	0	0	0	0	0	0	0	0	0	0	0	0	0	0	0	0	0	0	0	0	0	0	0	0	0	0
0	0	0	0	0	0	0	0	0	0	0	0	0	0	0	0	0	0	0	0	0	0	0	0	0	0	0	0	0	0	0	0	0	0.800019056734413	0	0	0	0	0.554922338829221	0.77038925143298	0.886343992734782	0	0.882601853372019	0.599245386412214	0.708684347230157	0	0	0	0	0	0	0	0	0	0	0	0	0	0	0	0	0	0	0	0	0	0	0	0	0	0	0	0	0	0	0	0	0	0	0	0	0	0	0	0	0	0	0	0	0
0	0	0	0	0	0	0	0	0	0	0	0	0	0	0	0	0	0	0	0	0	0	0	0	0	0	0	0	0	0	0	0	0	0	0.73483984812904	0.505137006093705	0	0	0.601880564637242	0.946863000648034	0.809773735099436	0.983922788105013	0	0.706561310989618	0.522337135303842	0.771496659381891	0	0	0	0	0	0	0	0	0	0	0	0.640328006871709	0	0	0	0	0	0	0	0	0	0	0	0	0	0	0	0	0	0	0	0	0	0	0	0	0	0	0	0	0	0	0	0
0	0	0	0	0	0	0	0	0	0	0	0	0	0	0	0	0	0	0	0	0	0	0	0	0	0	0	0	0	0	0	0	0	0	0	0	0	0	0	0.623495485168444	0.903326441240894	0.963946252388886	0.820991763864267	0	0.93218194501679	0.712982376666341	0.827637548633355	0.761587656098548	0	0	0	0	0	0	0	0	0	0	0	0	0	0	0	0	0	0	0	0	0	0	0	0	0	0	0	0	0	0	0	0	0	0	0	0	0	0	0	0	0	0
0	0	0	0	0	0	0	0	0	0	0	0	0	0	0	0	0	0	0	0	0	0	0	0	0	0	0	0	0	0	0	0.868705751479752	0	0	0	0	0	0	0	0	0.779453234252402	0.927491182401309	0.905426932122845	0.667856732044369	0	0.533728386445128	0	0.526615847381789	0	0	0	0	0	0	0.548268455412923	0	0.609963783605837	0	0	0	0	0	0	0	0	0	0	0	0	0	0	0	0	0	0	0	0	0	0	0	0	0	0	0	0	0	0	0	0	0
0	0	0	0	0	0	0	0	0	0	0	0	0	0	0	0	0	0	0	0	0	0	0	0	0	0	0	0	0	0	0.646784988992874	0	0	0	0	0	0	0	0	0	0	0	0.721191332158754	0.651381426420242	0.654915469934124	0	0.864230361885062	0.964253838503035	0	0.749287556080329	0.831228934580295	0.742989998049838	0	0	0	0	0	0	0	0	0	0	0	0	0	0	0	0	0	0	0	0	0	0	0	0	0	0	0	0	0	0	0	0	0	0	0	0	0	0
0	0	0	0	0	0	0	0	0	0	0	0	0	0	0	0	0	0	0	0	0	0	0	0	0	0	0	0	0	0	0.887157346888793	0	0.599646079189973	0	0	0	0	0	0.883672523062726	0	0	0	0	0.759721253700602	0	0.513677175939564	0	0	0.970305731054769	0.782323990894185	0	0	0	0	0	0	0	0	0	0	0	0	0	0	0	0	0	0	0	0	0	0	0	0	0	0	0	0	0	0	0	0	0	0	0	0	0	0	0	0
0	0	0	0	0	0	0	0	0	0	0	0	0	0	0	0	0	0	0	0	0	0	0	0	0	0	0	0	0	0	0	0	0	0	0	0	0	0	0	0	0	0	0	0.909351129901224	0.804119001928582	0.836463354639209	0	0	0.713207418893127	0.594761223063905	0	0.923739963052467	0	0	0	0.509670000268707	0	0	0.790235704733328	0	0	0	0	0	0	0	0	0	0	0	0	0	0	0	0	0	0	0	0	0	0	0	0	0	0	0	0	0	0	0
0	0	0	0	0	0	0	0	0	0	0	0	0	0	0	0	0	0	0	0	0	0	0	0	0	0	0	0	0	0	0	0	0	0	0	0	0	0	0	0	0	0	0	0	0	0	0.712818164364608	0.70706791473092	0	0.572287236954853	0.907254158021262	0.925568169845132	0.991889782468363	0	0	0	0	0	0	0	0	0	0	0	0	0	0	0	0	0	0	0	0	0	0	0	0	0	0	0	0	0	0	0	0	0	0	0	0	0
0	0	0	0	0	0	0	0	0	0	0	0	0	0	0	0	0	0	0	0	0	0	0	0	0	0	0	0	0	0	0	0	0.752043205988668	0	0	0	0	0	0	0	0	0	0	0	0	0.940184587699074	0.985572290319317	0.830838091264028	0.824135851462585	0	0.899370357297431	0.807540315647507	0.519052839234952	0	0	0	0.572079573595508	0	0	0	0	0	0	0	0	0	0	0	0	0	0	0	0	0	0	0	0	0	0	0	0	0	0	0	0	0	0	0	0	0
0	0	0	0	0	0	0	0	0	0	0	0	0	0	0	0	0	0	0	0	0	0	0	0	0	0	0	0	0	0	0	0.519821380553638	0	0	0	0	0	0	0	0	0	0	0	0	0	0.926089741613335	0	0	0.572856079157215	0.952470375443377	0	0.566058026770381	0.801641954429704	0.757572190324515	0	0	0	0	0	0	0	0	0	0	0	0	0	0	0	0	0	0	0	0	0	0	0	0	0	0	0	0	0	0	0	0	0	0	0	0
0	0	0	0	0	0	0	0	0	0	0	0	0	0	0	0	0	0	0	0	0	0	0	0	0	0	0	0	0	0	0.540296049464267	0	0	0	0	0	0	0.946501498322604	0	0	0	0	0	0	0	0.531585634441604	0	0.858122386838262	0.999944408038449	0.683551118975513	0.782073504377441	0	0.924964338414295	0	0.570560397013391	0.606558027315089	0	0	0	0	0	0	0	0	0	0	0	0	0	0	0	0	0	0	0	0	0	0	0	0	0	0	0	0	0	0	0	0	0	0
0	0	0	0	0	0	0	0	0	0	0	0	0	0	0	0	0	0	0	0	0	0	0	0	0	0	0	0	0	0	0	0	0	0	0.597341063041877	0.798447751839753	0	0	0	0	0	0	0	0	0	0	0	0	0.558622598302287	0.976226703692268	0.564655262294718	0.730081452726401	0	0.617768700723648	0.528059692112174	0.719606266918362	0	0.793018919459541	0	0	0	0	0	0	0	0	0	0	0	0	0	0	0	0	0	0	0	0	0	0	0	0	0	0	0	0	0	0	0	0
0	0	0	0	0	0	0	0	0	0	0	0	0	0	0	0	0	0	0	0	0	0	0	0	0	0	0	0	0	0	0	0	0	0	0.851157831937572	0	0	0	0	0	0	0	0	0	0	0	0	0	0	0	0.796445042582295	0	0.693014959727923	0	0	0.734888364149125	0.662721619142726	0.902823675642626	0	0	0	0	0	0	0	0	0	0	0	0	0	0	0	0	0	0	0	0	0	0	0	0	0	0	0	0	0	0	0	0
0	0	0	0	0	0	0	0	0	0	0	0	0	0	0	0	0	0	0	0	0	0	0	0	0	0	0	0	0	0	0.616262568951422	0.924677309275961	0	0	0	0	0	0	0	0	0	0	0	0	0.532618507906717	0	0	0	0	0	0	0.520072845369187	0.698448540363183	0	0	0.825618741892273	0	0.659361048625828	0.768772326664069	0	0	0	0	0	0	0	0	0	0	0	0	0	0	0	0	0	0	0	0	0	0	0	0	0	0	0	0	0	0	0
0	0	0	0	0	0	0	0	0	0	0	0	0	0	0	0	0	0	0	0	0	0	0	0	0	0	0	0	0	0	0	0	0	0	0	0	0	0	0	0	0	0	0	0	0	0	0	0.583421898379125	0	0	0	0.508395123525097	0.641861247921278	0.732246113938083	0.787962628095478	0	0.856952647340688	0.699457919215545	0.866763927660073	0.985659109258915	0	0	0	0	0	0	0	0	0	0	0	0	0	0	0	0	0	0	0	0	0	0	0	0	0	0	0	0	0	0
0	0	0	0	0	0	0	0	0	0	0	0	0	0	0	0	0	0	0	0	0	0	0	0	0	0	0	0	0	0	0.647228485921882	0.773774097439743	0	0	0	0	0	0	0	0	0	0	0	0	0.865118514827339	0	0	0	0	0.631559044647118	0	0	0	0.604460295406329	0	0.960537844420955	0	0	0.53678123475964	0	0	0	0	0	0	0	0	0	0	0	0	0	0	0	0	0	0	0	0	0	0	0	0	0	0	0	0	0	0	0
0	0	0	0	0	0	0	0	0	0	0	0	0	0	0	0	0	0	0	0	0	0	0	0	0	0	0	0	0	0	0.842150409035953	0	0	0	0	0	0	0.901003305852338	0	0	0	0	0.728013558784921	0	0	0	0	0	0	0	0	0	0.658754087375999	0.9243116341039	0.667321362927624	0.589427412218929	0	0	0	0.734150101894402	0	0	0	0	0	0	0	0	0	0	0	0	0	0	0	0	0	0	0	0	0	0	0	0	0	0	0	0	0	0
0	0	0	0	0	0	0	0	0	0	0	0	0	0	0	0	0	0	0	0	0	0	0	0	0	0	0	0	0	0	0.609469717453072	0.735827405943698	0.86642736978505	0	0	0.992275236215018	0.879069939987085	0	0	0	0	0	0	0	0	0	0	0.88114381397091	0	0	0	0	0	0	0.904572281389054	0.552576712609082	0.613257587639455	0	0	0.770207846044844	0	0	0	0	0	0	0	0	0	0	0	0	0	0	0	0	0	0	0	0	0	0	0	0	0	0	0	0	0	0
0	0	0	0	0	0	0	0	0	0	0	0	0	0	0	0	0	0	0	0	0	0	0	0	0	0	0	0	0	0	0.624009739830729	0	0.83399723213287	0	0	0.566545428759002	0	0	0	0	0	0	0	0	0	0	0	0	0	0	0	0	0	0	0	0.702591525385756	0	0.956864120081444	0.979379835234526	0	0	0	0	0	0	0	0	0	0	0	0	0	0	0	0	0	0	0	0	0	0	0	0	0	0	0	0	0	0	0
0	0	0	0	0	0	0	0	0	0	0	0	0	0	0	0	0	0	0	0	0	0	0	0	0	0	0	0	0	0	0	0	0	0	0	0	0	0	0	0	0	0	0	0	0	0	0	0	0	0	0	0	0	0	0	0	0	0	0	0	0	0	0	0	0	0.975789047697235	0	0.876711036063933	0	0	0.889742724174222	0.976198750743286	0	0	0	0.899710316841973	0.922088954971605	0	0	0	0	0	0	0	0.623150561066225	0	0	0	0	0
0	0	0	0	0	0	0	0	0	0	0	0	0	0	0	0	0	0	0	0	0	0	0	0	0	0	0	0	0	0	0	0	0	0	0	0	0	0	0	0	0	0	0	0	0	0	0	0	0	0	0	0	0	0	0	0	0	0	0	0	0	0	0.987039962978476	0	0.624247627589114	0	0	0	0.896461007537962	0.923731353823912	0.875447089013051	0	0.507962085771136	0	0	0	0	0	0	0.593144189825745	0.935405679073194	0	0	0.974952770559702	0	0.608933004517259	0	0.603903230157721	0	0.850769954175203
0	0	0	0	0	0	0	0	0	0	0	0	0	0	0	0	0	0	0	0	0	0	0	0	0	0	0	0	0	0	0	0	0	0	0	0	0	0	0	0	0	0	0	0	0	0	0	0	0	0	0	0	0	0	0	0	0	0	0	0	0	0.599396273361641	0	0	0	0.900568554662016	0	0	0.805208540935652	0	0	0.911759361579877	0	0	0.505296361790446	0	0	0.845653146171052	0.929528405103196	0	0	0	0	0	0.758669500744336	0	0.820029506087017	0	0	0
0	0	0	0	0	0	0	0	0	0	0	0	0	0	0	0	0	0	0	0	0	0	0	0	0	0	0	0	0	0	0	0	0	0	0	0	0	0	0	0	0	0	0	0	0	0	0	0	0	0	0	0	0	0	0	0	0	0	0	0	0	0	0	0	0	0	0.705419579927503	0	0.685894872097805	0.687644218835189	0	0	0.633635090268353	0	0	0	0.652514054321087	0.710140840210825	0	0	0	0.695423959513493	0	0	0.72060150600153	0	0	0	0	0.970095702165864
0	0	0	0	0	0	0	0	0	0	0	0	0	0	0	0	0	0	0	0	0	0	0	0	0	0	0	0	0	0	0	0	0	0	0	0	0	0	0	0	0	0	0	0	0	0	0	0	0	0	0	0	0	0	0	0	0	0	0	0	0	0.84649737290142	0	0	0	0.534666861683728	0	0	0.961386418309767	0.50076536279417	0	0	0	0	0.503021343072786	0	0	0.514243731286307	0.955047416890801	0	0	0	0	0.791839805741663	0	0	0	0.967281270516474	0	0
0	0	0	0	0	0	0	0	0	0	0	0	0	0	0	0	0	0	0	0	0	0	0	0	0	0	0	0	0	0	0	0	0	0	0	0	0	0	0	0	0	0	0	0	0	0	0	0	0	0	0	0	0	0	0	0	0	0	0	0	0.612665182293816	0	0.766638706343975	0	0.884924434859077	0	0	0	0.929940773728384	0	0.920352644818488	0.895638166950964	0	0.813783108078663	0	0	0.677019150557333	0.901216664067023	0	0	0	0	0.91838705368759	0	0	0	0.789456346208103	0	0	0.967112811326727
0	0	0	0	0	0	0	0	0	0	0	0	0	0	0	0	0	0	0	0	0	0	0	0	0	0	0	0	0	0	0	0	0	0	0	0	0	0	0	0	0	0	0	0	0	0	0	0	0	0	0	0	0	0	0	0	0	0	0	0	0	0	0	0.937018120484039	0	0	0	0.768811453984214	0.704427329072067	0	0	0	0	0	0	0	0	0	0	0	0	0	0	0	0.73331507129841	0.993065937049721	0.590120854283673	0	0	0.715108600838453
0	0	0	0	0	0	0	0	0	0	0	0	0	0	0	0	0	0	0	0	0	0	0	0	0	0	0	0	0	0	0	0	0	0	0	0	0	0	0	0	0	0	0	0	0	0	0	0	0	0	0	0	0	0	0	0	0	0	0	0	0.60641056703321	0	0	0	0	0	0.567922385671305	0	0.808006590575363	0	0	0	0	0	0	0	0	0.855901480895953	0.875341847804299	0	0	0	0	0	0	0	0.613844650161773	0.653483743073005	0.755146630064049	0
0	0	0	0	0	0	0	0	0	0	0	0	0	0	0	0	0	0	0	0	0	0	0	0	0	0	0	0	0	0	0	0	0	0	0	0	0	0	0	0	0	0	0	0	0	0	0	0	0	0	0	0	0	0	0	0	0	0	0	0	0	0.913843075240944	0.569561252462149	0.752901508459451	0.559263219583848	0.742420044291026	0.673944652703088	0.79323640914216	0	0	0.704335312129795	0	0	0.619857055737726	0	0	0.910555208922953	0.543421700660449	0	0	0.970550577373783	0.953811855660473	0	0	0.874563519060311	0	0	0	0	0.563051065156041
0	0	0	0	0	0	0	0	0	0	0	0	0	0	0	0	0	0	0	0	0	0	0	0	0	0	0	0	0	0	0	0	0	0	0	0	0	0	0	0	0	0	0	0	0	0	0	0	0	0	0	0	0	0	0	0	0	0	0	0	0	0.622775101550046	0	0.637609450129822	0.723375915151778	0	0	0	0	0	0.572481694200542	0	0.560855460136765	0.980240635586792	0	0	0	0.836445122255834	0	0.525657320351601	0.788602746355376	0	0	0.967330198296635	0	0	0	0	0	0
0	0	0	0	0	0	0	0	0	0	0	0	0	0	0	0	0	0	0	0	0	0	0	0	0	0	0	0	0	0	0	0	0	0	0	0	0	0	0	0	0	0	0	0	0	0	0	0	0	0	0	0	0	0	0	0	0	0	0	0	0.582886388410697	0.923842131863221	0	0	0	0.704467017156191	0	0	0.525713917208224	0.532516121569354	0	0.745985434438089	0.729416810129166	0	0	0	0	0	0	0	0.554742949796797	0	0	0	0.509328725597202	0.605333072958495	0	0	0	0
0	0	0	0	0	0	0	0	0	0	0	0	0	0	0	0	0	0	0	0	0	0	0	0	0	0	0	0	0	0	0	0	0	0	0	0	0	0	0	0	0	0	0	0	0	0	0	0	0	0	0	0	0	0	0	0	0	0	0	0	0.956865218861469	0	0.857999429808739	0	0	0.674402231289805	0	0	0	0	0.585712403022022	0	0	0	0	0.523211211786604	0	0	0.647605743584897	0	0.787274636489173	0	0.888211848829456	0	0.939280146396011	0.616138381050591	0	0	0.834867479362175	0
0	0	0	0	0	0	0	0	0	0	0	0	0	0	0	0	0	0	0	0	0	0	0	0	0	0	0	0	0	0	0	0	0	0	0	0	0	0	0	0	0	0	0	0	0	0	0	0	0	0	0	0	0	0	0	0	0	0	0	0	0	0.597151350123988	0	0.508600869076569	0	0	0	0	0	0.925178903798975	0.981221373615299	0	0	0.777749349322336	0.980456764111325	0	0	0	0	0	0.596806579781615	0.649837647849914	0	0	0	0	0	0.924084634838334	0	0.689926731206489
0	0	0	0	0	0	0	0	0	0	0	0	0	0	0	0	0	0	0	0	0	0	0	0	0	0	0	0	0	0	0	0	0	0	0	0	0	0	0	0	0	0	0	0	0	0	0	0	0	0	0	0	0	0	0	0	0	0	0	0	0	0	0	0	0	0.804711484578313	0	0	0.501611289091366	0.560459070478693	0	0	0.674487081491969	0	0	0	0.635205021467247	0	0	0.644998938880228	0	0	0.927982272527564	0	0.695883762692218	0	0.591381422018688	0	0	0.566498023226453
0	0	0	0	0	0	0	0	0	0	0	0	0	0	0	0	0	0	0	0	0	0	0	0	0	0	0	0	0	0	0	0	0	0	0	0	0	0	0	0	0	0	0	0	0	0	0	0	0	0	0	0	0	0	0	0	0	0	0	0	0	0	0.866298038277155	0	0.873571290949732	0	0	0	0	0	0	0	0.633224041463738	0	0	0.589657020701116	0	0	0	0.874107371207959	0	0	0	0	0	0	0	0	0.647420205147501	0
0	0	0	0	0	0	0	0	0	0	0	0	0	0	0	0	0	0	0	0	0	0	0	0	0	0	0	0	0	0	0	0	0	0	0	0	0	0	0	0	0	0	0	0	0	0	0	0	0	0	0	0	0	0	0	0	0	0	0	0	0.528496532896126	0	0	0	0	0	0	0	0	0	0	0.640786911638792	0	0	0.681296988907073	0	0	0.904982329274876	0	0	0.984461499725042	0	0	0.679072336553509	0.744829710803797	0	0.703995677636539	0	0	0.537785777631108
0	0	0	0	0	0	0	0	0	0	0	0	0	0	0	0	0	0	0	0	0	0	0	0	0	0	0	0	0	0	0	0	0	0	0	0	0	0	0	0	0	0	0	0	0	0	0	0	0	0	0	0	0	0	0	0	0	0	0	0	0.816480866441583	0	0	0.877041823772519	0	0.599764722637977	0	0	0.653467547043001	0	0	0	0	0.604165649131451	0	0	0	0	0	0.933527192872214	0.872252547850947	0	0.651865452812928	0	0	0.551202142890516	0	0.904416868706405	0	0
0	0	0	0	0	0	0	0	0	0	0	0	0	0	0	0	0	0	0	0	0	0	0	0	0	0	0	0	0	0	0	0	0	0	0	0	0	0	0	0	0	0	0	0	0	0	0	0	0	0	0	0	0	0	0	0	0	0	0	0	0	0	0.571139140740258	0.955008342791297	0.82458198291847	0.881189987035383	0	0.645201909758406	0.74978822001067	0.507388556901359	0	0	0	0	0	0.553369490781542	0	0	0	0.589982570106551	0	0	0	0	0	0.640657247319666	0	0	0	0.747003953508512
0	0	0	0	0	0	0	0	0	0	0	0	0	0	0	0	0	0	0	0	0	0	0	0	0	0	0	0	0	0	0	0	0	0	0	0	0	0	0	0	0	0	0	0	0	0	0	0	0	0	0	0	0	0	0	0	0	0	0	0	0	0	0.956371339614476	0	0.64286053475114	0	0	0.731131044607597	0	0	0	0.685418869437306	0	0	0	0	0	0	0	0.627904216882325	0	0.837501801906392	0	0.564630539790363	0.61509463172315	0	0.752990986842911	0.530836874512906	0.573772698514341	0
0	0	0	0	0	0	0	0	0	0	0	0	0	0	0	0	0	0	0	0	0	0	0	0	0	0	0	0	0	0	0	0	0	0	0	0	0	0	0	0	0	0	0	0	0	0	0	0	0	0	0	0	0	0	0	0	0	0	0	0	0	0.80444816431084	0	0	0	0	0	0	0	0.549988079722337	0	0	0	0.80278772842723	0.690429637198462	0	0.682225858681851	0.803370722081176	0.840591522418281	0	0.508151930507457	0	0	0	0.740706098103549	0	0	0.834490478058498	0.666380200938458	0
0	0	0	0	0	0	0	0	0	0	0	0	0	0	0	0	0	0	0	0	0	0	0	0	0	0	0	0	0	0	0	0	0	0	0	0	0	0	0	0	0	0	0	0	0	0	0	0	0	0	0	0	0	0	0	0	0	0	0	0	0	0.861290873555492	0	0	0	0	0	0	0.887628297632843	0.705470861273434	0.938716158790048	0.770943111307952	0.917159048061797	0	0	0.668385367317063	0.507703043581917	0	0	0.66978502721922	0	0	0	0	0.874160360417864	0.554548025867182	0	0	0.83037550933081	0
0	0	0	0	0	0	0	0	0	0	0	0	0	0	0	0	0	0	0	0	0	0	0	0	0	0	0	0	0	0	0	0	0	0	0	0	0	0	0	0	0	0	0	0	0	0	0	0	0	0	0	0	0	0	0	0	0	0	0	0	0	0	0	0.623514387283505	0	0	0	0	0.951570873349115	0	0	0	0.640360792926167	0	0	0	0	0	0.984887004830564	0	0	0	0	0	0.504711472084366	0.789046641886584	0	0.62339380342921	0	0
0	0	0	0	0	0	0	0	0	0	0	0	0	0	0	0	0	0	0	0	0	0	0	0	0	0	0	0	0	0	0	0	0	0	0	0	0	0	0	0	0	0	0	0	0	0	0	0	0	0	0	0	0	0	0	0	0	0	0	0	0	0	0	0	0	0.754646005327635	0	0	0	0	0	0.770482805458988	0	0.512734481968596	0	0	0.917136975285276	0	0	0	0	0	0	0	0	0.747447615229304	0.519332345329906	0	0	0
0	0	0	0	0	0	0	0	0	0	0	0	0	0	0	0	0	0	0	0	0	0	0	0	0	0	0	0	0	0	0	0	0	0	0	0	0	0	0	0	0	0	0	0	0	0	0	0	0	0	0	0	0	0	0	0	0	0	0	0	0	0.556943831365429	0	0	0.639614793172371	0	0	0	0	0.956413873630643	0	0	0	0	0	0.938277097137118	0	0	0.969241215752696	0	0	0	0	0	0.82173191102637	0.599581692242191	0	0	0.67580051346614	0
0	0	0	0	0	0	0	0	0	0	0	0	0	0	0	0	0	0	0	0	0	0	0	0	0	0	0	0	0	0	0	0	0	0	0	0	0	0	0	0	0	0	0	0	0	0	0	0	0	0	0	0	0	0	0	0	0	0	0	0	0.70781717075007	0	0.970842314443464	0.692172425604162	0	0	0.853943139986822	0	0.549960167527971	0	0.603930827354239	0.831417290713486	0	0.704500062080943	0	0.662029380972045	0	0	0.909879087186413	0.808888391259587	0.959841677925918	0.624372244513684	0	0.644268396660485	0	0.891282845292034	0	0.714605514381786	0	0
0	0	0	0	0	0	0	0	0	0	0	0	0	0	0	0	0	0	0	0	0	0	0	0	0	0	0	0	0	0	0	0	0	0	0	0	0	0	0	0	0	0	0	0	0	0	0	0	0	0	0	0	0	0	0	0	0	0	0	0	0	0.981971216396742	0	0	0	0	0.93775312048787	0	0	0	0.797971613347305	0.609224209365636	0	0	0	0	0.740905269004158	0.510184704147785	0	0	0.710846237240845	0.954962657025294	0.612863934790538	0.78306072064543	0.613782276364519	0	0	0	0.714101014159945	0.570050103667814
0	0	0	0	0	0	0	0	0	0	0	0	0	0	0	0	0	0	0	0	0	0	0	0	0	0	0	0	0	0	0	0	0	0	0	0	0	0	0	0	0	0	0	0	0	0	0	0	0	0	0	0	0	0	0	0	0	0	0	0	0	0	0.852448201096411	0	0	0.523681374365356	0.89834433991569	0.61378025211288	0	0	0	0	0	0.588212747777808	0	0.746727966211594	0	0	0.57048750023881	0	0	0	0.983694402675659	0	0	0	0	0.97832656677767	0	0.938000466168746
0	0	0	0	0	0	0	0	0	0	0	0	0	0	0	0	0	0	0	0	0	0	0	0	0	0	0	0	0	0	0	0	0	0	0	0	0	0	0	0	0	0	0	0	0	0	0	0	0	0	0	0	0	0	0	0	0	0	0	0	0	0.666711412872828	0	0	0.637572444696083	0	0	0.588450578049609	0	0	0	0	0.61871614490214	0	0	0	0.800309402990879	0	0.906720856221654	0.668079611588338	0	0.53708904423037	0	0	0.871788249694246	0	0.875498364050003	0	0	0.770001976020455
0	0	0	0	0	0	0	0	0	0	0	0	0	0	0	0	0	0	0	0	0	0	0	0	0	0	0	0	0	0	0	0	0	0	0	0	0	0	0	0	0	0	0	0	0	0	0	0	0	0	0	0	0	0	0	0	0	0	0	0	0	0	0	0	0	0	0	0.910039885845667	0	0	0	0.709608096890307	0	0	0.694913163674845	0	0	0	0.738502034490035	0.99782493566512	0.884102414671246	0	0	0.786995673628605	0	0.905541701547795	0	0	0	0
0	0	0	0	0	0	0	0	0	0	0	0	0	0	0	0	0	0	0	0	0	0	0	0	0	0	0	0	0	0	0	0	0	0	0	0	0	0	0	0	0	0	0	0	0	0	0	0	0	0	0	0	0	0	0	0	0	0	0	0	0	0.905789072857112	0	0.953270195975038	0	0.628210625340051	0.904881417419159	0	0.511226199709538	0	0	0	0.512678331960945	0.616676458776934	0	0.826091026121894	0	0.683496881407531	0	0	0	0	0	0	0	0.82898186739821	0.994280383475711	0.786630035747705	0	0
