0	0.899672129060233	0.868406600983461	0.843873724536223	0	0.984577272676887	0.766847469027996	0.76610915764813	0.528652346702651	0.678892821934452	0.706404696173069	0.798635359964595	0	0.59406853250298	0.940268712500075	0	0	0	0	0	0	0	0	0	0	0	0	0	0	0	0	0	0	0	0	0	0	0	0	0	0	0	0	0	0	0	0	0	0	0	0	0	0	0	0	0	0	0	0	0	0	0	0	0	0	0	0	0	0	0	0	0	0	0	0	0	0	0	0	0	0	0	0	0	0	0	0	0	0	0
0.681359862218425	0	0.623073273317467	0.859827954943245	0.936769421118627	0.982486893094941	0	0.768101742709054	0.677224126591625	0.840367885730068	0.891355156646375	0	0.817532633156544	0.801623384400037	0	0.778258675823188	0.896061698095997	0.992240569338254	0	0	0	0	0	0	0	0	0	0	0	0	0	0	0	0	0	0	0	0	0	0	0	0	0	0	0	0	0	0	0	0	0	0	0	0	0	0	0	0	0	0	0	0	0	0	0	0	0	0	0	0	0	0	0	0	0	0	0	0	0	0	0	0	0	0	0	0	0	0	0	0
0.807881670200109	0.845173440107784	0	0.821666183906584	0.572709951434283	0.964959815545981	0.846125561382698	0.561559738116213	0	0.636743704146641	0.569075013053604	0.957218159049263	0.526184515009578	0.992336605398361	0.72779526646493	0.61207795686249	0.573856361288029	0	0	0	0	0	0	0	0	0	0	0	0	0	0	0	0	0	0	0	0	0	0	0	0	0	0	0	0	0	0	0	0	0	0	0	0	0	0	0	0	0	0	0	0	0	0	0	0	0	0	0	0	0	0	0	0	0	0	0	0	0	0	0	0	0	0	0	0	0	0	0	0	0
0.992336788455188	0.752417229218061	0.929461225553318	0	0.568460465294558	0.663307217844938	0.605232651145313	0.673009644502024	0	0.57069597152281	0.554369121944593	0.650103427681755	0.834319316773813	0.858020477010588	0	0	0.898772377633874	0.739480195023896	0	0	0	0	0	0	0	0	0	0	0	0	0	0	0	0	0	0	0	0	0	0	0	0	0	0	0	0	0	0	0	0	0	0	0	0	0	0	0	0	0	0	0	0	0	0	0	0	0	0	0	0	0	0	0	0	0	0	0	0	0	0	0	0	0	0	0	0	0	0	0	0
0	0.549903371631952	0.906261340916971	0.925025806588667	0	0.647074557443661	0.543201056560929	0.616629818894039	0.939096783390053	0	0.554649076296111	0	0	0.979710065015791	0	0	0.853875093121608	0.802148811609946	0	0	0	0	0	0	0	0	0	0	0	0	0	0	0	0	0	0	0	0	0	0	0	0	0	0	0	0	0	0	0	0	0	0	0	0	0	0	0	0	0	0	0	0	0	0	0	0	0	0	0	0	0	0	0	0	0	0	0	0	0	0	0	0	0	0	0	0	0	0	0	0
0.80535131245328	0.745778803797686	0.830381978927498	0.954361739733243	0.621426138446969	0	0.533147457169296	0.990457568705662	0.912635875465217	0.895603219690208	0	0	0.894667456856242	0.85412553832336	0.919733045041142	0.781112861125123	0	0.730317634499478	0	0	0	0	0	0	0	0	0	0	0	0	0	0	0	0	0	0	0	0	0	0	0	0	0	0	0	0	0	0	0	0	0	0	0	0	0	0	0	0	0	0	0	0	0	0	0	0	0	0	0	0	0	0	0	0	0	0	0	0	0	0	0	0	0	0	0	0	0	0	0	0
0.541611480432409	0	0.525705848532248	0.725528116951343	0.877856139226582	0.718782427707119	0	0.894896357364009	0.908382182947909	0.876184007727689	0.594345326678903	0.83252237282864	0.786370448709201	0.93435360387443	0.701331341363538	0	0.62583951906104	0.745120577916116	0	0	0	0	0	0	0	0	0	0	0	0	0	0	0	0	0	0	0	0	0	0	0	0	0	0	0	0	0	0	0	0	0	0	0	0	0	0	0	0	0	0	0	0	0	0	0	0	0	0	0	0	0	0	0	0	0	0	0	0	0	0	0	0	0	0	0	0	0	0	0	0
0.548937833707678	0.682668802544414	0.558897999853858	0.662107317805168	0.997900256121008	0.954945014857574	0.597436368056485	0	0.814344657015122	0.509249788130289	0.701886818774645	0.945507970685636	0.692829762719243	0.895901631028718	0.707056809641892	0.930786360891575	0.977458237716548	0	0	0	0	0	0	0	0	0	0	0	0	0	0	0	0	0	0	0	0	0	0	0	0	0	0	0	0	0	0	0	0	0	0	0	0	0	0	0	0	0	0	0	0	0	0	0	0	0	0	0	0	0	0	0	0	0	0	0	0	0	0	0	0	0	0	0	0	0	0	0	0	0
0.542303788435666	0.839562351639025	0	0	0.991015903944428	0.913173686531578	0.858839104197536	0.514595880053589	0	0	0	0.880826191156121	0.609832877284495	0.854658513313235	0.535825580229237	0.99554298722769	0.978334651299823	0.546802555643383	0	0	0	0	0	0	0	0	0	0	0	0	0	0	0	0	0	0	0	0	0	0	0	0	0	0	0	0	0	0	0	0	0	0	0	0	0	0	0	0	0	0	0	0	0	0	0	0	0	0	0	0	0	0	0	0	0	0	0	0	0	0	0	0	0	0	0	0	0	0	0	0
0.720980282586428	0.670540234485184	0.877429174492611	0.955337698463889	0	0.886460846420139	0.692766937092793	0.588953433474584	0	0	0.862780567796989	0.741325927679498	0.669383954948037	0.817337861278563	0	0.664302321804524	0.703346233646695	0.640018797672209	0	0	0	0	0	0	0	0	0	0	0	0	0	0	0	0	0	0	0	0	0	0	0	0	0	0	0	0	0	0	0	0	0	0	0	0	0	0	0	0	0	0	0	0	0	0	0	0	0	0	0	0	0	0	0	0	0	0	0	0	0	0	0	0	0	0	0	0	0	0	0	0
0.614413316769472	0.82926524443572	0.809145983882452	0.809102591735725	0.61622952166077	0	0.963757047268324	0.969267907384377	0	0.523590200402809	0	0.539444496035483	0.660947832897423	0.99463138701683	0.833452770526458	0.702143572346563	0.986503485412088	0.973992733244337	0	0	0	0	0	0	0	0	0	0	0	0	0	0	0	0	0	0	0	0	0	0	0	0	0	0	0	0	0	0	0	0	0	0	0	0	0	0	0	0	0	0	0	0	0	0	0	0	0	0	0	0	0	0	0	0	0	0	0	0	0	0	0	0	0	0	0	0	0	0	0	0
0.605541111551855	0	0.800677816712165	0.827457938386096	0	0	0.797272613488497	0.849238270707349	0.952941754209204	0.586086253099447	0.785123886771897	0	0.83032445802237	0.844914192327208	0.792202193176772	0.501421481288131	0.605014325144432	0.661993315745797	0	0	0	0	0	0	0	0	0	0	0	0	0	0	0	0	0	0	0	0	0	0	0	0	0	0	0	0	0	0	0	0	0	0	0	0	0	0	0	0	0	0	0	0	0	0	0	0	0	0	0	0	0	0	0	0	0	0	0	0	0	0	0	0	0	0	0	0	0	0	0	0
0	0.645713570707187	0.778784494020588	0.946967489293419	0	0.534121382108455	0.92210073199029	0.902169300180103	0.920282976962595	0.950056091857717	0.894231287483267	0.572087070835793	0	0.91499167203092	0	0.519086884332706	0.737518792213544	0.844004431610364	0	0	0	0	0	0	0	0	0	0	0	0	0	0	0	0	0	0	0	0	0	0	0	0	0	0	0	0	0	0	0	0	0	0	0	0	0	0	0	0	0	0	0	0	0	0	0	0	0	0	0	0	0	0	0	0	0	0	0	0	0	0	0	0	0	0	0	0	0	0	0	0
0.831902234646863	0.945974638522844	0.653682689965104	0.823625860083475	0.854098110847053	0.806993080938857	0.634124002672807	0.834542071367575	0.67280491369337	0.960532777982391	0.702127304493217	0.547672864317075	0.810811071562113	0	0.704274221025106	0.992695391693318	0.550628192578299	0.634964826584557	0	0	0	0	0	0	0	0	0	0	0	0	0	0	0	0	0	0	0	0	0	0	0	0	0	0	0	0	0	0	0	0	0	0	0	0	0	0	0	0	0	0	0	0	0	0	0	0	0	0	0	0	0	0	0	0	0	0	0	0	0	0	0	0	0	0	0	0	0	0	0	0
0.812180378724439	0	0.90542726179234	0	0	0.521624556210098	0.686848070563756	0.834870734475481	0.644957173186254	0	0.784989149906039	0.708293333008864	0	0.950167056367889	0	0.658811078407233	0.936970212124573	0.526625074870095	0	0	0	0	0	0	0	0	0	0	0	0	0	0	0	0	0	0	0	0	0	0	0	0	0	0	0	0	0	0	0	0	0	0	0	0	0	0	0	0	0	0	0	0	0	0	0	0	0	0	0	0	0	0	0	0	0	0	0	0	0	0	0	0	0	0	0	0	0	0	0	0
0	0.57728754261115	0.915383539480645	0	0	0.788061877481702	0	0.851843697280153	0.86157725995476	0.779665109200159	0.574952490944484	0.835806127354219	0.676249032932035	0.569456301802407	0.633034156325209	0	0.571994646259155	0.79254127709177	0	0	0	0	0	0	0	0	0	0	0	0	0	0	0	0	0	0	0	0	0	0	0	0	0	0	0	0	0	0	0	0	0	0	0	0	0	0	0	0	0	0	0	0	0	0	0	0	0	0	0	0	0	0	0	0	0	0	0	0	0	0	0	0	0	0	0	0	0	0	0	0
0	0.64025990353328	0.534366388834087	0.90626804139074	0.536796217287272	0	0.540949130946229	0.841540918160009	0.539943534962838	0.889428161921641	0.633072914728467	0.762824191420353	0.599245072963914	0.507192663943723	0.628200808510895	0.719664380500971	0	0.836824439319513	0	0	0	0	0	0	0	0	0	0	0	0	0	0	0	0	0	0	0	0	0	0	0	0	0	0	0	0	0	0	0	0	0	0	0	0	0	0	0	0	0	0	0	0	0	0	0	0	0	0	0	0	0	0	0	0	0	0	0	0	0	0	0	0	0	0	0	0	0	0	0	0
0	0.504691062840388	0	0.908562779046064	0.974183674841357	0.571996603594557	0.600143964893962	0	0.504495046670865	0.61697244798079	0.794044129833932	0.896703714206294	0.932743841680934	0.919906731314071	0.701331752456986	0.987146441081287	0.979377619116677	0	0	0	0	0	0	0	0	0	0	0	0	0	0	0	0	0	0	0	0	0	0	0	0	0	0	0	0	0	0	0	0	0	0	0	0	0	0	0	0	0	0	0	0	0	0	0	0	0	0	0	0	0	0	0	0	0	0	0	0	0	0	0	0	0	0	0	0	0	0	0	0	0
0	0	0	0	0	0	0	0	0	0	0	0	0	0	0	0	0	0	0	0	0.6928112904982	0.578304343535661	0.58962067366627	0.818544922002824	0.92759659892437	0.776411442733784	0	0	0.568915320739634	0	0.918787798389788	0.526347643041694	0.544018253524369	0	0.825069428556326	0.682751986036208	0	0	0	0	0	0	0	0	0	0	0	0	0	0	0	0	0	0	0	0	0	0	0	0	0	0	0	0	0	0	0	0	0	0	0	0	0	0	0	0	0	0	0	0	0	0	0	0	0	0	0	0	0	0
0	0	0	0	0	0	0	0	0	0	0	0	0	0	0	0	0	0	0	0	0.807301535483288	0	0.508823223952471	0.756743108601708	0.99309613965358	0.895855837754713	0.803046419367577	0	0	0	0	0.838606704704194	0	0.533184079577622	0.72900596871177	0.903118483556684	0	0	0	0	0	0	0	0	0	0	0	0	0	0	0	0	0	0	0	0	0	0	0	0	0	0	0	0	0	0	0	0	0	0	0	0	0	0	0	0	0	0	0	0	0	0	0	0	0	0	0	0	0	0
0	0	0	0	0	0	0	0	0	0	0	0	0	0	0	0	0	0	0.51476483567815	0.500179562971999	0	0.680381870722182	0.776248829405669	0	0.710692658180539	0	0.984412373633661	0.888067324558686	0.512051318578392	0.718341313389647	0.798237856327329	0.900076626317337	0.596927933395411	0.667943349591617	0.960062500305212	0	0	0	0	0	0	0	0	0	0	0	0	0	0	0	0	0	0	0	0	0	0	0	0	0	0	0	0	0	0	0	0	0	0	0	0	0	0	0	0	0	0	0	0	0	0	0	0	0	0	0	0	0	0	0
0	0	0	0	0	0	0	0	0	0	0	0	0	0	0	0	0	0	0.77379599976945	0	0.71745879309046	0	0	0.762712363718243	0.701600595188071	0.84963613724939	0.878576589514779	0.587538645201884	0.711314541692239	0	0	0	0	0.749764627185619	0.633572440821456	0	0	0	0	0	0	0	0	0	0	0	0	0	0	0	0	0	0	0	0	0	0	0	0	0	0	0	0	0	0	0	0	0	0	0	0	0	0	0	0	0	0	0	0	0	0	0	0	0	0	0	0	0	0	0
0	0	0	0	0	0	0	0	0	0	0	0	0	0	0	0	0	0	0.602301329814929	0.767536589263096	0.62433793733656	0	0	0	0.750409395518307	0.880396858406988	0.893100374064397	0.617442988436286	0.963639704574237	0	0.688222958765464	0.752556956218618	0	0	0.603189928952915	0	0	0	0	0	0	0	0	0	0	0	0	0	0	0	0	0	0	0	0	0	0	0	0	0	0	0	0	0	0	0	0	0	0	0	0	0	0	0	0	0	0	0	0	0	0	0	0	0	0	0	0	0	0	0
0	0	0	0	0	0	0	0	0	0	0	0	0	0	0	0	0	0	0.890514987833054	0.581464430505174	0	0.505475443425774	0	0	0.777780248140274	0.962704317565755	0.706740123514632	0	0.521543912976011	0.622882289609916	0	0.956006780870863	0	0	0	0.817066663976039	0	0	0	0	0	0	0	0	0	0	0	0	0	0	0	0	0	0	0	0	0	0	0	0	0	0	0	0	0	0	0	0	0	0	0	0	0	0	0	0	0	0	0	0	0	0	0	0	0	0	0	0	0	0
0	0	0	0	0	0	0	0	0	0	0	0	0	0	0	0	0	0	0.598895208239002	0.774919880584208	0.669637130954892	0.57757686404604	0.654702518606013	0.797710184346636	0	0.757056247108663	0.727649656598357	0.885864334039368	0	0.640513388164139	0.592274442347587	0.627307618421252	0.567171776966781	0	0	0.846050843889913	0	0	0	0	0	0	0	0	0	0	0	0	0	0	0	0	0	0	0	0	0	0	0	0	0	0	0	0	0	0	0	0	0	0	0	0	0	0	0	0	0	0	0	0	0	0	0	0	0	0	0	0	0	0
0	0	0	0	0	0	0	0	0	0	0	0	0	0	0	0	0	0	0.911426777643718	0.995415537811007	0	0.817633035155308	0.858377979981548	0.646955806906229	0.591985177244422	0	0.59370721324429	0.959686791098932	0.848703555572477	0.835364624925362	0	0.892113269812306	0	0	0	0.68382512164454	0	0	0	0	0	0	0	0	0	0	0	0	0	0	0	0	0	0	0	0	0	0	0	0	0	0	0	0	0	0	0	0	0	0	0	0	0	0	0	0	0	0	0	0	0	0	0	0	0	0	0	0	0	0
0	0	0	0	0	0	0	0	0	0	0	0	0	0	0	0	0	0	0	0.803123189598322	0.994498515949975	0.616498674377105	0.626456861993578	0.897645832065225	0.894891369192955	0.886240182366987	0	0.515810404501926	0.7222802122393	0	0.704105188357927	0.922342219093328	0.948945685404383	0.719119769535512	0	0.808702454523615	0	0	0	0	0	0	0	0	0	0	0	0	0	0	0	0	0	0	0	0	0	0	0	0	0	0	0	0	0	0	0	0	0	0	0	0	0	0	0	0	0	0	0	0	0	0	0	0	0	0	0	0	0	0
0	0	0	0	0	0	0	0	0	0	0	0	0	0	0	0	0	0	0	0	0.621495852520928	0.709313802804261	0.629434139987857	0	0.860981716044611	0.941548848898461	0.565455536844533	0	0	0.75324386624625	0.804663413320974	0.67942703039673	0.736229662645425	0.757981591872803	0	0	0	0	0	0	0	0	0	0	0	0	0	0	0	0	0	0	0	0	0	0	0	0	0	0	0	0	0	0	0	0	0	0	0	0	0	0	0	0	0	0	0	0	0	0	0	0	0	0	0	0	0	0	0	0
0	0	0	0	0	0	0	0	0	0	0	0	0	0	0	0	0	0	0.532373012516989	0	0.932878866870105	0.736751120258408	0.797128789084375	0.558128075407148	0	0.548951438243199	0.973032016569495	0	0	0.932208030914303	0.888214573079017	0.955904806680026	0.51629212023842	0.605059340751532	0	0	0	0	0	0	0	0	0	0	0	0	0	0	0	0	0	0	0	0	0	0	0	0	0	0	0	0	0	0	0	0	0	0	0	0	0	0	0	0	0	0	0	0	0	0	0	0	0	0	0	0	0	0	0	0
0	0	0	0	0	0	0	0	0	0	0	0	0	0	0	0	0	0	0	0	0.717210241057133	0	0	0.578121714952246	0.859039865529269	0.92807602614907	0	0.71675681287809	0.888770400443499	0	0.759414271074968	0.883507605598134	0.879300345126962	0.522562752723172	0.784637414477638	0.731743843422397	0	0	0	0	0	0	0	0	0	0	0	0	0	0	0	0	0	0	0	0	0	0	0	0	0	0	0	0	0	0	0	0	0	0	0	0	0	0	0	0	0	0	0	0	0	0	0	0	0	0	0	0	0	0
0	0	0	0	0	0	0	0	0	0	0	0	0	0	0	0	0	0	0.767076429680941	0	0.622311435312016	0	0.676579705557355	0	0.847698316223943	0	0.918057556972523	0.708395194794493	0.972611932974056	0.75207226072594	0	0.503685353384824	0.534656518100274	0.981002066857778	0.862503598428651	0.885431780943636	0	0	0	0	0	0	0	0	0	0	0	0	0	0	0	0	0	0	0	0	0	0	0	0	0	0	0	0	0	0	0	0	0	0	0	0	0	0	0	0	0	0	0	0	0	0	0	0	0	0	0	0	0	0
0	0	0	0	0	0	0	0	0	0	0	0	0	0	0	0	0	0	0.551310759517053	0.627627127924786	0.964700549990812	0	0.783559946462208	0.772368737750046	0.933890671496363	0.959265805056675	0.548044546352666	0.973704443489628	0.779698478875996	0.508020978761171	0.598640074307784	0	0.627860649922287	0.51054809082206	0	0.845721612835249	0	0	0	0	0	0	0	0	0	0	0	0	0	0	0	0	0	0	0	0	0	0	0	0	0	0	0	0	0	0	0	0	0	0	0	0	0	0	0	0	0	0	0	0	0	0	0	0	0	0	0	0	0	0
0	0	0	0	0	0	0	0	0	0	0	0	0	0	0	0	0	0	0.599359161881656	0	0.86016896839742	0	0	0	0.884499576354113	0	0.690784620609786	0.871562599664739	0.951352335330191	0.578649312296976	0.981451776113593	0.756425388190599	0	0.605620306698853	0.741088385979859	0.829529086300719	0	0	0	0	0	0	0	0	0	0	0	0	0	0	0	0	0	0	0	0	0	0	0	0	0	0	0	0	0	0	0	0	0	0	0	0	0	0	0	0	0	0	0	0	0	0	0	0	0	0	0	0	0	0
0	0	0	0	0	0	0	0	0	0	0	0	0	0	0	0	0	0	0	0.578972563425048	0.928835582523831	0.529895655537289	0	0	0	0	0.924068273575768	0.601411601556069	0.950710955362577	0.730464492170729	0.829999113747586	0.944369417033197	0.632689957937302	0	0.769797703143739	0.655245281446492	0	0	0	0	0	0	0	0	0	0	0	0	0	0	0	0	0	0	0	0	0	0	0	0	0	0	0	0	0	0	0	0	0	0	0	0	0	0	0	0	0	0	0	0	0	0	0	0	0	0	0	0	0	0
0	0	0	0	0	0	0	0	0	0	0	0	0	0	0	0	0	0	0.88485231518653	0.932764710453722	0.527054936592009	0.539679037368678	0.589566813552512	0	0	0	0	0	0	0.920896479609043	0.697775974353702	0	0.767688064632564	0.718326846888807	0	0.913816409809153	0	0	0	0	0	0	0	0	0	0	0	0	0	0	0	0	0	0	0	0	0	0	0	0	0	0	0	0	0	0	0	0	0	0	0	0	0	0	0	0	0	0	0	0	0	0	0	0	0	0	0	0	0	0
0	0	0	0	0	0	0	0	0	0	0	0	0	0	0	0	0	0	0.891298903155943	0.572387754877566	0	0	0	0.780560316955913	0.512529296333992	0.975828694588018	0.527301628782865	0	0	0.934792278266915	0.668261303291368	0.799574693253594	0.621406360572585	0.870249656228133	0.838686817748461	0	0	0	0	0	0	0	0	0	0	0	0	0	0	0	0	0	0	0	0	0	0	0	0	0	0	0	0	0	0	0	0	0	0	0	0	0	0	0	0	0	0	0	0	0	0	0	0	0	0	0	0	0	0	0
0	0	0	0	0	0	0	0	0	0	0	0	0	0	0	0	0	0	0	0	0	0	0	0	0	0	0	0	0	0	0	0	0	0	0	0	0	0.93586945532717	0.956757944342351	0.671355658594608	0	0	0.599574692349892	0	0	0	0.664565280652796	0	0	0	0	0.854108842990644	0.899711652862445	0.857824510291344	0	0	0	0	0	0	0	0	0	0	0	0	0	0	0	0	0	0	0	0	0	0	0	0	0	0	0	0	0	0	0	0	0	0	0	0
0	0	0	0	0	0	0	0	0	0	0	0	0	0	0	0	0	0	0	0	0	0	0	0	0	0	0	0	0	0	0	0	0	0	0	0	0.565720210529765	0	0.832628869429485	0.705448754017697	0.764953380110477	0.954488300243272	0	0	0	0	0	0	0	0.616660843879421	0.643637774311823	0	0.600855538233835	0.802208173260286	0	0	0	0	0	0	0	0	0	0	0	0	0	0	0	0	0	0	0	0	0	0	0	0	0	0	0	0	0	0	0	0	0	0	0	0
0	0	0	0	0	0	0	0	0	0	0	0	0	0	0	0	0	0	0	0	0	0	0	0	0	0	0	0	0	0	0	0	0	0	0	0	0.6608165352022	0.863037809847668	0	0.85739932232738	0	0.908424256186052	0.562374104943756	0.511016387382927	0	0.745204517188207	0	0	0	0	0	0.755171064899886	0.912025895187726	0	0	0	0	0	0	0	0	0	0	0	0	0	0	0	0	0	0	0	0	0	0	0	0	0	0	0	0	0	0	0	0	0	0	0	0	0
0	0	0	0	0	0	0	0	0	0	0	0	0	0	0	0	0	0	0	0	0	0	0	0	0	0	0	0	0	0	0	0	0	0	0	0	0.722339680548062	0.698458549086243	0.770631758415571	0	0	0	0.614166308924547	0	0.857588877560302	0	0	0.699648807227602	0	0	0	0.506771988631904	0.523114163985042	0.875269300515989	0	0	0	0	0	0	0	0	0	0	0	0	0	0	0	0	0	0	0	0	0	0	0	0	0	0	0	0	0	0	0	0	0	0	0	0
0	0	0	0	0	0	0	0	0	0	0	0	0	0	0	0	0	0	0	0	0	0	0	0	0	0	0	0	0	0	0	0	0	0	0	0	0	0.857481168395138	0	0	0	0	0	0.799978766655047	0.551459565640452	0.816374378972565	0.641074404082279	0	0.811408620715682	0	0	0.557097656596124	0	0.675540017148013	0	0	0	0	0	0	0	0	0	0	0	0	0	0	0	0	0	0	0	0	0	0	0	0	0	0	0	0	0	0	0	0	0	0	0	0
0	0	0	0	0	0	0	0	0	0	0	0	0	0	0	0	0	0	0	0	0	0	0	0	0	0	0	0	0	0	0	0	0	0	0	0	0	0.649323717211557	0.623304109292294	0	0	0	0.77367719203035	0	0.551229750454476	0	0	0	0.619953671072889	0.57841970540362	0	0	0.759833140769072	0	0	0	0	0	0	0	0	0	0	0	0	0	0	0	0	0	0	0	0	0	0	0	0	0	0	0	0	0	0	0	0	0	0	0	0	0
0	0	0	0	0	0	0	0	0	0	0	0	0	0	0	0	0	0	0	0	0	0	0	0	0	0	0	0	0	0	0	0	0	0	0	0	0.689241580124914	0	0.623112507979532	0.694949984006943	0	0.773791029961686	0	0	0.570429235414402	0.628286356490437	0.78248823972942	0	0	0	0	0	0	0	0	0	0	0	0	0	0	0	0	0	0	0	0	0	0	0	0	0	0	0	0	0	0	0	0	0	0	0	0	0	0	0	0	0	0	0
0	0	0	0	0	0	0	0	0	0	0	0	0	0	0	0	0	0	0	0	0	0	0	0	0	0	0	0	0	0	0	0	0	0	0	0	0	0	0.561854214341563	0	0.531443537067721	0	0	0	0	0	0	0.658648282416358	0	0.531336701561451	0.722615848958798	0	0	0	0	0	0	0	0	0	0	0	0	0	0	0	0	0	0	0	0	0	0	0	0	0	0	0	0	0	0	0	0	0	0	0	0	0	0	0
0	0	0	0	0	0	0	0	0	0	0	0	0	0	0	0	0	0	0	0	0	0	0	0	0	0	0	0	0	0	0	0	0	0	0	0	0	0	0	0.546162811623961	0.991098277871546	0.798338130349058	0.908981765818087	0	0	0.60777040163011	0.527450880479172	0.671264045241074	0	0.54798849676534	0	0	0	0	0	0	0	0	0	0	0	0	0	0	0	0	0	0	0	0	0	0	0	0	0	0	0	0	0	0	0	0	0	0	0	0	0	0	0	0
0	0	0	0	0	0	0	0	0	0	0	0	0	0	0	0	0	0	0	0	0	0	0	0	0	0	0	0	0	0	0	0	0	0	0	0	0	0	0.693522337432009	0	0.855845842590883	0	0.878637434010438	0	0.889884716575204	0	0.919035547521615	0.819013276339053	0	0.801960722021429	0	0	0	0	0	0	0	0	0	0	0	0	0	0	0	0	0	0	0	0	0	0	0	0	0	0	0	0	0	0	0	0	0	0	0	0	0	0	0	0
0	0	0	0	0	0	0	0	0	0	0	0	0	0	0	0	0	0	0	0	0	0	0	0	0	0	0	0	0	0	0	0	0	0	0	0	0.928933718381444	0	0	0	0.71196381342134	0	0.744436792873953	0	0.555661852612645	0.534184686646254	0	0.983076623394405	0	0.63712316310693	0.968196104768161	0	0	0.713013664409345	0	0	0	0	0	0	0	0	0	0	0	0	0	0	0	0	0	0	0	0	0	0	0	0	0	0	0	0	0	0	0	0	0	0	0	0
0	0	0	0	0	0	0	0	0	0	0	0	0	0	0	0	0	0	0	0	0	0	0	0	0	0	0	0	0	0	0	0	0	0	0	0	0	0	0	0.681144117240565	0	0	0	0.682676503171133	0.857169628864568	0.560967990170031	0.631862243735997	0	0.655969487384427	0.79590590587306	0.526826890768196	0.587045666186551	0.895276607662038	0	0	0	0	0	0	0	0	0	0	0	0	0	0	0	0	0	0	0	0	0	0	0	0	0	0	0	0	0	0	0	0	0	0	0	0	0
0	0	0	0	0	0	0	0	0	0	0	0	0	0	0	0	0	0	0	0	0	0	0	0	0	0	0	0	0	0	0	0	0	0	0	0	0	0	0	0	0.82472722974629	0.810772925934794	0	0	0	0	0	0.641107027823866	0	0.955675808486148	0.665100879348182	0.737156588206732	0.50138326867857	0	0	0	0	0	0	0	0	0	0	0	0	0	0	0	0	0	0	0	0	0	0	0	0	0	0	0	0	0	0	0	0	0	0	0	0	0
0	0	0	0	0	0	0	0	0	0	0	0	0	0	0	0	0	0	0	0	0	0	0	0	0	0	0	0	0	0	0	0	0	0	0	0	0	0.581004961917727	0	0	0	0.577453896894308	0	0.70069999504264	0.902341010735424	0.55435381558977	0.942926596984512	0.821149796889627	0.995014647599233	0	0.79828241817093	0	0.852962218756134	0	0	0	0	0	0	0	0	0	0	0	0	0	0	0	0	0	0	0	0	0	0	0	0	0	0	0	0	0	0	0	0	0	0	0	0	0
0	0	0	0	0	0	0	0	0	0	0	0	0	0	0	0	0	0	0	0	0	0	0	0	0	0	0	0	0	0	0	0	0	0	0	0	0	0.740962085925562	0	0	0	0	0	0.872228523561955	0	0	0.723713830484937	0.650164587985273	0.899706110610737	0.885269166042217	0	0	0.689223352441666	0	0	0	0	0	0	0	0	0	0	0	0	0	0	0	0	0	0	0	0	0	0	0	0	0	0	0	0	0	0	0	0	0	0	0	0	0
0	0	0	0	0	0	0	0	0	0	0	0	0	0	0	0	0	0	0	0	0	0	0	0	0	0	0	0	0	0	0	0	0	0	0	0	0.957282217743917	0	0.925634085354611	0.930505623970417	0.610988375399493	0	0	0	0	0	0	0.715721598053936	0.781464505575045	0	0	0	0.895583507545023	0.698895765253694	0	0	0	0	0	0	0	0	0	0	0	0	0	0	0	0	0	0	0	0	0	0	0	0	0	0	0	0	0	0	0	0	0	0	0	0
0	0	0	0	0	0	0	0	0	0	0	0	0	0	0	0	0	0	0	0	0	0	0	0	0	0	0	0	0	0	0	0	0	0	0	0	0.848828149697314	0.938969425333195	0.845567893004052	0.588946285168151	0	0.91897740684364	0	0	0	0	0	0.874817416975971	0.971050975751399	0.732290611042801	0.723759080139424	0.537793110992261	0	0	0	0	0	0	0	0	0	0	0	0	0	0	0	0	0	0	0	0	0	0	0	0	0	0	0	0	0	0	0	0	0	0	0	0	0	0
0	0	0	0	0	0	0	0	0	0	0	0	0	0	0	0	0	0	0	0	0	0	0	0	0	0	0	0	0	0	0	0	0	0	0	0	0.789946689877183	0.692295475785115	0	0.623489768296795	0.544402502619698	0	0	0	0	0	0.559664674556676	0	0	0	0	0.551161575104902	0	0	0	0	0	0	0	0	0	0	0	0	0	0	0	0	0	0	0	0	0	0	0	0	0	0	0	0	0	0	0	0	0	0	0	0	0	0
0	0	0	0	0	0	0	0	0	0	0	0	0	0	0	0	0	0	0	0	0	0	0	0	0	0	0	0	0	0	0	0	0	0	0	0	0	0	0	0	0	0	0	0	0	0	0	0	0	0	0	0	0	0	0	0.58165251480804	0.734002246716971	0.717296438978063	0	0	0	0	0	0	0	0	0	0	0	0.827052428231508	0.646531275224511	0.56770983135203	0	0	0	0	0	0	0	0	0	0	0	0	0	0	0	0	0	0
0	0	0	0	0	0	0	0	0	0	0	0	0	0	0	0	0	0	0	0	0	0	0	0	0	0	0	0	0	0	0	0	0	0	0	0	0	0	0	0	0	0	0	0	0	0	0	0	0	0	0	0	0	0	0.645138290118265	0	0.543090484910238	0.629225879936824	0.715263867241445	0	0	0	0	0	0	0	0	0	0	0	0.568483684436851	0.771183481737295	0	0	0	0	0	0	0	0	0	0	0	0	0	0	0	0	0	0
0	0	0	0	0	0	0	0	0	0	0	0	0	0	0	0	0	0	0	0	0	0	0	0	0	0	0	0	0	0	0	0	0	0	0	0	0	0	0	0	0	0	0	0	0	0	0	0	0	0	0	0	0	0	0.852800484598048	0.730598311524129	0	0.638608288210108	0.730861186506392	0.797716785526591	0	0	0	0	0	0	0	0	0	0	0	0.626357853070766	0	0	0	0	0	0	0	0	0	0	0	0	0	0	0	0	0	0
0	0	0	0	0	0	0	0	0	0	0	0	0	0	0	0	0	0	0	0	0	0	0	0	0	0	0	0	0	0	0	0	0	0	0	0	0	0	0	0	0	0	0	0	0	0	0	0	0	0	0	0	0	0	0.813758613499759	0.852182329292905	0.776383935110374	0	0.776116741276098	0.702054519999289	0.739649988844525	0	0	0	0	0	0	0	0	0	0	0	0	0	0	0	0	0	0	0	0	0	0	0	0	0	0	0	0	0
0	0	0	0	0	0	0	0	0	0	0	0	0	0	0	0	0	0	0	0	0	0	0	0	0	0	0	0	0	0	0	0	0	0	0	0	0	0	0	0	0	0	0	0	0	0	0	0	0	0	0	0	0	0	0	0.785070270926278	0.948600781806652	0.928547100133873	0	0.730153876374068	0.836294746457003	0.786142395624328	0	0	0	0	0	0	0	0	0	0	0	0	0	0	0	0	0	0	0	0	0	0	0	0	0	0	0	0
0	0	0	0	0	0	0	0	0	0	0	0	0	0	0	0	0	0	0	0	0	0	0	0	0	0	0	0	0	0	0	0	0	0	0	0	0	0	0	0	0	0	0	0	0	0	0	0	0	0	0	0	0	0	0	0	0.579088614156766	0.760394947361796	0.80074376042835	0	0.582442538792485	0.704247006440363	0	0	0	0	0	0	0	0.768891828947368	0	0	0	0	0	0	0	0	0	0	0	0	0	0	0	0	0	0	0	0
0	0	0	0	0	0	0	0	0	0	0	0	0	0	0	0	0	0	0	0	0	0	0	0	0	0	0	0	0	0	0	0	0	0	0	0	0	0	0	0	0	0	0	0	0	0	0	0	0	0	0	0	0	0	0	0	0	0.537021314470857	0.728368347117945	0.512132514278363	0	0.613095205213754	0.583141563591631	0.820613230386618	0	0	0	0	0	0	0	0	0	0	0	0	0	0	0	0	0	0	0	0	0	0	0	0	0	0
0	0	0	0	0	0	0	0	0	0	0	0	0	0	0	0	0	0	0	0	0	0	0	0	0	0	0	0	0	0	0	0	0	0	0	0	0	0	0	0	0	0	0	0	0	0	0	0	0	0	0	0	0	0	0	0	0	0	0.727486238445665	0.939025218362372	0.58807664857607	0	0	0.968363068713274	0.544827397203386	0	0.896724269921225	0	0	0	0	0	0	0	0	0	0	0	0	0	0	0	0	0	0	0	0	0	0	0
0	0	0	0	0	0	0	0	0	0	0	0	0	0	0	0	0	0	0	0	0	0	0	0	0	0	0	0	0	0	0	0	0	0	0	0	0	0	0	0	0	0	0	0	0	0	0	0	0	0	0	0	0	0	0	0	0	0	0	0	0.685403840077234	0	0	0.975279052010174	0.88747635686055	0.57202141151762	0	0	0	0	0.639160007126855	0	0	0	0	0	0	0	0	0	0	0	0	0	0	0	0	0	0	0
0	0	0	0	0	0	0	0	0	0	0	0	0	0	0	0	0	0	0	0	0	0	0	0	0	0	0	0	0	0	0	0	0	0	0	0	0	0	0	0	0	0	0	0	0	0	0	0	0	0	0	0	0	0	0	0	0	0	0	0	0.887123548241165	0.863005676759112	0.829878848812917	0	0	0.766751859709636	0.649037406256597	0	0.708549153387576	0	0	0	0	0	0	0	0	0	0	0	0	0	0	0	0	0	0	0	0	0
0	0	0	0	0	0	0	0	0	0	0	0	0	0	0	0	0	0	0	0	0	0	0	0	0	0	0	0	0	0	0	0	0	0	0	0	0	0	0	0	0	0	0	0	0	0	0	0	0	0	0	0	0	0	0	0	0	0	0	0	0	0.623614691785254	0.97432205893737	0	0	0.577315536179979	0.692032637511533	0.889900070721972	0	0	0	0	0	0	0	0	0	0	0	0	0	0	0	0	0	0	0	0	0	0
0	0	0	0	0	0	0	0	0	0	0	0	0	0	0	0	0	0	0	0	0	0	0	0	0	0	0	0	0	0	0	0	0	0	0	0	0	0	0	0	0	0	0	0	0	0	0	0	0	0	0	0	0	0	0	0	0	0	0	0	0	0	0.933669482873818	0.926604667997744	0.666107705232524	0	0.721698549528828	0.794074407120125	0.500115471734135	0	0	0	0	0	0	0	0	0	0	0	0	0	0	0	0	0	0	0	0	0
0	0	0	0	0	0	0	0	0	0	0	0	0	0	0	0	0	0	0	0	0	0	0	0	0	0	0	0	0	0	0	0	0	0	0	0	0	0	0	0	0	0	0	0	0	0	0	0	0	0	0	0	0	0	0	0	0	0	0	0	0	0.820207909130087	0	0.907656980287552	0.860455659529002	0.813115830396457	0	0.971846551111882	0.770957530157886	0.806883050793975	0	0	0	0	0	0	0	0	0	0	0	0	0	0	0	0	0	0	0	0
0	0	0	0	0	0	0	0	0	0	0	0	0	0	0	0	0	0	0	0	0	0	0	0	0	0	0	0	0	0	0	0	0	0	0	0	0	0	0	0	0	0	0	0	0	0	0	0	0	0	0	0	0	0	0	0	0	0	0	0	0	0	0	0	0.735340472625844	0.941690421416393	0.551338331065346	0	0.985069344211386	0.775377778353576	0.871788014894854	0	0	0	0	0	0	0	0	0	0	0	0	0	0	0	0	0	0	0
0	0	0	0	0	0	0	0	0	0	0	0	0	0	0	0	0	0	0	0	0	0	0	0	0	0	0	0	0	0	0	0	0	0	0	0	0	0	0	0	0	0	0	0	0	0	0	0	0	0	0	0	0	0	0	0	0	0	0	0	0	0	0	0.885548484500957	0	0.600590558516811	0.95210606924083	0.786192760448743	0	0.501496436756634	0.943490550022653	0.938736002345873	0	0	0	0	0	0	0	0	0	0	0	0	0	0	0	0	0	0
0	0	0	0	0	0	0	0	0	0	0	0	0	0	0	0	0	0	0	0	0	0	0	0	0	0	0	0	0	0	0	0	0	0	0	0	0	0	0	0	0	0	0	0	0	0	0	0	0	0	0	0	0	0	0.927505135237728	0	0	0	0	0.75823730871991	0	0	0	0	0	0	0.814858403616841	0.910569580114561	0.527346263834235	0	0.770975397368669	0.751373247542849	0	0	0	0	0	0	0	0	0	0	0	0	0	0	0	0	0	0
0	0	0	0	0	0	0	0	0	0	0	0	0	0	0	0	0	0	0	0	0	0	0	0	0	0	0	0	0	0	0	0	0	0	0	0	0	0	0	0	0	0	0	0	0	0	0	0	0	0	0	0	0	0	0.974427296057179	0.825331222881236	0	0	0	0	0	0	0.630610496324519	0	0	0	0	0.650309161485345	0.944667093869666	0.821700349785151	0	0	0	0	0	0	0	0	0	0	0	0	0	0	0	0	0	0	0	0
0	0	0	0	0	0	0	0	0	0	0	0	0	0	0	0	0	0	0	0	0	0	0	0	0	0	0	0	0	0	0	0	0	0	0	0	0	0	0	0	0	0	0	0	0	0	0	0	0	0	0	0	0	0	0.894564404015991	0.746953977945841	0.85978955074391	0	0	0	0	0	0	0	0	0	0	0	0.954290698073496	0.581330337549621	0	0	0	0	0	0	0	0	0	0	0	0	0	0	0	0	0	0	0	0
0	0	0	0	0	0	0	0	0	0	0	0	0	0	0	0	0	0	0	0	0	0	0	0	0	0	0	0	0	0	0	0	0	0	0	0	0	0	0	0	0	0	0	0	0	0	0	0	0	0	0	0	0	0	0	0	0	0	0	0	0	0	0	0	0	0	0	0	0	0	0	0	0	0.742040837940503	0.674355849306546	0.830545293491771	0.919635534593476	0.859329643078225	0	0	0	0	0	0	0	0.751733691691655	0.989601168408365	0.789726871426722	0.70918149249771	0.840247291153233
0	0	0	0	0	0	0	0	0	0	0	0	0	0	0	0	0	0	0	0	0	0	0	0	0	0	0	0	0	0	0	0	0	0	0	0	0	0	0	0	0	0	0	0	0	0	0	0	0	0	0	0	0	0	0	0	0	0	0	0	0	0	0	0	0	0	0	0	0	0	0	0	0.52076113315019	0	0.692959891012091	0	0.896124587023719	0.969199625555368	0.607433863369916	0	0	0.776660199156332	0	0	0	0	0.950364815775521	0.531227067337219	0.732303472574149	0.683014764737644
0	0	0	0	0	0	0	0	0	0	0	0	0	0	0	0	0	0	0	0	0	0	0	0	0	0	0	0	0	0	0	0	0	0	0	0	0	0	0	0	0	0	0	0	0	0	0	0	0	0	0	0	0	0	0	0	0	0	0	0	0	0	0	0	0	0	0	0	0	0	0	0	0.553381781286016	0.92230006436459	0	0.762909665447549	0.91269834941201	0.676092129526854	0.736808188765018	0.79934656749573	0	0	0	0	0	0	0	0.800630899715377	0.744428182327358	0.578807148410663
0	0	0	0	0	0	0	0	0	0	0	0	0	0	0	0	0	0	0	0	0	0	0	0	0	0	0	0	0	0	0	0	0	0	0	0	0	0	0	0	0	0	0	0	0	0	0	0	0	0	0	0	0	0	0	0	0	0	0	0	0	0	0	0	0	0	0	0	0	0	0	0	0.670861599228209	0	0.580266430458157	0	0.518148912179533	0.802834642900129	0.719571204990471	0.977192429056819	0.510828012016212	0	0	0	0	0	0	0	0.530387807641989	0.848717571488796
0	0	0	0	0	0	0	0	0	0	0	0	0	0	0	0	0	0	0	0	0	0	0	0	0	0	0	0	0	0	0	0	0	0	0	0	0	0	0	0	0	0	0	0	0	0	0	0	0	0	0	0	0	0	0	0	0	0	0	0	0	0	0	0	0	0	0	0	0	0	0	0	0.610608458832874	0.750971310070344	0.629221478946279	0.55361326693083	0	0.639672647101155	0.827960665957058	0.544430296083082	0.953732173036882	0.559979198802941	0	0	0	0	0	0	0	0.552889267182249
0	0	0	0	0	0	0	0	0	0	0	0	0	0	0	0	0	0	0	0	0	0	0	0	0	0	0	0	0	0	0	0	0	0	0	0	0	0	0	0	0	0	0	0	0	0	0	0	0	0	0	0	0	0	0	0	0	0	0	0	0	0	0	0	0	0	0	0	0	0	0	0	0.576706860889878	0.566957907319955	0.734550986625545	0.75743828437314	0.676491514500046	0	0.832252991726372	0.986822025998906	0.850476426502511	0.96757451339685	0.918258410609562	0	0	0	0	0	0	0
0	0	0	0	0	0	0	0	0	0	0	0	0	0	0	0	0	0	0	0	0	0	0	0	0	0	0	0	0	0	0	0	0	0	0	0	0	0	0	0	0	0	0	0	0	0	0	0	0	0	0	0	0	0	0	0	0	0	0	0	0	0	0	0	0	0	0	0	0	0	0	0	0	0.57961197301738	0.865875691882531	0.933287410644385	0.947180294103544	0.564644538087259	0	0.693612268112412	0.764138989600467	0.834941047576343	0.802017437868757	0.943255515174254	0	0	0	0	0	0
0	0	0	0	0	0	0	0	0	0	0	0	0	0	0	0	0	0	0	0	0	0	0	0	0	0	0	0	0	0	0	0	0	0	0	0	0	0	0	0	0	0	0	0	0	0	0	0	0	0	0	0	0	0	0	0	0	0	0	0	0	0	0	0	0	0	0	0	0	0	0	0	0	0	0.53773866717855	0.808400737846619	0.625342035027797	0.872027661510399	0.845712212420478	0	0.55268495078912	0.514280876378144	0.959866774626425	0.736690965913742	0.81028179947442	0	0	0	0	0
0	0	0	0	0	0	0	0	0	0	0	0	0	0	0	0	0	0	0	0	0	0	0	0	0	0	0	0	0	0	0	0	0	0	0	0	0	0	0	0	0	0	0	0	0	0	0	0	0	0	0	0	0	0	0	0	0	0	0	0	0	0	0	0	0	0	0	0	0	0	0	0	0	0	0	0.582776109151063	0.616977459837699	0.976189123227737	0.660570296398	0.766148986879822	0	0.863480470847224	0.518273268932802	0.546445309005917	0.524627759995097	0.535250931259213	0	0	0	0
0	0	0	0	0	0	0	0	0	0	0	0	0	0	0	0	0	0	0	0	0	0	0	0	0	0	0	0	0	0	0	0	0	0	0	0	0	0	0	0	0	0	0	0	0	0	0	0	0	0	0	0	0	0	0	0	0	0	0	0	0	0	0	0	0	0	0	0	0	0	0	0	0	0.575054302484882	0	0	0.578250039663357	0.906460451132466	0.575077073684514	0.98591423819664	0.828026483244596	0	0.758912090589683	0.734949538150382	0.96071320388319	0.709981285266933	0.605693332802297	0	0	0
0	0	0	0	0	0	0	0	0	0	0	0	0	0	0	0	0	0	0	0	0	0	0	0	0	0	0	0	0	0	0	0	0	0	0	0	0	0	0	0	0	0	0	0	0	0	0	0	0	0	0	0	0	0	0	0	0	0	0	0	0	0	0	0	0	0	0	0	0	0	0	0	0	0	0	0	0	0.501862779392281	0.529673083430721	0.593679909698	0.99082674730622	0.978520645224413	0	0.749364123556165	0.823230147555454	0.577003755496664	0.722900317747296	0.967622654988331	0	0
0	0	0	0	0	0	0	0	0	0	0	0	0	0	0	0	0	0	0	0	0	0	0	0	0	0	0	0	0	0	0	0	0	0	0	0	0	0	0	0	0	0	0	0	0	0	0	0	0	0	0	0	0	0	0	0	0	0	0	0	0	0	0	0	0	0	0	0	0	0	0	0	0	0	0	0	0	0	0.892006708970103	0.919818138728915	0.787804426984395	0.530433119393517	0.581420316584101	0	0.873503253106821	0.680006940005486	0.94623310664501	0.568987461295399	0.675831995346742	0
0	0	0	0	0	0	0	0	0	0	0	0	0	0	0	0	0	0	0	0	0	0	0	0	0	0	0	0	0	0	0	0	0	0	0	0	0	0	0	0	0	0	0	0	0	0	0	0	0	0	0	0	0	0	0	0	0	0	0	0	0	0	0	0	0	0	0	0	0	0	0	0	0	0	0	0	0	0	0	0.543881648275349	0.93175177006575	0.772819645493673	0.882584215179278	0.606072253458898	0	0.671527071961732	0.659224818997433	0.513445382956641	0.784140308933003	0.910322491188015
0	0	0	0	0	0	0	0	0	0	0	0	0	0	0	0	0	0	0	0	0	0	0	0	0	0	0	0	0	0	0	0	0	0	0	0	0	0	0	0	0	0	0	0	0	0	0	0	0	0	0	0	0	0	0	0	0	0	0	0	0	0	0	0	0	0	0	0	0	0	0	0	0.905785832514015	0	0	0	0	0	0	0	0.59624109702835	0.921651897330675	0.860232780055606	0.546688771135303	0.780965812190537	0	0.97719444559362	0.788970388747533	0.842974862509725	0.732393705440466
0	0	0	0	0	0	0	0	0	0	0	0	0	0	0	0	0	0	0	0	0	0	0	0	0	0	0	0	0	0	0	0	0	0	0	0	0	0	0	0	0	0	0	0	0	0	0	0	0	0	0	0	0	0	0	0	0	0	0	0	0	0	0	0	0	0	0	0	0	0	0	0	0.643022667991568	0.895498564762708	0	0	0	0	0	0	0	0.858196478836744	0.835532070929821	0.628024769388525	0.952551196445221	0.566435106332872	0	0.940702905958964	0.626174063822492	0.9227671376427
0	0	0	0	0	0	0	0	0	0	0	0	0	0	0	0	0	0	0	0	0	0	0	0	0	0	0	0	0	0	0	0	0	0	0	0	0	0	0	0	0	0	0	0	0	0	0	0	0	0	0	0	0	0	0	0	0	0	0	0	0	0	0	0	0	0	0	0	0	0	0	0	0.822089954158882	0.941818147525785	0.982267661443808	0	0	0	0	0	0	0	0.658658000947547	0.569718807773316	0.973041205189767	0.965435280889516	0.626518000696532	0	0.890127855263912	0.657028991404725
0	0	0	0	0	0	0	0	0	0	0	0	0	0	0	0	0	0	0	0	0	0	0	0	0	0	0	0	0	0	0	0	0	0	0	0	0	0	0	0	0	0	0	0	0	0	0	0	0	0	0	0	0	0	0	0	0	0	0	0	0	0	0	0	0	0	0	0	0	0	0	0	0.688294650273761	0.989928020109444	0.696752357066564	0.621285354178552	0	0	0	0	0	0	0	0.819864710280164	0.978831635533514	0.638509222926422	0.705958573634629	0.505374698197769	0	0.818138073606888
0	0	0	0	0	0	0	0	0	0	0	0	0	0	0	0	0	0	0	0	0	0	0	0	0	0	0	0	0	0	0	0	0	0	0	0	0	0	0	0	0	0	0	0	0	0	0	0	0	0	0	0	0	0	0	0	0	0	0	0	0	0	0	0	0	0	0	0	0	0	0	0	0.794306191280487	0.650175956109262	0.503594227952651	0.618909966997125	0.8856378588381	0	0	0	0	0	0	0	0.772512756683271	0.539860047370869	0.742511392809452	0.837347449396036	0.697234537957661	0
