0	0.740700553367161	0.770213115902816	0.954665218239989	0.781973824583063	0.774050305823641	0.92843392938564	0.755244573349483	0	0	0	0	0	0	0	0	0	0	0	0	0	0	0	0.909544342760551	0	0.558227760386475	0.569378345334034	0.59308287247432	0.59298912361075	0	0	0	0	0	0	0	0	0	0	0	0	0	0	0	0	0	0	0	0	0	0	0	0	0	0	0	0	0	0	0	0	0	0	0	0	0	0	0	0	0	0	0	0	0	0	0	0	0	0	0	0	0	0	0	0	0	0	0	0	0
0.54764660068418	0	0.955297106876583	0.73544329761359	0.616344741681326	0.766988664103447	0.904248850258442	0.683013166518071	0.709058027858486	0	0	0	0	0.987838514233124	0	0	0	0	0	0	0	0	0	0	0.549428672500688	0.860278049612282	0.582786519740123	0.804947373254932	0.850127666975971	0.641303512109625	0	0	0	0	0	0	0	0	0	0	0	0	0	0	0	0	0	0	0	0	0	0	0	0	0	0	0	0	0	0	0	0	0	0	0	0	0	0	0	0	0	0	0	0	0	0	0	0	0	0	0	0	0	0	0	0	0	0	0	0
0.574751609240472	0.754208579596766	0	0.801855106162798	0.806202516272625	0.861957600585498	0.813106353576472	0.92544693008806	0	0	0	0.722560394038336	0	0.823663283773435	0	0	0.613270631533576	0	0.800205992144602	0.720939406878003	0	0	0.851519180813359	0	0	0	0.844717950807665	0.531590606608694	0.716946025025764	0	0	0	0	0	0	0	0	0	0	0	0	0	0	0	0	0	0	0	0	0	0	0	0	0	0	0	0	0	0	0	0	0	0	0	0	0	0	0	0	0	0	0	0	0	0	0	0	0	0	0	0	0	0	0	0	0	0	0	0	0
0.851316960219652	0.656488155046129	0.90315774289984	0	0.873478437469659	0.690813800506507	0.923636409936794	0.890703056270367	0.543298061192231	0.756822091459959	0.778353936729267	0	0	0	0	0	0	0	0	0	0	0	0	0	0	0	0.609161453492752	0.735368473068711	0.882052142255164	0.855311453681312	0	0	0	0	0	0	0	0	0	0	0	0	0	0	0	0	0	0	0	0	0	0	0	0	0	0	0	0	0	0	0	0	0	0	0	0	0	0	0	0	0	0	0	0	0	0	0	0	0	0	0	0	0	0	0	0	0	0	0	0
0.858873081115473	0.525153943185786	0.923016215921562	0.623018088590894	0	0.708875014421025	0	0.671852794134815	0.937131695001433	0.644126341109302	0.623988773411642	0.594371000971238	0	0.950586207120257	0.883551755300648	0	0	0	0	0	0	0	0	0.964912497623903	0	0	0	0.589598351423505	0.80845096433278	0.659907850106695	0	0	0	0	0	0	0	0	0	0	0	0	0	0	0	0	0	0	0	0	0	0	0	0	0	0	0	0	0	0	0	0	0	0	0	0	0	0	0	0	0	0	0	0	0	0	0	0	0	0	0	0	0	0	0	0	0	0	0	0
0.970179701934619	0.977753365322845	0.588265596992631	0.933167730981795	0.968667557612512	0	0	0.878332347730505	0.747074304858084	0.545433107510635	0.947257027579462	0.53127926864346	0	0	0.833810572080763	0	0	0	0	0	0	0	0	0	0	0.892350480913906	0	0	0.82395716665648	0.845441767271757	0	0	0	0	0	0	0	0	0	0	0	0	0	0	0	0	0	0	0	0	0	0	0	0	0	0	0	0	0	0	0	0	0	0	0	0	0	0	0	0	0	0	0	0	0	0	0	0	0	0	0	0	0	0	0	0	0	0	0	0
0.835131206403406	0.554227706029162	0.967357310679096	0.729174939469595	0	0	0	0.540124204362417	0.605938377476309	0.609837989528973	0.617100632540092	0.735354892203512	0.843463762636677	0.697080883257184	0	0	0	0	0	0	0	0	0	0	0	0.835080494844383	0	0	0	0.61605685072974	0	0	0	0	0	0	0	0	0	0	0	0	0	0	0	0	0	0	0	0	0	0	0	0	0	0	0	0	0	0	0	0	0	0	0	0	0	0	0	0	0	0	0	0	0	0	0	0	0	0	0	0	0	0	0	0	0	0	0	0
0.900901703771975	0.768114943981154	0.735222591730618	0.909908189047016	0.524167300560988	0.913500365824267	0.860452690323394	0	0.729042828632278	0.873541129960929	0.98460637273474	0.623887569459774	0.628995907702777	0.502676789660001	0.735857719611464	0	0	0	0	0	0	0	0	0	0	0	0	0	0	0	0	0	0	0	0	0	0	0	0	0	0	0	0	0	0	0	0	0	0	0	0	0	0	0	0	0	0	0	0	0	0	0	0	0	0	0	0	0	0	0	0	0	0	0	0	0	0	0	0	0	0	0	0	0	0	0	0	0	0	0
0	0.728601178365587	0	0.522382025563065	0.975844340089228	0.849517797152523	0.704662338145918	0.508096455920239	0	0.95749033831124	0.651873551110767	0.507329854872217	0.785629644049381	0.849054576305167	0.616349666961202	0.653796561054569	0	0	0.758827556930381	0	0	0	0	0	0.763975020290006	0	0	0	0	0.817479777646034	0	0	0	0	0	0	0	0	0	0	0	0	0	0	0	0	0	0	0	0	0	0	0	0	0	0	0	0	0	0	0	0	0	0	0	0	0	0	0	0	0	0	0	0	0	0	0	0	0	0	0	0	0	0	0	0	0	0	0	0
0	0	0	0.526641898184549	0.561531726722448	0.542415097260919	0.986013183087259	0.956481989572659	0.912849049111235	0	0.884578084828428	0.891839491946065	0.945675229302582	0.885324603635703	0.798470808429254	0.984340038665106	0.991420873909588	0	0	0	0	0	0	0	0	0	0	0	0	0	0	0	0	0	0	0	0	0	0	0	0	0	0	0	0	0	0	0	0	0	0	0	0	0	0	0	0	0	0	0	0	0	0	0	0	0	0	0	0	0	0	0	0	0	0	0	0	0	0	0	0	0	0	0	0	0	0	0	0	0
0	0	0	0.782255516132914	0.787408145799982	0.969601836705809	0.59308119974289	0.830858594538282	0.838102696619885	0.78362843162628	0	0.771352153095433	0.604684180783153	0.813373673988754	0.711522842870472	0.773402727373267	0.541059768614975	0.574164859341042	0	0	0	0	0	0	0	0	0.557056680396682	0	0	0	0	0	0	0	0	0	0	0	0	0	0	0	0	0	0	0	0	0	0	0	0	0	0	0	0	0	0	0	0	0	0	0	0	0	0	0	0	0	0	0	0	0	0	0	0	0	0	0	0	0	0	0	0	0	0	0	0	0	0	0
0	0	0.68544290474032	0	0.541988218675642	0.83540642679114	0.810080100069041	0.878064592299645	0.585969456132864	0.966001166707882	0.625224942318027	0	0.809320831588772	0.629660719525508	0.933890540088526	0.927171750667249	0	0.693645005729901	0	0	0	0	0	0.615758576371852	0	0	0	0	0	0	0	0	0	0	0	0	0	0	0	0	0	0	0	0	0	0	0	0	0	0	0	0	0	0	0	0	0	0	0	0	0	0	0	0	0	0	0	0	0	0	0	0	0	0	0	0	0	0	0	0	0	0	0	0	0	0	0	0	0	0
0	0	0	0	0	0	0.754466263143359	0.672457062039986	0.569599210004898	0.557693135331142	0.980144448430124	0.798784044961813	0	0.866748164959484	0.774100046689072	0.552170258875951	0.941952580757487	0.712341897535951	0	0	0.718136863688369	0	0	0	0.539534982821879	0	0	0	0.583036335717264	0	0	0	0	0	0	0	0	0	0	0	0	0	0	0	0	0	0	0	0	0	0	0	0	0	0	0	0	0	0	0	0	0	0	0	0	0	0	0	0	0	0	0	0	0	0	0	0	0	0	0	0	0	0	0	0	0	0	0	0	0
0	0.83338213226693	0.686479608138422	0	0.856034402489788	0	0.805022329174679	0.610848701717459	0.575327782674129	0.812038468198717	0.763748221775279	0.514582828830822	0.549561213973507	0	0.923474434998905	0.900150481396534	0	0	0.644478278454832	0.510541433043794	0	0	0	0	0	0	0	0	0	0	0	0	0	0	0	0	0	0	0	0	0	0	0	0	0	0	0	0	0	0	0	0	0	0	0	0	0	0	0	0	0	0	0	0	0	0	0	0	0	0	0	0	0	0	0	0	0	0	0	0	0	0	0	0	0	0	0	0	0	0
0	0	0	0	0.983425765178503	0.877317146484248	0	0.636522597694346	0.740189313633079	0.814590429723758	0.817880345819107	0.655658795143494	0.643347821494311	0.831612538790919	0	0.77611714206385	0.810334718531904	0.519595296569065	0.681258020906249	0.517467585716719	0.992298618198604	0.936897261889489	0	0	0	0	0	0	0	0	0	0	0	0	0	0	0	0	0	0	0	0	0	0	0	0	0	0	0	0	0	0	0	0	0	0	0	0	0	0	0	0	0	0	0	0	0	0	0	0	0	0	0	0	0	0	0	0	0	0	0	0	0	0	0	0	0	0	0	0
0	0	0	0	0	0	0	0	0.707587760793018	0.897677846182209	0.756641722154406	0.897931229075084	0.717821158394009	0.852379917322676	0.781634528056303	0	0.719244265568946	0.640304720097815	0.825957936789329	0	0	0.585228099399906	0.902456740731833	0.506694249336041	0	0.933422953629193	0	0	0	0	0	0	0	0	0	0	0	0	0	0	0	0	0	0	0	0	0	0	0	0	0	0	0	0	0	0	0	0	0	0	0	0	0	0	0	0	0	0	0	0	0	0	0	0	0	0	0	0	0	0	0	0	0	0	0	0	0	0	0	0
0	0	0.797703164424533	0	0	0	0	0	0	0.67086165323855	0.769664887671145	0	0.60036884017211	0	0.598419150121878	0.550828336016028	0	0.878360922716734	0.502544269027022	0.61182839837795	0.928100638232333	0.57145269761437	0.594324643680603	0	0	0	0	0	0.818003855025871	0	0	0	0	0	0	0	0	0	0	0	0	0	0	0	0	0	0	0	0	0	0	0	0	0	0	0	0	0	0	0	0	0	0	0	0	0	0	0	0	0	0	0	0	0	0	0	0	0	0	0	0	0	0	0	0	0	0	0	0	0
0	0	0	0	0	0	0	0	0	0	0.722780786388335	0.920486612778185	0.563715570331747	0	0.566775310905466	0.917904309824008	0.658835750953957	0	0.86653960830347	0.507944905092065	0.714288155024083	0.934713902671258	0.975132364743414	0.935273779234223	0.890365219354526	0	0	0	0	0	0	0	0	0	0	0	0	0	0	0	0	0	0	0	0	0	0	0	0	0	0	0	0	0	0	0	0	0	0	0	0	0	0	0	0	0	0	0	0	0	0	0	0	0	0	0	0	0	0	0	0	0	0	0	0	0	0	0	0	0
0	0	0.977285060201466	0	0	0	0	0	0.81614993735699	0	0	0	0	0.596402909585788	0.540557326943333	0.749353979084972	0.770423260023324	0.622353364090674	0	0.888125404936408	0.968910810083681	0.624451902827779	0	0.887293251820007	0.767386450579695	0.615484767576419	0	0	0	0	0	0	0	0	0	0	0	0	0	0	0	0	0	0	0	0	0	0	0	0	0	0	0	0	0	0	0	0	0	0	0	0	0	0	0	0	0	0	0	0	0	0	0	0	0	0	0	0	0	0	0	0	0	0	0	0	0	0	0	0
0	0	0.667234115554029	0	0	0	0	0	0	0	0	0	0	0.618654969093501	0.889226174375885	0	0.667959232259441	0.732465203876272	0.617497571721396	0	0.678167180065002	0.721065684049423	0.895066443372051	0.900725150654374	0.715253789953372	0.755143192905378	0.689688350773502	0	0	0	0	0	0	0	0	0	0	0	0	0	0	0	0	0	0	0	0	0	0	0	0	0	0	0	0	0	0	0	0	0	0	0	0	0	0	0	0	0	0	0	0	0	0	0	0	0	0	0	0	0	0	0	0	0	0	0	0	0	0	0
0	0	0	0	0	0	0	0	0	0	0	0	0.940901566688837	0	0.701791325755614	0	0.757074535383388	0.591837235165093	0.630618396514498	0.544869502779106	0	0.505537877695782	0.690340524227643	0.773553702119903	0.853045167895822	0.538146970025121	0.854913487206656	0.791351841122593	0	0	0	0	0	0	0	0	0	0	0	0	0	0	0	0	0	0	0	0	0	0	0	0	0	0	0	0	0	0	0	0	0	0	0	0	0	0	0	0	0	0	0	0	0	0	0	0	0	0	0	0	0	0	0	0	0	0	0	0	0	0
0	0	0	0	0	0	0	0	0	0	0	0	0	0	0.947111518182132	0.973958375325398	0.580767548594113	0.568973576353656	0.814492350883811	0.790008044571901	0.698215888798398	0	0.604980632665223	0.883332786427715	0.722201579721195	0.894226963262571	0.77388783813733	0.989449768570757	0.905197440851964	0.654083333463345	0	0	0	0	0	0	0	0	0	0	0	0	0	0	0	0	0	0	0	0	0	0	0	0	0	0	0	0	0	0	0	0	0	0	0	0	0	0	0	0	0	0	0	0	0	0	0	0	0	0	0	0	0	0	0	0	0	0	0	0
0	0	0.923348472627982	0	0	0	0	0	0	0	0	0	0	0	0	0.533538361280331	0.720032398003803	0.58479230231389	0	0.935690609813995	0.857469878055203	0.712071920144185	0	0.829508627568143	0.628124964236173	0	0.505533737209535	0.645974485181918	0.580247405860117	0.957171122911251	0	0	0	0	0	0	0	0	0	0	0	0	0	0	0	0	0	0	0	0	0	0	0	0	0	0	0	0	0	0	0	0	0	0	0	0	0	0	0	0	0	0	0	0	0	0	0	0	0	0	0	0	0	0	0	0	0	0	0	0
0.707986484299033	0	0	0	0.719878183097657	0	0	0	0	0	0	0.539136211930265	0	0	0	0.89067804471857	0	0.629298676071823	0.882758290959452	0.693435543494134	0.829675614866063	0.549758144451291	0.885446064683068	0	0.96500273047985	0.500180546514648	0	0.94690140768312	0.675964244785296	0.983206710695329	0	0	0	0	0	0	0	0	0	0	0	0	0	0	0	0	0	0	0	0	0	0	0	0	0	0	0	0	0	0	0	0	0	0	0	0	0	0	0	0	0	0	0	0	0	0	0	0	0	0	0	0	0	0	0	0	0	0	0	0
0	0.567077667466616	0	0	0	0	0	0	0.561078627154258	0	0	0	0.932704321424391	0	0	0	0	0.701850018567505	0.697366406425433	0.750728332334441	0.821863868534764	0.73948952998387	0.740893287082256	0.835671364101841	0	0.581167218645481	0.643151610258217	0	0.689240878510295	0.924577804425013	0	0	0	0	0	0	0	0	0	0	0	0	0	0	0	0	0	0	0	0	0	0	0	0	0	0	0	0	0	0	0	0	0	0	0	0	0	0	0	0	0	0	0	0	0	0	0	0	0	0	0	0	0	0	0	0	0	0	0	0
0.956332085415689	0.647295805875752	0	0	0	0.640891653743411	0.718655906083325	0	0	0	0	0	0	0	0	0.912410950038768	0	0	0.994153271027212	0.925330151611779	0.793631989192315	0.949646540685856	0	0.711154823330546	0.985717392873893	0	0.842555730621567	0.954173840990974	0.921163427861899	0.948319472621334	0	0	0	0	0	0	0	0	0	0	0	0	0	0	0	0	0	0	0	0	0	0	0	0	0	0	0	0	0	0	0	0	0	0	0	0	0	0	0	0	0	0	0	0	0	0	0	0	0	0	0	0	0	0	0	0	0	0	0	0
0.536465875729643	0.763424762666137	0.728121766472405	0.621018747784733	0	0	0	0	0	0	0.709463917642613	0	0	0	0	0	0	0	0	0.525469535432216	0.826016628106534	0.827783003344813	0.559660303424371	0	0.976370766356248	0.627327670636305	0	0.521016977532249	0.619305807308103	0	0	0	0	0	0	0	0	0	0	0	0	0	0	0	0	0	0	0	0	0	0	0	0	0	0	0	0	0	0	0	0	0	0	0	0	0	0	0	0	0	0	0	0	0	0	0	0	0	0	0	0	0	0	0	0	0	0	0	0	0
0.633293750864864	0.897754534566133	0.746589278674031	0.578476611778494	0.508937555234608	0	0	0	0	0	0	0	0	0	0	0	0	0	0	0	0.938267374010841	0.583172444696201	0.870082707989157	0.921566361870598	0	0.965340720034952	0.708894121822901	0	0.761711522229604	0.955109984052497	0	0	0	0	0	0	0	0	0	0	0	0	0	0	0	0	0	0	0	0	0	0	0	0	0	0	0	0	0	0	0	0	0	0	0	0	0	0	0	0	0	0	0	0	0	0	0	0	0	0	0	0	0	0	0	0	0	0	0	0
0.748643275798868	0.576887624396105	0.650068168331204	0.713722341482348	0.955584299770324	0.859692202733636	0	0	0	0	0	0	0.669067008471057	0	0	0	0.624752391647621	0	0	0	0	0.582902405313812	0.680133660671423	0.740999181134431	0.865171329959547	0.900307959140713	0.609988692988404	0.656278272306132	0	0	0	0	0	0	0	0	0	0	0	0	0	0	0	0	0	0	0	0	0	0	0	0	0	0	0	0	0	0	0	0	0	0	0	0	0	0	0	0	0	0	0	0	0	0	0	0	0	0	0	0	0	0	0	0	0	0	0	0	0	0
0	0.529124202708785	0	0.677083692021512	0.602699904987092	0.911277390819894	0.518560432309483	0	0.539259592166722	0	0	0	0	0	0	0	0	0	0	0	0	0.918582342356158	0.799640944243388	0.836823700369316	0.915792023908139	0.878105905509056	0	0.992866374386354	0	0	0	0	0	0	0	0	0	0	0	0	0	0	0	0	0	0	0	0	0	0	0	0	0	0	0	0	0	0	0	0	0	0	0	0	0	0	0	0	0	0	0	0	0	0	0	0	0	0	0	0	0	0	0	0	0	0	0	0	0	0
0	0	0	0	0	0	0	0	0	0	0	0	0	0	0	0	0	0	0	0	0	0	0	0	0	0	0	0	0	0	0	0.594920935351868	0.977598552650375	0.724041208267302	0	0.876606262623882	0	0	0	0	0	0	0.526326071268886	0	0	0	0	0	0	0.801569311591188	0	0	0	0	0	0	0.983594525973455	0.564288897159865	0.77590205716004	0.567054438146818	0	0	0	0	0	0	0	0	0	0	0	0	0	0	0	0	0	0	0	0	0	0	0	0	0	0	0	0	0	0
0	0	0	0	0	0	0	0	0	0	0	0	0	0	0	0	0	0	0	0	0	0	0	0	0	0	0	0	0	0	0.78859842428101	0	0.851763657651238	0.705041004062519	0	0	0.821127238602981	0	0	0.860140745121615	0	0	0	0	0	0.703653754370501	0.952453971257914	0	0	0	0	0	0	0	0	0	0.828615275739858	0.722013637440841	0	0	0	0	0	0	0	0	0	0	0	0	0	0	0	0	0	0	0	0	0	0	0	0	0	0	0	0	0	0	0	0
0	0	0	0	0	0	0	0	0	0	0	0	0	0	0	0	0	0	0	0	0	0	0	0	0	0	0	0	0	0	0.694947537461972	0.753848755229383	0	0.93052600623999	0.889400508322277	0	0.930895859469637	0.870955378499698	0	0	0	0	0	0	0	0	0	0	0	0	0.751491759727439	0	0	0	0	0	0	0.911286731672458	0.792849635071394	0.67383960211231	0	0	0	0	0	0	0	0	0	0	0	0	0	0	0	0	0	0	0	0	0	0	0	0	0	0	0	0	0	0
0	0	0	0	0	0	0	0	0	0	0	0	0	0	0	0	0	0	0	0	0	0	0	0	0	0	0	0	0	0	0.925569525329681	0.509576946514453	0.96077232297561	0	0.838309425977409	0.885008925072804	0.979920475032809	0.700204405679315	0.508293209585118	0	0	0	0	0	0	0	0	0	0	0	0	0	0.878567704405494	0	0	0	0	0	0.511897763978209	0	0	0	0	0	0	0	0	0	0	0	0	0	0	0	0	0	0	0	0	0	0	0	0	0	0	0	0	0	0	0
0	0	0	0	0	0	0	0	0	0	0	0	0	0	0	0	0	0	0	0	0	0	0	0	0	0	0	0	0	0	0	0	0.603592881745757	0.517927568734025	0	0.769683520232632	0.564385828315219	0	0.762365321227934	0	0	0	0	0	0	0	0	0	0	0	0	0	0	0	0	0.66373010150343	0.584820973855191	0	0.863727539368442	0	0	0	0	0	0	0	0	0	0	0	0	0	0	0	0	0	0	0	0	0	0	0	0	0	0	0	0	0	0	0
0	0	0	0	0	0	0	0	0	0	0	0	0	0	0	0	0	0	0	0	0	0	0	0	0	0	0	0	0	0	0.966638888608862	0	0	0.764509470315598	0.781669934718527	0	0.698179173244372	0.594215975852048	0.610276833707603	0.742760725529944	0	0	0	0	0	0	0	0.942819797665068	0	0	0	0	0.850222716453237	0	0	0	0	0	0	0	0	0	0	0	0	0	0	0	0	0	0	0	0	0	0	0	0	0	0	0	0	0	0	0	0	0	0	0	0	0
0	0	0	0	0	0	0	0	0	0	0	0	0	0	0	0	0	0	0	0	0	0	0	0	0	0	0	0	0	0	0	0.873334453853158	0.627312189949518	0.89025272108786	0.723117630552551	0.586788946227067	0	0.607464584038518	0.677663857578036	0	0.998490675412028	0.970778251419921	0	0	0	0	0	0.791343327541606	0.922566874864978	0	0	0	0	0	0	0	0	0	0	0	0	0	0	0	0	0	0	0	0	0	0	0	0	0	0	0	0	0	0	0	0	0	0	0	0	0	0	0	0	0
0	0	0	0	0	0	0	0	0	0	0	0	0	0	0	0	0	0	0	0	0	0	0	0	0	0	0	0	0	0	0	0	0.742301199253667	0.607058559821443	0	0.526844351379774	0.699570433379494	0	0.520718196858087	0.941509185644312	0.837084069785815	0	0.879959476191296	0	0	0	0	0	0	0	0	0	0	0.547978686027771	0	0.966481289322033	0	0	0	0	0	0	0	0	0	0	0	0	0	0	0	0	0	0	0	0	0	0	0	0	0	0	0	0	0	0	0	0	0	0
0	0	0	0	0	0	0	0	0	0	0	0	0	0	0	0	0	0	0	0	0	0	0	0	0	0	0	0	0	0	0	0	0	0.822011673759667	0.576727832661427	0.833261315275064	0.931841545769819	0.55100329330757	0	0.684750205879201	0.53281630418894	0.862667723465706	0	0.99095616250641	0	0.935811254111833	0	0	0	0	0	0	0	0	0.580819097147282	0.516635053343788	0	0	0	0	0	0	0	0	0	0	0	0	0	0	0	0	0	0	0	0	0	0	0	0	0	0	0	0	0	0	0	0	0	0
0	0	0	0	0	0	0	0	0	0	0	0	0	0	0	0	0	0	0	0	0	0	0	0	0	0	0	0	0	0	0	0.890596601702211	0	0	0	0.913910590607911	0	0.904933703378841	0.981359289080586	0	0.795665133438866	0.554528570956252	0.995855722460088	0	0.964375552434368	0.674945793462458	0	0	0	0	0	0	0	0	0	0	0	0.58957679453667	0	0.959947203883512	0	0	0	0	0	0	0	0	0	0	0	0	0	0	0	0	0	0	0	0	0	0	0	0	0	0	0	0	0	0
0	0	0	0	0	0	0	0	0	0	0	0	0	0	0	0	0	0	0	0	0	0	0	0	0	0	0	0	0	0	0	0	0	0	0	0	0.634691189065827	0.724786203520352	0.997793835643027	0.953437226216356	0	0.744979655879042	0.716531377867028	0	0.898161737339474	0.66846765872444	0	0	0.991924087412188	0	0	0.549015921026124	0	0	0	0	0	0.608583432673605	0	0	0	0	0	0	0	0	0	0	0	0	0	0	0	0	0	0	0	0	0	0	0	0	0	0	0	0	0	0	0	0
0	0	0	0	0	0	0	0	0	0	0	0	0	0	0	0	0	0	0	0	0	0	0	0	0	0	0	0	0	0	0	0	0	0	0	0	0.716751667439741	0	0.52943107417123	0.817968751117021	0.870267169112986	0	0.74578383390776	0.979473886638941	0	0.663715977987116	0.821814381917281	0	0	0	0.849358782794523	0	0	0	0	0	0	0	0	0	0	0	0	0	0	0	0	0	0	0	0	0	0	0	0	0	0	0	0	0	0	0	0	0	0	0	0	0	0	0
0	0	0	0	0	0	0	0	0	0	0	0	0	0	0	0	0	0	0	0	0	0	0	0	0	0	0	0	0	0	0.520294507517866	0	0	0	0	0	0	0.603517574033795	0	0.633985826482608	0.52446693394424	0.861590688506848	0	0.660316072049354	0	0.839898922815835	0.898759075656554	0.809614146825454	0	0	0	0	0	0	0.5258969048048	0	0	0	0	0	0	0	0	0	0	0	0	0	0	0	0	0	0	0	0	0	0	0	0	0	0	0	0	0	0	0	0	0	0	0
0	0	0	0	0	0	0	0	0	0	0	0	0	0	0	0	0	0	0	0	0	0	0	0	0	0	0	0	0	0	0	0	0	0	0	0	0	0	0.77803320171932	0	0	0.68063344281267	0.849787180220662	0	0.739101830378784	0	0.884913596638753	0.747700973331727	0.519210473054819	0	0.724974929877401	0	0.690233046439244	0	0	0	0	0	0	0.679179008963145	0	0	0	0	0	0	0	0	0	0	0	0	0	0	0	0	0	0	0	0	0	0	0	0	0	0	0	0	0	0
0	0	0	0	0	0	0	0	0	0	0	0	0	0	0	0	0	0	0	0	0	0	0	0	0	0	0	0	0	0	0	0	0	0	0	0	0	0	0	0.809193135787902	0.52137022221859	0	0	0.661831938088336	0	0	0.564257644585015	0.828895871046027	0.533616895460155	0.919014076714595	0	0	0	0	0	0	0	0	0	0	0	0	0	0	0	0	0	0	0	0	0	0	0	0	0	0	0	0	0	0	0	0	0	0	0	0	0	0	0	0
0	0	0	0	0	0	0	0	0	0	0	0	0	0	0	0	0	0	0	0	0	0	0	0	0	0	0	0	0	0	0	0.921199093903534	0	0	0	0	0	0	0.712022356626268	0.67209278097065	0.869402950230663	0.699913872645443	0.912285650687076	0	0	0	0	0	0	0	0.678827039170582	0	0	0	0	0	0	0.722478906336999	0	0	0	0	0	0	0	0	0	0	0	0	0	0	0	0	0	0	0	0	0	0	0	0	0	0	0	0	0	0	0	0
0	0	0	0	0	0	0	0	0	0	0	0	0	0	0	0	0	0	0	0	0	0	0	0	0	0	0	0	0	0	0	0.906852539226748	0	0	0	0	0	0	0	0	0	0.887269625639867	0.807963952124577	0.711113727590329	0.993211240110456	0	0	0.791075320702369	0	0.661814705659577	0.682567498338913	0.600367874868477	0	0	0.61116285529503	0	0	0	0	0.926581664641138	0	0	0	0	0	0	0	0	0	0	0	0	0	0	0	0	0	0	0	0	0	0	0	0	0	0	0	0	0	0
0	0	0	0	0	0	0	0	0	0	0	0	0	0	0	0	0	0	0	0	0	0	0	0	0	0	0	0	0	0	0	0	0	0	0	0.819061309107416	0.58189317747924	0	0	0	0	0	0.72678772903113	0.930879691063738	0.659735161144396	0	0.942899527655326	0	0.660182052110074	0.897972019312732	0.660460941091782	0.85414149407766	0.764890240293176	0	0	0	0	0	0	0	0	0	0	0	0	0	0	0	0	0	0	0	0	0	0	0	0	0	0	0	0	0	0	0	0	0	0	0	0	0
0	0	0	0	0	0	0	0	0	0	0	0	0	0	0	0	0	0	0	0	0	0	0	0	0	0	0	0	0	0	0	0	0	0	0	0	0.951604882678943	0	0	0	0.524891244492933	0	0	0.970563568779832	0.644564435915568	0	0	0.6533260156694	0	0.702222693839308	0.703733400724769	0.644099057988821	0.523580874790023	0	0	0	0	0	0	0	0	0	0	0	0	0	0	0	0	0	0	0	0	0	0	0	0	0	0	0	0	0	0	0	0	0	0	0	0	0
0	0	0	0	0	0	0	0	0	0	0	0	0	0	0	0	0	0	0	0	0	0	0	0	0	0	0	0	0	0	0.984238847985068	0	0	0	0	0	0	0	0	0	0	0	0	0	0.507517882341506	0	0.828778206661055	0.781031755315485	0.908748162160179	0	0.989611121685867	0.875583875947903	0.765749375152206	0.930586737426284	0	0	0	0.664138030308045	0.891209626334747	0	0	0	0	0	0	0	0	0	0	0	0	0	0	0	0	0	0	0	0	0	0	0	0	0	0	0	0	0	0	0
0	0	0	0	0	0	0	0	0	0	0	0	0	0	0	0	0	0	0	0	0	0	0	0	0	0	0	0	0	0	0	0	0.985301615532538	0	0	0	0	0	0	0	0	0.595826229577471	0	0.904153610892872	0	0.602990356447265	0.607726857539832	0.928041868725688	0.874442176738827	0.500529228183004	0	0.646196737114703	0.545675260776665	0	0.912358172300523	0.956317728431029	0	0	0	0.847885179713285	0	0	0	0	0	0	0	0	0	0	0	0	0	0	0	0	0	0	0	0	0	0	0	0	0	0	0	0	0	0
0	0	0	0	0	0	0	0	0	0	0	0	0	0	0	0	0	0	0	0	0	0	0	0	0	0	0	0	0	0	0	0	0	0	0	0	0	0	0	0	0.584231427957736	0	0	0	0	0	0.83551178938286	0.656856142590077	0.551342305146222	0.570078958305466	0.710434025370476	0	0.900408087333089	0.956899210897915	0.995848840499714	0.757487788549742	0	0	0	0	0	0	0	0	0	0	0	0	0	0	0	0	0	0	0	0	0	0	0	0	0	0	0	0	0	0	0	0	0	0
0	0	0	0	0	0	0	0	0	0	0	0	0	0	0	0	0	0	0	0	0	0	0	0	0	0	0	0	0	0	0	0	0	0.981689786918209	0	0.717270951540462	0	0	0	0	0	0	0	0.651658578371685	0	0	0	0.834823919623462	0.841506176733254	0.891516160051395	0.812129281931491	0.874765216149357	0	0.868091941194407	0	0.656846347203027	0.977972124721076	0.995073155849636	0	0	0	0	0	0	0	0	0	0	0	0	0	0	0	0	0	0	0	0	0	0	0	0	0	0	0	0	0	0	0	0
0	0	0	0	0	0	0	0	0	0	0	0	0	0	0	0	0	0	0	0	0	0	0	0	0	0	0	0	0	0	0	0	0	0	0	0	0	0.613636102369885	0	0	0	0	0	0	0	0	0	0	0	0.777305479529139	0	0.955400760366828	0.515955247416568	0	0	0.782936066683015	0.8473386952958	0.621648103109871	0.55305905226559	0	0	0	0	0	0	0	0	0	0	0	0	0	0	0	0	0	0	0	0	0	0	0	0	0	0	0	0	0	0	0
0	0	0	0	0	0	0	0	0	0	0	0	0	0	0	0	0	0	0	0	0	0	0	0	0	0	0	0	0	0	0	0	0	0	0	0	0	0	0.614313072982885	0	0	0	0.535822119073756	0	0	0	0.998454639591243	0	0	0	0.737207958854956	0.878641296077769	0	0	0	0.587943731130538	0.771578638169945	0.977865683608971	0.781868023948371	0	0	0	0	0	0	0	0	0	0	0	0	0	0	0	0	0	0	0	0	0	0	0	0	0	0	0	0	0	0	0
0	0	0	0	0	0	0	0	0	0	0	0	0	0	0	0	0	0	0	0	0	0	0	0	0	0	0	0	0	0	0	0	0	0	0.997748660089931	0	0	0.55598504843653	0.607030398300489	0	0	0	0	0	0	0	0	0	0	0	0.868359711455938	0.999683345108457	0.963510682759997	0.93821568609996	0.658927208410756	0	0	0.553751288963981	0.956489809201184	0.575609766736636	0	0	0	0	0	0	0	0	0	0	0	0	0	0	0	0	0	0	0	0	0	0	0	0	0	0	0	0	0	0
0	0	0	0	0	0	0	0	0	0	0	0	0	0	0	0	0	0	0	0	0	0	0	0	0	0	0	0	0	0	0.955283355220107	0.768562022308596	0	0	0.510329022287956	0	0	0	0	0	0	0	0	0	0	0	0	0	0	0	0	0	0.538247177629259	0.765751844964133	0.71111166707669	0	0	0.618758431378514	0.825881096791881	0.713971494188908	0	0	0	0	0	0	0	0	0	0	0	0	0	0	0	0	0	0	0	0	0	0	0	0	0	0	0	0	0	0
0	0	0	0	0	0	0	0	0	0	0	0	0	0	0	0	0	0	0	0	0	0	0	0	0	0	0	0	0	0	0.885761723221466	0.558144534288849	0.848700232863281	0	0	0	0	0	0	0.581510211372836	0.600879827676833	0	0	0	0	0.639047386970277	0	0	0	0.54600907975137	0	0	0.69248282558486	0.552659421290569	0.834086232082059	0.828907541339371	0.716338322039896	0	0	0.909737573931849	0	0	0	0	0	0	0	0	0	0	0	0	0	0	0	0	0	0	0	0	0	0	0	0	0	0	0	0	0	0
0	0	0	0	0	0	0	0	0	0	0	0	0	0	0	0	0	0	0	0	0	0	0	0	0	0	0	0	0	0	0.973133172103266	0	0.686117299280415	0.684080705306786	0.519750968520657	0	0	0	0	0	0	0	0	0	0	0	0	0	0	0.72243499561378	0	0	0	0.953253544320685	0.911765697768834	0.503494933672616	0.51640913341819	0	0	0	0	0	0	0	0	0	0	0	0	0	0	0	0	0	0	0	0	0	0	0	0	0	0	0	0	0	0	0	0	0
0	0	0	0	0	0	0	0	0	0	0	0	0	0	0	0	0	0	0	0	0	0	0	0	0	0	0	0	0	0	0.880602147618428	0	0.712825507253152	0	0	0	0	0	0	0.549947175710657	0	0	0	0.878408829729668	0	0	0.869336683791265	0	0	0	0.668457945082279	0	0	0	0	0.803435583505842	0.56291564915573	0.781985596572098	0	0	0	0	0	0	0	0	0	0	0	0	0	0	0	0	0	0	0	0	0	0	0	0	0	0	0	0	0	0	0	0
0	0	0	0	0	0	0	0	0	0	0	0	0	0	0	0	0	0	0	0	0	0	0	0	0	0	0	0	0	0	0	0	0	0	0	0	0	0	0	0	0	0	0	0	0	0	0	0	0	0	0	0	0	0	0	0	0	0	0	0	0	0	0.84959368749592	0	0.933999205263371	0	0	0	0	0	0	0	0.981865637962354	0.723918545587779	0.535715955105986	0.654010069822949	0	0.598684551352959	0	0	0	0	0	0	0	0.950093629516481	0	0	0.733659887092907	0
0	0	0	0	0	0	0	0	0	0	0	0	0	0	0	0	0	0	0	0	0	0	0	0	0	0	0	0	0	0	0	0	0	0	0	0	0	0	0	0	0	0	0	0	0	0	0	0	0	0	0	0	0	0	0	0	0	0	0	0	0	0	0.527135082474615	0	0	0.782125404122244	0	0	0	0	0.722975707976503	0	0.600753324867886	0	0	0	0	0	0	0.604948682109928	0.733950136195241	0	0	0.553417420887971	0	0	0	0	0	0.687437766350801
0	0	0	0	0	0	0	0	0	0	0	0	0	0	0	0	0	0	0	0	0	0	0	0	0	0	0	0	0	0	0	0	0	0	0	0	0	0	0	0	0	0	0	0	0	0	0	0	0	0	0	0	0	0	0	0	0	0	0	0	0.725654501512003	0.926407966734831	0	0	0.889548626357992	0.977785332257756	0	0	0.7450444245318	0	0.788294638174605	0	0	0	0.987075453473991	0	0	0	0.63975045339157	0	0.921526889480354	0	0	0	0	0	0	0	0	0.929302908191699
0	0	0	0	0	0	0	0	0	0	0	0	0	0	0	0	0	0	0	0	0	0	0	0	0	0	0	0	0	0	0	0	0	0	0	0	0	0	0	0	0	0	0	0	0	0	0	0	0	0	0	0	0	0	0	0	0	0	0	0	0	0	0	0	0	0	0	0	0	0.971108029716536	0.765087795563862	0	0	0	0.968118284628611	0	0.749974550603769	0	0	0	0	0.92518306875407	0	0.68784189976447	0	0	0	0.616135380138082	0	0
0	0	0	0	0	0	0	0	0	0	0	0	0	0	0	0	0	0	0	0	0	0	0	0	0	0	0	0	0	0	0	0	0	0	0	0	0	0	0	0	0	0	0	0	0	0	0	0	0	0	0	0	0	0	0	0	0	0	0	0	0.875070259610915	0	0.843748826263029	0	0	0	0	0.937143972166557	0.798186989604745	0	0	0	0.57553709938188	0	0	0.701498654614308	0	0	0	0	0	0.88861134851363	0.75313644345322	0	0	0	0.765981073279833	0	0	0
0	0	0	0	0	0	0	0	0	0	0	0	0	0	0	0	0	0	0	0	0	0	0	0	0	0	0	0	0	0	0	0	0	0	0	0	0	0	0	0	0	0	0	0	0	0	0	0	0	0	0	0	0	0	0	0	0	0	0	0	0	0.803502314643238	0.815035232701624	0	0	0	0	0.744540988868569	0	0	0	0	0	0	0	0.804619677226683	0	0	0	0.535921493850732	0.749388818941024	0	0	0	0.560577856584358	0	0.842053271955262	0.726615995602354	0.968219610188419	0
0	0	0	0	0	0	0	0	0	0	0	0	0	0	0	0	0	0	0	0	0	0	0	0	0	0	0	0	0	0	0	0	0	0	0	0	0	0	0	0	0	0	0	0	0	0	0	0	0	0	0	0	0	0	0	0	0	0	0	0	0	0	0	0	0	0	0	0	0.973276009826443	0	0	0.698758438606875	0.505330696887155	0	0	0	0.961922996354649	0	0.642918672361329	0	0	0	0	0.795844110089408	0.850115437572158	0	0	0	0	0
0	0	0	0	0	0	0	0	0	0	0	0	0	0	0	0	0	0	0	0	0	0	0	0	0	0	0	0	0	0	0	0	0	0	0	0	0	0	0	0	0	0	0	0	0	0	0	0	0	0	0	0	0	0	0	0	0	0	0	0	0	0	0	0	0.930062521921876	0.82564409485084	0	0	0	0.615013416668434	0	0	0	0.650415152896782	0	0	0	0.688891252742136	0.806557914495388	0.880176242583253	0	0	0	0	0.78658578335868	0	0	0	0	0
0	0	0	0	0	0	0	0	0	0	0	0	0	0	0	0	0	0	0	0	0	0	0	0	0	0	0	0	0	0	0	0	0	0	0	0	0	0	0	0	0	0	0	0	0	0	0	0	0	0	0	0	0	0	0	0	0	0	0	0	0	0	0.607811474433226	0	0.864683586923575	0	0.861770747088897	0	0	0.726869693164208	0.588094793281682	0	0	0	0	0	0	0	0	0	0	0	0	0	0	0	0	0	0	0
0	0	0	0	0	0	0	0	0	0	0	0	0	0	0	0	0	0	0	0	0	0	0	0	0	0	0	0	0	0	0	0	0	0	0	0	0	0	0	0	0	0	0	0	0	0	0	0	0	0	0	0	0	0	0	0	0	0	0	0	0	0	0	0.597538074239329	0	0	0	0.97386532560288	0.651998476326487	0	0	0.972085059113523	0.893154688396285	0.81892121575967	0	0	0	0	0	0	0	0	0	0	0	0	0	0	0	0
0	0	0	0	0	0	0	0	0	0	0	0	0	0	0	0	0	0	0	0	0	0	0	0	0	0	0	0	0	0	0	0	0	0	0	0	0	0	0	0	0	0	0	0	0	0	0	0	0	0	0	0	0	0	0	0	0	0	0	0	0	0.517056979774439	0.794623219286043	0.893911221447348	0	0	0	0	0.580048186345904	0	0	0	0	0	0	0	0	0	0	0	0.729155035113374	0.528655691506061	0	0	0	0.780960368249044	0	0.934581833041228	0.832799784726481	0
0	0	0	0	0	0	0	0	0	0	0	0	0	0	0	0	0	0	0	0	0	0	0	0	0	0	0	0	0	0	0	0	0	0	0	0	0	0	0	0	0	0	0	0	0	0	0	0	0	0	0	0	0	0	0	0	0	0	0	0	0	0	0	0	0	0	0.708411577182561	0	0	0.69229951665362	0	0	0	0.669400344543723	0.767963126079665	0.659320317431879	0	0	0	0.570376853376784	0	0	0	0	0	0	0	0	0.554449916916589	0
0	0	0	0	0	0	0	0	0	0	0	0	0	0	0	0	0	0	0	0	0	0	0	0	0	0	0	0	0	0	0	0	0	0	0	0	0	0	0	0	0	0	0	0	0	0	0	0	0	0	0	0	0	0	0	0	0	0	0	0	0.755545142833319	0.593977382776373	0	0	0.709107125359921	0	0.588688382884852	0	0	0.578420920485553	0	0	0	0	0	0	0.788573868653017	0.792957259718023	0.580906690563762	0	0	0	0.834559104541107	0	0	0	0	0.697856378097236	0.733715214105364	0
0	0	0	0	0	0	0	0	0	0	0	0	0	0	0	0	0	0	0	0	0	0	0	0	0	0	0	0	0	0	0	0	0	0	0	0	0	0	0	0	0	0	0	0	0	0	0	0	0	0	0	0	0	0	0	0	0	0	0	0	0.611367687053531	0	0	0	0	0	0	0.796726206273388	0	0.927175573950106	0	0.726655613343818	0	0	0	0	0.749109840409514	0.529173323731748	0.898275909042588	0	0	0	0	0	0	0	0	0	0	0
0	0	0	0	0	0	0	0	0	0	0	0	0	0	0	0	0	0	0	0	0	0	0	0	0	0	0	0	0	0	0	0	0	0	0	0	0	0	0	0	0	0	0	0	0	0	0	0	0	0	0	0	0	0	0	0	0	0	0	0	0.921246821540054	0	0.584851341136204	0.875420219490471	0	0	0	0	0	0	0	0.963763167701422	0	0	0	0.993092930546018	0	0.700626055350668	0	0	0	0.565232199794876	0.510148652181537	0.735622044158642	0	0	0	0	0	0
0	0	0	0	0	0	0	0	0	0	0	0	0	0	0	0	0	0	0	0	0	0	0	0	0	0	0	0	0	0	0	0	0	0	0	0	0	0	0	0	0	0	0	0	0	0	0	0	0	0	0	0	0	0	0	0	0	0	0	0	0.917485322917879	0	0	0	0.748967451567153	0.867735614800679	0	0	0	0	0	0.644447943587808	0	0	0.561997152389929	0	0	0.681029301319558	0	0.751848391177531	0	0	0	0	0	0	0.697055390453828	0	0	0.723119372882363
0	0	0	0	0	0	0	0	0	0	0	0	0	0	0	0	0	0	0	0	0	0	0	0	0	0	0	0	0	0	0	0	0	0	0	0	0	0	0	0	0	0	0	0	0	0	0	0	0	0	0	0	0	0	0	0	0	0	0	0	0	0	0	0.619796655232976	0	0	0.55990260692567	0	0	0	0	0	0.867287152761698	0.54654203357761	0	0	0	0	0	0	0.843966496939675	0	0	0.67017321545932	0	0.973660703093215	0.979028325905829	0.602076159845336	0	0.779123243271941
0	0	0	0	0	0	0	0	0	0	0	0	0	0	0	0	0	0	0	0	0	0	0	0	0	0	0	0	0	0	0	0	0	0	0	0	0	0	0	0	0	0	0	0	0	0	0	0	0	0	0	0	0	0	0	0	0	0	0	0	0.846412857979868	0	0	0	0	0	0	0.820578334766056	0	0	0	0	0.994245182025809	0.993807252983922	0.802614087703093	0.8755347100423	0	0	0	0.747004978333652	0	0.92785530258095	0	0	0	0	0	0	0	0
0	0	0	0	0	0	0	0	0	0	0	0	0	0	0	0	0	0	0	0	0	0	0	0	0	0	0	0	0	0	0	0	0	0	0	0	0	0	0	0	0	0	0	0	0	0	0	0	0	0	0	0	0	0	0	0	0	0	0	0	0	0	0.914788273291699	0	0	0	0.569871887439447	0.744240842040518	0	0	0	0	0.596639334980109	0.677617543484118	0	0	0	0	0	0.884311039559855	0.784080101875359	0.618851384246596	0.852237995930731	0	0	0	0	0	0	0
0	0	0	0	0	0	0	0	0	0	0	0	0	0	0	0	0	0	0	0	0	0	0	0	0	0	0	0	0	0	0	0	0	0	0	0	0	0	0	0	0	0	0	0	0	0	0	0	0	0	0	0	0	0	0	0	0	0	0	0	0	0.81193422023044	0	0	0	0.969737423168895	0	0.77867782145359	0	0	0	0.722587870138005	0	0	0	0.868572820552378	0	0.614814802169993	0.674418956146931	0	0.693165225469767	0	0	0	0	0	0.891572491299114	0	0.702716870317356	0.636819986195376
0	0	0	0	0	0	0	0	0	0	0	0	0	0	0	0	0	0	0	0	0	0	0	0	0	0	0	0	0	0	0	0	0	0	0	0	0	0	0	0	0	0	0	0	0	0	0	0	0	0	0	0	0	0	0	0	0	0	0	0	0	0.602446320655974	0.683743126269668	0	0	0.648105873623014	0	0	0	0	0.545277107820024	0	0	0	0	0	0.957813979935643	0	0.632685139261128	0.707781414418854	0	0	0	0	0	0.513925189709433	0	0	0	0
0	0	0	0	0	0	0	0	0	0	0	0	0	0	0	0	0	0	0	0	0	0	0	0	0	0	0	0	0	0	0	0	0	0	0	0	0	0	0	0	0	0	0	0	0	0	0	0	0	0	0	0	0	0	0	0	0	0	0	0	0	0	0	0.717802738551864	0.823449299313992	0	0	0	0	0	0.92901033475274	0	0	0	0.812351911233529	0	0	0.689544327897555	0.544520219655314	0	0	0	0	0.620917042479607	0.715201729518571	0	0	0	0	0
0	0	0	0	0	0	0	0	0	0	0	0	0	0	0	0	0	0	0	0	0	0	0	0	0	0	0	0	0	0	0	0	0	0	0	0	0	0	0	0	0	0	0	0	0	0	0	0	0	0	0	0	0	0	0	0	0	0	0	0	0	0	0	0	0.761257641406875	0	0	0	0	0	0	0	0.545539273814664	0	0.807943021231972	0	0	0	0.62093422867148	0	0	0	0	0	0	0.792290089930497	0	0	0	0
0	0	0	0	0	0	0	0	0	0	0	0	0	0	0	0	0	0	0	0	0	0	0	0	0	0	0	0	0	0	0	0	0	0	0	0	0	0	0	0	0	0	0	0	0	0	0	0	0	0	0	0	0	0	0	0	0	0	0	0	0	0.929297291912319	0	0.989007036803687	0	0	0.873263456818867	0	0	0	0	0	0	0	0.749334543930225	0	0.603244950209122	0	0	0	0	0.799497405473826	0	0	0.712034817341588	0	0.605020287943834	0	0	0
0	0	0	0	0	0	0	0	0	0	0	0	0	0	0	0	0	0	0	0	0	0	0	0	0	0	0	0	0	0	0	0	0	0	0	0	0	0	0	0	0	0	0	0	0	0	0	0	0	0	0	0	0	0	0	0	0	0	0	0	0	0	0	0	0	0.814622410701967	0.790494892890267	0.815532901604474	0	0	0	0	0	0	0	0	0	0	0	0	0	0.876755803348706	0	0.957654538707057	0	0.864769212507685	0	0.985529597683163	0	0
0	0	0	0	0	0	0	0	0	0	0	0	0	0	0	0	0	0	0	0	0	0	0	0	0	0	0	0	0	0	0	0	0	0	0	0	0	0	0	0	0	0	0	0	0	0	0	0	0	0	0	0	0	0	0	0	0	0	0	0	0.973674074890586	0	0	0	0	0	0	0	0	0	0.784730995312505	0	0	0	0	0	0.957298380697601	0	0	0	0.588057465610074	0	0.682429325252186	0	0.856175910371912	0	0.524131929914344	0	0	0
0	0	0	0	0	0	0	0	0	0	0	0	0	0	0	0	0	0	0	0	0	0	0	0	0	0	0	0	0	0	0	0	0	0	0	0	0	0	0	0	0	0	0	0	0	0	0	0	0	0	0	0	0	0	0	0	0	0	0	0	0	0	0	0	0.768007450292394	0.93570879324426	0	0	0	0	0	0	0	0	0	0.838247551448543	0.943312863885698	0	0	0.698018525073843	0	0	0	0.594413148896363	0	0.839062264357285	0	0.878209240176989	0	0.723062664246345
0	0	0	0	0	0	0	0	0	0	0	0	0	0	0	0	0	0	0	0	0	0	0	0	0	0	0	0	0	0	0	0	0	0	0	0	0	0	0	0	0	0	0	0	0	0	0	0	0	0	0	0	0	0	0	0	0	0	0	0	0	0	0	0.589239784498144	0	0.584429696680282	0	0	0	0	0.688447810398485	0	0.982990949801737	0	0	0	0.618275764046146	0	0	0	0	0	0	0	0.607200416767506	0	0.579692837406444	0	0	0
0	0	0	0	0	0	0	0	0	0	0	0	0	0	0	0	0	0	0	0	0	0	0	0	0	0	0	0	0	0	0	0	0	0	0	0	0	0	0	0	0	0	0	0	0	0	0	0	0	0	0	0	0	0	0	0	0	0	0	0	0.741928571540199	0	0	0	0	0.787176796285128	0	0	0	0	0.554801559679851	0.995691887652435	0.73269943261681	0	0	0	0	0	0	0.606134211959889	0	0	0	0	0	0	0	0	0	0
0	0	0	0	0	0	0	0	0	0	0	0	0	0	0	0	0	0	0	0	0	0	0	0	0	0	0	0	0	0	0	0	0	0	0	0	0	0	0	0	0	0	0	0	0	0	0	0	0	0	0	0	0	0	0	0	0	0	0	0	0	0.80200700051905	0.65042236924526	0	0	0	0	0	0	0	0	0	0	0	0	0.812611420167421	0.878018040587663	0	0	0.909602354204753	0	0	0	0	0	0	0.552267939804233	0	0	0
