0	0.824911878658015	0.573103054557687	0.807632676658595	0.945853627021667	0.664284529408415	0	0	0	0.610977966954731	0	0.924408879162895	0.995940589630734	0	0.906191199923699	0.86419352897949	0.50452515606342	0.551403492867965	0	0	0	0	0	0	0	0	0	0	0	0	0	0	0	0	0	0	0	0	0	0	0	0	0	0	0	0	0	0	0	0	0	0	0	0	0	0	0	0	0	0	0	0	0	0	0	0	0	0	0	0	0	0	0	0	0	0	0	0	0	0	0	0	0	0	0	0	0	0	0	0
0.684960800454027	0	0	0.636797250411484	0.943813225145869	0	0.511755283086455	0.648154259070058	0	0	0.923897961235006	0	0.535756833168006	0.726566014840459	0.651821775834651	0.691298911003681	0	0.949017997657883	0	0	0	0	0	0	0	0	0	0	0	0	0	0	0	0	0	0	0	0	0	0	0	0	0	0	0	0	0	0	0	0	0	0	0	0	0	0	0	0	0	0	0	0	0	0	0	0	0	0	0	0	0	0	0	0	0	0	0	0	0	0	0	0	0	0	0	0	0	0	0	0
0.882855626316603	0	0	0.932148404571628	0	0.840470818341051	0.732040504725124	0	0.761949048745353	0.501959899175522	0.76706165472212	0.72979604877784	0.640625588589072	0	0.702918552601762	0.698564003119202	0.74827246947036	0.62601850592718	0	0	0	0	0	0	0	0	0	0	0	0	0	0	0	0	0	0	0	0	0	0	0	0	0	0	0	0	0	0	0	0	0	0	0	0	0	0	0	0	0	0	0	0	0	0	0	0	0	0	0	0	0	0	0	0	0	0	0	0	0	0	0	0	0	0	0	0	0	0	0	0
0.826747387795063	0.718540320239541	0.900612997405289	0	0	0.761586089141012	0.52549184834877	0.733311012246777	0.660518565580177	0.581702348339686	0	0	0.890241792029778	0.856774603038301	0.833870821163601	0	0	0	0	0	0	0	0	0	0	0	0	0	0	0	0	0	0	0	0	0	0	0	0	0	0	0	0	0	0	0	0	0	0	0	0	0	0	0	0	0	0	0	0	0	0	0	0	0	0	0	0	0	0	0	0	0	0	0	0	0	0	0	0	0	0	0	0	0	0	0	0	0	0	0
0.9473850946059	0.79700646987705	0	0	0	0.994401983679685	0	0.851945227112859	0	0.942115464227858	0.833575922833331	0.617135736288577	0.901148858371768	0.777105224345554	0.696122521237903	0.577504141098449	0.78336787327942	0	0	0	0	0	0	0	0	0	0	0	0	0	0	0	0	0	0	0	0	0	0	0	0	0	0	0	0	0	0	0	0	0	0	0	0	0	0	0	0	0	0	0	0	0	0	0	0	0	0	0	0	0	0	0	0	0	0	0	0	0	0	0	0	0	0	0	0	0	0	0	0	0
0.751633506059251	0	0.908626067062056	0.981074440654466	0.859251816419872	0	0.590609276476063	0	0.974652920202771	0.99638287772836	0.984261994794558	0.785937684771893	0.814615533482266	0.808240747451093	0.570097593948327	0	0.644219750322299	0.757914505624504	0	0	0	0	0	0	0	0	0	0	0	0	0	0	0	0	0	0	0	0	0	0	0	0	0	0	0	0	0	0	0	0	0	0	0	0	0	0	0	0	0	0	0	0	0	0	0	0	0	0	0	0	0	0	0	0	0	0	0	0	0	0	0	0	0	0	0	0	0	0	0	0
0	0.619585134818174	0.59913857566231	0.805949810213821	0	0.942451078015323	0	0.89316538438687	0	0.905843327269371	0.62664904839948	0.540389540178322	0.87388259641118	0.878504683882691	0	0	0.617769226358326	0	0	0	0	0	0	0	0	0	0	0	0	0	0	0	0	0	0	0	0	0	0	0	0	0	0	0	0	0	0	0	0	0	0	0	0	0	0	0	0	0	0	0	0	0	0	0	0	0	0	0	0	0	0	0	0	0	0	0	0	0	0	0	0	0	0	0	0	0	0	0	0	0
0	0.951391758588191	0	0.855131820630806	0.521890743502307	0	0.86092912686602	0	0.913110405812866	0.60584473062027	0	0	0.658693165599817	0.741254694938061	0.997498222334616	0	0	0.722502195918449	0	0	0	0	0	0	0	0	0	0	0	0	0	0	0	0	0	0	0	0	0	0	0	0	0	0	0	0	0	0	0	0	0	0	0	0	0	0	0	0	0	0	0	0	0	0	0	0	0	0	0	0	0	0	0	0	0	0	0	0	0	0	0	0	0	0	0	0	0	0	0	0
0	0	0.663112236659931	0.508656360494625	0	0.97208040327244	0	0.662462980449741	0	0.749535881576858	0.553865173878291	0.697886949044797	0	0.5385405602028	0.733846238542989	0.629377372456537	0	0.909872641738707	0	0	0	0	0	0	0	0	0	0	0	0	0	0	0	0	0	0	0	0	0	0	0	0	0	0	0	0	0	0	0	0	0	0	0	0	0	0	0	0	0	0	0	0	0	0	0	0	0	0	0	0	0	0	0	0	0	0	0	0	0	0	0	0	0	0	0	0	0	0	0	0
0.869183044473626	0	0.950757190153645	0.896243706342416	0.809857492472883	0.631914619148565	0.816777503509591	0.653285982718391	0.81842916752121	0	0.936035254642286	0	0.989657956555984	0.744814035504647	0.569879902403183	0.504357318768005	0.927197451444908	0.957498183866309	0	0	0	0	0	0	0	0	0	0	0	0	0	0	0	0	0	0	0	0	0	0	0	0	0	0	0	0	0	0	0	0	0	0	0	0	0	0	0	0	0	0	0	0	0	0	0	0	0	0	0	0	0	0	0	0	0	0	0	0	0	0	0	0	0	0	0	0	0	0	0	0
0	0.964924109773435	0.910105714658503	0	0.501985629137678	0.720654241134853	0.559327044823643	0	0.751725338882357	0.690100255100826	0	0	0.754856491919011	0	0.953398168457049	0	0.827414796829376	0	0	0	0	0	0	0	0	0	0	0	0	0	0	0	0	0	0	0	0	0	0	0	0	0	0	0	0	0	0	0	0	0	0	0	0	0	0	0	0	0	0	0	0	0	0	0	0	0	0	0	0	0	0	0	0	0	0	0	0	0	0	0	0	0	0	0	0	0	0	0	0	0
0.682884605465998	0	0.968482817073673	0	0.88837088063367	0.802184674393939	0.648031752891561	0	0.61581075425443	0	0	0	0.922638114061807	0.990112581150855	0.529636107608383	0	0.735282626226768	0.694708524610404	0	0	0	0	0	0	0	0	0	0	0	0	0	0	0	0	0	0	0	0	0	0	0	0	0	0	0	0	0	0	0	0	0	0	0	0	0	0	0	0	0	0	0	0	0	0	0	0	0	0	0	0	0	0	0	0	0	0	0	0	0	0	0	0	0	0	0	0	0	0	0	0
0.542329726411161	0.979730554839633	0.666937712460865	0.868383040028879	0.840939228794386	0.902092929638649	0.952285956426624	0.726186941845703	0	0.571959361509505	0.710208092121075	0.95459901411535	0	0	0.914157037684774	0.929393097014456	0	0.660104930190205	0	0	0	0	0	0	0	0	0	0	0	0	0	0	0	0	0	0	0	0	0	0	0	0	0	0	0	0	0	0	0	0	0	0	0	0	0	0	0	0	0	0	0	0	0	0	0	0	0	0	0	0	0	0	0	0	0	0	0	0	0	0	0	0	0	0	0	0	0	0	0	0
0	0.562404079155562	0	0.906357424755502	0.834324759707389	0.968035294513749	0.724469828205596	0.938798730498507	0.62723798062629	0.578498622417643	0	0.742642431104496	0	0	0.661927141304759	0.733086356510604	0.631526453402144	0.513670078621549	0	0	0	0	0	0	0	0	0	0	0	0	0	0	0	0	0	0	0	0	0	0	0	0	0	0	0	0	0	0	0	0	0	0	0	0	0	0	0	0	0	0	0	0	0	0	0	0	0	0	0	0	0	0	0	0	0	0	0	0	0	0	0	0	0	0	0	0	0	0	0	0
0.535553122633741	0.637058474973884	0.748267328903354	0.792895728974139	0.703545120171711	0.587657250982661	0	0.643559857296457	0.765195580812811	0.593132036010308	0.950809587556289	0.641551650649229	0.6775119528161	0.61527564158461	0	0.561021275016911	0	0.749131328610476	0	0	0	0	0	0	0	0	0	0	0	0	0	0	0	0	0	0	0	0	0	0	0	0	0	0	0	0	0	0	0	0	0	0	0	0	0	0	0	0	0	0	0	0	0	0	0	0	0	0	0	0	0	0	0	0	0	0	0	0	0	0	0	0	0	0	0	0	0	0	0	0
0.717064765129906	0.937226830193504	0.942153599420044	0	0.853441368075437	0	0	0	0.610353835577491	0.689377746350158	0	0	0.981468312629985	0.92119199980768	0.771185725255656	0	0	0.898617927166864	0	0	0	0	0	0	0	0	0	0	0	0	0	0	0	0	0	0	0	0	0	0	0	0	0	0	0	0	0	0	0	0	0	0	0	0	0	0	0	0	0	0	0	0	0	0	0	0	0	0	0	0	0	0	0	0	0	0	0	0	0	0	0	0	0	0	0	0	0	0	0	0
0.55950317097252	0	0.788672625885864	0	0.677825741552181	0.763968357826558	0.804060196091897	0	0	0.73245828893522	0.701104619357628	0.600499236585233	0	0.974776103275972	0	0	0	0.910240896716714	0	0	0	0	0	0	0	0	0	0	0	0	0	0	0	0	0	0	0	0	0	0	0	0	0	0	0	0	0	0	0	0	0	0	0	0	0	0	0	0	0	0	0	0	0	0	0	0	0	0	0	0	0	0	0	0	0	0	0	0	0	0	0	0	0	0	0	0	0	0	0	0
0.85047987364228	0.855014731447558	0.66148763543012	0	0	0.635276781545369	0	0.986227804906066	0.523160503476705	0.511445203502044	0	0.906601022797196	0.641812985419899	0.914031946191707	0.879015913026786	0.544952547355438	0.985436387637118	0	0	0	0	0	0	0	0	0	0	0	0	0	0	0	0	0	0	0	0	0	0	0	0	0	0	0	0	0	0	0	0	0	0	0	0	0	0	0	0	0	0	0	0	0	0	0	0	0	0	0	0	0	0	0	0	0	0	0	0	0	0	0	0	0	0	0	0	0	0	0	0	0
0	0	0	0	0	0	0	0	0	0	0	0	0	0	0	0	0	0	0	0.70514540805104	0.967876809640514	0.863931901352651	0.567478312755662	0	0.703374749559685	0.985753282651749	0	0	0.750531550096913	0.581251187171229	0.764349837528003	0.984724496364852	0.627264153015997	0.708160410685179	0.658534792596922	0.601830072998382	0	0	0	0	0	0	0	0	0	0	0	0	0	0	0	0	0	0	0	0	0	0	0	0	0	0	0	0	0	0	0	0	0	0	0	0	0	0	0	0	0	0	0	0	0	0	0	0	0	0	0	0	0	0
0	0	0	0	0	0	0	0	0	0	0	0	0	0	0	0	0	0	0.918097838823313	0	0.585723651485018	0.930655019306915	0.587016236056409	0.722495320616083	0.650151752736385	0.782981339392548	0.82583114190329	0	0	0	0.718555384872609	0.96458365051387	0.936262303292937	0.70012100594004	0.555613867450354	0.963739185875984	0	0	0	0	0	0	0	0	0	0	0	0	0	0	0	0	0	0	0	0	0	0	0	0	0	0	0	0	0	0	0	0	0	0	0	0	0	0	0	0	0	0	0	0	0	0	0	0	0	0	0	0	0	0
0	0	0	0	0	0	0	0	0	0	0	0	0	0	0	0	0	0	0.551365352550883	0.830228675959359	0	0.749592126577271	0.932256931351796	0.904480481894664	0.520344556835233	0.794088087926034	0.836647079091888	0.831456977547515	0	0	0	0.702722935913477	0.604110000126395	0.915674888580137	0.739239167460602	0.805638674224069	0	0	0	0	0	0	0	0	0	0	0	0	0	0	0	0	0	0	0	0	0	0	0	0	0	0	0	0	0	0	0	0	0	0	0	0	0	0	0	0	0	0	0	0	0	0	0	0	0	0	0	0	0	0
0	0	0	0	0	0	0	0	0	0	0	0	0	0	0	0	0	0	0.996454010705909	0.734936819582001	0.791404270027477	0	0.549050803566596	0.772030658637943	0.89749499669886	0.518288446795338	0.666492243856772	0.719837128712074	0.598341579075364	0	0	0	0.53302012799601	0.642632049302613	0.962270314675202	0.95557284933274	0	0	0	0	0	0	0	0	0	0	0	0	0	0	0	0	0	0	0	0	0	0	0	0	0	0	0	0	0	0	0	0	0	0	0	0	0	0	0	0	0	0	0	0	0	0	0	0	0	0	0	0	0	0
0	0	0	0	0	0	0	0	0	0	0	0	0	0	0	0	0	0	0.556420687337322	0.882858124521236	0.741360640310887	0.889152146614308	0	0.8874681258706	0.536688551608073	0.552750923765955	0.585776254458791	0.502946703651412	0.87844646406862	0.90734162069256	0	0	0	0.544372459969285	0.531177627425033	0.810194349437195	0	0	0	0	0	0	0	0	0	0	0	0	0	0	0	0	0	0	0	0	0	0	0	0	0	0	0	0	0	0	0	0	0	0	0	0	0	0	0	0	0	0	0	0	0	0	0	0	0	0	0	0	0	0
0	0	0	0	0	0	0	0	0	0	0	0	0	0	0	0	0	0	0	0.811987099977954	0.732339334168135	0.527324898761152	0.782606804139464	0	0.54099651690356	0.6012690696943	0.729569741473459	0.853589819966021	0.952812422036976	0.963045296921013	0.971415024432898	0	0	0	0.947525997104185	0.760492309311054	0	0	0	0	0	0	0	0	0	0	0	0	0	0	0	0	0	0	0	0	0	0	0	0	0	0	0	0	0	0	0	0	0	0	0	0	0	0	0	0	0	0	0	0	0	0	0	0	0	0	0	0	0	0
0	0	0	0	0	0	0	0	0	0	0	0	0	0	0	0	0	0	0.664931693378348	0.746192867796214	0.762146449567036	0.641506486756738	0.660638071859385	0.576146898621814	0	0.884055141707254	0.597747531107837	0.575040062784963	0.835195632960322	0.887315811839464	0.619629718301761	0.537768921288536	0	0	0	0.889967048684215	0	0	0	0	0	0	0	0	0	0	0	0	0	0	0	0	0	0	0	0	0	0	0	0	0	0	0	0	0	0	0	0	0	0	0	0	0	0	0	0	0	0	0	0	0	0	0	0	0	0	0	0	0	0
0	0	0	0	0	0	0	0	0	0	0	0	0	0	0	0	0	0	0.673650220972682	0.675569542069989	0.864655971452247	0.721314186906064	0.655235759894157	0.655812736442079	0.992240723629443	0	0.985678433232003	0.886817006684315	0.870791281354435	0.672661582128364	0.579813990745855	0.990462999799048	0.698059062862141	0	0	0	0	0	0	0	0	0	0	0	0	0	0	0	0	0	0	0	0	0	0	0	0	0	0	0	0	0	0	0	0	0	0	0	0	0	0	0	0	0	0	0	0	0	0	0	0	0	0	0	0	0	0	0	0	0
0	0	0	0	0	0	0	0	0	0	0	0	0	0	0	0	0	0	0	0.671028867660654	0.916667547050595	0.699005258414333	0.887319950559826	0.709625058487619	0.775537264767768	0.568615779607412	0	0.854521668986689	0.980147749108764	0.89590024209274	0.912372463307013	0.842259671297159	0.826499014749567	0.811250482945037	0	0	0	0	0	0	0	0	0	0	0	0	0	0	0	0	0	0	0	0	0	0	0	0	0	0	0	0	0	0	0	0	0	0	0	0	0	0	0	0	0	0	0	0	0	0	0	0	0	0	0	0	0	0	0	0
0	0	0	0	0	0	0	0	0	0	0	0	0	0	0	0	0	0	0	0	0.85069010494898	0.920581550817364	0.872821339031876	0.629315195978987	0.864092077647571	0.973100345324365	0.598986994367089	0	0.892236083756845	0.708440681718987	0.83648460201311	0.744257461090584	0.866917662161409	0.88207061937289	0.79256511799107	0	0	0	0	0	0	0	0	0	0	0	0	0	0	0	0	0	0	0	0	0	0	0	0	0	0	0	0	0	0	0	0	0	0	0	0	0	0	0	0	0	0	0	0	0	0	0	0	0	0	0	0	0	0	0
0	0	0	0	0	0	0	0	0	0	0	0	0	0	0	0	0	0	0.985781079197981	0	0	0.681149510839159	0.661079206118329	0.531697499481831	0.609809070437358	0.922222681930781	0.952900823680474	0.941483179258604	0	0.529246910438512	0.933145375637186	0.914631779383814	0.607485581672133	0.587875491253899	0.928204139988266	0.698142611034831	0	0	0	0	0	0	0	0	0	0	0	0	0	0	0	0	0	0	0	0	0	0	0	0	0	0	0	0	0	0	0	0	0	0	0	0	0	0	0	0	0	0	0	0	0	0	0	0	0	0	0	0	0	0
0	0	0	0	0	0	0	0	0	0	0	0	0	0	0	0	0	0	0.507618138726186	0	0	0	0.634506037417158	0.723524259353335	0.634518591782842	0.961368339223835	0.880098780101211	0.699279126997594	0.637535357823536	0	0.90993451625936	0.990500705121013	0.858748621008712	0.603027438477673	0.975585942375714	0.755157799408435	0	0	0	0	0	0	0	0	0	0	0	0	0	0	0	0	0	0	0	0	0	0	0	0	0	0	0	0	0	0	0	0	0	0	0	0	0	0	0	0	0	0	0	0	0	0	0	0	0	0	0	0	0	0
0	0	0	0	0	0	0	0	0	0	0	0	0	0	0	0	0	0	0.807443935262126	0.904047191293325	0	0	0	0.988036258854038	0.941904015942677	0.672297778027162	0.957287579930583	0.9145670975231	0.574721393369516	0.943828787548613	0	0.577298805507479	0.566991705148368	0.684441553920403	0.932512177081781	0.926878889154143	0	0	0	0	0	0	0	0	0	0	0	0	0	0	0	0	0	0	0	0	0	0	0	0	0	0	0	0	0	0	0	0	0	0	0	0	0	0	0	0	0	0	0	0	0	0	0	0	0	0	0	0	0	0
0	0	0	0	0	0	0	0	0	0	0	0	0	0	0	0	0	0	0.759727072030944	0.935592153175807	0.517526398124351	0	0	0	0.977682787199693	0.921670190294015	0.98979657285515	0.681347246455633	0.683960400420989	0.837325051990824	0.895956666368982	0	0.674121182733353	0.52302906658154	0.826117668521587	0.849554049752043	0	0	0	0	0	0	0	0	0	0	0	0	0	0	0	0	0	0	0	0	0	0	0	0	0	0	0	0	0	0	0	0	0	0	0	0	0	0	0	0	0	0	0	0	0	0	0	0	0	0	0	0	0	0
0	0	0	0	0	0	0	0	0	0	0	0	0	0	0	0	0	0	0.604255839512096	0.87043416425815	0.966370861126863	0.863052635528734	0	0	0	0.746174177519395	0.51771468121573	0.718841348809695	0.565674302077949	0.519542820399211	0.82579852534202	0.539189946158763	0	0.877079318137458	0.737503145283153	0.535354533818837	0	0	0	0	0	0	0	0	0	0	0	0	0	0	0	0	0	0	0	0	0	0	0	0	0	0	0	0	0	0	0	0	0	0	0	0	0	0	0	0	0	0	0	0	0	0	0	0	0	0	0	0	0	0
0	0	0	0	0	0	0	0	0	0	0	0	0	0	0	0	0	0	0.536435014351408	0.992287182135399	0.690186822072565	0.510781605664004	0.517032415905625	0	0	0	0.971707884710108	0.917923955968434	0.924537982484524	0.748974955657262	0.913778453357591	0.723320117065537	0.507615811301454	0	0.88725675452017	0.578575057790459	0	0	0	0	0	0	0	0	0	0	0	0	0	0	0	0	0	0	0	0	0	0	0	0	0	0	0	0	0	0	0	0	0	0	0	0	0	0	0	0	0	0	0	0	0	0	0	0	0	0	0	0	0	0
0	0	0	0	0	0	0	0	0	0	0	0	0	0	0	0	0	0	0.607240656790616	0.869415165946222	0.934234397674288	0.596922689796595	0.72737426511646	0.60256046354913	0	0	0	0.745805315736198	0.678132336545674	0.973557874571976	0.850790973108655	0.706284531766833	0.802902287156904	0.866903081012189	0	0.643712169706814	0	0	0	0	0	0	0	0	0	0	0	0	0	0	0	0	0	0	0	0	0	0	0	0	0	0	0	0	0	0	0	0	0	0	0	0	0	0	0	0	0	0	0	0	0	0	0	0	0	0	0	0	0	0
0	0	0	0	0	0	0	0	0	0	0	0	0	0	0	0	0	0	0.512562827684413	0.892980189709267	0.615629254965029	0.801993751369103	0.825400143304172	0.561441575510983	0.585340089256366	0	0	0	0.595081525325748	0.673008860064513	0.89213741074171	0.634983517024946	0.997839989064405	0.773698034829783	0.610794962549444	0	0	0	0	0	0	0	0	0	0	0	0	0	0	0	0	0	0	0	0	0	0	0	0	0	0	0	0	0	0	0	0	0	0	0	0	0	0	0	0	0	0	0	0	0	0	0	0	0	0	0	0	0	0	0
0	0	0	0	0	0	0	0	0	0	0	0	0	0	0	0	0	0	0	0	0	0	0	0	0	0	0	0	0	0	0	0	0	0	0	0	0	0.943827900801989	0.99921944047545	0.553019035714976	0.565641882030951	0	0	0	0	0	0	0	0	0	0.972398323419496	0.827979327456233	0.703179056713638	0.576866413171571	0	0	0	0	0	0	0	0	0	0	0	0	0	0	0	0	0	0	0	0	0	0	0	0	0	0	0	0	0	0	0	0	0	0	0	0
0	0	0	0	0	0	0	0	0	0	0	0	0	0	0	0	0	0	0	0	0	0	0	0	0	0	0	0	0	0	0	0	0	0	0	0	0.577087642078233	0	0.622999512798013	0.845265923207703	0.791377324263824	0.933848649968864	0	0	0	0	0	0	0	0	0	0.673804356832428	0.813515155402637	0	0	0	0	0	0	0	0	0	0	0	0	0	0	0	0	0	0	0	0	0	0	0	0	0	0	0	0	0	0	0	0	0	0	0	0	0
0	0	0	0	0	0	0	0	0	0	0	0	0	0	0	0	0	0	0	0	0	0	0	0	0	0	0	0	0	0	0	0	0	0	0	0	0.54443695414226	0.616200662925871	0	0.507634424987039	0.962841594837773	0.972868258738055	0	0	0.712439182725334	0	0	0	0	0	0	0	0.802208871929819	0.810806039067268	0	0	0	0	0	0	0	0	0	0	0	0	0	0	0	0	0	0	0	0	0	0	0	0	0	0	0	0	0	0	0	0	0	0	0	0
0	0	0	0	0	0	0	0	0	0	0	0	0	0	0	0	0	0	0	0	0	0	0	0	0	0	0	0	0	0	0	0	0	0	0	0	0.873655024379311	0.705904147038769	0.536198599165496	0	0.997738046418654	0.565464018432027	0.779914613031477	0.782330606269204	0	0	0	0	0	0	0	0	0	0.769301708413893	0	0	0	0	0	0	0	0	0	0	0	0	0	0	0	0	0	0	0	0	0	0	0	0	0	0	0	0	0	0	0	0	0	0	0	0
0	0	0	0	0	0	0	0	0	0	0	0	0	0	0	0	0	0	0	0	0	0	0	0	0	0	0	0	0	0	0	0	0	0	0	0	0.770352532759732	0.792530644417888	0.965643359793013	0.512314915446308	0	0.836841063252309	0	0.608497505968232	0.596124087153193	0.728312755415189	0	0	0	0	0.892832921831644	0	0	0.920288458452748	0	0	0	0	0	0	0	0	0	0	0	0	0	0	0	0	0	0	0	0	0	0	0	0	0	0	0	0	0	0	0	0	0	0	0	0
0	0	0	0	0	0	0	0	0	0	0	0	0	0	0	0	0	0	0	0	0	0	0	0	0	0	0	0	0	0	0	0	0	0	0	0	0	0.500275332623617	0.977840934692025	0.968616658252557	0.861156146528711	0	0.968162389537393	0.831622660030814	0	0.580700553177711	0	0.691494794564208	0	0	0	0	0	0	0	0	0	0	0	0	0	0	0	0	0	0	0	0	0	0	0	0	0	0	0	0	0	0	0	0	0	0	0	0	0	0	0	0	0	0
0	0	0	0	0	0	0	0	0	0	0	0	0	0	0	0	0	0	0	0	0	0	0	0	0	0	0	0	0	0	0	0	0	0	0	0	0	0	0	0.726703270158437	0	0.918082478182323	0	0.670211390174153	0.621539145265983	0.810422679808786	0.951176032103034	0	0	0.823543568984364	0	0	0	0	0	0	0	0	0	0	0	0	0	0	0	0	0	0	0	0	0	0	0	0	0	0	0	0	0	0	0	0	0	0	0	0	0	0	0	0
0	0	0	0	0	0	0	0	0	0	0	0	0	0	0	0	0	0	0	0	0	0	0	0	0	0	0	0	0	0	0	0	0	0	0	0	0	0	0	0.72491451372299	0.70794006112965	0.802656493993097	0.901763464467762	0	0.722123530164349	0	0.959173531455977	0.966303987147026	0	0	0	0.667635981608392	0	0	0	0	0	0	0	0	0	0	0	0	0	0	0	0	0	0	0	0	0	0	0	0	0	0	0	0	0	0	0	0	0	0	0	0	0	0
0	0	0	0	0	0	0	0	0	0	0	0	0	0	0	0	0	0	0	0	0	0	0	0	0	0	0	0	0	0	0	0	0	0	0	0	0	0	0.662084202981209	0	0.987488477168688	0	0.636630444854523	0.85011023953714	0	0.851359910096809	0.823485167306477	0.980679662464472	0.574950423001262	0.537720030681404	0	0	0	0	0	0	0	0	0	0	0	0	0	0	0	0	0	0	0	0	0	0	0	0	0	0	0	0	0	0	0	0	0	0	0	0	0	0	0	0
0	0	0	0	0	0	0	0	0	0	0	0	0	0	0	0	0	0	0	0	0	0	0	0	0	0	0	0	0	0	0	0	0	0	0	0	0	0	0	0	0.87103925336674	0.836725887717993	0.735799483536357	0	0.876318018897086	0	0.983885511169839	0.615251968748064	0	0.584495759932641	0	0	0	0	0	0	0	0	0	0	0	0	0	0	0	0	0	0	0	0	0	0	0	0	0	0	0	0	0	0	0	0	0	0	0	0	0	0	0	0
0	0	0	0	0	0	0	0	0	0	0	0	0	0	0	0	0	0	0	0	0	0	0	0	0	0	0	0	0	0	0	0	0	0	0	0	0	0	0	0	0	0	0.518769020903336	0.768197915015604	0.775178412347524	0.990659444038436	0	0.657561181852546	0.681519573333418	0.719909565295519	0.907438808153778	0	0	0	0	0	0	0	0	0	0	0	0	0	0	0	0	0	0	0	0	0	0	0	0	0	0	0	0	0	0	0	0	0	0	0	0	0	0	0
0	0	0	0	0	0	0	0	0	0	0	0	0	0	0	0	0	0	0	0	0	0	0	0	0	0	0	0	0	0	0	0	0	0	0	0	0	0	0	0	0	0.957934394425529	0	0.511104101959139	0.554798611629363	0.881027140488228	0.760025205275247	0	0.921163987655978	0.612847508276365	0.922772412457759	0	0	0.988333417930688	0	0	0	0	0	0	0	0	0	0	0	0	0	0	0	0	0	0	0	0	0	0	0	0	0	0	0	0	0	0	0	0	0	0	0	0
0	0	0	0	0	0	0	0	0	0	0	0	0	0	0	0	0	0	0	0	0	0	0	0	0	0	0	0	0	0	0	0	0	0	0	0	0	0	0	0	0	0	0	0	0.671762528083637	0	0.858847261500587	0.570469653206491	0	0.569148644516726	0.906172731590847	0.856698951823607	0.621578917203321	0	0	0	0	0	0	0	0	0	0	0	0	0	0	0	0	0	0	0	0	0	0	0	0	0	0	0	0	0	0	0	0	0	0	0	0	0
0	0	0	0	0	0	0	0	0	0	0	0	0	0	0	0	0	0	0	0	0	0	0	0	0	0	0	0	0	0	0	0	0	0	0	0	0	0	0	0	0	0	0.8456766312077	0	0.858333356601755	0.565147960210396	0.696924611849122	0.966073937618056	0.543307696955649	0	0	0	0.957501308280339	0.515150890242263	0	0	0	0	0	0	0	0	0	0	0	0	0	0	0	0	0	0	0	0	0	0	0	0	0	0	0	0	0	0	0	0	0	0	0	0
0	0	0	0	0	0	0	0	0	0	0	0	0	0	0	0	0	0	0	0	0	0	0	0	0	0	0	0	0	0	0	0	0	0	0	0	0.706127556189439	0	0	0	0.989283893102285	0	0	0	0	0	0.515580333500547	0.933116327579593	0.528325206926786	0	0	0.557767948233747	0.871968054167102	0.912115758379057	0	0	0	0	0	0	0	0	0	0	0	0	0	0	0	0	0	0	0	0	0	0	0	0	0	0	0	0	0	0	0	0	0	0	0	0
0	0	0	0	0	0	0	0	0	0	0	0	0	0	0	0	0	0	0	0	0	0	0	0	0	0	0	0	0	0	0	0	0	0	0	0	0.666760413130078	0.933442269580002	0	0	0	0	0	0.896899570703923	0	0	0	0	0.858380734117995	0	0.982007187060164	0	0.771297854275132	0.761376846735501	0	0	0	0	0	0	0	0	0	0	0	0	0	0	0	0	0	0	0	0	0	0	0	0	0	0	0	0	0	0	0	0	0	0	0	0
0	0	0	0	0	0	0	0	0	0	0	0	0	0	0	0	0	0	0	0	0	0	0	0	0	0	0	0	0	0	0	0	0	0	0	0	0.545758119225943	0.840231537757693	0.57161689914215	0	0	0	0	0	0	0	0	0	0.579978558743152	0.781929045730588	0.581907829158143	0.955922621086613	0	0.688695616700602	0	0	0	0	0	0	0	0	0	0	0	0	0	0	0	0	0	0	0	0	0	0	0	0	0	0	0	0	0	0	0	0	0	0	0	0
0	0	0	0	0	0	0	0	0	0	0	0	0	0	0	0	0	0	0	0	0	0	0	0	0	0	0	0	0	0	0	0	0	0	0	0	0.9233552162917	0	0.99374720117104	0.803555651275566	0.624403577514843	0	0	0	0	0	0	0.697853151107234	0	0.952883570102692	0.614695969264553	0.899793442169138	0.766113714794514	0	0	0	0	0	0	0	0	0	0	0	0	0	0	0	0	0	0	0	0	0	0	0	0	0	0	0	0	0	0	0	0	0	0	0	0	0
0	0	0	0	0	0	0	0	0	0	0	0	0	0	0	0	0	0	0	0	0	0	0	0	0	0	0	0	0	0	0	0	0	0	0	0	0	0	0	0	0	0	0	0	0	0	0	0	0	0	0	0	0	0	0	0	0	0.860938753735251	0	0	0	0.613619523808477	0	0	0.75620531236936	0	0.916910925052453	0	0	0.682836635499057	0	0	0	0	0	0	0	0	0	0	0	0	0	0	0	0	0	0	0	0
0	0	0	0	0	0	0	0	0	0	0	0	0	0	0	0	0	0	0	0	0	0	0	0	0	0	0	0	0	0	0	0	0	0	0	0	0	0	0	0	0	0	0	0	0	0	0	0	0	0	0	0	0	0	0	0	0.792786910604085	0.81725986165511	0	0	0	0.707992150273819	0	0	0	0	0	0.666992979890551	0	0.638565905543554	0	0	0	0	0	0	0	0	0	0	0	0	0	0	0	0	0	0	0	0
0	0	0	0	0	0	0	0	0	0	0	0	0	0	0	0	0	0	0	0	0	0	0	0	0	0	0	0	0	0	0	0	0	0	0	0	0	0	0	0	0	0	0	0	0	0	0	0	0	0	0	0	0	0	0	0.699424460673694	0	0.94680882876736	0.823870200163737	0	0	0	0	0	0	0.716275805191055	0	0	0.891641382029776	0	0	0	0	0	0	0	0	0	0	0	0	0	0	0	0	0	0	0	0	0
0	0	0	0	0	0	0	0	0	0	0	0	0	0	0	0	0	0	0	0	0	0	0	0	0	0	0	0	0	0	0	0	0	0	0	0	0	0	0	0	0	0	0	0	0	0	0	0	0	0	0	0	0	0	0.562948968967558	0.627718722172454	0.672976180138807	0	0.567368501818858	0	0.630859853925701	0	0	0.958523366034309	0	0	0	0.589692647358932	0	0	0	0	0	0	0	0	0	0	0	0	0	0	0	0	0	0	0	0	0	0
0	0	0	0	0	0	0	0	0	0	0	0	0	0	0	0	0	0	0	0	0	0	0	0	0	0	0	0	0	0	0	0	0	0	0	0	0	0	0	0	0	0	0	0	0	0	0	0	0	0	0	0	0	0	0	0	0.579254336217668	0.940576678754033	0	0	0.987451636162213	0.805752523994044	0	0	0.561046800714182	0	0	0	0	0	0	0	0	0	0	0	0	0	0	0	0	0	0	0	0	0	0	0	0	0
0	0	0	0	0	0	0	0	0	0	0	0	0	0	0	0	0	0	0	0	0	0	0	0	0	0	0	0	0	0	0	0	0	0	0	0	0	0	0	0	0	0	0	0	0	0	0	0	0	0	0	0	0	0	0	0	0	0	0	0	0.864261909304657	0	0.980391577252288	0	0	0.97337422959293	0	0	0.667429691007524	0	0	0	0	0	0	0	0	0	0	0	0	0	0	0	0	0	0	0	0	0
0	0	0	0	0	0	0	0	0	0	0	0	0	0	0	0	0	0	0	0	0	0	0	0	0	0	0	0	0	0	0	0	0	0	0	0	0	0	0	0	0	0	0	0	0	0	0	0	0	0	0	0	0	0	0	0	0	0.640047683068845	0.684678721459962	0.53126960917715	0	0.857047438408474	0.974090624433598	0.981185905935006	0	0	0	0	0.961418688405012	0	0	0	0	0	0	0	0	0	0	0	0	0	0	0	0	0	0	0	0	0
0	0	0	0	0	0	0	0	0	0	0	0	0	0	0	0	0	0	0	0	0	0	0	0	0	0	0	0	0	0	0	0	0	0	0	0	0	0	0	0	0	0	0	0	0	0	0	0	0	0	0	0	0	0	0.870511451422939	0.930394022683901	0	0	0.747297316882798	0	0.587193851645827	0	0.676062421592319	0	0	0	0	0	0	0	0	0	0	0	0	0	0	0	0	0	0	0	0	0	0	0	0	0	0	0
0	0	0	0	0	0	0	0	0	0	0	0	0	0	0	0	0	0	0	0	0	0	0	0	0	0	0	0	0	0	0	0	0	0	0	0	0	0	0	0	0	0	0	0	0	0	0	0	0	0	0	0	0	0	0	0	0	0	0	0.69947023048389	0.63778211345184	0.907259034644762	0	0	0.969307191766379	0.957315684762979	0	0.960761170588816	0	0	0	0.765305898504197	0	0	0	0	0	0	0	0	0	0	0	0	0	0	0	0	0	0
0	0	0	0	0	0	0	0	0	0	0	0	0	0	0	0	0	0	0	0	0	0	0	0	0	0	0	0	0	0	0	0	0	0	0	0	0	0	0	0	0	0	0	0	0	0	0	0	0	0	0	0	0	0	0	0	0	0.84918112176355	0	0	0.919094871219585	0	0	0	0.768303659338496	0.870312466726921	0	0.566442703254154	0	0	0.81503835281411	0	0	0	0	0	0	0	0	0	0	0	0	0	0	0	0	0	0	0
0	0	0	0	0	0	0	0	0	0	0	0	0	0	0	0	0	0	0	0	0	0	0	0	0	0	0	0	0	0	0	0	0	0	0	0	0	0	0	0	0	0	0	0	0	0	0	0	0	0	0	0	0	0	0.991099946496534	0	0	0	0.658587118578752	0	0	0	0.526339470744138	0.827107874906583	0	0	0.508838032396857	0.795768755419777	0	0.567031900037506	0	0	0	0	0	0	0	0	0	0	0	0	0	0	0	0	0	0	0	0
0	0	0	0	0	0	0	0	0	0	0	0	0	0	0	0	0	0	0	0	0	0	0	0	0	0	0	0	0	0	0	0	0	0	0	0	0	0	0	0	0	0	0	0	0	0	0	0	0	0	0	0	0	0	0	0	0.758075108694373	0	0	0.63782922401401	0	0	0.878075353253216	0.99472335670202	0	0	0	0.785948756237838	0	0	0	0.742512830758524	0	0	0	0	0	0	0	0	0	0	0	0	0	0	0	0	0	0
0	0	0	0	0	0	0	0	0	0	0	0	0	0	0	0	0	0	0	0	0	0	0	0	0	0	0	0	0	0	0	0	0	0	0	0	0	0	0	0	0	0	0	0	0	0	0	0	0	0	0	0	0	0	0.835907697206483	0	0	0	0	0	0	0	0	0	0.687278758319064	0	0	0.8425338555963	0.59216642199068	0.843674613718945	0	0	0	0	0	0	0	0	0	0	0	0	0	0	0	0	0	0	0	0
0	0	0	0	0	0	0	0	0	0	0	0	0	0	0	0	0	0	0	0	0	0	0	0	0	0	0	0	0	0	0	0	0	0	0	0	0	0	0	0	0	0	0	0	0	0	0	0	0	0	0	0	0	0	0	0.985966677921105	0	0.553270252515395	0	0	0	0	0.806515397473033	0.767884124228157	0.877520857080865	0.645688841010732	0.63577512713466	0	0.533073422638824	0.613288932814124	0.68042404431457	0.887217300685314	0	0	0	0	0	0	0	0	0	0	0	0	0	0	0	0	0	0
0	0	0	0	0	0	0	0	0	0	0	0	0	0	0	0	0	0	0	0	0	0	0	0	0	0	0	0	0	0	0	0	0	0	0	0	0	0	0	0	0	0	0	0	0	0	0	0	0	0	0	0	0	0	0	0	0.677995347680007	0	0	0.89607111619273	0.508724653344226	0	0	0	0	0	0.551004376888577	0.939114379917364	0	0	0.544977118306964	0.902017805632584	0	0	0	0	0	0	0	0	0	0	0	0	0	0	0	0	0	0
0	0	0	0	0	0	0	0	0	0	0	0	0	0	0	0	0	0	0	0	0	0	0	0	0	0	0	0	0	0	0	0	0	0	0	0	0	0	0	0	0	0	0	0	0	0	0	0	0	0	0	0	0	0	0.730247347026362	0.830437331128171	0	0	0	0	0	0	0	0	0.988927959836709	0	0.55465052562139	0.68001175490354	0	0	0	0.885972688276166	0	0	0	0	0	0	0	0	0	0	0	0	0	0	0	0	0	0
0	0	0	0	0	0	0	0	0	0	0	0	0	0	0	0	0	0	0	0	0	0	0	0	0	0	0	0	0	0	0	0	0	0	0	0	0	0	0	0	0	0	0	0	0	0	0	0	0	0	0	0	0	0	0	0	0	0	0	0	0	0	0	0.568813482561785	0	0	0	0.844913603938484	0.689451842984593	0	0	0.755108353723979	0	0	0	0	0	0	0	0	0	0	0	0	0	0	0	0	0	0
0	0	0	0	0	0	0	0	0	0	0	0	0	0	0	0	0	0	0	0	0	0	0	0	0	0	0	0	0	0	0	0	0	0	0	0	0	0	0	0	0	0	0	0	0	0	0	0	0	0	0	0	0	0	0	0	0	0	0	0	0	0	0.740076250410423	0	0	0.574655905212671	0	0.58453382514701	0.695115717634416	0.698102260245789	0.838706891163804	0	0	0	0	0	0	0	0	0	0	0	0	0	0	0	0	0	0	0
0	0	0	0	0	0	0	0	0	0	0	0	0	0	0	0	0	0	0	0	0	0	0	0	0	0	0	0	0	0	0	0	0	0	0	0	0	0	0	0	0	0	0	0	0	0	0	0	0	0	0	0	0	0	0	0	0	0	0	0	0	0	0	0	0	0	0	0	0	0	0	0	0	0.588492119516768	0.90149198416554	0.610432697791989	0.532519697605422	0	0	0	0	0	0	0	0.750807556385901	0.722958062770915	0.641212717074782	0.781247969922209	0.71969765585079	0.867214741772712
0	0	0	0	0	0	0	0	0	0	0	0	0	0	0	0	0	0	0	0	0	0	0	0	0	0	0	0	0	0	0	0	0	0	0	0	0	0	0	0	0	0	0	0	0	0	0	0	0	0	0	0	0	0	0	0	0	0	0	0	0	0	0	0	0	0	0	0	0	0	0	0	0.85147595608645	0	0.746180820068322	0.987727713558179	0.511046343306949	0.598398194982283	0.980688149515959	0	0	0	0	0	0	0	0.786235994142983	0.802027117628017	0.527557641879606	0.883303147650834
0	0	0	0	0	0	0	0	0	0	0	0	0	0	0	0	0	0	0	0	0	0	0	0	0	0	0	0	0	0	0	0	0	0	0	0	0	0	0	0	0	0	0	0	0	0	0	0	0	0	0	0	0	0	0	0	0	0	0	0	0	0	0	0	0	0	0	0	0	0	0	0	0.90505816037806	0.904245449919643	0	0.7592054410808	0.743093637517663	0.574303788577709	0.899735080933922	0.620345479183156	0	0	0	0	0	0	0	0.572173731979848	0.696274895442733	0.671520993769695
0	0	0	0	0	0	0	0	0	0	0	0	0	0	0	0	0	0	0	0	0	0	0	0	0	0	0	0	0	0	0	0	0	0	0	0	0	0	0	0	0	0	0	0	0	0	0	0	0	0	0	0	0	0	0	0	0	0	0	0	0	0	0	0	0	0	0	0	0	0	0	0	0.571704769931178	0.872440980298035	0.829933024500902	0	0.829248002333728	0.896610120605437	0.659650463393236	0.715050763267832	0.904579909218843	0	0.893830714971346	0	0	0	0	0	0.984679167446916	0.723899208134372
0	0	0	0	0	0	0	0	0	0	0	0	0	0	0	0	0	0	0	0	0	0	0	0	0	0	0	0	0	0	0	0	0	0	0	0	0	0	0	0	0	0	0	0	0	0	0	0	0	0	0	0	0	0	0	0	0	0	0	0	0	0	0	0	0	0	0	0	0	0	0	0	0.542963619902709	0.698448210545154	0.936963918179072	0.805744542572631	0	0.964959845651663	0.57176218993154	0.927100228792968	0.572125218363385	0.751583458282307	0.84653075669161	0	0	0	0	0	0	0.936115415891443
0	0	0	0	0	0	0	0	0	0	0	0	0	0	0	0	0	0	0	0	0	0	0	0	0	0	0	0	0	0	0	0	0	0	0	0	0	0	0	0	0	0	0	0	0	0	0	0	0	0	0	0	0	0	0	0	0	0	0	0	0	0	0	0	0	0	0	0	0	0	0	0	0	0.888958230668419	0.968919954411631	0.869385785602151	0.988775598193161	0	0.787308821586183	0.862625999259523	0.858934709938526	0.84887805030603	0.914068313736871	0	0	0	0	0	0	0
0	0	0	0	0	0	0	0	0	0	0	0	0	0	0	0	0	0	0	0	0	0	0	0	0	0	0	0	0	0	0	0	0	0	0	0	0	0	0	0	0	0	0	0	0	0	0	0	0	0	0	0	0	0	0	0	0	0	0	0	0	0	0	0	0	0	0	0	0	0	0	0	0	0.659554713888453	0.963807634640395	0.588837846832868	0.932099166906351	0.646704645846665	0	0.564339095578573	0.500040791141863	0.846096643302989	0.990337062016318	0.809048649721759	0	0	0.757898978143888	0	0	0
0	0	0	0	0	0	0	0	0	0	0	0	0	0	0	0	0	0	0	0	0	0	0	0	0	0	0	0	0	0	0	0	0	0	0	0	0	0	0	0	0	0	0	0	0	0	0	0	0	0	0	0	0	0	0	0	0	0	0	0	0	0	0	0	0	0	0	0	0	0	0	0	0	0	0.841841972132828	0.566808702338532	0.651864129222521	0.952573970195976	0.678022033724119	0	0	0.985527802652071	0.635868629206766	0.894192927785458	0.953289271928403	0	0	0	0	0
0	0	0	0	0	0	0	0	0	0	0	0	0	0	0	0	0	0	0	0	0	0	0	0	0	0	0	0	0	0	0	0	0	0	0	0	0	0	0	0	0	0	0	0	0	0	0	0	0	0	0	0	0	0	0	0	0	0	0	0	0	0	0	0	0	0	0	0	0	0	0	0	0	0	0	0.784625460637141	0.999220095805494	0.943353149727163	0.564979203634621	0	0	0.869339052104736	0.614991832222892	0.867909411557543	0.694224530096496	0.811224027890318	0	0	0	0
0	0	0	0	0	0	0	0	0	0	0	0	0	0	0	0	0	0	0	0	0	0	0	0	0	0	0	0	0	0	0	0	0	0	0	0	0	0	0	0	0	0	0	0	0	0	0	0	0	0	0	0	0	0	0	0	0	0	0	0	0	0	0	0	0	0	0	0	0	0	0	0	0	0	0	0	0.718487260238114	0.522243604891184	0.885597792263848	0.691897460476971	0.95859048317505	0	0.775830984974161	0.931436465128581	0.832207623701276	0.628520997316981	0.553523626999763	0	0	0
0	0	0	0	0	0	0	0	0	0	0	0	0	0	0	0	0	0	0	0	0	0	0	0	0	0	0	0	0	0	0	0	0	0	0	0	0	0	0	0	0	0	0	0	0	0	0	0	0	0	0	0	0	0	0	0	0	0	0	0	0	0	0	0	0	0	0	0	0	0	0	0	0	0	0	0.789456368396277	0.839569040258616	0.580288595387976	0.97444459950152	0.577365953867036	0.882560683209403	0.962554593915581	0	0	0	0.718077923013273	0.646684188493205	0.587135506041305	0	0
0	0	0	0	0	0	0	0	0	0	0	0	0	0	0	0	0	0	0	0	0	0	0	0	0	0	0	0	0	0	0	0	0	0	0	0	0	0	0	0	0	0	0	0	0	0	0	0	0	0	0	0	0	0	0	0	0	0	0	0	0	0	0	0	0	0	0	0	0	0	0	0	0	0	0	0	0	0	0.871166960659136	0.550630477679171	0.949811057509172	0.674961284345434	0	0	0.610146143996497	0.918663487937663	0.5915833976074	0.650287962689993	0.63132123799086	0
0	0	0	0	0	0	0	0	0	0	0	0	0	0	0	0	0	0	0	0	0	0	0	0	0	0	0	0	0	0	0	0	0	0	0	0	0	0	0	0	0	0	0	0	0	0	0	0	0	0	0	0	0	0	0	0	0	0	0	0	0	0	0	0	0	0	0	0	0	0	0	0	0.667778130589701	0	0	0	0	0	0	0.513540907722928	0.990425770914433	0.940889198595693	0	0.690256182708544	0	0.730362863154395	0.803449212011325	0.769805545284099	0.933641723131771	0.794208744354114
0	0	0	0	0	0	0	0	0	0	0	0	0	0	0	0	0	0	0	0	0	0	0	0	0	0	0	0	0	0	0	0	0	0	0	0	0	0	0	0	0	0	0	0	0	0	0	0	0	0	0	0	0	0	0	0	0	0	0	0	0	0	0	0	0	0	0	0	0	0	0	0	0.705963692463009	0	0	0	0	0	0	0	0.733558156672026	0.72518298600362	0.650720657126756	0.935326301096915	0.639682513911545	0	0.79385232642388	0.598851100047723	0.940725623839682	0.628768799391289
0	0	0	0	0	0	0	0	0	0	0	0	0	0	0	0	0	0	0	0	0	0	0	0	0	0	0	0	0	0	0	0	0	0	0	0	0	0	0	0	0	0	0	0	0	0	0	0	0	0	0	0	0	0	0	0	0	0	0	0	0	0	0	0	0	0	0	0	0	0	0	0	0.913286131820278	0.940914723012208	0	0	0	0	0.990434902976825	0	0	0.811607700502765	0.535947828738233	0.537789130639866	0.676996292317329	0.580637354680532	0	0.544037935730667	0.99857510941417	0.601915034269467
0	0	0	0	0	0	0	0	0	0	0	0	0	0	0	0	0	0	0	0	0	0	0	0	0	0	0	0	0	0	0	0	0	0	0	0	0	0	0	0	0	0	0	0	0	0	0	0	0	0	0	0	0	0	0	0	0	0	0	0	0	0	0	0	0	0	0	0	0	0	0	0	0.814861557699167	0.794128899225913	0.931050747791344	0	0	0	0	0	0	0	0.716744405521239	0.658743773123359	0.951186889565856	0.938531275189914	0.776782127893982	0	0.541531611160534	0.970051286481992
0	0	0	0	0	0	0	0	0	0	0	0	0	0	0	0	0	0	0	0	0	0	0	0	0	0	0	0	0	0	0	0	0	0	0	0	0	0	0	0	0	0	0	0	0	0	0	0	0	0	0	0	0	0	0	0	0	0	0	0	0	0	0	0	0	0	0	0	0	0	0	0	0.554285451654319	0.89881812066888	0.650351181621611	0.897166532943674	0	0	0	0	0	0	0	0.762891017570141	0.78641091498221	0.755614888243273	0.868616831685849	0.672046961822381	0	0.551747445585488
0	0	0	0	0	0	0	0	0	0	0	0	0	0	0	0	0	0	0	0	0	0	0	0	0	0	0	0	0	0	0	0	0	0	0	0	0	0	0	0	0	0	0	0	0	0	0	0	0	0	0	0	0	0	0	0	0	0	0	0	0	0	0	0	0	0	0	0	0	0	0	0	0.881580765176821	0.791020254251533	0.924591875204937	0.979568743432462	0.827616217942257	0	0	0	0	0	0	0	0.638226829140565	0.973764613449138	0.874288907137059	0.957525032591455	0.733183581214794	0
