0	0.76547529049368	0.8286995565772	0.762043765429385	0	0.857496972118519	0	0	0	0.536212964645997	0	0	0	0.854196526536884	0.740064388885075	0	0	0	0	0	0.846154154649027	0.80442458937115	0.615405501068614	0	0	0	0	0	0.622949887949226	0.919198348044147	0	0	0	0	0	0	0	0	0	0	0	0	0	0	0	0	0	0	0	0	0	0	0	0	0	0	0	0	0	0	0	0	0	0	0	0	0	0	0	0	0	0	0	0	0	0	0	0	0	0	0	0	0	0	0	0	0	0	0	0
0.920301821072842	0	0.897730965419996	0.67576267735432	0	0	0.80097285319222	0	0.847511376671228	0	0	0	0.522074838029067	0	0	0	0	0	0	0.773365877268773	0	0.777896904428882	0.817011579222938	0	0	0	0	0	0	0.597719183286657	0	0	0	0	0	0	0	0	0	0	0	0	0	0	0	0	0	0	0	0	0	0	0	0	0	0	0	0	0	0	0	0	0	0	0	0	0	0	0	0	0	0	0	0	0	0	0	0	0	0	0	0	0	0	0	0	0	0	0	0
0.965945600477401	0.768378868205763	0	0	0.63765993659883	0	0	0.973472780858471	0	0	0	0	0	0	0	0	0.900776747553256	0	0	0	0.688700402284452	0	0.550999550633284	0	0	0.827818827287763	0.653631216498856	0	0	0	0	0	0	0	0	0	0	0	0	0	0	0	0	0	0	0	0	0	0	0	0	0	0	0	0	0	0	0	0	0	0	0	0	0	0	0	0	0	0	0	0	0	0	0	0	0	0	0	0	0	0	0	0	0	0	0	0	0	0	0
0.900925136334257	0.775458205022419	0	0	0.902468934091562	0	0.764149107950879	0	0.688602471230196	0.996802140843457	0.567869697127235	0	0.559035116063038	0	0	0	0	0	0	0	0.836265239531928	0	0	0.959812783436934	0.821529256358067	0	0.901524200535269	0.88284135813395	0.7171827666589	0	0	0	0	0	0	0	0	0	0	0	0	0	0	0	0	0	0	0	0	0	0	0	0	0	0	0	0	0	0	0	0	0	0	0	0	0	0	0	0	0	0	0	0	0	0	0	0	0	0	0	0	0	0	0	0	0	0	0	0	0
0	0	0.630888186170598	0.72056675115114	0	0	0	0.922638929424135	0	0	0.611192866742956	0	0	0	0	0	0	0	0.638072654758473	0.789368363041052	0	0	0.553344691642003	0	0.927175991913929	0	0	0	0.723480102270279	0.644065346263657	0	0	0	0	0	0	0	0	0	0	0	0	0	0	0	0	0	0	0	0	0	0	0	0	0	0	0	0	0	0	0	0	0	0	0	0	0	0	0	0	0	0	0	0	0	0	0	0	0	0	0	0	0	0	0	0	0	0	0	0
0.503947942579779	0	0	0	0	0	0	0.807063370705556	0	0	0	0	0	0	0	0.870731239358742	0	0	0	0	0.934167116617225	0	0.75862603159677	0	0	0	0	0.829665686548717	0	0	0	0	0	0	0	0	0	0	0	0	0	0	0	0	0	0	0	0	0	0	0	0	0	0	0	0	0	0	0	0	0	0	0	0	0	0	0	0	0	0	0	0	0	0	0	0	0	0	0	0	0	0	0	0	0	0	0	0	0	0
0	0.851328772395274	0	0.882910923153582	0	0	0	0	0	0.792126779874388	0.913006611954019	0.553486244022827	0	0	0	0	0.600088502388517	0.630323969884464	0.706596929224195	0	0	0.571992909177003	0.641595924074761	0	0	0	0	0	0.9167378342931	0	0	0	0	0	0	0	0	0	0	0	0	0	0	0	0	0	0	0	0	0	0	0	0	0	0	0	0	0	0	0	0	0	0	0	0	0	0	0	0	0	0	0	0	0	0	0	0	0	0	0	0	0	0	0	0	0	0	0	0	0
0	0	0.817629992092587	0	0.880957760526879	0.891326295455419	0	0	0.918374838689149	0	0	0	0.607413540120495	0	0	0	0	0	0.665288216021797	0.710199614844349	0	0.945844454295394	0.983808659933761	0	0.624069992252991	0	0.682211828742125	0.954492690377926	0	0	0	0	0	0	0	0	0	0	0	0	0	0	0	0	0	0	0	0	0	0	0	0	0	0	0	0	0	0	0	0	0	0	0	0	0	0	0	0	0	0	0	0	0	0	0	0	0	0	0	0	0	0	0	0	0	0	0	0	0	0
0	0.675471713190107	0	0.629464310868906	0	0	0	0.641831077643668	0	0	0.826772779036602	0.625751620670205	0.5832615112287	0.583979958307186	0	0.969910204506544	0	0	0	0	0	0	0	0	0.725187558942727	0.932554047882357	0	0	0	0	0	0	0	0	0	0	0	0	0	0	0	0	0	0	0	0	0	0	0	0	0	0	0	0	0	0	0	0	0	0	0	0	0	0	0	0	0	0	0	0	0	0	0	0	0	0	0	0	0	0	0	0	0	0	0	0	0	0	0	0
0.777123290876978	0	0	0.919835666590725	0	0	0.513233561706011	0	0	0	0	0.633342046697843	0	0	0	0.875761029472181	0	0	0	0	0	0	0	0	0	0	0	0	0.631185609366234	0	0	0	0	0	0	0	0	0	0	0	0	0	0	0	0	0	0	0	0	0	0	0	0	0	0	0	0	0	0	0	0	0	0	0	0	0	0	0	0	0	0	0	0	0	0	0	0	0	0	0	0	0	0	0	0	0	0	0	0	0
0	0	0	0.928181474819583	0.86804293955668	0	0.905311508992556	0	0.819478239713748	0	0	0.641406296460376	0	0.768544349882643	0	0	0	0	0	0	0	0	0	0	0.83211089056967	0.70023346423545	0.998384974935325	0	0	0	0	0	0	0	0	0	0	0	0	0	0	0	0	0	0	0	0	0	0	0	0	0	0	0	0	0	0	0	0	0	0	0	0	0	0	0	0	0	0	0	0	0	0	0	0	0	0	0	0	0	0	0	0	0	0	0	0	0	0	0
0	0	0	0	0	0	0.555456108710525	0	0.87598658691127	0.940394546725924	0.765110196524179	0	0.709223787294072	0.619960583396466	0	0.897143238286577	0	0	0.894632045433154	0	0	0	0	0	0	0.54306665342728	0.68311861945234	0	0	0	0	0	0	0	0	0	0	0	0	0	0	0	0	0	0	0	0	0	0	0	0	0	0	0	0	0	0	0	0	0	0	0	0	0	0	0	0	0	0	0	0	0	0	0	0	0	0	0	0	0	0	0	0	0	0	0	0	0	0	0
0	0.571015696039669	0	0.782638142749649	0	0	0	0.838842220349432	0.78410294077273	0	0	0.868848178160009	0	0	0.833829304059701	0	0	0.817524216324887	0	0.672298599020538	0	0.81750828652011	0	0	0	0	0	0	0.958360558161336	0.783672684456997	0	0	0	0	0	0	0	0	0	0	0	0	0	0	0	0	0	0	0	0	0	0	0	0	0	0	0	0	0	0	0	0	0	0	0	0	0	0	0	0	0	0	0	0	0	0	0	0	0	0	0	0	0	0	0	0	0	0	0	0
0.967548435266836	0	0	0	0	0	0	0	0.537292517705368	0	0.913189911353709	0.56107749422222	0	0	0	0.930888863867274	0.843121827006542	0	0.822417304674335	0	0	0.571779692559753	0.748448702196184	0	0	0.994193683291039	0	0	0	0	0	0	0	0	0	0	0	0	0	0	0	0	0	0	0	0	0	0	0	0	0	0	0	0	0	0	0	0	0	0	0	0	0	0	0	0	0	0	0	0	0	0	0	0	0	0	0	0	0	0	0	0	0	0	0	0	0	0	0	0
0.543227765622155	0	0	0	0	0	0	0	0	0	0	0	0.977077631557048	0	0	0.850314848623743	0.536884397878791	0	0	0	0	0	0	0.820360860158422	0	0.706449418338242	0	0	0	0.708379600080302	0	0	0	0	0	0	0	0	0	0	0	0	0	0	0	0	0	0	0	0	0	0	0	0	0	0	0	0	0	0	0	0	0	0	0	0	0	0	0	0	0	0	0	0	0	0	0	0	0	0	0	0	0	0	0	0	0	0	0	0
0	0	0	0	0	0.507347837233831	0	0	0.515801248397094	0.517357195054809	0	0.564642487076451	0	0.815082731116811	0.569454530833107	0	0	0	0.590786598127605	0.646795574871038	0	0.680194859332288	0	0	0	0	0	0	0	0	0	0	0	0	0	0	0	0	0	0	0	0	0	0	0	0	0	0	0	0	0	0	0	0	0	0	0	0	0	0	0	0	0	0	0	0	0	0	0	0	0	0	0	0	0	0	0	0	0	0	0	0	0	0	0	0	0	0	0	0
0	0	0.621532265004177	0	0	0	0.600281590067445	0	0	0	0	0	0	0.564072306072835	0.728353453081164	0	0	0.548955684576853	0.944184290523258	0	0	0	0	0	0.57242282203974	0	0	0	0.859944605502333	0	0	0	0	0	0	0	0	0	0	0	0	0	0	0	0	0	0	0	0	0	0	0	0	0	0	0	0	0	0	0	0	0	0	0	0	0	0	0	0	0	0	0	0	0	0	0	0	0	0	0	0	0	0	0	0	0	0	0	0	0
0	0	0	0	0	0	0.820701199900947	0	0	0	0	0	0.631236559497105	0	0	0	0.789622362224161	0	0.640921859925203	0.637476544997974	0.788972772552092	0	0	0.537254274866002	0	0.961553686763488	0	0.660080615205846	0.774574665117275	0	0	0	0	0	0	0	0	0	0	0	0	0	0	0	0	0	0	0	0	0	0	0	0	0	0	0	0	0	0	0	0	0	0	0	0	0	0	0	0	0	0	0	0	0	0	0	0	0	0	0	0	0	0	0	0	0	0	0	0	0
0	0	0	0	0.578743290269985	0	0.677792769367968	0.895731402755208	0	0	0	0.749934058281195	0	0.636153980738039	0	0.960693543207722	0.954199570970778	0.552882723579657	0	0	0.505498096930874	0	0.685794172694776	0.766634815400357	0.685740948075825	0	0.750388311595809	0	0	0	0	0	0	0	0	0	0	0	0	0	0	0	0	0	0	0	0	0	0	0	0	0	0	0	0	0	0	0	0	0	0	0	0	0	0	0	0	0	0	0	0	0	0	0	0	0	0	0	0	0	0	0	0	0	0	0	0	0	0	0
0	0.547432983948309	0	0	0.819895325858736	0	0	0.752982852336749	0	0	0	0	0.600393592099329	0	0	0.960029096140899	0	0.917368951591129	0	0	0	0	0.654810557284405	0	0.628655250953503	0	0	0	0.682988874117277	0	0	0	0	0	0	0	0	0	0	0	0	0	0	0	0	0	0	0	0	0	0	0	0	0	0	0	0	0	0	0	0	0	0	0	0	0	0	0	0	0	0	0	0	0	0	0	0	0	0	0	0	0	0	0	0	0	0	0	0	0
0.55483116273985	0	0.966232491046909	0.870312571180499	0	0.841077388286717	0	0	0	0	0	0	0	0	0	0	0	0.795736331929126	0.976980767960561	0	0	0	0	0	0.548868299105586	0	0	0.514817468876483	0.91469048864904	0	0	0	0	0	0	0	0	0	0	0	0	0	0	0	0	0	0	0	0	0	0	0	0	0	0	0	0	0	0	0	0	0	0	0	0	0	0	0	0	0	0	0	0	0	0	0	0	0	0	0	0	0	0	0	0	0	0	0	0	0
0.718027713902409	0.727480842201268	0	0	0	0	0.579000913742976	0.667547862541659	0	0	0	0	0.90446943609141	0.855693900459986	0	0.992707315292771	0	0	0	0	0	0	0	0	0	0	0	0	0.831058468153717	0	0	0	0	0	0	0	0	0	0	0	0	0	0	0	0	0	0	0	0	0	0	0	0	0	0	0	0	0	0	0	0	0	0	0	0	0	0	0	0	0	0	0	0	0	0	0	0	0	0	0	0	0	0	0	0	0	0	0	0	0
0.867759638530703	0.739118387287385	0.973325398378079	0	0.771206507943235	0.933071160839178	0.970887730843588	0.562717107108665	0	0	0	0	0	0.896956047656583	0	0	0	0	0.612733955862529	0.800177581393061	0	0	0	0.848206045456915	0	0.570217772345425	0	0	0	0.922293899616213	0	0	0	0	0	0	0	0	0	0	0	0	0	0	0	0	0	0	0	0	0	0	0	0	0	0	0	0	0	0	0	0	0	0	0	0	0	0	0	0	0	0	0	0	0	0	0	0	0	0	0	0	0	0	0	0	0	0	0	0
0	0	0	0.699968581074951	0	0	0	0	0	0	0	0	0	0	0.903073884939913	0	0	0.766943702924996	0.617776056699979	0	0	0	0.574705401583161	0	0	0.580335469488543	0	0	0.610987464921459	0	0	0	0	0	0	0	0	0	0	0	0	0	0	0	0	0	0	0	0	0	0	0	0	0	0	0	0	0	0	0	0	0	0	0	0	0	0	0	0	0	0	0	0	0	0	0	0	0	0	0	0	0	0	0	0	0	0	0	0	0
0	0	0	0.70045285653632	0.898410552272315	0	0	0.767540368949765	0.504840369671609	0	0.95216622462014	0	0	0	0	0	0.90198882364045	0	0.972715801816285	0.836612444181732	0.682321612911755	0	0	0	0	0	0.541082990456136	0	0.728700873647576	0.629935187239501	0	0	0	0	0	0	0	0	0	0	0	0	0	0	0	0	0	0	0	0	0	0	0	0	0	0	0	0	0	0	0	0	0	0	0	0	0	0	0	0	0	0	0	0	0	0	0	0	0	0	0	0	0	0	0	0	0	0	0	0
0	0	0.685556495961485	0	0	0	0	0	0.655823220244839	0	0.984597722594184	0.59291000064181	0	0.755358412304844	0.706789705958658	0	0	0.733726284659807	0	0	0	0	0.609041444545207	0.994290759915679	0	0	0	0.734007008275183	0.984946714279642	0.852873268019496	0	0	0	0	0	0	0	0	0	0	0	0	0	0	0	0	0	0	0	0	0	0	0	0	0	0	0	0	0	0	0	0	0	0	0	0	0	0	0	0	0	0	0	0	0	0	0	0	0	0	0	0	0	0	0	0	0	0	0	0
0	0	0.931740727014862	0.91063468696295	0	0	0	0.805834618679423	0	0	0.887093387951951	0.958174523849362	0	0	0	0	0	0	0.561841921545993	0	0	0	0	0	0.676290216192265	0	0	0	0.647974498103107	0.679336260840058	0	0	0	0	0	0	0	0	0	0	0	0	0	0	0	0	0	0	0	0	0	0	0	0	0	0	0	0	0	0	0	0	0	0	0	0	0	0	0	0	0	0	0	0	0	0	0	0	0	0	0	0	0	0	0	0	0	0	0	0
0	0	0	0.579344387236138	0	0.66846600586002	0	0.769561655183077	0	0	0	0	0	0	0	0	0	0.801633661663916	0	0	0.591415262355683	0	0	0	0	0.840304669884574	0	0	0.764009483104924	0.729766106142052	0	0	0	0	0	0	0	0	0	0	0	0	0	0	0	0	0	0	0	0	0	0	0	0	0	0	0	0	0	0	0	0	0	0	0	0	0	0	0	0	0	0	0	0	0	0	0	0	0	0	0	0	0	0	0	0	0	0	0	0
0.50618826880425	0	0	0.546373428752755	0.839711807215178	0	0.776363252385869	0	0	0.723555177607932	0	0	0.873654472946832	0	0	0	0.803464720208639	0.797556477856519	0	0.738172048972366	0.835870335081465	0.8805211782111	0	0.524872289909564	0.624494679905448	0.588115781633104	0.64463946155673	0.692428031600401	0	0	0	0	0	0	0	0	0	0	0	0	0	0	0	0	0	0	0	0	0	0	0	0	0	0	0	0	0	0	0	0	0	0	0	0	0	0	0	0	0	0	0	0	0	0	0	0	0	0	0	0	0	0	0	0	0	0	0	0	0	0
0.901379514221301	0.865274564961914	0	0	0.50514471394613	0	0	0	0	0	0	0	0.544464932698699	0	0.961659131296881	0	0	0	0	0	0	0	0.644465427330113	0	0.988858870109197	0.640142370420971	0.728764129580271	0.589120599828825	0	0	0	0	0	0	0	0	0	0	0	0	0	0	0	0	0	0	0	0	0	0	0	0	0	0	0	0	0	0	0	0	0	0	0	0	0	0	0	0	0	0	0	0	0	0	0	0	0	0	0	0	0	0	0	0	0	0	0	0	0	0
0	0	0	0	0	0	0	0	0	0	0	0	0	0	0	0	0	0	0	0	0	0	0	0	0	0	0	0	0	0	0	0.734905772525238	0.654561798476724	0.845164568128078	0.691292638610985	0.95920128213238	0	0	0	0	0	0	0	0	0	0	0	0	0	0	0	0	0	0	0	0	0.701908029741358	0.634972763480927	0.863377155667471	0.555299949873919	0	0	0	0	0	0	0	0	0	0	0	0	0	0	0	0	0	0	0	0	0	0	0	0	0	0	0	0	0	0
0	0	0	0	0	0	0	0	0	0	0	0	0	0	0	0	0	0	0	0	0	0	0	0	0	0	0	0	0	0	0.782912493481835	0	0.533494366121869	0.553799241031961	0.865969390584267	0.850190033680607	0	0	0	0	0	0	0	0	0	0	0	0	0	0	0	0	0	0	0	0	0	0.715200496287489	0.589336892305132	0.914301697301469	0	0	0	0	0	0	0	0	0	0	0	0	0	0	0	0	0	0	0	0	0	0	0	0	0	0	0	0	0	0
0	0	0	0	0	0	0	0	0	0	0	0	0	0	0	0	0	0	0	0	0	0	0	0	0	0	0	0	0	0	0.835419366401591	0.726993070816135	0	0.909935561385656	0.50405390237274	0.941786316712387	0.868766282142556	0	0	0	0	0	0	0	0	0	0	0	0	0	0	0	0	0	0	0	0	0	0.831206152416261	0.932820563215935	0	0	0	0	0	0	0	0	0	0	0	0	0	0	0	0	0	0	0	0	0	0	0	0	0	0	0	0	0	0
0	0	0	0	0	0	0	0	0	0	0	0	0	0	0	0	0	0	0	0	0	0	0	0	0	0	0	0	0	0	0.65849176838999	0.732245416949197	0.694956813818454	0	0.658825526328932	0	0	0.995235388694488	0	0	0	0	0	0	0	0.829417662295438	0	0	0	0	0	0	0	0	0	0	0.857063276951238	0	0	0.600221022235672	0	0	0	0	0	0	0	0	0	0	0	0	0	0	0	0	0	0	0	0	0	0	0	0	0	0	0	0	0	0
0	0	0	0	0	0	0	0	0	0	0	0	0	0	0	0	0	0	0	0	0	0	0	0	0	0	0	0	0	0	0.825949631145815	0.657300392863352	0.800781361238222	0.642836839957799	0	0.725622362110859	0.540449553506658	0	0.73338379562652	0	0	0	0	0	0	0	0	0	0	0	0	0	0	0	0	0	0	0	0.764124898489714	0	0	0	0	0	0	0	0	0	0	0	0	0	0	0	0	0	0	0	0	0	0	0	0	0	0	0	0	0	0	0
0	0	0	0	0	0	0	0	0	0	0	0	0	0	0	0	0	0	0	0	0	0	0	0	0	0	0	0	0	0	0.528909931462186	0.606252814874967	0.589693272466491	0	0.955424577350345	0	0.970101060611561	0.542347016655139	0	0.612654577190603	0	0	0	0	0	0	0	0	0	0	0	0	0	0	0	0	0	0	0	0	0	0	0	0	0	0	0	0	0	0	0	0	0	0	0	0	0	0	0	0	0	0	0	0	0	0	0	0	0	0
0	0	0	0	0	0	0	0	0	0	0	0	0	0	0	0	0	0	0	0	0	0	0	0	0	0	0	0	0	0	0	0	0.673127470249166	0	0.656207666167132	0.626183930719231	0	0.915942892885829	0.502739033730828	0.693307542187928	0.828273255594323	0	0	0	0	0	0	0	0	0	0	0	0	0	0	0	0	0	0	0	0	0	0	0	0	0	0	0	0	0	0	0	0	0	0	0	0	0	0	0	0	0	0	0	0	0	0	0	0	0
0	0	0	0	0	0	0	0	0	0	0	0	0	0	0	0	0	0	0	0	0	0	0	0	0	0	0	0	0	0	0	0	0	0.923415682053081	0	0.848824586931549	0.839314937605762	0	0.748115920150229	0.77495372319307	0.69108574980801	0	0	0	0	0	0	0	0	0	0	0	0	0	0	0	0	0.665854049360205	0.84143280161273	0	0	0	0	0	0	0	0	0	0	0	0	0	0	0	0	0	0	0	0	0	0	0	0	0	0	0	0	0	0	0
0	0	0	0	0	0	0	0	0	0	0	0	0	0	0	0	0	0	0	0	0	0	0	0	0	0	0	0	0	0	0	0	0	0	0.595442643093447	0	0.841458869510519	0.525426287536161	0	0.84949606539961	0.958837918939886	0.676578042106812	0.666471845730972	0	0	0	0	0	0	0	0	0	0	0	0	0	0	0	0	0	0	0	0	0	0	0	0	0	0	0	0	0	0	0	0	0	0	0	0	0	0	0	0	0	0	0	0	0	0	0
0	0	0	0	0	0	0	0	0	0	0	0	0	0	0	0	0	0	0	0	0	0	0	0	0	0	0	0	0	0	0	0	0	0	0	0.766043696657069	0.563883971137782	0.778376611056578	0.898647873192858	0	0	0.82436831584803	0.79675371207071	0.89880384511445	0	0	0	0	0	0	0.673548586892001	0	0	0.936064848239123	0	0	0	0	0	0	0	0	0	0	0	0	0	0	0	0	0	0	0	0	0	0	0	0	0	0	0	0	0	0	0	0	0	0	0	0
0	0	0	0	0	0	0	0	0	0	0	0	0	0	0	0	0	0	0	0	0	0	0	0	0	0	0	0	0	0	0	0	0	0	0	0	0.844161262863034	0.951856857516888	0.685600813795971	0	0	0.659666019049414	0.562426032277093	0.683874849015257	0.917039348388677	0	0	0	0	0	0	0	0	0	0	0	0	0	0	0	0	0	0	0	0	0	0	0	0	0	0	0	0	0	0	0	0	0	0	0	0	0	0	0	0	0	0	0	0	0
0	0	0	0	0	0	0	0	0	0	0	0	0	0	0	0	0	0	0	0	0	0	0	0	0	0	0	0	0	0	0	0	0	0	0	0	0	0	0.936927369710939	0.812462517410236	0.975860198651625	0	0.725437450673885	0.954436546276796	0.514531683183155	0.787518629337917	0	0	0	0	0	0	0	0	0	0	0	0	0	0	0	0	0	0	0	0	0	0	0	0	0	0	0	0	0	0	0	0	0	0	0	0	0	0	0	0	0	0	0	0
0	0	0	0	0	0	0	0	0	0	0	0	0	0	0	0	0	0	0	0	0	0	0	0	0	0	0	0	0	0	0	0	0	0	0	0	0	0	0.983601471299644	0.77137373636046	0.753671791719506	0.661493756118473	0	0.966244568447513	0.527998588493332	0	0.773189659369016	0	0	0	0	0	0	0	0	0	0	0.722931612933336	0	0	0	0	0	0	0	0	0	0	0	0	0	0	0	0	0	0	0	0	0	0	0	0	0	0	0	0	0	0	0	0
0	0	0	0	0	0	0	0	0	0	0	0	0	0	0	0	0	0	0	0	0	0	0	0	0	0	0	0	0	0	0	0	0	0	0	0	0	0	0	0.584738278143662	0.881872361314342	0.579343696150925	0.790248888941945	0	0.850110802628854	0.878828130403	0.735772474396232	0.998260364297694	0	0	0	0	0	0	0	0	0	0	0	0	0	0	0	0	0	0	0	0	0	0	0	0	0	0	0	0	0	0	0	0	0	0	0	0	0	0	0	0	0	0
0	0	0	0	0	0	0	0	0	0	0	0	0	0	0	0	0	0	0	0	0	0	0	0	0	0	0	0	0	0	0	0	0	0	0	0	0	0	0	0	0.508964799240568	0.901133243658766	0.984079973029385	0.876759161704608	0	0.626015925142785	0.951235649289167	0.516654451487896	0.888856818277413	0	0	0	0	0	0	0	0	0	0	0	0	0	0	0	0	0	0	0	0	0	0	0	0	0	0	0	0	0	0	0	0	0	0	0	0	0	0	0	0	0
0	0	0	0	0	0	0	0	0	0	0	0	0	0	0	0	0	0	0	0	0	0	0	0	0	0	0	0	0	0	0	0	0	0.780081113201252	0	0	0	0	0	0	0	0.713026967284644	0	0.965877776337021	0.706291757895116	0	0.559491396836017	0.667652389775377	0.722777937694072	0.632201107588354	0	0	0	0	0	0	0	0	0	0	0	0	0	0	0	0	0	0	0	0	0	0	0	0	0	0	0	0	0	0	0	0	0	0	0	0	0	0	0	0
0	0	0	0	0	0	0	0	0	0	0	0	0	0	0	0	0	0	0	0	0	0	0	0	0	0	0	0	0	0	0	0	0	0	0	0	0	0	0	0	0	0	0.83668032218499	0.993996238181707	0.847861507207194	0.898935161549566	0	0.895502112327983	0.99808199394127	0.723627211162946	0.832112463277519	0	0	0	0	0	0	0	0	0	0	0	0	0	0	0	0	0	0	0	0	0	0	0	0	0	0	0	0	0	0	0	0	0	0	0	0	0	0	0
0	0	0	0	0	0	0	0	0	0	0	0	0	0	0	0	0	0	0	0	0	0	0	0	0	0	0	0	0	0	0	0	0	0	0	0	0	0	0	0	0	0	0	0.753953254598108	0.922801572727468	0.556623185492734	0.909386557726672	0	0.920358821799851	0.570937555073432	0.649109794947582	0.817142211642048	0	0	0	0	0	0	0	0	0	0	0	0	0	0	0	0	0	0	0	0	0	0	0	0	0	0	0	0	0	0	0	0	0	0	0	0	0	0
0	0	0	0	0	0	0	0	0	0	0	0	0	0	0	0	0	0	0	0	0	0	0	0	0	0	0	0	0	0	0	0	0	0	0	0	0	0	0	0	0	0	0	0	0.512781737769579	0.934418711908332	0.777712762399721	0.755578457723796	0	0.709332399159507	0.905031908835925	0.978369093807181	0.622620443601406	0	0	0	0	0	0	0	0	0	0	0	0	0	0	0	0	0	0	0	0	0	0	0	0	0	0	0	0	0	0	0	0	0	0	0	0	0
0	0	0	0	0	0	0	0	0	0	0	0	0	0	0	0	0	0	0	0	0	0	0	0	0	0	0	0	0	0	0	0	0	0	0	0	0	0	0	0	0	0	0	0	0	0.754072522029591	0.754455717649152	0.678156520593787	0.66587594507693	0	0.958778106597785	0.611378753278264	0.626668133665711	0.691838741250268	0	0	0	0	0	0	0	0	0	0	0	0	0	0	0	0	0	0	0	0	0	0	0	0	0	0	0	0	0	0	0	0	0	0	0	0
0	0	0	0	0	0	0	0	0	0	0	0	0	0	0	0	0	0	0	0	0	0	0	0	0	0	0	0	0	0	0	0	0	0	0	0	0	0	0	0.890476760301813	0	0	0	0	0	0	0.899698321114638	0.705672692854088	0.622073190757781	0.501394226213628	0	0.78664249675634	0	0.606579271558153	0.56810494668617	0	0	0	0	0	0	0	0	0	0	0	0	0	0	0	0	0	0	0	0	0	0	0	0	0	0	0	0	0	0	0	0	0	0	0
0	0	0	0	0	0	0	0	0	0	0	0	0	0	0	0	0	0	0	0	0	0	0	0	0	0	0	0	0	0	0	0	0	0	0	0	0	0	0	0	0	0	0	0	0	0	0	0.708399999852308	0.522543630233601	0.505694240400489	0.694877107086604	0	0.605891430397009	0.788155070083924	0.763486980984335	0	0	0	0.863235858629349	0	0	0	0	0	0	0	0	0	0	0	0	0	0	0	0	0	0	0	0	0	0	0	0	0	0	0	0	0	0	0
0	0	0	0	0	0	0	0	0	0	0	0	0	0	0	0	0	0	0	0	0	0	0	0	0	0	0	0	0	0	0	0	0	0	0	0	0	0	0	0	0	0	0	0	0	0	0	0	0.837096765104787	0.724251109524253	0	0.900394924203635	0	0.804665935987498	0.545922828193839	0.730992809061509	0.970583387816402	0	0	0	0	0	0	0	0	0	0	0	0	0	0	0	0	0	0	0	0	0	0	0	0	0	0	0	0	0	0	0	0	0
0	0	0	0	0	0	0	0	0	0	0	0	0	0	0	0	0	0	0	0	0	0	0	0	0	0	0	0	0	0	0	0	0	0	0	0	0	0	0	0.975880618662801	0	0	0	0	0	0	0	0	0	0.634072186665932	0.8749154948725	0.593588695222288	0.743643988344057	0	0.510102287963503	0.826676097425009	0.538794251585146	0.567110482540977	0	0	0	0	0	0	0	0	0	0	0	0	0	0	0	0	0	0	0	0	0	0	0	0	0	0	0	0	0	0	0	0
0	0	0	0	0	0	0	0	0	0	0	0	0	0	0	0	0	0	0	0	0	0	0	0	0	0	0	0	0	0	0	0	0	0	0	0	0	0	0	0	0	0	0	0	0	0	0	0	0	0	0.503212315624387	0.693076311339088	0.595449006370151	0.573664271758669	0	0.699214042742775	0.943350869779653	0.709619002965533	0.760507174904746	0	0	0	0	0	0	0	0	0	0	0	0	0	0	0	0	0	0	0	0	0	0	0	0	0	0	0	0	0	0	0
0	0	0	0	0	0	0	0	0	0	0	0	0	0	0	0	0	0	0	0	0	0	0	0	0	0	0	0	0	0	0	0	0	0	0	0	0	0	0	0	0	0	0	0	0	0	0	0	0	0	0	0	0.569894283753765	0.606065685141098	0.732248588502087	0	0.826717317276716	0.886293844113265	0.935577923762608	0.664753317953822	0	0	0	0	0	0	0	0	0	0	0	0	0	0	0	0	0	0	0	0	0	0	0	0	0	0	0	0	0	0
0	0	0	0	0	0	0	0	0	0	0	0	0	0	0	0	0	0	0	0	0	0	0	0	0	0	0	0	0	0	0.818530523372317	0	0	0.527339232539676	0	0	0	0	0	0	0	0	0	0	0	0	0	0	0	0	0	0	0.837615395374812	0.70776943766748	0.765880325028334	0.539467390911248	0	0.63961759592017	0.910808047679614	0.627212028359272	0	0	0	0	0	0	0	0	0	0	0	0	0	0	0	0	0	0	0	0	0	0	0	0	0	0	0	0	0	0
0	0	0	0	0	0	0	0	0	0	0	0	0	0	0	0	0	0	0	0	0	0	0	0	0	0	0	0	0	0	0.551103554439527	0.723586040679974	0	0	0	0	0	0.73927406561321	0	0	0	0	0.765752769067458	0	0	0	0	0	0	0	0	0	0	0.81028179892472	0.73695650235228	0.914348142243028	0.538239177852734	0	0.946974861997279	0	0	0	0	0	0	0	0	0	0	0	0	0	0	0	0	0	0	0	0	0	0	0	0	0	0	0	0	0	0	0
0	0	0	0	0	0	0	0	0	0	0	0	0	0	0	0	0	0	0	0	0	0	0	0	0	0	0	0	0	0	0.753362833605668	0.71856116121311	0.857976336072008	0	0.581375954968391	0	0	0.831194116128365	0	0	0	0	0	0	0	0	0	0	0	0	0	0.795453350918665	0	0	0.640830466519519	0.637587622528503	0.56200104957864	0.50383453659236	0	0.700550020359577	0	0	0	0	0	0	0	0	0	0	0	0	0	0	0	0	0	0	0	0	0	0	0	0	0	0	0	0	0	0
0	0	0	0	0	0	0	0	0	0	0	0	0	0	0	0	0	0	0	0	0	0	0	0	0	0	0	0	0	0	0.719077849002244	0.970268080782198	0.510482916947158	0.517854812131376	0	0	0	0	0	0	0	0	0	0	0	0	0	0	0	0	0	0	0	0	0	0.943370530363927	0.768849405944483	0	0.614512098798671	0	0	0	0	0	0	0	0	0	0	0	0	0	0	0	0	0	0	0	0	0	0	0	0	0	0	0	0	0	0	0
0	0	0	0	0	0	0	0	0	0	0	0	0	0	0	0	0	0	0	0	0	0	0	0	0	0	0	0	0	0	0	0	0	0	0	0	0	0	0	0	0	0	0	0	0	0	0	0	0	0	0	0	0	0	0	0	0	0	0	0	0	0	0	0	0	0.986573848666122	0.890856986659462	0.804723580655683	0	0	0	0.64251838548036	0	0	0.755068081317526	0	0	0	0	0	0.906680216225079	0.730345304802042	0	0	0.5903603113366	0.626260963905258	0.763623034954492	0.541628221483145	0.546748613942235	0.607127332050471
0	0	0	0	0	0	0	0	0	0	0	0	0	0	0	0	0	0	0	0	0	0	0	0	0	0	0	0	0	0	0	0	0	0	0	0	0	0	0	0	0	0	0	0	0	0	0	0	0	0	0	0	0	0	0	0	0	0	0	0	0	0	0	0.951451979077444	0.946193068382468	0.947310230816151	0.902256340950156	0	0.965803244148848	0	0.916754187694477	0	0.955829297222784	0	0	0	0.886032952466422	0.603546703900075	0	0.52651828919791	0	0	0.796933053733315	0	0.932544345752399	0.960089427550101	0.997804455633588	0.719085685354874	0.625721412049321	0.715273009205829
0	0	0	0	0	0	0	0	0	0	0	0	0	0	0	0	0	0	0	0	0	0	0	0	0	0	0	0	0	0	0	0	0	0	0	0	0	0	0	0	0	0	0	0	0	0	0	0	0	0	0	0	0	0	0	0	0	0	0	0	0	0	0	0	0	0.6415603492636	0.72580553337926	0.874183943059009	0	0.831521848454735	0.52780335808635	0	0.821814772367545	0	0	0	0.501706857001861	0	0	0.567689762514685	0	0	0	0	0.521565630120281	0	0.936696577310646	0.721787104875224	0.642633570052844	0
0	0	0	0	0	0	0	0	0	0	0	0	0	0	0	0	0	0	0	0	0	0	0	0	0	0	0	0	0	0	0	0	0	0	0	0	0	0	0	0	0	0	0	0	0	0	0	0	0	0	0	0	0	0	0	0	0	0	0	0	0	0.701373748192019	0	0	0.542426456551421	0.633649867824819	0.605956679094014	0.545183923941591	0	0.757280156514246	0.710000434064864	0.555541741881425	0	0	0	0	0	0.796723432382088	0	0	0	0	0	0	0	0	0.905111204270543	0	0.939783192293749	0.680936218617177
0	0	0	0	0	0	0	0	0	0	0	0	0	0	0	0	0	0	0	0	0	0	0	0	0	0	0	0	0	0	0	0	0	0	0	0	0	0	0	0	0	0	0	0	0	0	0	0	0	0	0	0	0	0	0	0	0	0	0	0	0	0.767658241729845	0	0.741329206878235	0	0.695890167341964	0.602355015426282	0.734101825066285	0	0.830596054483323	0.730969000987534	0.527479104703462	0	0	0	0.982210264028485	0.69576160104937	0	0	0	0	0	0	0	0	0	0	0.799770392318755	0.711264093143565	0
0	0	0	0	0	0	0	0	0	0	0	0	0	0	0	0	0	0	0	0	0	0	0	0	0	0	0	0	0	0	0	0	0	0	0	0	0	0	0	0	0	0	0	0	0	0	0	0	0	0	0	0	0	0	0	0	0	0	0	0	0.559809716579026	0.950390239702319	0.901221074054273	0.935911014656424	0.665305428769275	0	0.636645620389353	0.905137800055741	0.879515572313555	0.934730515556063	0.744759369591822	0.543747997778623	0.953631861066823	0	0	0	0	0	0	0	0	0	0.586044560849452	0	0	0	0	0.983689373678851	0.737312791239634	0.608573897041527
0	0	0	0	0	0	0	0	0	0	0	0	0	0	0	0	0	0	0	0	0	0	0	0	0	0	0	0	0	0	0	0	0	0	0	0	0	0	0	0	0	0	0	0	0	0	0	0	0	0	0	0	0	0	0	0	0	0	0	0	0.700103435273267	0.722068817681376	0.955194396447523	0.99524190937536	0.736825285489126	0.972839643599177	0	0	0.94740312364126	0.570997892003864	0.577210525267937	0.533842046028134	0.995079797535243	0	0	0	0.942346049118684	0.889738075475365	0.992261315320984	0	0	0	0	0	0	0	0	0	0	0.816338548548443
0	0	0	0	0	0	0	0	0	0	0	0	0	0	0	0	0	0	0	0	0	0	0	0	0	0	0	0	0	0	0	0	0	0	0	0	0	0	0	0	0	0	0	0	0	0	0	0	0	0	0	0	0	0	0	0	0	0	0	0	0.937979242184962	0	0.720609654273476	0.518771532003119	0.938134770862754	0.821572119640309	0	0	0.539814654817392	0.951306432992723	0.838248059067792	0.548902333174015	0	0.826517710328171	0.557736956355413	0	0	0	0	0	0	0	0	0	0	0	0.917842545206513	0	0	0
0	0	0	0	0	0	0	0	0	0	0	0	0	0	0	0	0	0	0	0	0	0	0	0	0	0	0	0	0	0	0	0	0	0	0	0	0	0	0	0	0	0	0	0	0	0	0	0	0	0	0	0	0	0	0	0	0	0	0	0	0	0.542875021411196	0	0	0	0.741871904661166	0.966581305150522	0.576659324910837	0	0.736884506023714	0.606331135161808	0.943856496941504	0.706831484141057	0	0.675352569297352	0.764077723116642	0	0.545655247955648	0	0	0	0.808591403214046	0	0	0.593678891875348	0	0	0	0	0
0	0	0	0	0	0	0	0	0	0	0	0	0	0	0	0	0	0	0	0	0	0	0	0	0	0	0	0	0	0	0	0	0	0	0	0	0	0	0	0	0	0	0	0	0	0	0	0	0	0	0	0	0	0	0	0	0	0	0	0	0	0	0.944323093842229	0.851795435195589	0.859906556847788	0.833585259452721	0.905770198031552	0.567803705199395	0.788324717778661	0	0	0.71148293734809	0.973586887318415	0.830236720512487	0.580633638815424	0	0	0	0.812395433030804	0.611552391006984	0	0	0	0	0	0.94650730199987	0	0.572025689392822	0	0
0	0	0	0	0	0	0	0	0	0	0	0	0	0	0	0	0	0	0	0	0	0	0	0	0	0	0	0	0	0	0	0	0	0	0	0	0	0	0	0	0	0	0	0	0	0	0	0	0	0	0	0	0	0	0	0	0	0	0	0	0	0.686831015835335	0.578504142235115	0.672105730558009	0.976273705929196	0.590110430272716	0.680644203823441	0.724660118084962	0.864319480023255	0	0	0	0.606801474882259	0.830044881374158	0	0.914866912609672	0.651487702299035	0	0	0	0.566715522896807	0	0.781369149925494	0	0	0	0	0.770364594101376	0.77413842278355	0.575551527625596
0	0	0	0	0	0	0	0	0	0	0	0	0	0	0	0	0	0	0	0	0	0	0	0	0	0	0	0	0	0	0	0	0	0	0	0	0	0	0	0	0	0	0	0	0	0	0	0	0	0	0	0	0	0	0	0	0	0	0	0	0.611267807208173	0	0	0.527947815030413	0.847404456790305	0.748947983304002	0.587335604822231	0.622025533485782	0.899608657026524	0.67382103335171	0	0	0.599059369643432	0.843124275686122	0	0	0.626450452662039	0.54985269529602	0	0.603442575453596	0	0	0.963358592645401	0.550193731681737	0	0	0	0	0.589063239142024	0
0	0	0	0	0	0	0	0	0	0	0	0	0	0	0	0	0	0	0	0	0	0	0	0	0	0	0	0	0	0	0	0	0	0	0	0	0	0	0	0	0	0	0	0	0	0	0	0	0	0	0	0	0	0	0	0	0	0	0	0	0	0.941333739164954	0.916068008028444	0	0	0.526013772885714	0.860885600645108	0	0.858123230596225	0.961969951591542	0.884108772019174	0.633966750223305	0	0.901494802796686	0.608285609665724	0.763665180033797	0.654428059541248	0.531909395880523	0.621016986066562	0	0	0	0	0.959231170013298	0	0.643342393295685	0	0	0	0
0	0	0	0	0	0	0	0	0	0	0	0	0	0	0	0	0	0	0	0	0	0	0	0	0	0	0	0	0	0	0	0	0	0	0	0	0	0	0	0	0	0	0	0	0	0	0	0	0	0	0	0	0	0	0	0	0	0	0	0	0	0	0	0	0	0	0	0.934008185332156	0	0.604816922589433	0.68650632600028	0.896562138338339	0.948361771562535	0	0.558972245958222	0.895378439895932	0	0.72483717571893	0	0.80301467088033	0.810337328313082	0	0	0.915309474111464	0	0	0	0	0	0
0	0	0	0	0	0	0	0	0	0	0	0	0	0	0	0	0	0	0	0	0	0	0	0	0	0	0	0	0	0	0	0	0	0	0	0	0	0	0	0	0	0	0	0	0	0	0	0	0	0	0	0	0	0	0	0	0	0	0	0	0.732145021764744	0	0	0	0	0	0	0.957015293763186	0.821367901878222	0.798406309843234	0	0	0.707981965160717	0.749326654422905	0	0	0.510900438201281	0.848478749720889	0	0.98116016800318	0.726401286230628	0.899437178855564	0	0	0	0	0	0.699655992405423	0	0.501031593606884
0	0	0	0	0	0	0	0	0	0	0	0	0	0	0	0	0	0	0	0	0	0	0	0	0	0	0	0	0	0	0	0	0	0	0	0	0	0	0	0	0	0	0	0	0	0	0	0	0	0	0	0	0	0	0	0	0	0	0	0	0	0	0	0	0.742814243486692	0	0	0	0.765604984507091	0	0.627641811038877	0	0.50248464088914	0.738947690579013	0	0	0.872958814367438	0.813212107895096	0.791743120519894	0.647854136843873	0.971638347474461	0	0	0	0	0.780079240863545	0	0	0	0
0	0	0	0	0	0	0	0	0	0	0	0	0	0	0	0	0	0	0	0	0	0	0	0	0	0	0	0	0	0	0	0	0	0	0	0	0	0	0	0	0	0	0	0	0	0	0	0	0	0	0	0	0	0	0	0	0	0	0	0	0	0.972196108247972	0.751332994685359	0	0.842593479653954	0	0.934987565095892	0	0	0	0.821593755649003	0.953419014588998	0.765879627527053	0	0.819091448106176	0.81280076101905	0	0	0.546827428536594	0	0.706484835922519	0.617264605428745	0.940192046707329	0.815472928679164	0.619652283247133	0	0	0	0	0
0	0	0	0	0	0	0	0	0	0	0	0	0	0	0	0	0	0	0	0	0	0	0	0	0	0	0	0	0	0	0	0	0	0	0	0	0	0	0	0	0	0	0	0	0	0	0	0	0	0	0	0	0	0	0	0	0	0	0	0	0	0.722247966197404	0	0.960942096041113	0	0	0.992910706694159	0	0.744467240252244	0	0	0.78960271156667	0.823077617317752	0.57197285716147	0.858107677794149	0.85588322097154	0	0	0	0.784731694088528	0	0.711658577603728	0.780145120224949	0.753082081795618	0.730888069929661	0	0	0	0	0
0	0	0	0	0	0	0	0	0	0	0	0	0	0	0	0	0	0	0	0	0	0	0	0	0	0	0	0	0	0	0	0	0	0	0	0	0	0	0	0	0	0	0	0	0	0	0	0	0	0	0	0	0	0	0	0	0	0	0	0	0	0	0	0	0	0	0.822512533133358	0	0	0.585204082548295	0	0	0.861585350282265	0	0	0.820147223858016	0.784993654252198	0	0	0.692328562142137	0.596206109261075	0.813452993573017	0.814040069666968	0.592723815227031	0.726240233781427	0.605045114778028	0	0	0	0
0	0	0	0	0	0	0	0	0	0	0	0	0	0	0	0	0	0	0	0	0	0	0	0	0	0	0	0	0	0	0	0	0	0	0	0	0	0	0	0	0	0	0	0	0	0	0	0	0	0	0	0	0	0	0	0	0	0	0	0	0	0.76284943167871	0.555760627218594	0	0	0	0	0	0	0.680010324995387	0	0.963115680001513	0	0.877966987636341	0.775529448427732	0.698382793353868	0	0.695502258241428	0.996317214394203	0	0.769503593611218	0	0.665169201705701	0	0.532992298192163	0.765037127973058	0.693760186374145	0	0	0
0	0	0	0	0	0	0	0	0	0	0	0	0	0	0	0	0	0	0	0	0	0	0	0	0	0	0	0	0	0	0	0	0	0	0	0	0	0	0	0	0	0	0	0	0	0	0	0	0	0	0	0	0	0	0	0	0	0	0	0	0.841714428906745	0	0	0	0	0	0	0	0	0	0.646219108192849	0	0	0.872163061009814	0.582175158094805	0.516410875765396	0.817080146854701	0	0.781497592997066	0.571271249587011	0	0.713716457372168	0.577580347716445	0.901270941542292	0	0.990230014473753	0.583046408118477	0.739124779847335	0	0.963856728925317
0	0	0	0	0	0	0	0	0	0	0	0	0	0	0	0	0	0	0	0	0	0	0	0	0	0	0	0	0	0	0	0	0	0	0	0	0	0	0	0	0	0	0	0	0	0	0	0	0	0	0	0	0	0	0	0	0	0	0	0	0.906142607998006	0	0	0	0	0	0	0	0.704255103437699	0	0	0	0	0	0.967259851783703	0	0.678814102174367	0.842216665049979	0.922392017715652	0	0.645712544556127	0	0	0.593554709198103	0.812113859589864	0.63057716069201	0.577849231541149	0.852045968485879	0.503643008518195	0.823020961306272
0	0	0	0	0	0	0	0	0	0	0	0	0	0	0	0	0	0	0	0	0	0	0	0	0	0	0	0	0	0	0	0	0	0	0	0	0	0	0	0	0	0	0	0	0	0	0	0	0	0	0	0	0	0	0	0	0	0	0	0	0	0.90075067747693	0	0	0	0.682842039778154	0	0	0	0	0.923814772619705	0.71117659713633	0	0	0	0	0.875407510419181	0.601597554569471	0.505911634561265	0.540413400639372	0.696368307365171	0	0	0.754472298144116	0	0	0.853735930698607	0.514540387050674	0.544395510444538	0.810001100445728
0	0	0	0	0	0	0	0	0	0	0	0	0	0	0	0	0	0	0	0	0	0	0	0	0	0	0	0	0	0	0	0	0	0	0	0	0	0	0	0	0	0	0	0	0	0	0	0	0	0	0	0	0	0	0	0	0	0	0	0	0	0	0	0	0	0	0	0	0	0	0	0.845119734903976	0.603962330084712	0.709294401208596	0	0	0.68482303316804	0.943806346152139	0.862610291283138	0	0.684682738174694	0.939796880268682	0.968692348874985	0	0.568249362986653	0.665557249413928	0.634728268043869	0.984278259294956	0.757776885442478	0
0	0	0	0	0	0	0	0	0	0	0	0	0	0	0	0	0	0	0	0	0	0	0	0	0	0	0	0	0	0	0	0	0	0	0	0	0	0	0	0	0	0	0	0	0	0	0	0	0	0	0	0	0	0	0	0	0	0	0	0	0.850033442766971	0.757546242058629	0.513146293627892	0	0	0	0	0	0.600546179733636	0	0	0	0	0	0	0	0.989464459495551	0.54356566619541	0.669166033657824	0.681143983895967	0	0.820516361730229	0	0.769672347703654	0	0	0.526387749122493	0	0.543240488860226	0.566976492846248
0	0	0	0	0	0	0	0	0	0	0	0	0	0	0	0	0	0	0	0	0	0	0	0	0	0	0	0	0	0	0	0	0	0	0	0	0	0	0	0	0	0	0	0	0	0	0	0	0	0	0	0	0	0	0	0	0	0	0	0	0.65924317969869	0.775740443153315	0	0	0	0	0	0	0	0.513465253136509	0	0	0.824101436129524	0	0	0.765714916035933	0	0	0.925693940135659	0.849408229071944	0.7679847870766	0.917607779991018	0	0.911939321041657	0	0	0.689699558208813	0	0.90120614160862	0.886181112756099
0	0	0	0	0	0	0	0	0	0	0	0	0	0	0	0	0	0	0	0	0	0	0	0	0	0	0	0	0	0	0	0	0	0	0	0	0	0	0	0	0	0	0	0	0	0	0	0	0	0	0	0	0	0	0	0	0	0	0	0	0.987121905769673	0.570256392012033	0.582107340669806	0.940506090668329	0	0	0	0.710456452748802	0	0	0	0	0	0	0	0	0	0	0	0.832735378801104	0.535848446390578	0.74978468264733	0.570762192777246	0.626626277133086	0.501061920176208	0.602725564748741	0	0.99550800026122	0.512932820212564	0.959048111223956
0	0	0	0	0	0	0	0	0	0	0	0	0	0	0	0	0	0	0	0	0	0	0	0	0	0	0	0	0	0	0	0	0	0	0	0	0	0	0	0	0	0	0	0	0	0	0	0	0	0	0	0	0	0	0	0	0	0	0	0	0.921914533218598	0.721245692604639	0.733254005146035	0	0.623440686198086	0.657765694644115	0	0	0	0.967685844564147	0.641079067045356	0	0	0	0.936219850084352	0	0	0	0	0	0.995385461006562	0.821457182593658	0.78942693086418	0.79390481136263	0	0	0.574995013155989	0	0.967015168301701	0.795228776970545
0	0	0	0	0	0	0	0	0	0	0	0	0	0	0	0	0	0	0	0	0	0	0	0	0	0	0	0	0	0	0	0	0	0	0	0	0	0	0	0	0	0	0	0	0	0	0	0	0	0	0	0	0	0	0	0	0	0	0	0	0.731065944125388	0.655593632315115	0.541382898263211	0.535690953822683	0.692792808744686	0.513164593278751	0	0	0	0	0.507797723811413	0.529329194657501	0	0	0	0	0	0	0	0	0	0.844551580005594	0.715906936295841	0.873944445927793	0.983433859340423	0.867160518766215	0.596479439040309	0.511965422110072	0	0.826514467389954
0	0	0	0	0	0	0	0	0	0	0	0	0	0	0	0	0	0	0	0	0	0	0	0	0	0	0	0	0	0	0	0	0	0	0	0	0	0	0	0	0	0	0	0	0	0	0	0	0	0	0	0	0	0	0	0	0	0	0	0	0.584173915544011	0.833894738396636	0	0.662741718741296	0	0.856164647527464	0.510205457340866	0	0	0	0.901164564535816	0	0	0	0.946752470820679	0	0	0	0	0	0.718835186985376	0.868191573004359	0.6564473348836	0	0.91752954195454	0.590534186577988	0.997894212176218	0.722719486831684	0.500063213616836	0
