0	0.704223972217295	0	0.939756870628726	0.749870144783295	0	0	0.948522165451085	0	0	0	0	0	0	0	0	0	0	0	0	0	0	0	0	0	0	0.808146190689971	0.630550217775252	0.930818142389747	0.709201456580683	0	0	0	0	0	0	0	0	0	0	0	0	0	0	0	0	0	0	0	0	0	0	0	0	0	0	0	0	0	0	0	0	0	0	0	0	0	0	0	0	0	0	0	0	0	0	0	0	0	0	0	0	0	0	0	0	0	0	0	0
0.502419429381451	0	0.544590753790011	0.563035265388406	0.735903627724858	0.737173794258599	0	0.835603068153125	0	0	0	0	0	0	0.695141572852648	0	0	0	0	0	0	0	0	0	0	0	0	0.872428977657001	0.975070823758923	0.607824621601789	0	0	0	0	0	0	0	0	0	0	0	0	0	0	0	0	0	0	0	0	0	0	0	0	0	0	0	0	0	0	0	0	0	0	0	0	0	0	0	0	0	0	0	0	0	0	0	0	0	0	0	0	0	0	0	0	0	0	0	0
0	0.541675690655748	0	0.56435701615239	0.827577226307923	0.906902730301323	0.532004356470464	0	0	0	0	0	0	0	0	0	0	0	0	0	0	0	0	0	0.683760171265287	0	0	0	0.956541709633467	0	0	0	0	0	0	0	0	0	0	0	0	0	0	0	0	0	0	0	0	0	0	0	0	0	0	0	0	0	0	0	0	0	0	0	0	0	0	0	0	0	0	0	0	0	0	0	0	0	0	0	0	0	0	0	0	0	0	0	0	0
0.916855455992626	0.677338928321285	0.693641930744456	0	0.513593973180301	0.930441636647616	0.789089696804269	0.594412784661708	0	0	0	0	0	0	0	0	0	0	0	0	0	0	0	0	0	0	0	0	0	0.873949887378674	0	0	0	0	0	0	0	0	0	0	0	0	0	0	0	0	0	0	0	0	0	0	0	0	0	0	0	0	0	0	0	0	0	0	0	0	0	0	0	0	0	0	0	0	0	0	0	0	0	0	0	0	0	0	0	0	0	0	0	0
0.991915554032384	0.945551654493579	0.830552789421112	0.688756054300904	0	0.917092013028396	0.887805826677624	0.568236255080443	0.838623787486011	0	0	0	0	0	0	0	0	0	0	0	0	0	0	0	0	0	0	0	0	0.590369591622213	0	0	0	0	0	0	0	0	0	0	0	0	0	0	0	0	0	0	0	0	0	0	0	0	0	0	0	0	0	0	0	0	0	0	0	0	0	0	0	0	0	0	0	0	0	0	0	0	0	0	0	0	0	0	0	0	0	0	0	0
0	0.878998707264627	0.813395574936868	0.541575025222701	0.882352089807012	0	0.758636665147626	0.633273170651065	0.95298058533209	0.52738911474336	0	0	0	0	0	0	0.865060596635978	0	0	0	0	0	0	0	0	0	0	0	0	0	0	0	0	0	0	0	0	0	0	0	0	0	0	0	0	0	0	0	0	0	0	0	0	0	0	0	0	0	0	0	0	0	0	0	0	0	0	0	0	0	0	0	0	0	0	0	0	0	0	0	0	0	0	0	0	0	0	0	0	0
0	0	0.93472296595227	0.823486950187801	0.527523934113757	0.694722472319642	0	0.876165325852714	0.951427574008507	0.79218475546129	0.724871536555769	0	0	0	0	0	0	0	0	0	0	0	0	0	0	0	0	0	0	0	0	0	0	0	0	0	0	0	0	0	0	0	0	0	0	0	0	0	0	0	0	0	0	0	0	0	0	0	0	0	0	0	0	0	0	0	0	0	0	0	0	0	0	0	0	0	0	0	0	0	0	0	0	0	0	0	0	0	0	0
0.838555721945816	0.862198719438994	0	0.626776579624023	0.958155960041911	0.554986071516693	0.956272196631972	0	0.81823988393169	0	0	0.755221486991048	0	0	0	0	0	0	0	0	0	0	0	0	0	0	0	0.9297450277954	0	0	0	0	0	0	0	0	0	0	0	0	0	0	0	0	0	0	0	0	0	0	0	0	0	0	0	0	0	0	0	0	0	0	0	0	0	0	0	0	0	0	0	0	0	0	0	0	0	0	0	0	0	0	0	0	0	0	0	0	0	0
0	0	0	0	0.788146738512382	0.500490936331655	0.597741495666656	0.53136388668077	0	0	0.622036418729686	0.77832982974447	0.614122173514225	0	0	0	0	0	0	0	0	0	0	0	0	0	0	0	0	0.581224283032251	0	0	0	0	0	0	0	0	0	0	0	0	0	0	0	0	0	0	0	0	0	0	0	0	0	0	0	0	0	0	0	0	0	0	0	0	0	0	0	0	0	0	0	0	0	0	0	0	0	0	0	0	0	0	0	0	0	0	0	0
0	0	0	0	0	0.932767424779385	0.688523187696062	0	0	0	0.802258323254994	0	0.93626770539289	0	0.94093982178199	0	0	0	0	0	0	0	0	0	0	0	0	0	0.875052978862173	0	0	0	0	0	0	0	0	0	0	0	0	0	0	0	0	0	0	0	0	0	0	0	0	0	0	0	0	0	0	0	0	0	0	0	0	0	0	0	0	0	0	0	0	0	0	0	0	0	0	0	0	0	0	0	0	0	0	0	0	0
0	0	0	0	0	0	0.621754338964503	0	0.716672847286729	0.690287086794938	0	0.558613785054791	0.64711710016664	0.804772365334217	0.614493246690493	0	0	0	0	0	0	0	0	0	0	0	0	0	0	0	0	0	0	0	0	0	0	0	0	0	0	0	0	0	0	0	0	0	0	0	0	0	0	0	0	0	0	0	0	0	0	0	0	0	0	0	0	0	0	0	0	0	0	0	0	0	0	0	0	0	0	0	0	0	0	0	0	0	0	0
0	0	0	0	0	0	0	0.503206204952098	0.561222016185558	0	0.540552753556333	0	0.968651235716871	0.712014222804966	0.618239010982999	0.94267429724982	0	0	0	0	0	0	0	0	0	0	0	0	0	0	0	0	0	0	0	0	0	0	0	0	0	0	0	0	0	0	0	0	0	0	0	0	0	0	0	0	0	0	0	0	0	0	0	0	0	0	0	0	0	0	0	0	0	0	0	0	0	0	0	0	0	0	0	0	0	0	0	0	0	0
0	0	0	0	0	0	0	0	0.952024229234913	0.504372264081464	0.559520487242926	0.700281426753374	0	0.513918271786453	0.95392778063028	0.885652370064193	0.624203401126337	0	0	0	0	0	0	0	0	0	0	0	0	0	0	0	0	0	0	0	0	0	0	0	0	0	0	0	0	0	0	0	0	0	0	0	0	0	0	0	0	0	0	0	0	0	0	0	0	0	0	0	0	0	0	0	0	0	0	0	0	0	0	0	0	0	0	0	0	0	0	0	0	0
0	0	0	0	0	0	0	0	0	0	0.756349196900836	0.532234894321077	0.642210924429623	0	0.832604795069461	0.90333059934562	0	0.97369171228901	0	0.765694094421499	0	0	0	0	0	0	0	0	0	0	0	0	0	0	0	0	0	0	0	0	0	0	0	0	0	0	0	0	0	0	0	0	0	0	0	0	0	0	0	0	0	0	0	0	0	0	0	0	0	0	0	0	0	0	0	0	0	0	0	0	0	0	0	0	0	0	0	0	0	0
0	0.769049819924776	0	0	0	0	0	0	0	0.86684956586807	0.959931608693067	0.669753803356456	0.889863245902275	0.854294317544523	0	0.932760921474298	0	0.625530576651441	0.552456644298669	0	0	0	0	0	0	0	0	0	0	0	0	0	0	0	0	0	0	0	0	0	0	0	0	0	0	0	0	0	0	0	0	0	0	0	0	0	0	0	0	0	0	0	0	0	0	0	0	0	0	0	0	0	0	0	0	0	0	0	0	0	0	0	0	0	0	0	0	0	0	0
0	0	0	0	0	0	0	0	0	0	0	0.85539470820044	0.647998886893243	0.694767662203708	0.54549169981347	0	0	0.723579474211606	0.712792155153162	0.605068902916439	0.670519176708344	0.618645177210169	0	0	0	0	0	0	0.608139666919365	0	0	0	0	0	0	0	0	0	0	0	0	0	0	0	0	0	0	0	0	0	0	0	0	0	0	0	0	0	0	0	0	0	0	0	0	0	0	0	0	0	0	0	0	0	0	0	0	0	0	0	0	0	0	0	0	0	0	0	0	0
0	0	0	0	0	0.577458803185603	0	0	0	0	0	0	0.851342987623283	0	0	0	0	0	0.692099200077845	0.953200806306522	0.780944476044769	0	0	0	0	0	0	0	0	0	0	0	0	0	0	0	0	0	0	0	0	0	0	0	0	0	0	0	0	0	0	0	0	0	0	0	0	0	0	0	0	0	0	0	0	0	0	0	0	0	0	0	0	0	0	0	0	0	0	0	0	0	0	0	0	0	0	0	0	0
0	0	0	0	0	0	0	0	0	0	0	0	0	0.721919595918343	0.864907209674408	0.622187332182929	0	0	0.717302936517441	0.978607611349347	0.933879811271237	0.783073019806536	0	0	0	0	0	0	0	0	0	0	0	0	0	0	0	0	0	0	0	0	0	0	0	0	0	0	0	0	0	0	0	0	0	0	0	0	0	0	0	0	0	0	0	0	0	0	0	0	0	0	0	0	0	0	0	0	0	0	0	0	0	0	0	0	0	0	0	0
0	0	0	0	0	0	0	0	0	0	0	0	0	0	0.980505141619207	0.629382151941753	0.655228163124961	0.796680321158918	0	0.768098973531023	0.92214078016576	0.645469522538156	0.752135200564318	0	0	0	0	0	0	0	0	0	0	0	0	0	0	0	0	0	0	0	0	0	0	0	0	0	0	0	0	0	0	0	0	0	0	0	0	0	0	0	0	0	0	0	0	0	0	0	0	0	0	0	0	0	0	0	0	0	0	0	0	0	0	0	0	0	0	0
0	0	0	0	0	0	0	0	0	0	0	0	0	0.786008293145597	0	0.650049782691994	0.520753961646363	0.692862070051226	0.595823224275804	0	0.850212118073954	0.944981721361373	0.571755922656551	0.573801648556274	0	0	0	0	0	0	0	0	0	0	0	0	0	0	0	0	0	0	0	0	0	0	0	0	0	0	0	0	0	0	0	0	0	0	0	0	0	0	0	0	0	0	0	0	0	0	0	0	0	0	0	0	0	0	0	0	0	0	0	0	0	0	0	0	0	0
0	0	0	0	0	0	0	0	0	0	0	0	0	0	0	0.630305882311731	0.890345527541979	0.61457230375611	0.97633076756565	0.615030382342011	0	0.553917968274842	0.927008009952027	0	0.852371429409416	0	0	0	0	0	0	0	0	0	0	0	0	0	0	0	0	0	0	0	0	0	0	0	0	0	0	0	0	0	0	0	0	0	0	0	0	0	0	0	0	0	0	0	0	0	0	0	0	0	0	0	0	0	0	0	0	0	0	0	0	0	0	0	0	0
0	0	0	0	0	0	0	0	0	0	0	0	0	0	0	0.79839035303296	0	0.544967951031199	0.566191617611679	0.950120718300245	0.797024574699793	0	0.783611000589223	0	0.787769787100149	0.930552291537308	0	0	0	0	0	0	0	0	0	0	0	0	0	0	0	0	0	0	0	0	0	0	0	0	0	0	0	0	0	0	0	0	0	0	0	0	0	0	0	0	0	0	0	0	0	0	0	0	0	0	0	0	0	0	0	0	0	0	0	0	0	0	0	0
0	0	0	0	0	0	0	0	0	0	0	0	0	0	0	0	0	0	0.566747160598272	0.921016886070901	0.921728570664119	0.955435734288139	0	0.96776164377066	0.86561246757895	0.644877979572892	0.962238464898083	0	0	0	0	0	0	0	0	0	0	0	0	0	0	0	0	0	0	0	0	0	0	0	0	0	0	0	0	0	0	0	0	0	0	0	0	0	0	0	0	0	0	0	0	0	0	0	0	0	0	0	0	0	0	0	0	0	0	0	0	0	0	0
0	0	0	0	0	0	0	0	0	0	0	0	0	0	0	0	0	0	0	0.980076401872577	0	0	0.893869314547311	0	0.772645878441968	0.921980286892857	0.994299033163067	0.837431907244038	0	0	0	0	0	0	0	0	0	0	0	0	0	0	0	0	0	0	0	0	0	0	0	0	0	0	0	0	0	0	0	0	0	0	0	0	0	0	0	0	0	0	0	0	0	0	0	0	0	0	0	0	0	0	0	0	0	0	0	0	0	0
0	0	0.862810324845349	0	0	0	0	0	0	0	0	0	0	0	0	0	0	0	0	0	0.74994296687855	0.9749048558547	0.724252749473301	0.716902712361853	0	0.839343631687089	0.56922304026574	0	0.559876765968942	0	0	0	0	0	0	0	0	0	0	0	0	0	0	0	0	0	0	0	0	0	0	0	0	0	0	0	0	0	0	0	0	0	0	0	0	0	0	0	0	0	0	0	0	0	0	0	0	0	0	0	0	0	0	0	0	0	0	0	0	0
0	0	0	0	0	0	0	0	0	0	0	0	0	0	0	0	0	0	0	0	0	0.551053165984686	0.56570471757834	0.865531948238662	0.608311346347171	0	0.864207459338025	0.98641678967753	0.986145646152025	0.63150010246743	0	0	0	0	0	0	0	0	0	0	0	0	0	0	0	0	0	0	0	0	0	0	0	0	0	0	0	0	0	0	0	0	0	0	0	0	0	0	0	0	0	0	0	0	0	0	0	0	0	0	0	0	0	0	0	0	0	0	0	0
0.729562162381288	0	0	0	0	0	0	0	0	0	0	0	0	0	0	0	0	0	0	0	0	0	0.635345409709635	0.900029147919763	0.644571561569398	0.602709425658457	0	0.718478371421499	0.532189744530271	0.868238525892296	0	0	0	0	0	0	0	0	0	0	0	0	0	0	0	0	0	0	0	0	0	0	0	0	0	0	0	0	0	0	0	0	0	0	0	0	0	0	0	0	0	0	0	0	0	0	0	0	0	0	0	0	0	0	0	0	0	0	0	0
0.603221337309178	0.718186478579471	0	0	0	0	0	0.54037203540036	0	0	0	0	0	0	0	0	0	0	0	0	0	0	0	0.622294377323337	0	0.504006848887974	0.681572354059534	0	0.982991471584233	0.995178740342964	0	0	0	0	0	0	0	0	0	0	0	0	0	0	0	0	0	0	0	0	0	0	0	0	0	0	0	0	0	0	0	0	0	0	0	0	0	0	0	0	0	0	0	0	0	0	0	0	0	0	0	0	0	0	0	0	0	0	0	0
0.603070824165834	0.884744147334295	0.768856727544212	0	0	0	0	0	0	0.828275237632514	0	0	0	0	0	0.927444570284491	0	0	0	0	0	0	0	0	0.941226290024558	0.534883535311784	0.998815847600557	0.92037592995952	0	0.780042598063754	0	0	0	0	0	0	0	0	0	0	0	0	0	0	0	0	0	0	0	0	0	0	0	0	0	0	0	0	0	0	0	0	0	0	0	0	0	0	0	0	0	0	0	0	0	0	0	0	0	0	0	0	0	0	0	0	0	0	0	0
0.825245356643154	0.8275135565127	0	0.844183367689482	0.895059680248272	0	0	0	0.96408864218436	0	0	0	0	0	0	0	0	0	0	0	0	0	0	0	0	0.664688820446877	0.74637765512419	0.675457995805459	0.646846497714071	0	0	0	0	0	0	0	0	0	0	0	0	0	0	0	0	0	0	0	0	0	0	0	0	0	0	0	0	0	0	0	0	0	0	0	0	0	0	0	0	0	0	0	0	0	0	0	0	0	0	0	0	0	0	0	0	0	0	0	0	0
0	0	0	0	0	0	0	0	0	0	0	0	0	0	0	0	0	0	0	0	0	0	0	0	0	0	0	0	0	0	0	0.637508929660301	0.659365740285414	0.729193754929868	0	0.935960009224185	0.553550629990378	0.690638697103967	0.988228096177223	0	0	0	0	0	0	0	0	0	0	0.708903678902178	0	0	0	0	0	0.706807582336612	0.919146984385623	0.84082721719683	0.61345494163968	0	0	0	0	0	0	0	0	0	0	0	0	0	0	0	0	0	0	0	0	0	0	0	0	0	0	0	0	0	0	0
0	0	0	0	0	0	0	0	0	0	0	0	0	0	0	0	0	0	0	0	0	0	0	0	0	0	0	0	0	0	0.936902997208089	0	0.66549534956845	0.870650956445158	0.694453216313245	0.914639441092923	0	0.898664690035155	0.950441851554773	0	0	0	0.667823112857382	0.752952220233825	0	0	0	0	0	0	0	0	0.725191993739874	0	0.61598013301419	0.983678818626948	0.733656753403162	0	0.731412253895565	0.711729947433354	0	0	0	0	0	0	0	0	0	0	0	0	0	0	0	0	0	0	0	0	0	0	0	0	0	0	0	0	0	0
0	0	0	0	0	0	0	0	0	0	0	0	0	0	0	0	0	0	0	0	0	0	0	0	0	0	0	0	0	0	0.656311643748219	0.913321421495374	0	0.977453765084037	0.640298397841141	0	0.744220618371231	0.735424677195091	0.594949640436466	0	0.550798831157579	0.638738020797473	0	0	0	0	0	0.515119196496339	0.757777151231074	0	0	0	0	0	0	0	0.637170830135536	0.81070553335524	0.811879823146554	0.836796567587472	0	0	0	0	0	0	0	0	0	0	0	0	0	0	0	0	0	0	0	0	0	0	0	0	0	0	0	0	0	0
0	0	0	0	0	0	0	0	0	0	0	0	0	0	0	0	0	0	0	0	0	0	0	0	0	0	0	0	0	0	0.526276607962977	0.638320147336784	0.660115760122824	0	0.550232390601325	0.757500594853772	0.870805350779799	0.852160692901228	0.900677374358656	0.760043256743989	0	0.539422325036485	0	0	0	0	0	0	0	0	0	0	0	0.778511973703422	0.870677564341485	0	0.851638504451424	0.656571379181777	0.929909819436304	0.771179377633625	0	0	0	0	0	0	0	0	0	0	0	0	0	0	0	0	0	0	0	0	0	0	0	0	0	0	0	0	0	0
0	0	0	0	0	0	0	0	0	0	0	0	0	0	0	0	0	0	0	0	0	0	0	0	0	0	0	0	0	0	0	0.63214466856528	0.632643421688861	0.884579548295948	0	0.525515959803883	0.750548771807188	0	0.611019660703454	0.864289466846225	0.537625312321091	0.757546189286948	0	0	0	0.506387672557993	0	0	0	0	0	0.817586253318746	0	0	0.572243739281297	0.863851646471864	0	0.947943523567416	0.892133378180628	0.997250018098088	0	0	0	0	0	0	0	0	0	0	0	0	0	0	0	0	0	0	0	0	0	0	0	0	0	0	0	0	0	0
0	0	0	0	0	0	0	0	0	0	0	0	0	0	0	0	0	0	0	0	0	0	0	0	0	0	0	0	0	0	0.830413250845602	0.989491659270063	0	0.634099858365414	0.981211893196781	0	0.907017909255749	0.977947593982661	0.609607981573248	0	0	0.583802676453096	0.960977972448194	0	0	0.885487547814906	0.657397653025888	0	0	0	0.62892870180269	0	0	0.846102895661803	0	0	0	0	0.554065280497901	0.995906949199872	0	0	0	0	0	0	0	0	0	0	0	0	0	0	0	0	0	0	0	0	0	0	0	0	0	0	0	0	0	0
0	0	0	0	0	0	0	0	0	0	0	0	0	0	0	0	0	0	0	0	0	0	0	0	0	0	0	0	0	0	0.582127511126126	0	0.573796901487888	0.72956753535927	0.994576716044742	0.920563526180673	0	0.654189377329036	0	0.99765122061793	0	0.571737720006174	0.841517097130617	0.581886034749856	0.872427890373022	0.632643057879461	0	0	0.944316292471013	0	0	0	0	0	0	0	0	0	0	0.900703025922817	0	0	0	0	0	0	0	0	0	0	0	0	0	0	0	0	0	0	0	0	0	0	0	0	0	0	0	0	0	0
0	0	0	0	0	0	0	0	0	0	0	0	0	0	0	0	0	0	0	0	0	0	0	0	0	0	0	0	0	0	0.646764593755025	0.605084349339738	0.966165230503576	0.589153328812797	0	0.875321468192861	0.802449043597204	0	0.579253314937781	0.685692537183596	0.589553692009963	0	0.894662571319788	0	0.827040372084566	0.555569081636864	0	0	0	0	0	0	0	0	0	0.512125487687839	0	0.759196646718132	0	0.793932730663558	0	0	0	0	0	0	0	0	0	0	0	0	0	0	0	0	0	0	0	0	0	0	0	0	0	0	0	0	0	0
0	0	0	0	0	0	0	0	0	0	0	0	0	0	0	0	0	0	0	0	0	0	0	0	0	0	0	0	0	0	0.520733675380974	0.733027017276278	0.936225799333373	0.692447829333335	0.68743652065764	0.538005901993103	0	0.892594734533887	0	0.779631254309189	0.925880275938051	0	0.994701334978802	0	0.918921917823429	0.776378245011967	0	0	0	0	0	0	0.815696686977415	0.599409626755959	0.666540127001637	0	0	0	0	0	0	0	0	0	0	0	0	0	0	0	0	0	0	0	0	0	0	0	0	0	0	0	0	0	0	0	0	0	0	0
0	0	0	0	0	0	0	0	0	0	0	0	0	0	0	0	0	0	0	0	0	0	0	0	0	0	0	0	0	0	0	0	0	0.514836893123577	0.691755268203953	0	0.98646599070819	0.523098750509345	0.736496917621509	0	0.740163662819286	0.988200275812232	0.868100481109287	0.603235222457437	0.617842616583594	0.878940177917817	0.604667380428362	0	0	0	0	0.776198309857755	0	0	0	0	0.724313529270486	0	0.501342057501922	0	0	0	0	0	0	0	0	0	0	0	0	0	0	0	0	0	0	0	0	0	0	0	0	0	0	0	0	0	0	0
0	0	0	0	0	0	0	0	0	0	0	0	0	0	0	0	0	0	0	0	0	0	0	0	0	0	0	0	0	0	0	0	0.639211500152828	0	0.891598689742214	0	0	0.785076879006997	0.653747357665994	0.570057173379175	0	0.907129781155115	0.742761427775597	0.680362263428652	0.753681779055878	0	0.985810230423504	0.921615478533239	0.800364650312513	0	0	0	0	0	0	0	0	0	0	0	0	0	0	0	0	0	0	0	0	0	0	0	0	0	0	0	0	0	0	0	0	0	0	0	0	0	0	0	0	0
0	0	0	0	0	0	0	0	0	0	0	0	0	0	0	0	0	0	0	0	0	0	0	0	0	0	0	0	0	0	0	0	0.989846235136618	0.976328705733534	0.693177863150235	0.577891818627224	0.822393702284146	0	0	0.720940103005374	0.509372426434437	0	0	0.743490874998153	0	0.78200741675281	0.619074464979689	0	0.947713365569893	0	0	0	0	0	0.991609074989939	0	0	0	0	0	0	0	0	0	0	0	0	0	0	0	0	0	0	0	0	0	0	0	0	0	0	0	0	0	0	0	0	0	0	0
0	0	0	0	0	0	0	0	0	0	0	0	0	0	0	0	0	0	0	0	0	0	0	0	0	0	0	0	0	0	0	0.895405964625	0	0	0	0.684158809649638	0.946549087498181	0.835020239381669	0.651469181750967	0.612891331513164	0.893419361277557	0	0	0.96260156950491	0.632034877672082	0	0.910050248830924	0.69768305170524	0.948866755486935	0	0	0	0	0	0	0	0	0	0	0	0	0	0	0	0	0	0	0	0	0	0	0	0	0	0	0	0	0	0	0	0	0	0	0	0	0	0	0	0	0
0	0	0	0	0	0	0	0	0	0	0	0	0	0	0	0	0	0	0	0	0	0	0	0	0	0	0	0	0	0	0	0.993471890825748	0	0	0	0	0.886497843410051	0	0	0.94463962113027	0.891334892160215	0.966279125917945	0.908647933179049	0	0.71663110526919	0.802116618915745	0.972566897221181	0.765691527389345	0.935579236350008	0.684621682753898	0.956239687702144	0	0.907476304022438	0	0	0	0.580303612648565	0	0	0	0	0	0	0	0	0	0	0	0	0	0	0	0	0	0	0	0	0	0	0	0	0	0	0	0	0	0	0	0	0
0	0	0	0	0	0	0	0	0	0	0	0	0	0	0	0	0	0	0	0	0	0	0	0	0	0	0	0	0	0	0	0	0	0	0	0	0.65362289618196	0.572139054291445	0.810590553486484	0.688847761936927	0.689089143702162	0	0.745311063760088	0.953540845347931	0	0.789470818315561	0.627361953914635	0.871090032102141	0.619622777650316	0	0	0.530818664450889	0	0.690770494696237	0	0.985628528328732	0	0	0.665246870476682	0	0	0	0	0	0	0	0	0	0	0	0	0	0	0	0	0	0	0	0	0	0	0	0	0	0	0	0	0	0	0
0	0	0	0	0	0	0	0	0	0	0	0	0	0	0	0	0	0	0	0	0	0	0	0	0	0	0	0	0	0	0	0	0	0	0.692787049824694	0.594665012327988	0.933127814120102	0.737965539639277	0.909172488616025	0.815402074535332	0	0.643746063716706	0	0.654051978958701	0.703657381715359	0	0	0.883069284828835	0.666068738385633	0.760975968464653	0.967078087619744	0.829312450725007	0.59434690806902	0	0	0	0	0	0	0	0	0	0	0	0	0	0	0	0	0	0	0	0	0	0	0	0	0	0	0	0	0	0	0	0	0	0	0	0	0
0	0	0	0	0	0	0	0	0	0	0	0	0	0	0	0	0	0	0	0	0	0	0	0	0	0	0	0	0	0	0	0	0	0	0	0.596043099498137	0	0	0	0.971677334632685	0.673996915820569	0.961537309979835	0.967701152742728	0.581031775329706	0.692783500563772	0	0	0.725561589708992	0.821850048122168	0.634582865615189	0.967507924122918	0.720986053433614	0.682325187394989	0.862610538457466	0	0	0.595309954303087	0	0	0.983100890285218	0	0	0	0	0	0	0	0	0	0	0	0	0	0	0	0	0	0	0	0	0	0	0	0	0	0	0	0	0	0
0	0	0	0	0	0	0	0	0	0	0	0	0	0	0	0	0	0	0	0	0	0	0	0	0	0	0	0	0	0	0	0	0.600865460458123	0	0	0	0	0	0	0	0.870345759460343	0	0.984125418481213	0.589893810695797	0.767997772823769	0.631002627691045	0.771502222683517	0	0.756427513252432	0.57110528501973	0.776649086320679	0.851260220136314	0	0.836903420448395	0.959331451561853	0	0	0	0	0	0	0	0	0	0	0	0	0	0	0	0	0	0	0	0	0	0	0	0	0	0	0	0	0	0	0	0	0	0	0
0	0	0	0	0	0	0	0	0	0	0	0	0	0	0	0	0	0	0	0	0	0	0	0	0	0	0	0	0	0	0	0	0.536141789465313	0	0	0	0.8075604336923	0	0	0	0.550074355463556	0.567254301516412	0.795103165395804	0.938766614292559	0.759917905352444	0.720174010600656	0.744638449848247	0.733599397172134	0	0	0.557127914666374	0	0.862572027819271	0.554134557921423	0.818970625484919	0.953031482408456	0	0	0	0	0	0	0	0	0	0	0	0	0	0	0	0	0	0	0	0	0	0	0	0	0	0	0	0	0	0	0	0	0	0
0	0	0	0	0	0	0	0	0	0	0	0	0	0	0	0	0	0	0	0	0	0	0	0	0	0	0	0	0	0	0.642085346459232	0	0	0	0	0	0	0	0	0	0	0	0	0.58442359592945	0	0.554006390522555	0.902947472948048	0.817498041003708	0	0	0.851587087814434	0.65936385524885	0.940171031918292	0.882270916712899	0.843013640195915	0	0.552001052660777	0	0.831559447175012	0	0	0	0	0	0	0	0	0	0	0	0	0	0	0	0	0	0	0	0	0	0	0	0	0	0	0	0	0	0	0
0	0	0	0	0	0	0	0	0	0	0	0	0	0	0	0	0	0	0	0	0	0	0	0	0	0	0	0	0	0	0	0	0	0	0	0.926991756291398	0	0	0	0	0	0	0	0.671605969814027	0	0.737494387434582	0.614293126661804	0.692701911029742	0.795853862082582	0.911848739374747	0	0.675660807641031	0.922276547410421	0.750141319725355	0.820632267628995	0.667593561052736	0.620082251818107	0.587890460206613	0	0	0	0	0	0	0	0	0	0	0	0	0	0	0	0	0	0	0	0	0	0	0	0	0	0	0	0	0	0	0	0
0	0	0	0	0	0	0	0	0	0	0	0	0	0	0	0	0	0	0	0	0	0	0	0	0	0	0	0	0	0	0	0	0	0	0.732368829457192	0	0	0	0	0.901058565375223	0	0	0	0	0.752231214556693	0.84226255667002	0.995950901568509	0.695370478903959	0	0.768870490185912	0.943666747878641	0	0	0.855586307577445	0.606824004374874	0	0.914425549975069	0.703080303679627	0.851272787917032	0	0	0	0	0	0	0	0	0	0	0	0	0	0	0	0	0	0	0	0	0	0	0	0	0	0	0	0	0	0	0
0	0	0	0	0	0	0	0	0	0	0	0	0	0	0	0	0	0	0	0	0	0	0	0	0	0	0	0	0	0	0	0.780806984610133	0	0	0	0	0	0	0.602880538427037	0	0	0	0	0.995312189823886	0	0.622619810499766	0.593991236870663	0	0.647088328708978	0.712159947672509	0.522037369464504	0	0	0	0.98795648237669	0	0.749445445875773	0.845485485201798	0.591864556227103	0.817375274508722	0	0	0	0	0	0	0	0	0	0	0	0	0	0	0	0	0	0	0	0	0	0	0	0	0	0	0	0	0	0
0	0	0	0	0	0	0	0	0	0	0	0	0	0	0	0	0	0	0	0	0	0	0	0	0	0	0	0	0	0	0	0	0	0.626276751290788	0	0.850113733442985	0	0	0.846367579708851	0	0	0	0	0	0.562477429561592	0	0.627235572428007	0.857604397759037	0.57718735122678	0.672062743914414	0.519325312261921	0.776768233436853	0	0	0	0	0	0.796795731850346	0.737217338374924	0.605551796720227	0	0	0	0	0	0	0	0	0	0	0	0	0	0	0	0	0	0	0	0	0	0	0	0	0	0	0	0	0	0
0	0	0	0	0	0	0	0	0	0	0	0	0	0	0	0	0	0	0	0	0	0	0	0	0	0	0	0	0	0	0	0.535833921842303	0	0.764671384330216	0.697897802204231	0	0	0	0.680319615181014	0	0	0.883604507631017	0	0	0	0	0	0.883920301092381	0.828479230467741	0.903469735366353	0.648259296970526	0.801324577799284	0.680476825744095	0	0	0.753697450266427	0.865207160035895	0.512967259041607	0.593062127990929	0.709681999431326	0	0	0	0	0	0	0	0	0	0	0	0	0	0	0	0	0	0	0	0	0	0	0	0	0	0	0	0	0	0
0	0	0	0	0	0	0	0	0	0	0	0	0	0	0	0	0	0	0	0	0	0	0	0	0	0	0	0	0	0	0.946483289331915	0.978865979239008	0	0	0.998620156303629	0	0	0.522378014694239	0	0	0	0	0	0	0.567633075902554	0	0	0	0.574308015271861	0	0.96918539186999	0	0	0	0.872784483413075	0	0.806815178614167	0.775730116148474	0.641127535233893	0.7064161539296	0	0	0	0	0	0	0	0	0	0	0	0	0	0	0	0	0	0	0	0	0	0	0	0	0	0	0	0	0	0
0	0	0	0	0	0	0	0	0	0	0	0	0	0	0	0	0	0	0	0	0	0	0	0	0	0	0	0	0	0	0.798563847542131	0.556410310340817	0.589379494199005	0.953306436405157	0	0	0	0	0	0.824246623968502	0	0	0	0.537946306446496	0	0	0.684128162866087	0	0	0.65134139771094	0.618303213055822	0.719002070435698	0.986517468407859	0	0.941129342082873	0.863985431067304	0	0	0	0	0	0	0	0	0	0	0	0	0	0	0	0	0	0	0	0	0	0	0	0	0	0	0	0	0	0	0	0	0	0
0	0	0	0	0	0	0	0	0	0	0	0	0	0	0	0	0	0	0	0	0	0	0	0	0	0	0	0	0	0	0.680290894171041	0	0.673238530588862	0.692080138061061	0.995458795283528	0	0	0.708349509524974	0	0	0	0	0	0	0	0	0	0	0	0	0.972575533093571	0.810745414679843	0.617941859320441	0.838630697650676	0.565789040598471	0.839107632772458	0	0	0.894541866714294	0.978099302256867	0	0	0	0	0	0	0	0	0	0	0	0	0	0	0	0	0	0	0	0	0	0	0	0	0	0	0	0	0	0
0	0	0	0	0	0	0	0	0	0	0	0	0	0	0	0	0	0	0	0	0	0	0	0	0	0	0	0	0	0	0.655622123196204	0.634471421300109	0.983799944078436	0.657088189428457	0.623028256473943	0.718943078929995	0	0	0	0.979995473321051	0	0	0	0	0.907231600791373	0	0	0	0	0.739676912735154	0	0.509768397504943	0.524091565281525	0.611591804505972	0.699877013685701	0.801004424965886	0	0.57121039078531	0	0	0	0	0	0	0	0	0	0	0	0	0	0	0	0	0	0	0	0	0	0	0	0	0	0	0	0	0	0	0	0
0	0	0	0	0	0	0	0	0	0	0	0	0	0	0	0	0	0	0	0	0	0	0	0	0	0	0	0	0	0	0	0.900057088438231	0.911986408075351	0.583661038324255	0.798125211170573	0.973999871719203	0.636254415893684	0.813002164291996	0	0	0	0	0	0	0	0	0.501877787721569	0	0	0	0	0	0.687848975623493	0.739890188120517	0.582517743877456	0.663051330406633	0	0.699924139566018	0	0	0	0	0	0	0	0	0	0	0	0	0	0	0	0	0	0	0	0	0	0	0	0	0	0	0	0	0	0	0	0
0	0	0	0	0	0	0	0	0	0	0	0	0	0	0	0	0	0	0	0	0	0	0	0	0	0	0	0	0	0	0	0	0	0	0	0	0	0	0	0	0	0	0	0	0	0	0	0	0	0	0	0	0	0	0	0	0	0	0	0	0	0	0.792833505111974	0.880378052294502	0.602672645178217	0.609641831914287	0	0	0.576722705030448	0	0	0	0.990499303968941	0	0.747159418324653	0.991008193969778	0	0	0	0	0	0.609672232724196	0	0.898465496633316	0.707457777464115	0	0.954245062983362	0.676319186614704	0	0
0	0	0	0	0	0	0	0	0	0	0	0	0	0	0	0	0	0	0	0	0	0	0	0	0	0	0	0	0	0	0	0	0	0	0	0	0	0	0	0	0	0	0	0	0	0	0	0	0	0	0	0	0	0	0	0	0	0	0	0	0	0	0	0	0	0	0.796804658772779	0	0	0	0.572642253827552	0	0	0.778171998212726	0	0	0	0	0.96689448985332	0	0.627914338943349	0.838764970959326	0	0.988832518177341	0	0	0	0.67824344646902	0	0
0	0	0	0	0	0	0	0	0	0	0	0	0	0	0	0	0	0	0	0	0	0	0	0	0	0	0	0	0	0	0	0	0	0	0	0	0	0	0	0	0	0	0	0	0	0	0	0	0	0	0	0	0	0	0	0	0	0	0	0	0.883537707823151	0	0	0.708432224821112	0.748681816007391	0	0.644735836477529	0	0	0	0.5044775157025	0	0	0.756270368650154	0	0	0.753840237999659	0	0.714701668689887	0	0.650444910728628	0	0.953872250756373	0	0.9490114026523	0	0.691635519769611	0.946650481426034	0.558530778867671	0
0	0	0	0	0	0	0	0	0	0	0	0	0	0	0	0	0	0	0	0	0	0	0	0	0	0	0	0	0	0	0	0	0	0	0	0	0	0	0	0	0	0	0	0	0	0	0	0	0	0	0	0	0	0	0	0	0	0	0	0	0.76738427603124	0	0.787840066280433	0	0	0.532652721272586	0.857676787845479	0	0	0.752309721773788	0	0	0	0	0	0.654696174373779	0.913218399162966	0	0	0.870450848245411	0	0.611033882459732	0	0	0	0	0	0	0	0.681037927704421
0	0	0	0	0	0	0	0	0	0	0	0	0	0	0	0	0	0	0	0	0	0	0	0	0	0	0	0	0	0	0	0	0	0	0	0	0	0	0	0	0	0	0	0	0	0	0	0	0	0	0	0	0	0	0	0	0	0	0	0	0.958765910636488	0	0.737255337071955	0	0	0	0.905473469851581	0	0.763679728810729	0	0.625311276245144	0.90106131244656	0	0	0.750082480081769	0	0	0	0.738727947303072	0	0	0	0.99287599909832	0	0	0	0	0	0.94803689339575	0
0	0	0	0	0	0	0	0	0	0	0	0	0	0	0	0	0	0	0	0	0	0	0	0	0	0	0	0	0	0	0	0	0	0	0	0	0	0	0	0	0	0	0	0	0	0	0	0	0	0	0	0	0	0	0	0	0	0	0	0	0.879909540532003	0	0	0.507358995331903	0	0	0	0	0	0	0	0	0	0.934105694072176	0.666319031373538	0.720744176616876	0.979871708367436	0	0	0	0	0.811512849746411	0	0	0	0	0.868154143865269	0.923255643060222	0	0
0	0	0	0	0	0	0	0	0	0	0	0	0	0	0	0	0	0	0	0	0	0	0	0	0	0	0	0	0	0	0	0	0	0	0	0	0	0	0	0	0	0	0	0	0	0	0	0	0	0	0	0	0	0	0	0	0	0	0	0	0	0.915261981676406	0.525089325063955	0.739835474135094	0.521855591618771	0	0	0	0	0.698310253118339	0.637973814588065	0	0	0.521108999798457	0	0	0	0	0	0	0	0.989269103792103	0.710875580753423	0	0.927173730706554	0.626597891956671	0	0	0	0
0	0	0	0	0	0	0	0	0	0	0	0	0	0	0	0	0	0	0	0	0	0	0	0	0	0	0	0	0	0	0	0	0	0	0	0	0	0	0	0	0	0	0	0	0	0	0	0	0	0	0	0	0	0	0	0	0	0	0	0	0	0	0	0	0	0	0	0	0.672816799466152	0	0.811651821948376	0	0.672832044746167	0.735251171136806	0	0	0.655689686034846	0.72651333395659	0	0	0.622084287449818	0	0	0	0.962506617488027	0	0	0.573228974552294	0	0.844850462390461
0	0	0	0	0	0	0	0	0	0	0	0	0	0	0	0	0	0	0	0	0	0	0	0	0	0	0	0	0	0	0	0	0	0	0	0	0	0	0	0	0	0	0	0	0	0	0	0	0	0	0	0	0	0	0	0	0	0	0	0	0.525432991805394	0	0	0	0.589415283640064	0	0	0.502382232215971	0	0	0.894490639425249	0.543967280562148	0	0	0	0	0	0.702314092073018	0	0	0.64230931048183	0.570007281734261	0.882619776962793	0	0	0.919473966498823	0	0	0	0
0	0	0	0	0	0	0	0	0	0	0	0	0	0	0	0	0	0	0	0	0	0	0	0	0	0	0	0	0	0	0	0	0	0	0	0	0	0	0	0	0	0	0	0	0	0	0	0	0	0	0	0	0	0	0	0	0	0	0	0	0	0	0	0.984767639548305	0	0	0.955801985801028	0	0	0	0	0.840444453373727	0.685383762148017	0.847142900504494	0	0.563711804174355	0.748992090175757	0	0	0	0	0	0	0	0	0	0	0.558690601083606	0.92043826496369	0.576211243116123
0	0	0	0	0	0	0	0	0	0	0	0	0	0	0	0	0	0	0	0	0	0	0	0	0	0	0	0	0	0	0	0	0	0	0	0	0	0	0	0	0	0	0	0	0	0	0	0	0	0	0	0	0	0	0	0	0	0	0	0	0	0.903583994194797	0.556954642865548	0	0.951303219777267	0	0.570826882387864	0.75877184302327	0.673514771188511	0	0	0.939614020272308	0	0	0	0	0.8288963421325	0	0	0.688623794847877	0.856727001256019	0	0	0.632639655632323	0.76825681787027	0.771100137400449	0.653255244931142	0	0	0
0	0	0	0	0	0	0	0	0	0	0	0	0	0	0	0	0	0	0	0	0	0	0	0	0	0	0	0	0	0	0	0	0	0	0	0	0	0	0	0	0	0	0	0	0	0	0	0	0	0	0	0	0	0	0	0	0	0	0	0	0	0	0	0	0.964483970616979	0	0	0	0.970273041741214	0.570272786420307	0.860650728324718	0	0	0.922163773175974	0	0	0.889113461188157	0.7914132091991	0	0	0	0	0.641164128477868	0	0.781849507226844	0.961086439258248	0	0	0	0
0	0	0	0	0	0	0	0	0	0	0	0	0	0	0	0	0	0	0	0	0	0	0	0	0	0	0	0	0	0	0	0	0	0	0	0	0	0	0	0	0	0	0	0	0	0	0	0	0	0	0	0	0	0	0	0	0	0	0	0	0.926861851894357	0	0	0	0	0	0	0.832763088198122	0	0.805873204369785	0	0	0	0	0	0	0.531999781898628	0	0	0.504983171168526	0	0.811368876945282	0	0.997187520570734	0.686421279862805	0	0	0	0	0
0	0	0	0	0	0	0	0	0	0	0	0	0	0	0	0	0	0	0	0	0	0	0	0	0	0	0	0	0	0	0	0	0	0	0	0	0	0	0	0	0	0	0	0	0	0	0	0	0	0	0	0	0	0	0	0	0	0	0	0	0	0.9905876112029	0.96093771038672	0	0	0.596358002928047	0.839777782235089	0.516268036470334	0	0.557092980104257	0	0.845305572400626	0	0	0	0	0	0.860344235698799	0	0	0	0.518770809781141	0	0	0.832837428482682	0	0	0.782071750316995	0	0.604212256778797
0	0	0	0	0	0	0	0	0	0	0	0	0	0	0	0	0	0	0	0	0	0	0	0	0	0	0	0	0	0	0	0	0	0	0	0	0	0	0	0	0	0	0	0	0	0	0	0	0	0	0	0	0	0	0	0	0	0	0	0	0.590616403561728	0	0	0	0.95205777440616	0.565151633755087	0	0	0	0	0	0	0	0	0	0	0.51154239530511	0	0.809234302204036	0.696272074714158	0	0	0	0	0	0	0	0	0.821594299060599	0
0	0	0	0	0	0	0	0	0	0	0	0	0	0	0	0	0	0	0	0	0	0	0	0	0	0	0	0	0	0	0	0	0	0	0	0	0	0	0	0	0	0	0	0	0	0	0	0	0	0	0	0	0	0	0	0	0	0	0	0	0.68658751014334	0	0	0.52028670929301	0	0.776856888553365	0	0	0	0.713529654392462	0	0	0	0	0	0	0	0	0.697493207644023	0	0	0	0	0	0	0.611774053163685	0	0	0	0
0	0	0	0	0	0	0	0	0	0	0	0	0	0	0	0	0	0	0	0	0	0	0	0	0	0	0	0	0	0	0	0	0	0	0	0	0	0	0	0	0	0	0	0	0	0	0	0	0	0	0	0	0	0	0	0	0	0	0	0	0	0	0.950267605654726	0.954394042881427	0	0.995511613959067	0	0.889467103206338	0	0.532677100411444	0.851072864167877	0.76797765928538	0.575836862135695	0	0.641094221984709	0	0	0	0	0.846481442375568	0.726821860864959	0	0.765544296779636	0	0	0	0	0	0.57212041916355	0
0	0	0	0	0	0	0	0	0	0	0	0	0	0	0	0	0	0	0	0	0	0	0	0	0	0	0	0	0	0	0	0	0	0	0	0	0	0	0	0	0	0	0	0	0	0	0	0	0	0	0	0	0	0	0	0	0	0	0	0	0	0	0	0	0	0	0	0.730786141350562	0.932746190986461	0	0	0.829105566614077	0	0.884435511654552	0	0	0	0	0.636024978350411	0	0	0.832659510361254	0.640873764929674	0	0.846360815575718	0	0	0	0	0
0	0	0	0	0	0	0	0	0	0	0	0	0	0	0	0	0	0	0	0	0	0	0	0	0	0	0	0	0	0	0	0	0	0	0	0	0	0	0	0	0	0	0	0	0	0	0	0	0	0	0	0	0	0	0	0	0	0	0	0	0	0.695365610156568	0.846481964802343	0	0.56838480888006	0	0	0	0	0	0	0	0	0	0.680574457248814	0.806331299291985	0	0.908377590342829	0	0	0	0	0.846565923361796	0.991376351987453	0.95817251107897	0	0	0	0	0
0	0	0	0	0	0	0	0	0	0	0	0	0	0	0	0	0	0	0	0	0	0	0	0	0	0	0	0	0	0	0	0	0	0	0	0	0	0	0	0	0	0	0	0	0	0	0	0	0	0	0	0	0	0	0	0	0	0	0	0	0	0	0	0.514083253054234	0	0	0	0	0	0	0.915202376309869	0	0.746143447390873	0	0.761157697484868	0	0.83222330588123	0	0	0	0	0	0	0	0.889228014081254	0	0	0.970448424611474	0	0
0	0	0	0	0	0	0	0	0	0	0	0	0	0	0	0	0	0	0	0	0	0	0	0	0	0	0	0	0	0	0	0	0	0	0	0	0	0	0	0	0	0	0	0	0	0	0	0	0	0	0	0	0	0	0	0	0	0	0	0	0	0.554964796110889	0.539286623605342	0	0	0	0	0.946597346093964	0.971244330400736	0	0.929093188954224	0	0	0	0	0	0.839376946110027	0	0	0	0	0	0	0.61386043611061	0.552449638505324	0	0.767185153880744	0	0	0.793917230275988
0	0	0	0	0	0	0	0	0	0	0	0	0	0	0	0	0	0	0	0	0	0	0	0	0	0	0	0	0	0	0	0	0	0	0	0	0	0	0	0	0	0	0	0	0	0	0	0	0	0	0	0	0	0	0	0	0	0	0	0	0.908936371047645	0.900376075043805	0	0.734269252272731	0	0.573250327270882	0.912432725072674	0	0.892789652869326	0	0	0	0.572438832461311	0.620815997927064	0	0	0	0.569488604349291	0	0	0	0	0	0	0.549336011316232	0	0	0	0	0
0	0	0	0	0	0	0	0	0	0	0	0	0	0	0	0	0	0	0	0	0	0	0	0	0	0	0	0	0	0	0	0	0	0	0	0	0	0	0	0	0	0	0	0	0	0	0	0	0	0	0	0	0	0	0	0	0	0	0	0	0	0	0.980598964397651	0	0.9530608421444	0	0.939383819972044	0	0.96786774481932	0	0	0.667322081226841	0	0	0	0	0.892376557404979	0.880000672214055	0.710079982064451	0	0	0	0	0	0	0	0	0.969921171422945	0	0.797987229926689
0	0	0	0	0	0	0	0	0	0	0	0	0	0	0	0	0	0	0	0	0	0	0	0	0	0	0	0	0	0	0	0	0	0	0	0	0	0	0	0	0	0	0	0	0	0	0	0	0	0	0	0	0	0	0	0	0	0	0	0	0.723220003116345	0.883346084439188	0	0	0	0	0	0	0	0	0.571529472839262	0	0.809226820244113	0	0	0	0	0	0.873841118496113	0	0.547384977606083	0	0	0	0	0	0	0.829122781049571	0.768966047274004	0
0	0	0	0	0	0	0	0	0	0	0	0	0	0	0	0	0	0	0	0	0	0	0	0	0	0	0	0	0	0	0	0	0	0	0	0	0	0	0	0	0	0	0	0	0	0	0	0	0	0	0	0	0	0	0	0	0	0	0	0	0.690102956287482	0	0.642002161325128	0	0	0	0.636895073068967	0.933779529490868	0	0	0.788278258526966	0.898669709840789	0.579936998073045	0.845851697102532	0	0	0	0.91650819652688	0.655505405491631	0.817405251444832	0.603909886406566	0.774846932399584	0	0	0	0	0.514948999368148	0.6237655123142	0.762633970075015	0.63530603746788
0	0	0	0	0	0	0	0	0	0	0	0	0	0	0	0	0	0	0	0	0	0	0	0	0	0	0	0	0	0	0	0	0	0	0	0	0	0	0	0	0	0	0	0	0	0	0	0	0	0	0	0	0	0	0	0	0	0	0	0	0	0	0	0	0	0	0.509035661708078	0	0.894905273612917	0	0.680506141497418	0.542521065743699	0	0	0	0.873028655903239	0	0	0	0	0	0	0	0	0	0	0.861604034651206	0.651652264614728	0.701416199506356	0
0	0	0	0	0	0	0	0	0	0	0	0	0	0	0	0	0	0	0	0	0	0	0	0	0	0	0	0	0	0	0	0	0	0	0	0	0	0	0	0	0	0	0	0	0	0	0	0	0	0	0	0	0	0	0	0	0	0	0	0	0.718555331597618	0	0.797507195224551	0	0	0.997507311621895	0	0	0	0	0.508454601627035	0	0	0	0	0	0	0	0	0	0.535505710344145	0	0	0	0.922174338062367	0.623955713995597	0	0	0.825054854688825	0
0	0	0	0	0	0	0	0	0	0	0	0	0	0	0	0	0	0	0	0	0	0	0	0	0	0	0	0	0	0	0	0	0	0	0	0	0	0	0	0	0	0	0	0	0	0	0	0	0	0	0	0	0	0	0	0	0	0	0	0	0.679549824497416	0.717475270212431	0.762474083380023	0	0	0.540321479898385	0	0.536619797733866	0	0.558489336562843	0	0	0	0.683964133799478	0	0	0	0	0	0.596062720046114	0	0	0.6358057853377	0.505838133600703	0.970209780381138	0.927003771760629	0	0	0.713083323046886	0
0	0	0	0	0	0	0	0	0	0	0	0	0	0	0	0	0	0	0	0	0	0	0	0	0	0	0	0	0	0	0	0	0	0	0	0	0	0	0	0	0	0	0	0	0	0	0	0	0	0	0	0	0	0	0	0	0	0	0	0	0	0	0.679924913496305	0	0.750574620103232	0	0	0	0	0.974350735502246	0	0	0	0	0.934334095159137	0	0.682282854145616	0	0	0	0	0	0	0.885725617785662	0.909515105829058	0.965155436138539	0.616673226203755	0.592516837019533	0	0
0	0	0	0	0	0	0	0	0	0	0	0	0	0	0	0	0	0	0	0	0	0	0	0	0	0	0	0	0	0	0	0	0	0	0	0	0	0	0	0	0	0	0	0	0	0	0	0	0	0	0	0	0	0	0	0	0	0	0	0	0	0	0	0.961466944697358	0	0	0	0.801173209651705	0	0.628725193872654	0	0	0	0.918449792549262	0	0	0	0	0	0	0.535452408050494	0	0.788077634179062	0	0.645885047489907	0	0	0	0	0
