0	0.735264984094869	0.714852643912973	0.872374543834263	0	0	0	0.780199233056108	0	0	0	0	0	0	0	0.931713360074225	0	0	0	0	0	0	0	0	0	0	0	0.640966636404676	0.644623929458408	0.960264320688252	0	0	0	0	0	0	0	0	0	0	0	0	0	0	0	0	0	0	0	0	0	0	0	0	0	0	0	0	0	0	0	0	0	0	0	0	0	0	0	0	0	0	0	0	0	0	0	0	0	0	0	0	0	0	0	0	0	0	0	0
0.708267749378369	0	0.791044957652199	0	0	0.591943628890238	0	0	0	0.883469331685071	0	0	0	0.948589114457479	0	0	0	0	0	0	0	0.847662133886441	0	0	0	0	0	0	0.893541947711461	0.524614466494108	0	0	0	0	0	0	0	0	0	0	0	0	0	0	0	0	0	0	0	0	0	0	0	0	0	0	0	0	0	0	0	0	0	0	0	0	0	0	0	0	0	0	0	0	0	0	0	0	0	0	0	0	0	0	0	0	0	0	0	0
0.555516721452428	0.83386448669833	0	0.80075851040756	0.669635955941747	0	0.680086397062314	0	0	0	0	0	0.987408057379939	0	0	0	0	0	0.610539722446346	0	0	0.820522925243034	0.524373495491311	0	0	0	0	0	0	0.867913086864848	0	0	0	0	0	0	0	0	0	0	0	0	0	0	0	0	0	0	0	0	0	0	0	0	0	0	0	0	0	0	0	0	0	0	0	0	0	0	0	0	0	0	0	0	0	0	0	0	0	0	0	0	0	0	0	0	0	0	0	0
0.772746782783515	0	0.929546033599941	0	0	0.824812118680667	0	0.635018911599789	0	0	0	0	0	0	0	0	0	0	0.858721670326852	0.808371628220196	0	0	0	0	0	0	0	0.849682709791927	0	0.919352518705216	0	0	0	0	0	0	0	0	0	0	0	0	0	0	0	0	0	0	0	0	0	0	0	0	0	0	0	0	0	0	0	0	0	0	0	0	0	0	0	0	0	0	0	0	0	0	0	0	0	0	0	0	0	0	0	0	0	0	0	0
0	0	0.703052165206326	0	0	0.718141074955975	0.8024994260937	0.979422268237329	0	0.650638107593178	0	0	0	0	0	0	0	0	0	0	0	0.884180945719414	0	0	0	0	0	0	0	0	0	0	0	0	0	0	0	0	0	0	0	0	0	0	0	0	0	0	0	0	0	0	0	0	0	0	0	0	0	0	0	0	0	0	0	0	0	0	0	0	0	0	0	0	0	0	0	0	0	0	0	0	0	0	0	0	0	0	0	0
0	0.555121909472655	0	0.812046431656659	0.5962889913674	0	0	0.577019478636826	0.529832343387432	0	0	0	0.67847787910576	0	0	0	0.893886597046646	0	0	0	0	0	0	0.831241569872943	0	0	0	0	0	0	0	0	0	0	0	0	0	0	0	0	0	0	0	0	0	0	0	0	0	0	0	0	0	0	0	0	0	0	0	0	0	0	0	0	0	0	0	0	0	0	0	0	0	0	0	0	0	0	0	0	0	0	0	0	0	0	0	0	0	0
0	0	0.657907438531046	0	0.814892515795399	0	0	0.815680063988345	0.551585779605117	0.941818135270962	0.635304549120403	0	0	0	0	0	0	0	0	0	0	0	0	0	0.987411116377037	0	0	0	0	0	0	0	0	0	0	0	0	0	0	0	0	0	0	0	0	0	0	0	0	0	0	0	0	0	0	0	0	0	0	0	0	0	0	0	0	0	0	0	0	0	0	0	0	0	0	0	0	0	0	0	0	0	0	0	0	0	0	0	0	0
0.928374694824842	0	0	0.570376076156183	0.972083737043098	0.644636744746427	0.630584602098006	0	0.737566478677663	0.633217864481203	0.574283152007376	0.933116168751161	0	0	0	0	0	0	0	0	0	0	0	0.760261237398577	0	0	0	0	0	0	0	0	0	0	0	0	0	0	0	0	0	0	0	0	0	0	0	0	0	0	0	0	0	0	0	0	0	0	0	0	0	0	0	0	0	0	0	0	0	0	0	0	0	0	0	0	0	0	0	0	0	0	0	0	0	0	0	0	0	0
0	0	0	0	0	0.977145428103633	0.565873335717229	0.802776571994338	0	0.757642229476041	0.505080203828863	0.550973772533875	0	0	0.725197708695224	0	0	0.761555713653721	0	0	0	0	0	0	0	0	0	0	0	0	0	0	0	0	0	0	0	0	0	0	0	0	0	0	0	0	0	0	0	0	0	0	0	0	0	0	0	0	0	0	0	0	0	0	0	0	0	0	0	0	0	0	0	0	0	0	0	0	0	0	0	0	0	0	0	0	0	0	0	0
0	0.71905701220722	0	0	0.874388458442678	0	0.764127849213473	0.890272833817794	0.513264612116132	0	0	0.831569818119243	0.999012481153827	0.612151917982581	0	0	0	0	0	0	0	0	0	0.618042050624281	0	0	0	0	0	0	0	0	0	0	0	0	0	0	0	0	0	0	0	0	0	0	0	0	0	0	0	0	0	0	0	0	0	0	0	0	0	0	0	0	0	0	0	0	0	0	0	0	0	0	0	0	0	0	0	0	0	0	0	0	0	0	0	0	0	0
0	0	0	0	0	0	0.632247449103763	0.567110848235749	0.727346957268629	0	0	0.543249721538047	0.500312620635872	0.905247563018378	0	0	0	0	0	0	0	0.900320247981401	0	0	0	0	0	0.500692777320889	0	0	0	0	0	0	0	0	0	0	0	0	0	0	0	0	0	0	0	0	0	0	0	0	0	0	0	0	0	0	0	0	0	0	0	0	0	0	0	0	0	0	0	0	0	0	0	0	0	0	0	0	0	0	0	0	0	0	0	0	0	0
0	0	0	0	0	0	0	0.589554193005601	0.825069719386372	0.673415665500575	0.559215203168222	0	0	0.533441952270619	0.52382975720391	0.819173369304185	0	0.651059284919207	0	0	0	0	0	0	0	0	0	0	0	0	0	0	0	0	0	0	0	0	0	0	0	0	0	0	0	0	0	0	0	0	0	0	0	0	0	0	0	0	0	0	0	0	0	0	0	0	0	0	0	0	0	0	0	0	0	0	0	0	0	0	0	0	0	0	0	0	0	0	0	0
0	0	0.746376774226842	0	0	0.500151200817509	0	0	0	0.613405605336721	0.896036941350299	0	0	0	0.694587239491762	0	0.817577742570933	0	0	0	0	0	0	0	0	0	0	0	0	0.71212963603137	0	0	0	0	0	0	0	0	0	0	0	0	0	0	0	0	0	0	0	0	0	0	0	0	0	0	0	0	0	0	0	0	0	0	0	0	0	0	0	0	0	0	0	0	0	0	0	0	0	0	0	0	0	0	0	0	0	0	0	0
0	0.960901765945923	0	0	0	0	0	0	0	0.536471902082013	0.787571623685896	0.775928273158399	0	0	0.520854439189414	0.795792125633632	0	0.99454879426951	0.533889351996674	0	0	0	0	0	0	0	0	0	0	0	0	0	0	0	0	0	0	0	0	0	0	0	0	0	0	0	0	0	0	0	0	0	0	0	0	0	0	0	0	0	0	0	0	0	0	0	0	0	0	0	0	0	0	0	0	0	0	0	0	0	0	0	0	0	0	0	0	0	0	0
0	0	0	0	0	0	0	0	0.72227152423546	0	0	0.883599347743735	0.754362239293836	0.56419994880121	0	0.944940015032786	0.656688206711572	0.687170331124928	0.890483002845246	0	0	0	0	0	0	0	0	0	0	0	0	0	0	0	0	0	0	0	0	0	0	0	0	0	0	0	0	0	0	0	0	0	0	0	0	0	0	0	0	0	0	0	0	0	0	0	0	0	0	0	0	0	0	0	0	0	0	0	0	0	0	0	0	0	0	0	0	0	0	0
0.680281049007953	0	0	0	0	0	0	0	0	0	0	0.786911197058274	0	0.50597792283751	0.548353022942448	0	0	0.964357448388885	0	0.606163549308941	0	0	0	0	0	0	0	0	0	0.599603141305928	0	0	0	0	0	0	0	0	0	0	0	0	0	0	0	0	0	0	0	0	0	0	0	0	0	0	0	0	0	0	0	0	0	0	0	0	0	0	0	0	0	0	0	0	0	0	0	0	0	0	0	0	0	0	0	0	0	0	0	0
0	0	0	0	0	0.631639538377662	0	0	0	0	0	0	0.666970176579991	0	0.957141668107066	0	0	0.90939179294335	0.733986239130725	0	0.834455609377882	0	0.910828211898711	0	0	0	0	0	0	0	0	0	0	0	0	0	0	0	0	0	0	0	0	0	0	0	0	0	0	0	0	0	0	0	0	0	0	0	0	0	0	0	0	0	0	0	0	0	0	0	0	0	0	0	0	0	0	0	0	0	0	0	0	0	0	0	0	0	0	0
0	0	0	0	0	0	0	0	0.580081369175001	0	0	0.962609528324041	0	0.625053541727299	0.624703335933956	0.578145813735492	0.920101360771064	0	0.916806140070116	0.55875003570148	0.667912847981456	0.736763724956534	0	0	0	0	0.796556611835077	0	0	0	0	0	0	0	0	0	0	0	0	0	0	0	0	0	0	0	0	0	0	0	0	0	0	0	0	0	0	0	0	0	0	0	0	0	0	0	0	0	0	0	0	0	0	0	0	0	0	0	0	0	0	0	0	0	0	0	0	0	0	0
0	0	0.723211145357337	0.633761609361946	0	0	0	0	0	0	0	0	0	0.589632299475519	0.89672950659343	0	0.829867958334779	0.725656288968646	0	0.861375769629234	0	0.842127929015892	0	0	0	0	0	0	0	0	0	0	0	0	0	0	0	0	0	0	0	0	0	0	0	0	0	0	0	0	0	0	0	0	0	0	0	0	0	0	0	0	0	0	0	0	0	0	0	0	0	0	0	0	0	0	0	0	0	0	0	0	0	0	0	0	0	0	0	0
0	0	0	0.683386147785857	0	0	0	0	0	0	0	0	0	0	0	0.8045024726694	0	0.550351785927679	0.63236119998648	0	0.615474269993379	0	0.507715590790459	0.720124878361655	0.947952142304531	0	0	0	0.926532576898894	0	0	0	0	0	0	0	0	0	0	0	0	0	0	0	0	0	0	0	0	0	0	0	0	0	0	0	0	0	0	0	0	0	0	0	0	0	0	0	0	0	0	0	0	0	0	0	0	0	0	0	0	0	0	0	0	0	0	0	0	0
0	0	0	0	0	0	0	0	0	0	0	0	0	0	0	0	0.753825738584423	0.856509266430301	0	0.940262996356221	0	0.7998435219678	0.815724400092779	0.685655587619702	0.929393011234161	0	0	0	0	0	0	0	0	0	0	0	0	0	0	0	0	0	0	0	0	0	0	0	0	0	0	0	0	0	0	0	0	0	0	0	0	0	0	0	0	0	0	0	0	0	0	0	0	0	0	0	0	0	0	0	0	0	0	0	0	0	0	0	0	0
0	0.909005531363383	0.696846378264875	0	0.754992701562636	0	0	0	0	0	0.66317123225634	0	0	0	0	0	0	0.509354188859701	0.682909124391309	0	0.971442216438181	0	0.624866742858677	0.922857564682808	0	0	0	0	0	0	0	0	0	0	0	0	0	0	0	0	0	0	0	0	0	0	0	0	0	0	0	0	0	0	0	0	0	0	0	0	0	0	0	0	0	0	0	0	0	0	0	0	0	0	0	0	0	0	0	0	0	0	0	0	0	0	0	0	0	0
0	0	0.923543170512635	0	0	0	0	0	0	0	0	0	0	0	0	0	0.829309448076989	0	0	0.84850127472929	0.574670484420062	0.834833561019741	0	0.790670447267013	0	0.753111208310658	0.50255770606012	0	0	0	0	0	0	0	0	0	0	0	0	0	0	0	0	0	0	0	0	0	0	0	0	0	0	0	0	0	0	0	0	0	0	0	0	0	0	0	0	0	0	0	0	0	0	0	0	0	0	0	0	0	0	0	0	0	0	0	0	0	0	0
0	0	0	0	0	0.694214020166589	0	0.598135391132993	0	0.689132877305089	0	0	0	0	0	0	0	0	0	0.642112644042419	0.64250577515914	0.77566564785386	0.94129229642144	0	0	0.925797619849712	0	0.962740286388251	0.790766595752673	0	0	0	0	0	0	0	0	0	0	0	0	0	0	0	0	0	0	0	0	0	0	0	0	0	0	0	0	0	0	0	0	0	0	0	0	0	0	0	0	0	0	0	0	0	0	0	0	0	0	0	0	0	0	0	0	0	0	0	0	0
0	0	0	0	0	0	0.884884319165415	0	0	0	0	0	0	0	0	0	0	0	0	0.733510486585689	0.511181357264002	0	0	0	0	0.994298731243591	0	0.878710767397782	0.903332044974446	0	0	0	0	0	0	0	0	0	0	0	0	0	0	0	0	0	0	0	0	0	0	0	0	0	0	0	0	0	0	0	0	0	0	0	0	0	0	0	0	0	0	0	0	0	0	0	0	0	0	0	0	0	0	0	0	0	0	0	0	0
0	0	0	0	0	0	0	0	0	0	0	0	0	0	0	0	0	0	0	0	0	0	0.922515884891772	0.650244832050711	0.507894800945416	0	0.71475128302508	0.67808923733536	0.799098930812617	0.83963456524924	0	0	0	0	0	0	0	0	0	0	0	0	0	0	0	0	0	0	0	0	0	0	0	0	0	0	0	0	0	0	0	0	0	0	0	0	0	0	0	0	0	0	0	0	0	0	0	0	0	0	0	0	0	0	0	0	0	0	0	0
0	0	0	0	0	0	0	0	0	0	0	0	0	0	0	0	0	0.598662002016196	0	0	0	0	0.723248690710053	0	0	0.561846626072638	0	0.637917842446989	0.879037432110228	0.525671357781609	0	0	0	0	0	0	0	0	0	0	0	0	0	0	0	0	0	0	0	0	0	0	0	0	0	0	0	0	0	0	0	0	0	0	0	0	0	0	0	0	0	0	0	0	0	0	0	0	0	0	0	0	0	0	0	0	0	0	0	0
0.645803209464872	0	0	0.874233533151575	0	0	0	0	0	0	0.666594323011386	0	0	0	0	0	0	0	0	0	0	0	0	0.558512258551448	0.651180711284806	0.66024349467578	0.984769397736742	0	0.694928935063375	0	0	0	0	0	0	0	0	0	0	0	0	0	0	0	0	0	0	0	0	0	0	0	0	0	0	0	0	0	0	0	0	0	0	0	0	0	0	0	0	0	0	0	0	0	0	0	0	0	0	0	0	0	0	0	0	0	0	0	0	0
0.668524538418772	0.507491477332007	0	0	0	0	0	0	0	0	0	0	0	0	0	0	0	0	0	0.57832546378318	0	0	0	0.562692562423178	0.586810753806705	0.875828812806527	0.530960365054007	0.515058283255656	0	0	0	0	0	0	0	0	0	0	0	0	0	0	0	0	0	0	0	0	0	0	0	0	0	0	0	0	0	0	0	0	0	0	0	0	0	0	0	0	0	0	0	0	0	0	0	0	0	0	0	0	0	0	0	0	0	0	0	0	0	0
0.603148999852852	0.741893237448329	0.674731328825132	0.804803824840171	0	0	0	0	0	0	0	0	0.63272400360653	0	0	0.750172712289542	0	0	0	0	0	0	0	0	0	0.940686793300154	0.941232362177548	0	0	0	0	0	0	0	0	0	0	0	0	0	0	0	0	0	0	0	0	0	0	0	0	0	0	0	0	0	0	0	0	0	0	0	0	0	0	0	0	0	0	0	0	0	0	0	0	0	0	0	0	0	0	0	0	0	0	0	0	0	0	0
0	0	0	0	0	0	0	0	0	0	0	0	0	0	0	0	0	0	0	0	0	0	0	0	0	0	0	0	0	0	0	0.628052863949903	0.900986086528779	0	0.843409024035254	0.694146206212069	0	0.500313982608791	0	0.861394761961054	0	0.564365208254279	0.630913195729058	0	0	0	0	0	0.620867266389712	0.916643331795248	0.714152845583241	0	0	0.50975008833226	0	0	0	0.576089448449082	0	0	0	0	0	0	0	0	0	0	0	0	0	0	0	0	0	0	0	0	0	0	0	0	0	0	0	0	0	0	0	0
0	0	0	0	0	0	0	0	0	0	0	0	0	0	0	0	0	0	0	0	0	0	0	0	0	0	0	0	0	0	0.624467233212272	0	0.843859682140793	0.766853109481473	0	0.72173678350389	0	0.797839643072172	0.630413997402938	0.687299425453452	0.998172720930808	0	0	0	0.665970185746517	0.545610505478555	0.878427963785083	0	0	0	0	0	0	0.923889107533438	0	0.977461723270746	0	0.579400033331957	0.865766831662937	0.670129082687243	0	0	0	0	0	0	0	0	0	0	0	0	0	0	0	0	0	0	0	0	0	0	0	0	0	0	0	0	0	0
0	0	0	0	0	0	0	0	0	0	0	0	0	0	0	0	0	0	0	0	0	0	0	0	0	0	0	0	0	0	0.656439157312381	0.670887712864505	0	0.987186778386536	0.671937579200436	0.930297294544682	0.719311243814229	0.844869169285609	0	0	0	0	0.717263380223339	0.96546950219744	0	0.740020989058334	0.513097495525563	0	0.84472535898171	0.707711217577761	0.698239261586521	0	0	0	0.843048686191217	0	0.735040580421063	0	0	0.609236905592691	0	0	0	0	0	0	0	0	0	0	0	0	0	0	0	0	0	0	0	0	0	0	0	0	0	0	0	0	0	0
0	0	0	0	0	0	0	0	0	0	0	0	0	0	0	0	0	0	0	0	0	0	0	0	0	0	0	0	0	0	0	0.825901972159112	0.720298956787421	0	0.760126104891582	0	0	0	0.847393966177852	0	0.584946436784011	0	0	0.986198188753377	0.709543127827452	0	0	0	0.596140806841792	0.597414926296772	0.956981917826304	0	0	0.761376034453663	0	0.879871708763619	0	0	0.643547136213398	0.914639165472928	0	0	0	0	0	0	0	0	0	0	0	0	0	0	0	0	0	0	0	0	0	0	0	0	0	0	0	0	0	0
0	0	0	0	0	0	0	0	0	0	0	0	0	0	0	0	0	0	0	0	0	0	0	0	0	0	0	0	0	0	0.876072793417213	0	0.869296544406337	0.616009129285074	0	0.874026434484321	0.911258001906702	0	0	0	0	0.730699598201388	0	0.833029047374545	0.897242322111381	0	0.848657405739587	0.632909799934833	0	0.531336011983515	0	0.953896746491195	0	0.875547996696374	0	0.857552015928259	0	0	0.922418205376678	0.562288822769891	0	0	0	0	0	0	0	0	0	0	0	0	0	0	0	0	0	0	0	0	0	0	0	0	0	0	0	0	0	0
0	0	0	0	0	0	0	0	0	0	0	0	0	0	0	0	0	0	0	0	0	0	0	0	0	0	0	0	0	0	0.948393382347322	0.506989754078281	0.651649493665866	0	0.537163236077959	0	0.725099193923033	0.513608428444565	0	0.662953930440999	0.812181562724678	0.514128708758212	0.718568030937708	0	0	0	0	0	0	0.774328807232502	0.818112038698622	0	0	0	0	0.931647422225627	0.852509021559804	0.68325946578365	0.678350049954612	0	0	0	0	0	0	0	0	0	0	0	0	0	0	0	0	0	0	0	0	0	0	0	0	0	0	0	0	0	0	0
0	0	0	0	0	0	0	0	0	0	0	0	0	0	0	0	0	0	0	0	0	0	0	0	0	0	0	0	0	0	0	0	0.75987149819035	0	0.681887288420137	0.925209382372401	0	0.542152392579328	0.621578759232542	0	0.615811062197713	0	0.723409443752037	0	0	0	0.907408379407991	0.890384853546483	0	0.721877341218959	0	0	0	0	0	0.751118536560389	0	0	0	0	0	0	0	0	0	0	0	0	0	0	0	0	0	0	0	0	0	0	0	0	0	0	0	0	0	0	0	0	0	0
0	0	0	0	0	0	0	0	0	0	0	0	0	0	0	0	0	0	0	0	0	0	0	0	0	0	0	0	0	0	0.512818307531196	0.714263735345241	0.767274934010681	0	0	0.824212650487339	0.775199439776965	0	0	0.974729686433489	0	0	0.694570671285408	0	0.711312654006954	0.874174002574839	0.751634915545126	0	0.733287911471882	0.701518913024411	0	0.907354013911671	0.648685250599831	0	0.984665234049882	0.983024704298054	0.582242100942483	0.701679049032471	0	0.742481354143452	0	0	0	0	0	0	0	0	0	0	0	0	0	0	0	0	0	0	0	0	0	0	0	0	0	0	0	0	0	0
0	0	0	0	0	0	0	0	0	0	0	0	0	0	0	0	0	0	0	0	0	0	0	0	0	0	0	0	0	0	0	0.979853389194805	0	0.821897748671112	0	0	0.782860610931732	0	0	0	0.668056514130421	0	0	0.56450002989524	0.952702743632452	0	0	0	0	0	0	0.654576919072731	0	0	0.855450143308401	0	0	0.671054121531623	0.70430810324098	0	0	0	0	0	0	0	0	0	0	0	0	0	0	0	0	0	0	0	0	0	0	0	0	0	0	0	0	0	0	0
0	0	0	0	0	0	0	0	0	0	0	0	0	0	0	0	0	0	0	0	0	0	0	0	0	0	0	0	0	0	0.749217639299489	0.861982808593236	0	0	0	0.683980174160975	0	0.67329319560653	0	0	0	0	0.782044338521971	0	0	0	0	0	0.825117784018212	0.545866544470505	0	0	0.651495969466245	0	0	0.747991141604528	0.547857578403914	0	0.595872248599667	0.985535416121947	0	0	0	0	0	0	0	0	0	0	0	0	0	0	0	0	0	0	0	0	0	0	0	0	0	0	0	0	0	0
0	0	0	0	0	0	0	0	0	0	0	0	0	0	0	0	0	0	0	0	0	0	0	0	0	0	0	0	0	0	0	0.782210683576388	0	0.832329153339232	0	0.881838644776506	0.999884170632474	0	0.658611063258634	0	0	0.596379300269007	0	0	0.607145774552897	0	0.794615508552611	0.996465379262797	0	0.713588961052824	0	0	0.87371898888026	0	0.834098598102411	0	0	0	0	0	0	0	0	0	0	0	0	0	0	0	0	0	0	0	0	0	0	0	0	0	0	0	0	0	0	0	0	0	0	0
0	0	0	0	0	0	0	0	0	0	0	0	0	0	0	0	0	0	0	0	0	0	0	0	0	0	0	0	0	0	0.622775009606716	0	0	0	0.94355320174047	0.55564289457728	0	0	0	0	0.602923637698458	0	0.515120582864269	0.691491364154076	0.959138742955295	0.928438111914764	0.951761725778643	0.876568815346011	0	0.99121656965075	0	0	0	0.718927728271343	0	0.623716648612204	0.750459499792902	0	0	0	0	0	0	0	0	0	0	0	0	0	0	0	0	0	0	0	0	0	0	0	0	0	0	0	0	0	0	0	0	0
0	0	0	0	0	0	0	0	0	0	0	0	0	0	0	0	0	0	0	0	0	0	0	0	0	0	0	0	0	0	0.540678378073302	0	0.592116849503739	0	0	0.904547801020955	0.939292654541815	0.55056465448242	0	0.51232413762545	0	0.700863073842594	0	0	0.88754222114207	0.729424970985484	0	0	0	0.909701744074289	0	0	0.573584999216789	0.921281943003664	0	0.581716318786463	0	0	0	0	0	0	0	0	0	0	0	0	0	0	0	0	0	0	0	0	0	0	0	0	0	0	0	0	0	0	0	0	0	0
0	0	0	0	0	0	0	0	0	0	0	0	0	0	0	0	0	0	0	0	0	0	0	0	0	0	0	0	0	0	0	0	0.90231831343944	0.681185144243321	0.710229206152248	0	0	0	0.627130988291732	0	0	0.628065279990162	0	0	0	0.636100056979004	0.562459041558847	0	0	0.53730415515682	0	0.94239729824705	0	0	0	0.838449139462134	0	0	0	0	0	0	0	0	0	0	0	0	0	0	0	0	0	0	0	0	0	0	0	0	0	0	0	0	0	0	0	0	0	0
0	0	0	0	0	0	0	0	0	0	0	0	0	0	0	0	0	0	0	0	0	0	0	0	0	0	0	0	0	0	0	0.562237251604726	0	0.54676933418405	0.843391865344356	0	0	0.839078073134853	0.792874599714662	0	0.924246552551367	0.689039358673772	0.5401402274021	0	0	0.79294665506135	0	0.846898578440104	0.556960321471301	0.894957634346574	0	0.906647790602616	0	0	0	0.68332441315932	0	0	0.749760922771309	0	0	0	0	0	0	0	0	0	0	0	0	0	0	0	0	0	0	0	0	0	0	0	0	0	0	0	0	0	0	0
0	0	0	0	0	0	0	0	0	0	0	0	0	0	0	0	0	0	0	0	0	0	0	0	0	0	0	0	0	0	0	0.718392237702524	0.530550062404021	0	0	0	0	0.639191319212768	0	0	0	0.747457079800187	0.943135452860073	0.957842723167688	0.795011878471635	0	0.687201875710974	0.862532598544068	0	0	0	0.781424638719223	0.514171506108317	0	0	0	0	0	0	0	0	0	0	0	0	0	0	0	0	0	0	0	0	0	0	0	0	0	0	0	0	0	0	0	0	0	0	0	0	0
0	0	0	0	0	0	0	0	0	0	0	0	0	0	0	0	0	0	0	0	0	0	0	0	0	0	0	0	0	0	0	0.858060051216044	0.800571272722037	0	0.576714948418935	0	0.629434770061647	0.805924505462865	0	0	0.803720712861313	0.566161796856895	0	0.581089623902822	0	0.986290268334142	0	0.692658978125303	0.558119242855229	0	0	0.733660535026988	0.933600285820323	0.641421994630348	0.529508381518755	0	0	0.948514338239501	0.609643434730712	0	0	0	0	0	0	0	0	0	0	0	0	0	0	0	0	0	0	0	0	0	0	0	0	0	0	0	0	0	0	0
0	0	0	0	0	0	0	0	0	0	0	0	0	0	0	0	0	0	0	0	0	0	0	0	0	0	0	0	0	0	0	0	0	0	0.522705933862212	0	0.80969354861101	0	0	0	0.69540004861212	0.905893923305619	0	0	0.617623133567648	0.734635823034032	0.600347919633739	0	0.987242003053856	0	0.760233677194808	0.678985267872527	0	0.75537731012304	0	0	0.663899976234034	0	0.745632025954728	0.841843815052361	0	0	0	0	0	0	0	0	0	0	0	0	0	0	0	0	0	0	0	0	0	0	0	0	0	0	0	0	0	0
0	0	0	0	0	0	0	0	0	0	0	0	0	0	0	0	0	0	0	0	0	0	0	0	0	0	0	0	0	0	0.861182730561147	0	0.500840273397806	0.644646059774854	0	0	0	0.79302154785449	0	0.684031876736504	0	0	0	0	0.660425287736267	0	0.686966489789909	0.753331278218466	0	0.716332190692889	0	0.733955678940698	0.511482384064814	0	0.659296372863955	0.773421697057413	0.745673757970483	0.862828936785632	0	0	0	0	0	0	0	0	0	0	0	0	0	0	0	0	0	0	0	0	0	0	0	0	0	0	0	0	0	0	0	0
0	0	0	0	0	0	0	0	0	0	0	0	0	0	0	0	0	0	0	0	0	0	0	0	0	0	0	0	0	0	0.962322854850066	0	0.776693352978875	0.532181529343311	0.572097869717107	0.811214854747471	0.887916361145922	0.809527539960867	0	0.746629978260353	0.882293177896913	0.835970135630065	0.712231591937536	0.675667012071834	0.523695083788627	0	0	0	0.869727178129995	0	0	0	0	0.972333343876833	0	0	0.620540394352057	0.968528542674842	0	0.628387379005185	0	0	0	0	0	0	0	0	0	0	0	0	0	0	0	0	0	0	0	0	0	0	0	0	0	0	0	0	0	0
0	0	0	0	0	0	0	0	0	0	0	0	0	0	0	0	0	0	0	0	0	0	0	0	0	0	0	0	0	0	0.930880005313464	0	0.992703759143814	0.888985398634248	0	0.624754143068156	0	0	0	0	0	0	0	0	0	0	0	0.661500530007198	0	0	0	0	0.632605175251377	0.501706515536914	0.520847816998528	0.601788330603301	0.803001354731444	0.55227829734102	0	0.966536833612529	0	0	0	0	0	0	0	0	0	0	0	0	0	0	0	0	0	0	0	0	0	0	0	0	0	0	0	0	0	0
0	0	0	0	0	0	0	0	0	0	0	0	0	0	0	0	0	0	0	0	0	0	0	0	0	0	0	0	0	0	0	0	0	0	0.926616255093894	0	0	0.644468957948877	0.538162250401175	0	0	0	0	0.539314251632773	0.629919318038883	0.531581692381214	0.892148036372098	0.984808544592311	0.977893245226129	0	0	0	0.718244249987674	0	0	0	0	0	0.535087018730388	0.977347851457562	0	0	0	0	0	0	0	0	0	0	0	0	0	0	0	0	0	0	0	0	0	0	0	0	0	0	0	0	0	0
0	0	0	0	0	0	0	0	0	0	0	0	0	0	0	0	0	0	0	0	0	0	0	0	0	0	0	0	0	0	0	0	0	0	0	0	0	0.67566774965671	0	0.563967803255945	0.643866501850815	0	0.832988127807517	0	0	0.884672968818619	0.748170700922599	0	0.600435424970938	0	0.555505818551877	0.597751511945303	0	0.791296441661763	0.677113230727761	0	0	0.799164807478104	0	0.504118099306152	0	0	0	0	0	0	0	0	0	0	0	0	0	0	0	0	0	0	0	0	0	0	0	0	0	0	0	0	0	0
0	0	0	0	0	0	0	0	0	0	0	0	0	0	0	0	0	0	0	0	0	0	0	0	0	0	0	0	0	0	0.990226709037269	0.801905263048148	0	0.589861109624532	0.973927512237747	0	0	0	0	0	0	0.957561573204388	0.526069184522254	0	0	0	0.878561907374168	0.873115063325178	0	0.730502778606599	0.701899752099755	0	0.527185403499911	0	0.570962655294186	0.81719336662679	0	0.654281265761745	0.787165683906232	0.910168705029642	0	0	0	0	0	0	0	0	0	0	0	0	0	0	0	0	0	0	0	0	0	0	0	0	0	0	0	0	0	0
0	0	0	0	0	0	0	0	0	0	0	0	0	0	0	0	0	0	0	0	0	0	0	0	0	0	0	0	0	0	0	0	0.863454928805816	0	0	0	0	0.818267219860419	0.74314502334348	0	0.679675600007802	0	0	0	0	0	0.847614803011865	0	0.643494566288925	0	0.677405049574639	0	0.837986560400008	0.535956078386858	0	0.843128969640444	0.685670272032217	0.699260602950331	0	0.662857366625926	0	0	0	0	0	0	0	0	0	0	0	0	0	0	0	0	0	0	0	0	0	0	0	0	0	0	0	0	0	0
0	0	0	0	0	0	0	0	0	0	0	0	0	0	0	0	0	0	0	0	0	0	0	0	0	0	0	0	0	0	0	0.924554793912228	0	0.953998267170327	0.615753486909909	0.69622295711326	0.963100558426242	0.800766777096603	0	0.844421006251319	0	0.768676623814933	0.653308290344177	0.774695056226816	0.682151130954208	0	0	0	0.98109386737172	0	0.651763279931257	0	0	0.556138813288472	0.91852030654784	0	0.720012974365045	0	0.985387231313809	0	0	0	0	0	0	0	0	0	0	0	0	0	0	0	0	0	0	0	0	0	0	0	0	0	0	0	0	0	0	0
0	0	0	0	0	0	0	0	0	0	0	0	0	0	0	0	0	0	0	0	0	0	0	0	0	0	0	0	0	0	0	0	0.80200678546175	0	0	0.600040726815674	0	0.580372696169697	0	0.972121084659416	0	0.601132099014403	0	0	0	0	0	0.612691638401021	0.789030832293599	0.610668624038476	0.693667867429302	0	0	0	0.815900813148109	0.717368145610325	0	0	0.883345622177204	0	0	0	0	0	0	0	0	0	0	0	0	0	0	0	0	0	0	0	0	0	0	0	0	0	0	0	0	0	0	0
0	0	0	0	0	0	0	0	0	0	0	0	0	0	0	0	0	0	0	0	0	0	0	0	0	0	0	0	0	0	0.736212531458252	0.90602732822262	0	0	0	0.606555199673757	0	0.781725325265092	0.801424451435833	0	0	0	0	0	0	0	0.881306124613878	0	0.635696134417244	0.707730665767763	0.746484003045516	0	0.720122918298366	0.942291427078275	0.701024172447985	0	0	0	0.901479922192812	0	0	0	0	0	0	0	0	0	0	0	0	0	0	0	0	0	0	0	0	0	0	0	0	0	0	0	0	0	0	0
0	0	0	0	0	0	0	0	0	0	0	0	0	0	0	0	0	0	0	0	0	0	0	0	0	0	0	0	0	0	0	0.741553464278569	0	0.852540899914687	0.821421037760944	0.6840862024699	0	0	0.978785507845291	0.616183726481872	0	0	0	0	0.987480196480076	0	0.971316698301342	0.532656564939716	0	0	0	0.736718076121479	0	0.655675821477634	0	0.865126210319852	0.593561067300315	0.583353118951748	0	0.801379053359794	0	0	0	0	0	0	0	0	0	0	0	0	0	0	0	0	0	0	0	0	0	0	0	0	0	0	0	0	0	0
0	0	0	0	0	0	0	0	0	0	0	0	0	0	0	0	0	0	0	0	0	0	0	0	0	0	0	0	0	0	0	0.887508955218853	0.731226708795561	0.526198951019251	0.528249433813283	0	0	0.51350962423529	0	0.857761377600977	0	0	0	0	0	0	0	0.66606242141586	0	0.698902174037618	0.962050257680058	0.559751912001819	0.546026676541147	0.578650999470526	0.983660503932737	0	0	0	0.544697212760316	0	0	0	0	0	0	0	0	0	0	0	0	0	0	0	0	0	0	0	0	0	0	0	0	0	0	0	0	0	0	0
0	0	0	0	0	0	0	0	0	0	0	0	0	0	0	0	0	0	0	0	0	0	0	0	0	0	0	0	0	0	0	0	0	0	0	0	0	0	0	0	0	0	0	0	0	0	0	0	0	0	0	0	0	0	0	0	0	0	0	0	0	0.76314709798932	0.977712817055851	0.938438415602847	0.551197456058723	0.716791782915633	0	0	0	0	0	0	0	0	0	0	0	0	0	0	0	0	0	0	0	0.718438530100107	0.816841610495266	0.904585180793563	0.942701635079856	0.541368244377059
0	0	0	0	0	0	0	0	0	0	0	0	0	0	0	0	0	0	0	0	0	0	0	0	0	0	0	0	0	0	0	0	0	0	0	0	0	0	0	0	0	0	0	0	0	0	0	0	0	0	0	0	0	0	0	0	0	0	0	0	0.81787255011077	0	0.568191961001094	0.936197739063018	0.929915382625429	0.975960519944022	0.906418405018805	0	0	0	0	0	0	0	0	0	0	0	0	0	0	0	0	0	0	0	0.918398896724531	0.640009856463457	0.923773895515995	0.797214269152775
0	0	0	0	0	0	0	0	0	0	0	0	0	0	0	0	0	0	0	0	0	0	0	0	0	0	0	0	0	0	0	0	0	0	0	0	0	0	0	0	0	0	0	0	0	0	0	0	0	0	0	0	0	0	0	0	0	0	0	0	0.66155349054147	0.878989712367953	0	0.589974191242055	0.600973629361989	0.927724312918686	0.696241143471929	0.640992832856879	0	0	0	0	0	0	0	0	0	0	0	0	0	0	0	0	0	0	0	0.850460543693663	0.914685120361309	0
0	0	0	0	0	0	0	0	0	0	0	0	0	0	0	0	0	0	0	0	0	0	0	0	0	0	0	0	0	0	0	0	0	0	0	0	0	0	0	0	0	0	0	0	0	0	0	0	0	0	0	0	0	0	0	0	0	0	0	0	0.753241470180299	0.561285789568282	0.64104174705824	0	0.567361182081432	0.73104531159491	0.788562758111707	0.79586748744416	0.911005425050415	0	0	0	0	0	0	0	0	0	0	0	0	0	0	0	0	0	0	0	0.53005054167225	0.982877724449154
0	0	0	0	0	0	0	0	0	0	0	0	0	0	0	0	0	0	0	0	0	0	0	0	0	0	0	0	0	0	0	0	0	0	0	0	0	0	0	0	0	0	0	0	0	0	0	0	0	0	0	0	0	0	0	0	0	0	0	0	0.692532485487299	0.751081217948708	0.506471400001684	0.890316570901589	0	0.684409700225309	0.936822289274309	0.776616424276325	0.776136829312402	0.60166209693448	0	0	0	0	0	0	0	0	0	0	0	0	0	0	0	0	0	0	0	0.786760741319652
0	0	0	0	0	0	0	0	0	0	0	0	0	0	0	0	0	0	0	0	0	0	0	0	0	0	0	0	0	0	0	0	0	0	0	0	0	0	0	0	0	0	0	0	0	0	0	0	0	0	0	0	0	0	0	0	0	0	0	0	0.53508730493103	0.7761949624315	0.536021268730098	0.512948492475428	0.962298637933728	0	0.853687294254786	0.883685904652627	0	0.822269068355381	0.697168523012706	0	0.66957519986388	0	0	0	0	0	0	0	0	0	0	0	0	0	0	0	0	0
0	0	0	0	0	0	0	0	0	0	0	0	0	0	0	0	0	0	0	0	0	0	0	0	0	0	0	0	0	0	0	0	0	0	0	0	0	0	0	0	0	0	0	0	0	0	0	0	0	0	0	0	0	0	0	0	0	0	0	0	0	0.801961508108835	0.530784106283773	0.897663710698226	0.523823017329504	0.564535180696502	0	0.543574439030106	0.859723101056775	0.597626560393711	0.989826030106988	0	0	0	0	0	0	0	0	0	0.508635389818354	0	0	0	0	0	0	0	0	0
0	0	0	0	0	0	0	0	0	0	0	0	0	0	0	0	0	0	0	0	0	0	0	0	0	0	0	0	0	0	0	0	0	0	0	0	0	0	0	0	0	0	0	0	0	0	0	0	0	0	0	0	0	0	0	0	0	0	0	0	0	0	0.991527190750715	0.560698758801859	0.991042558553644	0.97066950200317	0.858221159284811	0	0.721494483474738	0.777412865918527	0.995850700831071	0.720329425494591	0.897845128267352	0	0	0	0	0	0	0	0	0	0	0	0	0	0	0	0	0
0	0	0	0	0	0	0	0	0	0	0	0	0	0	0	0	0	0	0	0	0	0	0	0	0	0	0	0	0	0	0	0	0	0	0	0	0	0	0	0	0	0	0	0	0	0	0	0	0	0	0	0	0	0	0	0	0	0	0	0	0	0	0	0.925141662958151	0.841431117046208	0	0.639842773993108	0.884323372721446	0	0.653055537097921	0.934589628990287	0.593284004397954	0	0.902264919122223	0	0	0	0.658853839035434	0	0	0	0	0	0	0	0	0	0	0	0
0	0	0	0	0	0	0	0	0	0	0	0	0	0	0	0	0	0	0	0	0	0	0	0	0	0	0	0	0	0	0	0	0	0	0	0	0	0	0	0	0	0	0	0	0	0	0	0	0	0	0	0	0	0	0	0	0	0	0	0	0	0	0	0	0.858235664921235	0.869732255016548	0.529416339285432	0.933948758886361	0.667937961595223	0	0.861546050751517	0.812578148190415	0.738930902820519	0.656092243566681	0.856513663816757	0	0	0	0.859852801405179	0	0	0	0	0	0	0	0	0	0	0
0	0	0	0	0	0	0	0	0	0	0	0	0	0	0	0	0	0	0	0	0	0	0	0	0	0	0	0	0	0	0	0	0	0	0	0	0	0	0	0	0	0	0	0	0	0	0	0	0	0	0	0	0	0	0	0	0	0	0	0	0	0	0	0	0	0.640589937574757	0.998353444728804	0.93192866857983	0.654463789548317	0.929457252315205	0	0.647088598342911	0.617337420807518	0	0.965070613547973	0.577531715246624	0	0	0	0.596432373883907	0	0.630329721697284	0	0	0	0	0	0	0	0.861743652988669
0	0	0	0	0	0	0	0	0	0	0	0	0	0	0	0	0	0	0	0	0	0	0	0	0	0	0	0	0	0	0	0	0	0	0	0	0	0	0	0	0	0	0	0	0	0	0	0	0	0	0	0	0	0	0	0	0	0	0	0	0	0	0	0	0	0	0	0.927619926690848	0.726589165263468	0.554571131562984	0.692581693707519	0	0.58458930890193	0.507741576173558	0.883680534121172	0.891379843295907	0.540426525646035	0	0	0	0	0	0	0	0	0	0	0	0	0
0	0	0	0	0	0	0	0	0	0	0	0	0	0	0	0	0	0	0	0	0	0	0	0	0	0	0	0	0	0	0	0	0	0	0	0	0	0	0	0	0	0	0	0	0	0	0	0	0	0	0	0	0	0	0	0	0	0	0	0	0	0	0	0	0	0.799850527252653	0	0.561141375874974	0	0.649597271001402	0.960852755645003	0.889587771985126	0	0.520897095876919	0.665174794769318	0.591078538771573	0.969253046379152	0.567161927007865	0	0	0	0	0	0	0	0	0	0	0	0
0	0	0	0	0	0	0	0	0	0	0	0	0	0	0	0	0	0	0	0	0	0	0	0	0	0	0	0	0	0	0	0	0	0	0	0	0	0	0	0	0	0	0	0	0	0	0	0	0	0	0	0	0	0	0	0	0	0	0	0	0	0	0	0	0	0	0	0	0.718556765790903	0.654990376938853	0	0.748644057938366	0.766895788091183	0	0.669708753933434	0.71810438859229	0.561774358605528	0.656251766715969	0.847193029124245	0	0	0.520775566861834	0	0	0	0	0	0	0	0
0	0	0	0	0	0	0	0	0	0	0	0	0	0	0	0	0	0	0	0	0	0	0	0	0	0	0	0	0	0	0	0	0	0	0	0	0	0	0	0	0	0	0	0	0	0	0	0	0	0	0	0	0	0	0	0	0	0	0	0	0	0	0	0	0	0	0	0	0	0.607547183416179	0.787350454639936	0.922433316478717	0.599314788284421	0.717961547965113	0	0.527533306211388	0.53755599355247	0.683381666960848	0.916782070739581	0.790070711109784	0	0	0	0	0.876066256366997	0	0	0	0	0
0	0	0	0	0	0	0	0	0	0	0	0	0	0	0	0	0	0	0	0	0	0	0	0	0	0	0	0	0	0	0	0	0	0	0	0	0	0	0	0	0	0	0	0	0	0	0	0	0	0	0	0	0	0	0	0	0	0	0	0	0	0	0	0	0	0	0	0	0	0	0.706225188046129	0.97023043258014	0.749529152423095	0.57716138820483	0.925245379005202	0	0.892565670434471	0.526161025129524	0.571967941699768	0.6384254835631	0.957984701782535	0	0	0	0	0	0	0	0	0
0	0	0	0	0	0	0	0	0	0	0	0	0	0	0	0	0	0	0	0	0	0	0	0	0	0	0	0	0	0	0	0	0	0	0	0	0	0	0	0	0	0	0	0	0	0	0	0	0	0	0	0	0	0	0	0	0	0	0	0	0	0	0	0	0	0	0	0	0	0	0	0.508236827596912	0.835513666037369	0.561769240565083	0.789988590414171	0.755877441252804	0	0.553690690292616	0.954619636799034	0.814243179412044	0.893822607416165	0.989613508324352	0.56992816932112	0	0	0	0	0	0	0
0	0	0	0	0	0	0	0	0	0	0	0	0	0	0	0	0	0	0	0	0	0	0	0	0	0	0	0	0	0	0	0	0	0	0	0	0	0	0	0	0	0	0	0	0	0	0	0	0	0	0	0	0	0	0	0	0	0	0	0	0	0	0	0	0	0	0	0	0.588295154744152	0	0	0	0.618043203146478	0.921133859451699	0.756613789617762	0.752479046183524	0.511577672292224	0	0.659473523496683	0.871034847811356	0.747436565598162	0.892479486817841	0.674849705972797	0	0	0	0	0	0	0
0	0	0	0	0	0	0	0	0	0	0	0	0	0	0	0	0	0	0	0	0	0	0	0	0	0	0	0	0	0	0	0	0	0	0	0	0	0	0	0	0	0	0	0	0	0	0	0	0	0	0	0	0	0	0	0	0	0	0	0	0	0	0	0	0	0	0	0	0	0.826286902961332	0	0	0	0.806528363618891	0.891296706433632	0.546772630920617	0.807424996424198	0.766189620772869	0	0.769309530427902	0.570662155395347	0	0.701735017726062	0.916976916153689	0	0	0	0	0	0
0	0	0	0	0	0	0	0	0	0	0	0	0	0	0	0	0	0	0	0	0	0	0	0	0	0	0	0	0	0	0	0	0	0	0	0	0	0	0	0	0	0	0	0	0	0	0	0	0	0	0	0	0	0	0	0	0	0	0	0	0	0	0	0	0	0	0	0	0	0	0.955094224772647	0	0	0	0.748599285805812	0.820035863846785	0.617392610401519	0.995369618605544	0.811438100873775	0	0.622311683209168	0.792958236929843	0.538428734401951	0.646505518466773	0	0	0	0	0	0
0	0	0	0	0	0	0	0	0	0	0	0	0	0	0	0	0	0	0	0	0	0	0	0	0	0	0	0	0	0	0	0	0	0	0	0	0	0	0	0	0	0	0	0	0	0	0	0	0	0	0	0	0	0	0	0	0	0	0	0	0	0	0	0	0	0	0.846906176923839	0	0	0	0	0	0	0	0	0.691793613587992	0.768587023672703	0.927319569946324	0.56275856049112	0.97765676563876	0	0.80723929296169	0.766820466034574	0.586722915365181	0.809993364805744	0.816166829251031	0	0	0	0
0	0	0	0	0	0	0	0	0	0	0	0	0	0	0	0	0	0	0	0	0	0	0	0	0	0	0	0	0	0	0	0	0	0	0	0	0	0	0	0	0	0	0	0	0	0	0	0	0	0	0	0	0	0	0	0	0	0	0	0	0	0	0	0	0	0	0	0	0	0	0.726766795131312	0	0	0.924899238039646	0	0	0.561503228336473	0.584931398718441	0	0.892083823237324	0.728952514127797	0	0.595106794717599	0.516302019917781	0.930291897714688	0	0.792768082551542	0	0	0
0	0	0	0	0	0	0	0	0	0	0	0	0	0	0	0	0	0	0	0	0	0	0	0	0	0	0	0	0	0	0	0	0	0	0	0	0	0	0	0	0	0	0	0	0	0	0	0	0	0	0	0	0	0	0	0	0	0	0	0	0	0	0	0	0	0	0	0	0	0	0	0	0	0	0	0	0.925433668705297	0.650864543757959	0.786875609458275	0.615400507036908	0.584175527120163	0.72415936119403	0	0	0.940805183372937	0.638863653672349	0.943127597327346	0.689932934559543	0	0
0	0	0	0	0	0	0	0	0	0	0	0	0	0	0	0	0	0	0	0	0	0	0	0	0	0	0	0	0	0	0	0	0	0	0	0	0	0	0	0	0	0	0	0	0	0	0	0	0	0	0	0	0	0	0	0	0	0	0	0	0	0	0	0	0	0	0	0	0	0	0	0	0	0	0	0	0	0	0.809083494546184	0.828048591832274	0.785066006860124	0.726089150667016	0	0	0.889440270034001	0.749793940058793	0.506667011011732	0.537652319037586	0.523051206864692	0
0	0	0	0	0	0	0	0	0	0	0	0	0	0	0	0	0	0	0	0	0	0	0	0	0	0	0	0	0	0	0	0	0	0	0	0	0	0	0	0	0	0	0	0	0	0	0	0	0	0	0	0	0	0	0	0	0	0	0	0	0	0	0	0	0	0	0	0	0	0	0	0	0	0	0.529929713006778	0	0	0	0	0	0.706345263735823	0.675811993183679	0.757174873463693	0.796691208885093	0	0.660851976370165	0.59503601520245	0	0.509946733123384	0.832075302678025
0	0	0	0	0	0	0	0	0	0	0	0	0	0	0	0	0	0	0	0	0	0	0	0	0	0	0	0	0	0	0	0	0	0	0	0	0	0	0	0	0	0	0	0	0	0	0	0	0	0	0	0	0	0	0	0	0	0	0	0	0.58541803445251	0	0	0	0	0	0	0	0	0	0	0	0	0	0	0	0	0	0	0	0.805714810447193	0	0.508924038476779	0.788334220408566	0.635448256995091	0	0.827225977716759	0.526502752703376	0.834396313438036	0.6699283330706
0	0	0	0	0	0	0	0	0	0	0	0	0	0	0	0	0	0	0	0	0	0	0	0	0	0	0	0	0	0	0	0	0	0	0	0	0	0	0	0	0	0	0	0	0	0	0	0	0	0	0	0	0	0	0	0	0	0	0	0	0.725306228905044	0.749402309203318	0	0	0	0	0	0	0	0	0	0	0	0	0	0	0	0	0	0	0	0.76001974444616	0.993324503619192	0.638079927444391	0.643886749957868	0.953124534082197	0	0.99786662621978	0.750982034520665	0.89648063678196
0	0	0	0	0	0	0	0	0	0	0	0	0	0	0	0	0	0	0	0	0	0	0	0	0	0	0	0	0	0	0	0	0	0	0	0	0	0	0	0	0	0	0	0	0	0	0	0	0	0	0	0	0	0	0	0	0	0	0	0	0.854899838979418	0.997365296575513	0.676747462568396	0	0	0	0	0	0	0	0	0	0	0	0	0	0	0	0	0	0	0	0.8319375012895	0.945070837539666	0	0.61241624897081	0.974478945654706	0	0.772039101923651	0.943131939931098
0	0	0	0	0	0	0	0	0	0	0	0	0	0	0	0	0	0	0	0	0	0	0	0	0	0	0	0	0	0	0	0	0	0	0	0	0	0	0	0	0	0	0	0	0	0	0	0	0	0	0	0	0	0	0	0	0	0	0	0	0.636323058722301	0.529873398744163	0.764863870979895	0.853516895941262	0	0	0	0	0	0	0	0	0	0	0	0	0	0	0	0	0	0	0	0.754137569941495	0.538726124043409	0.88838410597394	0.599432343637562	0.670000617958857	0	0.736054643985006
0	0	0	0	0	0	0	0	0	0	0	0	0	0	0	0	0	0	0	0	0	0	0	0	0	0	0	0	0	0	0	0	0	0	0	0	0	0	0	0	0	0	0	0	0	0	0	0	0	0	0	0	0	0	0	0	0	0	0	0	0.953054243244513	0.849911847063963	0	0.52418822565293	0.56620606284826	0	0	0	0	0	0.50764698424636	0	0	0	0	0	0	0	0	0	0	0	0	0	0.516387093889556	0.871757945129527	0.52503323656582	0.568118229459582	0.506904003906707	0
