0	0.570349155411792	0.914290631222775	0.704465912526745	0.571492653670073	0.934067331634401	0	0	0	0	0	0	0	0.845032956696238	0.827985625619961	0.612091289811097	0.578184039723536	0.964846379502663	0	0	0	0	0	0	0	0	0	0	0	0	0	0	0	0	0	0	0	0	0	0	0	0	0	0	0	0	0	0	0	0	0	0	0	0	0	0	0	0	0	0	0	0	0	0	0	0	0	0	0	0	0	0	0	0	0	0	0	0	0	0	0	0	0	0	0	0	0	0	0	0
0.729365766257015	0	0.687077609334676	0.776999239862874	0.55010083336482	0.522661707548528	0.722304944756929	0	0	0	0	0	0	0	0.733167632342199	0.83429429262905	0.702663609206335	0.646959279131854	0	0	0	0	0	0	0	0	0	0	0	0	0	0	0	0	0	0	0	0	0	0	0	0	0	0	0	0	0	0	0	0	0	0	0	0	0	0	0	0	0	0	0	0	0	0	0	0	0	0	0	0	0	0	0	0	0	0	0	0	0	0	0	0	0	0	0	0	0	0	0	0
0.605943407975504	0.76131860286758	0	0.53668969875813	0.825815798884068	0.9380612442511	0.852289948390194	0.524196686914842	0	0	0	0	0	0	0	0.698462649281702	0.654490584722311	0.534148612162514	0	0	0	0	0	0	0	0	0	0	0	0	0	0	0	0	0	0	0	0	0	0	0	0	0	0	0	0	0	0	0	0	0	0	0	0	0	0	0	0	0	0	0	0	0	0	0	0	0	0	0	0	0	0	0	0	0	0	0	0	0	0	0	0	0	0	0	0	0	0	0	0
0.565197222342485	0.555058433644954	0.763833867375609	0	0.756844903356518	0.906880897120941	0.816939998982822	0.82666450838756	0.887074655900131	0	0	0	0	0	0	0	0.676386614058843	0.945549543015571	0	0	0	0	0	0	0	0	0	0	0	0	0	0	0	0	0	0	0	0	0	0	0	0	0	0	0	0	0	0	0	0	0	0	0	0	0	0	0	0	0	0	0	0	0	0	0	0	0	0	0	0	0	0	0	0	0	0	0	0	0	0	0	0	0	0	0	0	0	0	0	0
0.606229734920394	0.967461899791318	0.660778614816387	0.812290608176674	0	0.676748644708379	0.825475835664194	0.85133903109545	0.947740235024683	0.522281234103155	0	0	0	0	0	0	0	0.674151579115416	0	0	0	0	0	0	0	0	0	0	0	0	0	0	0	0	0	0	0	0	0	0	0	0	0	0	0	0	0	0	0	0	0	0	0	0	0	0	0	0	0	0	0	0	0	0	0	0	0	0	0	0	0	0	0	0	0	0	0	0	0	0	0	0	0	0	0	0	0	0	0	0
0.515286072052127	0.745271937421274	0.942605515417371	0.727000567986606	0.647939054398482	0	0.684887972230947	0.797786895902111	0.995011171975155	0.928674826507103	0.884056687450202	0	0	0	0	0	0	0	0	0	0	0	0	0	0	0	0	0	0	0	0	0	0	0	0	0	0	0	0	0	0	0	0	0	0	0	0	0	0	0	0	0	0	0	0	0	0	0	0	0	0	0	0	0	0	0	0	0	0	0	0	0	0	0	0	0	0	0	0	0	0	0	0	0	0	0	0	0	0	0
0	0.689601026447106	0.881968038001843	0.944160812992616	0.769557971626975	0.959339748571578	0	0.848881287102506	0.970423347962333	0.7437183076098	0.689023029227749	0.652127603401391	0	0	0	0	0	0	0	0	0	0	0	0	0	0	0	0	0	0	0	0	0	0	0	0	0	0	0	0	0	0	0	0	0	0	0	0	0	0	0	0	0	0	0	0	0	0	0	0	0	0	0	0	0	0	0	0	0	0	0	0	0	0	0	0	0	0	0	0	0	0	0	0	0	0	0	0	0	0
0	0	0.855459698924383	0.547768382793946	0.817863851402321	0.670386472889445	0.503951831691552	0	0.838673814746141	0.514037431206531	0.962438116323344	0.600084283423187	0.967998871326919	0	0	0	0	0	0	0	0	0	0	0	0	0	0	0	0	0	0	0	0	0	0	0	0	0	0	0	0	0	0	0	0	0	0	0	0	0	0	0	0	0	0	0	0	0	0	0	0	0	0	0	0	0	0	0	0	0	0	0	0	0	0	0	0	0	0	0	0	0	0	0	0	0	0	0	0	0
0	0	0	0.683361500699661	0.859867387883568	0.986300574459204	0.527819368918965	0.820128052967981	0	0.67583968936717	0.516622062250135	0.66969741640024	0.960351302269838	0.985910958542311	0	0	0	0	0	0	0	0	0	0	0	0	0	0	0	0	0	0	0	0	0	0	0	0	0	0	0	0	0	0	0	0	0	0	0	0	0	0	0	0	0	0	0	0	0	0	0	0	0	0	0	0	0	0	0	0	0	0	0	0	0	0	0	0	0	0	0	0	0	0	0	0	0	0	0	0
0	0	0	0	0.961897783230577	0.507410099585556	0.824826069066773	0.93755021419346	0.832260706846323	0	0.695015021688088	0.740031702324178	0.686522918015819	0.645233992190936	0.691880467066436	0	0	0	0	0	0	0	0	0	0	0	0	0	0	0	0	0	0	0	0	0	0	0	0	0	0	0	0	0	0	0	0	0	0	0	0	0	0	0	0	0	0	0	0	0	0	0	0	0	0	0	0	0	0	0	0	0	0	0	0	0	0	0	0	0	0	0	0	0	0	0	0	0	0	0
0	0	0	0	0	0.730334526436625	0.903501027561723	0.691408720263865	0.690215693748515	0.765174814042021	0	0.834131794599668	0.794333016902311	0.547421491202855	0.848121915672462	0.7031764783696	0	0	0	0	0	0	0	0	0	0	0	0	0	0	0	0	0	0	0	0	0	0	0	0	0	0	0	0	0	0	0	0	0	0	0	0	0	0	0	0	0	0	0	0	0	0	0	0	0	0	0	0	0	0	0	0	0	0	0	0	0	0	0	0	0	0	0	0	0	0	0	0	0	0
0	0	0	0	0	0	0.540211930813677	0.822240273143383	0.503557141267938	0.711109651176626	0.984715113329291	0	0.680705157001065	0.567085309443399	0.955390616261691	0.97809123907333	0.910061370939116	0	0	0	0	0	0	0	0	0	0	0	0	0	0	0	0	0	0	0	0	0	0	0	0	0	0	0	0	0	0	0	0	0	0	0	0	0	0	0	0	0	0	0	0	0	0	0	0	0	0	0	0	0	0	0	0	0	0	0	0	0	0	0	0	0	0	0	0	0	0	0	0	0
0	0	0	0	0	0	0	0.818530906690845	0.675997152523799	0.544343386415075	0.571217206592455	0.876761525925251	0	0.940415338512449	0.739237097544023	0.787548578333328	0.654188971382178	0.827625572827068	0	0	0	0	0	0	0	0	0	0	0	0	0	0	0	0	0	0	0	0	0	0	0	0	0	0	0	0	0	0	0	0	0	0	0	0	0	0	0	0	0	0	0	0	0	0	0	0	0	0	0	0	0	0	0	0	0	0	0	0	0	0	0	0	0	0	0	0	0	0	0	0
0.71379184419417	0	0	0	0	0	0	0	0.730112089840766	0.811889858269646	0.698228407309132	0.744396814428806	0.618212483541215	0	0.587354233540114	0.739209360529943	0.542787572868033	0.975596940787989	0	0	0	0	0	0	0	0	0	0	0	0	0	0	0	0	0	0	0	0	0	0	0	0	0	0	0	0	0	0	0	0	0	0	0	0	0	0	0	0	0	0	0	0	0	0	0	0	0	0	0	0	0	0	0	0	0	0	0	0	0	0	0	0	0	0	0	0	0	0	0	0
0.922269354835514	0.503286105101484	0	0	0	0	0	0	0	0.885617613725184	0.576079797454396	0.629841056762208	0.511919851905387	0.779549604528882	0	0.579830289254863	0.918671287649367	0.887398545312009	0	0	0	0	0	0	0	0	0	0	0	0	0	0	0	0	0	0	0	0	0	0	0	0	0	0	0	0	0	0	0	0	0	0	0	0	0	0	0	0	0	0	0	0	0	0	0	0	0	0	0	0	0	0	0	0	0	0	0	0	0	0	0	0	0	0	0	0	0	0	0	0
0.748816283136486	0.83680326615966	0.634676356679005	0	0	0	0	0	0	0	0.747691876561828	0.872915733514492	0.609231377455321	0.562119891260715	0.526180346049442	0	0.78595194013223	0.709493540634927	0	0	0	0	0	0	0	0	0	0	0	0	0	0	0	0	0	0	0	0	0	0	0	0	0	0	0	0	0	0	0	0	0	0	0	0	0	0	0	0	0	0	0	0	0	0	0	0	0	0	0	0	0	0	0	0	0	0	0	0	0	0	0	0	0	0	0	0	0	0	0	0
0.716133560863513	0.931419481905901	0.613187588755118	0.663002538981081	0	0	0	0	0	0	0	0.57720762070762	0.532208398226838	0.567524178523581	0.833226363400087	0.872397659774928	0	0.69931233086793	0	0	0	0	0	0	0	0	0	0	0	0	0	0	0	0	0	0	0	0	0	0	0	0	0	0	0	0	0	0	0	0	0	0	0	0	0	0	0	0	0	0	0	0	0	0	0	0	0	0	0	0	0	0	0	0	0	0	0	0	0	0	0	0	0	0	0	0	0	0	0	0
0.905864112130067	0.807623184992333	0.549576447686553	0.761280456706755	0.503481412837371	0	0	0	0	0	0	0	0.630423916407838	0.822424712385937	0.805130808775465	0.547654382097935	0.887126871639601	0	0	0	0	0	0	0	0	0	0	0	0	0	0	0	0	0	0	0	0	0	0	0	0	0	0	0	0	0	0	0	0	0	0	0	0	0	0	0	0	0	0	0	0	0	0	0	0	0	0	0	0	0	0	0	0	0	0	0	0	0	0	0	0	0	0	0	0	0	0	0	0	0
0	0	0	0	0	0	0	0	0	0	0	0	0	0	0	0	0	0	0	0.877063913885955	0.521252520652033	0.587964053419655	0.770159809799331	0.702893483534656	0.67375158475387	0.911942874171147	0	0	0	0.949920741958928	0.595652243631038	0.992706813254213	0	0.568370729720049	0.59587631651036	0.573119155737706	0	0	0	0	0	0	0	0	0	0	0	0	0	0	0	0	0	0	0	0	0	0	0	0	0	0	0	0	0	0	0	0	0	0	0	0	0	0	0	0	0	0	0	0	0	0	0	0	0	0	0	0	0	0
0	0	0	0	0	0	0	0	0	0	0	0	0	0	0	0	0	0	0.844446575555819	0	0.834674729420235	0.564057214149178	0.921170415276044	0.667061390662332	0	0.569540601694487	0.581916236376588	0.594935245083654	0	0	0.976427022345028	0.61841698744649	0.86247019672416	0.601018897776345	0.776210133760102	0.544574436837908	0	0	0	0	0	0	0	0	0	0	0	0	0	0	0	0	0	0	0	0	0	0	0	0	0	0	0	0	0	0	0	0	0	0	0	0	0	0	0	0	0	0	0	0	0	0	0	0	0	0	0	0	0	0
0	0	0	0	0	0	0	0	0	0	0	0	0	0	0	0	0	0	0.676960801067947	0.760107890932203	0	0.84946273696037	0.789107091468484	0.866159904309101	0.811950402189673	0.672025915233222	0.719929454730383	0.648795474022695	0	0	0	0.716244120068825	0.522993127653608	0.996811794884607	0.8267305227011	0.833137372771555	0	0	0	0	0	0	0	0	0	0	0	0	0	0	0	0	0	0	0	0	0	0	0	0	0	0	0	0	0	0	0	0	0	0	0	0	0	0	0	0	0	0	0	0	0	0	0	0	0	0	0	0	0	0
0	0	0	0	0	0	0	0	0	0	0	0	0	0	0	0	0	0	0.783154183878211	0.558736128181526	0.999817188118347	0	0.701972816751956	0.788066408473935	0.779328769823707	0.57173119933919	0.999652448013961	0.560747571189635	0.976114671252657	0	0	0	0.794458812993844	0.540049318432566	0.621424617922837	0.7654283834133	0	0	0	0	0	0	0	0	0	0	0	0	0	0	0	0	0	0	0	0	0	0	0	0	0	0	0	0	0	0	0	0	0	0	0	0	0	0	0	0	0	0	0	0	0	0	0	0	0	0	0	0	0	0
0	0	0	0	0	0	0	0	0	0	0	0	0	0	0	0	0	0	0.94855672596532	0.610351341613254	0.758359990273177	0.584210868635488	0	0.600338101623795	0	0.864529767093957	0.874362434950977	0.644494384983911	0.650826937428713	0.658460735626292	0	0.682629805746925	0	0.991018879347203	0.819893537957059	0.998551569075887	0	0	0	0	0	0	0	0	0	0	0	0	0	0	0	0	0	0	0	0	0	0	0	0	0	0	0	0	0	0	0	0	0	0	0	0	0	0	0	0	0	0	0	0	0	0	0	0	0	0	0	0	0	0
0	0	0	0	0	0	0	0	0	0	0	0	0	0	0	0	0	0	0.881924516674013	0.990858057620015	0.926262626366087	0.781123697065782	0.584635589648281	0	0	0.552026110188952	0.784025702231543	0.669459880220124	0.871445235825138	0.789282057065173	0.82078054708953	0.632834899628714	0.685434960632475	0	0.721696660699287	0.844545869248322	0	0	0	0	0	0	0	0	0	0	0	0	0	0	0	0	0	0	0	0	0	0	0	0	0	0	0	0	0	0	0	0	0	0	0	0	0	0	0	0	0	0	0	0	0	0	0	0	0	0	0	0	0	0
0	0	0	0	0	0	0	0	0	0	0	0	0	0	0	0	0	0	0.514108602045235	0	0.842503956573844	0.746456346810637	0	0	0	0.895604802063809	0.784673565211745	0.780211283097859	0.654549248109405	0.670328736939518	0.987332977447787	0.556336710274087	0	0	0	0.757388887080101	0	0	0	0	0	0	0	0	0	0	0	0	0	0	0	0	0	0	0	0	0	0	0	0	0	0	0	0	0	0	0	0	0	0	0	0	0	0	0	0	0	0	0	0	0	0	0	0	0	0	0	0	0	0
0	0	0	0	0	0	0	0	0	0	0	0	0	0	0	0	0	0	0.650551291837461	0.657100798035657	0.914312270895961	0.907262711133601	0.874409649018439	0.846848306295839	0.996876557085052	0	0.562383480361216	0.718603199896362	0.818410114409917	0	0.890705921853442	0.667045494763173	0.978350106915441	0	0	0.868917295073818	0	0	0	0	0	0	0	0	0	0	0	0	0	0	0	0	0	0	0	0	0	0	0	0	0	0	0	0	0	0	0	0	0	0	0	0	0	0	0	0	0	0	0	0	0	0	0	0	0	0	0	0	0	0
0	0	0	0	0	0	0	0	0	0	0	0	0	0	0	0	0	0	0	0.566166468457443	0.703546531608569	0.924250713009125	0.531196241554791	0.780314083785656	0.914282052098349	0.792819955980416	0	0.504844338300141	0.729057886328176	0.737426995616825	0.644542549982604	0.939662699283641	0.909868933015652	0.737705709740512	0.877986396537184	0	0	0	0	0	0	0	0	0	0	0	0	0	0	0	0	0	0	0	0	0	0	0	0	0	0	0	0	0	0	0	0	0	0	0	0	0	0	0	0	0	0	0	0	0	0	0	0	0	0	0	0	0	0	0
0	0	0	0	0	0	0	0	0	0	0	0	0	0	0	0	0	0	0	0.709745164818853	0.67119599402275	0.546597186322445	0.672395895492269	0.84656997965909	0.848221282657867	0.885217393068219	0.83004660499632	0	0.888929041254431	0.904359275088923	0.725539606857875	0.643132204080835	0.899767453135768	0.748880034791913	0.782190893614754	0	0	0	0	0	0	0	0	0	0	0	0	0	0	0	0	0	0	0	0	0	0	0	0	0	0	0	0	0	0	0	0	0	0	0	0	0	0	0	0	0	0	0	0	0	0	0	0	0	0	0	0	0	0	0
0	0	0	0	0	0	0	0	0	0	0	0	0	0	0	0	0	0	0	0	0	0.503625048224423	0.623544565489026	0.862493513031176	0.627767719156434	0.590814900517621	0.911468966701794	0.831590867027813	0	0.744046995129585	0.565153483653004	0.776386410060038	0.640321218540977	0.967163750887363	0.58572357222927	0.71474918885943	0	0	0	0	0	0	0	0	0	0	0	0	0	0	0	0	0	0	0	0	0	0	0	0	0	0	0	0	0	0	0	0	0	0	0	0	0	0	0	0	0	0	0	0	0	0	0	0	0	0	0	0	0	0
0	0	0	0	0	0	0	0	0	0	0	0	0	0	0	0	0	0	0.714763704010771	0	0	0	0.594570734375363	0.930626306908918	0.70955332889943	0	0.876982399599567	0.922272101289186	0.813229416629404	0	0.630582172102974	0.679508823613783	0.778566219489742	0.88497968812095	0.923648357717604	0.867360997751907	0	0	0	0	0	0	0	0	0	0	0	0	0	0	0	0	0	0	0	0	0	0	0	0	0	0	0	0	0	0	0	0	0	0	0	0	0	0	0	0	0	0	0	0	0	0	0	0	0	0	0	0	0	0
0	0	0	0	0	0	0	0	0	0	0	0	0	0	0	0	0	0	0.981832549026311	0.893152888433219	0	0	0	0.916726265654203	0.6493964084362	0.749237965925284	0.636090254856312	0.791460440058156	0.960591751318495	0.790086541666984	0	0.675551935691972	0.577253685258243	0.941479840093728	0.621023032599241	0.535764095584081	0	0	0	0	0	0	0	0	0	0	0	0	0	0	0	0	0	0	0	0	0	0	0	0	0	0	0	0	0	0	0	0	0	0	0	0	0	0	0	0	0	0	0	0	0	0	0	0	0	0	0	0	0	0
0	0	0	0	0	0	0	0	0	0	0	0	0	0	0	0	0	0	0.867628627564928	0.981815116321954	0.972071095415747	0	0.792645431151397	0.753026303349187	0.597667787434532	0.626162940781893	0.855897555564991	0.722761491974558	0.984535031533175	0.631260290261108	0.514283392857625	0	0	0.505114469289901	0.561745756276577	0.967877623095607	0	0	0	0	0	0	0	0	0	0	0	0	0	0	0	0	0	0	0	0	0	0	0	0	0	0	0	0	0	0	0	0	0	0	0	0	0	0	0	0	0	0	0	0	0	0	0	0	0	0	0	0	0	0
0	0	0	0	0	0	0	0	0	0	0	0	0	0	0	0	0	0	0	0.777727535436505	0.964244002189673	0.55307897032396	0	0.956708244572077	0	0.584075059667597	0.881329165253214	0.98512394060459	0.686549597716141	0.656766133047765	0.630643696225466	0	0	0.964741754458553	0.748938203109046	0.686849164162368	0	0	0	0	0	0	0	0	0	0	0	0	0	0	0	0	0	0	0	0	0	0	0	0	0	0	0	0	0	0	0	0	0	0	0	0	0	0	0	0	0	0	0	0	0	0	0	0	0	0	0	0	0	0
0	0	0	0	0	0	0	0	0	0	0	0	0	0	0	0	0	0	0.77535018778899	0.836709548421937	0.992162227522674	0.579496872346042	0.930477994482197	0	0	0	0.930170492478716	0.566646864151034	0.531501681603088	0.522136993728666	0.993071211587491	0.888023368201709	0.625790673512014	0	0.714866632863564	0.525860644522267	0	0	0	0	0	0	0	0	0	0	0	0	0	0	0	0	0	0	0	0	0	0	0	0	0	0	0	0	0	0	0	0	0	0	0	0	0	0	0	0	0	0	0	0	0	0	0	0	0	0	0	0	0	0
0	0	0	0	0	0	0	0	0	0	0	0	0	0	0	0	0	0	0.615672410518521	0.856352884435179	0.513160496372681	0.65835792127487	0.683721370423999	0.925761875045835	0	0	0.88963485923638	0.552792878286323	0.840032352126424	0.846046769334918	0.66043916696653	0.916009211752556	0.70806947775793	0.669211449235435	0	0.741803309272604	0	0	0	0	0	0	0	0	0	0	0	0	0	0	0	0	0	0	0	0	0	0	0	0	0	0	0	0	0	0	0	0	0	0	0	0	0	0	0	0	0	0	0	0	0	0	0	0	0	0	0	0	0	0
0	0	0	0	0	0	0	0	0	0	0	0	0	0	0	0	0	0	0.686031901301093	0.751774005372412	0.632601639534395	0.914101869278832	0.876583271297211	0.919760400796962	0.623524263907052	0.867304192587322	0	0	0.627412635966055	0.82884956872525	0.757248634477748	0.535735296643204	0.919713201236761	0.827971115261115	0.50767863218464	0	0	0	0	0	0	0	0	0	0	0	0	0	0	0	0	0	0	0	0	0	0	0	0	0	0	0	0	0	0	0	0	0	0	0	0	0	0	0	0	0	0	0	0	0	0	0	0	0	0	0	0	0	0	0
0	0	0	0	0	0	0	0	0	0	0	0	0	0	0	0	0	0	0	0	0	0	0	0	0	0	0	0	0	0	0	0	0	0	0	0	0	0	0	0	0	0.750392457421642	0	0	0	0	0	0.761764105836417	0.689324603802186	0	0	0.983704103859778	0.960962871237595	0.553463109452174	0	0	0	0	0	0	0	0	0	0	0	0	0	0	0	0	0	0	0	0	0	0	0	0	0	0	0	0	0	0	0	0	0	0	0	0
0	0	0	0	0	0	0	0	0	0	0	0	0	0	0	0	0	0	0	0	0	0	0	0	0	0	0	0	0	0	0	0	0	0	0	0	0	0	0	0.51631012902286	0.888922344137116	0	0	0	0	0	0.52732560610418	0	0	0	0	0	0.7349669451984	0.501410336122196	0	0	0	0	0	0	0	0	0	0	0	0	0	0	0	0	0	0	0	0	0	0	0	0	0	0	0	0	0	0	0	0	0	0	0	0
0	0	0	0	0	0	0	0	0	0	0	0	0	0	0	0	0	0	0	0	0	0	0	0	0	0	0	0	0	0	0	0	0	0	0	0	0	0	0	0	0.678386686152124	0.963196934624699	0	0	0	0	0.887681384794868	0	0	0	0	0	0	0	0	0	0	0	0	0	0	0	0	0	0	0	0	0	0	0	0	0	0	0	0	0	0	0	0	0	0	0	0	0	0	0	0	0	0	0
0	0	0	0	0	0	0	0	0	0	0	0	0	0	0	0	0	0	0	0	0	0	0	0	0	0	0	0	0	0	0	0	0	0	0	0	0	0.630295680369951	0	0	0	0.831061610298948	0.706469727731347	0	0	0	0.509240951476337	0	0	0	0	0	0	0	0	0	0	0	0	0	0	0	0	0	0	0	0	0	0	0	0	0	0	0	0	0	0	0	0	0	0	0	0	0	0	0	0	0	0	0
0	0	0	0	0	0	0	0	0	0	0	0	0	0	0	0	0	0	0	0	0	0	0	0	0	0	0	0	0	0	0	0	0	0	0	0	0	0.777160088070922	0.648174506611007	0	0	0.831964423338143	0.880404379630616	0.945001402578976	0	0	0	0	0	0	0	0	0	0	0	0	0	0	0	0	0	0	0	0	0	0	0	0	0	0	0	0	0	0	0	0	0	0	0	0	0	0	0	0	0	0	0	0	0	0
0	0	0	0	0	0	0	0	0	0	0	0	0	0	0	0	0	0	0	0	0	0	0	0	0	0	0	0	0	0	0	0	0	0	0	0	0.520703498155059	0	0.652678789282815	0.865850617052384	0.689469236202534	0	0.967970539524578	0.782284149921084	0.746195848642153	0	0	0.859721700928609	0	0	0	0	0	0	0	0	0	0	0	0	0	0	0	0	0	0	0	0	0	0	0	0	0	0	0	0	0	0	0	0	0	0	0	0	0	0	0	0	0	0
0	0	0	0	0	0	0	0	0	0	0	0	0	0	0	0	0	0	0	0	0	0	0	0	0	0	0	0	0	0	0	0	0	0	0	0	0	0	0	0.892038591417376	0.860462670241052	0.624168039296897	0	0.549060747049217	0.881003779709484	0	0.521519990804189	0	0	0	0	0	0	0	0	0	0	0	0	0	0	0	0	0	0	0	0	0	0	0	0	0	0	0	0	0	0	0	0	0	0	0	0	0	0	0	0	0	0	0
0	0	0	0	0	0	0	0	0	0	0	0	0	0	0	0	0	0	0	0	0	0	0	0	0	0	0	0	0	0	0	0	0	0	0	0	0	0	0	0	0.760976110295208	0.676734489900083	0.905463578254092	0	0.903657688421589	0.549222475967767	0.912492635793974	0	0.632201751906884	0.531625961368631	0	0	0	0	0	0	0	0	0	0	0	0	0	0	0	0	0	0	0	0	0	0	0	0	0	0	0	0	0	0	0	0	0	0	0	0	0	0	0	0
0	0	0	0	0	0	0	0	0	0	0	0	0	0	0	0	0	0	0	0	0	0	0	0	0	0	0	0	0	0	0	0	0	0	0	0	0	0	0	0	0	0.558567328256225	0.754398155734521	0.634678191925026	0	0	0.972845093089136	0.755206649370319	0	0	0	0.529471775608548	0	0	0	0	0	0	0	0	0	0	0	0	0	0	0	0	0	0	0	0	0	0	0	0	0	0	0	0	0	0	0	0	0	0	0	0	0	0
0	0	0	0	0	0	0	0	0	0	0	0	0	0	0	0	0	0	0	0	0	0	0	0	0	0	0	0	0	0	0	0	0	0	0	0	0	0	0	0	0	0	0	0.509519966041172	0	0	0.865895775246694	0.696859184782721	0.659490995947917	0	0	0.669217526757514	0	0	0	0	0	0	0	0	0	0	0	0	0	0	0	0	0	0	0	0	0	0	0	0	0	0	0	0	0	0	0	0	0	0	0	0	0	0
0	0	0	0	0	0	0	0	0	0	0	0	0	0	0	0	0	0	0	0	0	0	0	0	0	0	0	0	0	0	0	0	0	0	0	0	0	0.873570163652065	0.728232149081648	0.917489001550964	0	0	0.938611993427451	0.705895566158653	0.902068768669405	0.899701223729325	0	0.641156344869802	0.834970606020351	0.725151828827062	0	0	0	0	0	0	0	0	0	0	0	0	0	0	0	0	0	0	0	0	0	0	0	0	0	0	0	0	0	0	0	0	0	0	0	0	0	0	0	0
0	0	0	0	0	0	0	0	0	0	0	0	0	0	0	0	0	0	0	0	0	0	0	0	0	0	0	0	0	0	0	0	0	0	0	0	0.866504901439537	0	0	0	0	0.558118927251388	0	0	0.512609064771778	0.689536000432843	0.612406759967648	0	0	0.72370918602946	0.934852239333821	0	0.848649998326658	0	0	0	0	0	0	0	0	0	0	0	0	0	0	0	0	0	0	0	0	0	0	0	0	0	0	0	0	0	0	0	0	0	0	0	0	0
0	0	0	0	0	0	0	0	0	0	0	0	0	0	0	0	0	0	0	0	0	0	0	0	0	0	0	0	0	0	0	0	0	0	0	0	0.939062218904665	0	0	0	0	0	0	0.734203151331233	0	0.612485406189087	0.698120286723656	0	0	0.679799770284508	0	0.809901624995875	0	0.880846956224566	0	0	0	0	0	0	0	0	0	0	0	0	0	0	0	0	0	0	0	0	0	0	0	0	0	0	0	0	0	0	0	0	0	0	0	0
0	0	0	0	0	0	0	0	0	0	0	0	0	0	0	0	0	0	0	0	0	0	0	0	0	0	0	0	0	0	0	0	0	0	0	0	0	0	0	0	0	0	0	0.696856392631041	0	0	0.841951901651318	0.902499972010647	0.858143253840738	0	0.977054942886147	0	0.971302840944207	0	0	0	0	0	0	0	0	0	0	0	0	0	0	0	0	0	0	0	0	0	0	0	0	0	0	0	0	0	0	0	0	0	0	0	0	0
0	0	0	0	0	0	0	0	0	0	0	0	0	0	0	0	0	0	0	0	0	0	0	0	0	0	0	0	0	0	0	0	0	0	0	0	0	0	0	0	0	0	0	0	0	0	0	0.968331140823089	0	0.91941268078712	0	0.886327450513426	0.634621585867216	0.576701048941334	0	0	0	0	0	0	0	0	0	0	0	0	0	0	0	0	0	0	0	0	0	0	0	0	0	0	0	0	0	0	0	0	0	0	0	0
0	0	0	0	0	0	0	0	0	0	0	0	0	0	0	0	0	0	0	0	0	0	0	0	0	0	0	0	0	0	0	0	0	0	0	0	0.562787685545482	0	0	0	0	0	0	0	0.949980397224345	0.829451272493479	0	0	0.549323667932777	0	0.765532455070907	0	0.549560153181019	0	0	0	0	0	0	0	0	0	0	0	0	0	0	0	0	0	0	0	0	0	0	0	0	0	0	0	0	0	0	0	0	0	0	0	0	0
0	0	0	0	0	0	0	0	0	0	0	0	0	0	0	0	0	0	0	0	0	0	0	0	0	0	0	0	0	0	0	0	0	0	0	0	0.551335403242495	0.641094537356783	0	0	0	0	0	0	0	0	0	0.530066930888337	0	0.815472296762841	0.644676818790811	0.565505966745863	0	0	0	0	0	0	0	0	0	0	0	0	0	0	0	0	0	0	0	0	0	0	0	0	0	0	0	0	0	0	0	0	0	0	0	0	0	0
0	0	0	0	0	0	0	0	0	0	0	0	0	0	0	0	0	0	0	0	0	0	0	0	0	0	0	0	0	0	0	0	0	0	0	0	0.97341122088704	0.759338688152917	0	0	0	0	0	0	0	0	0	0	0.505731827856704	0	0.699326796248287	0	0	0	0	0	0	0	0	0	0	0	0	0	0	0	0	0	0	0	0	0	0	0	0	0	0	0	0	0	0	0	0	0	0	0	0	0	0	0
0	0	0	0	0	0	0	0	0	0	0	0	0	0	0	0	0	0	0	0	0	0	0	0	0	0	0	0	0	0	0	0	0	0	0	0	0	0	0	0	0	0	0	0	0	0	0	0	0	0	0	0	0	0	0	0	0.982348735026412	0.525296270493604	0.815180284577073	0	0	0	0.735224662312756	0	0	0	0.768943409509777	0.60995647837012	0.591331373107898	0.89070829370505	0.614336643069181	0.754082468460846	0	0	0	0	0	0	0	0	0	0	0	0	0	0	0	0	0	0
0	0	0	0	0	0	0	0	0	0	0	0	0	0	0	0	0	0	0	0	0	0	0	0	0	0	0	0	0	0	0	0	0	0	0	0	0	0	0	0	0	0	0	0	0	0	0	0	0	0	0	0	0	0	0	0	0.865249994745088	0.548882869904847	0.914616507613348	0.831557086957446	0	0	0	0	0	0.940988008688406	0	0	0	0.638667361380404	0.729736940330777	0	0	0	0	0	0	0	0	0	0	0	0	0	0	0	0	0	0	0
0	0	0	0	0	0	0	0	0	0	0	0	0	0	0	0	0	0	0	0	0	0	0	0	0	0	0	0	0	0	0	0	0	0	0	0	0	0	0	0	0	0	0	0	0	0	0	0	0	0	0	0	0	0	0.70183209211181	0.759328815740068	0	0.902675790367445	0.588417294588793	0	0.575363774907722	0.51455321606045	0	0.6270042780228	0	0.712241663334681	0	0	0	0	0.834230022069547	0	0	0	0	0	0	0	0	0	0	0	0	0	0	0	0	0	0	0
0	0	0	0	0	0	0	0	0	0	0	0	0	0	0	0	0	0	0	0	0	0	0	0	0	0	0	0	0	0	0	0	0	0	0	0	0	0	0	0	0	0	0	0	0	0	0	0	0	0	0	0	0	0	0.960427380348546	0.765734762292286	0.776527049833258	0	0.706471363910614	0.956531821946397	0.504096391808685	0.613308086341696	0	0	0	0	0	0	0	0	0	0	0	0	0	0	0	0	0	0	0	0	0	0	0	0	0	0	0	0
0	0	0	0	0	0	0	0	0	0	0	0	0	0	0	0	0	0	0	0	0	0	0	0	0	0	0	0	0	0	0	0	0	0	0	0	0	0	0	0	0	0	0	0	0	0	0	0	0	0	0	0	0	0	0.711681981304726	0.545725237489905	0.92360756325594	0.912569387193732	0	0.72552832559698	0.757838022768405	0	0	0	0	0.822361659910967	0.666942323142811	0.950483769974734	0.860168930908188	0.69016260264443	0	0	0	0	0	0	0	0	0	0	0	0	0	0	0	0	0	0	0	0
0	0	0	0	0	0	0	0	0	0	0	0	0	0	0	0	0	0	0	0	0	0	0	0	0	0	0	0	0	0	0	0	0	0	0	0	0	0	0	0	0	0	0	0	0	0	0	0	0	0	0	0	0	0	0	0.791426256066162	0	0.947429474253451	0.755435339907551	0	0.821817702321208	0	0.658967764484183	0.739220168772037	0	0.568325534335829	0	0.856124376343766	0.667515366045257	0.618848479518867	0	0.671415891981643	0	0	0	0	0	0	0	0	0	0	0	0	0	0	0	0	0	0
0	0	0	0	0	0	0	0	0	0	0	0	0	0	0	0	0	0	0	0	0	0	0	0	0	0	0	0	0	0	0	0	0	0	0	0	0	0	0	0	0	0	0	0	0	0	0	0	0	0	0	0	0	0	0	0	0.984309810083159	0.842943665990404	0.873238609739431	0.503626211972152	0	0.923263614919268	0	0.673670370259222	0.961338606169138	0	0	0.730943858599714	0	0	0	0	0	0	0	0	0	0	0	0	0	0	0	0	0	0	0	0	0	0
0	0	0	0	0	0	0	0	0	0	0	0	0	0	0	0	0	0	0	0	0	0	0	0	0	0	0	0	0	0	0	0	0	0	0	0	0	0	0	0	0	0	0	0	0	0	0	0	0	0	0	0	0	0	0	0	0.941982530735838	0.825617169712966	0	0	0.542961469989296	0	0.750025396354803	0.765494271247315	0	0.771559309289764	0	0	0	0	0	0	0	0	0	0	0	0	0	0	0	0	0	0	0	0	0	0	0	0
0	0	0	0	0	0	0	0	0	0	0	0	0	0	0	0	0	0	0	0	0	0	0	0	0	0	0	0	0	0	0	0	0	0	0	0	0	0	0	0	0	0	0	0	0	0	0	0	0	0	0	0	0	0	0.947769442600804	0	0	0	0	0.713949304947105	0	0.649825479354805	0	0	0.671404966770748	0.880955544114594	0	0	0.735514877106382	0	0	0.558831719037169	0	0	0	0	0	0	0	0	0	0	0	0	0	0	0	0	0	0
0	0	0	0	0	0	0	0	0	0	0	0	0	0	0	0	0	0	0	0	0	0	0	0	0	0	0	0	0	0	0	0	0	0	0	0	0	0	0	0	0	0	0	0	0	0	0	0	0	0	0	0	0	0	0	0	0.620162527167482	0	0	0.641386414183923	0.780958197574387	0.521908906927556	0	0	0	0.614418459893477	0	0.705214354662096	0	0	0	0.832413787131565	0	0	0	0	0	0	0	0	0	0	0	0	0	0	0	0	0	0
0	0	0	0	0	0	0	0	0	0	0	0	0	0	0	0	0	0	0	0	0	0	0	0	0	0	0	0	0	0	0	0	0	0	0	0	0	0	0	0	0	0	0	0	0	0	0	0	0	0	0	0	0	0	0	0	0	0	0	0	0.515945487351743	0	0.704754143756506	0	0	0.863297739059304	0.605375133382007	0.913975944062524	0.906195848089915	0	0	0	0	0	0	0	0	0	0	0	0	0	0	0	0	0	0	0	0	0
0	0	0	0	0	0	0	0	0	0	0	0	0	0	0	0	0	0	0	0	0	0	0	0	0	0	0	0	0	0	0	0	0	0	0	0	0	0	0	0	0	0	0	0	0	0	0	0	0	0	0	0	0	0	0	0.572059858421039	0.888289756252088	0	0.754744035029606	0.786504720884595	0	0.554364419309002	0.856292025879382	0.992354146166893	0.53264941529209	0	0	0	0	0	0.870156843705747	0	0	0	0	0	0	0	0	0	0	0	0	0	0	0	0	0	0	0
0	0	0	0	0	0	0	0	0	0	0	0	0	0	0	0	0	0	0	0	0	0	0	0	0	0	0	0	0	0	0	0	0	0	0	0	0	0	0	0	0	0	0	0	0	0	0	0	0	0	0	0	0	0	0.785761203183075	0	0	0	0.796272328782317	0	0	0	0	0	0.819732884200315	0	0	0.661828603093483	0.511823862039817	0.924839245855935	0	0	0	0	0	0	0	0	0	0	0	0	0	0	0	0	0	0	0	0
0	0	0	0	0	0	0	0	0	0	0	0	0	0	0	0	0	0	0	0	0	0	0	0	0	0	0	0	0	0	0	0	0	0	0	0	0	0	0	0	0	0	0	0	0	0	0	0	0	0	0	0	0	0	0.672599339212061	0	0	0	0.958030188202958	0.551344372859409	0.742614205530654	0	0	0.968938291565362	0.526142995523092	0	0.738881193466653	0	0.834397786207492	0	0	0.566638079926992	0	0	0	0	0	0	0	0	0	0	0	0	0	0	0	0	0	0
0	0	0	0	0	0	0	0	0	0	0	0	0	0	0	0	0	0	0	0	0	0	0	0	0	0	0	0	0	0	0	0	0	0	0	0	0	0	0	0	0	0	0	0	0	0	0	0	0	0	0	0	0	0	0.705627235697481	0	0	0	0.704020237765355	0.582385716262043	0	0	0.7177348108642	0	0.984938210532355	0	0.512936791828337	0.724164749406318	0	0	0.585468316535128	0.750174863730196	0	0	0	0	0	0	0	0	0	0	0	0	0	0	0	0	0	0
0	0	0	0	0	0	0	0	0	0	0	0	0	0	0	0	0	0	0	0	0	0	0	0	0	0	0	0	0	0	0	0	0	0	0	0	0	0	0	0	0	0	0	0	0	0	0	0	0	0	0	0	0	0	0.627472544876106	0.917910093554358	0	0	0.56049226068045	0.976020914293627	0	0	0	0	0	0	0.621947902761119	0	0	0	0.805618903191737	0.707758477575648	0	0	0	0	0	0	0	0	0	0	0	0	0	0	0	0	0	0
0	0	0	0	0	0	0	0	0	0	0	0	0	0	0	0	0	0	0	0	0	0	0	0	0	0	0	0	0	0	0	0	0	0	0	0	0	0	0	0	0	0	0	0	0	0	0	0	0	0	0	0	0	0	0.679564855915117	0.800487236600328	0.80313184875464	0	0	0	0	0	0	0	0	0.510577543115146	0	0	0.770459239236169	0.976961252936218	0	0.537621499271721	0	0	0	0	0	0	0	0	0	0	0	0	0	0	0	0	0	0
0	0	0	0	0	0	0	0	0	0	0	0	0	0	0	0	0	0	0	0	0	0	0	0	0	0	0	0	0	0	0	0	0	0	0	0	0	0	0	0	0	0	0	0	0	0	0	0	0	0	0	0	0	0	0.748161906896488	0	0	0	0	0.852123051945604	0	0	0.989402839368675	0.781882913495896	0	0	0	0.83772514124238	0.820717187145443	0.778867375649881	0.629941129798556	0	0	0	0	0	0	0	0	0	0	0	0	0	0	0	0	0	0	0
0	0	0	0	0	0	0	0	0	0	0	0	0	0	0	0	0	0	0	0	0	0	0	0	0	0	0	0	0	0	0	0	0	0	0	0	0	0	0	0	0	0	0	0	0	0	0	0	0	0	0	0	0	0	0	0	0	0	0	0	0	0	0	0	0	0	0	0	0	0	0	0	0	0.790686052848393	0	0	0	0.973924745342211	0.589598987848246	0.603771569751186	0.62283330780191	0	0	0.878084301733899	0.994213481886888	0.974408130194464	0.577030289602431	0	0.743426083033561	0
0	0	0	0	0	0	0	0	0	0	0	0	0	0	0	0	0	0	0	0	0	0	0	0	0	0	0	0	0	0	0	0	0	0	0	0	0	0	0	0	0	0	0	0	0	0	0	0	0	0	0	0	0	0	0	0	0	0	0	0	0	0	0	0	0	0	0	0	0	0	0	0	0.658977490427088	0	0.694189127671444	0.52090080144264	0	0.781458759441553	0.938578237352743	0.58104977545228	0.653343251298795	0	0.8835997552452	0.724962467790988	0.535382399049536	0.791323685466449	0.686622889090122	0.837208745264334	0	0
0	0	0	0	0	0	0	0	0	0	0	0	0	0	0	0	0	0	0	0	0	0	0	0	0	0	0	0	0	0	0	0	0	0	0	0	0	0	0	0	0	0	0	0	0	0	0	0	0	0	0	0	0	0	0	0	0	0	0	0	0	0	0	0	0	0	0	0	0	0	0	0	0	0.707500169708956	0	0.831922554803962	0	0	0	0.656320800298152	0.614677994495957	0	0	0.949216491998316	0.653291229731776	0.644209918508377	0.700068195043176	0	0.821644040329813	0.566784342176699
0	0	0	0	0	0	0	0	0	0	0	0	0	0	0	0	0	0	0	0	0	0	0	0	0	0	0	0	0	0	0	0	0	0	0	0	0	0	0	0	0	0	0	0	0	0	0	0	0	0	0	0	0	0	0	0	0	0	0	0	0	0	0	0	0	0	0	0	0	0	0	0	0	0.850586138400665	0.964698036374074	0	0.73334367864666	0	0.631687642481008	0.959282949971602	0.543869958241464	0.946538300051024	0	0.762843958446952	0	0.560363482427253	0.894681925405509	0.992388642456345	0.513489135997139	0
0	0	0	0	0	0	0	0	0	0	0	0	0	0	0	0	0	0	0	0	0	0	0	0	0	0	0	0	0	0	0	0	0	0	0	0	0	0	0	0	0	0	0	0	0	0	0	0	0	0	0	0	0	0	0	0	0	0	0	0	0	0	0	0	0	0	0	0	0	0	0	0	0	0	0	0.835808390969538	0	0.654273450593139	0	0	0	0.953481410335848	0.646176798164926	0.912734415946445	0.571131554773338	0	0.873042584098854	0	0	0.773057504420552
0	0	0	0	0	0	0	0	0	0	0	0	0	0	0	0	0	0	0	0	0	0	0	0	0	0	0	0	0	0	0	0	0	0	0	0	0	0	0	0	0	0	0	0	0	0	0	0	0	0	0	0	0	0	0	0	0	0	0	0	0	0	0	0	0	0	0	0	0	0	0	0	0.939919925023517	0.706955146862563	0	0	0.900207883913206	0	0.947332532659194	0.932611502372266	0	0.905713547128688	0.907939424009	0	0.944711554855496	0	0.674013144369937	0.532087892308022	0	0
0	0	0	0	0	0	0	0	0	0	0	0	0	0	0	0	0	0	0	0	0	0	0	0	0	0	0	0	0	0	0	0	0	0	0	0	0	0	0	0	0	0	0	0	0	0	0	0	0	0	0	0	0	0	0	0	0	0	0	0	0	0	0	0	0	0	0	0	0	0	0	0	0.659423946948179	0.842189217510843	0	0.614042761984577	0	0.820188603879101	0	0.715042825492821	0.963560591023864	0.658252246153724	0.502698720005268	0.944806843204759	0.647500297884386	0	0.835541614532948	0	0.819510350569959	0
0	0	0	0	0	0	0	0	0	0	0	0	0	0	0	0	0	0	0	0	0	0	0	0	0	0	0	0	0	0	0	0	0	0	0	0	0	0	0	0	0	0	0	0	0	0	0	0	0	0	0	0	0	0	0	0	0	0	0	0	0	0	0	0	0	0	0	0	0	0	0	0	0.927586672002506	0.926320776247796	0.67102094386528	0.603718740322947	0	0.846972139644761	0.788153559957378	0	0	0	0.741650148311528	0.785881744592433	0	0.838937544326661	0	0.835762174236702	0.859210924574844	0.607723307928836
0	0	0	0	0	0	0	0	0	0	0	0	0	0	0	0	0	0	0	0	0	0	0	0	0	0	0	0	0	0	0	0	0	0	0	0	0	0	0	0	0	0	0	0	0	0	0	0	0	0	0	0	0	0	0	0	0	0	0	0	0	0	0	0	0	0	0	0	0	0	0	0	0.971086123911111	0.50423536231109	0.712379727587509	0.706465609465993	0	0	0.719943277998497	0	0	0.739296539097352	0.730924493202796	0	0.739686104783283	0.811805281665536	0.937641720834531	0.598459156685075	0.728295247769487	0.5990665086005
0	0	0	0	0	0	0	0	0	0	0	0	0	0	0	0	0	0	0	0	0	0	0	0	0	0	0	0	0	0	0	0	0	0	0	0	0	0	0	0	0	0	0	0	0	0	0	0	0	0	0	0	0	0	0	0	0	0	0	0	0	0	0	0	0	0	0	0	0	0	0	0	0	0	0	0.960404189537021	0.777345469875617	0.719277256290059	0.950608614444485	0	0.677957090788319	0	0	0.616191706698362	0	0.930992141441027	0.773651857298106	0.928267217399374	0.796380703770487	0.76829052264936
0	0	0	0	0	0	0	0	0	0	0	0	0	0	0	0	0	0	0	0	0	0	0	0	0	0	0	0	0	0	0	0	0	0	0	0	0	0	0	0	0	0	0	0	0	0	0	0	0	0	0	0	0	0	0	0	0	0	0	0	0	0	0	0	0	0	0	0	0	0	0	0	0	0.832871582915671	0	0	0.504752267143526	0.601950512806769	0.758441170890733	0.692609986701842	0.700997370220155	0	0	0.536407398730502	0.91929253983357	0.67320380651485	0.503702069666311	0.960688624195345	0.539848069937733	0.573788685467802
0	0	0	0	0	0	0	0	0	0	0	0	0	0	0	0	0	0	0	0	0	0	0	0	0	0	0	0	0	0	0	0	0	0	0	0	0	0	0	0	0	0	0	0	0	0	0	0	0	0	0	0	0	0	0	0	0	0	0	0	0	0	0	0	0	0	0	0	0	0	0	0	0.905441424359956	0.981020519867998	0.611081513220488	0.612297432400962	0.6028578081732	0	0.923187618228039	0.665712554867528	0	0.640721222573795	0.743926713613229	0	0.840136111041764	0.987254013184598	0.800385587029911	0.777296037093372	0.82155034590055	0.68717600321779
0	0	0	0	0	0	0	0	0	0	0	0	0	0	0	0	0	0	0	0	0	0	0	0	0	0	0	0	0	0	0	0	0	0	0	0	0	0	0	0	0	0	0	0	0	0	0	0	0	0	0	0	0	0	0	0	0	0	0	0	0	0	0	0	0	0	0	0	0	0	0	0	0.964568940856048	0.538796701000344	0.715270787070392	0	0.755694415965904	0.604414737059605	0.84576508336785	0	0.91872490975962	0	0.742290727410011	0.833750894806919	0	0.883156826984485	0.969044141621672	0.767244831911808	0	0.909754500577007
0	0	0	0	0	0	0	0	0	0	0	0	0	0	0	0	0	0	0	0	0	0	0	0	0	0	0	0	0	0	0	0	0	0	0	0	0	0	0	0	0	0	0	0	0	0	0	0	0	0	0	0	0	0	0	0	0	0	0	0	0	0	0	0	0	0	0	0	0	0	0	0	0.981070124699765	0.813429116433535	0.989450107560571	0.580526107582613	0	0	0	0.648616413195505	0.617539633021144	0.875821206786638	0.765533160613446	0.55972024521101	0.738024602339836	0	0.85351937201359	0	0.87245805139447	0.98496489527085
0	0	0	0	0	0	0	0	0	0	0	0	0	0	0	0	0	0	0	0	0	0	0	0	0	0	0	0	0	0	0	0	0	0	0	0	0	0	0	0	0	0	0	0	0	0	0	0	0	0	0	0	0	0	0	0	0	0	0	0	0	0	0	0	0	0	0	0	0	0	0	0	0.846064895934653	0.50541963958489	0.743863223702292	0.933056371262178	0.893878740365816	0.630235124834852	0.828240699535385	0	0.508349833756087	0.532006358801883	0.922916420906585	0.737195131732204	0.696099769553211	0.528489277941077	0	0.650481397910643	0	0.935110754434828
0	0	0	0	0	0	0	0	0	0	0	0	0	0	0	0	0	0	0	0	0	0	0	0	0	0	0	0	0	0	0	0	0	0	0	0	0	0	0	0	0	0	0	0	0	0	0	0	0	0	0	0	0	0	0	0	0	0	0	0	0	0	0	0	0	0	0	0	0	0	0	0	0	0.728271984453203	0	0.650926029707488	0	0.82123842271754	0	0.795553533474844	0.928426777683239	0.598935798913562	0.892436959740687	0.86632985700977	0.619842531244297	0	0.62993636036797	0	0.593444560112283	0.842196951833757
0	0	0	0	0	0	0	0	0	0	0	0	0	0	0	0	0	0	0	0	0	0	0	0	0	0	0	0	0	0	0	0	0	0	0	0	0	0	0	0	0	0	0	0	0	0	0	0	0	0	0	0	0	0	0	0	0	0	0	0	0	0	0	0	0	0	0	0	0	0	0	0	0.8032446299227	0	0.890081463151772	0.904827685984622	0	0	0.741898668301074	0.505681990664259	0.586148312301994	0.619183089071246	0.677413588502326	0.915891589853607	0	0.966518017138076	0	0.896838409825022	0	0.634232710971962
0	0	0	0	0	0	0	0	0	0	0	0	0	0	0	0	0	0	0	0	0	0	0	0	0	0	0	0	0	0	0	0	0	0	0	0	0	0	0	0	0	0	0	0	0	0	0	0	0	0	0	0	0	0	0	0	0	0	0	0	0	0	0	0	0	0	0	0	0	0	0	0	0	0	0.884769665976231	0	0.630616143095707	0	0	0.757374630036634	0.559433599381763	0.969123580109966	0.696930416884197	0.977494406614331	0.752819153003976	0.90237126747668	0.753070912346755	0.921516377370402	0.670312845643634	0
