0	0	0	0.877850210613858	0.683583939933919	0	0.817865593093364	0.525737783885441	0.56653784299703	0.637047099848511	0.778184268864505	0.812234606466046	0.590850962541947	0.802523896167961	0.576888373986568	0.781055087591735	0	0.85833019134884	0	0	0	0	0	0	0	0	0	0	0	0	0	0	0	0	0	0	0	0	0	0	0	0	0	0	0	0	0	0	0	0	0	0	0	0	0	0	0	0	0	0	0	0	0	0	0	0	0	0	0	0	0	0	0	0	0	0	0	0	0	0	0	0	0	0	0	0	0	0	0	0
0	0	0.530405775129908	0.62446066649397	0.622392313601441	0.728938944767174	0.988919418255326	0	0.513595759464374	0.856216319978251	0.803840809526595	0.54686587171411	0.892481276092906	0	0.538961373561177	0.576691267598746	0.504318238140239	0.621460644735404	0	0	0	0	0	0	0	0	0	0	0	0	0	0	0	0	0	0	0	0	0	0	0	0	0	0	0	0	0	0	0	0	0	0	0	0	0	0	0	0	0	0	0	0	0	0	0	0	0	0	0	0	0	0	0	0	0	0	0	0	0	0	0	0	0	0	0	0	0	0	0	0
0	0.530837904469594	0	0.713715791684813	0	0.552307380003054	0.738934374369008	0.645101066914749	0.656887092254351	0.884998519584277	0	0.517325395967801	0.866980790956966	0	0.573583663329548	0	0.738842617382753	0	0	0	0	0	0	0	0	0	0	0	0	0	0	0	0	0	0	0	0	0	0	0	0	0	0	0	0	0	0	0	0	0	0	0	0	0	0	0	0	0	0	0	0	0	0	0	0	0	0	0	0	0	0	0	0	0	0	0	0	0	0	0	0	0	0	0	0	0	0	0	0	0
0.875170299192312	0.828244735549324	0.901302017936544	0	0.528967623753336	0.762559393827543	0	0.727763161151385	0.517918437572535	0.561984197264203	0.782673333593906	0.928913664311589	0	0.592998469904052	0	0.728567646603484	0.653732557557834	0	0	0	0	0	0	0	0	0	0	0	0	0	0	0	0	0	0	0	0	0	0	0	0	0	0	0	0	0	0	0	0	0	0	0	0	0	0	0	0	0	0	0	0	0	0	0	0	0	0	0	0	0	0	0	0	0	0	0	0	0	0	0	0	0	0	0	0	0	0	0	0	0
0.864542631819166	0.970191449798676	0	0.633799854759684	0	0.574947676887503	0	0.949353225582048	0.77112966629085	0.598070433050649	0.512893552747388	0.949810199522515	0.755541606194644	0.517462293897764	0	0.632016162580762	0	0.862164071163081	0	0	0	0	0	0	0	0	0	0	0	0	0	0	0	0	0	0	0	0	0	0	0	0	0	0	0	0	0	0	0	0	0	0	0	0	0	0	0	0	0	0	0	0	0	0	0	0	0	0	0	0	0	0	0	0	0	0	0	0	0	0	0	0	0	0	0	0	0	0	0	0
0	0.668840104317456	0.574711539627418	0.832113341263351	0.848846665755223	0	0.836663065974858	0.85433387136928	0	0.932133240517085	0.675201618335306	0.932276573597693	0.62051719072589	0.92143158857881	0.574717949949447	0.724291953270173	0	0.843639446396496	0	0	0	0	0	0	0	0	0	0	0	0	0	0	0	0	0	0	0	0	0	0	0	0	0	0	0	0	0	0	0	0	0	0	0	0	0	0	0	0	0	0	0	0	0	0	0	0	0	0	0	0	0	0	0	0	0	0	0	0	0	0	0	0	0	0	0	0	0	0	0	0
0.587042845531015	0.748586209024827	0.950981165896844	0	0	0.788773974148674	0	0.907119314479051	0.672098219994175	0.806754043369556	0	0.565979903312218	0	0.864038952658437	0.825985529420337	0.603388723076838	0.511956611808754	0.995489460643523	0	0	0	0	0	0	0	0	0	0	0	0	0	0	0	0	0	0	0	0	0	0	0	0	0	0	0	0	0	0	0	0	0	0	0	0	0	0	0	0	0	0	0	0	0	0	0	0	0	0	0	0	0	0	0	0	0	0	0	0	0	0	0	0	0	0	0	0	0	0	0	0
0.907016336370439	0	0.753683915548022	0.548578528513624	0.766600764414	0.94586998333463	0.94852895722985	0	0.585524524714951	0.726418930471477	0.739445667948011	0.518887475879005	0.688689175012003	0.614638856978533	0	0.944505846540908	0.934796347503447	0.973443240798301	0	0	0	0	0	0	0	0	0	0	0	0	0	0	0	0	0	0	0	0	0	0	0	0	0	0	0	0	0	0	0	0	0	0	0	0	0	0	0	0	0	0	0	0	0	0	0	0	0	0	0	0	0	0	0	0	0	0	0	0	0	0	0	0	0	0	0	0	0	0	0	0
0.942882409093136	0.67795027121045	0.624219814158122	0.936897735825511	0.52559520975695	0	0.584618983211965	0.794114353652226	0	0.675857185580207	0.964464153033854	0.884805870030448	0.807385781107105	0.887394128655043	0.89191104938614	0.930433897588204	0.802103339505416	0.816387165899517	0	0	0	0	0	0	0	0	0	0	0	0	0	0	0	0	0	0	0	0	0	0	0	0	0	0	0	0	0	0	0	0	0	0	0	0	0	0	0	0	0	0	0	0	0	0	0	0	0	0	0	0	0	0	0	0	0	0	0	0	0	0	0	0	0	0	0	0	0	0	0	0
0.807703709955762	0.86874613176237	0.569187029571301	0.59421597346164	0.72219987047685	0.594369813235494	0.696984417545585	0.582310511306851	0.810275570771237	0	0.972745941722203	0.551406120531857	0	0.872161500515871	0	0.974748704210965	0.532139245505532	0.863113775849074	0	0	0	0	0	0	0	0	0	0	0	0	0	0	0	0	0	0	0	0	0	0	0	0	0	0	0	0	0	0	0	0	0	0	0	0	0	0	0	0	0	0	0	0	0	0	0	0	0	0	0	0	0	0	0	0	0	0	0	0	0	0	0	0	0	0	0	0	0	0	0	0
0.577797158942233	0.951812797021463	0	0.608124883847887	0.95849287941555	0.591952416890649	0	0.970696015126294	0.902111975118812	0.676236049210848	0	0	0.697511674424491	0.733882539673123	0.534437944219146	0.850933648481071	0.71647505426532	0.584220109845046	0	0	0	0	0	0	0	0	0	0	0	0	0	0	0	0	0	0	0	0	0	0	0	0	0	0	0	0	0	0	0	0	0	0	0	0	0	0	0	0	0	0	0	0	0	0	0	0	0	0	0	0	0	0	0	0	0	0	0	0	0	0	0	0	0	0	0	0	0	0	0	0
0.716864063556596	0.524580863289688	0.822210472464163	0.758288311987919	0.514174072986404	0.554495947055569	0.667429003899244	0.670288205567713	0.636558240304855	0.537930901710494	0	0	0.799383828310456	0.680991127566045	0.806112181999879	0.527437242989332	0.845730823212597	0	0	0	0	0	0	0	0	0	0	0	0	0	0	0	0	0	0	0	0	0	0	0	0	0	0	0	0	0	0	0	0	0	0	0	0	0	0	0	0	0	0	0	0	0	0	0	0	0	0	0	0	0	0	0	0	0	0	0	0	0	0	0	0	0	0	0	0	0	0	0	0	0
0.846464869812759	0.547151872466455	0.690417233167889	0	0.768305326153378	0.644333032832413	0	0.687305185175995	0.585379103788209	0	0.61077832692254	0.76444293230869	0	0.61291247385595	0.808471753216743	0.922010495904937	0.72449987830962	0.910544298949354	0	0	0	0	0	0	0	0	0	0	0	0	0	0	0	0	0	0	0	0	0	0	0	0	0	0	0	0	0	0	0	0	0	0	0	0	0	0	0	0	0	0	0	0	0	0	0	0	0	0	0	0	0	0	0	0	0	0	0	0	0	0	0	0	0	0	0	0	0	0	0	0
0.853278036393948	0	0	0.833534773020974	0.595107132856185	0.902058247428413	0.923513741791703	0.602567430425304	0.534080177851006	0.906094434475993	0.991234202703305	0.804742073782099	0.601370079187292	0	0.932736607730136	0.585905592430628	0.98802303245895	0.702176379277161	0	0	0	0	0	0	0	0	0	0	0	0	0	0	0	0	0	0	0	0	0	0	0	0	0	0	0	0	0	0	0	0	0	0	0	0	0	0	0	0	0	0	0	0	0	0	0	0	0	0	0	0	0	0	0	0	0	0	0	0	0	0	0	0	0	0	0	0	0	0	0	0
0.744252465577537	0.938554715464909	0.997565508139459	0	0	0.55214456184076	0.740830511212255	0	0.515242769617725	0	0.517677158905556	0.511989261979203	0.733971300183888	0.922438657427748	0	0.81475278743758	0.725402026951793	0.537859068697893	0	0	0	0	0	0	0	0	0	0	0	0	0	0	0	0	0	0	0	0	0	0	0	0	0	0	0	0	0	0	0	0	0	0	0	0	0	0	0	0	0	0	0	0	0	0	0	0	0	0	0	0	0	0	0	0	0	0	0	0	0	0	0	0	0	0	0	0	0	0	0	0
0.736216644922516	0.501999548564071	0	0.781553631635302	0.595313311918043	0.889289679957728	0.6492008566753	0.798372006669392	0.839441304213162	0.984247714375107	0.880201583120508	0.599646057603169	0.786946180793279	0.548487125762419	0.981391603198725	0	0.530636526478483	0.549021287306125	0	0	0	0	0	0	0	0	0	0	0	0	0	0	0	0	0	0	0	0	0	0	0	0	0	0	0	0	0	0	0	0	0	0	0	0	0	0	0	0	0	0	0	0	0	0	0	0	0	0	0	0	0	0	0	0	0	0	0	0	0	0	0	0	0	0	0	0	0	0	0	0
0	0.623204078423975	0.89728742379018	0.696086674131547	0	0	0.609620881517566	0.721803723058908	0.531497596313651	0.984932593008794	0.591239073615731	0.690289381731484	0.752855976305373	0.800420741255464	0.804047305036028	0.691666066302287	0	0.626686719138725	0	0	0	0	0	0	0	0	0	0	0	0	0	0	0	0	0	0	0	0	0	0	0	0	0	0	0	0	0	0	0	0	0	0	0	0	0	0	0	0	0	0	0	0	0	0	0	0	0	0	0	0	0	0	0	0	0	0	0	0	0	0	0	0	0	0	0	0	0	0	0	0
0.513466185521597	0.864363128590137	0	0	0.670703068759045	0.680129344969864	0.815868939002316	0.697809340540482	0.865869591509763	0.797445584235721	0.591549275579097	0	0.753782378432705	0.702144527761491	0.86191239381108	0.737580571395182	0.736666001677573	0	0	0	0	0	0	0	0	0	0	0	0	0	0	0	0	0	0	0	0	0	0	0	0	0	0	0	0	0	0	0	0	0	0	0	0	0	0	0	0	0	0	0	0	0	0	0	0	0	0	0	0	0	0	0	0	0	0	0	0	0	0	0	0	0	0	0	0	0	0	0	0	0
0	0	0	0	0	0	0	0	0	0	0	0	0	0	0	0	0	0	0	0.748196955043872	0.753984923625189	0.97356391247642	0	0	0	0	0	0	0	0	0	0	0	0.678493576110224	0.743115228213484	0.568856169976695	0	0	0	0	0	0	0	0	0	0	0	0	0	0	0	0	0	0	0	0	0	0	0	0	0	0	0	0	0	0	0	0	0	0	0	0	0	0	0	0	0	0	0	0	0	0	0	0	0	0	0	0	0	0
0	0	0	0	0	0	0	0	0	0	0	0	0	0	0	0	0	0	0.512857344178387	0	0.813793138713116	0.761624685785653	0.842337388210005	0	0	0	0	0	0	0	0	0	0	0	0.609555562984323	0.529504944912443	0	0	0	0	0	0	0	0	0	0	0	0	0	0	0	0	0	0	0	0	0	0	0	0	0	0	0	0	0	0	0	0	0	0	0	0	0	0	0	0	0	0	0	0	0	0	0	0	0	0	0	0	0	0
0	0	0	0	0	0	0	0	0	0	0	0	0	0	0	0	0	0	0.526674152037279	0.783107642330557	0	0.740628810449285	0.91359442420586	0.727564167231976	0	0	0	0	0	0	0	0	0	0	0	0.89330454398382	0	0	0	0	0	0	0	0	0	0	0	0	0	0	0	0	0	0	0	0	0	0	0	0	0	0	0	0	0	0	0	0	0	0	0	0	0	0	0	0	0	0	0	0	0	0	0	0	0	0	0	0	0	0
0	0	0	0	0	0	0	0	0	0	0	0	0	0	0	0	0	0	0.508507379852427	0.75585946250594	0.758854705832002	0	0.747657196657531	0.686227760447961	0.798986632408779	0	0	0	0	0	0	0	0	0	0	0	0	0	0	0	0	0	0	0	0	0	0	0	0	0	0	0	0	0	0	0	0	0	0	0	0	0	0	0	0	0	0	0	0	0	0	0	0	0	0	0	0	0	0	0	0	0	0	0	0	0	0	0	0	0
0	0	0	0	0	0	0	0	0	0	0	0	0	0	0	0	0	0	0	0.623596742427547	0.735999167949738	0.853172240813753	0	0.894070591192312	0.87636286544412	0.817346897179734	0	0	0	0	0	0	0	0	0	0	0	0	0	0	0	0	0	0	0	0	0	0	0	0	0	0	0	0	0	0	0	0	0	0	0	0	0	0	0	0	0	0	0	0	0	0	0	0	0	0	0	0	0	0	0	0	0	0	0	0	0	0	0	0
0	0	0	0	0	0	0	0	0	0	0	0	0	0	0	0	0	0	0	0	0.928308611919993	0.905872027709236	0.818484039118098	0	0.769062864359796	0.697207473016181	0.65355315796874	0	0	0	0	0	0	0	0	0	0	0	0	0	0	0	0	0	0	0	0	0	0	0	0	0	0	0	0	0	0	0	0	0	0	0	0	0	0	0	0	0	0	0	0	0	0	0	0	0	0	0	0	0	0	0	0	0	0	0	0	0	0	0
0	0	0	0	0	0	0	0	0	0	0	0	0	0	0	0	0	0	0	0	0	0.859020791936109	0.913769605233268	0.992626950796321	0	0.831146519281521	0.673225248749725	0.691676770108407	0	0	0	0	0	0	0	0	0	0	0	0	0	0	0	0	0	0	0	0	0	0	0	0	0	0	0	0	0	0	0	0	0	0	0	0	0	0	0	0	0	0	0	0	0	0	0	0	0	0	0	0	0	0	0	0	0	0	0	0	0	0
0	0	0	0	0	0	0	0	0	0	0	0	0	0	0	0	0	0	0	0	0	0	0.817941477069876	0.868105062774534	0.754910221240855	0	0.578641973232285	0.587597922274429	0.82893808331439	0	0	0	0	0	0	0	0	0	0	0	0	0	0	0	0	0	0	0	0	0	0	0	0	0	0	0	0	0	0	0	0	0	0	0	0	0	0	0	0	0	0	0	0	0	0	0	0	0	0	0	0	0	0	0	0	0	0	0	0	0
0	0	0	0	0	0	0	0	0	0	0	0	0	0	0	0	0	0	0	0	0	0	0	0.915177463493593	0.957631790575387	0.942684521785134	0	0.882660079405913	0.952584683745516	0.526823150710237	0	0	0	0	0	0	0	0	0	0	0	0	0	0	0	0	0	0	0	0	0	0	0	0	0	0	0	0	0	0	0	0	0	0	0	0	0	0	0	0	0	0	0	0	0	0	0	0	0	0	0	0	0	0	0	0	0	0	0	0
0	0	0	0	0	0	0	0	0	0	0	0	0	0	0	0	0	0	0	0	0	0	0	0	0.824869027930663	0.761017753364993	0.928074168872807	0	0.583539855526338	0.692702007140515	0.624447011282879	0	0	0	0	0	0	0	0	0	0	0	0	0	0	0	0	0	0	0	0	0	0	0	0	0	0	0	0	0	0	0	0	0	0	0	0	0	0	0	0	0	0	0	0	0	0	0	0	0	0	0	0	0	0	0	0	0	0	0
0	0	0	0	0	0	0	0	0	0	0	0	0	0	0	0	0	0	0	0	0	0	0	0	0	0.848192840084348	0.9359413811739	0.932807853805624	0	0.856407341376092	0.755772620136424	0.771439526291529	0	0	0	0	0	0	0	0	0	0	0	0	0	0	0	0	0	0	0	0	0	0	0	0	0	0	0	0	0	0	0	0	0	0	0	0	0	0	0	0	0	0	0	0	0	0	0	0	0	0	0	0	0	0	0	0	0	0
0	0	0	0	0	0	0	0	0	0	0	0	0	0	0	0	0	0	0	0	0	0	0	0	0	0	0.887189812193538	0.645050916791839	0.671083319320218	0	0.615284373130994	0.744340487973029	0.749937616171409	0	0	0	0	0	0	0	0	0	0	0	0	0	0	0	0	0	0	0	0	0	0	0	0	0	0	0	0	0	0	0	0	0	0	0	0	0	0	0	0	0	0	0	0	0	0	0	0	0	0	0	0	0	0	0	0	0
0	0	0	0	0	0	0	0	0	0	0	0	0	0	0	0	0	0	0	0	0	0	0	0	0	0	0	0.773062256156022	0.518739263152929	0.623128436775853	0	0.963438101046141	0.839517624781791	0.518483243038246	0	0	0	0	0	0	0	0	0	0	0	0	0	0	0	0	0	0	0	0	0	0	0	0	0	0	0	0	0	0	0	0	0	0	0	0	0	0	0	0	0	0	0	0	0	0	0	0	0	0	0	0	0	0	0	0
0	0	0	0	0	0	0	0	0	0	0	0	0	0	0	0	0	0	0	0	0	0	0	0	0	0	0	0	0.668471389724959	0.80366991215769	0.595622454163599	0	0.77052719133673	0.677542392555656	0.640743340057393	0	0	0	0	0	0	0	0	0	0	0	0	0	0	0	0	0	0	0	0	0	0	0	0	0	0	0	0	0	0	0	0	0	0	0	0	0	0	0	0	0	0	0	0	0	0	0	0	0	0	0	0	0	0	0
0	0	0	0	0	0	0	0	0	0	0	0	0	0	0	0	0	0	0	0	0	0	0	0	0	0	0	0	0	0.738498875851236	0.695176956018444	0.766183942897099	0	0.894679939592051	0.984241941341468	0.583552948791457	0	0	0	0	0	0	0	0	0	0	0	0	0	0	0	0	0	0	0	0	0	0	0	0	0	0	0	0	0	0	0	0	0	0	0	0	0	0	0	0	0	0	0	0	0	0	0	0	0	0	0	0	0	0
0	0	0	0	0	0	0	0	0	0	0	0	0	0	0	0	0	0	0.80148388853212	0	0	0	0	0	0	0	0	0	0	0	0.706919410686011	0.782220334599203	0.914485844193058	0	0.879832427642474	0.57742242940674	0	0	0	0	0	0	0	0	0	0	0	0	0	0	0	0	0	0	0	0	0	0	0	0	0	0	0	0	0	0	0	0	0	0	0	0	0	0	0	0	0	0	0	0	0	0	0	0	0	0	0	0	0	0
0	0	0	0	0	0	0	0	0	0	0	0	0	0	0	0	0	0	0.890016599992915	0.788757787880939	0	0	0	0	0	0	0	0	0	0	0	0.720290166075503	0.712533756979159	0.900481546619987	0	0.677853910749107	0	0	0	0	0	0	0	0	0	0	0	0	0	0	0	0	0	0	0	0	0	0	0	0	0	0	0	0	0	0	0	0	0	0	0	0	0	0	0	0	0	0	0	0	0	0	0	0	0	0	0	0	0	0
0	0	0	0	0	0	0	0	0	0	0	0	0	0	0	0	0	0	0.663346987689142	0.982346962959076	0.969176583833281	0	0	0	0	0	0	0	0	0	0	0	0.639974649874296	0.583452528904806	0.545207425965181	0	0	0	0	0	0	0	0	0	0	0	0	0	0	0	0	0	0	0	0	0	0	0	0	0	0	0	0	0	0	0	0	0	0	0	0	0	0	0	0	0	0	0	0	0	0	0	0	0	0	0	0	0	0	0
0	0	0	0	0	0	0	0	0	0	0	0	0	0	0	0	0	0	0	0	0	0	0	0	0	0	0	0	0	0	0	0	0	0	0	0	0	0.606470143320341	0.771173388732272	0.906523476457751	0	0	0	0	0	0	0	0	0.754655573511036	0	0.880036758421524	0.864311439235205	0.682038058844006	0.540001855927142	0	0	0	0	0	0	0	0	0	0	0	0	0	0	0	0	0	0	0	0	0	0	0	0	0	0	0	0	0	0	0	0	0	0	0	0
0	0	0	0	0	0	0	0	0	0	0	0	0	0	0	0	0	0	0	0	0	0	0	0	0	0	0	0	0	0	0	0	0	0	0	0	0.580261646086427	0	0.81315086203469	0.548474918257097	0.549454856537503	0.707050658733733	0	0	0	0	0.729603650081464	0	0	0	0	0	0.562993101394353	0.967776885222186	0	0	0	0	0	0	0	0	0	0	0	0	0	0	0	0	0	0	0	0	0	0	0	0	0	0	0	0	0	0	0	0	0	0	0	0
0	0	0	0	0	0	0	0	0	0	0	0	0	0	0	0	0	0	0	0	0	0	0	0	0	0	0	0	0	0	0	0	0	0	0	0	0.94966140772814	0.827665947641535	0	0	0.852162397113159	0.628176604160438	0.969370290330124	0.651294848066803	0	0.910075364765282	0	0	0.980131588777579	0	0	0	0	0.742000059375902	0	0	0	0	0	0	0	0	0	0	0	0	0	0	0	0	0	0	0	0	0	0	0	0	0	0	0	0	0	0	0	0	0	0	0	0
0	0	0	0	0	0	0	0	0	0	0	0	0	0	0	0	0	0	0	0	0	0	0	0	0	0	0	0	0	0	0	0	0	0	0	0	0.649743493339923	0.742623323338464	0	0	0.785531954666428	0.899507263611448	0.603113959143357	0	0	0	0	0	0	0.941406847591038	0	0.80684626033758	0	0.877372257616224	0	0	0	0	0	0	0	0	0	0	0	0	0	0	0	0	0	0	0	0	0	0	0	0	0	0	0	0	0	0	0	0	0	0	0	0
0	0	0	0	0	0	0	0	0	0	0	0	0	0	0	0	0	0	0	0	0	0	0	0	0	0	0	0	0	0	0	0	0	0	0	0	0	0.65535995401121	0.578457971489233	0.714244727059128	0	0.688836814018214	0.555646542173193	0	0.855387270746945	0.793785406801388	0	0	0	0	0	0	0	0.798311825262428	0	0	0	0	0	0	0	0	0	0	0	0	0	0	0	0	0	0	0	0	0	0	0	0	0	0	0	0	0	0	0	0	0	0	0	0
0	0	0	0	0	0	0	0	0	0	0	0	0	0	0	0	0	0	0	0	0	0	0	0	0	0	0	0	0	0	0	0	0	0	0	0	0	0.696714206983437	0.967933272934461	0.722065576721526	0.619925563436018	0	0	0	0.612926698990517	0.608567861401828	0	0	0.994918046635639	0.537967094107568	0	0.909762029447072	0	0	0	0	0	0	0	0	0	0	0	0	0	0	0	0	0	0	0	0	0	0	0	0	0	0	0	0	0	0	0	0	0	0	0	0	0	0
0	0	0	0	0	0	0	0	0	0	0	0	0	0	0	0	0	0	0	0	0	0	0	0	0	0	0	0	0	0	0	0	0	0	0	0	0	0	0.591126829587496	0.880806628622209	0.96770542185565	0	0	0	0.660842118195511	0.567030639710961	0.633752496763143	0	0	0.592461263228123	0.527337221784125	0.525978667895418	0	0	0	0	0	0	0	0	0	0	0	0	0	0	0	0	0	0	0	0	0	0	0	0	0	0	0	0	0	0	0	0	0	0	0	0	0	0
0	0	0	0	0	0	0	0	0	0	0	0	0	0	0	0	0	0	0	0	0	0	0	0	0	0	0	0	0	0	0	0	0	0	0	0	0	0	0.543798603398252	0	0	0	0	0	0	0.802590283361529	0.861469458099541	0.686007247751368	0.641879197627006	0	0	0	0.723152142408603	0	0	0	0	0	0	0	0	0	0	0	0	0	0	0	0	0	0	0	0	0	0	0	0	0	0	0	0	0	0	0	0	0	0	0	0	0
0	0	0	0	0	0	0	0	0	0	0	0	0	0	0	0	0	0	0	0	0	0	0	0	0	0	0	0	0	0	0	0	0	0	0	0	0	0	0	0	0.507025529467964	0.694351686607069	0.997624561592612	0	0	0.75837468344275	0.532196048132298	0.847790569951929	0	0	0.544141307557415	0	0	0	0	0	0	0	0	0	0	0	0	0	0	0	0	0	0	0	0	0	0	0	0	0	0	0	0	0	0	0	0	0	0	0	0	0	0	0
0	0	0	0	0	0	0	0	0	0	0	0	0	0	0	0	0	0	0	0	0	0	0	0	0	0	0	0	0	0	0	0	0	0	0	0	0	0	0.882862300062639	0	0.578556162254886	0.732841728077663	0.944035551902159	0.906474445713441	0.780915772209391	0	0	0.715568479349609	0.969901892784164	0.902266123691346	0	0.764896149384114	0	0	0	0	0	0	0	0	0	0	0	0	0	0	0	0	0	0	0	0	0	0	0	0	0	0	0	0	0	0	0	0	0	0	0	0	0	0
0	0	0	0	0	0	0	0	0	0	0	0	0	0	0	0	0	0	0	0	0	0	0	0	0	0	0	0	0	0	0	0	0	0	0	0	0	0.712142347305786	0	0	0	0	0.70812476307113	0.540484951004171	0.649607876334381	0	0	0.703702988813267	0.502735348362436	0	0	0	0.983752973642626	0	0	0	0	0	0	0	0	0	0	0	0	0	0	0	0	0	0	0	0	0	0	0	0	0	0	0	0	0	0	0	0	0	0	0	0	0
0	0	0	0	0	0	0	0	0	0	0	0	0	0	0	0	0	0	0	0	0	0	0	0	0	0	0	0	0	0	0	0	0	0	0	0	0	0	0	0	0	0	0	0.764613058694465	0.74479036908785	0.672952505429093	0.539630094386253	0	0.691775376039994	0.831778845459795	0.824645377116055	0.533709174475098	0	0	0	0	0	0	0	0	0	0	0	0	0	0	0	0	0	0	0	0	0	0	0	0	0	0	0	0	0	0	0	0	0	0	0	0	0	0
0	0	0	0	0	0	0	0	0	0	0	0	0	0	0	0	0	0	0	0	0	0	0	0	0	0	0	0	0	0	0	0	0	0	0	0	0.712550095991713	0	0.676238720558372	0	0	0.912623623180793	0	0.704039211133402	0	0.69727911280885	0.657900207983706	0.586415711284102	0	0.862411595814246	0	0.629970752988704	0.995586452086416	0	0	0	0	0	0	0	0	0	0	0	0	0	0	0	0	0	0	0	0	0	0	0	0	0	0	0	0	0	0	0	0	0	0	0	0	0
0	0	0	0	0	0	0	0	0	0	0	0	0	0	0	0	0	0	0	0	0	0	0	0	0	0	0	0	0	0	0	0	0	0	0	0	0	0	0	0.666289014688816	0	0.76578202842485	0.984027915747275	0	0	0.769742783725864	0	0.571487658938947	0.757429807306038	0	0.766976759815108	0	0	0	0	0	0	0	0	0	0	0	0	0	0	0	0	0	0	0	0	0	0	0	0	0	0	0	0	0	0	0	0	0	0	0	0	0	0	0
0	0	0	0	0	0	0	0	0	0	0	0	0	0	0	0	0	0	0	0	0	0	0	0	0	0	0	0	0	0	0	0	0	0	0	0	0.850384640157618	0	0	0	0	0	0.723683744033579	0	0.651983099969017	0	0	0.639195995066007	0	0.586745304689494	0	0	0.708703889931059	0.846224217181014	0	0	0	0	0	0	0	0	0	0	0	0	0	0	0	0	0	0	0	0	0	0	0	0	0	0	0	0	0	0	0	0	0	0	0	0
0	0	0	0	0	0	0	0	0	0	0	0	0	0	0	0	0	0	0	0	0	0	0	0	0	0	0	0	0	0	0	0	0	0	0	0	0.734296991214566	0	0	0.709674129708752	0	0.57248599093155	0.917404091090182	0	0	0.651724181567731	0	0.881272843028792	0.525614797645685	0	0	0	0	0.86764793692121	0	0	0	0	0	0	0	0	0	0	0	0	0	0	0	0	0	0	0	0	0	0	0	0	0	0	0	0	0	0	0	0	0	0	0	0
0	0	0	0	0	0	0	0	0	0	0	0	0	0	0	0	0	0	0	0	0	0	0	0	0	0	0	0	0	0	0	0	0	0	0	0	0.864183565793164	0.839816694341727	0	0	0	0	0	0.895738671915294	0	0	0.777805633051731	0	0.508361361736076	0	0.7963120883159	0	0	0.932185533798554	0	0	0	0	0	0	0	0	0	0	0	0	0	0	0	0	0	0	0	0	0	0	0	0	0	0	0	0	0	0	0	0	0	0	0	0
0	0	0	0	0	0	0	0	0	0	0	0	0	0	0	0	0	0	0	0	0	0	0	0	0	0	0	0	0	0	0	0	0	0	0	0	0.548757304459957	0.562270219078773	0.888414292313373	0.827502002427351	0.821631207979393	0	0	0	0	0	0	0	0	0	0.842606914803759	0.95256966338245	0.846343954735071	0	0	0	0	0	0	0	0	0	0	0	0	0	0	0	0	0	0	0	0	0	0	0	0	0	0	0	0	0	0	0	0	0	0	0	0	0
0	0	0	0	0	0	0	0	0	0	0	0	0	0	0	0	0	0	0	0	0	0	0	0	0	0	0	0	0	0	0	0	0	0	0	0	0	0	0	0	0	0	0	0	0	0	0	0	0	0	0	0	0	0	0	0.724380260444623	0.745015572059556	0.920389205393753	0.811315909359618	0	0.51823255607769	0	0	0.856729107629524	0	0	0.974364069125897	0.951218776525628	0	0.945555883482226	0.872172156491419	0.662454814434439	0	0	0	0	0	0	0	0	0	0	0	0	0	0	0	0	0	0
0	0	0	0	0	0	0	0	0	0	0	0	0	0	0	0	0	0	0	0	0	0	0	0	0	0	0	0	0	0	0	0	0	0	0	0	0	0	0	0	0	0	0	0	0	0	0	0	0	0	0	0	0	0	0.907375322433801	0	0	0.808742878734748	0.840910527957656	0	0.956585684518875	0.924555304008042	0	0	0.53728983992701	0.783624928888327	0	0.724974299249894	0.762094359156853	0.720353781660543	0.708053519939659	0.83212847099275	0	0	0	0	0	0	0	0	0	0	0	0	0	0	0	0	0	0
0	0	0	0	0	0	0	0	0	0	0	0	0	0	0	0	0	0	0	0	0	0	0	0	0	0	0	0	0	0	0	0	0	0	0	0	0	0	0	0	0	0	0	0	0	0	0	0	0	0	0	0	0	0	0.928933141148042	0	0	0	0.831465553126366	0.620218428364817	0.54963817153189	0.940157544036138	0.791448070953901	0.803463561785563	0	0	0	0.715354896226709	0.663694566115448	0.739645678787177	0.980029504014323	0.50210777729737	0	0	0	0	0	0	0	0	0	0	0	0	0	0	0	0	0	0
0	0	0	0	0	0	0	0	0	0	0	0	0	0	0	0	0	0	0	0	0	0	0	0	0	0	0	0	0	0	0	0	0	0	0	0	0	0	0	0	0	0	0	0	0	0	0	0	0	0	0	0	0	0	0.982108299473465	0.557670181520402	0	0	0.797933128366871	0.755624158260004	0.797082516001525	0.669662540571934	0.879326457601752	0.830821377081957	0	0	0	0	0	0.886029508098014	0.520500879282518	0.863024357487242	0	0	0	0	0	0	0	0	0	0	0	0	0	0	0	0	0	0
0	0	0	0	0	0	0	0	0	0	0	0	0	0	0	0	0	0	0	0	0	0	0	0	0	0	0	0	0	0	0	0	0	0	0	0	0	0	0	0	0	0	0	0	0	0	0	0	0	0	0	0	0	0	0.887036069387451	0.851701641967433	0.786597761005231	0.926654008873758	0	0.695037197807819	0.79096719584945	0.510175224560026	0.667394649719878	0.794783545221745	0.818129928908238	0	0	0	0	0	0.527240450893655	0.83155632903403	0	0	0	0	0	0	0	0	0	0	0	0	0	0	0	0	0	0
0	0	0	0	0	0	0	0	0	0	0	0	0	0	0	0	0	0	0	0	0	0	0	0	0	0	0	0	0	0	0	0	0	0	0	0	0	0	0	0	0	0	0	0	0	0	0	0	0	0	0	0	0	0	0	0	0.542141818788877	0.56775823779697	0.960026907616136	0	0.898649701133756	0.644100257871129	0.855029492227402	0.920798638031668	0.815869153194715	0.892336044784897	0	0	0	0	0	0.965948250811496	0	0	0	0	0	0	0	0	0	0	0	0	0	0	0	0	0	0
0	0	0	0	0	0	0	0	0	0	0	0	0	0	0	0	0	0	0	0	0	0	0	0	0	0	0	0	0	0	0	0	0	0	0	0	0	0	0	0	0	0	0	0	0	0	0	0	0	0	0	0	0	0	0.843587188763589	0.851150143881177	0.822337855337995	0.577837274917505	0.634530652487104	0.949701184718445	0	0.538743452431626	0.988399432188954	0.706175235293165	0.526849157008773	0.961632016815848	0.61373745271591	0	0.582990421927152	0	0	0	0	0	0	0	0	0	0	0	0	0	0	0	0	0	0	0	0	0
0	0	0	0	0	0	0	0	0	0	0	0	0	0	0	0	0	0	0	0	0	0	0	0	0	0	0	0	0	0	0	0	0	0	0	0	0	0	0	0	0	0	0	0	0	0	0	0	0	0	0	0	0	0	0	0.875378152385821	0.724223271941602	0.863918228075584	0.852384167908812	0.679866632833938	0.550618507887275	0	0.83553594715694	0.829730635178388	0.663974292021598	0.89530952788945	0.987085990438344	0.574505468863452	0.659395820528232	0	0	0	0	0	0	0	0	0	0	0	0	0	0	0	0	0	0	0	0	0
0	0	0	0	0	0	0	0	0	0	0	0	0	0	0	0	0	0	0	0	0	0	0	0	0	0	0	0	0	0	0	0	0	0	0	0	0	0	0	0	0	0	0	0	0	0	0	0	0	0	0	0	0	0	0	0	0.522971271666473	0.961989386244234	0.659577870113545	0.662043370878531	0.522193300303006	0.909430346512396	0	0.664310920734263	0.668811629592624	0.810345909331252	0.601831291062024	0.967942416631927	0.862810444764184	0	0	0	0	0	0	0	0	0	0	0	0	0	0	0	0	0	0	0	0	0
0	0	0	0	0	0	0	0	0	0	0	0	0	0	0	0	0	0	0	0	0	0	0	0	0	0	0	0	0	0	0	0	0	0	0	0	0	0	0	0	0	0	0	0	0	0	0	0	0	0	0	0	0	0	0.993805160604622	0	0.845533792077445	0.698559574692785	0.531880370475705	0.531331768949678	0.860270214108895	0.719481561274001	0.961449699208702	0	0.541954192584123	0.771669940613555	0.666678577338487	0.587303892676034	0.565857384859025	0.844075241618033	0	0	0	0	0	0	0	0	0	0	0	0	0	0	0	0	0	0	0	0
0	0	0	0	0	0	0	0	0	0	0	0	0	0	0	0	0	0	0	0	0	0	0	0	0	0	0	0	0	0	0	0	0	0	0	0	0	0	0	0	0	0	0	0	0	0	0	0	0	0	0	0	0	0	0	0.963884023874046	0	0	0.90145412857174	0.835139278351622	0.571507894827613	0.762103895931404	0.616231605062235	0.86483811146443	0	0.645626497098871	0.772606331145098	0.860535627190293	0.656207389086616	0.975730008791957	0.662936900493042	0	0	0	0	0	0	0	0	0	0	0	0	0	0	0	0	0	0	0
0	0	0	0	0	0	0	0	0	0	0	0	0	0	0	0	0	0	0	0	0	0	0	0	0	0	0	0	0	0	0	0	0	0	0	0	0	0	0	0	0	0	0	0	0	0	0	0	0	0	0	0	0	0	0	0.767551630076129	0	0	0	0.935633306064272	0.559050027569485	0.734984219210734	0.639297933486676	0.929415479152194	0.575549167153848	0	0.887627111004902	0.770942248088593	0.736547433221786	0.848073279098086	0.617252605114233	0.944528607103341	0	0	0	0	0	0	0	0	0	0	0	0	0	0	0	0	0	0
0	0	0	0	0	0	0	0	0	0	0	0	0	0	0	0	0	0	0	0	0	0	0	0	0	0	0	0	0	0	0	0	0	0	0	0	0	0	0	0	0	0	0	0	0	0	0	0	0	0	0	0	0	0	0.964680986863133	0	0	0	0	0	0.666741620859246	0.781442885207115	0.757002915455422	0.511606778921134	0.641949900142017	0.913735590745836	0	0.983068560366183	0.503625525428711	0.876926319527531	0.610732401342346	0.501687666679361	0	0	0	0	0	0	0	0	0	0	0	0	0	0	0	0	0	0
0	0	0	0	0	0	0	0	0	0	0	0	0	0	0	0	0	0	0	0	0	0	0	0	0	0	0	0	0	0	0	0	0	0	0	0	0	0	0	0	0	0	0	0	0	0	0	0	0	0	0	0	0	0	0.709069807220418	0.592279399567066	0.95697506589615	0	0	0	0	0.998369893709536	0.780300454142537	0.946242003814945	0.747785922918944	0.991600465150736	0.572000295764875	0	0	0.811019500201196	0.635256564667129	0.903059802938123	0	0	0	0	0	0	0	0	0	0	0	0	0	0	0	0	0	0
0	0	0	0	0	0	0	0	0	0	0	0	0	0	0	0	0	0	0	0	0	0	0	0	0	0	0	0	0	0	0	0	0	0	0	0	0	0	0	0	0	0	0	0	0	0	0	0	0	0	0	0	0	0	0	0.815274678259389	0.796139067837746	0	0	0	0.729998600474595	0.977366649745935	0.771013525220461	0.748661877596847	0.965890164276227	0.567092056954001	0.732800838379551	0	0	0.58133834718723	0	0.625880299721786	0	0	0	0	0	0	0	0	0	0	0	0	0	0	0	0	0	0
0	0	0	0	0	0	0	0	0	0	0	0	0	0	0	0	0	0	0	0	0	0	0	0	0	0	0	0	0	0	0	0	0	0	0	0	0	0	0	0	0	0	0	0	0	0	0	0	0	0	0	0	0	0	0.571745238572132	0.797968013792826	0.678767520365672	0.769323426213421	0	0	0	0	0	0.983791210150181	0.765032648947167	0.946536054850674	0.635353476578052	0.727099337902877	0.800848950677074	0	0.672212466632972	0.958519685826538	0	0	0	0	0	0	0	0	0	0	0	0	0	0	0	0	0	0
0	0	0	0	0	0	0	0	0	0	0	0	0	0	0	0	0	0	0	0	0	0	0	0	0	0	0	0	0	0	0	0	0	0	0	0	0	0	0	0	0	0	0	0	0	0	0	0	0	0	0	0	0	0	0.56294863013808	0.540168144424024	0.587833844272748	0.516837983624642	0.768371355695291	0	0	0	0	0	0.794841632089549	0.568591334972452	0.788467089184011	0.817947362401795	0	0.767318179666182	0	0.630525916913911	0	0	0	0	0	0	0	0	0	0	0	0	0	0	0	0	0	0
0	0	0	0	0	0	0	0	0	0	0	0	0	0	0	0	0	0	0	0	0	0	0	0	0	0	0	0	0	0	0	0	0	0	0	0	0	0	0	0	0	0	0	0	0	0	0	0	0	0	0	0	0	0	0.613882331824831	0.900749286075676	0.520269049848037	0.5774979517836	0.781297475740246	0.570953711357383	0	0	0	0	0	0.51525894564238	0.827703004302258	0.744050568275274	0.538104935844325	0.889910521493105	0.587483863840273	0	0	0	0	0	0	0	0	0	0	0	0	0	0	0	0	0	0	0
0	0	0	0	0	0	0	0	0	0	0	0	0	0	0	0	0	0	0	0	0	0	0	0	0	0	0	0	0	0	0	0	0	0	0	0	0	0	0	0	0	0	0	0	0	0	0	0	0	0	0	0	0	0	0	0	0	0	0	0	0	0	0	0	0	0	0	0	0	0	0	0	0	0.668092659600864	0	0.656956057216905	0.956196383519573	0.717749683516616	0.604197811343521	0	0	0	0	0	0	0.581670380947718	0	0.514923559742542	0.957262441494789	0.863298867761567
0	0	0	0	0	0	0	0	0	0	0	0	0	0	0	0	0	0	0	0	0	0	0	0	0	0	0	0	0	0	0	0	0	0	0	0	0	0	0	0	0	0	0	0	0	0	0	0	0	0	0	0	0	0	0	0	0	0	0	0	0	0	0	0	0	0	0	0	0	0	0	0	0.825775830328032	0	0.62395955994583	0.58196301923931	0.607931102893018	0.626020408439375	0.591514093393716	0	0	0	0	0	0	0	0	0.75284937346999	0.544988243493904	0.969227874143955
0	0	0	0	0	0	0	0	0	0	0	0	0	0	0	0	0	0	0	0	0	0	0	0	0	0	0	0	0	0	0	0	0	0	0	0	0	0	0	0	0	0	0	0	0	0	0	0	0	0	0	0	0	0	0	0	0	0	0	0	0	0	0	0	0	0	0	0	0	0	0	0	0	0.570133532383409	0	0.533126938344752	0	0.696374273719463	0	0.592150010069603	0	0.934707964792412	0	0	0	0	0.87052208030584	0	0	0.735116169148184
0	0	0	0	0	0	0	0	0	0	0	0	0	0	0	0	0	0	0	0	0	0	0	0	0	0	0	0	0	0	0	0	0	0	0	0	0	0	0	0	0	0	0	0	0	0	0	0	0	0	0	0	0	0	0	0	0	0	0	0	0	0	0	0	0	0	0	0	0	0	0	0	0.61977033946703	0.751493590049673	0.748653097072307	0	0.704851867496274	0	0.592399715238634	0.913642832455573	0	0.798498286582536	0.58223741356419	0	0	0.724358505124116	0.65215241385012	0	0.74464176188443	0.668664402760562
0	0	0	0	0	0	0	0	0	0	0	0	0	0	0	0	0	0	0	0	0	0	0	0	0	0	0	0	0	0	0	0	0	0	0	0	0	0	0	0	0	0	0	0	0	0	0	0	0	0	0	0	0	0	0	0	0	0	0	0	0	0	0	0	0	0	0	0	0	0	0	0	0.670606652694667	0.649494925180144	0	0.659366084296729	0	0	0	0.74620868524973	0.987912670655613	0.818617454582479	0.632773149622092	0.67895248499619	0	0	0	0.826419124179916	0	0
0	0	0	0	0	0	0	0	0	0	0	0	0	0	0	0	0	0	0	0	0	0	0	0	0	0	0	0	0	0	0	0	0	0	0	0	0	0	0	0	0	0	0	0	0	0	0	0	0	0	0	0	0	0	0	0	0	0	0	0	0	0	0	0	0	0	0	0	0	0	0	0	0.621885668138353	0.593063402524406	0.949470475125423	0	0	0	0	0.911253990643548	0.908737449753337	0.632192324201533	0.900115725678967	0.766849992647394	0.597574025100567	0	0	0.593211130967176	0.644967638912067	0
0	0	0	0	0	0	0	0	0	0	0	0	0	0	0	0	0	0	0	0	0	0	0	0	0	0	0	0	0	0	0	0	0	0	0	0	0	0	0	0	0	0	0	0	0	0	0	0	0	0	0	0	0	0	0	0	0	0	0	0	0	0	0	0	0	0	0	0	0	0	0	0	0.662141270373173	0.557119587975628	0	0.563626820951267	0	0	0	0	0.522432803043724	0.871441736506513	0.601066254531542	0.94921253724744	0	0	0.504614473410709	0	0.947574343621461	0.997003403036877
0	0	0	0	0	0	0	0	0	0	0	0	0	0	0	0	0	0	0	0	0	0	0	0	0	0	0	0	0	0	0	0	0	0	0	0	0	0	0	0	0	0	0	0	0	0	0	0	0	0	0	0	0	0	0	0	0	0	0	0	0	0	0	0	0	0	0	0	0	0	0	0	0	0	0.757382164895662	0.598839260043747	0.954474655572314	0.793987843654249	0	0	0.751267258621593	0.984749199338792	0.806191681661458	0	0.783222776581859	0	0.501199381846355	0.680089739674768	0	0.937736665618696
0	0	0	0	0	0	0	0	0	0	0	0	0	0	0	0	0	0	0	0	0	0	0	0	0	0	0	0	0	0	0	0	0	0	0	0	0	0	0	0	0	0	0	0	0	0	0	0	0	0	0	0	0	0	0	0	0	0	0	0	0	0	0	0	0	0	0	0	0	0	0	0	0	0	0	0	0.776931389528488	0.918279848853363	0.544228729321784	0.739990332212893	0	0.742026670881855	0.731645651779943	0.750090561726608	0.574318004369069	0.79305714813793	0	0	0	0
0	0	0	0	0	0	0	0	0	0	0	0	0	0	0	0	0	0	0	0	0	0	0	0	0	0	0	0	0	0	0	0	0	0	0	0	0	0	0	0	0	0	0	0	0	0	0	0	0	0	0	0	0	0	0	0	0	0	0	0	0	0	0	0	0	0	0	0	0	0	0	0	0	0	0.671268678851187	0.564685838770806	0.803536107881817	0.540700876178487	0.56450495530948	0.870234636960373	0.913297557323725	0	0.530454441720229	0.643254321964277	0.814137288797858	0	0.596712760121963	0	0.731175924926195	0.874956372075008
0	0	0	0	0	0	0	0	0	0	0	0	0	0	0	0	0	0	0	0	0	0	0	0	0	0	0	0	0	0	0	0	0	0	0	0	0	0	0	0	0	0	0	0	0	0	0	0	0	0	0	0	0	0	0	0	0	0	0	0	0	0	0	0	0	0	0	0	0	0	0	0	0	0	0	0.901643608705991	0.735817411822187	0.730018637981122	0.664145703060529	0.556018931633362	0.879667656980655	0.861632574682341	0	0.612762445184435	0	0	0.89756660085164	0.950946567982974	0	0
0	0	0	0	0	0	0	0	0	0	0	0	0	0	0	0	0	0	0	0	0	0	0	0	0	0	0	0	0	0	0	0	0	0	0	0	0	0	0	0	0	0	0	0	0	0	0	0	0	0	0	0	0	0	0	0	0	0	0	0	0	0	0	0	0	0	0	0	0	0	0	0	0	0	0	0	0.64165592459146	0.889047025766997	0.705689566632969	0	0.547797003243016	0.92003132605074	0.922129806215603	0	0.822726048251242	0.582883150946351	0	0.796396718352906	0.87654463097413	0
0	0	0	0	0	0	0	0	0	0	0	0	0	0	0	0	0	0	0	0	0	0	0	0	0	0	0	0	0	0	0	0	0	0	0	0	0	0	0	0	0	0	0	0	0	0	0	0	0	0	0	0	0	0	0	0	0	0	0	0	0	0	0	0	0	0	0	0	0	0	0	0	0	0	0	0	0	0.827473516810852	0	0.693989791141169	0.828581930579565	0.589909503492471	0	0.844718429025146	0	0	0.763049449665	0.657499537100831	0.56161706912476	0.602587608040758
0	0	0	0	0	0	0	0	0	0	0	0	0	0	0	0	0	0	0	0	0	0	0	0	0	0	0	0	0	0	0	0	0	0	0	0	0	0	0	0	0	0	0	0	0	0	0	0	0	0	0	0	0	0	0	0	0	0	0	0	0	0	0	0	0	0	0	0	0	0	0	0	0.798575692603544	0	0	0.649224414601071	0	0	0	0	0.893614370901376	0	0	0.811577108276594	0	0	0.647293214164992	0.613448042104672	0.883095394268018	0.532057430862107
0	0	0	0	0	0	0	0	0	0	0	0	0	0	0	0	0	0	0	0	0	0	0	0	0	0	0	0	0	0	0	0	0	0	0	0	0	0	0	0	0	0	0	0	0	0	0	0	0	0	0	0	0	0	0	0	0	0	0	0	0	0	0	0	0	0	0	0	0	0	0	0	0	0	0.576823346605859	0.691510832838721	0	0	0.731387223002641	0.513108082927066	0	0.565555682891034	0.845370688669978	0	0.705141085233999	0.566105118201742	0	0.545583623130852	0.820867777161071	0.880185065456586
0	0	0	0	0	0	0	0	0	0	0	0	0	0	0	0	0	0	0	0	0	0	0	0	0	0	0	0	0	0	0	0	0	0	0	0	0	0	0	0	0	0	0	0	0	0	0	0	0	0	0	0	0	0	0	0	0	0	0	0	0	0	0	0	0	0	0	0	0	0	0	0	0.856236191003693	0.805926603768591	0	0	0.825693925417335	0.992411986625311	0	0.819762410115253	0	0	0.524473394859047	0.918956406873354	0.653187760253624	0.517637265438089	0.607658519645301	0	0	0.826587769105571
0	0	0	0	0	0	0	0	0	0	0	0	0	0	0	0	0	0	0	0	0	0	0	0	0	0	0	0	0	0	0	0	0	0	0	0	0	0	0	0	0	0	0	0	0	0	0	0	0	0	0	0	0	0	0	0	0	0	0	0	0	0	0	0	0	0	0	0	0	0	0	0	0.65874468637033	0.913660290514481	0	0.871584729498727	0	0.794998186568693	0.958584828333174	0	0	0.916183296768532	0	0.862444257436111	0.56169567648937	0.55939880218437	0.747798767916695	0	0	0
0	0	0	0	0	0	0	0	0	0	0	0	0	0	0	0	0	0	0	0	0	0	0	0	0	0	0	0	0	0	0	0	0	0	0	0	0	0	0	0	0	0	0	0	0	0	0	0	0	0	0	0	0	0	0	0	0	0	0	0	0	0	0	0	0	0	0	0	0	0	0	0	0.569928022538114	0.618319515287979	0.820497911537504	0.780909006036228	0	0	0.949116348750597	0.876466614639362	0	0.563563628458197	0	0	0.636317705208056	0.775985526509988	0.980334212089455	0.504788308209696	0	0
