0	0.68591163780449	0.573917309028913	0.864099211151294	0.557696764922237	0.848118168582976	0	0.94174131178167	0.567138155896473	0.672138305357439	0	0	0	0	0	0.981620792638351	0	0.696361347361814	0	0	0	0	0	0	0	0	0	0	0	0	0	0	0	0	0	0	0	0	0	0	0	0	0	0	0	0	0	0	0	0	0	0	0	0	0	0	0	0	0	0	0	0	0	0	0	0	0	0	0	0	0	0	0	0	0	0	0	0	0	0	0	0	0	0	0	0	0	0	0	0
0.741160758344184	0	0.716278487090231	0.938843461532865	0.891574277882701	0.616134829667757	0.647373703646496	0.576306888636331	0	0	0	0	0	0	0	0.940075117328423	0.575476992114819	0	0	0	0	0	0	0	0	0	0	0	0	0	0	0	0	0	0	0	0	0	0	0	0	0	0	0	0	0	0	0	0	0	0	0	0	0	0	0	0	0	0	0	0	0	0	0	0	0	0	0	0	0	0	0	0	0	0	0	0	0	0	0	0	0	0	0	0	0	0	0	0	0
0.685261840238759	0.96654973278012	0	0.788879766820528	0.759191639017875	0	0.901902947744008	0.754378417377664	0	0	0	0.687523520463628	0	0.871836177323545	0.904680153157134	0.902231424695336	0.861339177753467	0.975173650889851	0	0	0	0	0	0	0	0	0	0	0	0	0	0	0	0	0	0	0	0	0	0	0	0	0	0	0	0	0	0	0	0	0	0	0	0	0	0	0	0	0	0	0	0	0	0	0	0	0	0	0	0	0	0	0	0	0	0	0	0	0	0	0	0	0	0	0	0	0	0	0	0
0.6902172878112	0.919228399855415	0.559499999529683	0	0.640229310376892	0.693895670903791	0.656695583102492	0.704300043017986	0	0	0	0	0	0	0.867401245622481	0	0.626321732189053	0.866166170179683	0	0	0	0	0	0	0	0	0	0	0	0	0	0	0	0	0	0	0	0	0	0	0	0	0	0	0	0	0	0	0	0	0	0	0	0	0	0	0	0	0	0	0	0	0	0	0	0	0	0	0	0	0	0	0	0	0	0	0	0	0	0	0	0	0	0	0	0	0	0	0	0
0.956150812162933	0.501258590710615	0.704754984147399	0.519988152085325	0	0.952609012503698	0.928801951646644	0.741907135088867	0	0.793055529850852	0	0	0	0	0	0	0	0.711031574635863	0	0	0	0	0	0	0	0	0	0	0	0	0	0	0	0	0	0	0	0	0	0	0	0	0	0	0	0	0	0	0	0	0	0	0	0	0	0	0	0	0	0	0	0	0	0	0	0	0	0	0	0	0	0	0	0	0	0	0	0	0	0	0	0	0	0	0	0	0	0	0	0
0.577064152829759	0.965377306746708	0	0.873197861453039	0.829939988970342	0	0.841380771283002	0.967105756841786	0.613699298864989	0.967819511188293	0	0.741170721061067	0	0.546026621974231	0	0	0	0.65552923216767	0	0	0	0	0	0	0	0	0	0	0	0	0	0	0	0	0	0	0	0	0	0	0	0	0	0	0	0	0	0	0	0	0	0	0	0	0	0	0	0	0	0	0	0	0	0	0	0	0	0	0	0	0	0	0	0	0	0	0	0	0	0	0	0	0	0	0	0	0	0	0	0
0	0.534679715360083	0.607952880377022	0.81060687941754	0.945291462110202	0.553288844569755	0	0	0.919043719769381	0.795331501639212	0	0.661148980668266	0	0.764182453518962	0	0.830311673319162	0.538838870813655	0	0	0	0	0	0	0	0	0	0	0	0	0	0	0	0	0	0	0	0	0	0	0	0	0	0	0	0	0	0	0	0	0	0	0	0	0	0	0	0	0	0	0	0	0	0	0	0	0	0	0	0	0	0	0	0	0	0	0	0	0	0	0	0	0	0	0	0	0	0	0	0	0
0.694493458916609	0.66060378506753	0.683524171716084	0.847054811765562	0.592887915158096	0.611829493489661	0	0	0.827500035522817	0	0.878197458981493	0.607429003520103	0.796924182777599	0.615810130805705	0	0	0.775211562126259	0	0	0	0	0	0	0	0	0	0	0	0	0	0	0	0	0	0	0	0	0	0	0	0	0	0	0	0	0	0	0	0	0	0	0	0	0	0	0	0	0	0	0	0	0	0	0	0	0	0	0	0	0	0	0	0	0	0	0	0	0	0	0	0	0	0	0	0	0	0	0	0	0
0.590126502995207	0	0	0	0	0.655379711390467	0.602091160842827	0.526819177757408	0	0	0.665271712071753	0.962733210586654	0.945773652657411	0.504900154889137	0.876414607788381	0	0.63955268009979	0	0	0	0	0	0	0	0	0	0	0	0	0	0	0	0	0	0	0	0	0	0	0	0	0	0	0	0	0	0	0	0	0	0	0	0	0	0	0	0	0	0	0	0	0	0	0	0	0	0	0	0	0	0	0	0	0	0	0	0	0	0	0	0	0	0	0	0	0	0	0	0	0
0.531871062106443	0	0	0	0.949748836349318	0.861188602499971	0.875471583389673	0	0	0	0.880576260465833	0.550821666967806	0.634020225162	0.782712922831711	0.777542061161064	0	0	0	0	0	0	0	0	0	0	0	0	0	0	0	0	0	0	0	0	0	0	0	0	0	0	0	0	0	0	0	0	0	0	0	0	0	0	0	0	0	0	0	0	0	0	0	0	0	0	0	0	0	0	0	0	0	0	0	0	0	0	0	0	0	0	0	0	0	0	0	0	0	0	0
0	0	0	0	0	0	0	0.639010544509339	0.827557017323698	0.71010813175906	0	0.744998459452948	0	0.576726792665165	0	0.774631422861556	0.588110675108219	0	0	0	0	0	0	0	0	0	0	0	0	0	0	0	0	0	0	0	0	0	0	0	0	0	0	0	0	0	0	0	0	0	0	0	0	0	0	0	0	0	0	0	0	0	0	0	0	0	0	0	0	0	0	0	0	0	0	0	0	0	0	0	0	0	0	0	0	0	0	0	0	0
0	0	0.809963123994349	0	0	0.988552723800099	0.744241247493029	0.626264827970035	0.596773278249387	0.90811887826744	0.618360592430358	0	0.830579832987082	0	0	0.662199951658115	0.501980361362276	0.919751769178162	0	0	0	0	0	0	0	0	0	0	0	0	0	0	0	0	0	0	0	0	0	0	0	0	0	0	0	0	0	0	0	0	0	0	0	0	0	0	0	0	0	0	0	0	0	0	0	0	0	0	0	0	0	0	0	0	0	0	0	0	0	0	0	0	0	0	0	0	0	0	0	0
0	0	0	0	0	0	0	0.940148889870472	0.640835986262889	0.765881289333251	0	0.965019133877602	0	0	0.851114435482079	0.654720865555327	0.988096021127914	0.62821144427677	0	0	0	0	0	0	0	0	0	0	0	0	0	0	0	0	0	0	0	0	0	0	0	0	0	0	0	0	0	0	0	0	0	0	0	0	0	0	0	0	0	0	0	0	0	0	0	0	0	0	0	0	0	0	0	0	0	0	0	0	0	0	0	0	0	0	0	0	0	0	0	0
0	0	0.62821376276054	0	0	0.548356389862582	0.688512642781896	0.864004563869438	0.846557225221377	0.666419526514115	0.522459771074015	0	0	0	0.568381986985036	0.709667925004549	0.628158378002853	0.849605324429517	0	0	0	0	0	0	0	0	0	0	0	0	0	0	0	0	0	0	0	0	0	0	0	0	0	0	0	0	0	0	0	0	0	0	0	0	0	0	0	0	0	0	0	0	0	0	0	0	0	0	0	0	0	0	0	0	0	0	0	0	0	0	0	0	0	0	0	0	0	0	0	0
0	0	0.871431927559866	0.613207124654794	0	0	0	0	0.896037817104677	0.759985876161444	0	0	0.658528648372994	0.810713764673322	0	0.513004737669994	0.648767393944309	0	0	0	0	0	0	0	0	0	0	0	0	0	0	0	0	0	0	0	0	0	0	0	0	0	0	0	0	0	0	0	0	0	0	0	0	0	0	0	0	0	0	0	0	0	0	0	0	0	0	0	0	0	0	0	0	0	0	0	0	0	0	0	0	0	0	0	0	0	0	0	0	0
0.501181842917578	0.757244639147781	0.602339242972374	0	0	0	0.932045053860624	0	0	0	0.87051613847601	0.990916863587065	0.8083451225966	0.991911536104835	0.800629268846304	0	0	0.631993469947781	0	0	0	0	0	0	0	0	0	0	0	0	0	0	0	0	0	0	0	0	0	0	0	0	0	0	0	0	0	0	0	0	0	0	0	0	0	0	0	0	0	0	0	0	0	0	0	0	0	0	0	0	0	0	0	0	0	0	0	0	0	0	0	0	0	0	0	0	0	0	0	0
0	0.849387163275999	0.897872107867152	0.844862306236438	0	0	0.798494363796669	0.569859934624257	0.751009796119629	0	0.569475158912815	0.712598577021003	0.8045313635757	0.573061179176538	0.986133358335499	0	0	0.518389734769896	0	0	0	0	0	0	0	0	0	0	0	0	0	0	0	0	0	0	0	0	0	0	0	0	0	0	0	0	0	0	0	0	0	0	0	0	0	0	0	0	0	0	0	0	0	0	0	0	0	0	0	0	0	0	0	0	0	0	0	0	0	0	0	0	0	0	0	0	0	0	0	0
0.994833043552192	0	0.746397947118904	0.76089188571716	0.92200724715461	0.709524841192247	0	0	0	0	0	0.992804132630269	0.576751160451541	0.809290068141994	0	0.633899682717237	0.71233941655394	0	0	0	0	0	0	0	0	0	0	0	0	0	0	0	0	0	0	0	0	0	0	0	0	0	0	0	0	0	0	0	0	0	0	0	0	0	0	0	0	0	0	0	0	0	0	0	0	0	0	0	0	0	0	0	0	0	0	0	0	0	0	0	0	0	0	0	0	0	0	0	0	0
0	0	0	0	0	0	0	0	0	0	0	0	0	0	0	0	0	0	0	0.753268628001263	0	0.690902967484845	0.968259222012753	0	0	0.818450342525793	0.685347463242025	0.705089313435229	0	0	0	0	0.821117769149765	0.69831386309042	0	0	0	0	0	0	0	0	0	0	0	0	0	0	0	0	0	0	0	0	0	0	0	0	0	0	0	0	0	0	0	0	0	0	0	0	0	0	0	0	0	0	0	0	0	0	0	0	0	0	0	0	0	0	0	0
0	0	0	0	0	0	0	0	0	0	0	0	0	0	0	0	0	0	0.793059013953018	0	0.904612030395827	0.663334958118468	0.873074551499033	0.986032076835515	0.984978404470494	0	0	0	0.591610610716329	0	0	0	0	0.659352234513181	0.908861123421874	0.635922229274929	0	0	0	0	0	0	0	0	0	0	0	0	0	0	0	0	0	0	0	0	0	0	0	0	0	0	0	0	0	0	0	0	0	0	0	0	0	0	0	0	0	0	0	0	0	0	0	0	0	0	0	0	0	0
0	0	0	0	0	0	0	0	0	0	0	0	0	0	0	0	0	0	0	0.73637307920007	0	0.873273371435151	0.857734716238315	0	0	0	0	0	0.769287076749761	0	0	0.684209391767487	0	0	0	0	0	0	0	0	0	0	0	0	0	0	0	0	0	0	0	0	0	0	0	0	0	0	0	0	0	0	0	0	0	0	0	0	0	0	0	0	0	0	0	0	0	0	0	0	0	0	0	0	0	0	0	0	0	0
0	0	0	0	0	0	0	0	0	0	0	0	0	0	0	0	0	0	0.876049867439157	0.976736286017058	0.91578054304217	0	0.717442361504879	0.602850216601712	0.541857266758766	0	0.713403749085308	0	0.806568459720767	0	0	0	0.604061337790716	0	0	0.629644863779167	0	0	0	0	0	0	0	0	0	0	0	0	0	0	0	0	0	0	0	0	0	0	0	0	0	0	0	0	0	0	0	0	0	0	0	0	0	0	0	0	0	0	0	0	0	0	0	0	0	0	0	0	0	0
0	0	0	0	0	0	0	0	0	0	0	0	0	0	0	0	0	0	0.547883601492385	0.966152406647522	0.911735826784214	0.837794305053396	0	0	0.81399255959693	0.811716478645441	0.782891081347831	0.876772648034128	0.725935089334773	0	0	0	0	0	0	0	0	0	0	0	0	0	0	0	0	0	0	0	0	0	0	0	0	0	0	0	0	0	0	0	0	0	0	0	0	0	0	0	0	0	0	0	0	0	0	0	0	0	0	0	0	0	0	0	0	0	0	0	0	0
0	0	0	0	0	0	0	0	0	0	0	0	0	0	0	0	0	0	0	0.783032530567539	0	0.585966823952869	0	0	0.913977870600234	0	0	0.802862981538341	0	0	0	0	0.724834278109445	0	0.561216439924502	0.88492325272424	0	0	0	0	0	0	0	0	0	0	0	0	0	0	0	0	0	0	0	0	0	0	0	0	0	0	0	0	0	0	0	0	0	0	0	0	0	0	0	0	0	0	0	0	0	0	0	0	0	0	0	0	0	0
0	0	0	0	0	0	0	0	0	0	0	0	0	0	0	0	0	0	0	0.604020323971979	0	0.606933784759056	0.991946734727178	0.965191932628016	0	0	0.937322250583902	0	0.564690362750459	0.686452562071011	0	0.594928391437252	0	0.92405320077464	0	0	0	0	0	0	0	0	0	0	0	0	0	0	0	0	0	0	0	0	0	0	0	0	0	0	0	0	0	0	0	0	0	0	0	0	0	0	0	0	0	0	0	0	0	0	0	0	0	0	0	0	0	0	0	0
0	0	0	0	0	0	0	0	0	0	0	0	0	0	0	0	0	0	0.957652398372961	0	0	0	0.765363139247828	0	0	0	0	0	0.806698174939423	0.660484660804266	0	0	0.758663469691137	0	0.676367283265809	0.543330724865452	0	0	0	0	0	0	0	0	0	0	0	0	0	0	0	0	0	0	0	0	0	0	0	0	0	0	0	0	0	0	0	0	0	0	0	0	0	0	0	0	0	0	0	0	0	0	0	0	0	0	0	0	0	0
0	0	0	0	0	0	0	0	0	0	0	0	0	0	0	0	0	0	0.666066829419996	0	0	0.559883677859812	0.941855504690691	0	0.5288673355912	0	0	0	0.649382120868187	0.937208515526111	0	0	0	0	0.828269788051478	0	0	0	0	0	0	0	0	0	0	0	0	0	0	0	0	0	0	0	0	0	0	0	0	0	0	0	0	0	0	0	0	0	0	0	0	0	0	0	0	0	0	0	0	0	0	0	0	0	0	0	0	0	0	0
0	0	0	0	0	0	0	0	0	0	0	0	0	0	0	0	0	0	0.525363095005758	0	0	0	0.556484700643927	0.510403069387088	0	0	0	0	0	0.984610680533786	0.822725516034757	0	0	0	0	0	0	0	0	0	0	0	0	0	0	0	0	0	0	0	0	0	0	0	0	0	0	0	0	0	0	0	0	0	0	0	0	0	0	0	0	0	0	0	0	0	0	0	0	0	0	0	0	0	0	0	0	0	0	0
0	0	0	0	0	0	0	0	0	0	0	0	0	0	0	0	0	0	0	0.754212666375567	0.500473504984889	0.798509588548139	0.820961534076761	0	0.717451007900219	0.647255522794657	0.636000720586044	0	0	0.989598752907977	0.687867900101092	0	0.895168228590655	0	0	0	0	0	0	0	0	0	0	0	0	0	0	0	0	0	0	0	0	0	0	0	0	0	0	0	0	0	0	0	0	0	0	0	0	0	0	0	0	0	0	0	0	0	0	0	0	0	0	0	0	0	0	0	0	0
0	0	0	0	0	0	0	0	0	0	0	0	0	0	0	0	0	0	0	0	0	0	0	0	0.810706373448243	0.968965504721364	0.563844594401054	0.663060252612792	0.666871405902323	0	0.833920283419081	0.674409932573784	0	0.642144459281745	0.568969249832239	0	0	0	0	0	0	0	0	0	0	0	0	0	0	0	0	0	0	0	0	0	0	0	0	0	0	0	0	0	0	0	0	0	0	0	0	0	0	0	0	0	0	0	0	0	0	0	0	0	0	0	0	0	0	0
0	0	0	0	0	0	0	0	0	0	0	0	0	0	0	0	0	0	0	0	0	0	0	0	0	0	0	0.645158379667512	0.950244693768457	0.868635781557749	0	0.699413047475522	0.852745563804301	0	0.799997216633345	0	0	0	0	0	0	0	0	0	0	0	0	0	0	0	0	0	0	0	0	0	0	0	0	0	0	0	0	0	0	0	0	0	0	0	0	0	0	0	0	0	0	0	0	0	0	0	0	0	0	0	0	0	0	0
0	0	0	0	0	0	0	0	0	0	0	0	0	0	0	0	0	0	0	0	0.503901982505796	0	0	0	0.581100048260052	0	0	0	0	0.958051915525887	0.842101380295979	0	0	0.843855927573451	0.66962311331779	0.858972535228344	0	0	0	0	0	0	0	0	0	0	0	0	0	0	0	0	0	0	0	0	0	0	0	0	0	0	0	0	0	0	0	0	0	0	0	0	0	0	0	0	0	0	0	0	0	0	0	0	0	0	0	0	0	0
0	0	0	0	0	0	0	0	0	0	0	0	0	0	0	0	0	0	0.782167168383117	0	0	0.986216250969686	0	0.524090316573196	0	0.675139050987609	0	0	0.9929277648527	0	0.811159944298229	0	0	0.859817392605472	0.577679015936879	0.837206604756269	0	0	0	0	0	0	0	0	0	0	0	0	0	0	0	0	0	0	0	0	0	0	0	0	0	0	0	0	0	0	0	0	0	0	0	0	0	0	0	0	0	0	0	0	0	0	0	0	0	0	0	0	0	0
0	0	0	0	0	0	0	0	0	0	0	0	0	0	0	0	0	0	0.718525227331147	0.899390635440551	0	0	0	0	0.6842702575617	0	0	0	0	0.791627065945147	0	0.551452466458529	0.688183837831772	0	0.682925278935906	0.595794838574421	0	0	0	0	0	0	0	0	0	0	0	0	0	0	0	0	0	0	0	0	0	0	0	0	0	0	0	0	0	0	0	0	0	0	0	0	0	0	0	0	0	0	0	0	0	0	0	0	0	0	0	0	0	0
0	0	0	0	0	0	0	0	0	0	0	0	0	0	0	0	0	0	0	0.714792549698057	0	0	0	0.942219374774306	0	0.761326621232443	0.576861426317387	0	0	0.617883428555064	0.953286566783464	0.595244109399259	0.738359577411761	0.962860587049735	0	0.950037337086322	0	0	0	0	0	0	0	0	0	0	0	0	0	0	0	0	0	0	0	0	0	0	0	0	0	0	0	0	0	0	0	0	0	0	0	0	0	0	0	0	0	0	0	0	0	0	0	0	0	0	0	0	0	0
0	0	0	0	0	0	0	0	0	0	0	0	0	0	0	0	0	0	0	0.714795026973835	0	0.762052534978036	0	0.976853411606725	0	0.711480937482934	0	0	0	0	0	0.955832566116903	0.682793808100869	0.705881149978156	0.662949767165899	0	0	0	0	0	0	0	0	0	0	0	0	0	0	0	0	0	0	0	0	0	0	0	0	0	0	0	0	0	0	0	0	0	0	0	0	0	0	0	0	0	0	0	0	0	0	0	0	0	0	0	0	0	0	0
0	0	0	0	0	0	0	0	0	0	0	0	0	0	0	0	0	0	0	0	0	0	0	0	0	0	0	0	0	0	0	0	0	0	0	0	0	0.834391790903055	0.835234515224373	0.860123483829358	0.657995468309733	0.651462908487682	0.902494362467299	0.873437624187098	0	0	0	0.552117469449278	0.994986696406268	0.681462152552597	0.9076918557182	0.512586169773591	0.747187742293337	0.856948043330417	0	0	0	0	0	0	0	0	0	0	0	0	0	0	0	0	0	0	0	0	0	0	0	0	0	0	0	0	0	0	0	0	0	0	0	0
0	0	0	0	0	0	0	0	0	0	0	0	0	0	0	0	0	0	0	0	0	0	0	0	0	0	0	0	0	0	0	0	0	0	0	0	0.550903075629106	0	0.678944558383247	0.836415259854443	0	0.500814636728289	0.690356336632579	0.549672667043065	0.967050220855362	0	0	0.839412006578544	0.778770801012388	0.916124000298205	0.913724877903665	0.912177961719341	0.837299132103093	0.831764540031948	0	0	0	0	0	0	0	0	0	0	0	0	0	0	0	0	0	0	0	0	0	0	0	0	0	0	0	0	0	0	0	0	0	0	0	0
0	0	0	0	0	0	0	0	0	0	0	0	0	0	0	0	0	0	0	0	0	0	0	0	0	0	0	0	0	0	0	0	0	0	0	0	0.554224914038239	0.706586035557413	0	0.503707862571016	0.558012543048733	0.97474987445095	0.68735048318055	0.713249549488501	0.766997751476354	0.780051935534323	0	0	0	0.837667123507836	0.72376797185369	0.674744600085036	0.69054727134229	0.87913603774551	0	0	0	0	0	0	0	0	0	0	0	0	0	0	0	0	0	0	0	0	0	0	0	0	0	0	0	0	0	0	0	0	0	0	0	0
0	0	0	0	0	0	0	0	0	0	0	0	0	0	0	0	0	0	0	0	0	0	0	0	0	0	0	0	0	0	0	0	0	0	0	0	0.696784175701253	0.530009141431161	0.706602144760995	0	0.75111113687729	0.986550313971303	0.856315379888357	0.545058678558459	0.671970598290136	0.905974427351388	0.784354976289803	0	0	0	0.610749946538731	0.536745350696012	0.970747990214602	0.65124654377354	0	0	0	0	0	0	0	0	0	0	0	0	0	0	0	0	0	0	0	0	0	0	0	0	0	0	0	0	0	0	0	0	0	0	0	0
0	0	0	0	0	0	0	0	0	0	0	0	0	0	0	0	0	0	0	0	0	0	0	0	0	0	0	0	0	0	0	0	0	0	0	0	0.640927012302926	0	0.651727941047533	0.666582725619188	0	0.800497154442794	0.985402360252066	0.603856299270539	0.775418853479406	0.7296803319319	0.985985317832148	0.921867842862922	0	0	0	0.952850286752955	0.664935077513225	0.760679601818183	0	0	0	0	0	0	0	0	0	0	0	0	0	0	0	0	0	0	0	0	0	0	0	0	0	0	0	0	0	0	0	0	0	0	0	0
0	0	0	0	0	0	0	0	0	0	0	0	0	0	0	0	0	0	0	0	0	0	0	0	0	0	0	0	0	0	0	0	0	0	0	0	0.748727811498521	0.609957034493519	0.675250630679128	0.841620733590181	0.835162294252261	0	0.952618833765883	0.54037703855305	0.52216705328403	0.706758824035368	0.721978830429593	0.981520869652324	0.740264485277818	0	0	0	0	0.941398592825137	0	0	0	0	0	0	0	0	0	0	0	0	0	0	0	0	0	0	0	0	0	0	0	0	0	0	0	0	0	0	0	0	0	0	0	0
0	0	0	0	0	0	0	0	0	0	0	0	0	0	0	0	0	0	0	0	0	0	0	0	0	0	0	0	0	0	0	0	0	0	0	0	0.836623605242467	0.7601161930239	0.603479212044553	0.836625985530628	0.794831568851778	0.664854869672186	0	0.649534391094531	0.951012303441033	0.735582212511517	0.85974737655575	0.992330657617024	0.584876714996382	0.919061484846353	0	0	0	0.627827412043191	0	0	0	0	0	0	0	0	0	0	0	0	0	0	0	0	0	0	0	0	0	0	0	0	0	0	0	0	0	0	0	0	0	0	0	0
0	0	0	0	0	0	0	0	0	0	0	0	0	0	0	0	0	0	0	0	0	0	0	0	0	0	0	0	0	0	0	0	0	0	0	0	0.586576599589261	0.585191734927144	0.944753650667028	0.613761466985938	0.934260736213908	0.973824077288568	0.804757156099095	0	0.601061384517777	0.918778946276192	0.767034520488625	0.974432706531894	0.57212748453118	0.618515434944707	0.508827581850324	0	0.702685710349954	0	0	0	0	0	0	0	0	0	0	0	0	0	0	0	0	0	0	0	0	0	0	0	0	0	0	0	0	0	0	0	0	0	0	0	0	0
0	0	0	0	0	0	0	0	0	0	0	0	0	0	0	0	0	0	0	0	0	0	0	0	0	0	0	0	0	0	0	0	0	0	0	0	0	0.613356990626404	0.582698095557014	0.659092622358131	0.767127459337183	0.919309177287704	0.658986205730313	0.833052650267821	0	0.722956575438674	0.679587754502967	0.539198976686448	0.629317078347364	0.576514343531132	0.510971209630637	0.560323927829576	0	0	0	0	0	0	0	0	0	0	0	0	0	0	0	0	0	0	0	0	0	0	0	0	0	0	0	0	0	0	0	0	0	0	0	0	0	0
0	0	0	0	0	0	0	0	0	0	0	0	0	0	0	0	0	0	0	0	0	0	0	0	0	0	0	0	0	0	0	0	0	0	0	0	0	0	0.978826129497831	0.726799336120372	0.700803861107765	0.977866482296849	0.571468537905688	0.680446321667962	0.655152298374701	0	0.977060069250346	0.761831259646442	0.8834762783886	0.642980748830656	0.766851844281993	0.59900120355083	0.700086269071835	0	0	0	0	0	0	0	0	0	0	0	0	0	0	0	0	0	0	0	0	0	0	0	0	0	0	0	0	0	0	0	0	0	0	0	0	0
0	0	0	0	0	0	0	0	0	0	0	0	0	0	0	0	0	0	0	0	0	0	0	0	0	0	0	0	0	0	0	0	0	0	0	0	0	0	0	0.981745491063692	0.52505785766352	0.858734553297844	0.751203745064526	0.96679066325087	0.522946797257529	0.980517634484605	0	0.756966636096927	0.697674354631677	0.890006054239395	0.793753704405006	0.966253706062532	0.733164194340708	0.681429904186157	0	0	0	0	0	0	0	0	0	0	0	0	0	0	0	0	0	0	0	0	0	0	0	0	0	0	0	0	0	0	0	0	0	0	0	0
0	0	0	0	0	0	0	0	0	0	0	0	0	0	0	0	0	0	0	0	0	0	0	0	0	0	0	0	0	0	0	0	0	0	0	0	0.809581564055583	0.909441857202694	0	0	0.821361731542839	0.723165013683539	0.990267017486465	0.883506337390907	0.88471229965684	0.57967905580472	0.551351612399047	0	0.938717757821988	0.83215337378532	0.737733245157241	0.683803336341426	0.741180586126055	0.698506033947145	0	0	0	0	0	0	0	0	0	0	0	0	0	0	0	0	0	0	0	0	0	0	0	0	0	0	0	0	0	0	0	0	0	0	0	0
0	0	0	0	0	0	0	0	0	0	0	0	0	0	0	0	0	0	0	0	0	0	0	0	0	0	0	0	0	0	0	0	0	0	0	0	0.595323921018062	0.88221790053499	0	0	0	0.898862755835288	0.936628818325171	0.867600245760343	0.583070832656226	0.890623768767951	0.912637472916311	0.977603757642764	0	0.896504366971957	0.653710119766361	0.666245419487987	0.57968578617332	0.799444529537982	0	0	0	0	0	0	0	0	0	0	0	0	0	0	0	0	0	0	0	0	0	0	0	0	0	0	0	0	0	0	0	0	0	0	0	0
0	0	0	0	0	0	0	0	0	0	0	0	0	0	0	0	0	0	0	0	0	0	0	0	0	0	0	0	0	0	0	0	0	0	0	0	0.590994561270781	0.787444900614308	0.79979334586056	0	0	0	0.816729627418137	0.613945553945881	0.732894282248727	0.74743191676486	0.722480247226668	0.873713631467003	0.613024248014604	0	0.896359560850699	0.934809489386521	0.869283507874748	0.875285836860465	0	0	0	0	0	0	0	0	0	0	0	0	0	0	0	0	0	0	0	0	0	0	0	0	0	0	0	0	0	0	0	0	0	0	0	0
0	0	0	0	0	0	0	0	0	0	0	0	0	0	0	0	0	0	0	0	0	0	0	0	0	0	0	0	0	0	0	0	0	0	0	0	0.631934184458288	0.650035063112021	0.519040973171115	0.822003402685128	0	0	0	0.563797203577215	0.9604953094507	0.607893223429643	0.690844177130308	0.587234052386839	0.599388832264388	0.594375845114716	0	0.60432266331628	0.693927113447817	0.926499957171804	0	0	0	0	0	0	0	0	0	0	0	0	0	0	0	0	0	0	0	0	0	0	0	0	0	0	0	0	0	0	0	0	0	0	0	0
0	0	0	0	0	0	0	0	0	0	0	0	0	0	0	0	0	0	0	0	0	0	0	0	0	0	0	0	0	0	0	0	0	0	0	0	0.594684625662895	0.859563494032336	0.536476025421715	0.660248058335007	0.780382574002558	0	0	0	0.855661648748451	0.615163028496891	0.694338114589179	0.977153088426507	0.504375097583809	0.939006303593495	0.715953086773806	0	0.82312953503736	0.664725308097894	0	0	0	0	0	0	0	0	0	0	0	0	0	0	0	0	0	0	0	0	0	0	0	0	0	0	0	0	0	0	0	0	0	0	0	0
0	0	0	0	0	0	0	0	0	0	0	0	0	0	0	0	0	0	0	0	0	0	0	0	0	0	0	0	0	0	0	0	0	0	0	0	0.885533757423803	0.911227508844509	0.724721974546818	0.781557369204952	0.775522792647896	0	0	0.8079455011979	0	0.637327244738463	0.707156662483101	0.793546658966196	0.908098882865855	0.708849942294733	0.695418407038563	0.708198677523066	0	0.609536278366064	0	0	0	0	0	0	0	0	0	0	0	0	0	0	0	0	0	0	0	0	0	0	0	0	0	0	0	0	0	0	0	0	0	0	0	0
0	0	0	0	0	0	0	0	0	0	0	0	0	0	0	0	0	0	0	0	0	0	0	0	0	0	0	0	0	0	0	0	0	0	0	0	0.845118615519712	0.807361993373813	0.617114381667353	0.799837029011677	0.718504661202896	0.898549045646031	0.775207422149892	0	0	0	0.822664962853565	0.821609219621892	0.570918955317148	0.830363142926322	0.842019683850126	0.707473385024266	0.640023083178487	0	0	0	0	0	0	0	0	0	0	0	0	0	0	0	0	0	0	0	0	0	0	0	0	0	0	0	0	0	0	0	0	0	0	0	0	0
0	0	0	0	0	0	0	0	0	0	0	0	0	0	0	0	0	0	0	0	0	0	0	0	0	0	0	0	0	0	0	0	0	0	0	0	0	0	0	0	0	0	0	0	0	0	0	0	0	0	0	0	0	0	0	0.820618685220387	0.691732666068488	0.816832857703634	0.640618502482824	0	0.976246778850988	0.839119103861399	0.597614383076063	0	0	0.884941301403741	0.722920942070442	0.597417068405121	0.781292562809105	0.689246205048305	0.740065577816071	0.978354965372706	0	0	0	0	0	0	0	0	0	0	0	0	0	0	0	0	0	0
0	0	0	0	0	0	0	0	0	0	0	0	0	0	0	0	0	0	0	0	0	0	0	0	0	0	0	0	0	0	0	0	0	0	0	0	0	0	0	0	0	0	0	0	0	0	0	0	0	0	0	0	0	0	0.503082387605219	0	0.835694336474057	0.946202848542175	0.508359399412767	0.609235365648217	0.951874521911554	0.888480140835785	0	0	0	0	0	0.901419784015156	0.841421781823258	0.812345804310733	0.813396346313632	0.776605656510582	0	0	0	0	0	0	0	0	0	0	0	0	0	0	0	0	0	0
0	0	0	0	0	0	0	0	0	0	0	0	0	0	0	0	0	0	0	0	0	0	0	0	0	0	0	0	0	0	0	0	0	0	0	0	0	0	0	0	0	0	0	0	0	0	0	0	0	0	0	0	0	0	0.802713941308818	0.914998937298269	0	0.724799266245784	0.745165203329916	0	0.619701021607704	0.59889172583853	0.506850236807471	0.945275938908442	0	0	0	0	0.789617275132647	0.740081537592294	0.995955511752375	0.980092610061381	0	0	0	0	0	0	0	0	0	0	0	0	0	0	0	0	0	0
0	0	0	0	0	0	0	0	0	0	0	0	0	0	0	0	0	0	0	0	0	0	0	0	0	0	0	0	0	0	0	0	0	0	0	0	0	0	0	0	0	0	0	0	0	0	0	0	0	0	0	0	0	0	0.616876766538102	0.915837570174486	0.747769023007682	0	0.783142630078895	0.796168723923029	0.627558160637793	0.646750034815102	0.590970997353859	0.946366843941444	0	0	0	0	0	0.805360897127572	0.600470619985194	0.763480875681354	0	0	0	0	0	0	0	0	0	0	0	0	0	0	0	0	0	0
0	0	0	0	0	0	0	0	0	0	0	0	0	0	0	0	0	0	0	0	0	0	0	0	0	0	0	0	0	0	0	0	0	0	0	0	0	0	0	0	0	0	0	0	0	0	0	0	0	0	0	0	0	0	0.606083752061855	0.894526632330417	0.631408795380375	0.588875503046264	0	0.732271897005118	0.846316470941788	0.515005197627374	0.575319161781762	0.959167783228535	0.817130277723179	0	0	0	0	0	0.574215572790113	0	0	0	0	0	0	0	0	0	0	0	0	0	0	0	0	0	0	0
0	0	0	0	0	0	0	0	0	0	0	0	0	0	0	0	0	0	0	0	0	0	0	0	0	0	0	0	0	0	0	0	0	0	0	0	0	0	0	0	0	0	0	0	0	0	0	0	0	0	0	0	0	0	0	0.68840589532755	0	0.655516522288691	0.715654950899602	0	0.753755011822012	0.564464313860281	0.655191917602559	0.605688746130847	0.775580227526205	0.988077902594113	0.852916664099451	0	0.757187690295263	0	0	0.737635927085149	0	0	0	0	0	0	0	0	0	0	0	0	0	0	0	0	0	0
0	0	0	0	0	0	0	0	0	0	0	0	0	0	0	0	0	0	0	0	0	0	0	0	0	0	0	0	0	0	0	0	0	0	0	0	0	0	0	0	0	0	0	0	0	0	0	0	0	0	0	0	0	0	0.80778073473917	0.740106404403483	0.928617277329711	0.793890669407516	0.726709839738257	0.967066828945893	0	0.70219963435895	0.589545481282278	0.689971987843426	0.977408572115975	0.973243271099244	0.54970896378909	0	0	0	0	0	0	0	0	0	0	0	0	0	0	0	0	0	0	0	0	0	0	0
0	0	0	0	0	0	0	0	0	0	0	0	0	0	0	0	0	0	0	0	0	0	0	0	0	0	0	0	0	0	0	0	0	0	0	0	0	0	0	0	0	0	0	0	0	0	0	0	0	0	0	0	0	0	0.59973091836958	0.994875477268862	0.618669558513578	0.955921306867875	0.938965724536074	0.624274882581104	0.771234636841146	0	0.877131075736019	0.551906945996843	0.971462057606554	0.681429510000632	0.556251223931179	0.707343441890851	0	0	0	0	0	0	0	0	0	0	0	0	0	0	0	0	0	0	0	0	0	0
0	0	0	0	0	0	0	0	0	0	0	0	0	0	0	0	0	0	0	0	0	0	0	0	0	0	0	0	0	0	0	0	0	0	0	0	0	0	0	0	0	0	0	0	0	0	0	0	0	0	0	0	0	0	0.841318882341767	0	0.957277147348489	0.777945519477333	0.869580473740019	0.649505421640721	0.918091477844383	0.585798838969832	0	0	0.547801758215787	0.503369655322269	0.864507619691269	0.565111839066252	0.810529286860918	0.926704232544138	0	0	0	0	0	0	0	0	0	0	0	0	0	0	0	0	0	0	0	0
0	0	0	0	0	0	0	0	0	0	0	0	0	0	0	0	0	0	0	0	0	0	0	0	0	0	0	0	0	0	0	0	0	0	0	0	0	0	0	0	0	0	0	0	0	0	0	0	0	0	0	0	0	0	0	0	0.722935043190907	0.762937003663044	0.890981972892706	0.503681482038446	0.703766711532587	0.954487511504265	0	0	0.713012719717424	0.832486545169684	0.845649696235961	0.726704922968027	0.928450308709241	0.658286842689593	0	0	0	0	0	0	0	0	0	0	0	0	0	0	0	0	0	0	0	0
0	0	0	0	0	0	0	0	0	0	0	0	0	0	0	0	0	0	0	0	0	0	0	0	0	0	0	0	0	0	0	0	0	0	0	0	0	0	0	0	0	0	0	0	0	0	0	0	0	0	0	0	0	0	0	0	0	0	0.681413784615182	0.79573434879714	0.834461260636145	0.810605199939973	0.502475097830092	0.712709005634154	0	0.685146066346671	0.758079909643297	0.714395874496059	0.7448507065147	0.761628326972807	0.91512514825083	0	0	0	0	0	0	0	0	0	0	0	0	0	0	0	0	0	0	0
0	0	0	0	0	0	0	0	0	0	0	0	0	0	0	0	0	0	0	0	0	0	0	0	0	0	0	0	0	0	0	0	0	0	0	0	0	0	0	0	0	0	0	0	0	0	0	0	0	0	0	0	0	0	0.580418872534268	0	0	0	0	0.665632373978666	0.597656759126812	0.995844330109264	0.663868491499957	0.904150075384792	0.799746245403061	0	0.635581773578681	0.651553591948884	0.840574781861914	0.686493488138118	0.531244434045757	0.919180478864494	0	0	0	0	0	0	0	0	0	0	0	0	0	0	0	0	0	0
0	0	0	0	0	0	0	0	0	0	0	0	0	0	0	0	0	0	0	0	0	0	0	0	0	0	0	0	0	0	0	0	0	0	0	0	0	0	0	0	0	0	0	0	0	0	0	0	0	0	0	0	0	0	0.784220823018189	0	0	0	0	0.607529011925695	0.751778685097053	0.853251829137956	0.987479408447041	0.978153087365378	0.682458582498773	0.906844118198425	0	0	0.877948898094986	0.679887241908629	0.643166950161977	0.804621700976228	0	0	0	0	0	0	0	0	0	0	0	0	0	0	0	0	0	0
0	0	0	0	0	0	0	0	0	0	0	0	0	0	0	0	0	0	0	0	0	0	0	0	0	0	0	0	0	0	0	0	0	0	0	0	0	0	0	0	0	0	0	0	0	0	0	0	0	0	0	0	0	0	0.515033085617121	0.678414573306706	0	0	0	0	0	0.871419500436517	0.722143706606387	0.552673012916351	0.90852639151257	0.733970989263826	0	0	0.622642451238349	0.897096453856937	0.965001385242205	0.753394965259003	0	0	0	0	0	0	0	0	0	0	0	0	0	0	0	0	0	0
0	0	0	0	0	0	0	0	0	0	0	0	0	0	0	0	0	0	0	0	0	0	0	0	0	0	0	0	0	0	0	0	0	0	0	0	0	0	0	0	0	0	0	0	0	0	0	0	0	0	0	0	0	0	0.506800511888349	0.503738149748358	0.807015014103897	0	0	0.653079728424798	0	0	0.990733081357694	0.828409959574082	0.743317449569256	0.784248359138151	0.845625992235839	0.819010246476129	0	0.533142588495033	0.535337695672923	0	0	0	0	0	0	0	0	0	0	0	0	0	0	0	0	0	0	0
0	0	0	0	0	0	0	0	0	0	0	0	0	0	0	0	0	0	0	0	0	0	0	0	0	0	0	0	0	0	0	0	0	0	0	0	0	0	0	0	0	0	0	0	0	0	0	0	0	0	0	0	0	0	0.876998539010716	0.551861018285639	0.976492660296129	0.987148108154942	0	0	0	0	0.588036271200749	0.678989363693368	0.994452391832434	0.806923179869308	0.837247078151202	0.920764016832663	0.945705149035798	0	0	0.627986272566369	0	0	0	0	0	0	0	0	0	0	0	0	0	0	0	0	0	0
0	0	0	0	0	0	0	0	0	0	0	0	0	0	0	0	0	0	0	0	0	0	0	0	0	0	0	0	0	0	0	0	0	0	0	0	0	0	0	0	0	0	0	0	0	0	0	0	0	0	0	0	0	0	0.976628600502775	0.70474352115514	0.86519283728145	0.925116587241678	0.801052859963112	0	0	0	0	0	0.89735464152861	0.901921211720958	0.505301968909053	0.852973202983221	0.979699390088425	0	0	0.864308579905863	0	0	0	0	0	0	0	0	0	0	0	0	0	0	0	0	0	0
0	0	0	0	0	0	0	0	0	0	0	0	0	0	0	0	0	0	0	0	0	0	0	0	0	0	0	0	0	0	0	0	0	0	0	0	0	0	0	0	0	0	0	0	0	0	0	0	0	0	0	0	0	0	0.593011516947252	0.646681452207996	0.894782850051414	0.528807343699882	0	0.651537752815971	0	0	0	0	0	0.756445646784735	0.741278149121953	0.87719185959465	0	0.718693206392456	0.991239891704353	0	0	0	0	0	0	0	0	0	0	0	0	0	0	0	0	0	0	0
0	0	0	0	0	0	0	0	0	0	0	0	0	0	0	0	0	0	0	0	0	0	0	0	0	0	0	0	0	0	0	0	0	0	0	0	0	0	0	0	0	0	0	0	0	0	0	0	0	0	0	0	0	0	0	0	0	0	0	0	0	0	0	0	0	0	0	0	0	0	0	0	0	0	0.969969103519835	0	0.8804825488969	0	0	0.963202558319714	0	0	0.655280660943991	0	0	0.510852625685066	0.568068001501127	0	0	0
0	0	0	0	0	0	0	0	0	0	0	0	0	0	0	0	0	0	0	0	0	0	0	0	0	0	0	0	0	0	0	0	0	0	0	0	0	0	0	0	0	0	0	0	0	0	0	0	0	0	0	0	0	0	0	0	0	0	0	0	0	0	0	0	0	0	0	0	0	0	0	0	0	0	0	0.644338236891705	0.796196928158942	0	0	0	0	0.677877691145042	0.936931477546449	0	0	0	0	0	0	0
0	0	0	0	0	0	0	0	0	0	0	0	0	0	0	0	0	0	0	0	0	0	0	0	0	0	0	0	0	0	0	0	0	0	0	0	0	0	0	0	0	0	0	0	0	0	0	0	0	0	0	0	0	0	0	0	0	0	0	0	0	0	0	0	0	0	0	0	0	0	0	0	0.710606425290257	0	0	0.867738830132305	0.555044177183747	0.932695500049335	0	0	0	0	0	0.631881537574252	0	0.623674487785457	0	0	0	0
0	0	0	0	0	0	0	0	0	0	0	0	0	0	0	0	0	0	0	0	0	0	0	0	0	0	0	0	0	0	0	0	0	0	0	0	0	0	0	0	0	0	0	0	0	0	0	0	0	0	0	0	0	0	0	0	0	0	0	0	0	0	0	0	0	0	0	0	0	0	0	0	0	0.575893691321093	0.757448794538019	0	0.877243402893303	0	0	0	0	0	0	0	0	0	0	0	0.960002404101591	0
0	0	0	0	0	0	0	0	0	0	0	0	0	0	0	0	0	0	0	0	0	0	0	0	0	0	0	0	0	0	0	0	0	0	0	0	0	0	0	0	0	0	0	0	0	0	0	0	0	0	0	0	0	0	0	0	0	0	0	0	0	0	0	0	0	0	0	0	0	0	0	0	0.61375880570839	0.977071674537944	0.742710222283641	0.722983189058627	0	0.825978642352115	0	0	0	0	0	0.503117702803134	0	0	0	0.726527011861918	0.914896313596052	0
0	0	0	0	0	0	0	0	0	0	0	0	0	0	0	0	0	0	0	0	0	0	0	0	0	0	0	0	0	0	0	0	0	0	0	0	0	0	0	0	0	0	0	0	0	0	0	0	0	0	0	0	0	0	0	0	0	0	0	0	0	0	0	0	0	0	0	0	0	0	0	0	0	0	0.604466310850707	0	0.924142459339316	0	0.568682039463157	0	0	0	0	0.649939828392514	0	0	0	0	0	0
0	0	0	0	0	0	0	0	0	0	0	0	0	0	0	0	0	0	0	0	0	0	0	0	0	0	0	0	0	0	0	0	0	0	0	0	0	0	0	0	0	0	0	0	0	0	0	0	0	0	0	0	0	0	0	0	0	0	0	0	0	0	0	0	0	0	0	0	0	0	0	0	0	0	0	0	0	0.693006023348819	0	0.912424857029904	0.597617636169471	0.976235585510584	0	0	0.931083262928201	0	0	0	0.973898284229185	0.579047561591464
0	0	0	0	0	0	0	0	0	0	0	0	0	0	0	0	0	0	0	0	0	0	0	0	0	0	0	0	0	0	0	0	0	0	0	0	0	0	0	0	0	0	0	0	0	0	0	0	0	0	0	0	0	0	0	0	0	0	0	0	0	0	0	0	0	0	0	0	0	0	0	0	0.954666797697412	0	0	0	0	0	0.632438247639592	0	0.578119678863674	0.502265848226973	0	0.69806614588088	0	0.64992872643051	0	0.893425269264338	0	0.741388647433406
0	0	0	0	0	0	0	0	0	0	0	0	0	0	0	0	0	0	0	0	0	0	0	0	0	0	0	0	0	0	0	0	0	0	0	0	0	0	0	0	0	0	0	0	0	0	0	0	0	0	0	0	0	0	0	0	0	0	0	0	0	0	0	0	0	0	0	0	0	0	0	0	0	0	0	0	0	0	0.831126741116938	0.593713175161084	0	0.694819825730744	0.740703908425488	0.814331034191984	0.933678674594796	0	0	0	0.852081681899776	0
0	0	0	0	0	0	0	0	0	0	0	0	0	0	0	0	0	0	0	0	0	0	0	0	0	0	0	0	0	0	0	0	0	0	0	0	0	0	0	0	0	0	0	0	0	0	0	0	0	0	0	0	0	0	0	0	0	0	0	0	0	0	0	0	0	0	0	0	0	0	0	0	0	0.726653673287102	0	0	0	0	0.563140148333145	0.882733525430569	0.510359883112077	0	0	0	0	0	0	0	0	0.600994547563012
0	0	0	0	0	0	0	0	0	0	0	0	0	0	0	0	0	0	0	0	0	0	0	0	0	0	0	0	0	0	0	0	0	0	0	0	0	0	0	0	0	0	0	0	0	0	0	0	0	0	0	0	0	0	0	0	0	0	0	0	0	0	0	0	0	0	0	0	0	0	0	0	0.710935782974282	0.518177951310867	0	0	0	0	0	0	0.693945858256055	0	0	0	0	0.976633173782041	0.883805539752701	0	0.69782764265503	0.588047493606662
0	0	0	0	0	0	0	0	0	0	0	0	0	0	0	0	0	0	0	0	0	0	0	0	0	0	0	0	0	0	0	0	0	0	0	0	0	0	0	0	0	0	0	0	0	0	0	0	0	0	0	0	0	0	0	0	0	0	0	0	0	0	0	0	0	0	0	0	0	0	0	0	0	0	0.683320312158764	0	0.920258191842427	0.578314770686193	0	0.682504952204165	0.550246166038314	0	0	0	0.904822285558845	0	0	0	0	0
0	0	0	0	0	0	0	0	0	0	0	0	0	0	0	0	0	0	0	0	0	0	0	0	0	0	0	0	0	0	0	0	0	0	0	0	0	0	0	0	0	0	0	0	0	0	0	0	0	0	0	0	0	0	0	0	0	0	0	0	0	0	0	0	0	0	0	0	0	0	0	0	0	0	0	0	0	0	0.664823143280198	0	0.741932663647499	0	0	0.753320045356807	0	0.918315362018747	0	0	0	0.821497157606685
0	0	0	0	0	0	0	0	0	0	0	0	0	0	0	0	0	0	0	0	0	0	0	0	0	0	0	0	0	0	0	0	0	0	0	0	0	0	0	0	0	0	0	0	0	0	0	0	0	0	0	0	0	0	0	0	0	0	0	0	0	0	0	0	0	0	0	0	0	0	0	0	0.619496005061322	0	0.923080996187349	0	0	0	0	0.625589909248918	0	0	0.74428745229764	0	0.875551932671403	0	0.691318024897493	0	0.626612636791577	0.89069066323156
0	0	0	0	0	0	0	0	0	0	0	0	0	0	0	0	0	0	0	0	0	0	0	0	0	0	0	0	0	0	0	0	0	0	0	0	0	0	0	0	0	0	0	0	0	0	0	0	0	0	0	0	0	0	0	0	0	0	0	0	0	0	0	0	0	0	0	0	0	0	0	0	0.536803031638616	0	0	0	0	0	0	0	0	0	0.52696190043918	0	0	0.931677198710169	0	0	0	0.63965197948735
0	0	0	0	0	0	0	0	0	0	0	0	0	0	0	0	0	0	0	0	0	0	0	0	0	0	0	0	0	0	0	0	0	0	0	0	0	0	0	0	0	0	0	0	0	0	0	0	0	0	0	0	0	0	0	0	0	0	0	0	0	0	0	0	0	0	0	0	0	0	0	0	0	0	0	0	0.847455084881629	0	0	0.622558200657044	0	0	0	0	0	0	0	0	0.517812722982294	0.636434998953772
0	0	0	0	0	0	0	0	0	0	0	0	0	0	0	0	0	0	0	0	0	0	0	0	0	0	0	0	0	0	0	0	0	0	0	0	0	0	0	0	0	0	0	0	0	0	0	0	0	0	0	0	0	0	0	0	0	0	0	0	0	0	0	0	0	0	0	0	0	0	0	0	0	0	0	0.541067921151582	0.998172854260268	0	0.804649897394926	0	0.806231725082057	0	0.676135181825512	0	0	0.982248184406018	0	0.535329785595239	0	0
0	0	0	0	0	0	0	0	0	0	0	0	0	0	0	0	0	0	0	0	0	0	0	0	0	0	0	0	0	0	0	0	0	0	0	0	0	0	0	0	0	0	0	0	0	0	0	0	0	0	0	0	0	0	0	0	0	0	0	0	0	0	0	0	0	0	0	0	0	0	0	0	0	0	0	0	0	0	0.679428699491559	0.950848868658672	0	0.603637678806497	0.940011244170133	0	0.813531070386168	0.960221105686532	0.514251652085312	0.892220133122469	0	0
