0	0	0	0.625221526084723	0.776041459344303	0	0.575860507115034	0	0	0	0	0	0	0	0	0.784311088939436	0	0.862601041336195	0	0	0	0.898916495083782	0	0	0.691364378583756	0.590235062402473	0	0	0.509812958473196	0.584573171795047	0	0	0	0	0	0	0	0	0	0	0	0	0	0	0	0	0	0	0	0	0	0	0	0	0	0	0	0	0	0	0	0	0	0	0	0	0	0	0	0	0	0	0	0	0	0	0	0	0	0	0	0	0	0	0	0	0	0	0	0
0	0	0	0	0.77181888614991	0.793555457891901	0.539147505437704	0	0	0.790896634898674	0	0.806239115668024	0.845755227655999	0	0	0	0	0	0	0	0.576093629996486	0	0.94339522428961	0.692044303060256	0	0	0.665153580790246	0.573209573525922	0.601959367381458	0	0	0	0	0	0	0	0	0	0	0	0	0	0	0	0	0	0	0	0	0	0	0	0	0	0	0	0	0	0	0	0	0	0	0	0	0	0	0	0	0	0	0	0	0	0	0	0	0	0	0	0	0	0	0	0	0	0	0	0	0
0	0	0	0	0	0	0.531475851080859	0	0	0	0	0.730874213780092	0.697177033896465	0	0	0	0	0.961956217691167	0	0	0.881966353000941	0	0.63656380234816	0	0	0.920616396441678	0.88935638212048	0	0	0	0	0	0	0	0	0	0	0	0	0	0	0	0	0	0	0	0	0	0	0	0	0	0	0	0	0	0	0	0	0	0	0	0	0	0	0	0	0	0	0	0	0	0	0	0	0	0	0	0	0	0	0	0	0	0	0	0	0	0	0
0.750637002845548	0	0	0	0	0	0.996808491975561	0.693438871245717	0.690893429344566	0.55031381099676	0	0	0	0.985242314435049	0.647030121943818	0	0	0	0	0.787400902622917	0	0	0.50084474029668	0	0.507914967402525	0.690393912485345	0	0.645204873111418	0	0	0	0	0	0	0	0	0	0	0	0	0	0	0	0	0	0	0	0	0	0	0	0	0	0	0	0	0	0	0	0	0	0	0	0	0	0	0	0	0	0	0	0	0	0	0	0	0	0	0	0	0	0	0	0	0	0	0	0	0	0
0.546345770469064	0.869474634030416	0	0	0	0	0.627569385077566	0	0.877502638192095	0	0	0	0.737386524753129	0	0	0.797616162232808	0	0	0	0	0	0.53833242952364	0.962685324195477	0	0	0	0	0	0.737419938222182	0.931082816004083	0	0	0	0	0	0	0	0	0	0	0	0	0	0	0	0	0	0	0	0	0	0	0	0	0	0	0	0	0	0	0	0	0	0	0	0	0	0	0	0	0	0	0	0	0	0	0	0	0	0	0	0	0	0	0	0	0	0	0	0
0	0.751764033914569	0	0	0	0	0	0	0	0	0.531224242823899	0	0.505503281622845	0	0	0	0.948831708780036	0.714936811647923	0	0	0	0	0	0	0.71528991056247	0	0	0	0.767821354986865	0.86916563525522	0	0	0	0	0	0	0	0	0	0	0	0	0	0	0	0	0	0	0	0	0	0	0	0	0	0	0	0	0	0	0	0	0	0	0	0	0	0	0	0	0	0	0	0	0	0	0	0	0	0	0	0	0	0	0	0	0	0	0	0
0.525748152704131	0.947918741738101	0.636752626981235	0.74338018519805	0.899823447584462	0	0	0	0	0.802036231484749	0	0.870304827472295	0.6605460592008	0.981689019753094	0	0.717487212572125	0	0.943919384456308	0	0.951290172325764	0	0	0	0	0	0	0	0.898462197466486	0	0.760370736993221	0	0	0	0	0	0	0	0	0	0	0	0	0	0	0	0	0	0	0	0	0	0	0	0	0	0	0	0	0	0	0	0	0	0	0	0	0	0	0	0	0	0	0	0	0	0	0	0	0	0	0	0	0	0	0	0	0	0	0	0
0	0	0	0.975789609905032	0	0	0	0	0	0.93170438953008	0.784742529160009	0	0	0	0	0	0.851899061462788	0.637399806307612	0	0	0	0	0	0.940885757215709	0	0	0.603031986292395	0.942486835905629	0	0.956183880188457	0	0	0	0	0	0	0	0	0	0	0	0	0	0	0	0	0	0	0	0	0	0	0	0	0	0	0	0	0	0	0	0	0	0	0	0	0	0	0	0	0	0	0	0	0	0	0	0	0	0	0	0	0	0	0	0	0	0	0	0
0	0	0	0.899654106271483	0.687993515155863	0	0	0	0	0.944293914815598	0	0.653561611211201	0.955034716310144	0	0	0	0.830390074966229	0	0.907602711785161	0	0	0	0	0	0	0	0.702539915007823	0.562157358340732	0	0	0	0	0	0	0	0	0	0	0	0	0	0	0	0	0	0	0	0	0	0	0	0	0	0	0	0	0	0	0	0	0	0	0	0	0	0	0	0	0	0	0	0	0	0	0	0	0	0	0	0	0	0	0	0	0	0	0	0	0	0
0	0.939106081320901	0	0.871375143566588	0	0	0.871675315209301	0.848964194598167	0.662806381659752	0	0	0	0	0.900911335684515	0	0	0	0	0.829622453938858	0	0	0.813287930141948	0	0.669865070698775	0	0	0.507504230681255	0	0	0	0	0	0	0	0	0	0	0	0	0	0	0	0	0	0	0	0	0	0	0	0	0	0	0	0	0	0	0	0	0	0	0	0	0	0	0	0	0	0	0	0	0	0	0	0	0	0	0	0	0	0	0	0	0	0	0	0	0	0	0
0	0	0	0	0	0.680708605646039	0	0.553227610343714	0	0	0	0.537316371154313	0.974177417661639	0	0	0	0	0	0.616307709910329	0.743011968341884	0	0	0	0	0.904134929844753	0	0	0	0	0	0	0	0	0	0	0	0	0	0	0	0	0	0	0	0	0	0	0	0	0	0	0	0	0	0	0	0	0	0	0	0	0	0	0	0	0	0	0	0	0	0	0	0	0	0	0	0	0	0	0	0	0	0	0	0	0	0	0	0	0
0	0.877694148928156	0.834629528536535	0	0	0	0.961563711511991	0	0.673341139156091	0	0.587279333691097	0	0.584218067316192	0	0.960612460164532	0.942468431324937	0	0	0.675668284259675	0	0	0	0	0	0	0	0	0	0	0	0	0	0	0	0	0	0	0	0	0	0	0	0	0	0	0	0	0	0	0	0	0	0	0	0	0	0	0	0	0	0	0	0	0	0	0	0	0	0	0	0	0	0	0	0	0	0	0	0	0	0	0	0	0	0	0	0	0	0	0
0	0.964068926283945	0.9180342504685	0	0.647090579200929	0.678091712710621	0.717901707441079	0	0.504379549450415	0	0.514825154175882	0.682359934812365	0	0	0	0.576073153651531	0	0	0	0.996922720347558	0	0.599335957413922	0	0	0.545020051979307	0	0.875529155304614	0.884422874552324	0.970692425105517	0.822863691366941	0	0	0	0	0	0	0	0	0	0	0	0	0	0	0	0	0	0	0	0	0	0	0	0	0	0	0	0	0	0	0	0	0	0	0	0	0	0	0	0	0	0	0	0	0	0	0	0	0	0	0	0	0	0	0	0	0	0	0	0
0	0	0	0.56315668065287	0	0	0.60631644705582	0	0	0.728830624328182	0	0	0	0	0.622223902407713	0	0	0	0.662381784428827	0	0	0	0	0	0	0	0.88916510172233	0	0.610128987900303	0.890066205877181	0	0	0	0	0	0	0	0	0	0	0	0	0	0	0	0	0	0	0	0	0	0	0	0	0	0	0	0	0	0	0	0	0	0	0	0	0	0	0	0	0	0	0	0	0	0	0	0	0	0	0	0	0	0	0	0	0	0	0	0
0	0	0	0.713490902085865	0	0	0	0	0	0	0	0.829109326991	0	0.545851487420242	0	0.678997794267274	0	0	0	0.991183295544011	0	0.941389853381608	0	0	0.61082708096455	0	0	0.684111074397997	0	0	0	0	0	0	0	0	0	0	0	0	0	0	0	0	0	0	0	0	0	0	0	0	0	0	0	0	0	0	0	0	0	0	0	0	0	0	0	0	0	0	0	0	0	0	0	0	0	0	0	0	0	0	0	0	0	0	0	0	0	0
0.790357455660826	0	0	0	0.685193295422193	0	0.703069538176278	0	0	0	0	0.75479713903154	0.888468606700427	0	0.866194718950007	0	0.927573440818462	0	0	0.86216917410381	0.53216383875269	0	0	0	0	0	0	0	0	0	0	0	0	0	0	0	0	0	0	0	0	0	0	0	0	0	0	0	0	0	0	0	0	0	0	0	0	0	0	0	0	0	0	0	0	0	0	0	0	0	0	0	0	0	0	0	0	0	0	0	0	0	0	0	0	0	0	0	0	0
0	0	0	0	0	0.735249905831344	0	0.564074002991715	0.961088405049005	0	0	0	0	0	0	0.615762909344247	0	0	0.531692551242528	0.567329899661141	0	0.871538952724447	0	0	0	0	0.979691641408517	0	0.809500846900267	0	0	0	0	0	0	0	0	0	0	0	0	0	0	0	0	0	0	0	0	0	0	0	0	0	0	0	0	0	0	0	0	0	0	0	0	0	0	0	0	0	0	0	0	0	0	0	0	0	0	0	0	0	0	0	0	0	0	0	0	0
0.962708823242327	0	0.586893575929877	0	0	0.891349811587278	0.767912383736279	0.824244732845071	0	0	0	0	0	0	0	0	0	0	0	0	0.965193718870434	0.751788156255774	0.974180452877919	0.968770494818665	0	0	0	0.8784702018013	0	0.92316688387858	0	0	0	0	0	0	0	0	0	0	0	0	0	0	0	0	0	0	0	0	0	0	0	0	0	0	0	0	0	0	0	0	0	0	0	0	0	0	0	0	0	0	0	0	0	0	0	0	0	0	0	0	0	0	0	0	0	0	0	0
0	0	0	0	0	0	0	0	0.886257148099525	0.551768361258983	0.764760356773557	0.678988346906688	0	0.550112188484624	0	0	0.997400123655903	0	0	0	0.540543443279093	0.787813053519633	0	0	0	0	0.915329288383757	0.65289444329258	0	0	0	0	0	0	0	0	0	0	0	0	0	0	0	0	0	0	0	0	0	0	0	0	0	0	0	0	0	0	0	0	0	0	0	0	0	0	0	0	0	0	0	0	0	0	0	0	0	0	0	0	0	0	0	0	0	0	0	0	0	0
0	0	0	0.996794006247253	0	0	0.992844417069149	0	0	0	0.613414341517271	0	0.816160174182239	0	0.503477880949289	0.832632932398783	0.98413160997568	0	0	0	0	0	0.881161915287549	0.508517128069175	0.86349033214919	0	0	0	0	0	0	0	0	0	0	0	0	0	0	0	0	0	0	0	0	0	0	0	0	0	0	0	0	0	0	0	0	0	0	0	0	0	0	0	0	0	0	0	0	0	0	0	0	0	0	0	0	0	0	0	0	0	0	0	0	0	0	0	0	0
0	0.528241101581995	0.611155178970661	0	0	0	0	0	0	0	0	0	0	0	0	0.966982438924705	0	0.553225840402331	0.735048919076805	0	0	0	0	0.723512793151534	0.999343902891181	0.629402988543204	0	0	0	0	0	0	0	0	0	0	0	0	0	0	0	0	0	0	0	0	0	0	0	0	0	0	0	0	0	0	0	0	0	0	0	0	0	0	0	0	0	0	0	0	0	0	0	0	0	0	0	0	0	0	0	0	0	0	0	0	0	0	0	0
0.912284633850102	0	0	0	0.890569778022288	0	0	0	0	0.72778753718412	0	0	0.709463986304085	0	0.995570259618058	0	0.917473999894775	0.998549289122539	0.882129108917057	0	0	0	0.825310747279903	0.673181513493516	0	0	0	0.599373084619827	0	0	0	0	0	0	0	0	0	0	0	0	0	0	0	0	0	0	0	0	0	0	0	0	0	0	0	0	0	0	0	0	0	0	0	0	0	0	0	0	0	0	0	0	0	0	0	0	0	0	0	0	0	0	0	0	0	0	0	0	0	0
0	0.652459664444829	0.609199890845747	0.733207962569469	0.617976507042462	0	0	0	0	0	0	0	0	0	0	0	0	0.844056586000232	0	0.731154838241819	0	0.757243744551906	0	0	0	0.631829495116793	0.65244088249578	0	0	0.981074169214536	0	0	0	0	0	0	0	0	0	0	0	0	0	0	0	0	0	0	0	0	0	0	0	0	0	0	0	0	0	0	0	0	0	0	0	0	0	0	0	0	0	0	0	0	0	0	0	0	0	0	0	0	0	0	0	0	0	0	0	0
0	0.702109899421083	0	0	0	0	0	0.997111709076799	0	0.850228175400556	0	0	0	0	0	0	0	0.968325915817346	0	0.917942521565694	0.803502126425279	0.938120929344261	0	0	0.626744289715468	0.544380024936305	0	0	0.602207006619588	0	0	0	0	0	0	0	0	0	0	0	0	0	0	0	0	0	0	0	0	0	0	0	0	0	0	0	0	0	0	0	0	0	0	0	0	0	0	0	0	0	0	0	0	0	0	0	0	0	0	0	0	0	0	0	0	0	0	0	0	0
0.734328176331364	0	0	0.921243196303303	0	0.772680443055829	0	0	0	0	0.964102199259959	0	0.83444761401141	0	0.52119481458034	0	0	0	0	0.595203894745984	0.69759344952468	0	0	0.987806267575934	0	0	0	0.904138420020837	0	0.608281151203901	0	0	0	0	0	0	0	0	0	0	0	0	0	0	0	0	0	0	0	0	0	0	0	0	0	0	0	0	0	0	0	0	0	0	0	0	0	0	0	0	0	0	0	0	0	0	0	0	0	0	0	0	0	0	0	0	0	0	0	0
0.923461085382634	0	0.608600208153851	0.927681606117841	0	0	0	0	0	0	0	0	0	0	0	0	0	0	0	0	0.916375884483879	0	0.768638265298232	0.637420331575737	0	0	0.678186969105253	0.803592120580051	0	0.87693057519402	0	0	0	0	0	0	0	0	0	0	0	0	0	0	0	0	0	0	0	0	0	0	0	0	0	0	0	0	0	0	0	0	0	0	0	0	0	0	0	0	0	0	0	0	0	0	0	0	0	0	0	0	0	0	0	0	0	0	0	0
0	0.882800004993746	0.949330048485712	0	0	0	0	0.836527912489898	0.628796578286972	0.933085089794065	0	0	0.970583295165501	0.871936488744958	0	0	0.541583481447422	0	0.527957432518885	0	0	0	0.534455074992425	0	0	0.698727944862732	0	0	0	0	0	0	0	0	0	0	0	0	0	0	0	0	0	0	0	0	0	0	0	0	0	0	0	0	0	0	0	0	0	0	0	0	0	0	0	0	0	0	0	0	0	0	0	0	0	0	0	0	0	0	0	0	0	0	0	0	0	0	0	0
0	0.712347435370146	0	0.509015487127914	0	0	0.942883562763867	0.676742046666153	0.552034856273838	0	0	0	0.765852567471748	0	0.554316039752244	0	0	0.513987528936092	0.846165454869292	0	0	0.871584130595823	0	0	0.917475360856268	0.905510372406022	0	0	0	0	0	0	0	0	0	0	0	0	0	0	0	0	0	0	0	0	0	0	0	0	0	0	0	0	0	0	0	0	0	0	0	0	0	0	0	0	0	0	0	0	0	0	0	0	0	0	0	0	0	0	0	0	0	0	0	0	0	0	0	0
0.73370679247762	0.761942899053592	0	0	0.755440165410302	0.978679424673885	0	0	0	0	0	0	0.724438027688404	0.765172234641734	0	0	0.625025607153694	0	0	0	0	0	0	0.530551175488738	0	0	0	0	0	0	0	0	0	0	0	0	0	0	0	0	0	0	0	0	0	0	0	0	0	0	0	0	0	0	0	0	0	0	0	0	0	0	0	0	0	0	0	0	0	0	0	0	0	0	0	0	0	0	0	0	0	0	0	0	0	0	0	0	0	0
0.926831935817764	0	0	0	0.979082413078946	0.60338042612186	0.711511388434846	0.570907736274828	0	0	0	0	0.662612670768582	0.704532464921087	0	0	0	0.946308814754738	0	0	0	0	0.679824929376134	0	0.661557262839253	0.771176924014075	0	0	0	0	0	0	0	0	0	0	0	0	0	0	0	0	0	0	0	0	0	0	0	0	0	0	0	0	0	0	0	0	0	0	0	0	0	0	0	0	0	0	0	0	0	0	0	0	0	0	0	0	0	0	0	0	0	0	0	0	0	0	0	0
0	0	0	0	0	0	0	0	0	0	0	0	0	0	0	0	0	0	0	0	0	0	0	0	0	0	0	0	0	0	0	0	0.722709205465669	0	0.924581496221994	0	0	0	0.667982749841065	0	0	0	0	0	0	0	0	0	0	0	0	0	0.964265793028379	0	0.963652847861559	0	0.70895052983441	0	0.546371327597131	0.516018669502567	0	0	0	0	0	0	0	0	0	0	0	0	0	0	0	0	0	0	0	0	0	0	0	0	0	0	0	0	0	0
0	0	0	0	0	0	0	0	0	0	0	0	0	0	0	0	0	0	0	0	0	0	0	0	0	0	0	0	0	0	0	0	0.533589630826772	0.619546547041233	0	0.557512751283484	0	0	0	0	0	0	0.761143062389107	0	0	0	0	0.860034190715913	0	0	0	0	0	0	0	0	0	0.835592758763684	0.779697968390072	0.946693712878565	0	0	0	0	0	0	0	0	0	0	0	0	0	0	0	0	0	0	0	0	0	0	0	0	0	0	0	0	0	0
0	0	0	0	0	0	0	0	0	0	0	0	0	0	0	0	0	0	0	0	0	0	0	0	0	0	0	0	0	0	0.728702879975324	0.685552290403777	0	0	0.643841059202237	0	0.911822848780294	0	0	0.844897825876388	0	0	0	0	0	0	0	0.855304245654394	0	0	0	0	0	0	0	0	0	0	0	0	0	0	0	0	0	0	0	0	0	0	0	0	0	0	0	0	0	0	0	0	0	0	0	0	0	0	0	0	0	0
0	0	0	0	0	0	0	0	0	0	0	0	0	0	0	0	0	0	0	0	0	0	0	0	0	0	0	0	0	0	0	0.938204011986841	0	0	0	0	0.589020931819268	0.673204190106918	0	0	0	0.617855694229808	0	0	0	0	0	0	0	0	0	0	0	0.513259486490557	0	0	0.679685060492752	0	0	0.637527678654436	0	0	0	0	0	0	0	0	0	0	0	0	0	0	0	0	0	0	0	0	0	0	0	0	0	0	0	0	0	0
0	0	0	0	0	0	0	0	0	0	0	0	0	0	0	0	0	0	0	0	0	0	0	0	0	0	0	0	0	0	0.735475715161984	0	0.855718222659442	0	0	0.714056965926698	0	0.712626517935054	0.531211009769509	0	0	0	0.91551779929035	0	0	0	0	0	0	0	0	0	0	0	0	0	0	0	0	0	0	0	0	0	0	0	0	0	0	0	0	0	0	0	0	0	0	0	0	0	0	0	0	0	0	0	0	0	0	0
0	0	0	0	0	0	0	0	0	0	0	0	0	0	0	0	0	0	0	0	0	0	0	0	0	0	0	0	0	0	0	0.95152953477493	0	0	0.514665585357433	0	0.871272250431032	0	0.964519771916472	0.995965739671999	0	0	0	0	0	0.909812067131267	0	0	0	0	0	0.811811884731368	0	0	0	0	0	0.910390548902416	0	0	0	0	0	0	0	0	0	0	0	0	0	0	0	0	0	0	0	0	0	0	0	0	0	0	0	0	0	0	0	0
0	0	0	0	0	0	0	0	0	0	0	0	0	0	0	0	0	0	0	0	0	0	0	0	0	0	0	0	0	0	0	0	0.908550810483881	0.698418741756997	0	0.819767778064857	0	0	0.827335879163803	0	0	0.569781827871744	0	0	0	0	0.943326627523738	0	0.710158850339916	0	0	0	0	0	0	0	0	0	0	0	0	0	0	0	0	0	0	0	0	0	0	0	0	0	0	0	0	0	0	0	0	0	0	0	0	0	0	0	0	0
0	0	0	0	0	0	0	0	0	0	0	0	0	0	0	0	0	0	0	0	0	0	0	0	0	0	0	0	0	0	0	0	0	0.873425235679035	0.666468279256075	0	0	0	0.976972664554048	0.542329949038513	0.552539470951046	0.635590330849628	0	0	0	0	0	0	0	0	0.867822903636882	0	0	0	0	0	0	0	0	0	0	0	0	0	0	0	0	0	0	0	0	0	0	0	0	0	0	0	0	0	0	0	0	0	0	0	0	0	0	0
0	0	0	0	0	0	0	0	0	0	0	0	0	0	0	0	0	0	0	0	0	0	0	0	0	0	0	0	0	0	0.940003670489323	0	0	0	0.901289137558181	0.744781247423435	0.965945136984995	0.530736528732607	0	0.95932717257001	0.8076902339882	0.89522270524304	0.938730164686913	0	0	0	0	0	0	0	0	0	0	0.715207392288805	0	0	0	0	0	0	0	0	0	0	0	0	0	0	0	0	0	0	0	0	0	0	0	0	0	0	0	0	0	0	0	0	0	0	0	0
0	0	0	0	0	0	0	0	0	0	0	0	0	0	0	0	0	0	0	0	0	0	0	0	0	0	0	0	0	0	0	0	0.717991681376156	0	0	0.517480960172493	0	0.519827984985393	0.811407951129037	0	0.847170933973683	0.741799134138436	0.741621311700597	0	0.94635798312293	0	0	0	0.650392515578349	0	0.505069327559265	0	0	0	0	0	0	0	0	0	0	0	0	0	0	0	0	0	0	0	0	0	0	0	0	0	0	0	0	0	0	0	0	0	0	0	0	0	0	0
0	0	0	0	0	0	0	0	0	0	0	0	0	0	0	0	0	0	0	0	0	0	0	0	0	0	0	0	0	0	0	0	0	0	0	0	0	0.901683749912699	0.754412431732165	0.526681637304446	0	0.558899346285252	0.874531169682515	0	0	0	0.575991340053723	0.917263492663007	0	0	0	0	0	0	0	0.833398003108583	0	0	0	0	0	0	0	0	0	0	0	0	0	0	0	0	0	0	0	0	0	0	0	0	0	0	0	0	0	0	0	0	0	0
0	0	0	0	0	0	0	0	0	0	0	0	0	0	0	0	0	0	0	0	0	0	0	0	0	0	0	0	0	0	0	0	0	0.671136827568322	0	0	0.805549733461316	0.702956966043576	0.553906147200095	0.844000194272822	0.565420202442857	0	0	0.987888465685518	0.793285103394421	0.517266162066817	0	0	0	0	0	0	0	0	0	0	0	0	0	0	0	0	0	0	0	0	0	0	0	0	0	0	0	0	0	0	0	0	0	0	0	0	0	0	0	0	0	0	0	0
0	0	0	0	0	0	0	0	0	0	0	0	0	0	0	0	0	0	0	0	0	0	0	0	0	0	0	0	0	0	0	0.580956579335998	0	0	0.931545737274473	0	0	0	0.788281603994104	0.969121010353378	0.735432579044723	0	0	0.514457297380755	0.920738708818993	0.509488430661451	0.900067201372904	0	0	0	0	0	0	0	0	0	0	0	0	0	0	0	0	0	0	0	0	0	0	0	0	0	0	0	0	0	0	0	0	0	0	0	0	0	0	0	0	0	0	0
0	0	0	0	0	0	0	0	0	0	0	0	0	0	0	0	0	0	0	0	0	0	0	0	0	0	0	0	0	0	0	0	0	0	0	0	0	0	0	0	0	0.568756867914155	0.873389181394436	0	0.570546809595366	0.665381067628874	0.718363701292684	0.875381240293336	0	0	0	0	0	0	0	0	0	0	0	0	0	0	0	0	0	0	0	0	0	0	0	0	0	0	0	0	0	0	0	0	0	0	0	0	0	0	0	0	0	0
0	0	0	0	0	0	0	0	0	0	0	0	0	0	0	0	0	0	0	0	0	0	0	0	0	0	0	0	0	0	0	0	0	0	0	0	0	0	0	0.786943422557173	0	0.730653736811368	0.917214966573028	0.613759008038282	0	0	0.967085558955125	0.640210714354079	0.781404119070731	0	0	0	0	0.690099964262629	0	0.632115778056967	0	0	0.664928441864465	0	0	0	0	0	0	0	0	0	0	0	0	0	0	0	0	0	0	0	0	0	0	0	0	0	0	0	0	0	0	0
0	0	0	0	0	0	0	0	0	0	0	0	0	0	0	0	0	0	0	0	0	0	0	0	0	0	0	0	0	0	0	0	0	0	0	0.693876319025113	0	0	0	0	0	0.610745509696022	0.857883007722726	0.711295949540222	0	0	0.561693931611972	0.999170512204345	0.836372389342498	0.7182772456212	0	0	0	0	0	0	0	0	0	0	0	0	0	0	0	0	0	0	0	0	0	0	0	0	0	0	0	0	0	0	0	0	0	0	0	0	0	0	0	0
0	0	0	0	0	0	0	0	0	0	0	0	0	0	0	0	0	0	0	0	0	0	0	0	0	0	0	0	0	0	0	0	0	0	0	0	0.966277098079982	0	0	0	0.66268094455376	0	0.732036723656358	0.959445110114979	0.774650357047846	0.919275588154328	0	0	0.796042818279642	0.916737758615432	0.577484530729416	0	0	0	0	0	0	0	0	0	0	0	0	0	0	0	0	0	0	0	0	0	0	0	0	0	0	0	0	0	0	0	0	0	0	0	0	0	0	0
0	0	0	0	0	0	0	0	0	0	0	0	0	0	0	0	0	0	0	0	0	0	0	0	0	0	0	0	0	0	0	0.521387023407711	0.947349843924523	0	0	0	0	0	0	0	0.801862680457342	0	0	0.516431012222852	0.994417191622887	0.790784787245811	0	0	0.588227882555061	0	0.674547562748997	0.917472014015275	0	0	0.50866528885695	0	0	0	0	0	0	0	0	0	0	0	0	0	0	0	0	0	0	0	0	0	0	0	0	0	0	0	0	0	0	0	0	0	0	0
0	0	0	0	0	0	0	0	0	0	0	0	0	0	0	0	0	0	0	0	0	0	0	0	0	0	0	0	0	0	0	0	0	0	0	0	0.567120857201517	0	0	0.910211569353338	0	0	0	0	0.689563655695708	0.557194411161143	0.773791135035827	0.618883047142337	0	0.596775665780061	0.501839553135052	0.827960155399626	0	0	0	0	0	0	0	0	0	0	0	0	0	0	0	0	0	0	0	0	0	0	0	0	0	0	0	0	0	0	0	0	0	0	0	0	0	0
0	0	0	0	0	0	0	0	0	0	0	0	0	0	0	0	0	0	0	0	0	0	0	0	0	0	0	0	0	0	0	0	0	0	0	0	0	0	0	0	0	0	0	0	0	0.567660953414766	0.733554496020754	0	0.740025655181251	0	0.940396412515646	0.608070373959494	0.834896284291494	0	0	0.64248537014226	0	0	0	0	0	0	0	0	0	0	0	0	0	0	0	0	0	0	0	0	0	0	0	0	0	0	0	0	0	0	0	0	0	0
0	0	0	0	0	0	0	0	0	0	0	0	0	0	0	0	0	0	0	0	0	0	0	0	0	0	0	0	0	0	0	0	0	0	0	0	0	0.553192105606046	0	0.804282578362221	0	0	0	0	0	0	0.545284297364754	0.892219296415575	0.704018845559211	0.709605731574467	0	0.649228473832091	0.784792704692715	0	0.862589041629094	0	0	0	0	0	0	0	0	0	0	0	0	0	0	0	0	0	0	0	0	0	0	0	0	0	0	0	0	0	0	0	0	0	0	0
0	0	0	0	0	0	0	0	0	0	0	0	0	0	0	0	0	0	0	0	0	0	0	0	0	0	0	0	0	0	0	0	0	0	0	0.920733747636671	0	0	0	0	0	0	0	0	0	0	0	0.824018820715701	0.50258937205351	0.831421334339203	0.743171798221626	0	0.688623029086133	0.786071058690167	0	0.527096171150827	0	0	0	0	0	0	0	0	0	0	0	0	0	0	0	0	0	0	0	0	0	0	0	0	0	0	0	0	0	0	0	0	0	0
0	0	0	0	0	0	0	0	0	0	0	0	0	0	0	0	0	0	0	0	0	0	0	0	0	0	0	0	0	0	0.916277151198359	0	0	0	0	0	0	0	0	0	0	0	0	0	0	0	0	0	0	0.941556630952562	0.94008083928071	0.915266868632906	0	0.537262028829246	0.6221181657542	0.98177966139008	0.56253340023433	0	0.731835346598602	0.514761618536683	0	0	0	0	0	0	0	0	0	0	0	0	0	0	0	0	0	0	0	0	0	0	0	0	0	0	0	0	0	0
0	0	0	0	0	0	0	0	0	0	0	0	0	0	0	0	0	0	0	0	0	0	0	0	0	0	0	0	0	0	0	0	0	0.55916306968563	0	0	0	0	0.631363282422732	0	0	0	0	0	0.611502264492398	0	0	0	0	0	0	0.750990655727272	0.59325689885541	0	0.697797436509399	0	0	0.99574402363768	0	0	0	0	0	0	0	0	0	0	0	0	0	0	0	0	0	0	0	0	0	0	0	0	0	0	0	0	0	0	0	0
0	0	0	0	0	0	0	0	0	0	0	0	0	0	0	0	0	0	0	0	0	0	0	0	0	0	0	0	0	0	0.769894253378864	0	0	0	0	0	0	0	0	0	0	0	0	0	0	0	0	0.815808324245302	0	0	0.95044806669097	0	0.964614967626868	0.985201116706095	0	0	0	0.540256338535089	0.941906197884804	0	0	0	0	0	0	0	0	0	0	0	0	0	0	0	0	0	0	0	0	0	0	0	0	0	0	0	0	0	0	0
0	0	0	0	0	0	0	0	0	0	0	0	0	0	0	0	0	0	0	0	0	0	0	0	0	0	0	0	0	0	0	0	0	0	0	0	0	0	0	0	0.529618672994623	0	0	0	0.999470418838684	0	0	0	0	0.595845750334156	0	0.993884075504091	0.615197521882117	0	0	0	0	0.744232643414576	0	0.993868268135957	0	0	0	0	0	0	0	0	0	0	0	0	0	0	0	0	0	0	0	0	0	0	0	0	0	0	0	0	0	0
0	0	0	0	0	0	0	0	0	0	0	0	0	0	0	0	0	0	0	0	0	0	0	0	0	0	0	0	0	0	0.854887358917518	0	0	0.547334566296447	0	0	0	0	0	0	0	0	0	0	0	0	0	0	0	0	0	0	0.567655930241205	0	0	0	0	0.876294076322316	0.783464285519759	0.800104441250657	0	0	0	0	0	0	0	0	0	0	0	0	0	0	0	0	0	0	0	0	0	0	0	0	0	0	0	0	0	0
0	0	0	0	0	0	0	0	0	0	0	0	0	0	0	0	0	0	0	0	0	0	0	0	0	0	0	0	0	0	0	0.761008513694049	0	0	0	0.615660253214895	0	0	0	0	0	0	0	0	0	0	0	0	0	0	0	0	0	0.570300455471349	0.71970823372091	0.902411517680864	0.826801425707573	0	0.919889738119701	0.735922379984957	0	0	0	0	0	0	0	0	0	0	0	0	0	0	0	0	0	0	0	0	0	0	0	0	0	0	0	0	0	0
0	0	0	0	0	0	0	0	0	0	0	0	0	0	0	0	0	0	0	0	0	0	0	0	0	0	0	0	0	0	0.98704082977814	0.700352309281593	0	0	0	0	0	0	0	0	0	0	0	0	0.878021485751588	0	0	0	0	0	0	0	0.975676857317314	0	0.737491162430207	0	0.665084096707512	0.691479004203292	0	0.937528363035724	0	0	0	0	0	0	0	0	0	0	0	0	0	0	0	0	0	0	0	0	0	0	0	0	0	0	0	0	0	0
0	0	0	0	0	0	0	0	0	0	0	0	0	0	0	0	0	0	0	0	0	0	0	0	0	0	0	0	0	0	0.575853296500267	0.730414657012709	0	0.685004489591983	0	0	0	0	0	0	0	0	0	0	0	0	0	0	0	0	0	0	0.810236593048258	0	0	0.724328223152823	0.615820210927894	0.997422035919338	0.967385996657299	0	0	0	0	0	0	0	0	0	0	0	0	0	0	0	0	0	0	0	0	0	0	0	0	0	0	0	0	0	0	0
0	0	0	0	0	0	0	0	0	0	0	0	0	0	0	0	0	0	0	0	0	0	0	0	0	0	0	0	0	0	0	0	0	0	0	0	0	0	0	0	0	0	0	0	0	0	0	0	0	0	0	0	0	0	0	0	0	0	0	0	0	0.577994986077566	0.942455305744976	0.662821264818892	0.647630746781317	0.840204648767816	0	0.81237502924502	0	0.997396649068607	0	0	0	0	0	0	0	0	0	0	0	0	0	0.814735008755678	0.803102363889113	0.579825288436725	0.961946476778947	0.843490401631041	0.75020291615361	0.643764192811535
0	0	0	0	0	0	0	0	0	0	0	0	0	0	0	0	0	0	0	0	0	0	0	0	0	0	0	0	0	0	0	0	0	0	0	0	0	0	0	0	0	0	0	0	0	0	0	0	0	0	0	0	0	0	0	0	0	0	0	0	0.777816675425292	0	0.744655456689971	0.912355994423666	0.800409613202312	0.715931419916247	0.774907846683216	0.801649433066501	0.706869996558713	0	0	0.65992887727085	0	0	0	0	0	0	0	0	0	0	0.941185244138134	0	0.655690693118932	0.597354215549782	0.610634542955804	0.504039506930591	0.634854498209323	0
0	0	0	0	0	0	0	0	0	0	0	0	0	0	0	0	0	0	0	0	0	0	0	0	0	0	0	0	0	0	0	0	0	0	0	0	0	0	0	0	0	0	0	0	0	0	0	0	0	0	0	0	0	0	0	0	0	0	0	0	0.778841048544296	0.549372424183946	0	0.767506793641505	0.694782940346658	0.557823924240865	0	0	0.765796458832141	0	0.754229632733242	0.903919318378229	0.620132605627513	0	0	0	0	0.606256350112846	0	0	0	0	0	0	0	0.846828381340603	0.966071852927211	0	0.668496399922518	0.842542598143218
0	0	0	0	0	0	0	0	0	0	0	0	0	0	0	0	0	0	0	0	0	0	0	0	0	0	0	0	0	0	0	0	0	0	0	0	0	0	0	0	0	0	0	0	0	0	0	0	0	0	0	0	0	0	0	0	0	0	0	0	0.767633318556091	0.879446511732774	0.893119656137279	0	0.509727824830356	0.909509014866296	0.610749717756066	0.874970950199023	0.721508874560007	0.820689734262421	0.885285074254194	0	0	0	0	0	0	0	0	0	0	0	0	0	0	0	0.873211572160565	0.581205158451486	0.873125341875027	0.562369681130585
0	0	0	0	0	0	0	0	0	0	0	0	0	0	0	0	0	0	0	0	0	0	0	0	0	0	0	0	0	0	0	0	0	0	0	0	0	0	0	0	0	0	0	0	0	0	0	0	0	0	0	0	0	0	0	0	0	0	0	0	0.716415268310841	0.677351975268598	0.924249168934896	0.606152138869383	0	0.792374010287457	0.645857868514491	0.987781578762801	0.892614062869968	0.577722393016035	0.694841928619948	0.585736237647458	0	0	0	0	0	0	0	0	0	0	0.905590998602035	0	0	0	0	0.765750839836334	0.958944429987893	0.986471799586488
0	0	0	0	0	0	0	0	0	0	0	0	0	0	0	0	0	0	0	0	0	0	0	0	0	0	0	0	0	0	0	0	0	0	0	0	0	0	0	0	0	0	0	0	0	0	0	0	0	0	0	0	0	0	0	0	0	0	0	0	0.759830320873204	0.723559942636294	0.736777141310465	0.713502208561898	0.939664087638646	0	0.532767887160421	0.840285133992496	0	0.868109032081915	0.829471704802323	0.842699368051719	0.53529528303962	0	0	0	0	0	0	0	0	0	0	0	0	0	0.54186395655302	0	0.683600598723499	0.775719368698223
0	0	0	0	0	0	0	0	0	0	0	0	0	0	0	0	0	0	0	0	0	0	0	0	0	0	0	0	0	0	0	0	0	0	0	0	0	0	0	0	0	0	0	0	0	0	0	0	0	0	0	0	0	0	0	0	0	0	0	0	0	0.823130916255393	0	0.917854026886297	0.965719843974114	0.998675197309851	0	0.882570943022155	0.805417056710668	0.984035109679538	0.838185085656359	0.771050233993277	0.85115784042594	0.818582132943291	0	0	0	0	0	0	0	0	0	0	0	0	0	0	0	0.540773796025563
0	0	0	0	0	0	0	0	0	0	0	0	0	0	0	0	0	0	0	0	0	0	0	0	0	0	0	0	0	0	0	0	0	0	0	0	0	0	0	0	0	0	0	0	0	0	0	0	0	0	0	0	0	0	0	0	0	0	0	0	0.599891585060762	0.608476526224797	0	0.541506333173794	0.779889376246554	0.621135564450205	0.868554285629921	0	0.675461467351787	0	0.709783995281445	0.886993689786097	0.532536758786994	0.582852515366932	0.581529820630184	0	0	0	0	0.604666948021801	0	0	0	0	0	0	0	0	0	0.7377228480677
0	0	0	0	0	0	0	0	0	0	0	0	0	0	0	0	0	0	0	0	0	0	0	0	0	0	0	0	0	0	0	0	0	0	0	0	0	0	0	0	0	0	0	0	0	0	0	0	0	0	0	0	0	0	0	0	0	0	0	0	0	0.529062358517899	0.968951633567069	0.968283371424453	0.844604807177594	0	0.502975404213837	0.528922599858137	0	0.861747275382808	0.628693234163142	0.8456719469178	0.96837691375963	0.867161592083793	0.796395009030839	0.971889184019007	0	0	0	0	0	0	0	0	0	0	0	0	0	0
0	0	0	0	0	0	0	0	0	0	0	0	0	0	0	0	0	0	0	0	0	0	0	0	0	0	0	0	0	0	0	0	0	0	0	0	0	0	0	0	0	0	0	0	0	0	0	0	0	0	0	0	0	0	0	0	0	0	0	0	0.651067761298981	0	0	0.751266523881589	0.996592648912648	0.599404205998867	0.684121503373884	0	0.631160946079041	0	0.847477526785528	0.792446043751277	0.525223114358297	0.805756880774698	0.692989423835021	0.90845111075165	0.755753032008028	0	0	0	0	0	0	0	0	0	0	0	0	0
0	0	0	0	0	0	0	0	0	0	0	0	0	0	0	0	0	0	0	0	0	0	0	0	0	0	0	0	0	0	0	0	0	0	0	0	0	0	0	0	0	0	0	0	0	0	0	0	0	0	0	0	0	0	0	0	0	0	0	0	0	0	0.783776553608692	0.6857304723543	0.901888938382772	0.902009772903545	0.668265380347573	0.726101858080816	0.649218557698724	0.949641973566794	0	0.877232437339507	0.598852464448661	0.931628403026208	0.936400771227355	0.533201927297719	0	0.96793771630093	0	0.529960421620426	0	0	0	0.968723190501743	0	0	0	0	0	0
0	0	0	0	0	0	0	0	0	0	0	0	0	0	0	0	0	0	0	0	0	0	0	0	0	0	0	0	0	0	0	0	0	0	0	0	0	0	0	0	0	0	0	0	0	0	0	0	0	0	0	0	0	0	0	0	0	0	0	0	0	0.734687757522784	0.877649446245181	0	0.617161149814305	0.933636813384887	0.731137288991451	0.853575473373356	0.994473816866461	0.598617548300874	0.513290830749058	0	0	0.584570188438304	0.775868034218806	0.723618025795012	0	0.847840533651818	0.749918268306822	0	0	0.60330678596167	0	0	0	0	0	0	0	0
0	0	0	0	0	0	0	0	0	0	0	0	0	0	0	0	0	0	0	0	0	0	0	0	0	0	0	0	0	0	0	0	0	0	0	0	0	0	0	0	0	0	0	0	0	0	0	0	0	0	0	0	0	0	0	0	0	0	0	0	0	0	0.804738742422675	0	0	0.963128023692255	0.54103804093116	0.500869541794214	0.694650336666242	0.918811713715722	0.558071055125329	0	0	0	0.710163688088302	0.609395425878471	0.666162729824461	0.780804232873648	0.533297783914194	0.934979658409414	0	0.733224326345772	0	0	0	0	0	0	0	0
0	0	0	0	0	0	0	0	0	0	0	0	0	0	0	0	0	0	0	0	0	0	0	0	0	0	0	0	0	0	0	0	0	0	0	0	0	0	0	0	0	0	0	0	0	0	0	0	0	0	0	0	0	0	0	0	0	0	0	0	0	0	0	0	0	0	0.911032749268678	0.788768528009723	0.730074967732228	0.574663864727162	0.76059787309355	0.62022169324567	0	0	0.884652951304162	0.735324650152533	0.838485585207293	0.680371151586443	0.669968553296973	0.741165521100144	0.614696822515386	0	0	0	0	0	0	0	0	0
0	0	0	0	0	0	0	0	0	0	0	0	0	0	0	0	0	0	0	0	0	0	0	0	0	0	0	0	0	0	0	0	0	0	0	0	0	0	0	0	0	0	0	0	0	0	0	0	0	0	0	0	0	0	0	0	0	0	0	0	0	0	0	0	0	0	0	0.547449552711269	0.626850396602155	0.594966884839991	0.731426320265638	0.565436584905015	0.558880595344637	0.684982894938448	0	0.733633479244598	0.848908401544586	0.872460759997284	0.63506509765925	0.600852696366377	0.800904733229236	0.950657451329324	0	0	0	0	0	0	0	0
0	0	0	0	0	0	0	0	0	0	0	0	0	0	0	0	0	0	0	0	0	0	0	0	0	0	0	0	0	0	0	0	0	0	0	0	0	0	0	0	0	0	0	0	0	0	0	0	0	0	0	0	0	0	0	0	0	0	0	0	0	0	0	0	0	0	0	0	0.746249313275862	0.78908450848632	0.99203949651544	0.595286190007266	0.768509976422266	0.747453435390782	0.807014577519064	0	0.579221198641943	0	0.605287238582208	0.627085922198265	0.736727034329977	0.784300600449824	0.962422147764655	0.967533251365015	0	0	0	0	0	0
0	0	0	0	0	0	0	0	0	0	0	0	0	0	0	0	0	0	0	0	0	0	0	0	0	0	0	0	0	0	0	0	0	0	0	0	0	0	0	0	0	0	0	0	0	0	0	0	0	0	0	0	0	0	0	0	0	0	0	0	0	0	0	0	0	0	0	0	0	0.922104592084433	0	0	0.659407387054518	0.619277409492123	0.582824065686987	0.933088716017729	0	0.582431868631374	0.597060677758006	0.928548072500299	0.672035513121091	0	0.545235320068705	0.720884595365561	0.814650805968489	0	0	0.798519634876675	0	0
0	0	0	0	0	0	0	0	0	0	0	0	0	0	0	0	0	0	0	0	0	0	0	0	0	0	0	0	0	0	0	0	0	0	0	0	0	0	0	0	0	0	0	0	0	0	0	0	0	0	0	0	0	0	0	0	0	0	0	0	0	0	0.995321414041425	0	0	0	0	0	0	0	0.793587959720469	0.604528609496361	0.867064104037956	0.7291746137701	0.979127007741844	0	0.833210847904668	0	0.833333753127297	0.688898204308232	0.606072397328723	0.871056448531725	0.611942170663293	0.765112237135563	0.833568718401083	0	0	0	0	0
0	0	0	0	0	0	0	0	0	0	0	0	0	0	0	0	0	0	0	0	0	0	0	0	0	0	0	0	0	0	0	0	0	0	0	0	0	0	0	0	0	0	0	0	0	0	0	0	0	0	0	0	0	0	0	0	0	0	0	0	0	0	0	0	0	0	0	0	0	0	0	0.713700472984833	0.575745494730721	0.500117673169731	0.663870486274745	0.705157516608195	0.86623770656918	0.97405444741976	0	0.503071264043374	0.559121954961392	0.716072237317881	0	0.986601286722793	0.814953128051953	0.529424407398465	0	0	0	0.887106987235898
0	0	0	0	0	0	0	0	0	0	0	0	0	0	0	0	0	0	0	0	0	0	0	0	0	0	0	0	0	0	0	0	0	0	0	0	0	0	0	0	0	0	0	0	0	0	0	0	0	0	0	0	0	0	0	0	0	0	0	0	0	0	0	0	0	0	0	0.932671352773696	0	0	0.542298241747529	0	0.662231273373543	0.506712500660872	0.664509944336737	0.667536524435246	0.50355804998623	0.562529222678718	0.661167596021683	0	0.97034125650715	0.884182238243533	0	0.692190842098188	0.930671462705899	0.992795376258545	0.662910483799612	0	0.997030659358658	0
0	0	0	0	0	0	0	0	0	0	0	0	0	0	0	0	0	0	0	0	0	0	0	0	0	0	0	0	0	0	0	0	0	0	0	0	0	0	0	0	0	0	0	0	0	0	0	0	0	0	0	0	0	0	0	0	0	0	0	0	0	0	0	0	0	0	0	0	0	0	0	0	0	0.568367492899424	0.840619151693253	0.954318871757557	0.708178325206027	0.722563888980748	0.973676946394333	0.679588834528708	0	0.991143573290183	0.819631527553731	0.585629445108003	0.81023316686743	0.523501601150273	0.941476692773138	0.911236767883747	0	0
0	0	0	0	0	0	0	0	0	0	0	0	0	0	0	0	0	0	0	0	0	0	0	0	0	0	0	0	0	0	0	0	0	0	0	0	0	0	0	0	0	0	0	0	0	0	0	0	0	0	0	0	0	0	0	0	0	0	0	0	0	0	0	0	0	0	0	0	0	0	0	0.586545407954019	0.838084878357592	0	0.558190566952533	0.735707418766576	0	0.588518093767138	0.654788071397281	0.760613152242505	0.918832555931722	0	0	0.576425379251384	0.612805757456797	0.51121315554684	0.58450189188339	0.964110139537748	0.826146649425299	0
0	0	0	0	0	0	0	0	0	0	0	0	0	0	0	0	0	0	0	0	0	0	0	0	0	0	0	0	0	0	0	0	0	0	0	0	0	0	0	0	0	0	0	0	0	0	0	0	0	0	0	0	0	0	0	0	0	0	0	0	0	0.941399010049437	0	0	0.787484050056266	0	0	0	0	0	0	0	0	0	0	0.650981735936618	0.63661786667536	0.787630689629099	0	0	0.735718672101222	0	0	0	0.62353735614756	0.502803456235046	0.868516631523144	0.639949409632357	0.859792278995064	0
0	0	0	0	0	0	0	0	0	0	0	0	0	0	0	0	0	0	0	0	0	0	0	0	0	0	0	0	0	0	0	0	0	0	0	0	0	0	0	0	0	0	0	0	0	0	0	0	0	0	0	0	0	0	0	0	0	0	0	0	0.55216059747609	0	0	0	0	0	0	0	0	0	0.562175741303098	0	0	0	0	0.558248035529296	0.956553200414715	0.900057259425258	0.599914587272882	0.819164693420784	0.659133426960889	0.620978235133476	0	0	0	0.879881109476795	0.798940536683851	0.615248648845512	0.519854672356331	0.929398917937702
0	0	0	0	0	0	0	0	0	0	0	0	0	0	0	0	0	0	0	0	0	0	0	0	0	0	0	0	0	0	0	0	0	0	0	0	0	0	0	0	0	0	0	0	0	0	0	0	0	0	0	0	0	0	0	0	0	0	0	0	0.821051826619991	0.621594782372416	0	0	0	0	0	0	0	0	0	0	0	0	0	0	0.787295415222514	0.919738634462782	0.606845778639163	0.823086107879582	0.938000502857981	0.725667804952367	0.935150057616366	0	0	0.523195298714549	0.654697510827458	0.955059374616838	0.841403615959916	0.837661081142725
0	0	0	0	0	0	0	0	0	0	0	0	0	0	0	0	0	0	0	0	0	0	0	0	0	0	0	0	0	0	0	0	0	0	0	0	0	0	0	0	0	0	0	0	0	0	0	0	0	0	0	0	0	0	0	0	0	0	0	0	0.542434297074612	0.607099719983981	0.681319515481779	0	0	0	0	0	0	0	0	0	0	0	0	0	0	0	0.822460766391601	0.640169654632775	0.661417745139338	0.504634727098172	0.713580197429943	0.75779837062277	0.515687292510575	0	0.811488554549058	0.602885292956153	0.553939499835843	0.626896668103296
0	0	0	0	0	0	0	0	0	0	0	0	0	0	0	0	0	0	0	0	0	0	0	0	0	0	0	0	0	0	0	0	0	0	0	0	0	0	0	0	0	0	0	0	0	0	0	0	0	0	0	0	0	0	0	0	0	0	0	0	0.978725158945212	0.809605438253307	0.74727423282107	0.977048776078348	0	0.872526116368625	0	0	0	0	0	0	0	0	0	0	0	0	0	0.651900482806474	0.673488128948887	0.727897374086708	0.932978890731414	0.753508129882922	0.645378194959538	0.62300187898047	0	0.741749608010363	0.636614428527526	0.596139156133625
0	0	0	0	0	0	0	0	0	0	0	0	0	0	0	0	0	0	0	0	0	0	0	0	0	0	0	0	0	0	0	0	0	0	0	0	0	0	0	0	0	0	0	0	0	0	0	0	0	0	0	0	0	0	0	0	0	0	0	0	0.804784314489157	0.723866458939611	0	0.824400293182831	0.796978028454023	0	0	0	0	0	0	0	0	0	0	0	0.519002410922613	0	0	0	0.64534804354079	0.539124541504155	0.696557968743237	0.862535375946227	0.859591377290772	0.650296874088295	0.832795908297023	0	0.546346938502897	0.523769468484168
0	0	0	0	0	0	0	0	0	0	0	0	0	0	0	0	0	0	0	0	0	0	0	0	0	0	0	0	0	0	0	0	0	0	0	0	0	0	0	0	0	0	0	0	0	0	0	0	0	0	0	0	0	0	0	0	0	0	0	0	0.872264453096005	0.579990400212121	0.662331857804787	0.634990715797072	0.811808837834403	0.862256287977955	0	0	0	0	0	0	0	0	0	0	0	0	0	0.809510155657304	0	0.74552473244905	0.668205331252861	0.586244425877979	0.866628401105158	0.969422900776655	0.941353200394974	0.888116499516806	0	0.825099065564607
0	0	0	0	0	0	0	0	0	0	0	0	0	0	0	0	0	0	0	0	0	0	0	0	0	0	0	0	0	0	0	0	0	0	0	0	0	0	0	0	0	0	0	0	0	0	0	0	0	0	0	0	0	0	0	0	0	0	0	0	0.857274878257773	0	0.820685811953438	0.607386754313369	0.574488417253266	0.501525544288152	0.697525063650747	0.879189211757607	0	0	0	0	0	0	0	0	0	0	0.7282166237819	0	0	0	0	0.670104089232419	0.613394078936162	0.573588253986373	0.590241186254163	0.932209576830901	0.501733067644554	0
