0	0.625477684030057	0.722280497955715	0	0.511846495318189	0	0	0	0	0	0	0	0	0	0	0	0	0	0	0	0	0.610291654728492	0	0.806048268404631	0	0	0	0.786807753564613	0	0	0	0	0	0	0	0	0	0	0	0	0	0	0	0	0	0	0	0	0	0	0	0	0	0	0	0	0	0	0	0	0	0	0	0	0	0	0	0	0	0	0	0	0	0	0	0	0	0	0	0	0	0	0	0	0	0	0	0	0	0
0.743161579667403	0	0	0	0	0	0.967894353562438	0	0	0	0	0.947676839133814	0	0	0.719937680268736	0	0.940959436148663	0	0	0	0	0	0.677375735943466	0.658194730468113	0	0	0	0.505646421012497	0	0	0	0	0	0	0	0	0	0	0	0	0	0	0	0	0	0	0	0	0	0	0	0	0	0	0	0	0	0	0	0	0	0	0	0	0	0	0	0	0	0	0	0	0	0	0	0	0	0	0	0	0	0	0	0	0	0	0	0	0	0
0.570398494703388	0	0	0.619211647217435	0	0	0	0	0	0	0	0	0.704944887698652	0	0	0.76648599235731	0	0	0.824828401650112	0	0.824834619308187	0	0	0	0	0	0	0.779820053197486	0	0.686210237618179	0	0	0	0	0	0	0	0	0	0	0	0	0	0	0	0	0	0	0	0	0	0	0	0	0	0	0	0	0	0	0	0	0	0	0	0	0	0	0	0	0	0	0	0	0	0	0	0	0	0	0	0	0	0	0	0	0	0	0	0
0	0	0.616143713358294	0	0	0	0.893659064501142	0.832590992813444	0	0.701384702119599	0	0	0	0	0.992370104830158	0	0	0	0	0.906248070305601	0	0	0	0	0	0	0.764709710946161	0	0	0	0	0	0	0	0	0	0	0	0	0	0	0	0	0	0	0	0	0	0	0	0	0	0	0	0	0	0	0	0	0	0	0	0	0	0	0	0	0	0	0	0	0	0	0	0	0	0	0	0	0	0	0	0	0	0	0	0	0	0	0
0.874441132480621	0	0	0	0	0	0	0	0.553421581791806	0	0	0	0	0	0.945521120468391	0	0	0	0	0.710065384424035	0	0	0.800013602772725	0	0	0.574369846266158	0	0	0.915807292386975	0	0	0	0	0	0	0	0	0	0	0	0	0	0	0	0	0	0	0	0	0	0	0	0	0	0	0	0	0	0	0	0	0	0	0	0	0	0	0	0	0	0	0	0	0	0	0	0	0	0	0	0	0	0	0	0	0	0	0	0	0
0	0	0	0	0	0	0	0	0	0	0	0	0	0	0.651618167548995	0	0	0	0	0	0	0	0.572253131156291	0	0.759621418160022	0	0.813020192917966	0	0	0	0	0	0	0	0	0	0	0	0	0	0	0	0	0	0	0	0	0	0	0	0	0	0	0	0	0	0	0	0	0	0	0	0	0	0	0	0	0	0	0	0	0	0	0	0	0	0	0	0	0	0	0	0	0	0	0	0	0	0	0
0	0.872314166511558	0	0.6093370751285	0	0	0	0	0	0.943849729151933	0	0	0	0	0	0	0.623001762778692	0	0	0.844477600664246	0	0.926083044511057	0	0	0	0	0	0.545991319685092	0	0.936321906612453	0	0	0	0	0	0	0	0	0	0	0	0	0	0	0	0	0	0	0	0	0	0	0	0	0	0	0	0	0	0	0	0	0	0	0	0	0	0	0	0	0	0	0	0	0	0	0	0	0	0	0	0	0	0	0	0	0	0	0	0
0	0	0	0.919134569964657	0	0	0	0	0	0.693012914269527	0.913000652272767	0.914534041597825	0.773222393947091	0	0	0.883619859967676	0	0.620222466076869	0	0	0	0.83503751731405	0	0	0	0.531065130218797	0	0	0.949815176809035	0.931011608633472	0	0	0	0	0	0	0	0	0	0	0	0	0	0	0	0	0	0	0	0	0	0	0	0	0	0	0	0	0	0	0	0	0	0	0	0	0	0	0	0	0	0	0	0	0	0	0	0	0	0	0	0	0	0	0	0	0	0	0	0
0	0	0	0	0.773450058044047	0	0	0	0	0	0	0	0.820489549398276	0	0	0.984560447247878	0	0.626028962669662	0	0	0	0	0	0	0	0.876321836312193	0.702958250119301	0.964127725897288	0	0	0	0	0	0	0	0	0	0	0	0	0	0	0	0	0	0	0	0	0	0	0	0	0	0	0	0	0	0	0	0	0	0	0	0	0	0	0	0	0	0	0	0	0	0	0	0	0	0	0	0	0	0	0	0	0	0	0	0	0	0
0	0	0	0.618584442114615	0	0	0.522701779528183	0.635427892769433	0	0	0	0	0	0	0	0	0.884889669860485	0	0	0	0	0	0	0	0.633908209650088	0	0	0	0.870361135110497	0.52456715509422	0	0	0	0	0	0	0	0	0	0	0	0	0	0	0	0	0	0	0	0	0	0	0	0	0	0	0	0	0	0	0	0	0	0	0	0	0	0	0	0	0	0	0	0	0	0	0	0	0	0	0	0	0	0	0	0	0	0	0	0
0	0	0	0	0	0	0	0.668157226953444	0	0	0	0	0.710110781486724	0	0	0.6952589941014	0.650344856385657	0.742792750988151	0	0	0	0.854987229889118	0	0	0	0	0	0	0.509132494388602	0.520457285752418	0	0	0	0	0	0	0	0	0	0	0	0	0	0	0	0	0	0	0	0	0	0	0	0	0	0	0	0	0	0	0	0	0	0	0	0	0	0	0	0	0	0	0	0	0	0	0	0	0	0	0	0	0	0	0	0	0	0	0	0
0	0.580017196944338	0	0	0	0	0	0.860798255529622	0	0	0	0	0.589643682464478	0	0.678583853043737	0.536738529578865	0	0.617216029829584	0	0.707675353410683	0.905076650537833	0	0.810624587029111	0	0	0	0	0	0.847279087300467	0	0	0	0	0	0	0	0	0	0	0	0	0	0	0	0	0	0	0	0	0	0	0	0	0	0	0	0	0	0	0	0	0	0	0	0	0	0	0	0	0	0	0	0	0	0	0	0	0	0	0	0	0	0	0	0	0	0	0	0	0
0	0	0.502726598327039	0	0	0	0	0.901407382620443	0.756526278772074	0	0.688865701538399	0.978640707978783	0	0	0	0.792953858742557	0	0.787969408960168	0	0	0.546022068883308	0.651150585208288	0	0.793517143132334	0.505562463247487	0	0	0	0	0	0	0	0	0	0	0	0	0	0	0	0	0	0	0	0	0	0	0	0	0	0	0	0	0	0	0	0	0	0	0	0	0	0	0	0	0	0	0	0	0	0	0	0	0	0	0	0	0	0	0	0	0	0	0	0	0	0	0	0	0
0	0	0	0	0	0	0	0	0	0	0	0	0	0	0.612449088292081	0.501486481784248	0	0.877903211004491	0	0	0.956600723901173	0	0	0	0	0	0	0	0.807141266831515	0	0	0	0	0	0	0	0	0	0	0	0	0	0	0	0	0	0	0	0	0	0	0	0	0	0	0	0	0	0	0	0	0	0	0	0	0	0	0	0	0	0	0	0	0	0	0	0	0	0	0	0	0	0	0	0	0	0	0	0	0
0	0.996037034598777	0	0.539872488435888	0.740685498343126	0.567852318234555	0	0	0	0	0	0.631604136016544	0	0.8521835073666	0	0	0	0.955573006914715	0	0	0	0	0	0	0	0.779515415364807	0.803999199609129	0	0	0	0	0	0	0	0	0	0	0	0	0	0	0	0	0	0	0	0	0	0	0	0	0	0	0	0	0	0	0	0	0	0	0	0	0	0	0	0	0	0	0	0	0	0	0	0	0	0	0	0	0	0	0	0	0	0	0	0	0	0	0
0	0	0.982893765603052	0	0	0	0	0.614790151090568	0.635334804038843	0	0.709385839643282	0.58706917444093	0.945182864446884	0.717677116381602	0	0	0	0.672943591178649	0	0.934009608920388	0	0	0	0	0	0.870386093894612	0	0	0	0	0	0	0	0	0	0	0	0	0	0	0	0	0	0	0	0	0	0	0	0	0	0	0	0	0	0	0	0	0	0	0	0	0	0	0	0	0	0	0	0	0	0	0	0	0	0	0	0	0	0	0	0	0	0	0	0	0	0	0	0
0	0.848154602077445	0	0	0	0	0.562924194160519	0	0	0.552318438973009	0.801708314070745	0	0	0	0	0	0	0.788610433743514	0.880617297520993	0	0	0.691088288922791	0	0	0.763363739668591	0	0	0	0	0	0	0	0	0	0	0	0	0	0	0	0	0	0	0	0	0	0	0	0	0	0	0	0	0	0	0	0	0	0	0	0	0	0	0	0	0	0	0	0	0	0	0	0	0	0	0	0	0	0	0	0	0	0	0	0	0	0	0	0	0
0	0	0	0	0	0	0	0.908115862060644	0.58736507814825	0	0.916226596663483	0.978539173232056	0.900600849564352	0.763803381379766	0.752323531519408	0.774056898759002	0.741350590762484	0	0	0.584832830246835	0	0	0.792529109078015	0	0	0	0	0	0	0	0	0	0	0	0	0	0	0	0	0	0	0	0	0	0	0	0	0	0	0	0	0	0	0	0	0	0	0	0	0	0	0	0	0	0	0	0	0	0	0	0	0	0	0	0	0	0	0	0	0	0	0	0	0	0	0	0	0	0	0
0	0	0.967252727651796	0	0	0	0	0	0	0	0	0	0	0	0	0	0.908489130521966	0	0	0	0.659661064746577	0	0.883584505613239	0	0	0.959834801096426	0	0.646031422968619	0	0	0	0	0	0	0	0	0	0	0	0	0	0	0	0	0	0	0	0	0	0	0	0	0	0	0	0	0	0	0	0	0	0	0	0	0	0	0	0	0	0	0	0	0	0	0	0	0	0	0	0	0	0	0	0	0	0	0	0	0	0
0	0	0	0.677480630893238	0.949579645693799	0	0.868828722196469	0	0	0	0	0.564307097269054	0	0	0	0.542136720386504	0	0.669816513266262	0	0	0.838281695209343	0	0	0	0	0	0	0	0	0	0	0	0	0	0	0	0	0	0	0	0	0	0	0	0	0	0	0	0	0	0	0	0	0	0	0	0	0	0	0	0	0	0	0	0	0	0	0	0	0	0	0	0	0	0	0	0	0	0	0	0	0	0	0	0	0	0	0	0	0
0	0	0.606681266071204	0	0	0	0	0	0	0	0	0.603999512949064	0.677517670830493	0.800634482479291	0	0	0	0	0.920154788569625	0.787134259024018	0	0.961892365544687	0	0.934248442201373	0	0	0	0	0	0	0	0	0	0	0	0	0	0	0	0	0	0	0	0	0	0	0	0	0	0	0	0	0	0	0	0	0	0	0	0	0	0	0	0	0	0	0	0	0	0	0	0	0	0	0	0	0	0	0	0	0	0	0	0	0	0	0	0	0	0
0.654185949231658	0	0	0	0	0	0.828069356548842	0.609091010499684	0	0	0.505351005325182	0	0.82782177864083	0	0	0	0.570667753353021	0	0	0	0.651165600664017	0	0	0	0	0	0	0	0.528156580889162	0	0	0	0	0	0	0	0	0	0	0	0	0	0	0	0	0	0	0	0	0	0	0	0	0	0	0	0	0	0	0	0	0	0	0	0	0	0	0	0	0	0	0	0	0	0	0	0	0	0	0	0	0	0	0	0	0	0	0	0	0
0	0.848076053058097	0	0	0.687753745692495	0.579459684225223	0	0	0	0	0	0.914814605144651	0	0	0	0	0	0.771151484215865	0.684182348250403	0	0	0	0	0.519348563351929	0	0	0.790772007669783	0	0.942871632875732	0	0	0	0	0	0	0	0	0	0	0	0	0	0	0	0	0	0	0	0	0	0	0	0	0	0	0	0	0	0	0	0	0	0	0	0	0	0	0	0	0	0	0	0	0	0	0	0	0	0	0	0	0	0	0	0	0	0	0	0	0
0.611570482487679	0.564197864778802	0	0	0	0	0	0	0	0	0	0	0.56588022142355	0	0	0	0	0	0	0	0.714343753386024	0	0.729679602071889	0	0	0.840858910368774	0	0	0.833368648292334	0	0	0	0	0	0	0	0	0	0	0	0	0	0	0	0	0	0	0	0	0	0	0	0	0	0	0	0	0	0	0	0	0	0	0	0	0	0	0	0	0	0	0	0	0	0	0	0	0	0	0	0	0	0	0	0	0	0	0	0	0
0	0	0	0	0	0.655938194883182	0	0	0	0.850323976667801	0	0	0.738769467761913	0	0	0	0.952837601850618	0	0	0	0	0	0	0	0	0.96140128308722	0.896627074331926	0	0.741434944789868	0	0	0	0	0	0	0	0	0	0	0	0	0	0	0	0	0	0	0	0	0	0	0	0	0	0	0	0	0	0	0	0	0	0	0	0	0	0	0	0	0	0	0	0	0	0	0	0	0	0	0	0	0	0	0	0	0	0	0	0	0
0	0	0	0	0.840207405372814	0	0	0.862737860000842	0.60940178051273	0	0	0	0	0	0.678526306987426	0.805277719425455	0	0	0.993100492109687	0	0	0	0	0.632949599380541	0.86149280980229	0	0	0	0	0.687665414549873	0	0	0	0	0	0	0	0	0	0	0	0	0	0	0	0	0	0	0	0	0	0	0	0	0	0	0	0	0	0	0	0	0	0	0	0	0	0	0	0	0	0	0	0	0	0	0	0	0	0	0	0	0	0	0	0	0	0	0	0
0	0	0	0.781906518011986	0	0.519132362448727	0	0	0.584883417653157	0	0	0	0	0	0.686340756818194	0	0	0	0	0	0	0	0.53106670979534	0	0.618697661794443	0	0	0	0.783543447761126	0.581506312071253	0	0	0	0	0	0	0	0	0	0	0	0	0	0	0	0	0	0	0	0	0	0	0	0	0	0	0	0	0	0	0	0	0	0	0	0	0	0	0	0	0	0	0	0	0	0	0	0	0	0	0	0	0	0	0	0	0	0	0	0
0.70129111088965	0.594021805943556	0.650867836584264	0	0	0	0.504279513554114	0	0.95137591696366	0	0	0	0	0	0	0	0	0	0.799186742832985	0	0	0	0	0	0	0	0	0	0	0.991483775061902	0	0	0	0	0	0	0	0	0	0	0	0	0	0	0	0	0	0	0	0	0	0	0	0	0	0	0	0	0	0	0	0	0	0	0	0	0	0	0	0	0	0	0	0	0	0	0	0	0	0	0	0	0	0	0	0	0	0	0	0
0	0	0	0	0.960635286951778	0	0	0.877495890098267	0	0.849840380346973	0.794173559375287	0.547561323727714	0	0.947182976041132	0	0	0	0	0	0	0	0.663600763805711	0.973111295023978	0.957125530311487	0.826990919852358	0	0.820534391384653	0	0	0	0	0	0	0	0	0	0	0	0	0	0	0	0	0	0	0	0	0	0	0	0	0	0	0	0	0	0	0	0	0	0	0	0	0	0	0	0	0	0	0	0	0	0	0	0	0	0	0	0	0	0	0	0	0	0	0	0	0	0	0
0	0	0.74841846460673	0	0	0	0.719378561378553	0.993032930446092	0	0.895666198061869	0.908177463851393	0	0	0	0	0	0	0	0	0	0	0	0	0	0	0.901585369040947	0.729836967369398	0.909252834349753	0	0	0	0	0	0	0	0	0	0	0	0	0	0	0	0	0	0	0	0	0	0	0	0	0	0	0	0	0	0	0	0	0	0	0	0	0	0	0	0	0	0	0	0	0	0	0	0	0	0	0	0	0	0	0	0	0	0	0	0	0	0
0	0	0	0	0	0	0	0	0	0	0	0	0	0	0	0	0	0	0	0	0	0	0	0	0	0	0	0	0	0	0	0.511710411029194	0	0.92747374869802	0.554827744951881	0.531547920845204	0	0.790527336298962	0	0	0	0	0	0.583256820260042	0	0	0.727770793224148	0	0	0	0	0.781429140404925	0.812557924541771	0	0	0.706653737528098	0.522164945694057	0	0.881337697918004	0.619420181231877	0	0	0	0	0	0	0	0	0	0	0	0	0	0	0	0	0	0	0	0	0	0	0	0	0	0	0	0	0	0
0	0	0	0	0	0	0	0	0	0	0	0	0	0	0	0	0	0	0	0	0	0	0	0	0	0	0	0	0	0	0.972020173161128	0	0.713562765374526	0.749318897918726	0	0.644048858510903	0	0.692269426556499	0.798613938605167	0	0.971964026920263	0	0.876220160718923	0	0	0	0	0.781620679214598	0	0	0	0	0	0.547631894728744	0.597481339899659	0.696593880388907	0.968723112395256	0	0	0	0	0	0	0	0	0	0	0	0	0	0	0	0	0	0	0	0	0	0	0	0	0	0	0	0	0	0	0	0	0
0	0	0	0	0	0	0	0	0	0	0	0	0	0	0	0	0	0	0	0	0	0	0	0	0	0	0	0	0	0	0	0.933800113184377	0	0.733364144657376	0	0.957917374629862	0	0.748676741782725	0.933973347097458	0.868471389798978	0	0	0	0	0	0	0	0	0	0	0.738431503239057	0	0.67508417272799	0	0	0.673318659894053	0.542168354713731	0.518184223107938	0.769187382105467	0	0	0	0	0	0	0	0	0	0	0	0	0	0	0	0	0	0	0	0	0	0	0	0	0	0	0	0	0	0	0
0	0	0	0	0	0	0	0	0	0	0	0	0	0	0	0	0	0	0	0	0	0	0	0	0	0	0	0	0	0	0.572870405859235	0.631082318678991	0.841143023754207	0	0	0.678126859120844	0	0.60023220214969	0.725873956810369	0.570015936379652	0.778408118454572	0	0	0	0	0.685982146967272	0.906349799903946	0	0	0.821180519031223	0	0	0	0	0.776622667369757	0	0.702096295075407	0.823314484803112	0.623575916735904	0.806104847001442	0	0	0	0	0	0	0	0	0	0	0	0	0	0	0	0	0	0	0	0	0	0	0	0	0	0	0	0	0	0
0	0	0	0	0	0	0	0	0	0	0	0	0	0	0	0	0	0	0	0	0	0	0	0	0	0	0	0	0	0	0.591640713752461	0	0	0	0	0	0	0.510503376867854	0.528202421963786	0.942951759015927	0.943277782613562	0.670002403096454	0.816492190324211	0	0	0	0	0	0.786447447750778	0	0	0.563510772556217	0.653162021748573	0	0.531216529645356	0	0	0.865561972409281	0.641135572642078	0	0	0	0	0	0	0	0	0	0	0	0	0	0	0	0	0	0	0	0	0	0	0	0	0	0	0	0	0	0	0
0	0	0	0	0	0	0	0	0	0	0	0	0	0	0	0	0	0	0	0	0	0	0	0	0	0	0	0	0	0	0.791600620947233	0.677703571537664	0.57698843837307	0.774501832514679	0	0	0.661712300702604	0.741591077392245	0.733260337526109	0	0.782680064763327	0.971246935204325	0	0	0.538441972156119	0	0	0	0	0.955801657967511	0	0	0	0	0	0	0	0	0.576206427439138	0.979006773678575	0	0	0	0	0	0	0	0	0	0	0	0	0	0	0	0	0	0	0	0	0	0	0	0	0	0	0	0	0	0
0	0	0	0	0	0	0	0	0	0	0	0	0	0	0	0	0	0	0	0	0	0	0	0	0	0	0	0	0	0	0	0	0	0	0	0.640410386628731	0	0	0.979817307522378	0.833260726474185	0	0.635754723334471	0.712708445490942	0.747137509980658	0	0	0	0	0	0	0	0.855058822851912	0	0	0	0	0.866030539670316	0.901403046771125	0.966440930140458	0.688987103457694	0	0	0	0	0	0	0	0	0	0	0	0	0	0	0	0	0	0	0	0	0	0	0	0	0	0	0	0	0	0
0	0	0	0	0	0	0	0	0	0	0	0	0	0	0	0	0	0	0	0	0	0	0	0	0	0	0	0	0	0	0.718753541766797	0.731520513372477	0.538058798089197	0.55299156399791	0.755780997815319	0.989584180917152	0	0	0	0.618999081635589	0.550777643984554	0	0.859377240746612	0.801595022130043	0.874628729595506	0.906137206392903	0	0	0	0	0.631572796564663	0	0	0	0	0.994119477012484	0	0	0.589918220479631	0	0	0	0	0	0	0	0	0	0	0	0	0	0	0	0	0	0	0	0	0	0	0	0	0	0	0	0	0	0	0
0	0	0	0	0	0	0	0	0	0	0	0	0	0	0	0	0	0	0	0	0	0	0	0	0	0	0	0	0	0	0	0.607412734573702	0.659145903886664	0.92902029264697	0.908837548374923	0.844810364760598	0.754413641869118	0	0	0.966362815770541	0.944898402763722	0.802953454553171	0.894707337515595	0.995690840343376	0.782504703880615	0.69002542564971	0	0	0	0	0	0	0.74237471571047	0	0.839982175083348	0	0	0	0	0	0	0	0	0	0	0	0	0	0	0	0	0	0	0	0	0	0	0	0	0	0	0	0	0	0	0	0	0	0	0
0	0	0	0	0	0	0	0	0	0	0	0	0	0	0	0	0	0	0	0	0	0	0	0	0	0	0	0	0	0	0	0	0.951772942764485	0.61509159938885	0.676266669761026	0	0.855685864315572	0.900378181750531	0.919402400390692	0	0.645431607983754	0	0.580713249705591	0.705914476216924	0.658877527786545	0	0.779679421685948	0	0.968335528610916	0	0.952854043617814	0	0	0	0	0.775006104838811	0	0	0	0.747216512776473	0	0	0	0	0	0	0	0	0	0	0	0	0	0	0	0	0	0	0	0	0	0	0	0	0	0	0	0	0	0
0	0	0	0	0	0	0	0	0	0	0	0	0	0	0	0	0	0	0	0	0	0	0	0	0	0	0	0	0	0	0	0.899745533979735	0	0.507646293925232	0.538193943568679	0.926212667293597	0	0.503929372905127	0.811549566713622	0.813278916621176	0	0.624103669426109	0.680376472472291	0.521576835855044	0.78805101200361	0.962320058018791	0	0.545363948691414	0	0	0	0	0	0	0	0	0	0	0	0	0	0	0	0	0	0	0	0	0	0	0	0	0	0	0	0	0	0	0	0	0	0	0	0	0	0	0	0	0	0
0	0	0	0	0	0	0	0	0	0	0	0	0	0	0	0	0	0	0	0	0	0	0	0	0	0	0	0	0	0	0	0	0	0	0.863745978750617	0.681317542609172	0.558097822820938	0	0.643489518573185	0	0.69164569584319	0	0.84311041531548	0.729332300377513	0.804250422980553	0.523439405092208	0.736706348913746	0.544878888174272	0	0	0	0	0.753337914950384	0	0.638312053053943	0.507400312990857	0	0	0	0	0	0	0	0	0	0	0	0	0	0	0	0	0	0	0	0	0	0	0	0	0	0	0	0	0	0	0	0	0	0
0	0	0	0	0	0	0	0	0	0	0	0	0	0	0	0	0	0	0	0	0	0	0	0	0	0	0	0	0	0	0	0.816064181289464	0	0	0.693114474114113	0	0.985699052054038	0.913283092870908	0.956886392229342	0.50638376113075	0.560540106695146	0.976320218909372	0	0	0.900100384173593	0.765956344173719	0.697453582101448	0.925400306011294	0.616352316607011	0.857789470899087	0	0	0	0.758319705216404	0	0	0	0	0	0	0	0	0	0	0	0	0	0	0	0	0	0	0	0	0	0	0	0	0	0	0	0	0	0	0	0	0	0	0	0
0	0	0	0	0	0	0	0	0	0	0	0	0	0	0	0	0	0	0	0	0	0	0	0	0	0	0	0	0	0	0.754875491406651	0	0	0	0	0	0.770636981727429	0.995230758174006	0.903691883318698	0.958159436981057	0.716369064292268	0.71845392935371	0	0	0	0.858694693488169	0.679318993668212	0.625161632032203	0.796529787514667	0.804446263186378	0.519085057298657	0	0	0.995932935987776	0	0	0	0	0	0.988974466504948	0	0	0	0	0	0	0	0	0	0	0	0	0	0	0	0	0	0	0	0	0	0	0	0	0	0	0	0	0	0
0	0	0	0	0	0	0	0	0	0	0	0	0	0	0	0	0	0	0	0	0	0	0	0	0	0	0	0	0	0	0	0	0	0	0	0.849369047068993	0	0.510673068758867	0.763409205929849	0.899096647033346	0.731196810498096	0.554880998335108	0.805740270195882	0	0	0	0	0.897187997232714	0.978661357078642	0	0.88904698423766	0.931758297168422	0.988044369335215	0.78692983774656	0	0	0	0	0.634495613415062	0.512695212900184	0	0	0	0	0	0	0	0	0	0	0	0	0	0	0	0	0	0	0	0	0	0	0	0	0	0	0	0	0	0
0	0	0	0	0	0	0	0	0	0	0	0	0	0	0	0	0	0	0	0	0	0	0	0	0	0	0	0	0	0	0	0	0	0.507773970322603	0	0	0	0.561408292316664	0.806831515273797	0	0.517990699614886	0.618932040393413	0.939901704650929	0.924148731828629	0	0	0.610799368136695	0	0.956801686880336	0.523732163601433	0.634663899124026	0.754363835879353	0	0	0	0	0	0	0	0	0	0	0	0	0	0	0	0	0	0	0	0	0	0	0	0	0	0	0	0	0	0	0	0	0	0	0	0	0	0
0	0	0	0	0	0	0	0	0	0	0	0	0	0	0	0	0	0	0	0	0	0	0	0	0	0	0	0	0	0	0.692941539014702	0	0	0.654113733309419	0	0	0	0	0	0.866373520541774	0	0.774728173352209	0.626425284602878	0.791602651672872	0	0.817571726575927	0	0	0	0.952864280994781	0.97358053060801	0.778290507084937	0.835532262302615	0.528930432839249	0	0	0	0.883257926015685	0.538962901539712	0	0	0	0	0	0	0	0	0	0	0	0	0	0	0	0	0	0	0	0	0	0	0	0	0	0	0	0	0	0	0
0	0	0	0	0	0	0	0	0	0	0	0	0	0	0	0	0	0	0	0	0	0	0	0	0	0	0	0	0	0	0	0.593509892964218	0	0	0	0	0	0	0	0	0.964514610275681	0.798243238782367	0.718869926233967	0.988813324798399	0.96987977721882	0	0	0	0.876563033370852	0.581650596614681	0.819974631369066	0.618224911440601	0.642430951581245	0.615699702176462	0.899367168137222	0	0	0	0.871619666590863	0	0	0	0	0	0	0	0	0	0	0	0	0	0	0	0	0	0	0	0	0	0	0	0	0	0	0	0	0	0	0
0	0	0	0	0	0	0	0	0	0	0	0	0	0	0	0	0	0	0	0	0	0	0	0	0	0	0	0	0	0	0	0	0	0	0.659389902585668	0	0	0	0	0.523012700287286	0	0	0.812451130397143	0.535862303456096	0.994059417834684	0.944010245939179	0	0.759726130595928	0	0.942017398444769	0.796325686983901	0.849168485635201	0.677922084723169	0.904377032705936	0.582628808983789	0	0	0	0	0.687505151746047	0	0	0	0	0	0	0	0	0	0	0	0	0	0	0	0	0	0	0	0	0	0	0	0	0	0	0	0	0	0
0	0	0	0	0	0	0	0	0	0	0	0	0	0	0	0	0	0	0	0	0	0	0	0	0	0	0	0	0	0	0	0	0	0.616003041844961	0	0.816794213603165	0	0	0	0	0	0	0.517569154426138	0.624097608218563	0	0.661636360206344	0.622799007942474	0.663193810601138	0.595310206145176	0	0.691752080435042	0	0	0.926321680760311	0.92392141671767	0.766270518700483	0.534869485736518	0	0.774199708614188	0.945602642297872	0	0	0	0	0	0	0	0	0	0	0	0	0	0	0	0	0	0	0	0	0	0	0	0	0	0	0	0	0	0
0	0	0	0	0	0	0	0	0	0	0	0	0	0	0	0	0	0	0	0	0	0	0	0	0	0	0	0	0	0	0	0	0.951501843185951	0	0	0	0	0.929707517009715	0	0.680799967883949	0	0	0	0.550342153206857	0.983440179264282	0.648722999337573	0.701328904842489	0.937933563169556	0.80609295600191	0.8985660110178	0	0.541640940624579	0	0.538364599267491	0.605090403504949	0.799636718178905	0.93867887974907	0.817031392365172	0	0	0	0	0	0	0	0	0	0	0	0	0	0	0	0	0	0	0	0	0	0	0	0	0	0	0	0	0	0	0	0
0	0	0	0	0	0	0	0	0	0	0	0	0	0	0	0	0	0	0	0	0	0	0	0	0	0	0	0	0	0	0.65301794128791	0	0	0	0.819563459100416	0	0.982318270112698	0	0	0	0	0	0	0	0.541791170909265	0.954000585040544	0.858464932356151	0.695861871882838	0.998597538601594	0	0.861296573583386	0	0	0.919912089416713	0	0.539742170176071	0	0.784175396133418	0.851245454085772	0	0	0	0	0	0	0	0	0	0	0	0	0	0	0	0	0	0	0	0	0	0	0	0	0	0	0	0	0	0	0
0	0	0	0	0	0	0	0	0	0	0	0	0	0	0	0	0	0	0	0	0	0	0	0	0	0	0	0	0	0	0.913255895077312	0	0.63898616895551	0	0.87576512908495	0	0	0	0.749373770290536	0	0	0.530076620142879	0	0	0.598664861860098	0	0.535925075610015	0.585893956407017	0.791717339745276	0	0	0	0	0.505574833864127	0.679077379749838	0.96851572172381	0.613061833912967	0	0.904121425783653	0.957534827550209	0	0	0	0	0	0	0	0	0	0	0	0	0	0	0	0	0	0	0	0	0	0	0	0	0	0	0	0	0	0
0	0	0	0	0	0	0	0	0	0	0	0	0	0	0	0	0	0	0	0	0	0	0	0	0	0	0	0	0	0	0	0.96178184634402	0	0	0	0	0	0	0	0	0	0	0.939278118717774	0.695058560288072	0.654164438881555	0	0.598428944461757	0.91067462480101	0.84034810860519	0.604081857754343	0.520508218899085	0.530078173130639	0.75131125936227	0	0.918149723197734	0.93707457169801	0.566311594164375	0.744069678730382	0.698046168791512	0	0	0	0	0	0	0	0	0	0	0	0	0	0	0	0	0	0	0	0	0	0	0	0	0	0	0	0	0	0	0
0	0	0	0	0	0	0	0	0	0	0	0	0	0	0	0	0	0	0	0	0	0	0	0	0	0	0	0	0	0	0	0.847158446665503	0	0.977100529299851	0.830982978561537	0	0	0	0.635423633827403	0	0	0.597574519259911	0	0	0	0	0	0.55083817032715	0.859946317697986	0.948235176014869	0.608461061873348	0	0.768843575469306	0.674152376209797	0	0.556726024788192	0	0.854099953210065	0	0.882057949906644	0	0	0	0	0	0	0	0	0	0	0	0	0	0	0	0	0	0	0	0	0	0	0	0	0	0	0	0	0	0
0	0	0	0	0	0	0	0	0	0	0	0	0	0	0	0	0	0	0	0	0	0	0	0	0	0	0	0	0	0	0.537612203704913	0.615930935322575	0.642751536737799	0	0	0	0	0.669571510736318	0	0.921054542054843	0	0.69143161156627	0	0	0	0	0	0	0	0.890555061033938	0.812146446007696	0.594039403106019	0.830007532845137	0.8435053369486	0.960050526902806	0	0	0	0.752053390725634	0.862980655309115	0	0	0	0	0	0	0	0	0	0	0	0	0	0	0	0	0	0	0	0	0	0	0	0	0	0	0	0	0	0
0	0	0	0	0	0	0	0	0	0	0	0	0	0	0	0	0	0	0	0	0	0	0	0	0	0	0	0	0	0	0.852474801940186	0.977884127446822	0.529968478127752	0.967862354201178	0	0	0.774063478154692	0	0	0	0	0	0	0	0	0	0	0	0	0.615463968976765	0.545275648898748	0	0.71274422570796	0.679100994684393	0	0	0	0.969294949032459	0.568818230716356	0.511018356919088	0	0	0	0	0	0	0	0	0	0	0	0	0	0	0	0	0	0	0	0	0	0	0	0	0	0	0	0	0	0
0	0	0	0	0	0	0	0	0	0	0	0	0	0	0	0	0	0	0	0	0	0	0	0	0	0	0	0	0	0	0	0	0.859232347948435	0.856225068594225	0.960952423132182	0	0.518116182114118	0	0	0	0	0	0	0	0	0	0.876733017937987	0	0	0	0.932110235655928	0.86537242217248	0	0.75231439057767	0.658208405081766	0	0.515853323461344	0	0.769449359284595	0.767423760377965	0	0	0	0	0	0	0	0	0	0	0	0	0	0	0	0	0	0	0	0	0	0	0	0	0	0	0	0	0	0
0	0	0	0	0	0	0	0	0	0	0	0	0	0	0	0	0	0	0	0	0	0	0	0	0	0	0	0	0	0	0.670551436744411	0	0.643046755411671	0.733874105832595	0.832223404694622	0.58607764415933	0.548528225007818	0.691136821788295	0	0	0	0	0	0	0.730336170636298	0	0.640844372429368	0.649897406054382	0	0.738962870547504	0	0.510116681385319	0.95141916205166	0.558943446952856	0	0.923354712605806	0.771924702562938	0.639559896525937	0	0	0	0	0	0	0	0	0	0	0	0	0	0	0	0	0	0	0	0	0	0	0	0	0	0	0	0	0	0	0	0
0	0	0	0	0	0	0	0	0	0	0	0	0	0	0	0	0	0	0	0	0	0	0	0	0	0	0	0	0	0	0.82931442854167	0	0	0.69555495072585	0	0.863919276834369	0.928839270366148	0	0	0.715799535785359	0	0	0	0.582519530348368	0.762980496017687	0	0	0	0.617159611236181	0.933103379940417	0	0	0.504081152095005	0	0.605335184428127	0.669672729674892	0.792046421079	0.607920932109567	0	0	0	0	0	0	0	0	0	0	0	0	0	0	0	0	0	0	0	0	0	0	0	0	0	0	0	0	0	0	0	0
0	0	0	0	0	0	0	0	0	0	0	0	0	0	0	0	0	0	0	0	0	0	0	0	0	0	0	0	0	0	0	0	0	0	0	0	0	0	0	0	0	0	0	0	0	0	0	0	0	0	0	0	0	0	0	0	0	0	0	0	0	0.689044711016266	0.746816761573996	0.555818821565139	0.951532376725943	0.818300822254627	0	0	0	0	0	0	0	0	0	0	0	0	0	0	0	0	0	0	0	0	0.658788826048586	0	0.549684174424711	0.545207911411637
0	0	0	0	0	0	0	0	0	0	0	0	0	0	0	0	0	0	0	0	0	0	0	0	0	0	0	0	0	0	0	0	0	0	0	0	0	0	0	0	0	0	0	0	0	0	0	0	0	0	0	0	0	0	0	0	0	0	0	0	0.567438642742594	0	0.595540428853574	0.859092972045056	0.909502849177765	0.758620733742362	0.744703107545243	0	0	0	0	0	0	0	0	0	0	0	0	0	0	0	0	0	0	0	0.912716114435934	0.981631894639081	0	0.690047496291205
0	0	0	0	0	0	0	0	0	0	0	0	0	0	0	0	0	0	0	0	0	0	0	0	0	0	0	0	0	0	0	0	0	0	0	0	0	0	0	0	0	0	0	0	0	0	0	0	0	0	0	0	0	0	0	0	0	0	0	0	0.79211551055305	0.75842108879576	0	0.987609524725138	0.77148311679851	0.686283679967383	0	0.985503829946626	0	0	0	0	0.854173760303989	0	0	0	0	0	0	0	0.526050034340166	0	0	0	0	0	0	0.667582694182211	0.995681040596774	0.996432319976247
0	0	0	0	0	0	0	0	0	0	0	0	0	0	0	0	0	0	0	0	0	0	0	0	0	0	0	0	0	0	0	0	0	0	0	0	0	0	0	0	0	0	0	0	0	0	0	0	0	0	0	0	0	0	0	0	0	0	0	0	0.530683982112836	0.825461623020817	0.982761759289626	0	0	0.523952077197421	0.777872577715132	0.784341966768023	0.856412390270851	0	0	0	0	0	0	0	0	0	0	0	0.612638087438358	0	0	0	0	0	0	0	0.618555196414013	0.799939767750751
0	0	0	0	0	0	0	0	0	0	0	0	0	0	0	0	0	0	0	0	0	0	0	0	0	0	0	0	0	0	0	0	0	0	0	0	0	0	0	0	0	0	0	0	0	0	0	0	0	0	0	0	0	0	0	0	0	0	0	0	0.794279095487138	0.515651909061101	0.629785872861687	0	0	0.993504000723385	0.542019649962564	0.737622475676846	0.879447002514874	0.935230483935704	0	0	0	0	0	0	0	0	0	0	0	0	0	0	0	0.814665383905394	0	0	0	0.541223120495021
0	0	0	0	0	0	0	0	0	0	0	0	0	0	0	0	0	0	0	0	0	0	0	0	0	0	0	0	0	0	0	0	0	0	0	0	0	0	0	0	0	0	0	0	0	0	0	0	0	0	0	0	0	0	0	0	0	0	0	0	0.69054908194886	0.741654351965635	0.757499727533285	0.811774454067339	0.721971437360512	0	0.62466549756614	0.509076945533237	0.55802494734398	0	0	0	0	0	0	0	0	0.749898465556069	0	0.606112509906714	0	0	0	0	0	0	0	0	0.823099221976381	0
0	0	0	0	0	0	0	0	0	0	0	0	0	0	0	0	0	0	0	0	0	0	0	0	0	0	0	0	0	0	0	0	0	0	0	0	0	0	0	0	0	0	0	0	0	0	0	0	0	0	0	0	0	0	0	0	0	0	0	0	0	0.669526799756965	0	0.648883981376097	0.775542028962527	0.7799725771516	0	0.507580506007988	0.976350838368949	0.731746310515958	0	0.770702248524893	0	0	0	0	0	0	0	0	0	0	0	0.876890348881298	0	0	0	0	0	0
0	0	0	0	0	0	0	0	0	0	0	0	0	0	0	0	0	0	0	0	0	0	0	0	0	0	0	0	0	0	0	0	0	0	0	0	0	0	0	0	0	0	0	0	0	0	0	0	0	0	0	0	0	0	0	0	0	0	0	0	0	0	0.826429264489127	0.896734856665776	0.598688459318021	0.741931524883868	0.899596775007504	0	0.930967034882267	0.57385525495179	0.535766596329104	0.540524657710046	0.646646252172419	0	0	0	0	0	0	0	0	0	0	0	0	0	0	0	0	0
0	0	0	0	0	0	0	0	0	0	0	0	0	0	0	0	0	0	0	0	0	0	0	0	0	0	0	0	0	0	0	0	0	0	0	0	0	0	0	0	0	0	0	0	0	0	0	0	0	0	0	0	0	0	0	0	0	0	0	0	0	0	0	0.755253845734016	0.65697430518651	0.672438965557948	0.984430386716259	0.994293901594044	0	0.667545507971723	0.683021413571069	0.719186125423554	0.614416529051581	0.63282767163465	0	0	0	0	0	0	0	0	0	0	0	0	0	0	0	0
0	0	0	0	0	0	0	0	0	0	0	0	0	0	0	0	0	0	0	0	0	0	0	0	0	0	0	0	0	0	0	0	0	0	0	0	0	0	0	0	0	0	0	0	0	0	0	0	0	0	0	0	0	0	0	0	0	0	0	0	0	0	0	0	0.863009672132961	0	0.765324090568338	0.606279807542433	0.759662189714521	0	0.731574007800605	0.928297817100715	0.901837725580922	0.809191279986177	0.624652671756397	0	0	0	0.896393324100978	0	0	0	0	0	0	0	0	0	0	0
0	0	0	0	0	0	0	0	0	0	0	0	0	0	0	0	0	0	0	0	0	0	0	0	0	0	0	0	0	0	0	0	0	0	0	0	0	0	0	0	0	0	0	0	0	0	0	0	0	0	0	0	0	0	0	0	0	0	0	0	0	0	0	0	0	0	0	0.763829323233722	0.808881085795934	0.922343911102251	0	0.647263095836557	0.545084498070754	0	0.869918712253463	0.69097668276535	0	0	0	0	0	0	0	0.687472131036018	0.573649849952915	0	0.515129126811684	0	0	0
0	0	0	0	0	0	0	0	0	0	0	0	0	0	0	0	0	0	0	0	0	0	0	0	0	0	0	0	0	0	0	0	0	0	0	0	0	0	0	0	0	0	0	0	0	0	0	0	0	0	0	0	0	0	0	0	0	0	0	0	0	0	0	0	0	0	0.602591162536074	0.826458349619461	0.711456915749625	0.808509300546208	0.526406592958221	0	0.745294217958345	0.784087907018919	0.727926246999143	0.713987744167303	0.585757942411996	0	0	0	0	0	0	0	0	0	0	0	0	0
0	0	0	0	0	0	0	0	0	0	0	0	0	0	0	0	0	0	0	0	0	0	0	0	0	0	0	0	0	0	0	0	0	0	0	0	0	0	0	0	0	0	0	0	0	0	0	0	0	0	0	0	0	0	0	0	0	0	0	0	0	0	0.7456875569671	0	0	0	0	0.770486062963183	0.771684880802618	0.935331145687263	0.886586418484774	0.577084390003023	0	0	0.795498781407473	0.519831571332166	0.607458579047359	0.769849085014213	0	0	0	0	0	0	0	0	0	0	0	0
0	0	0	0	0	0	0	0	0	0	0	0	0	0	0	0	0	0	0	0	0	0	0	0	0	0	0	0	0	0	0	0	0	0	0	0	0	0	0	0	0	0	0	0	0	0	0	0	0	0	0	0	0	0	0	0	0	0	0	0	0	0	0	0	0	0	0	0	0.816936360420169	0.787420564119009	0	0.512087409829786	0	0	0.691390335985104	0.830211373366645	0.884066384847935	0.596570436130595	0.603958108942193	0	0	0	0	0	0	0	0	0	0	0
0	0	0	0	0	0	0	0	0	0	0	0	0	0	0	0	0	0	0	0	0	0	0	0	0	0	0	0	0	0	0	0	0	0	0	0	0	0	0	0	0	0	0	0	0	0	0	0	0	0	0	0	0	0	0	0	0	0	0	0	0	0	0	0	0	0	0	0	0	0.646255659074667	0.726640960755519	0.559483256997963	0.9966068679327	0.796566384350172	0	0.955190362961287	0.81756700239485	0.511955245578369	0.631843855999843	0.783553780239086	0	0	0	0	0	0	0	0	0	0
0	0	0	0	0	0	0	0	0	0	0	0	0	0	0	0	0	0	0	0	0	0	0	0	0	0	0	0	0	0	0	0	0	0	0	0	0	0	0	0	0	0	0	0	0	0	0	0	0	0	0	0	0	0	0	0	0	0	0	0	0	0	0	0	0	0	0	0	0	0	0.808333083956463	0.906726592235978	0.691444761091118	0.755561508432647	0.866841949202121	0	0.704104329587278	0.729307390825516	0.912076997442646	0.721535965709507	0.781062726859004	0	0	0	0	0	0	0	0	0
0	0	0	0	0	0	0	0	0	0	0	0	0	0	0	0	0	0	0	0	0	0	0	0	0	0	0	0	0	0	0	0	0	0	0	0	0	0	0	0	0	0	0	0	0	0	0	0	0	0	0	0	0	0	0	0	0	0	0	0	0	0	0	0	0	0	0	0	0	0	0	0.633291449956822	0.541668066547723	0.655861022197144	0.798530064757357	0.955282719578329	0	0.908110156950214	0.730280101128379	0.592734041366862	0.945931959034768	0.957626747957457	0	0	0	0	0	0	0.912445393187067	0
0	0	0	0	0	0	0	0	0	0	0	0	0	0	0	0	0	0	0	0	0	0	0	0	0	0	0	0	0	0	0	0	0	0	0	0	0	0	0	0	0	0	0	0	0	0	0	0	0	0	0	0	0	0	0	0	0	0	0	0	0	0	0	0	0	0.890916992451211	0	0	0	0	0	0	0.633274570636664	0.540790549786196	0.627972554907847	0.608222549982222	0.677142572195311	0	0.913963807471146	0.529725537796912	0.674296695233604	0.783318217117567	0.804749329152924	0	0	0	0	0.861699787803181	0	0
0	0	0	0	0	0	0	0	0	0	0	0	0	0	0	0	0	0	0	0	0	0	0	0	0	0	0	0	0	0	0	0	0	0	0	0	0	0	0	0	0	0	0	0	0	0	0	0	0	0	0	0	0	0	0	0	0	0	0	0	0	0	0	0	0	0	0	0	0	0.791230969061098	0	0	0	0.71549997030416	0.897129443583339	0.857777083077188	0.60506430586258	0.777463792784657	0	0.558995216445412	0.643389917538397	0.932196558273612	0.616161950730082	0	0	0	0	0	0	0
0	0	0	0	0	0	0	0	0	0	0	0	0	0	0	0	0	0	0	0	0	0	0	0	0	0	0	0	0	0	0	0	0	0	0	0	0	0	0	0	0	0	0	0	0	0	0	0	0	0	0	0	0	0	0	0	0	0	0	0	0	0	0	0	0	0.862626997276508	0	0	0	0	0	0	0	0	0.555281975799877	0.643856239162013	0.899252147410868	0.953122397864733	0.992768730139168	0	0	0	0.586771117658547	0.562711561335124	0.802147851066202	0	0	0.724169626188631	0	0
0	0	0	0	0	0	0	0	0	0	0	0	0	0	0	0	0	0	0	0	0	0	0	0	0	0	0	0	0	0	0	0	0	0	0	0	0	0	0	0	0	0	0	0	0	0	0	0	0	0	0	0	0	0	0	0	0	0	0	0	0	0	0.693277662635653	0.908653351351225	0	0	0	0	0	0	0	0	0	0	0	0.594229859642847	0.639696463260436	0.890509714724374	0.534691614944495	0	0	0.851642214021227	0.579574742930733	0.585529952796307	0.641143174990013	0.91609506685195	0	0	0	0
0	0	0	0	0	0	0	0	0	0	0	0	0	0	0	0	0	0	0	0	0	0	0	0	0	0	0	0	0	0	0	0	0	0	0	0	0	0	0	0	0	0	0	0	0	0	0	0	0	0	0	0	0	0	0	0	0	0	0	0	0	0	0	0	0	0	0	0	0	0	0	0	0	0	0	0	0.692496011094492	0.771895413303485	0.880506294940072	0	0.85622291213462	0	0.763540243310927	0.526402760750312	0.852707758480369	0.671236463597716	0.504951521853161	0	0	0
0	0	0	0	0	0	0	0	0	0	0	0	0	0	0	0	0	0	0	0	0	0	0	0	0	0	0	0	0	0	0	0	0	0	0	0	0	0	0	0	0	0	0	0	0	0	0	0	0	0	0	0	0	0	0	0	0	0	0	0	0	0	0	0	0	0	0	0	0	0	0	0	0	0	0	0	0	0.549247589031525	0.685857297755855	0.7214811027264	0.535765038779631	0.549893701976429	0	0.890516356003475	0.840901596623026	0.858338528802858	0.949900619970931	0.624467030064846	0	0
0	0	0	0	0	0	0	0	0	0	0	0	0	0	0	0	0	0	0	0	0	0	0	0	0	0	0	0	0	0	0	0	0	0	0	0	0	0	0	0	0	0	0	0	0	0	0	0	0	0	0	0	0	0	0	0	0	0	0	0	0	0	0	0	0	0	0.666111366722384	0	0	0	0.63903467712528	0	0	0	0	0	0	0	0	0.588179371945037	0.545239871005759	0.875133998295796	0.836477299233402	0	0	0.729888840266359	0.808481358324599	0	0.960348204372925	0.982090626157095
0	0	0	0	0	0	0	0	0	0	0	0	0	0	0	0	0	0	0	0	0	0	0	0	0	0	0	0	0	0	0	0	0	0	0	0	0	0	0	0	0	0	0	0	0	0	0	0	0	0	0	0	0	0	0	0	0	0	0	0	0	0	0	0	0	0	0	0	0	0	0.766711571806436	0	0	0	0	0	0	0	0	0.527127257634962	0.839516178176615	0.662447539312545	0.718500955751176	0	0	0.605581521696411	0	0.549783661229677	0.891288052449145	0.657030922824482
0	0	0	0	0	0	0	0	0	0	0	0	0	0	0	0	0	0	0	0	0	0	0	0	0	0	0	0	0	0	0	0	0	0	0	0	0	0	0	0	0	0	0	0	0	0	0	0	0	0	0	0	0	0	0	0	0	0	0	0	0	0	0	0	0.937258201399183	0	0	0	0	0	0	0	0	0	0	0	0	0	0	0	0.897491373848565	0.814061120223201	0.64667740768	0.671151354708339	0.77922301357813	0	0.978712269515506	0.593534281956657	0.550872167953172	0.693561334802783
0	0	0	0	0	0	0	0	0	0	0	0	0	0	0	0	0	0	0	0	0	0	0	0	0	0	0	0	0	0	0	0	0	0	0	0	0	0	0	0	0	0	0	0	0	0	0	0	0	0	0	0	0	0	0	0	0	0	0	0	0.785540387510556	0.682638523970183	0	0	0	0	0	0	0	0	0.9241328772081	0	0	0	0	0	0	0	0	0	0	0.622705736109407	0.602532038580557	0.827060952421079	0	0.659352898530276	0	0.541026171297243	0.647476733202116	0.551485423598566
0	0	0	0	0	0	0	0	0	0	0	0	0	0	0	0	0	0	0	0	0	0	0	0	0	0	0	0	0	0	0	0	0	0	0	0	0	0	0	0	0	0	0	0	0	0	0	0	0	0	0	0	0	0	0	0	0	0	0	0	0	0.506567588811561	0.666742145962131	0	0	0	0	0	0	0	0	0	0	0	0	0	0	0.712455753111974	0	0.790413481288411	0	0	0.697252760074981	0	0.598410023387884	0.557391724436252	0.600362998055559	0	0.856292923361747	0.989720070344499
0	0	0	0	0	0	0	0	0	0	0	0	0	0	0	0	0	0	0	0	0	0	0	0	0	0	0	0	0	0	0	0	0	0	0	0	0	0	0	0	0	0	0	0	0	0	0	0	0	0	0	0	0	0	0	0	0	0	0	0	0.736731674487912	0	0.959344977070256	0.808599148839384	0	0.634413462566324	0	0	0	0	0	0	0	0	0	0	0.991246228990231	0	0	0	0	0	0	0.766443379366398	0.61872516656464	0.600957182694396	0.998751268312773	0.968402301142022	0	0.684798229427641
0	0	0	0	0	0	0	0	0	0	0	0	0	0	0	0	0	0	0	0	0	0	0	0	0	0	0	0	0	0	0	0	0	0	0	0	0	0	0	0	0	0	0	0	0	0	0	0	0	0	0	0	0	0	0	0	0	0	0	0	0.787709333007043	0.70224484338628	0.646166540465026	0.578359637533473	0.701327516880164	0	0	0	0	0	0	0	0	0	0	0	0	0	0	0	0	0	0	0.86513102788582	0.6790827671242	0.956450481140682	0.638777600589523	0.619887926702742	0.579423266205542	0
