0	0	0	0.65518991999811	0	0.631271232890409	0	0	0	0.659866002631577	0	0	0	0	0	0.664197258530004	0	0.681178038271494	0.681580023755433	0.857211150949949	0	0	0	0	0	0	0.935567242827019	0	0.537371485625644	0	0	0	0	0	0	0	0	0	0	0	0	0	0	0	0	0	0	0	0	0	0	0	0	0	0	0	0	0	0	0	0	0	0	0	0	0	0	0	0	0	0	0	0	0	0	0	0	0	0	0	0	0	0	0	0	0	0	0	0	0
0	0	0	0	0.626866896330134	0	0	0.514366047265294	0	0	0	0	0.60557885261132	0	0	0	0	0	0	0	0	0	0	0.653448693404043	0	0	0	0.71019684334305	0	0.836497572848681	0	0	0	0	0	0	0	0	0	0	0	0	0	0	0	0	0	0	0	0	0	0	0	0	0	0	0	0	0	0	0	0	0	0	0	0	0	0	0	0	0	0	0	0	0	0	0	0	0	0	0	0	0	0	0	0	0	0	0	0
0	0	0	0	0.660720320494609	0	0.592497113873663	0	0	0	0.872563649156681	0	0	0.935158671190732	0	0	0	0	0.986969848173447	0	0	0	0	0	0.683593460205537	0.77825990831944	0	0	0	0.928241359333946	0	0	0	0	0	0	0	0	0	0	0	0	0	0	0	0	0	0	0	0	0	0	0	0	0	0	0	0	0	0	0	0	0	0	0	0	0	0	0	0	0	0	0	0	0	0	0	0	0	0	0	0	0	0	0	0	0	0	0	0
0.960613748140671	0	0	0	0.927361297405286	0	0	0.53571229796794	0.99965604893918	0	0	0	0	0	0	0	0	0	0	0	0.969785630261675	0	0	0	0.856816168126951	0	0	0	0	0.812832167823823	0	0	0	0	0	0	0	0	0	0	0	0	0	0	0	0	0	0	0	0	0	0	0	0	0	0	0	0	0	0	0	0	0	0	0	0	0	0	0	0	0	0	0	0	0	0	0	0	0	0	0	0	0	0	0	0	0	0	0	0
0	0.770679984102082	0.727633130396807	0.703326540126817	0	0	0.905871397640141	0.95250154562888	0	0	0	0	0	0	0	0	0.83535461624623	0	0	0	0	0.54327531570392	0.998205857538982	0	0	0	0.549023801200394	0	0.682109195736034	0	0	0	0	0	0	0	0	0	0	0	0	0	0	0	0	0	0	0	0	0	0	0	0	0	0	0	0	0	0	0	0	0	0	0	0	0	0	0	0	0	0	0	0	0	0	0	0	0	0	0	0	0	0	0	0	0	0	0	0	0
0.602046490666608	0	0	0	0	0	0.948638218500934	0	0	0	0	0	0	0	0	0.929189332132621	0	0	0	0	0.558335366502444	0	0	0.785075436096176	0	0.963386699045886	0	0	0	0	0	0	0	0	0	0	0	0	0	0	0	0	0	0	0	0	0	0	0	0	0	0	0	0	0	0	0	0	0	0	0	0	0	0	0	0	0	0	0	0	0	0	0	0	0	0	0	0	0	0	0	0	0	0	0	0	0	0	0	0
0	0	0.623982959803379	0	0.79313209587642	0.583598624162001	0	0.537352315845155	0	0.764368379329962	0	0	0	0	0	0.822515966918926	0	0	0	0	0.864365514306626	0	0	0	0	0	0	0	0	0	0	0	0	0	0	0	0	0	0	0	0	0	0	0	0	0	0	0	0	0	0	0	0	0	0	0	0	0	0	0	0	0	0	0	0	0	0	0	0	0	0	0	0	0	0	0	0	0	0	0	0	0	0	0	0	0	0	0	0	0
0	0.820320167015109	0	0.826164376516204	0.810215391788617	0	0.738579049140948	0	0	0	0.929097339389949	0.637848921100545	0	0	0	0	0	0	0.95179452341359	0.882984885729143	0.843599006027648	0.953008619398565	0	0	0.534080593844781	0	0	0	0.927754023823322	0	0	0	0	0	0	0	0	0	0	0	0	0	0	0	0	0	0	0	0	0	0	0	0	0	0	0	0	0	0	0	0	0	0	0	0	0	0	0	0	0	0	0	0	0	0	0	0	0	0	0	0	0	0	0	0	0	0	0	0	0
0	0	0	0.692189898576269	0	0	0	0	0	0.752526498937504	0.84743377305023	0	0.588994787718785	0	0	0	0	0	0	0.698418791195048	0.927689507115217	0	0	0	0	0.831989239786642	0	0	0	0	0	0	0	0	0	0	0	0	0	0	0	0	0	0	0	0	0	0	0	0	0	0	0	0	0	0	0	0	0	0	0	0	0	0	0	0	0	0	0	0	0	0	0	0	0	0	0	0	0	0	0	0	0	0	0	0	0	0	0	0
0.825320773019608	0	0	0	0	0	0.749391068734859	0	0.695438144504976	0	0	0.504862726477323	0	0.607112249400537	0	0	0	0	0	0	0.931206821438471	0	0	0	0	0	0	0	0	0	0	0	0	0	0	0	0	0	0	0	0	0	0	0	0	0	0	0	0	0	0	0	0	0	0	0	0	0	0	0	0	0	0	0	0	0	0	0	0	0	0	0	0	0	0	0	0	0	0	0	0	0	0	0	0	0	0	0	0	0
0	0	0.737160735711909	0	0	0	0	0.941035979374277	0.84948260039283	0	0	0.590139820359043	0.694059644124528	0	0.838383446946124	0	0	0	0	0	0	0	0	0.712553426845201	0	0.894576388102249	0	0	0	0	0	0	0	0	0	0	0	0	0	0	0	0	0	0	0	0	0	0	0	0	0	0	0	0	0	0	0	0	0	0	0	0	0	0	0	0	0	0	0	0	0	0	0	0	0	0	0	0	0	0	0	0	0	0	0	0	0	0	0	0
0	0	0	0	0	0	0	0.699475704526724	0	0.640517628166381	0.500400042350921	0	0	0	0	0.699715638969049	0	0.696978266159717	0	0.890065826651702	0	0.936842395319485	0	0	0	0	0.515222916771154	0.74457047174223	0	0	0	0	0	0	0	0	0	0	0	0	0	0	0	0	0	0	0	0	0	0	0	0	0	0	0	0	0	0	0	0	0	0	0	0	0	0	0	0	0	0	0	0	0	0	0	0	0	0	0	0	0	0	0	0	0	0	0	0	0	0
0	0.561851123678954	0	0	0	0	0	0	0.628365301556852	0	0.515223690379911	0	0	0.887905153239321	0	0.914864811170049	0	0	0.591936149359791	0	0	0.634661029128372	0	0	0	0	0	0	0.619488548312742	0	0	0	0	0	0	0	0	0	0	0	0	0	0	0	0	0	0	0	0	0	0	0	0	0	0	0	0	0	0	0	0	0	0	0	0	0	0	0	0	0	0	0	0	0	0	0	0	0	0	0	0	0	0	0	0	0	0	0	0	0
0	0	0.944100941699382	0	0	0	0	0	0	0.692380038375803	0	0	0.797012977839096	0	0	0.846541262507091	0.880380834193709	0	0	0	0	0	0.827906877573609	0	0	0	0	0	0	0	0	0	0	0	0	0	0	0	0	0	0	0	0	0	0	0	0	0	0	0	0	0	0	0	0	0	0	0	0	0	0	0	0	0	0	0	0	0	0	0	0	0	0	0	0	0	0	0	0	0	0	0	0	0	0	0	0	0	0	0
0	0	0	0	0	0	0	0	0	0	0.962533177975288	0	0	0	0	0.819250107974156	0	0.996096478364734	0.851167566139326	0	0	0	0	0.661480064972998	0	0	0	0.548993101239843	0	0	0	0	0	0	0	0	0	0	0	0	0	0	0	0	0	0	0	0	0	0	0	0	0	0	0	0	0	0	0	0	0	0	0	0	0	0	0	0	0	0	0	0	0	0	0	0	0	0	0	0	0	0	0	0	0	0	0	0	0	0
0.840926807002475	0	0	0	0	0.663146263405699	0.830436673182138	0	0	0	0	0.513741906213964	0.531544373814751	0.569621848862658	0.921666770715322	0	0	0.980606671821655	0.98342320773876	0	0	0	0	0	0	0	0	0	0	0	0	0	0	0	0	0	0	0	0	0	0	0	0	0	0	0	0	0	0	0	0	0	0	0	0	0	0	0	0	0	0	0	0	0	0	0	0	0	0	0	0	0	0	0	0	0	0	0	0	0	0	0	0	0	0	0	0	0	0	0
0	0	0	0	0.878147794336628	0	0	0	0	0	0	0	0	0.86955295436921	0	0	0	0.674015556162666	0	0.685366367363242	0.94450592479239	0.645171347381524	0	0	0	0	0	0	0	0	0	0	0	0	0	0	0	0	0	0	0	0	0	0	0	0	0	0	0	0	0	0	0	0	0	0	0	0	0	0	0	0	0	0	0	0	0	0	0	0	0	0	0	0	0	0	0	0	0	0	0	0	0	0	0	0	0	0	0	0
0.768735907325711	0	0	0	0	0	0	0	0	0	0	0.80468743616038	0	0	0.742537557118537	0.979354408252488	0.881178154059092	0	0.940946553481442	0.908293207968531	0	0.76834222015294	0	0	0	0	0	0	0	0.671212951048927	0	0	0	0	0	0	0	0	0	0	0	0	0	0	0	0	0	0	0	0	0	0	0	0	0	0	0	0	0	0	0	0	0	0	0	0	0	0	0	0	0	0	0	0	0	0	0	0	0	0	0	0	0	0	0	0	0	0	0	0
0.751566721237492	0	0.69130575601388	0	0	0	0	0.611519923767462	0	0	0	0	0.837764114188264	0	0.973618200039823	0.876583089697559	0	0.907657556989555	0	0	0.941999520424804	0	0.967412522237745	0	0	0	0	0	0	0	0	0	0	0	0	0	0	0	0	0	0	0	0	0	0	0	0	0	0	0	0	0	0	0	0	0	0	0	0	0	0	0	0	0	0	0	0	0	0	0	0	0	0	0	0	0	0	0	0	0	0	0	0	0	0	0	0	0	0	0
0.799934909851463	0	0	0	0	0	0	0.573114366775169	0.650844528171269	0	0	0.634377321448352	0	0	0	0	0.93518439536166	0.840400131857419	0	0	0	0.697815007738129	0	0.685208439066049	0.899197458961056	0	0	0	0	0.944828763872109	0	0	0	0	0	0	0	0	0	0	0	0	0	0	0	0	0	0	0	0	0	0	0	0	0	0	0	0	0	0	0	0	0	0	0	0	0	0	0	0	0	0	0	0	0	0	0	0	0	0	0	0	0	0	0	0	0	0	0	0
0	0	0	0.934473041117677	0	0.851372385795216	0.700554000082462	0.623439578915481	0.808058303268133	0.703278821386585	0	0	0	0	0	0	0.637801630208445	0	0.965234295247765	0	0	0.614966608897598	0	0	0.583240819124086	0.832286724579325	0	0	0	0.657284280277096	0	0	0	0	0	0	0	0	0	0	0	0	0	0	0	0	0	0	0	0	0	0	0	0	0	0	0	0	0	0	0	0	0	0	0	0	0	0	0	0	0	0	0	0	0	0	0	0	0	0	0	0	0	0	0	0	0	0	0	0
0	0	0	0	0.831065610480233	0	0	0.700165204680452	0	0	0	0.961215096061135	0.757826550961987	0	0	0	0.680489548583102	0.559156194050015	0	0.897700536116271	0.905478294932965	0	0.828421299890352	0	0	0	0.951490321019226	0	0	0	0	0	0	0	0	0	0	0	0	0	0	0	0	0	0	0	0	0	0	0	0	0	0	0	0	0	0	0	0	0	0	0	0	0	0	0	0	0	0	0	0	0	0	0	0	0	0	0	0	0	0	0	0	0	0	0	0	0	0	0
0	0	0	0	0.856479031511801	0	0	0	0	0	0	0	0	0.565258129660608	0	0	0	0	0.963764464909513	0	0	0.565170604179345	0	0	0.670866807580097	0	0	0.657727071233616	0	0.836834640101966	0	0	0	0	0	0	0	0	0	0	0	0	0	0	0	0	0	0	0	0	0	0	0	0	0	0	0	0	0	0	0	0	0	0	0	0	0	0	0	0	0	0	0	0	0	0	0	0	0	0	0	0	0	0	0	0	0	0	0	0
0	0.758576301863605	0	0	0	0.527854990324336	0	0	0	0	0.583895545927018	0	0	0	0.986369516818037	0	0	0	0	0.861337772670715	0	0	0	0	0.947853831599494	0	0.950607304607949	0.924961110965419	0	0.562999875383388	0	0	0	0	0	0	0	0	0	0	0	0	0	0	0	0	0	0	0	0	0	0	0	0	0	0	0	0	0	0	0	0	0	0	0	0	0	0	0	0	0	0	0	0	0	0	0	0	0	0	0	0	0	0	0	0	0	0	0	0
0	0	0.981324770398852	0.711003070511066	0	0	0	0.946571602052475	0	0	0	0	0	0	0	0	0	0	0	0.563441610879089	0.69386081765738	0	0.619755150667864	0.920974313989433	0	0	0.597125096647961	0	0.500427562223054	0	0	0	0	0	0	0	0	0	0	0	0	0	0	0	0	0	0	0	0	0	0	0	0	0	0	0	0	0	0	0	0	0	0	0	0	0	0	0	0	0	0	0	0	0	0	0	0	0	0	0	0	0	0	0	0	0	0	0	0	0
0	0	0.654543386903979	0	0	0.905354592994554	0	0	0.9833290347487	0	0.654517111128463	0	0	0	0	0	0	0	0	0	0.800019239200476	0	0	0	0	0	0	0.564039562707861	0	0	0	0	0	0	0	0	0	0	0	0	0	0	0	0	0	0	0	0	0	0	0	0	0	0	0	0	0	0	0	0	0	0	0	0	0	0	0	0	0	0	0	0	0	0	0	0	0	0	0	0	0	0	0	0	0	0	0	0	0	0
0.862010310676362	0	0	0	0.784699197470194	0	0	0	0	0	0	0.72803727480506	0	0	0	0	0	0	0	0	0	0.688315397861416	0	0.893467301090436	0.553159402975191	0	0	0.892305605368757	0.583241856514889	0	0	0	0	0	0	0	0	0	0	0	0	0	0	0	0	0	0	0	0	0	0	0	0	0	0	0	0	0	0	0	0	0	0	0	0	0	0	0	0	0	0	0	0	0	0	0	0	0	0	0	0	0	0	0	0	0	0	0	0	0
0	0.514369816384127	0	0	0	0	0	0	0	0	0	0.677259566820497	0	0	0.620405433110542	0	0	0	0	0	0	0	0.540324609313443	0.813178755105878	0	0.692673482372962	0.515019332550594	0	0	0	0	0	0	0	0	0	0	0	0	0	0	0	0	0	0	0	0	0	0	0	0	0	0	0	0	0	0	0	0	0	0	0	0	0	0	0	0	0	0	0	0	0	0	0	0	0	0	0	0	0	0	0	0	0	0	0	0	0	0	0
0.892773564848208	0	0	0	0.924469435236774	0	0	0.906811592617965	0	0	0	0	0.747965984255673	0	0	0	0	0	0	0	0	0	0	0	0.879395558602987	0	0.691289235979415	0	0	0	0	0	0	0	0	0	0	0	0	0	0	0	0	0	0	0	0	0	0	0	0	0	0	0	0	0	0	0	0	0	0	0	0	0	0	0	0	0	0	0	0	0	0	0	0	0	0	0	0	0	0	0	0	0	0	0	0	0	0	0
0	0.691736385513546	0.941602286630526	0.540591580693762	0	0	0	0	0	0	0	0	0	0	0	0	0	0.643574842931524	0	0.688989465274223	0.573371764556633	0	0.966215143811926	0.69979108789082	0	0	0	0	0	0	0	0	0	0	0	0	0	0	0	0	0	0	0	0	0	0	0	0	0	0	0	0	0	0	0	0	0	0	0	0	0	0	0	0	0	0	0	0	0	0	0	0	0	0	0	0	0	0	0	0	0	0	0	0	0	0	0	0	0	0
0	0	0	0	0	0	0	0	0	0	0	0	0	0	0	0	0	0	0	0	0	0	0	0	0	0	0	0	0	0	0	0.834756272175217	0.916369500391947	0.923524819889133	0.946009471895675	0.924725535260431	0.852061111368613	0.744078553687404	0	0	0	0	0.750339052598089	0.826860386433639	0	0	0	0	0.878003587768481	0	0	0	0	0.870567218017701	0.77164704484422	0.691186862602255	0.590370638461358	0.75491448916153	0.595195104306817	0.700102578790923	0	0	0	0	0	0	0	0	0	0	0	0	0	0	0	0	0	0	0	0	0	0	0	0	0	0	0	0	0	0
0	0	0	0	0	0	0	0	0	0	0	0	0	0	0	0	0	0	0	0	0	0	0	0	0	0	0	0	0	0	0.865683842700987	0	0	0.747820413502163	0.546067084850643	0.913907894229161	0.790753199487418	0.514665778323357	0.639004695592711	0	0	0	0	0	0	0.621905805360105	0	0	0	0	0	0	0	0	0.586818440301641	0.91234193048589	0.785087189179169	0.511909984318035	0.929114917735503	0.557233459224233	0	0	0	0	0	0	0	0	0	0	0	0	0	0	0	0	0	0	0	0	0	0	0	0	0	0	0	0	0	0
0	0	0	0	0	0	0	0	0	0	0	0	0	0	0	0	0	0	0	0	0	0	0	0	0	0	0	0	0	0	0.635833143110017	0	0	0.569102446027109	0.910913280058724	0.941103028543081	0.891569177688547	0.956306089129386	0.880729781546661	0.509497552057007	0	0	0.904420323706186	0	0	0	0	0	0	0	0.565886453824762	0	0	0	0	0.944877384869736	0.696396274938142	0.738560806392585	0.964352352835807	0.828361972090407	0	0	0	0	0	0	0	0	0	0	0	0	0	0	0	0	0	0	0	0	0	0	0	0	0	0	0	0	0	0
0	0	0	0	0	0	0	0	0	0	0	0	0	0	0	0	0	0	0	0	0	0	0	0	0	0	0	0	0	0	0.839781838629626	0.609003273818882	0.818477131608155	0	0.736439286309373	0.918641973740922	0.840896990002151	0.954396808807943	0.628985001167529	0.659173820570187	0.998485393157543	0.546741657399305	0	0	0	0	0	0	0	0	0	0	0	0	0	0	0.583788321963887	0.739014915413494	0.559242476414198	0.804020973500483	0	0	0	0	0	0	0	0	0	0	0	0	0	0	0	0	0	0	0	0	0	0	0	0	0	0	0	0	0	0
0	0	0	0	0	0	0	0	0	0	0	0	0	0	0	0	0	0	0	0	0	0	0	0	0	0	0	0	0	0	0.502726107050808	0.922725903474992	0.536191197609249	0.600064863020318	0	0.536516083987698	0.693092975793648	0.595264229976866	0.683937053807432	0.941509812111676	0.530791453198013	0.668791535845526	0	0	0	0	0	0	0	0	0	0	0	0	0	0	0	0.888844695283327	0.779953343152292	0.648619320593776	0	0	0	0	0	0	0	0	0	0	0	0	0	0	0	0	0	0	0	0	0	0	0	0	0	0	0	0	0	0
0	0	0	0	0	0	0	0	0	0	0	0	0	0	0	0	0	0	0	0	0	0	0	0	0	0	0	0	0	0	0.591357554608837	0.810342627244803	0.994693267478111	0.650754785669464	0.8077226604948	0	0.74188864110111	0.519901411945315	0.521803854986118	0.614878518258544	0	0.548126155548424	0.512651038643969	0	0	0	0.643978257433886	0	0	0	0	0	0	0	0	0	0	0.798178795969095	0.540877804762241	0	0	0	0	0	0	0	0	0	0	0	0	0	0	0	0	0	0	0	0	0	0	0	0	0	0	0	0	0	0	0
0	0	0	0	0	0	0	0	0	0	0	0	0	0	0	0	0	0	0	0	0	0	0	0	0	0	0	0	0	0	0.768533653262897	0.630711783069947	0.905885598659166	0.524044695400279	0.64213012891979	0.590151154060814	0	0	0.565173953498194	0.75901468320044	0.58308099692849	0.640236871445993	0.937152937570877	0.578989466178758	0	0	0	0	0	0	0.740057913010159	0	0	0	0	0	0	0	0	0.567392064573306	0	0	0	0	0	0	0	0	0	0	0	0	0	0	0	0	0	0	0	0	0	0	0	0	0	0	0	0	0	0
0	0	0	0	0	0	0	0	0	0	0	0	0	0	0	0	0	0	0	0	0	0	0	0	0	0	0	0	0	0	0.81515305344752	0.561918257309494	0.790876872666555	0.556044373365473	0.52630304612749	0.881982958938845	0	0	0.511065168699391	0.510764408392887	0.964544668167107	0.744157214748796	0.706671325280306	0.882382913190788	0.872981383589176	0	0	0	0	0	0	0.677059175794759	0	0	0	0	0	0	0	0	0	0	0	0	0	0	0	0	0	0	0	0	0	0	0	0	0	0	0	0	0	0	0	0	0	0	0	0	0	0
0	0	0	0	0	0	0	0	0	0	0	0	0	0	0	0	0	0	0	0	0	0	0	0	0	0	0	0	0	0	0	0.645677555653688	0.782626086524767	0.768551938282466	0.880362035462619	0.980710142051704	0.832575966910932	0.843078502389134	0	0.600847714023249	0.753403325617529	0.99879761281561	0.881795184153836	0.745072698945576	0.657273644849042	0.775556968795437	0	0	0	0	0	0	0	0	0	0	0	0	0	0	0	0	0	0	0	0	0	0	0	0	0	0	0	0	0	0	0	0	0	0	0	0	0	0	0	0	0	0	0	0
0	0	0	0	0	0	0	0	0	0	0	0	0	0	0	0	0	0	0	0	0	0	0	0	0	0	0	0	0	0	0	0	0.503463250844917	0.727523546508452	0.959790366617362	0.772776932557525	0.862910094018972	0.744434605192603	0.603477173859054	0	0.96666469331589	0.678043468694406	0.83248248340443	0.549539981077169	0.899506155903637	0.766444550164867	0.777396414585518	0.925810479237404	0.606519639195922	0	0	0.595408129132138	0	0	0	0	0	0	0	0	0	0	0	0	0	0	0	0	0	0	0	0	0	0	0	0	0	0	0	0	0	0	0	0	0	0	0	0	0	0
0	0	0	0	0	0	0	0	0	0	0	0	0	0	0	0	0	0	0	0	0	0	0	0	0	0	0	0	0	0	0	0	0	0.833601106731769	0.511861214351363	0	0.867060247386194	0.986066674658337	0.732297879925675	0.529288983956192	0	0.69257046241559	0.862453126243463	0.859366863648035	0.816187970776681	0.621272268215329	0.995174002056472	0.901172870705707	0	0	0	0	0	0	0.780626581931078	0	0	0	0	0	0	0	0	0	0	0	0	0	0	0	0	0	0	0	0	0	0	0	0	0	0	0	0	0	0	0	0	0	0	0
0	0	0	0	0	0	0	0	0	0	0	0	0	0	0	0	0	0	0	0	0	0	0	0	0	0	0	0	0	0	0	0	0	0.52442488250856	0.637584999278877	0.750079967568314	0.665254621664473	0.521462312309925	0.59093044989996	0.776477648624587	0.66228020183056	0	0.738865790736559	0	0.944141337331493	0.568901736391571	0.696314356550837	0.530653723475775	0	0	0	0	0	0	0.609933602103242	0	0	0	0	0.615084254662925	0	0	0	0	0	0	0	0	0	0	0	0	0	0	0	0	0	0	0	0	0	0	0	0	0	0	0	0	0	0
0	0	0	0	0	0	0	0	0	0	0	0	0	0	0	0	0	0	0	0	0	0	0	0	0	0	0	0	0	0	0.894334302671801	0	0.962924482824696	0	0	0.518794185731292	0.881043997487689	0.856488207581277	0.845494370233575	0.875733926873283	0.667396433886956	0.585490571475046	0	0.692169307904063	0.99189031893792	0	0.980539293053527	0.654329224982882	0	0.596601180307011	0	0	0	0	0	0.749332322983029	0	0	0	0	0	0	0	0	0	0	0	0	0	0	0	0	0	0	0	0	0	0	0	0	0	0	0	0	0	0	0	0	0	0
0	0	0	0	0	0	0	0	0	0	0	0	0	0	0	0	0	0	0	0	0	0	0	0	0	0	0	0	0	0	0.919910662457724	0	0	0	0	0	0.975962210237615	0.882028402082965	0.904849985770813	0.896910007510551	0.673005747897727	0	0.943180697094776	0	0.505286833383836	0.517670127502123	0	0.57877132218387	0.539471176040538	0.71640871079975	0.637471704494532	0	0	0	0	0	0	0	0	0	0	0	0	0	0	0	0	0	0	0	0	0	0	0	0	0	0	0	0	0	0	0	0	0	0	0	0	0	0	0
0	0	0	0	0	0	0	0	0	0	0	0	0	0	0	0	0	0	0	0	0	0	0	0	0	0	0	0	0	0	0	0	0	0	0	0	0	0.965754983801892	0.743866128907457	0.55264825786725	0.711384752080185	0.78886018684476	0.777299484054884	0.877978386820862	0	0.587701702118859	0.89658144127294	0.705717297740041	0.629096464928088	0.722775523492351	0.91307369083544	0.548554927021009	0	0	0	0	0	0	0	0	0	0	0	0	0	0	0	0	0	0	0	0	0	0	0	0	0	0	0	0	0	0	0	0	0	0	0	0	0	0
0	0	0	0	0	0	0	0	0	0	0	0	0	0	0	0	0	0	0	0	0	0	0	0	0	0	0	0	0	0	0	0.589416070275853	0	0	0	0	0	0	0.634872546960832	0.516246670021911	0.751047584910256	0.565452406785378	0	0.524242336476574	0.674714444612994	0	0.629342756240851	0.683980764964119	0.92715484167866	0.762862045378978	0.854546917804747	0.784790264640109	0.659757547707525	0	0	0	0	0	0	0	0	0	0	0	0	0	0	0	0	0	0	0	0	0	0	0	0	0	0	0	0	0	0	0	0	0	0	0	0	0
0	0	0	0	0	0	0	0	0	0	0	0	0	0	0	0	0	0	0	0	0	0	0	0	0	0	0	0	0	0	0	0	0	0	0	0.513743855582542	0	0	0	0.594682997979777	0.991980703925673	0.974799500315534	0.564488473617972	0	0.527730974394605	0.642530135795196	0	0.822043124762379	0.606560301675467	0.974522314813946	0	0.846052550597717	0.973985318613707	0.993660438373057	0	0	0	0	0	0	0	0	0	0	0	0	0	0	0	0	0	0	0	0	0	0	0	0	0	0	0	0	0	0	0	0	0	0	0	0
0	0	0	0	0	0	0	0	0	0	0	0	0	0	0	0	0	0	0	0	0	0	0	0	0	0	0	0	0	0	0	0	0	0	0	0	0	0	0	0.934089202841019	0.645745186999139	0.56036388124475	0.967302918804687	0.52477032937128	0.853205288408192	0.563311586687737	0.848642220187943	0	0.942658462421219	0.58848046134447	0	0.577668538549113	0.605961465688774	0.718528514950735	0.563827924922862	0	0	0	0	0	0	0	0	0	0	0	0	0	0	0	0	0	0	0	0	0	0	0	0	0	0	0	0	0	0	0	0	0	0	0
0	0	0	0	0	0	0	0	0	0	0	0	0	0	0	0	0	0	0	0	0	0	0	0	0	0	0	0	0	0	0.81744709055667	0	0	0	0	0	0	0	0	0.857038958137782	0	0	0	0.523217853873242	0.665334943908639	0.851372122046343	0.927027462869409	0.659052824756974	0	0	0.541445200323855	0.774383067946133	0.992798791970421	0.566266234680056	0.708944335193252	0	0	0	0	0	0	0	0	0	0	0	0	0	0	0	0	0	0	0	0	0	0	0	0	0	0	0	0	0	0	0	0	0	0	0
0	0	0	0	0	0	0	0	0	0	0	0	0	0	0	0	0	0	0	0	0	0	0	0	0	0	0	0	0	0	0	0	0	0	0	0	0	0	0	0	0	0	0.874946381043638	0.900242638080901	0.781552191037414	0.587807821306434	0.852612202705333	0.502718121095591	0	0	0.661984105885331	0.64031053328476	0.9493640404221	0.647850626158209	0.653674906033854	0.758665135549664	0.783924729278642	0	0	0	0	0	0	0	0	0	0	0	0	0	0	0	0	0	0	0	0	0	0	0	0	0	0	0	0	0	0	0	0	0
0	0	0	0	0	0	0	0	0	0	0	0	0	0	0	0	0	0	0	0	0	0	0	0	0	0	0	0	0	0	0	0	0.700714012309032	0	0	0	0.618898232704153	0	0	0	0	0	0	0.83183579408806	0.569505151756684	0.513623591070435	0	0	0.850465393295603	0.693104067506965	0	0.549939277066641	0	0.99909965279622	0.922966032613724	0.824539711227006	0.509762080654619	0.769088351967669	0	0	0	0	0	0	0	0	0	0	0	0	0	0	0	0	0	0	0	0	0	0	0	0	0	0	0	0	0	0	0	0
0	0	0	0	0	0	0	0	0	0	0	0	0	0	0	0	0	0	0	0	0	0	0	0	0	0	0	0	0	0	0	0	0	0	0	0	0	0.855416248756302	0	0.713924845914415	0	0	0	0	0.771203795660232	0.594420819683726	0.569254130728891	0.710876974337564	0.973541088524428	0.556687308230378	0.724641596543296	0	0.762569995172874	0	0.736141035820784	0.764529602613787	0	0.734055634390152	0.793790797205459	0	0	0	0	0	0	0	0	0	0	0	0	0	0	0	0	0	0	0	0	0	0	0	0	0	0	0	0	0	0	0
0	0	0	0	0	0	0	0	0	0	0	0	0	0	0	0	0	0	0	0	0	0	0	0	0	0	0	0	0	0	0	0	0	0	0	0	0	0	0	0	0	0	0	0	0	0.522969189095563	0.88996185824115	0.94941135074772	0.626050238975432	0.73751469912375	0	0.710819850922261	0	0.502486429955143	0.655770363942657	0.622359377843507	0.654551835619219	0.973061695346917	0.658868135223239	0.564060999592073	0	0	0	0	0	0	0	0	0	0	0	0	0	0	0	0	0	0	0	0	0	0	0	0	0	0	0	0	0	0
0	0	0	0	0	0	0	0	0	0	0	0	0	0	0	0	0	0	0	0	0	0	0	0	0	0	0	0	0	0	0.593181534186713	0	0	0	0	0	0	0	0	0	0	0	0	0	0	0	0.557016045302228	0.640858422547826	0.643184154117468	0.88323850213736	0.917526943925486	0	0.833388375911275	0	0.515861800679732	0.536562355951697	0.765476702817092	0.647356344442997	0.939810577508328	0.975098479076264	0	0	0	0	0	0	0	0	0	0	0	0	0	0	0	0	0	0	0	0	0	0	0	0	0	0	0	0	0	0
0	0	0	0	0	0	0	0	0	0	0	0	0	0	0	0	0	0	0	0	0	0	0	0	0	0	0	0	0	0	0.845355735126873	0.902304095395519	0	0	0	0	0	0	0	0	0.578539526528799	0.593501280837995	0	0	0	0	0	0.976310336042209	0.906047534535507	0.965913837378101	0.585740001379225	0.734154664166907	0.591534556742239	0.900737288731559	0	0.947152229771778	0	0.94026786498759	0.521523369536625	0.638473966518391	0	0	0	0	0	0	0	0	0	0	0	0	0	0	0	0	0	0	0	0	0	0	0	0	0	0	0	0	0	0
0	0	0	0	0	0	0	0	0	0	0	0	0	0	0	0	0	0	0	0	0	0	0	0	0	0	0	0	0	0	0.510169794742828	0.894099436477993	0.947616938656724	0	0	0	0	0	0	0	0	0	0.648068419448438	0	0	0	0	0	0	0.966624355058789	0.621509177789547	0.67918997334159	0.615402422435977	0.578521228728973	0.589131343062269	0	0.501369488051686	0.979207922099384	0	0.931026315362384	0	0	0	0	0	0	0	0	0	0	0	0	0	0	0	0	0	0	0	0	0	0	0	0	0	0	0	0	0	0
0	0	0	0	0	0	0	0	0	0	0	0	0	0	0	0	0	0	0	0	0	0	0	0	0	0	0	0	0	0	0.726375809518198	0.771096808027526	0.838794833300341	0.803211521663081	0	0	0	0	0	0	0	0	0	0	0	0	0	0	0	0.581689598440081	0.563147014642791	0	0.58544865709584	0.627944858766451	0	0.911560674448073	0	0.990981302648188	0.8011022213837	0.96116473800717	0	0	0	0	0	0	0	0	0	0	0	0	0	0	0	0	0	0	0	0	0	0	0	0	0	0	0	0	0	0
0	0	0	0	0	0	0	0	0	0	0	0	0	0	0	0	0	0	0	0	0	0	0	0	0	0	0	0	0	0	0.995648823819132	0.880597273787594	0.593848770775087	0.603684555922558	0.729412704877485	0.736604794368986	0	0	0	0	0	0	0	0	0	0	0	0	0	0	0.803067069280006	0.908023340012631	0.900962026251822	0.691599692508665	0.767440608490794	0.985713214414988	0.964679252372044	0	0.646339742943115	0.951738362482113	0	0	0	0	0	0	0	0	0	0	0	0	0	0	0	0	0	0	0	0	0	0	0	0	0	0	0	0	0	0
0	0	0	0	0	0	0	0	0	0	0	0	0	0	0	0	0	0	0	0	0	0	0	0	0	0	0	0	0	0	0.936556700446405	0.741945444784023	0.705290117924253	0.938269502887159	0.553275288218809	0.509801996064884	0	0	0	0	0	0	0	0	0	0	0	0	0	0	0	0.674744946419745	0.623301165856905	0.685739584865515	0.980495139434837	0	0.577406281051225	0.718483763965217	0	0.69182431206246	0	0	0	0	0	0	0	0	0	0	0	0	0	0	0	0	0	0	0	0	0	0	0	0	0	0	0	0	0	0
0	0	0	0	0	0	0	0	0	0	0	0	0	0	0	0	0	0	0	0	0	0	0	0	0	0	0	0	0	0	0.528732450607121	0.624899211064905	0.950247214847211	0.69374865231087	0.851865496199502	0	0.602773789884656	0	0	0	0	0.862852686071972	0	0	0	0	0	0	0	0	0	0	0.929182019999955	0.68381732539528	0.710396437524303	0.745894918724621	0.711353695053076	0.795413043999839	0.934068039364949	0	0	0	0	0	0	0	0	0	0	0	0	0	0	0	0	0	0	0	0	0	0	0	0	0	0	0	0	0	0	0
0	0	0	0	0	0	0	0	0	0	0	0	0	0	0	0	0	0	0	0	0	0	0	0	0	0	0	0	0	0	0	0	0	0	0	0	0	0	0	0	0	0	0	0	0	0	0	0	0	0	0	0	0	0	0	0	0	0	0	0	0	0.963109743102719	0.822754517555946	0.765228446197733	0	0.933672876770657	0	0	0	0	0	0	0	0.573226792800804	0.572881257250297	0	0	0	0	0	0	0	0	0	0	0.539284409991409	0.851913364826987	0.9962736007774	0.973824419806469	0
0	0	0	0	0	0	0	0	0	0	0	0	0	0	0	0	0	0	0	0	0	0	0	0	0	0	0	0	0	0	0	0	0	0	0	0	0	0	0	0	0	0	0	0	0	0	0	0	0	0	0	0	0	0	0	0	0	0	0	0	0.62673558442589	0	0.690187556536711	0.518241272180599	0.736097363649798	0.966062257636124	0.796364488542814	0	0	0	0	0	0.933040660290872	0	0	0	0	0	0	0	0	0	0	0	0	0	0	0	0.527360481472583	0
0	0	0	0	0	0	0	0	0	0	0	0	0	0	0	0	0	0	0	0	0	0	0	0	0	0	0	0	0	0	0	0	0	0	0	0	0	0	0	0	0	0	0	0	0	0	0	0	0	0	0	0	0	0	0	0	0	0	0	0	0.77028959029225	0.583682057425491	0	0.731725293865032	0.650247930743928	0.532930467979848	0.879101583528335	0.962165148944196	0	0	0	0	0	0	0	0	0	0	0	0	0	0	0.650410574075533	0	0	0	0	0.71535329532821	0.688293478815344	0.694639049874958
0	0	0	0	0	0	0	0	0	0	0	0	0	0	0	0	0	0	0	0	0	0	0	0	0	0	0	0	0	0	0	0	0	0	0	0	0	0	0	0	0	0	0	0	0	0	0	0	0	0	0	0	0	0	0	0	0	0	0	0	0.966568798087268	0.789920702222141	0.517984411867698	0	0	0	0	0.701016112461094	0.528130717576023	0	0	0	0.554729165285272	0	0	0.980610759586945	0	0	0	0.772813345129744	0	0	0	0	0	0	0	0	0.705547950604067	0
0	0	0	0	0	0	0	0	0	0	0	0	0	0	0	0	0	0	0	0	0	0	0	0	0	0	0	0	0	0	0	0	0	0	0	0	0	0	0	0	0	0	0	0	0	0	0	0	0	0	0	0	0	0	0	0	0	0	0	0	0	0.98306765080461	0.777600931771224	0	0	0.942640420367082	0.744878361647077	0	0	0.88015929528958	0	0	0	0	0	0.679165695092561	0	0	0	0	0	0	0	0	0.721929593500876	0.559498429883218	0.971498798351088	0	0	0.653749394954977
0	0	0	0	0	0	0	0	0	0	0	0	0	0	0	0	0	0	0	0	0	0	0	0	0	0	0	0	0	0	0	0	0	0	0	0	0	0	0	0	0	0	0	0	0	0	0	0	0	0	0	0	0	0	0	0	0	0	0	0	0.637129812892172	0.709303440912403	0.659246853190568	0	0.698859606326986	0	0.848163973913205	0.732214671216788	0.774566818300823	0	0	0	0	0	0.620889269722875	0	0	0	0	0	0	0	0	0.599083415671035	0	0.654705738800673	0.720442351497701	0	0	0
0	0	0	0	0	0	0	0	0	0	0	0	0	0	0	0	0	0	0	0	0	0	0	0	0	0	0	0	0	0	0	0	0	0	0	0	0	0	0	0	0	0	0	0	0	0	0	0	0	0	0	0	0	0	0	0	0	0	0	0	0	0.828854062860057	0.928453862285226	0	0.942773138610055	0.739078199228832	0	0.687432089260862	0	0.840469352764671	0	0.729216642547897	0.842100363281525	0	0	0	0.583661545793334	0	0.578704974509944	0	0	0	0	0.942245902839913	0	0	0	0	0	0.938647020992848
0	0	0	0	0	0	0	0	0	0	0	0	0	0	0	0	0	0	0	0	0	0	0	0	0	0	0	0	0	0	0	0	0	0	0	0	0	0	0	0	0	0	0	0	0	0	0	0	0	0	0	0	0	0	0	0	0	0	0	0	0	0	0.720152516980908	0.55601188889308	0	0.8156869050013	0.53349782545117	0	0.966116959984406	0.624746193710571	0	0.514100296459327	0.50940470791185	0	0	0	0	0	0	0	0.765621549766176	0	0	0	0	0.612797005854655	0	0.750738442981531	0	0
0	0	0	0	0	0	0	0	0	0	0	0	0	0	0	0	0	0	0	0	0	0	0	0	0	0	0	0	0	0	0	0	0	0	0	0	0	0	0	0	0	0	0	0	0	0	0	0	0	0	0	0	0	0	0	0	0	0	0	0	0	0	0	0.573083916287261	0	0.72957436566406	0	0.732943514850457	0	0.88545563183289	0.507957960426289	0.763826976035378	0.998586459858145	0.61424559861689	0	0	0.721586581368038	0	0	0	0	0	0	0	0	0	0	0	0	0
0	0	0	0	0	0	0	0	0	0	0	0	0	0	0	0	0	0	0	0	0	0	0	0	0	0	0	0	0	0	0	0	0	0	0	0	0	0	0	0	0	0	0	0	0	0	0	0	0	0	0	0	0	0	0	0	0	0	0	0	0	0	0	0	0.621759238526216	0	0.927575078252078	0.928022290405285	0.825159357238701	0	0	0.733735040615057	0.588639867157992	0.930403744282407	0	0	0	0	0	0	0	0	0.97724960658033	0	0	0	0	0.864110443868847	0	0
0	0	0	0	0	0	0	0	0	0	0	0	0	0	0	0	0	0	0	0	0	0	0	0	0	0	0	0	0	0	0	0	0	0	0	0	0	0	0	0	0	0	0	0	0	0	0	0	0	0	0	0	0	0	0	0	0	0	0	0	0	0	0	0	0	0	0	0	0.681395222980886	0	0	0	0.860288554755843	0	0.72732362595325	0.980608212895002	0	0.608237639959524	0	0.783602084623499	0	0.587647241695906	0	0	0.501059540067913	0	0.591061152454875	0	0	0
0	0	0	0	0	0	0	0	0	0	0	0	0	0	0	0	0	0	0	0	0	0	0	0	0	0	0	0	0	0	0	0	0	0	0	0	0	0	0	0	0	0	0	0	0	0	0	0	0	0	0	0	0	0	0	0	0	0	0	0	0	0	0	0	0	0	0.95497188688819	0.530349982094188	0.674082458559466	0.608619385431928	0	0	0.82384375562452	0.62515682619154	0.66758223736248	0.84730199201536	0.939859726850765	0	0	0	0	0	0	0	0.894082111430343	0	0	0	0	0
0	0	0	0	0	0	0	0	0	0	0	0	0	0	0	0	0	0	0	0	0	0	0	0	0	0	0	0	0	0	0	0	0	0	0	0	0	0	0	0	0	0	0	0	0	0	0	0	0	0	0	0	0	0	0	0	0	0	0	0	0	0.760620056101645	0	0.562758921315561	0	0	0.571453063191649	0.946017639599366	0.813953233174652	0.526608909302152	0.505801377691037	0.954913607009642	0	0.954954016250814	0.594380285954846	0	0.806897477769242	0	0	0	0	0	0	0	0	0.936486080070868	0	0	0	0
0	0	0	0	0	0	0	0	0	0	0	0	0	0	0	0	0	0	0	0	0	0	0	0	0	0	0	0	0	0	0	0	0	0	0	0	0	0	0	0	0	0	0	0	0	0	0	0	0	0	0	0	0	0	0	0	0	0	0	0	0.817393519620671	0	0	0	0	0	0	0	0.601217208254105	0.964424196686811	0	0.779410647010005	0.775625736694052	0	0.597750033868424	0.508908583960813	0.997974063176948	0.865474666314141	0.686668895234401	0	0	0	0	0	0	0	0	0.650379439787105	0	0.526791227136403
0	0	0	0	0	0	0	0	0	0	0	0	0	0	0	0	0	0	0	0	0	0	0	0	0	0	0	0	0	0	0	0	0	0	0	0	0	0	0	0	0	0	0	0	0	0	0	0	0	0	0	0	0	0	0	0	0	0	0	0	0.83461701331238	0	0	0	0	0.879228695722146	0	0	0	0	0.538598681300192	0.504823042719124	0.890899498703322	0.63651374205475	0	0	0.795325341999186	0	0.579954395093919	0.911273436021333	0	0.775649284647786	0	0	0	0	0	0	0	0
0	0	0	0	0	0	0	0	0	0	0	0	0	0	0	0	0	0	0	0	0	0	0	0	0	0	0	0	0	0	0	0	0	0	0	0	0	0	0	0	0	0	0	0	0	0	0	0	0	0	0	0	0	0	0	0	0	0	0	0	0	0	0	0.507400954860072	0.693294963236035	0	0	0	0	0	0.82655908947872	0.54948960895396	0	0.522661830787786	0	0	0.830849339577212	0	0.70006855528358	0.864307965936725	0.974320640188733	0	0	0	0.945597612740228	0	0	0	0	0
0	0	0	0	0	0	0	0	0	0	0	0	0	0	0	0	0	0	0	0	0	0	0	0	0	0	0	0	0	0	0	0	0	0	0	0	0	0	0	0	0	0	0	0	0	0	0	0	0	0	0	0	0	0	0	0	0	0	0	0	0	0	0	0	0	0	0.944227836825474	0	0.885835823261009	0	0	0.888642540844939	0.800271401844542	0.542627731269251	0.829852478056831	0.784822730179858	0	0.560931869576774	0.850821494713876	0	0	0.661138914790596	0	0	0	0	0	0	0	0
0	0	0	0	0	0	0	0	0	0	0	0	0	0	0	0	0	0	0	0	0	0	0	0	0	0	0	0	0	0	0	0	0	0	0	0	0	0	0	0	0	0	0	0	0	0	0	0	0	0	0	0	0	0	0	0	0	0	0	0	0	0	0	0	0	0	0	0	0	0	0.81243982126991	0	0	0.577291076327211	0	0	0.604631434695886	0	0.565287576402907	0	0.574375628845787	0.831128222355473	0.716198407520379	0	0	0.596111502980814	0	0.588073820696701	0	0
0	0	0	0	0	0	0	0	0	0	0	0	0	0	0	0	0	0	0	0	0	0	0	0	0	0	0	0	0	0	0	0	0	0	0	0	0	0	0	0	0	0	0	0	0	0	0	0	0	0	0	0	0	0	0	0	0	0	0	0	0	0	0	0	0	0	0.616302318975199	0	0	0	0	0	0	0.744880992918671	0.963284085916265	0.577044401003449	0.745410039975062	0.860926632246037	0	0.674887061606677	0.96763818835323	0.675484550285004	0.673268135861127	0	0	0	0	0	0	0
0	0	0	0	0	0	0	0	0	0	0	0	0	0	0	0	0	0	0	0	0	0	0	0	0	0	0	0	0	0	0	0	0	0	0	0	0	0	0	0	0	0	0	0	0	0	0	0	0	0	0	0	0	0	0	0	0	0	0	0	0	0	0	0.927343201284507	0	0	0	0	0	0	0.778217912623363	0	0	0	0.793402440979705	0.764911707338055	0	0	0.913227550091286	0	0	0.695173435598204	0.993381504797334	0.544491160405147	0.535258303920197	0	0	0.818857661125774	0	0.532630657226872
0	0	0	0	0	0	0	0	0	0	0	0	0	0	0	0	0	0	0	0	0	0	0	0	0	0	0	0	0	0	0	0	0	0	0	0	0	0	0	0	0	0	0	0	0	0	0	0	0	0	0	0	0	0	0	0	0	0	0	0	0	0	0	0	0	0	0	0.959495755855476	0	0	0	0	0	0	0	0.697708779199867	0	0.741118698649383	0.648267351568703	0	0	0	0.887274280925745	0	0.700578765948331	0.780596986923989	0	0.633439718115269	0	0
0	0	0	0	0	0	0	0	0	0	0	0	0	0	0	0	0	0	0	0	0	0	0	0	0	0	0	0	0	0	0	0	0	0	0	0	0	0	0	0	0	0	0	0	0	0	0	0	0	0	0	0	0	0	0	0	0	0	0	0	0	0	0	0	0	0	0	0	0	0	0.657722028959421	0	0	0	0.729098203639495	0	0.999956402414691	0.5937958931334	0.521062494234017	0.698027952977201	0	0	0.893640034641861	0	0	0.642825145638788	0.679395021211437	0	0	0
0	0	0	0	0	0	0	0	0	0	0	0	0	0	0	0	0	0	0	0	0	0	0	0	0	0	0	0	0	0	0	0	0	0	0	0	0	0	0	0	0	0	0	0	0	0	0	0	0	0	0	0	0	0	0	0	0	0	0	0	0	0	0.620874164469643	0	0	0	0	0	0	0.97255513372642	0	0	0	0	0	0	0	0.719659037519354	0.875025677612643	0.661499060363739	0.755278689010987	0.53814474262909	0	0.680244927115938	0.987748159851022	0.815253692818402	0.585613521412113	0.554969119332522	0	0
0	0	0	0	0	0	0	0	0	0	0	0	0	0	0	0	0	0	0	0	0	0	0	0	0	0	0	0	0	0	0	0	0	0	0	0	0	0	0	0	0	0	0	0	0	0	0	0	0	0	0	0	0	0	0	0	0	0	0	0	0	0	0	0	0	0.94895163961387	0.944202230574919	0	0	0	0	0	0	0	0	0	0	0	0	0.703351490497127	0	0	0.52325046972325	0	0.760760577873731	0	0.973404162677771	0	0.773451789059808	0
0	0	0	0	0	0	0	0	0	0	0	0	0	0	0	0	0	0	0	0	0	0	0	0	0	0	0	0	0	0	0	0	0	0	0	0	0	0	0	0	0	0	0	0	0	0	0	0	0	0	0	0	0	0	0	0	0	0	0	0	0	0	0	0	0.588727729388708	0	0	0	0	0	0.98772834637294	0.500212248737565	0	0	0	0.895644008121788	0	0	0	0.914986334370689	0.809837693430438	0	0.739518535609376	0.886482815496961	0	0.532218050183549	0.993518375410469	0	0.688260560564575	0.938981905893569
0	0	0	0	0	0	0	0	0	0	0	0	0	0	0	0	0	0	0	0	0	0	0	0	0	0	0	0	0	0	0	0	0	0	0	0	0	0	0	0	0	0	0	0	0	0	0	0	0	0	0	0	0	0	0	0	0	0	0	0	0.754918052637216	0	0	0	0.58197683834472	0.8910643761934	0	0.514783573859782	0	0	0	0	0.821498428881927	0	0	0	0	0.531749431785161	0	0	0.964947681607244	0.535062913785768	0.955901772213988	0	0.750712967353814	0	0	0.704124804295451	0	0
0	0	0	0	0	0	0	0	0	0	0	0	0	0	0	0	0	0	0	0	0	0	0	0	0	0	0	0	0	0	0	0	0	0	0	0	0	0	0	0	0	0	0	0	0	0	0	0	0	0	0	0	0	0	0	0	0	0	0	0	0.774670716535732	0	0	0	0.91124783809284	0.583475606121278	0	0	0	0	0.55559030201659	0	0	0	0	0	0	0	0	0	0	0.855501624309591	0.619466230419237	0.997350786720324	0.521242882922472	0	0	0.686615085435226	0	0.762839061217972
0	0	0	0	0	0	0	0	0	0	0	0	0	0	0	0	0	0	0	0	0	0	0	0	0	0	0	0	0	0	0	0	0	0	0	0	0	0	0	0	0	0	0	0	0	0	0	0	0	0	0	0	0	0	0	0	0	0	0	0	0.906840644754093	0	0.602436529393787	0	0	0	0	0.754475706779694	0	0.67018976387945	0	0	0	0.583575811715421	0	0	0	0.734876098675026	0	0.785517929302944	0.951207146644436	0	0.937031167681746	0	0	0.537418303570645	0.85598547787426	0	0	0.539453469318498
0	0	0	0	0	0	0	0	0	0	0	0	0	0	0	0	0	0	0	0	0	0	0	0	0	0	0	0	0	0	0	0	0	0	0	0	0	0	0	0	0	0	0	0	0	0	0	0	0	0	0	0	0	0	0	0	0	0	0	0	0.594488378152771	0.8027741542855	0.755328776167236	0.850135043101262	0	0	0	0	0	0	0	0	0	0	0	0	0	0	0	0	0	0	0	0.808062919193997	0.758260139324651	0	0	0	0	0.570946486244945
0	0	0	0	0	0	0	0	0	0	0	0	0	0	0	0	0	0	0	0	0	0	0	0	0	0	0	0	0	0	0	0	0	0	0	0	0	0	0	0	0	0	0	0	0	0	0	0	0	0	0	0	0	0	0	0	0	0	0	0	0	0	0.956427053341748	0	0.944116126498939	0	0.562842442663797	0	0	0	0	0	0	0.649109495585115	0	0	0	0	0	0.886827569508615	0	0	0	0	0.640452246426944	0	0.885682120419345	0.508125847151685	0.702432406245468	0
