0	0.854499307139894	0.817230677359292	0.835233244128743	0.929788880749676	0.863446992927084	0.728363220346681	0.712268124652679	0	0	0	0.80535717016867	0.864726619498726	0.964045423509235	0.727796888464692	0.742696195700728	0.782840450652033	0.703073448212871	0	0	0	0	0	0	0	0	0	0	0	0	0	0	0	0	0	0	0	0	0	0	0	0	0	0	0	0	0	0	0	0	0	0	0	0	0	0	0	0	0	0	0	0	0	0	0	0	0	0	0	0	0	0	0	0	0	0	0	0	0	0	0	0	0	0	0	0	0	0	0	0
0.509867727395788	0	0.873421991573043	0.734913838213671	0.717819197375522	0.710318630014584	0.990584987733721	0	0.558528429287338	0	0.831155056761084	0	0.838239815389489	0.627555456283972	0.603227352373331	0.773537772735585	0.931132032441825	0.968517930940195	0	0	0	0	0	0	0	0	0	0	0	0	0	0	0	0	0	0	0	0	0	0	0	0	0	0	0	0	0	0	0	0	0	0	0	0	0	0	0	0	0	0	0	0	0	0	0	0	0	0	0	0	0	0	0	0	0	0	0	0	0	0	0	0	0	0	0	0	0	0	0	0
0.69877456241473	0.757421130837286	0	0.754491895921836	0.921650967635949	0.703200212855865	0.915945453772287	0.542986735867724	0.859160461823087	0.643909492658397	0	0	0	0.725301754400764	0.895282460244224	0.848088461138595	0.654850064940127	0.998503790674384	0	0	0	0	0	0	0	0	0	0	0	0	0	0	0	0	0	0	0	0	0	0	0	0	0	0	0	0	0	0	0	0	0	0	0	0	0	0	0	0	0	0	0	0	0	0	0	0	0	0	0	0	0	0	0	0	0	0	0	0	0	0	0	0	0	0	0	0	0	0	0	0
0.888566239176943	0.534292947168947	0.951969189140098	0	0.563173739230772	0.696038895804811	0.848132809233644	0.519477356417241	0.984758299799953	0.930551384096908	0.783601224894497	0	0	0	0.740135054192641	0.879313758338532	0.698981622960626	0.959345504375978	0	0	0	0	0	0	0	0	0	0	0	0	0	0	0	0	0	0	0	0	0	0	0	0	0	0	0	0	0	0	0	0	0	0	0	0	0	0	0	0	0	0	0	0	0	0	0	0	0	0	0	0	0	0	0	0	0	0	0	0	0	0	0	0	0	0	0	0	0	0	0	0
0.729028728938588	0.982533841344479	0.594730340222713	0.817359994581254	0	0.775158831015351	0.683967533201425	0.929435655617799	0.922881597180484	0.69001989624722	0.831528038263999	0.891270093764404	0.878544237576362	0	0	0.939818942359145	0.574107291502846	0.779235299803563	0	0	0	0	0	0	0	0	0	0	0	0	0	0	0	0	0	0	0	0	0	0	0	0	0	0	0	0	0	0	0	0	0	0	0	0	0	0	0	0	0	0	0	0	0	0	0	0	0	0	0	0	0	0	0	0	0	0	0	0	0	0	0	0	0	0	0	0	0	0	0	0
0.987574876353904	0.938381615787513	0.701083034687463	0.831983011863263	0.729103704051073	0	0.954410274141278	0.771811888714932	0.504321251300612	0.680647499465983	0.513888864328005	0.903754581298346	0.938866518835496	0	0	0	0.864574362243672	0.889774844769999	0	0	0	0	0	0	0	0	0	0	0	0	0	0	0	0	0	0	0	0	0	0	0	0	0	0	0	0	0	0	0	0	0	0	0	0	0	0	0	0	0	0	0	0	0	0	0	0	0	0	0	0	0	0	0	0	0	0	0	0	0	0	0	0	0	0	0	0	0	0	0	0
0.892035958687058	0.821949172013211	0.56944324784953	0.916398254733139	0.752159998998761	0.504598578065103	0	0.529442841083457	0.614486141801413	0.944842612294043	0.681846608119859	0.725920212185754	0.55223785831895	0.787722589991208	0	0	0	0.646227726568673	0	0	0	0	0	0	0	0	0	0	0	0	0	0	0	0	0	0	0	0	0	0	0	0	0	0	0	0	0	0	0	0	0	0	0	0	0	0	0	0	0	0	0	0	0	0	0	0	0	0	0	0	0	0	0	0	0	0	0	0	0	0	0	0	0	0	0	0	0	0	0	0
0.984358095588627	0	0.587939486913673	0.763872101003642	0.757791597591091	0.914371152613113	0.600494587558675	0	0.982871447623061	0.536907691484104	0.580862046673482	0.669506250814959	0.915190653640083	0.630411516418369	0.892288492770858	0	0	0	0	0	0	0	0	0	0	0	0	0	0	0	0	0	0	0	0	0	0	0	0	0	0	0	0	0	0	0	0	0	0	0	0	0	0	0	0	0	0	0	0	0	0	0	0	0	0	0	0	0	0	0	0	0	0	0	0	0	0	0	0	0	0	0	0	0	0	0	0	0	0	0
0	0.819805365572891	0.898510915621449	0.525753827413237	0.509629064609761	0.954700655426777	0.81954679197451	0.676081055691885	0	0.686925167554046	0.721572401750387	0.577823954926566	0.707035464646439	0.511361484443148	0.555206248406946	0.582479386801814	0	0	0	0	0	0	0	0	0	0	0	0	0	0	0	0	0	0	0	0	0	0	0	0	0	0	0	0	0	0	0	0	0	0	0	0	0	0	0	0	0	0	0	0	0	0	0	0	0	0	0	0	0	0	0	0	0	0	0	0	0	0	0	0	0	0	0	0	0	0	0	0	0	0
0	0	0.667894393914387	0.897272360104599	0.766951589960041	0.773636670670177	0.951337394511128	0.806468198540838	0.665163636203227	0	0.538369597253356	0.59026520604029	0.501794523876545	0.517646495107121	0.870156291774136	0.697392551431189	0.651492940193182	0	0	0	0	0	0	0	0	0	0	0	0	0	0	0	0	0	0	0	0	0	0	0	0	0	0	0	0	0	0	0	0	0	0	0	0	0	0	0	0	0	0	0	0	0	0	0	0	0	0	0	0	0	0	0	0	0	0	0	0	0	0	0	0	0	0	0	0	0	0	0	0	0
0	0.941634339265511	0	0.971070248655615	0.513545567479329	0.782683660702062	0.96620226493065	0.828339665804022	0.710853096481579	0.951746773577214	0	0.54221701655978	0.656546874771796	0.783683080755413	0.73811874775173	0.879269730668627	0.604258299088807	0.77525592931892	0	0	0	0	0	0	0	0	0	0	0	0	0	0	0	0	0	0	0	0	0	0	0	0	0	0	0	0	0	0	0	0	0	0	0	0	0	0	0	0	0	0	0	0	0	0	0	0	0	0	0	0	0	0	0	0	0	0	0	0	0	0	0	0	0	0	0	0	0	0	0	0
0.503732499972058	0	0	0	0.593529783880688	0.643056242677861	0.773085158957176	0.52505198208788	0.913512009925994	0.902118770061661	0.542107760531404	0	0.835467971964466	0.859478500490771	0.872613928607751	0.830357196204379	0.795525406947281	0.690465621124489	0	0	0	0	0	0	0	0	0	0	0	0	0	0	0	0	0	0	0	0	0	0	0	0	0	0	0	0	0	0	0	0	0	0	0	0	0	0	0	0	0	0	0	0	0	0	0	0	0	0	0	0	0	0	0	0	0	0	0	0	0	0	0	0	0	0	0	0	0	0	0	0
0.869588253227582	0.946058904491661	0	0	0.80151845620481	0.927244768501234	0.711527936343904	0.686566711342573	0.713747929843022	0.849546201257218	0.884647206995528	0.844425353932314	0	0.951811524365191	0.643270643789209	0.577921956070812	0.65200987654818	0	0	0	0	0	0	0	0	0	0	0	0	0	0	0	0	0	0	0	0	0	0	0	0	0	0	0	0	0	0	0	0	0	0	0	0	0	0	0	0	0	0	0	0	0	0	0	0	0	0	0	0	0	0	0	0	0	0	0	0	0	0	0	0	0	0	0	0	0	0	0	0	0
0.681219188067895	0.622420989020973	0.79415356372148	0	0	0	0.829540228941464	0.96868233699374	0.753402360887908	0.969459137940547	0.785033574259214	0.552741682852015	0.812411903512351	0	0.818827608999478	0.923259332217744	0.783974628703673	0.716229694599429	0	0	0	0	0	0	0	0	0	0	0	0	0	0	0	0	0	0	0	0	0	0	0	0	0	0	0	0	0	0	0	0	0	0	0	0	0	0	0	0	0	0	0	0	0	0	0	0	0	0	0	0	0	0	0	0	0	0	0	0	0	0	0	0	0	0	0	0	0	0	0	0
0.938350553935664	0.599615586944012	0.625303258464458	0.735108342144633	0	0	0	0.507376180000231	0.937209989373598	0.704864293110155	0.531991500861979	0.943554140901911	0.860170083385508	0.805770715027235	0	0.623384569437536	0.879771728133082	0.533607534044063	0	0	0	0	0	0	0	0	0	0	0	0	0	0	0	0	0	0	0	0	0	0	0	0	0	0	0	0	0	0	0	0	0	0	0	0	0	0	0	0	0	0	0	0	0	0	0	0	0	0	0	0	0	0	0	0	0	0	0	0	0	0	0	0	0	0	0	0	0	0	0	0
0.546312132552026	0.93934562599187	0.859513654262053	0.986093711360984	0.564824332961184	0	0	0	0.893339645474877	0.588443789866881	0.897728558413905	0.872535895294056	0.991742120051731	0.995542166610352	0.599371533769606	0	0.639220184221277	0.919080389907474	0	0	0	0	0	0	0	0	0	0	0	0	0	0	0	0	0	0	0	0	0	0	0	0	0	0	0	0	0	0	0	0	0	0	0	0	0	0	0	0	0	0	0	0	0	0	0	0	0	0	0	0	0	0	0	0	0	0	0	0	0	0	0	0	0	0	0	0	0	0	0	0
0.842087854549693	0.524996294199148	0.580783027500913	0.637157927563023	0.960474140301355	0.685153895793521	0	0	0	0.742808246181044	0.825148618286701	0.634834691195685	0.611281196131065	0.539929305605401	0.532647303948501	0.902917483404772	0	0.513079617742398	0	0	0	0	0	0	0	0	0	0	0	0	0	0	0	0	0	0	0	0	0	0	0	0	0	0	0	0	0	0	0	0	0	0	0	0	0	0	0	0	0	0	0	0	0	0	0	0	0	0	0	0	0	0	0	0	0	0	0	0	0	0	0	0	0	0	0	0	0	0	0	0
0.58881977715432	0.613197930167121	0.887880890193369	0.63002593741623	0.594591132595025	0.645549416516786	0.88227632918755	0	0	0	0.743996961752547	0.556798467318244	0	0.886521939151291	0.689354200065806	0.856700047130306	0.843609543035714	0	0	0	0	0	0	0	0	0	0	0	0	0	0	0	0	0	0	0	0	0	0	0	0	0	0	0	0	0	0	0	0	0	0	0	0	0	0	0	0	0	0	0	0	0	0	0	0	0	0	0	0	0	0	0	0	0	0	0	0	0	0	0	0	0	0	0	0	0	0	0	0	0
0	0	0	0	0	0	0	0	0	0	0	0	0	0	0	0	0	0	0	0.849345587651222	0.619677860274775	0.97740455404167	0.844464670438466	0	0.806133403808056	0.637785355476292	0	0	0	0	0	0.983077331765213	0.595988196139871	0.895778363974053	0.913535210044146	0.779459652394879	0	0	0	0	0	0	0	0	0	0	0	0	0	0	0	0	0	0	0	0	0	0	0	0	0	0	0	0	0	0	0	0	0	0	0	0	0	0	0	0	0	0	0	0	0	0	0	0	0	0	0	0	0	0
0	0	0	0	0	0	0	0	0	0	0	0	0	0	0	0	0	0	0.567273044932925	0	0.78304286411668	0.843212061207551	0	0.616828160501993	0.687771985035502	0	0.803671794664027	0.643515091648921	0	0.602443583849156	0	0	0.599235498822931	0.520914126563604	0	0.575809948540577	0	0	0	0	0	0	0	0	0	0	0	0	0	0	0	0	0	0	0	0	0	0	0	0	0	0	0	0	0	0	0	0	0	0	0	0	0	0	0	0	0	0	0	0	0	0	0	0	0	0	0	0	0	0
0	0	0	0	0	0	0	0	0	0	0	0	0	0	0	0	0	0	0.902549146236347	0.72564194429761	0	0.865410228081395	0.524627163311292	0.72639537543795	0.518042255967711	0	0	0.542008416999467	0	0	0	0	0	0	0.750241556337196	0.787811215685104	0	0	0	0	0	0	0	0	0	0	0	0	0	0	0	0	0	0	0	0	0	0	0	0	0	0	0	0	0	0	0	0	0	0	0	0	0	0	0	0	0	0	0	0	0	0	0	0	0	0	0	0	0	0
0	0	0	0	0	0	0	0	0	0	0	0	0	0	0	0	0	0	0.687757918042771	0.741260675552154	0.772178296473733	0	0	0	0.805290620729657	0.518482359326026	0.785555815246201	0.650030373956326	0	0.925015062396954	0	0	0	0	0.974707298068602	0.815050444981648	0	0	0	0	0	0	0	0	0	0	0	0	0	0	0	0	0	0	0	0	0	0	0	0	0	0	0	0	0	0	0	0	0	0	0	0	0	0	0	0	0	0	0	0	0	0	0	0	0	0	0	0	0	0
0	0	0	0	0	0	0	0	0	0	0	0	0	0	0	0	0	0	0.585771939494237	0	0.897447876346871	0	0	0.887491133342205	0.622275452631787	0.513379819808413	0.717067594730261	0.762669243473518	0	0	0.615301757860696	0.699574942323747	0.504616582468384	0	0	0.94109918210851	0	0	0	0	0	0	0	0	0	0	0	0	0	0	0	0	0	0	0	0	0	0	0	0	0	0	0	0	0	0	0	0	0	0	0	0	0	0	0	0	0	0	0	0	0	0	0	0	0	0	0	0	0	0
0	0	0	0	0	0	0	0	0	0	0	0	0	0	0	0	0	0	0	0.719079540987245	0.768343391925641	0	0.922568911640458	0	0.943673135425467	0.853282026802723	0.870980605192693	0.555848455086277	0.903050412370882	0	0	0	0	0.754729296573383	0	0	0	0	0	0	0	0	0	0	0	0	0	0	0	0	0	0	0	0	0	0	0	0	0	0	0	0	0	0	0	0	0	0	0	0	0	0	0	0	0	0	0	0	0	0	0	0	0	0	0	0	0	0	0	0
0	0	0	0	0	0	0	0	0	0	0	0	0	0	0	0	0	0	0.723331049395068	0.679321931883792	0.928555782018484	0.63662108239081	0.548374191702639	0.803600421102315	0	0.547966771697617	0.800485441824486	0.758421242471311	0	0	0	0	0	0.546511597970764	0	0	0	0	0	0	0	0	0	0	0	0	0	0	0	0	0	0	0	0	0	0	0	0	0	0	0	0	0	0	0	0	0	0	0	0	0	0	0	0	0	0	0	0	0	0	0	0	0	0	0	0	0	0	0	0
0	0	0	0	0	0	0	0	0	0	0	0	0	0	0	0	0	0	0.628328784105707	0	0	0.790485657164154	0.537458253995586	0.559657401672702	0.926671658960656	0	0	0.683460536755308	0.69004469333906	0.746556795654753	0.715909641533371	0	0	0.524288160602584	0	0	0	0	0	0	0	0	0	0	0	0	0	0	0	0	0	0	0	0	0	0	0	0	0	0	0	0	0	0	0	0	0	0	0	0	0	0	0	0	0	0	0	0	0	0	0	0	0	0	0	0	0	0	0	0
0	0	0	0	0	0	0	0	0	0	0	0	0	0	0	0	0	0	0	0.833375817603814	0	0.988568072063332	0.676358434006258	0.995724808985171	0.69882877396119	0	0	0.861816983670395	0.895113339827226	0	0	0.724170263145517	0	0	0	0	0	0	0	0	0	0	0	0	0	0	0	0	0	0	0	0	0	0	0	0	0	0	0	0	0	0	0	0	0	0	0	0	0	0	0	0	0	0	0	0	0	0	0	0	0	0	0	0	0	0	0	0	0	0
0	0	0	0	0	0	0	0	0	0	0	0	0	0	0	0	0	0	0	0.615530127790877	0.522236863508028	0.790549110968965	0.588318161864429	0.768809998297044	0.681374645894706	0.999782947562083	0.895278425918617	0	0.740911082177292	0	0.644050720926636	0.77784332600974	0.726718761690782	0	0.606719277323945	0	0	0	0	0	0	0	0	0	0	0	0	0	0	0	0	0	0	0	0	0	0	0	0	0	0	0	0	0	0	0	0	0	0	0	0	0	0	0	0	0	0	0	0	0	0	0	0	0	0	0	0	0	0	0
0	0	0	0	0	0	0	0	0	0	0	0	0	0	0	0	0	0	0	0	0	0	0	0.938107436873562	0	0.994853960413711	0.618069757930649	0.655851770177531	0	0.911680508062078	0.869336637726783	0.688547980456953	0.976913310963544	0.623972308272335	0.662669057390789	0	0	0	0	0	0	0	0	0	0	0	0	0	0	0	0	0	0	0	0	0	0	0	0	0	0	0	0	0	0	0	0	0	0	0	0	0	0	0	0	0	0	0	0	0	0	0	0	0	0	0	0	0	0	0
0	0	0	0	0	0	0	0	0	0	0	0	0	0	0	0	0	0	0	0.766198592204342	0	0.555046944800589	0	0	0	0.819974893022811	0	0	0.549380043135515	0	0.588438676837183	0.585701132583916	0.864254209635177	0.771916519556768	0	0	0	0	0	0	0	0	0	0	0	0	0	0	0	0	0	0	0	0	0	0	0	0	0	0	0	0	0	0	0	0	0	0	0	0	0	0	0	0	0	0	0	0	0	0	0	0	0	0	0	0	0	0	0	0
0	0	0	0	0	0	0	0	0	0	0	0	0	0	0	0	0	0	0	0	0	0	0.871224798329306	0	0	0.632129593825472	0	0.837871859508939	0.730462297853716	0.972740763348383	0	0	0.539979840961389	0.980414623898769	0.522242490646455	0.957928486580381	0	0	0	0	0	0	0	0	0	0	0	0	0	0	0	0	0	0	0	0	0	0	0	0	0	0	0	0	0	0	0	0	0	0	0	0	0	0	0	0	0	0	0	0	0	0	0	0	0	0	0	0	0	0
0	0	0	0	0	0	0	0	0	0	0	0	0	0	0	0	0	0	0.619553808601155	0	0	0	0.983265209084149	0	0	0	0.519303604960464	0.91785812636422	0.814286614703547	0.936377480073354	0	0	0.731333457047227	0.859117282540315	0.84529093119953	0.542150284547284	0	0	0	0	0	0	0	0	0	0	0	0	0	0	0	0	0	0	0	0	0	0	0	0	0	0	0	0	0	0	0	0	0	0	0	0	0	0	0	0	0	0	0	0	0	0	0	0	0	0	0	0	0	0
0	0	0	0	0	0	0	0	0	0	0	0	0	0	0	0	0	0	0.95293324997492	0.849508734761961	0	0	0.734503596926128	0	0	0	0	0.593940483420569	0.903567153913445	0.508030722303219	0.706343302111224	0.572472890428742	0	0.951691558586414	0.897607182975515	0.721531526821125	0	0	0	0	0	0	0	0	0	0	0	0	0	0	0	0	0	0	0	0	0	0	0	0	0	0	0	0	0	0	0	0	0	0	0	0	0	0	0	0	0	0	0	0	0	0	0	0	0	0	0	0	0	0
0	0	0	0	0	0	0	0	0	0	0	0	0	0	0	0	0	0	0.935618111150921	0.627039137279202	0	0	0	0.978361865603392	0.715425373731067	0.592358036664183	0	0	0.83385310401769	0.81920517404483	0.814096070233998	0.858614723022239	0.931377654587506	0	0.893140636950085	0.792966022065457	0	0	0	0	0	0	0	0	0	0	0	0	0	0	0	0	0	0	0	0	0	0	0	0	0	0	0	0	0	0	0	0	0	0	0	0	0	0	0	0	0	0	0	0	0	0	0	0	0	0	0	0	0	0
0	0	0	0	0	0	0	0	0	0	0	0	0	0	0	0	0	0	0.887311936556507	0	0.701919089171554	0.58024288748143	0	0	0	0	0	0.915221544285447	0.879579457638695	0	0.739851491869284	0.864569740599055	0.990751140250813	0.940288770465947	0	0	0	0	0	0	0	0	0	0	0	0	0	0	0	0	0	0	0	0	0	0	0	0	0	0	0	0	0	0	0	0	0	0	0	0	0	0	0	0	0	0	0	0	0	0	0	0	0	0	0	0	0	0	0	0
0	0	0	0	0	0	0	0	0	0	0	0	0	0	0	0	0	0	0.598522337842228	0.641122971393241	0.928582253657775	0.575732379796851	0.829696150782318	0	0	0	0	0	0	0	0.879968165196504	0.983148415150787	0.523827865229752	0.694565236771473	0	0	0	0	0	0	0	0	0	0	0	0	0	0	0	0	0	0	0	0	0	0	0	0	0	0	0	0	0	0	0	0	0	0	0	0	0	0	0	0	0	0	0	0	0	0	0	0	0	0	0	0	0	0	0	0
0	0	0	0	0	0	0	0	0	0	0	0	0	0	0	0	0	0	0	0	0	0	0	0	0	0	0	0	0	0	0	0	0	0	0	0	0	0.761231792990345	0	0.930637485623894	0.618488326083498	0.588374101277857	0.843526437013465	0	0.791453820281937	0	0	0.887457779791424	0	0.719257303663367	0	0.642090840316155	0.918918810677903	0	0	0	0	0	0	0	0	0	0	0	0	0	0	0	0	0	0	0	0	0	0	0	0	0	0	0	0	0	0	0	0	0	0	0	0	0
0	0	0	0	0	0	0	0	0	0	0	0	0	0	0	0	0	0	0	0	0	0	0	0	0	0	0	0	0	0	0	0	0	0	0	0	0.656344826551863	0	0.959726036661303	0.617246723226625	0.502305275474609	0.57500773365468	0.844044807061183	0.787222088331582	0	0.529299150196784	0.795778786407772	0.917035435748097	0.508063711526379	0.833879992225694	0.571810409801838	0.585064256605095	0.660363620792323	0	0	0	0	0	0	0	0	0	0	0	0	0	0	0	0	0	0	0	0	0	0	0	0	0	0	0	0	0	0	0	0	0	0	0	0	0
0	0	0	0	0	0	0	0	0	0	0	0	0	0	0	0	0	0	0	0	0	0	0	0	0	0	0	0	0	0	0	0	0	0	0	0	0	0.94570813094191	0	0.823785542384225	0.758085875661348	0.644499634793939	0	0.904061247248782	0	0.985951616933976	0.657472417235162	0.669502482576409	0	0.841567578146606	0.927995330262918	0	0	0.804294241753237	0	0	0	0	0	0	0	0	0	0	0	0	0	0	0	0	0	0	0	0	0	0	0	0	0	0	0	0	0	0	0	0	0	0	0	0
0	0	0	0	0	0	0	0	0	0	0	0	0	0	0	0	0	0	0	0	0	0	0	0	0	0	0	0	0	0	0	0	0	0	0	0	0.586117493968788	0.738603103030289	0.505834145098157	0	0.819684176226604	0	0.526231769026847	0.614111468787524	0	0.7716806721455	0	0.916815581617231	0.635991314962327	0.736618253008047	0.642319819536747	0	0.636320876858373	0.55453566501421	0	0	0	0	0	0	0	0	0	0	0	0	0	0	0	0	0	0	0	0	0	0	0	0	0	0	0	0	0	0	0	0	0	0	0	0
0	0	0	0	0	0	0	0	0	0	0	0	0	0	0	0	0	0	0	0	0	0	0	0	0	0	0	0	0	0	0	0	0	0	0	0	0.891066770944363	0.81715198505333	0.907964550166178	0.666962976990624	0	0.650043037791174	0.636048997350627	0.634263778116605	0.746047424831568	0	0.783364016204065	0	0.706199058239658	0	0.595962981757262	0.97730052225153	0.62736498467523	0.984888381291667	0	0	0	0	0	0	0	0	0	0	0	0	0	0	0	0	0	0	0	0	0	0	0	0	0	0	0	0	0	0	0	0	0	0	0	0
0	0	0	0	0	0	0	0	0	0	0	0	0	0	0	0	0	0	0	0	0	0	0	0	0	0	0	0	0	0	0	0	0	0	0	0	0.692094683931214	0.623078795591448	0.632791809720258	0	0.720485141883808	0	0.552058864414127	0.648580392302145	0.824440948477659	0.5761464446444	0.502066379088383	0.978469389031395	0.517576823740502	0	0	0.963022663019537	0.593861118997233	0.867143330987509	0	0	0	0	0	0	0	0	0	0	0	0	0	0	0	0	0	0	0	0	0	0	0	0	0	0	0	0	0	0	0	0	0	0	0	0
0	0	0	0	0	0	0	0	0	0	0	0	0	0	0	0	0	0	0	0	0	0	0	0	0	0	0	0	0	0	0	0	0	0	0	0	0.972762558739457	0.621433441301285	0	0.907943509121448	0.727118431361909	0.594339103455055	0	0.983049404111902	0.839790570419364	0.760592915691174	0.767047987776845	0.924657962342499	0	0	0	0	0.985423618926789	0	0	0	0	0	0	0	0	0	0	0	0	0	0	0	0	0	0	0	0	0	0	0	0	0	0	0	0	0	0	0	0	0	0	0	0	0
0	0	0	0	0	0	0	0	0	0	0	0	0	0	0	0	0	0	0	0	0	0	0	0	0	0	0	0	0	0	0	0	0	0	0	0	0	0.548070962443301	0.752702143976775	0.588698591284139	0.502275431406067	0.571733785331123	0.550632483298413	0	0.602503334269487	0.982426546578257	0.727448050784817	0.635449194893862	0.983602731161683	0.796741641410729	0	0	0	0.997826019985207	0	0	0	0	0	0	0	0	0	0	0	0	0	0	0	0	0	0	0	0	0	0	0	0	0	0	0	0	0	0	0	0	0	0	0	0
0	0	0	0	0	0	0	0	0	0	0	0	0	0	0	0	0	0	0	0	0	0	0	0	0	0	0	0	0	0	0	0	0	0	0	0	0.98234071611213	0	0	0	0.551169329599613	0.720123560142198	0.831431998845173	0.922900845207371	0	0.963597156963576	0.652783957063175	0.80238489113308	0.77289569652975	0	0.770843154584521	0.610097749923265	0.619869432699063	0.612786805631949	0	0	0	0	0	0	0	0	0	0	0	0	0	0	0	0	0	0	0	0	0	0	0	0	0	0	0	0	0	0	0	0	0	0	0	0
0	0	0	0	0	0	0	0	0	0	0	0	0	0	0	0	0	0	0	0	0	0	0	0	0	0	0	0	0	0	0	0	0	0	0	0	0	0.693092337730185	0.772650792090741	0.721980882140121	0	0.867264598501107	0.747063504515532	0.895051229011917	0.714588340387676	0	0.878409845824667	0.612046036728026	0	0.637977708709369	0.751980193099487	0	0.688841049125035	0	0	0	0	0	0	0	0	0	0	0	0	0	0	0	0	0	0	0	0	0	0	0	0	0	0	0	0	0	0	0	0	0	0	0	0	0
0	0	0	0	0	0	0	0	0	0	0	0	0	0	0	0	0	0	0	0	0	0	0	0	0	0	0	0	0	0	0	0	0	0	0	0	0	0.582911961384786	0.817405611318073	0	0.904278592909274	0.954125625615316	0.986699145377672	0.570160926205936	0.610284814724835	0.50165309654457	0	0.544381136530366	0.87378320726243	0	0.761578908413886	0.57003121212574	0.588162818533805	0	0	0	0	0	0	0	0	0	0	0	0	0	0	0	0	0	0	0	0	0	0	0	0	0	0	0	0	0	0	0	0	0	0	0	0	0
0	0	0	0	0	0	0	0	0	0	0	0	0	0	0	0	0	0	0	0	0	0	0	0	0	0	0	0	0	0	0	0	0	0	0	0	0.87700999595127	0.536014155163904	0.929898686990756	0.728233862911499	0	0.607733055174012	0.878965570256161	0.892642646828114	0.806764895968658	0.538542454593736	0.803375186349729	0	0	0.680432630243884	0	0.953754565213817	0.515394516274839	0.776587524641193	0	0	0	0	0	0	0	0	0	0	0	0	0	0	0	0	0	0	0	0	0	0	0	0	0	0	0	0	0	0	0	0	0	0	0	0
0	0	0	0	0	0	0	0	0	0	0	0	0	0	0	0	0	0	0	0	0	0	0	0	0	0	0	0	0	0	0	0	0	0	0	0	0	0.742038076137571	0	0.999635829835796	0.965406120987724	0.848047918669773	0	0.655544958025977	0.582201094417056	0	0.868020928590469	0	0	0	0	0.591444083819225	0.775245616374012	0.593967930805208	0	0	0	0	0	0	0	0	0	0	0	0	0	0	0	0	0	0	0	0	0	0	0	0	0	0	0	0	0	0	0	0	0	0	0	0
0	0	0	0	0	0	0	0	0	0	0	0	0	0	0	0	0	0	0	0	0	0	0	0	0	0	0	0	0	0	0	0	0	0	0	0	0.59335897445139	0.547085855096477	0.682956832913766	0.957344791052755	0	0	0	0.909520272648869	0	0.790723977889657	0	0.851610776049383	0	0	0.57764562194896	0.973706093194731	0.958465319855644	0	0	0	0	0	0	0	0	0	0	0	0	0	0	0	0	0	0	0	0	0	0	0	0	0	0	0	0	0	0	0	0	0	0	0	0	0
0	0	0	0	0	0	0	0	0	0	0	0	0	0	0	0	0	0	0	0	0	0	0	0	0	0	0	0	0	0	0	0	0	0	0	0	0	0.604628183495875	0.85338599159088	0.593218198695706	0.963201626492231	0	0	0	0.915961021715284	0.659520608769611	0.867610970416403	0	0	0.627953430852519	0	0.873816027843216	0.647380657832445	0	0	0	0	0	0	0	0	0	0	0	0	0	0	0	0	0	0	0	0	0	0	0	0	0	0	0	0	0	0	0	0	0	0	0	0	0
0	0	0	0	0	0	0	0	0	0	0	0	0	0	0	0	0	0	0	0	0	0	0	0	0	0	0	0	0	0	0	0	0	0	0	0	0.694764768335279	0.832777388596816	0	0	0.638603367304197	0.661323884140213	0	0	0.754892215468903	0	0.798098905392345	0.989496492241471	0.551110573070306	0.677447396631595	0.885470186743646	0	0.923917487779471	0	0	0	0	0	0	0	0	0	0	0	0	0	0	0	0	0	0	0	0	0	0	0	0	0	0	0	0	0	0	0	0	0	0	0	0	0
0	0	0	0	0	0	0	0	0	0	0	0	0	0	0	0	0	0	0	0	0	0	0	0	0	0	0	0	0	0	0	0	0	0	0	0	0.865273187288904	0.586573263418843	0	0.832511486593533	0.50714500983786	0.688062990732868	0.788680268875413	0	0.502190848629035	0.882863499178428	0.733543418036923	0.709739593946093	0.950002700083617	0.737175929521285	0.758937415930607	0.779633622367329	0	0	0	0	0	0	0	0	0	0	0	0	0	0	0	0	0	0	0	0	0	0	0	0	0	0	0	0	0	0	0	0	0	0	0	0	0	0
0	0	0	0	0	0	0	0	0	0	0	0	0	0	0	0	0	0	0	0	0	0	0	0	0	0	0	0	0	0	0	0	0	0	0	0	0	0	0.653437359511076	0.887834008765446	0.908826918687526	0.765331119565025	0	0.861346719688597	0.64677666416718	0	0	0.536566650924611	0.516034764410906	0	0	0	0	0	0	0	0	0	0	0	0	0	0	0	0	0	0	0	0	0	0	0	0	0	0	0	0	0	0	0	0	0	0	0	0	0	0	0	0	0
0	0	0	0	0	0	0	0	0	0	0	0	0	0	0	0	0	0	0	0	0	0	0	0	0	0	0	0	0	0	0	0	0	0	0	0	0	0	0	0	0	0	0	0	0	0	0	0	0	0	0	0	0	0	0	0.75854476625056	0	0.714373073968929	0	0.513039882263384	0	0	0	0	0	0	0	0	0.651992283481936	0.789714838589981	0	0	0	0	0	0	0	0	0	0	0	0	0	0	0	0	0	0	0	0
0	0	0	0	0	0	0	0	0	0	0	0	0	0	0	0	0	0	0	0	0	0	0	0	0	0	0	0	0	0	0	0	0	0	0	0	0	0	0	0	0	0	0	0	0	0	0	0	0	0	0	0	0	0	0.767187720794752	0	0.938948804297874	0	0.887706134190797	0.833804715005595	0.70573592088018	0	0	0.512538922008876	0.537248602187348	0.837689769453468	0	0	0.580568311057084	0	0.926062577921621	0.728082813913957	0	0	0	0	0	0	0	0	0	0	0	0	0	0	0	0	0	0
0	0	0	0	0	0	0	0	0	0	0	0	0	0	0	0	0	0	0	0	0	0	0	0	0	0	0	0	0	0	0	0	0	0	0	0	0	0	0	0	0	0	0	0	0	0	0	0	0	0	0	0	0	0	0	0.540916005649346	0	0	0.894011612043464	0	0	0	0	0	0	0	0.634226829538943	0.597510739791474	0	0	0	0.788859668047895	0	0	0	0	0	0	0	0	0	0	0	0	0	0	0	0	0	0
0	0	0	0	0	0	0	0	0	0	0	0	0	0	0	0	0	0	0	0	0	0	0	0	0	0	0	0	0	0	0	0	0	0	0	0	0	0	0	0	0	0	0	0	0	0	0	0	0	0	0	0	0	0	0.688565337590793	0	0	0	0	0.911839416572777	0	0.816306022762853	0	0	0.505104047306583	0.91183547887887	0	0	0	0	0.635363440943725	0	0	0	0	0	0	0	0	0	0	0	0	0	0	0	0	0	0	0
0	0	0	0	0	0	0	0	0	0	0	0	0	0	0	0	0	0	0	0	0	0	0	0	0	0	0	0	0	0	0	0	0	0	0	0	0	0	0	0	0	0	0	0	0	0	0	0	0	0	0	0	0	0	0	0.800328865341464	0.762324757422771	0	0	0	0.868055659457527	0	0.959360048067457	0.870399637598541	0	0	0	0	0	0	0.730851145823435	0	0	0	0	0	0	0	0	0	0	0	0	0	0	0	0	0	0	0
0	0	0	0	0	0	0	0	0	0	0	0	0	0	0	0	0	0	0	0	0	0	0	0	0	0	0	0	0	0	0	0	0	0	0	0	0	0	0	0	0	0	0	0	0	0	0	0	0	0	0	0	0	0	0.538192734034524	0.862229226815606	0	0.949265553787036	0	0	0	0	0.72208048217377	0	0	0	0	0	0	0.796531261027433	0	0.952496024529509	0	0	0	0	0	0	0	0	0	0	0	0	0	0	0	0	0	0
0	0	0	0	0	0	0	0	0	0	0	0	0	0	0	0	0	0	0	0	0	0	0	0	0	0	0	0	0	0	0	0	0	0	0	0	0	0	0	0	0	0	0	0	0	0	0	0	0	0	0	0	0	0	0	0.575085025958821	0	0	0.911616466904912	0	0	0.685156180697884	0.856488917592643	0	0.625414122830509	0	0.913583440353893	0	0.600359221745327	0.916969419097773	0	0	0	0	0	0	0	0	0	0	0	0	0	0	0	0	0	0	0	0
0	0	0	0	0	0	0	0	0	0	0	0	0	0	0	0	0	0	0	0	0	0	0	0	0	0	0	0	0	0	0	0	0	0	0	0	0	0	0	0	0	0	0	0	0	0	0	0	0	0	0	0	0	0	0	0	0	0.730024596687188	0	0	0.527787867965275	0	0	0	0.965292580855311	0	0	0	0	0	0.881898986323648	0	0	0	0	0	0	0	0	0	0	0	0	0	0	0	0	0	0	0
0	0	0	0	0	0	0	0	0	0	0	0	0	0	0	0	0	0	0	0	0	0	0	0	0	0	0	0	0	0	0	0	0	0	0	0	0	0	0	0	0	0	0	0	0	0	0	0	0	0	0	0	0	0	0	0	0	0	0.56707086630631	0.584104994848475	0.576660644819715	0	0	0.666336886407563	0	0.737125490875331	0	0	0	0	0	0	0	0	0	0	0	0	0	0	0	0	0	0	0	0	0	0	0	0
0	0	0	0	0	0	0	0	0	0	0	0	0	0	0	0	0	0	0	0	0	0	0	0	0	0	0	0	0	0	0	0	0	0	0	0	0	0	0	0	0	0	0	0	0	0	0	0	0	0	0	0	0	0	0	0.500849692856145	0	0	0.828690611089754	0	0	0	0.581341325291518	0	0	0	0	0.89378957919871	0	0	0.567915329979932	0	0	0	0	0	0	0	0	0	0	0	0	0	0	0	0	0	0	0
0	0	0	0	0	0	0	0	0	0	0	0	0	0	0	0	0	0	0	0	0	0	0	0	0	0	0	0	0	0	0	0	0	0	0	0	0	0	0	0	0	0	0	0	0	0	0	0	0	0	0	0	0	0	0	0.803860725670269	0	0.990532019900374	0	0	0.539254395655721	0.691453474193493	0	0	0	0	0.512184168105913	0.685989886780779	0.829835206684384	0	0.780948973053157	0	0	0	0	0	0	0	0	0	0	0	0	0	0	0	0	0	0	0
0	0	0	0	0	0	0	0	0	0	0	0	0	0	0	0	0	0	0	0	0	0	0	0	0	0	0	0	0	0	0	0	0	0	0	0	0	0	0	0	0	0	0	0	0	0	0	0	0	0	0	0	0	0	0	0.566823174390944	0	0.897341005856488	0	0	0	0	0.512676977124153	0	0	0	0.849692986786603	0	0.754608568972216	0	0	0	0	0	0	0	0	0	0	0	0	0	0	0	0	0	0	0	0	0
0	0	0	0	0	0	0	0	0	0	0	0	0	0	0	0	0	0	0	0	0	0	0	0	0	0	0	0	0	0	0	0	0	0	0	0	0	0	0	0	0	0	0	0	0	0	0	0	0	0	0	0	0	0	0	0	0.884131618003729	0	0	0	0.711414791806568	0	0	0	0.509459498010722	0.818720309021964	0	0	0	0	0	0	0	0	0	0	0	0	0	0	0	0	0	0	0	0	0	0	0	0
0	0	0	0	0	0	0	0	0	0	0	0	0	0	0	0	0	0	0	0	0	0	0	0	0	0	0	0	0	0	0	0	0	0	0	0	0	0	0	0	0	0	0	0	0	0	0	0	0	0	0	0	0	0	0	0	0.813684806252379	0	0	0	0	0	0	0.506290453730031	0.737042855799479	0	0	0	0.688013298801394	0	0.677154806982045	0	0	0	0	0	0	0	0	0	0	0	0	0	0	0	0	0	0	0
0	0	0	0	0	0	0	0	0	0	0	0	0	0	0	0	0	0	0	0	0	0	0	0	0	0	0	0	0	0	0	0	0	0	0	0	0	0	0	0	0	0	0	0	0	0	0	0	0	0	0	0	0	0	0.741726087267447	0.730978573168337	0	0	0	0	0.521078588273757	0	0	0	0.517617937166108	0.670945374198953	0	0.754334947242774	0	0	0	0.650895670406224	0	0	0	0	0	0	0	0	0	0	0	0	0	0	0	0	0	0
0	0	0	0	0	0	0	0	0	0	0	0	0	0	0	0	0	0	0	0	0	0	0	0	0	0	0	0	0	0	0	0	0	0	0	0	0	0	0	0	0	0	0	0	0	0	0	0	0	0	0	0	0	0	0.701530492070002	0	0	0	0	0.956247725784875	0.542079179855493	0	0	0	0	0	0	0	0	0	0.940184548336173	0	0	0	0	0	0	0	0	0	0	0	0	0	0	0	0	0	0	0
0	0	0	0	0	0	0	0	0	0	0	0	0	0	0	0	0	0	0	0	0	0	0	0	0	0	0	0	0	0	0	0	0	0	0	0	0	0	0	0	0	0	0	0	0	0	0	0	0	0	0	0	0	0	0	0.98004165744887	0	0.637438185780134	0.922871183709313	0	0	0.612040138370216	0	0.750511543927405	0.820071847237825	0	0	0.623809767499975	0	0.691681525021113	0	0.615184298506362	0	0	0	0	0	0	0	0	0	0	0	0	0	0	0	0	0	0
0	0	0	0	0	0	0	0	0	0	0	0	0	0	0	0	0	0	0	0	0	0	0	0	0	0	0	0	0	0	0	0	0	0	0	0	0	0	0	0	0	0	0	0	0	0	0	0	0	0	0	0	0	0	0	0.825002551403695	0.791629242454861	0	0	0.664142671658661	0	0	0	0	0	0	0	0	0.797884058198465	0	0.871631793439258	0	0	0	0	0	0	0	0	0	0	0	0	0	0	0	0	0	0	0
0	0	0	0	0	0	0	0	0	0	0	0	0	0	0	0	0	0	0	0	0	0	0	0	0	0	0	0	0	0	0	0	0	0	0	0	0	0	0	0	0	0	0	0	0	0	0	0	0	0	0	0	0	0	0	0	0	0	0	0	0	0	0	0	0	0	0	0	0	0	0	0	0	0.65923117363264	0.730695032643908	0.776635450924836	0.71541049010882	0	0	0	0	0	0	0	0	0	0	0.987716554314996	0.838011364053317	0.654928917362034
0	0	0	0	0	0	0	0	0	0	0	0	0	0	0	0	0	0	0	0	0	0	0	0	0	0	0	0	0	0	0	0	0	0	0	0	0	0	0	0	0	0	0	0	0	0	0	0	0	0	0	0	0	0	0	0	0	0	0	0	0	0	0	0	0	0	0	0	0	0	0	0	0.53031006581772	0	0.903355271663775	0.872401531923048	0.569586686307936	0.716516581106331	0	0	0	0	0	0	0	0	0	0	0.935518367367665	0.709334534984319
0	0	0	0	0	0	0	0	0	0	0	0	0	0	0	0	0	0	0	0	0	0	0	0	0	0	0	0	0	0	0	0	0	0	0	0	0	0	0	0	0	0	0	0	0	0	0	0	0	0	0	0	0	0	0	0	0	0	0	0	0	0	0	0	0	0	0	0	0	0	0	0	0.944698223362855	0.910421775939791	0	0.51269917974339	0.885999443861005	0.942637921398074	0.593624768968962	0	0	0	0	0	0	0	0	0	0.986174587635516	0.641045020354825
0	0	0	0	0	0	0	0	0	0	0	0	0	0	0	0	0	0	0	0	0	0	0	0	0	0	0	0	0	0	0	0	0	0	0	0	0	0	0	0	0	0	0	0	0	0	0	0	0	0	0	0	0	0	0	0	0	0	0	0	0	0	0	0	0	0	0	0	0	0	0	0	0.979347027365877	0.998131937010193	0.600415283809877	0	0.732712616371209	0.618561757393564	0.730925467760708	0.61956271410987	0	0	0	0	0	0.857287082014352	0	0	0	0.687222496631567
0	0	0	0	0	0	0	0	0	0	0	0	0	0	0	0	0	0	0	0	0	0	0	0	0	0	0	0	0	0	0	0	0	0	0	0	0	0	0	0	0	0	0	0	0	0	0	0	0	0	0	0	0	0	0	0	0	0	0	0	0	0	0	0	0	0	0	0	0	0	0	0	0.881684128385785	0.52969531135746	0.667612333643184	0.632518337346683	0	0.540078946799065	0.629374968260842	0.856217473894561	0.697479430980755	0	0	0	0.901646781582903	0	0	0.523311228493405	0	0
0	0	0	0	0	0	0	0	0	0	0	0	0	0	0	0	0	0	0	0	0	0	0	0	0	0	0	0	0	0	0	0	0	0	0	0	0	0	0	0	0	0	0	0	0	0	0	0	0	0	0	0	0	0	0	0	0	0	0	0	0	0	0	0	0	0	0	0	0	0	0	0	0	0.775868329911093	0.999418645231604	0.5496142566848	0.782897614741722	0	0.54332866989971	0.515722669201195	0.694189737836244	0.700713898374432	0	0	0	0	0.562078212713118	0	0	0
0	0	0	0	0	0	0	0	0	0	0	0	0	0	0	0	0	0	0	0	0	0	0	0	0	0	0	0	0	0	0	0	0	0	0	0	0	0	0	0	0	0	0	0	0	0	0	0	0	0	0	0	0	0	0	0	0	0	0	0	0	0	0	0	0	0	0	0	0	0	0	0	0	0	0.638426817229182	0.769265689953761	0.708276342289995	0.602574649709747	0	0.578300901095451	0.719910917577069	0.771927982034291	0.820848948160114	0	0	0	0	0	0	0
0	0	0	0	0	0	0	0	0	0	0	0	0	0	0	0	0	0	0	0	0	0	0	0	0	0	0	0	0	0	0	0	0	0	0	0	0	0	0	0	0	0	0	0	0	0	0	0	0	0	0	0	0	0	0	0	0	0	0	0	0	0	0	0	0	0	0	0	0	0	0	0	0	0	0	0.85082736153794	0.989030125568893	0.741705049407486	0.897950926302499	0	0.898644239695476	0.909645310839644	0.767561570652972	0.663598478885039	0	0	0	0	0	0
0	0	0	0	0	0	0	0	0	0	0	0	0	0	0	0	0	0	0	0	0	0	0	0	0	0	0	0	0	0	0	0	0	0	0	0	0	0	0	0	0	0	0	0	0	0	0	0	0	0	0	0	0	0	0	0	0	0	0	0	0	0	0	0	0	0	0	0	0	0	0	0	0	0	0	0	0.758593226537723	0.597119338652497	0.501254875748684	0.680409094504515	0	0.586789116685021	0.935444314224044	0.51985675798775	0	0	0	0	0.697016946727735	0
0	0	0	0	0	0	0	0	0	0	0	0	0	0	0	0	0	0	0	0	0	0	0	0	0	0	0	0	0	0	0	0	0	0	0	0	0	0	0	0	0	0	0	0	0	0	0	0	0	0	0	0	0	0	0	0	0	0	0	0	0	0	0	0	0	0	0	0	0	0	0	0	0	0	0	0	0	0.738232612002715	0.503722999323059	0.790899583545674	0.915807087590189	0	0.692099111659487	0.623859083709387	0.969634032731905	0.552288375073544	0	0	0	0
0	0	0	0	0	0	0	0	0	0	0	0	0	0	0	0	0	0	0	0	0	0	0	0	0	0	0	0	0	0	0	0	0	0	0	0	0	0	0	0	0	0	0	0	0	0	0	0	0	0	0	0	0	0	0	0	0	0	0	0	0	0	0	0	0	0	0	0	0	0	0	0	0	0	0	0	0	0	0.563763507538388	0.577787349030236	0.994681966422634	0.71553871585002	0	0.758038766447207	0.903608431155856	0.580089784431118	0.518360890855974	0	0	0
0	0	0	0	0	0	0	0	0	0	0	0	0	0	0	0	0	0	0	0	0	0	0	0	0	0	0	0	0	0	0	0	0	0	0	0	0	0	0	0	0	0	0	0	0	0	0	0	0	0	0	0	0	0	0	0	0	0	0	0	0	0	0	0	0	0	0	0	0	0	0	0	0	0	0	0	0	0	0	0.827765453663513	0.729960764834913	0.514969980196162	0.963647768469029	0	0.854951381617206	0.646240203825379	0.779186047578102	0.689901104220562	0	0
0	0	0	0	0	0	0	0	0	0	0	0	0	0	0	0	0	0	0	0	0	0	0	0	0	0	0	0	0	0	0	0	0	0	0	0	0	0	0	0	0	0	0	0	0	0	0	0	0	0	0	0	0	0	0	0	0	0	0	0	0	0	0	0	0	0	0	0	0	0	0	0	0	0	0	0	0.595343993905901	0	0	0	0	0.993317749639539	0.83556000946151	0.605613895114992	0	0.978512157500182	0.679138999201432	0.558127558104166	0.750950333274894	0
0	0	0	0	0	0	0	0	0	0	0	0	0	0	0	0	0	0	0	0	0	0	0	0	0	0	0	0	0	0	0	0	0	0	0	0	0	0	0	0	0	0	0	0	0	0	0	0	0	0	0	0	0	0	0	0	0	0	0	0	0	0	0	0	0	0	0	0	0	0	0	0	0	0	0	0.523688074437876	0	0	0	0	0	0.886396522319021	0.669722726118412	0.835793860634265	0.714583786529922	0	0	0.536199749080494	0.891608324284999	0.500242725166806
0	0	0	0	0	0	0	0	0	0	0	0	0	0	0	0	0	0	0	0	0	0	0	0	0	0	0	0	0	0	0	0	0	0	0	0	0	0	0	0	0	0	0	0	0	0	0	0	0	0	0	0	0	0	0	0	0	0	0	0	0	0	0	0	0	0	0	0	0	0	0	0	0	0	0	0	0	0.976811867879592	0	0	0	0	0.876793958323026	0.642388479823459	0.78879261429073	0	0	0.55826964167162	0.900015451004262	0.816719581610716
0	0	0	0	0	0	0	0	0	0	0	0	0	0	0	0	0	0	0	0	0	0	0	0	0	0	0	0	0	0	0	0	0	0	0	0	0	0	0	0	0	0	0	0	0	0	0	0	0	0	0	0	0	0	0	0	0	0	0	0	0	0	0	0	0	0	0	0	0	0	0	0	0.846197802916617	0	0	0	0.540675274521666	0	0	0	0	0	0	0.871529228396795	0.707591481965009	0.669678801832316	0.788367747114931	0	0.677033374170086	0.5309803534506
0	0	0	0	0	0	0	0	0	0	0	0	0	0	0	0	0	0	0	0	0	0	0	0	0	0	0	0	0	0	0	0	0	0	0	0	0	0	0	0	0	0	0	0	0	0	0	0	0	0	0	0	0	0	0	0	0	0	0	0	0	0	0	0	0	0	0	0	0	0	0	0	0.634247219355843	0.928672327816727	0.730718209560212	0	0	0	0	0	0.733608520440329	0	0	0	0.932804951025133	0.660188140120182	0.582142792307106	0.792173316170309	0	0
0	0	0	0	0	0	0	0	0	0	0	0	0	0	0	0	0	0	0	0	0	0	0	0	0	0	0	0	0	0	0	0	0	0	0	0	0	0	0	0	0	0	0	0	0	0	0	0	0	0	0	0	0	0	0	0	0	0	0	0	0	0	0	0	0	0	0	0	0	0	0	0	0.989238914252695	0.50359809183392	0.845296830541123	0.888248717378967	0	0	0	0	0	0	0	0	0	0.980944263460684	0.502196773297868	0.910882041897882	0	0
