0	0	0.815134662077445	0	0.810843185826949	0.936440459482468	0	0	0.875421672761259	0	0	0	0.823366172508234	0.836200458156569	0	0	0	0	0	0	0	0	0	0	0	0	0	0	0	0	0	0	0	0	0	0	0	0	0	0	0	0	0	0	0	0	0	0	0	0	0	0	0	0	0	0	0	0	0	0	0	0	0	0	0	0	0	0	0	0	0	0	0	0	0	0	0	0	0	0	0	0	0	0	0	0	0	0	0	0
0	0	0.826977633008946	0.630129127105257	0	0.953515100601218	0.543284288312333	0.982329906280913	0	0	0.784617485355829	0	0.828799224351232	0	0.890229773093406	0.818404809453001	0	0	0	0	0	0	0	0	0	0	0	0	0	0	0	0	0	0	0	0	0	0	0	0	0	0	0	0	0	0	0	0	0	0	0	0	0	0	0	0	0	0	0	0	0	0	0	0	0	0	0	0	0	0	0	0	0	0	0	0	0	0	0	0	0	0	0	0	0	0	0	0	0	0
0.521577005941969	0.888645323006578	0	0	0.794879485115176	0.732989822266313	0.542333484765877	0.582360496844531	0.690276300486779	0.695560642664669	0	0.524848296215714	0	0.628315785870815	0	0	0.582207551267131	0.542999271536198	0	0	0	0	0	0	0	0	0	0	0	0	0	0	0	0	0	0	0	0	0	0	0	0	0	0	0	0	0	0	0	0	0	0	0	0	0	0	0	0	0	0	0	0	0	0	0	0	0	0	0	0	0	0	0	0	0	0	0	0	0	0	0	0	0	0	0	0	0	0	0	0
0	0.951461844379562	0	0	0.851624314605562	0.512748700629587	0.721256338672475	0.864129709590922	0.645037193686999	0.850422725078909	0	0.762835268715381	0.744133693573976	0	0	0	0	0.749441539174571	0	0	0	0	0	0	0	0	0	0	0	0	0	0	0	0	0	0	0	0	0	0	0	0	0	0	0	0	0	0	0	0	0	0	0	0	0	0	0	0	0	0	0	0	0	0	0	0	0	0	0	0	0	0	0	0	0	0	0	0	0	0	0	0	0	0	0	0	0	0	0	0
0.967819558450991	0	0.515344486010449	0.947943628396705	0	0	0	0.720353110523603	0.521745852299735	0.838085942131745	0.805573800686127	0	0.920348605042741	0	0.740482448408016	0	0.921796636286737	0.684262983738023	0	0	0	0	0	0	0	0	0	0	0	0	0	0	0	0	0	0	0	0	0	0	0	0	0	0	0	0	0	0	0	0	0	0	0	0	0	0	0	0	0	0	0	0	0	0	0	0	0	0	0	0	0	0	0	0	0	0	0	0	0	0	0	0	0	0	0	0	0	0	0	0
0.636996793583528	0.973467988501129	0.971752517897308	0.605813434888898	0	0	0.797336467169572	0.549715770338272	0.79894639456618	0	0.848190785675501	0.542237151186376	0.637596585443884	0	0.516966840432208	0.967899537998476	0	0	0	0	0	0	0	0	0	0	0	0	0	0	0	0	0	0	0	0	0	0	0	0	0	0	0	0	0	0	0	0	0	0	0	0	0	0	0	0	0	0	0	0	0	0	0	0	0	0	0	0	0	0	0	0	0	0	0	0	0	0	0	0	0	0	0	0	0	0	0	0	0	0
0	0.9793156112374	0.633012912808009	0.768248232505033	0	0.955677657708578	0	0	0.538321931787784	0.727530931269914	0.661124149971473	0.60546966901451	0	0.526698339029292	0.820069775225694	0	0.532145574590929	0.82971082097091	0	0	0	0	0	0	0	0	0	0	0	0	0	0	0	0	0	0	0	0	0	0	0	0	0	0	0	0	0	0	0	0	0	0	0	0	0	0	0	0	0	0	0	0	0	0	0	0	0	0	0	0	0	0	0	0	0	0	0	0	0	0	0	0	0	0	0	0	0	0	0	0
0	0.800114837256436	0.900457388592416	0.849017560078667	0.953580723054309	0.611948855948476	0	0	0.874392935424525	0	0	0.533150606039089	0.537780443910139	0.60472197603288	0	0.554869338284286	0.590651736519224	0	0	0	0	0	0	0	0	0	0	0	0	0	0	0	0	0	0	0	0	0	0	0	0	0	0	0	0	0	0	0	0	0	0	0	0	0	0	0	0	0	0	0	0	0	0	0	0	0	0	0	0	0	0	0	0	0	0	0	0	0	0	0	0	0	0	0	0	0	0	0	0	0
0.791919441447553	0	0.976494721546357	0.91938339981905	0.864628258989266	0.618556515860672	0.748275206999981	0.940782397306995	0	0.557606653747468	0.563633978610698	0	0.904990215953507	0.577120671875595	0.739069204124665	0.891374270003272	0.850950327508631	0.766245596700608	0	0	0	0	0	0	0	0	0	0	0	0	0	0	0	0	0	0	0	0	0	0	0	0	0	0	0	0	0	0	0	0	0	0	0	0	0	0	0	0	0	0	0	0	0	0	0	0	0	0	0	0	0	0	0	0	0	0	0	0	0	0	0	0	0	0	0	0	0	0	0	0
0	0	0.928299633360645	0.871163009758127	0.901307553884601	0	0.604239421795801	0	0.585977097763601	0	0	0.557833960702073	0.877803680331271	0	0	0.840223548644412	0	0.848868000876895	0	0	0	0	0	0	0	0	0	0	0	0	0	0	0	0	0	0	0	0	0	0	0	0	0	0	0	0	0	0	0	0	0	0	0	0	0	0	0	0	0	0	0	0	0	0	0	0	0	0	0	0	0	0	0	0	0	0	0	0	0	0	0	0	0	0	0	0	0	0	0	0
0	0.95909654707526	0	0	0.692997156906352	0.713120507604878	0.708653496995845	0	0.572118920590179	0	0	0	0.676825047201578	0	0	0	0.970880535151315	0	0	0	0	0	0	0	0	0	0	0	0	0	0	0	0	0	0	0	0	0	0	0	0	0	0	0	0	0	0	0	0	0	0	0	0	0	0	0	0	0	0	0	0	0	0	0	0	0	0	0	0	0	0	0	0	0	0	0	0	0	0	0	0	0	0	0	0	0	0	0	0	0
0	0	0.657331393539526	0.640740769647772	0	0.513270533244279	0.765250677894218	0.886875272405711	0	0.711200829063263	0	0	0.611502616576277	0.804585366077028	0.732879756600286	0	0	0	0	0	0	0	0	0	0	0	0	0	0	0	0	0	0	0	0	0	0	0	0	0	0	0	0	0	0	0	0	0	0	0	0	0	0	0	0	0	0	0	0	0	0	0	0	0	0	0	0	0	0	0	0	0	0	0	0	0	0	0	0	0	0	0	0	0	0	0	0	0	0	0
0.574706748652693	0.928431092789289	0	0.765497803353136	0.571078932813134	0.539814393341875	0	0.903628980583316	0.992267186773562	0.772397365335208	0.737857283726042	0.682111455365679	0	0.691653463398337	0	0.916290209306606	0.857446286739468	0	0	0	0	0	0	0	0	0	0	0	0	0	0	0	0	0	0	0	0	0	0	0	0	0	0	0	0	0	0	0	0	0	0	0	0	0	0	0	0	0	0	0	0	0	0	0	0	0	0	0	0	0	0	0	0	0	0	0	0	0	0	0	0	0	0	0	0	0	0	0	0	0
0.820341670912922	0	0.64538266849127	0	0	0	0.533623071654488	0.691339884113183	0.675765586692084	0	0	0.926138844026986	0.65985352295319	0	0	0.810165851242979	0	0.975912352616318	0	0	0	0	0	0	0	0	0	0	0	0	0	0	0	0	0	0	0	0	0	0	0	0	0	0	0	0	0	0	0	0	0	0	0	0	0	0	0	0	0	0	0	0	0	0	0	0	0	0	0	0	0	0	0	0	0	0	0	0	0	0	0	0	0	0	0	0	0	0	0	0
0	0.550181204172778	0	0	0.83216511161052	0.900481508954413	0.802436589085861	0	0.749886937476242	0	0	0.608119103782212	0	0	0	0.880478199440821	0.849213663493444	0	0	0	0	0	0	0	0	0	0	0	0	0	0	0	0	0	0	0	0	0	0	0	0	0	0	0	0	0	0	0	0	0	0	0	0	0	0	0	0	0	0	0	0	0	0	0	0	0	0	0	0	0	0	0	0	0	0	0	0	0	0	0	0	0	0	0	0	0	0	0	0	0
0	0.801427682848131	0	0	0	0.843959419631948	0	0.734043297996646	0.812884335121091	0.996251551098945	0	0	0.725794286649827	0.934340797815989	0.99924133070384	0	0.650981748950763	0	0	0	0	0	0	0	0	0	0	0	0	0	0	0	0	0	0	0	0	0	0	0	0	0	0	0	0	0	0	0	0	0	0	0	0	0	0	0	0	0	0	0	0	0	0	0	0	0	0	0	0	0	0	0	0	0	0	0	0	0	0	0	0	0	0	0	0	0	0	0	0	0
0	0	0.690186745830085	0	0.686965272928702	0	0.695277119205216	0.670782765919211	0.710387811399619	0	0.671517647330478	0	0.500500678796479	0	0.557225999724228	0.855924003290577	0	0.627239898925605	0	0	0	0	0	0	0	0	0	0	0	0	0	0	0	0	0	0	0	0	0	0	0	0	0	0	0	0	0	0	0	0	0	0	0	0	0	0	0	0	0	0	0	0	0	0	0	0	0	0	0	0	0	0	0	0	0	0	0	0	0	0	0	0	0	0	0	0	0	0	0	0
0	0	0.842979024484887	0.650821066487489	0.81554420990024	0	0.619277467937408	0	0.907607229076615	0.916836260264223	0	0	0	0.883348317616465	0	0	0.873892277456106	0	0	0	0	0	0	0	0	0	0	0	0	0	0	0	0	0	0	0	0	0	0	0	0	0	0	0	0	0	0	0	0	0	0	0	0	0	0	0	0	0	0	0	0	0	0	0	0	0	0	0	0	0	0	0	0	0	0	0	0	0	0	0	0	0	0	0	0	0	0	0	0	0
0	0	0	0	0	0	0	0	0	0	0	0	0	0	0	0	0	0	0	0.79064880898834	0.568999919663515	0	0	0	0	0.834041278105066	0	0	0	0.581630249341919	0	0	0	0.669147793320433	0	0.948048681939861	0	0	0	0	0	0	0	0	0	0	0	0	0	0	0	0	0	0	0	0	0	0	0	0	0	0	0	0	0	0	0	0	0	0	0	0	0	0	0	0	0	0	0	0	0	0	0	0	0	0	0	0	0	0
0	0	0	0	0	0	0	0	0	0	0	0	0	0	0	0	0	0	0.999501221047214	0	0.788257553328777	0.829826762118307	0.892462771389233	0	0	0	0	0	0	0	0	0	0	0	0.541899665130825	0.943647822446441	0	0	0	0	0	0	0	0	0	0	0	0	0	0	0	0	0	0	0	0	0	0	0	0	0	0	0	0	0	0	0	0	0	0	0	0	0	0	0	0	0	0	0	0	0	0	0	0	0	0	0	0	0	0
0	0	0	0	0	0	0	0	0	0	0	0	0	0	0	0	0	0	0.831143362087496	0.525081286694837	0	0.964218191260739	0.516620182610774	0.875236108044752	0	0	0	0	0	0	0	0	0	0	0.548503361143495	0.698514373332379	0	0	0	0	0	0	0	0	0	0	0	0	0	0	0	0	0	0	0	0	0	0	0	0	0	0	0	0	0	0	0	0	0	0	0	0	0	0	0	0	0	0	0	0	0	0	0	0	0	0	0	0	0	0
0	0	0	0	0	0	0	0	0	0	0	0	0	0	0	0	0	0	0	0.886118122423914	0.656746603539083	0	0.58237620540853	0.892358877409047	0	0	0	0	0	0	0	0	0	0	0.663636782963554	0	0	0	0	0	0	0	0	0	0	0	0	0	0	0	0	0	0	0	0	0	0	0	0	0	0	0	0	0	0	0	0	0	0	0	0	0	0	0	0	0	0	0	0	0	0	0	0	0	0	0	0	0	0	0
0	0	0	0	0	0	0	0	0	0	0	0	0	0	0	0	0	0	0	0.724680707737199	0.651499445072478	0.925005725238312	0	0.512185521783112	0.577044049108728	0.759076240506707	0	0	0	0	0	0	0	0	0	0	0	0	0	0	0	0	0	0	0	0	0	0	0	0	0	0	0	0	0	0	0	0	0	0	0	0	0	0	0	0	0	0	0	0	0	0	0	0	0	0	0	0	0	0	0	0	0	0	0	0	0	0	0	0
0	0	0	0	0	0	0	0	0	0	0	0	0	0	0	0	0	0	0	0	0.655833748618434	0.725830296596299	0.781408123780652	0	0.518892270096837	0.808810663441613	0.910787686079981	0	0	0	0	0	0	0	0	0	0	0	0	0	0	0	0	0	0	0	0	0	0	0	0	0	0	0	0	0	0	0	0	0	0	0	0	0	0	0	0	0	0	0	0	0	0	0	0	0	0	0	0	0	0	0	0	0	0	0	0	0	0	0
0	0	0	0	0	0	0	0	0	0	0	0	0	0	0	0	0	0	0	0	0	0	0.840076065051643	0.886471549198359	0	0.72315608072934	0.594681251538012	0.961376993711226	0	0	0	0	0	0	0	0	0	0	0	0	0	0	0	0	0	0	0	0	0	0	0	0	0	0	0	0	0	0	0	0	0	0	0	0	0	0	0	0	0	0	0	0	0	0	0	0	0	0	0	0	0	0	0	0	0	0	0	0	0	0
0	0	0	0	0	0	0	0	0	0	0	0	0	0	0	0	0	0	0.516318714906064	0	0	0	0.924194659044464	0.674023042799074	0.587463454629187	0	0.621238186141472	0.794949179162729	0.986543681881023	0.853115946662361	0	0	0	0	0	0	0	0	0	0	0	0	0	0	0	0	0	0	0	0	0	0	0	0	0	0	0	0	0	0	0	0	0	0	0	0	0	0	0	0	0	0	0	0	0	0	0	0	0	0	0	0	0	0	0	0	0	0	0	0
0	0	0	0	0	0	0	0	0	0	0	0	0	0	0	0	0	0	0	0	0	0	0	0.529292274278185	0.681164112168771	0.649968135081799	0	0.639112711392776	0.881507438074529	0.682978288215785	0	0	0	0	0	0	0	0	0	0	0	0	0	0	0	0	0	0	0	0	0	0	0	0	0	0	0	0	0	0	0	0	0	0	0	0	0	0	0	0	0	0	0	0	0	0	0	0	0	0	0	0	0	0	0	0	0	0	0	0
0	0	0	0	0	0	0	0	0	0	0	0	0	0	0	0	0	0	0	0	0	0	0	0	0.716774986836036	0.830255288629962	0.865338584091064	0	0.708069958558768	0.879488466295281	0.874228310429062	0	0	0	0	0	0	0	0	0	0	0	0	0	0	0	0	0	0	0	0	0	0	0	0	0	0	0	0	0	0	0	0	0	0	0	0	0	0	0	0	0	0	0	0	0	0	0	0	0	0	0	0	0	0	0	0	0	0	0
0	0	0	0	0	0	0	0	0	0	0	0	0	0	0	0	0	0	0	0	0	0	0	0	0	0.72029327906699	0.893197365399272	0.99151891369581	0	0.928776042133754	0.537460096402033	0.625078759078551	0	0	0	0	0	0	0	0	0	0	0	0	0	0	0	0	0	0	0	0	0	0	0	0	0	0	0	0	0	0	0	0	0	0	0	0	0	0	0	0	0	0	0	0	0	0	0	0	0	0	0	0	0	0	0	0	0	0
0	0	0	0	0	0	0	0	0	0	0	0	0	0	0	0	0	0	0.811351255667643	0	0	0	0	0	0	0.750060874956477	0.625368415134865	0.962381759096164	0.845504808690905	0	0	0.846313571710844	0	0	0	0	0	0	0	0	0	0	0	0	0	0	0	0	0	0	0	0	0	0	0	0	0	0	0	0	0	0	0	0	0	0	0	0	0	0	0	0	0	0	0	0	0	0	0	0	0	0	0	0	0	0	0	0	0	0
0	0	0	0	0	0	0	0	0	0	0	0	0	0	0	0	0	0	0	0	0	0	0	0	0	0	0	0.787686734524736	0.94177425209452	0	0	0.669294053572314	0.749402338014728	0.686267799684486	0	0	0	0	0	0	0	0	0	0	0	0	0	0	0	0	0	0	0	0	0	0	0	0	0	0	0	0	0	0	0	0	0	0	0	0	0	0	0	0	0	0	0	0	0	0	0	0	0	0	0	0	0	0	0	0
0	0	0	0	0	0	0	0	0	0	0	0	0	0	0	0	0	0	0	0	0	0	0	0	0	0	0	0	0.993650033554015	0.753422878760851	0.559119644404118	0	0.814090449558655	0.744917341018582	0.910274856123673	0	0	0	0	0	0	0	0	0	0	0	0	0	0	0	0	0	0	0	0	0	0	0	0	0	0	0	0	0	0	0	0	0	0	0	0	0	0	0	0	0	0	0	0	0	0	0	0	0	0	0	0	0	0	0
0	0	0	0	0	0	0	0	0	0	0	0	0	0	0	0	0	0	0	0	0	0	0	0	0	0	0	0	0	0	0.938928449723011	0.72892962329439	0	0.776628869027167	0.511025396206916	0.937886608004658	0	0	0	0	0	0	0	0	0	0	0	0	0	0	0	0	0	0	0	0	0	0	0	0	0	0	0	0	0	0	0	0	0	0	0	0	0	0	0	0	0	0	0	0	0	0	0	0	0	0	0	0	0	0
0	0	0	0	0	0	0	0	0	0	0	0	0	0	0	0	0	0	0.747745143644987	0	0	0	0	0	0	0	0	0	0	0	0.759109361818594	0.954604896837759	0.869232891906642	0	0.813492798706242	0.718549154692013	0	0	0	0	0	0	0	0	0	0	0	0	0	0	0	0	0	0	0	0	0	0	0	0	0	0	0	0	0	0	0	0	0	0	0	0	0	0	0	0	0	0	0	0	0	0	0	0	0	0	0	0	0	0
0	0	0	0	0	0	0	0	0	0	0	0	0	0	0	0	0	0	0	0.805423193316944	0.854533281799384	0.770201397011205	0	0	0	0	0	0	0	0	0	0.732371380077644	0.776351095582686	0.759913431005469	0	0.704133457668208	0	0	0	0	0	0	0	0	0	0	0	0	0	0	0	0	0	0	0	0	0	0	0	0	0	0	0	0	0	0	0	0	0	0	0	0	0	0	0	0	0	0	0	0	0	0	0	0	0	0	0	0	0	0
0	0	0	0	0	0	0	0	0	0	0	0	0	0	0	0	0	0	0.792138680547625	0.874949306088738	0.696995192969301	0	0	0	0	0	0	0	0	0	0	0	0.781074141111936	0.868775660640889	0.564806278295578	0	0	0	0	0	0	0	0	0	0	0	0	0	0	0	0	0	0	0	0	0	0	0	0	0	0	0	0	0	0	0	0	0	0	0	0	0	0	0	0	0	0	0	0	0	0	0	0	0	0	0	0	0	0	0
0	0	0	0	0	0	0	0	0	0	0	0	0	0	0	0	0	0	0	0	0	0	0	0	0	0	0	0	0	0	0	0	0	0	0	0	0	0.989949077122072	0.544591607496066	0.723553961367624	0.863719039467775	0.641430998602014	0.582572992040505	0	0.997432847270694	0	0	0	0.544377262636808	0.917468218628417	0.676623466537564	0.855401350969706	0.593736432975596	0	0	0	0	0	0	0	0	0	0	0	0	0	0	0	0	0	0	0	0	0	0	0	0	0	0	0	0	0	0	0	0	0	0	0	0	0
0	0	0	0	0	0	0	0	0	0	0	0	0	0	0	0	0	0	0	0	0	0	0	0	0	0	0	0	0	0	0	0	0	0	0	0	0.778560510017941	0	0.997737539402269	0.758635256986312	0	0	0.948717407222235	0.856673322029204	0	0.902039610033425	0	0.864288755522843	0	0.8877443615551	0.8345048891921	0	0.697427659887033	0.992247736136334	0	0	0	0	0	0	0	0	0	0	0	0	0	0	0	0	0	0	0	0	0	0	0	0	0	0	0	0	0	0	0	0	0	0	0	0
0	0	0	0	0	0	0	0	0	0	0	0	0	0	0	0	0	0	0	0	0	0	0	0	0	0	0	0	0	0	0	0	0	0	0	0	0.824077090779599	0.981546226493646	0	0	0	0.557666490384716	0.995141849996219	0.565228747300996	0.689906464617597	0.816119915591257	0	0.814669193971579	0	0	0.51489194812032	0	0	0.605216896581454	0	0	0	0	0	0	0	0	0	0	0	0	0	0	0	0	0	0	0	0	0	0	0	0	0	0	0	0	0	0	0	0	0	0	0	0
0	0	0	0	0	0	0	0	0	0	0	0	0	0	0	0	0	0	0	0	0	0	0	0	0	0	0	0	0	0	0	0	0	0	0	0	0.825660211274676	0.773144818463672	0	0	0.709691441680372	0.6263861181985	0.872553662855976	0.905481899728714	0.521691450749211	0.835007136441009	0	0	0.787445073335008	0	0.626172081525751	0.563064339254708	0.773742587633596	0.828493551933094	0	0	0	0	0	0	0	0	0	0	0	0	0	0	0	0	0	0	0	0	0	0	0	0	0	0	0	0	0	0	0	0	0	0	0	0
0	0	0	0	0	0	0	0	0	0	0	0	0	0	0	0	0	0	0	0	0	0	0	0	0	0	0	0	0	0	0	0	0	0	0	0	0.611126574211657	0	0	0.605653498028397	0	0.548736874747185	0.678154562747061	0.802772317934497	0.968861250899848	0.847368328745695	0	0.503653087771144	0.852437168558738	0.853655456583289	0	0.736955927247931	0.692366582763142	0.872449719758017	0	0	0	0	0	0	0	0	0	0	0	0	0	0	0	0	0	0	0	0	0	0	0	0	0	0	0	0	0	0	0	0	0	0	0	0
0	0	0	0	0	0	0	0	0	0	0	0	0	0	0	0	0	0	0	0	0	0	0	0	0	0	0	0	0	0	0	0	0	0	0	0	0.752052763161315	0	0.905697499844471	0.556892486647731	0.744968472160215	0	0.811717706083325	0.939847635720891	0.801101718324991	0.885900009581894	0	0	0	0.845967157896737	0	0.780224119043601	0	0.837567257238207	0	0	0	0	0	0	0	0	0	0	0	0	0	0	0	0	0	0	0	0	0	0	0	0	0	0	0	0	0	0	0	0	0	0	0	0
0	0	0	0	0	0	0	0	0	0	0	0	0	0	0	0	0	0	0	0	0	0	0	0	0	0	0	0	0	0	0	0	0	0	0	0	0.868703301599019	0.511432457097657	0.744707786883516	0.865051583901426	0.521965203362831	0.933352077977095	0	0.987270293288397	0.919624897757141	0.791135339835193	0	0.915871287842936	0.689420105789543	0	0	0.790093751564161	0	0	0	0	0	0	0	0	0	0	0	0	0	0	0	0	0	0	0	0	0	0	0	0	0	0	0	0	0	0	0	0	0	0	0	0	0	0
0	0	0	0	0	0	0	0	0	0	0	0	0	0	0	0	0	0	0	0	0	0	0	0	0	0	0	0	0	0	0	0	0	0	0	0	0	0.62231784379762	0.6573439121498	0.994183257228097	0.720430981623238	0.987630338001182	0.902970536750532	0	0.613731224547801	0.864186641057758	0	0.567026387370905	0.525763458389201	0.549691422294423	0.604393473135833	0	0.933479717620564	0.993354936671896	0	0	0	0	0	0	0	0	0	0	0	0	0	0	0	0	0	0	0	0	0	0	0	0	0	0	0	0	0	0	0	0	0	0	0	0
0	0	0	0	0	0	0	0	0	0	0	0	0	0	0	0	0	0	0	0	0	0	0	0	0	0	0	0	0	0	0	0	0	0	0	0	0.513976400396644	0	0.843016014082712	0.78121381991711	0.646281903165555	0.952101410289134	0.555221475322595	0.878598522184208	0	0.848325811012748	0	0.924931876167304	0	0.778526220165843	0.715540645101782	0.597082288369083	0.957573292914098	0.956809845532901	0	0	0	0	0	0	0	0	0	0	0	0	0	0	0	0	0	0	0	0	0	0	0	0	0	0	0	0	0	0	0	0	0	0	0	0
0	0	0	0	0	0	0	0	0	0	0	0	0	0	0	0	0	0	0	0	0	0	0	0	0	0	0	0	0	0	0	0	0	0	0	0	0	0.937533604240596	0.779511775219069	0.595144985046848	0.90918285585289	0.532457034574943	0.78448120386173	0.895172715856649	0.641933271187183	0	0.818198920492306	0.859109789710457	0	0.547445396786326	0.777234810507774	0.522489480950145	0.661236156646452	0	0	0	0	0	0	0	0	0	0	0	0	0	0	0	0	0	0	0	0	0	0	0	0	0	0	0	0	0	0	0	0	0	0	0	0	0
0	0	0	0	0	0	0	0	0	0	0	0	0	0	0	0	0	0	0	0	0	0	0	0	0	0	0	0	0	0	0	0	0	0	0	0	0	0	0	0	0	0	0	0	0	0.846166584697388	0	0.985084790769268	0.74568284631987	0.980113049636963	0.77773307593401	0.970624036521251	0.736191889386557	0	0	0	0	0	0	0	0	0	0	0	0	0	0	0	0	0	0	0	0	0	0	0	0	0	0	0	0	0	0	0	0	0	0	0	0	0
0	0	0	0	0	0	0	0	0	0	0	0	0	0	0	0	0	0	0	0	0	0	0	0	0	0	0	0	0	0	0	0	0	0	0	0	0	0.922512135951681	0.620675576592219	0	0.770325401415581	0	0.572551288820559	0.551238526608095	0.921521503586077	0.98805503457037	0.950641086336476	0	0.941515767930304	0.627016581432342	0.546439620389259	0.636724842851238	0.599423865456875	0.829382202420374	0	0	0	0	0	0	0	0	0	0	0	0	0	0	0	0	0	0	0	0	0	0	0	0	0	0	0	0	0	0	0	0	0	0	0	0
0	0	0	0	0	0	0	0	0	0	0	0	0	0	0	0	0	0	0	0	0	0	0	0	0	0	0	0	0	0	0	0	0	0	0	0	0.993679484131203	0	0	0.949729460135857	0.682960020180364	0	0.979821479614228	0.516938889381429	0	0	0.701278856468581	0.941772446475845	0	0.605090215231885	0.603250409782359	0.633535773320694	0.557217847637365	0	0	0	0	0	0	0	0	0	0	0	0	0	0	0	0	0	0	0	0	0	0	0	0	0	0	0	0	0	0	0	0	0	0	0	0	0
0	0	0	0	0	0	0	0	0	0	0	0	0	0	0	0	0	0	0	0	0	0	0	0	0	0	0	0	0	0	0	0	0	0	0	0	0.662428026286189	0.786296517970903	0	0	0.523002690970652	0.575705536928116	0	0.545672414192057	0.664332798875558	0.625081709213905	0.745000834922508	0.757128901771173	0.958875867773641	0	0	0	0.650604131809478	0.734660666113178	0	0	0	0	0	0	0	0	0	0	0	0	0	0	0	0	0	0	0	0	0	0	0	0	0	0	0	0	0	0	0	0	0	0	0	0
0	0	0	0	0	0	0	0	0	0	0	0	0	0	0	0	0	0	0	0	0	0	0	0	0	0	0	0	0	0	0	0	0	0	0	0	0.513525889947318	0.577517884061314	0.625981786843144	0.513001415456641	0	0	0	0.931227272932213	0.694018685190734	0.843030196854217	0.603899518035315	0.829111355038097	0.750045111733278	0	0	0	0	0.732248569135336	0	0	0	0	0	0	0	0	0	0	0	0	0	0	0	0	0	0	0	0	0	0	0	0	0	0	0	0	0	0	0	0	0	0	0	0
0	0	0	0	0	0	0	0	0	0	0	0	0	0	0	0	0	0	0	0	0	0	0	0	0	0	0	0	0	0	0	0	0	0	0	0	0.666367432118326	0	0	0.58791046191725	0.658721714919366	0.988546433509074	0.798464703633966	0	0.770748673220211	0.728439039240293	0.67772726901859	0.532919692815011	0.827215594385779	0	0	0	0.696631143944399	0.811958857862189	0	0	0	0	0	0	0	0	0	0	0	0	0	0	0	0	0	0	0	0	0	0	0	0	0	0	0	0	0	0	0	0	0	0	0	0
0	0	0	0	0	0	0	0	0	0	0	0	0	0	0	0	0	0	0	0	0	0	0	0	0	0	0	0	0	0	0	0	0	0	0	0	0.897736312686704	0.88953325690572	0	0.504398927458954	0.64090016513796	0	0	0.735180768317178	0.945257503482251	0.539834907786415	0.741618630690052	0.981386233147141	0.636173624598112	0.830984957961032	0	0.669648597377384	0	0.8192542629276	0	0	0	0	0	0	0	0	0	0	0	0	0	0	0	0	0	0	0	0	0	0	0	0	0	0	0	0	0	0	0	0	0	0	0	0
0	0	0	0	0	0	0	0	0	0	0	0	0	0	0	0	0	0	0	0	0	0	0	0	0	0	0	0	0	0	0	0	0	0	0	0	0	0.955370328161994	0.984664680299562	0.718218191045678	0.79656347604678	0.951277115721753	0	0.538921451792713	0.985634266064152	0	0	0.597709266562633	0	0.849721855142107	0.821872340885602	0.964921176053488	0.754321316139709	0	0	0	0	0	0	0	0	0	0	0	0	0	0	0	0	0	0	0	0	0	0	0	0	0	0	0	0	0	0	0	0	0	0	0	0	0
0	0	0	0	0	0	0	0	0	0	0	0	0	0	0	0	0	0	0	0	0	0	0	0	0	0	0	0	0	0	0	0	0	0	0	0	0	0	0	0	0	0	0	0	0	0	0	0	0	0	0	0	0	0	0	0	0	0.921609026259767	0	0	0	0	0	0.950426666851124	0	0	0.655891168786402	0.625370745767294	0.646303181456154	0.577813779889947	0.657410613763028	0	0	0	0	0	0	0	0	0	0	0	0	0	0	0	0	0	0	0
0	0	0	0	0	0	0	0	0	0	0	0	0	0	0	0	0	0	0	0	0	0	0	0	0	0	0	0	0	0	0	0	0	0	0	0	0	0	0	0	0	0	0	0	0	0	0	0	0	0	0	0	0	0	0	0	0.554535072824725	0.92962986671451	0.751437269995863	0	0	0	0	0	0	0	0	0	0.829226810662176	0	0	0.674434277288542	0	0	0	0	0	0	0	0	0	0	0	0	0	0	0	0	0	0
0	0	0	0	0	0	0	0	0	0	0	0	0	0	0	0	0	0	0	0	0	0	0	0	0	0	0	0	0	0	0	0	0	0	0	0	0	0	0	0	0	0	0	0	0	0	0	0	0	0	0	0	0	0	0	0.845831769537004	0	0.738506374294483	0.757215428585406	0.705219343741847	0.581324377108208	0	0	0	0	0	0	0	0	0.921098342131893	0.539418601179436	0	0	0	0	0	0	0	0	0	0	0	0	0	0	0	0	0	0	0
0	0	0	0	0	0	0	0	0	0	0	0	0	0	0	0	0	0	0	0	0	0	0	0	0	0	0	0	0	0	0	0	0	0	0	0	0	0	0	0	0	0	0	0	0	0	0	0	0	0	0	0	0	0	0.693111268887413	0.673864373753626	0.740167073506797	0	0	0	0.777771838342151	0.926417295051039	0.942517993102335	0	0.578600845163317	0	0	0.683711710011417	0	0	0	0.975860086258687	0	0	0	0	0	0	0	0	0	0	0	0	0	0	0	0	0	0
0	0	0	0	0	0	0	0	0	0	0	0	0	0	0	0	0	0	0	0	0	0	0	0	0	0	0	0	0	0	0	0	0	0	0	0	0	0	0	0	0	0	0	0	0	0	0	0	0	0	0	0	0	0	0	0.536236522401981	0.675174233652738	0	0	0.62082357565059	0	0.669248383072679	0	0.757706112846678	0	0	0.609588364407598	0	0	0	0.902625017113267	0	0	0	0	0	0	0	0	0	0	0	0	0	0	0	0	0	0	0
0	0	0	0	0	0	0	0	0	0	0	0	0	0	0	0	0	0	0	0	0	0	0	0	0	0	0	0	0	0	0	0	0	0	0	0	0	0	0	0	0	0	0	0	0	0	0	0	0	0	0	0	0	0	0	0	0.626990718412313	0	0.685028291147059	0	0.680477449203228	0.720418135372352	0.59106368195751	0	0.76986047039663	0.552304902788981	0	0.718653436041281	0	0	0	0	0	0	0	0	0	0	0	0	0	0	0	0	0	0	0	0	0	0
0	0	0	0	0	0	0	0	0	0	0	0	0	0	0	0	0	0	0	0	0	0	0	0	0	0	0	0	0	0	0	0	0	0	0	0	0	0	0	0	0	0	0	0	0	0	0	0	0	0	0	0	0	0	0	0	0.702853899006149	0.747045717450602	0	0.709631191172717	0	0.909617071151821	0.702311457976283	0	0.709458769615383	0	0	0.542054269053379	0.987792389110631	0.516896508422273	0	0.892129226193727	0	0	0	0	0	0	0	0	0	0	0	0	0	0	0	0	0	0
0	0	0	0	0	0	0	0	0	0	0	0	0	0	0	0	0	0	0	0	0	0	0	0	0	0	0	0	0	0	0	0	0	0	0	0	0	0	0	0	0	0	0	0	0	0	0	0	0	0	0	0	0	0	0	0	0	0.776522721621746	0.580775638936915	0.879870222054004	0.997949937934814	0	0	0.91214264894592	0	0.688460834353335	0.903676311000034	0	0.577283463507435	0	0.581576042046507	0.768579556948229	0	0	0	0	0	0	0	0	0	0	0	0	0	0	0	0	0	0
0	0	0	0	0	0	0	0	0	0	0	0	0	0	0	0	0	0	0	0	0	0	0	0	0	0	0	0	0	0	0	0	0	0	0	0	0	0	0	0	0	0	0	0	0	0	0	0	0	0	0	0	0	0	0	0	0	0.763495377091675	0	0.574672469178818	0.502959374403616	0	0	0	0	0.932141609358395	0.716717362336841	0	0.989277377269611	0	0	0	0	0	0	0	0	0	0	0	0	0	0	0	0	0	0	0	0	0
0	0	0	0	0	0	0	0	0	0	0	0	0	0	0	0	0	0	0	0	0	0	0	0	0	0	0	0	0	0	0	0	0	0	0	0	0	0	0	0	0	0	0	0	0	0	0	0	0	0	0	0	0	0	0.793536390685376	0	0	0	0.673198294011118	0	0	0.512510781424613	0	0	0	0.779951095514478	0.715923528882862	0.998510786247363	0	0.663870966225306	0.607048935587253	0	0	0	0	0	0	0	0	0	0	0	0	0	0	0	0	0	0	0
0	0	0	0	0	0	0	0	0	0	0	0	0	0	0	0	0	0	0	0	0	0	0	0	0	0	0	0	0	0	0	0	0	0	0	0	0	0	0	0	0	0	0	0	0	0	0	0	0	0	0	0	0	0	0	0	0	0.661347148417939	0	0.956877810178867	0.726633550190011	0	0	0	0	0.792726171585093	0.944319605516095	0.529660849143938	0.845076138101671	0.540984581645341	0	0	0	0	0	0	0	0	0	0	0	0	0	0	0	0	0	0	0	0
0	0	0	0	0	0	0	0	0	0	0	0	0	0	0	0	0	0	0	0	0	0	0	0	0	0	0	0	0	0	0	0	0	0	0	0	0	0	0	0	0	0	0	0	0	0	0	0	0	0	0	0	0	0	0	0	0	0	0	0.541647671112431	0	0.769439703371148	0.727161049029091	0.855704219189112	0.536511616733869	0	0.697199178745605	0.685898307532248	0.647525596939693	0	0.546271770234141	0	0	0	0	0	0	0	0	0	0	0	0	0	0	0	0	0	0	0
0	0	0	0	0	0	0	0	0	0	0	0	0	0	0	0	0	0	0	0	0	0	0	0	0	0	0	0	0	0	0	0	0	0	0	0	0	0	0	0	0	0	0	0	0	0	0	0	0	0	0	0	0	0	0.750939925421618	0	0	0	0.808531486760133	0	0	0.658103582331661	0.638812952391542	0.892452919102467	0.932845460359559	0.562043638730297	0	0.502548717372355	0.552310915034144	0.56423550604508	0	0	0	0	0	0	0	0	0	0	0	0	0	0	0	0	0	0	0	0
0	0	0	0	0	0	0	0	0	0	0	0	0	0	0	0	0	0	0	0	0	0	0	0	0	0	0	0	0	0	0	0	0	0	0	0	0	0	0	0	0	0	0	0	0	0	0	0	0	0	0	0	0	0	0.673734701864995	0	0	0.998067157163729	0	0.699489412919514	0.59001558347578	0	0	0.527159191011931	0.581934735368057	0.973835261373493	0.684103645157117	0	0	0.841732736327973	0.870339462637739	0	0	0	0	0	0	0	0	0	0	0	0	0	0	0	0	0	0	0
0	0	0	0	0	0	0	0	0	0	0	0	0	0	0	0	0	0	0	0	0	0	0	0	0	0	0	0	0	0	0	0	0	0	0	0	0	0	0	0	0	0	0	0	0	0	0	0	0	0	0	0	0	0	0.588478212051237	0.582731499172337	0	0	0	0	0.987557326592723	0.598811048229602	0.759262308079579	0	0.682189439056966	0.596580577144948	0.827270210355578	0	0	0	0	0.989537189677023	0	0	0	0	0	0	0	0	0	0	0	0	0	0	0	0	0	0
0	0	0	0	0	0	0	0	0	0	0	0	0	0	0	0	0	0	0	0	0	0	0	0	0	0	0	0	0	0	0	0	0	0	0	0	0	0	0	0	0	0	0	0	0	0	0	0	0	0	0	0	0	0	0.764969650952487	0	0.54838984655049	0	0	0	0.532451372558757	0	0	0.727140580565485	0.53170353968833	0	0.763532700742074	0.624500364996941	0	0	0.529876646927346	0	0	0	0	0	0	0	0	0	0	0	0	0	0	0	0	0	0	0
0	0	0	0	0	0	0	0	0	0	0	0	0	0	0	0	0	0	0	0	0	0	0	0	0	0	0	0	0	0	0	0	0	0	0	0	0	0	0	0	0	0	0	0	0	0	0	0	0	0	0	0	0	0	0.616518673198592	0	0.560716577207032	0	0.509119264140321	0	0	0.5266043732822	0	0.680292280739459	0	0.502373128465184	0	0.874642752462939	0	0.725794366711477	0	0	0	0	0	0	0	0	0	0	0	0	0	0	0	0	0	0	0	0
0	0	0	0	0	0	0	0	0	0	0	0	0	0	0	0	0	0	0	0	0	0	0	0	0	0	0	0	0	0	0	0	0	0	0	0	0	0	0	0	0	0	0	0	0	0	0	0	0	0	0	0	0	0	0	0.891039840937832	0	0.559172283771797	0	0	0.744330546183433	0.551758302536154	0	0	0	0	0	0	0.517675746589519	0	0	0	0	0	0	0	0	0	0	0	0	0	0	0	0	0	0	0	0	0
0	0	0	0	0	0	0	0	0	0	0	0	0	0	0	0	0	0	0	0	0	0	0	0	0	0	0	0	0	0	0	0	0	0	0	0	0	0	0	0	0	0	0	0	0	0	0	0	0	0	0	0	0	0	0	0	0	0	0	0	0	0	0	0	0	0	0	0	0	0	0	0	0	0.921433455974867	0.902276040548735	0	0.852383575806624	0.641778567373128	0.910775194088762	0.61012132017082	0.850241916583289	0	0.908627201886519	0.702654530892632	0.739391865827542	0.838717435926518	0.709112432010831	0.96564242219495	0.589495960173079	0.784488583977174
0	0	0	0	0	0	0	0	0	0	0	0	0	0	0	0	0	0	0	0	0	0	0	0	0	0	0	0	0	0	0	0	0	0	0	0	0	0	0	0	0	0	0	0	0	0	0	0	0	0	0	0	0	0	0	0	0	0	0	0	0	0	0	0	0	0	0	0	0	0	0	0	0.756110725950608	0	0.950584779388737	0.726856635618216	0.951622372501298	0.627251686035835	0.812617829939474	0.831343643293634	0.994884993455753	0	0	0	0.822657491256094	0.942282429134421	0.993890059319768	0.875176904095687	0.65834158298418	0.940545753313026
0	0	0	0	0	0	0	0	0	0	0	0	0	0	0	0	0	0	0	0	0	0	0	0	0	0	0	0	0	0	0	0	0	0	0	0	0	0	0	0	0	0	0	0	0	0	0	0	0	0	0	0	0	0	0	0	0	0	0	0	0	0	0	0	0	0	0	0	0	0	0	0	0.925282559756648	0.660590537796168	0	0.964169017226527	0.983538024186378	0.891632351405406	0.627865274231619	0.743299821580786	0.927829248302851	0.712028424081231	0	0	0	0.893270751070297	0.916900160781213	0.567549131585058	0	0.83836022959515
0	0	0	0	0	0	0	0	0	0	0	0	0	0	0	0	0	0	0	0	0	0	0	0	0	0	0	0	0	0	0	0	0	0	0	0	0	0	0	0	0	0	0	0	0	0	0	0	0	0	0	0	0	0	0	0	0	0	0	0	0	0	0	0	0	0	0	0	0	0	0	0	0	0.653787481979838	0.932762321647672	0	0.789202107237268	0.855140078109191	0.840092772266013	0.850437989659204	0.543564843701907	0	0.947628631770198	0	0	0.750053155261645	0.664848253607983	0.789900845838256	0.614240857494465	0.584427711826472
0	0	0	0	0	0	0	0	0	0	0	0	0	0	0	0	0	0	0	0	0	0	0	0	0	0	0	0	0	0	0	0	0	0	0	0	0	0	0	0	0	0	0	0	0	0	0	0	0	0	0	0	0	0	0	0	0	0	0	0	0	0	0	0	0	0	0	0	0	0	0	0	0.639617370670664	0.981827250891065	0.796796406371807	0.562135261217764	0	0.701542959332473	0.857403719553492	0.855645178569567	0.808140384268168	0.875231304657224	0.988693222975352	0.58447617768258	0	0	0	0.538236611873096	0.965621297831039	0.697880870730395
0	0	0	0	0	0	0	0	0	0	0	0	0	0	0	0	0	0	0	0	0	0	0	0	0	0	0	0	0	0	0	0	0	0	0	0	0	0	0	0	0	0	0	0	0	0	0	0	0	0	0	0	0	0	0	0	0	0	0	0	0	0	0	0	0	0	0	0	0	0	0	0	0.802666270289344	0.638351070614464	0.580929292430945	0.918304933681013	0.933757930335876	0	0.556724859880125	0.981837975621781	0.784812942350646	0.603755775851429	0.865115418123213	0.921752857858352	0.650952176015642	0	0	0	0.848549638401132	0.55022171383956
0	0	0	0	0	0	0	0	0	0	0	0	0	0	0	0	0	0	0	0	0	0	0	0	0	0	0	0	0	0	0	0	0	0	0	0	0	0	0	0	0	0	0	0	0	0	0	0	0	0	0	0	0	0	0	0	0	0	0	0	0	0	0	0	0	0	0	0	0	0	0	0	0.623093376304093	0.913039076455287	0.91911448359556	0.537131176175802	0.709294102759392	0.634417066842064	0	0.83310189247013	0.513482513732177	0.533986628637935	0.956074610830391	0.987334874548587	0.645913747856843	0.881666546748933	0	0	0	0.802873828463902
0	0	0	0	0	0	0	0	0	0	0	0	0	0	0	0	0	0	0	0	0	0	0	0	0	0	0	0	0	0	0	0	0	0	0	0	0	0	0	0	0	0	0	0	0	0	0	0	0	0	0	0	0	0	0	0	0	0	0	0	0	0	0	0	0	0	0	0	0	0	0	0	0.65035916407882	0.875402985904904	0.563453063941476	0.510814419749505	0.596664276013981	0.955925654327771	0.725242522508471	0	0.882694999513269	0.532767627510533	0.668913363799251	0.96037452277426	0.592027965892618	0.57756918230636	0.638222335873697	0	0.629018672754858	0
0	0	0	0	0	0	0	0	0	0	0	0	0	0	0	0	0	0	0	0	0	0	0	0	0	0	0	0	0	0	0	0	0	0	0	0	0	0	0	0	0	0	0	0	0	0	0	0	0	0	0	0	0	0	0	0	0	0	0	0	0	0	0	0	0	0	0	0	0	0	0	0	0.906112062665564	0.663416539878404	0.573367007342817	0.566408457013103	0.731196331686002	0.841663638202523	0.853798990449832	0.89571066299044	0	0.773021459547292	0.740093274435406	0	0.616733148760879	0.956562353217208	0.599152822635109	0.623909387380478	0	0
0	0	0	0	0	0	0	0	0	0	0	0	0	0	0	0	0	0	0	0	0	0	0	0	0	0	0	0	0	0	0	0	0	0	0	0	0	0	0	0	0	0	0	0	0	0	0	0	0	0	0	0	0	0	0	0	0	0	0	0	0	0	0	0	0	0	0	0	0	0	0	0	0	0	0.929423196470541	0	0.682155592778569	0.907072624102499	0.705349657975981	0.84077941535254	0.703516344202758	0	0.758368500419897	0.984864767438206	0.558475128519935	0.500155403802551	0.986103695402977	0.654771382926686	0.886426055617333	0
0	0	0	0	0	0	0	0	0	0	0	0	0	0	0	0	0	0	0	0	0	0	0	0	0	0	0	0	0	0	0	0	0	0	0	0	0	0	0	0	0	0	0	0	0	0	0	0	0	0	0	0	0	0	0	0	0	0	0	0	0	0	0	0	0	0	0	0	0	0	0	0	0.720737573965977	0	0	0.668096599085932	0.585300125943266	0.979401822458755	0.837467140527553	0.673170495404204	0.842473839832936	0.799671458680929	0	0.607216650315162	0.9696656221592	0.972313193195317	0.824102324284502	0.543128408666025	0.886694391716482	0.565130845264703
0	0	0	0	0	0	0	0	0	0	0	0	0	0	0	0	0	0	0	0	0	0	0	0	0	0	0	0	0	0	0	0	0	0	0	0	0	0	0	0	0	0	0	0	0	0	0	0	0	0	0	0	0	0	0	0	0	0	0	0	0	0	0	0	0	0	0	0	0	0	0	0	0.900355770647886	0	0	0	0.596959571067039	0.709948767726257	0.61560015815867	0.605338898422196	0	0.56347699400291	0.966605612255686	0	0.513749301216406	0.578522623877687	0.96319248324478	0.779760502649999	0.696784200979285	0.998444374588937
0	0	0	0	0	0	0	0	0	0	0	0	0	0	0	0	0	0	0	0	0	0	0	0	0	0	0	0	0	0	0	0	0	0	0	0	0	0	0	0	0	0	0	0	0	0	0	0	0	0	0	0	0	0	0	0	0	0	0	0	0	0	0	0	0	0	0	0	0	0	0	0	0.8473277771356	0.561054944530625	0	0	0	0.787400790146567	0.705388311634943	0.768504930131252	0.567735457165325	0.890536768244027	0.866406654399549	0.504367269462145	0	0.870093178798123	0.68014075394384	0.680542374442927	0.589189304792515	0.688223590759248
0	0	0	0	0	0	0	0	0	0	0	0	0	0	0	0	0	0	0	0	0	0	0	0	0	0	0	0	0	0	0	0	0	0	0	0	0	0	0	0	0	0	0	0	0	0	0	0	0	0	0	0	0	0	0	0	0	0	0	0	0	0	0	0	0	0	0	0	0	0	0	0	0.746318206055249	0.831196233345711	0.647396089774746	0.762757023631758	0	0	0.790762105816749	0.827712407590533	0.992082025314748	0.761541192135148	0.743850573883858	0.94896975625044	0.606732777054128	0	0.874906925331535	0.930933548916698	0.558138962154274	0.818813430130864
0	0	0	0	0	0	0	0	0	0	0	0	0	0	0	0	0	0	0	0	0	0	0	0	0	0	0	0	0	0	0	0	0	0	0	0	0	0	0	0	0	0	0	0	0	0	0	0	0	0	0	0	0	0	0	0	0	0	0	0	0	0	0	0	0	0	0	0	0	0	0	0	0.657422304874288	0.710986154561676	0.771383692455175	0.879118973456691	0	0	0	0.802380535786483	0.600242081924578	0.737250615604705	0.806572361151122	0.857817386309025	0.844758496852678	0.696017459847587	0	0.975476115465535	0.711483842156147	0.714180334677126
0	0	0	0	0	0	0	0	0	0	0	0	0	0	0	0	0	0	0	0	0	0	0	0	0	0	0	0	0	0	0	0	0	0	0	0	0	0	0	0	0	0	0	0	0	0	0	0	0	0	0	0	0	0	0	0	0	0	0	0	0	0	0	0	0	0	0	0	0	0	0	0	0.82745676614956	0.532287027718082	0.74171702360913	0.842385129487642	0.627208729284674	0	0	0	0.644140516054532	0.631221184967906	0.594059938370483	0.875479164181462	0.871666804545589	0.796098167743997	0.654905290854436	0	0.533714473828108	0.833836084080373
0	0	0	0	0	0	0	0	0	0	0	0	0	0	0	0	0	0	0	0	0	0	0	0	0	0	0	0	0	0	0	0	0	0	0	0	0	0	0	0	0	0	0	0	0	0	0	0	0	0	0	0	0	0	0	0	0	0	0	0	0	0	0	0	0	0	0	0	0	0	0	0	0.939809044727801	0.833358222008112	0	0.506223273597549	0.995279437124536	0.573697171839931	0	0.836199689697336	0	0.710541471986233	0.959959926924857	0.743895022778269	0.778434115222556	0.97789052341144	0.663317384904079	0.644103900458418	0	0.662495220794669
0	0	0	0	0	0	0	0	0	0	0	0	0	0	0	0	0	0	0	0	0	0	0	0	0	0	0	0	0	0	0	0	0	0	0	0	0	0	0	0	0	0	0	0	0	0	0	0	0	0	0	0	0	0	0	0	0	0	0	0	0	0	0	0	0	0	0	0	0	0	0	0	0.750133701724882	0.785143546501628	0.627509669298449	0.707563331084582	0.955041612517805	0.676868360900243	0.6398799864977	0	0	0	0.595102614803749	0.995323912967877	0.522444665931123	0.902258334833457	0.961189208307738	0.585994468685169	0.506616354535959	0
