0	0.646916076327553	0	0.61136618887176	0.872037806638482	0	0	0	0.568745465225678	0	0	0	0	0	0	0.847908206713782	0	0.705975973030888	0	0	0	0	0	0	0	0	0.746853574055991	0.669076336870309	0.854999547358161	0	0	0	0	0	0	0	0	0	0	0	0	0	0	0	0	0	0	0	0	0	0	0	0	0	0	0	0	0	0	0	0	0	0	0	0	0	0	0	0	0	0	0	0	0	0	0	0	0	0	0	0	0	0	0	0	0	0	0	0	0
0.957333914140714	0	0.964644851741452	0.802882341181713	0.858905633651265	0.758650355830171	0.78261602185188	0	0	0	0	0.702575083950691	0	0	0	0	0	0	0	0	0	0	0	0	0	0	0	0.987825916361824	0	0.978859597222234	0	0	0	0	0	0	0	0	0	0	0	0	0	0	0	0	0	0	0	0	0	0	0	0	0	0	0	0	0	0	0	0	0	0	0	0	0	0	0	0	0	0	0	0	0	0	0	0	0	0	0	0	0	0	0	0	0	0	0	0
0	0.824592011636839	0	0.596005571237002	0.631360711786092	0.964202794417811	0.608710478851887	0	0	0	0	0	0	0	0	0	0	0	0	0	0	0	0	0	0	0	0	0	0.773445275004696	0.840871936867886	0	0	0	0	0	0	0	0	0	0	0	0	0	0	0	0	0	0	0	0	0	0	0	0	0	0	0	0	0	0	0	0	0	0	0	0	0	0	0	0	0	0	0	0	0	0	0	0	0	0	0	0	0	0	0	0	0	0	0	0
0.621835893880449	0.629046000751742	0.896480452028586	0	0.97808628421344	0.714898060875188	0.837714660690153	0.625686594133398	0	0	0	0	0	0	0	0	0	0	0	0	0	0	0	0	0	0	0	0	0	0.540190073228335	0	0	0	0	0	0	0	0	0	0	0	0	0	0	0	0	0	0	0	0	0	0	0	0	0	0	0	0	0	0	0	0	0	0	0	0	0	0	0	0	0	0	0	0	0	0	0	0	0	0	0	0	0	0	0	0	0	0	0	0
0.879062284268098	0.789469339421773	0.858548374902779	0.676841620453209	0	0.562127415657325	0.933741311433558	0.590727814916783	0.694424404297502	0.795950373899553	0	0	0	0	0	0	0	0	0	0	0	0	0	0	0	0	0	0	0	0	0	0	0	0	0	0	0	0	0	0	0	0	0	0	0	0	0	0	0	0	0	0	0	0	0	0	0	0	0	0	0	0	0	0	0	0	0	0	0	0	0	0	0	0	0	0	0	0	0	0	0	0	0	0	0	0	0	0	0	0
0	0.627146038861562	0.925616236477377	0.789711249777463	0.889412263399533	0	0.927990462760865	0.906698040580049	0.653270787101866	0.974172778114853	0	0	0	0	0	0	0	0	0	0	0	0	0	0	0	0	0	0	0	0	0	0	0	0	0	0	0	0	0	0	0	0	0	0	0	0	0	0	0	0	0	0	0	0	0	0	0	0	0	0	0	0	0	0	0	0	0	0	0	0	0	0	0	0	0	0	0	0	0	0	0	0	0	0	0	0	0	0	0	0
0	0.873024272533125	0.87084555289992	0.825103292800148	0.716335648789422	0.781373370277771	0	0	0	0.890603859046703	0.96108377989836	0	0	0	0	0	0	0	0	0	0	0	0	0	0.945916722267758	0	0	0	0	0	0	0	0	0	0	0	0	0	0	0	0	0	0	0	0	0	0	0	0	0	0	0	0	0	0	0	0	0	0	0	0	0	0	0	0	0	0	0	0	0	0	0	0	0	0	0	0	0	0	0	0	0	0	0	0	0	0	0	0	0
0	0	0	0.574402720573821	0.838356684692161	0.774150372256727	0	0	0.970429322584256	0.686576093103411	0.914493229517307	0.640703998294212	0	0	0	0	0	0	0	0	0	0	0	0	0	0	0	0	0	0	0	0	0	0	0	0	0	0	0	0	0	0	0	0	0	0	0	0	0	0	0	0	0	0	0	0	0	0	0	0	0	0	0	0	0	0	0	0	0	0	0	0	0	0	0	0	0	0	0	0	0	0	0	0	0	0	0	0	0	0
0.977339211242129	0	0	0	0.725109820369278	0.847351275354	0	0.722505013627936	0	0.769537432692295	0.773056357114872	0	0.911020962144916	0	0	0	0	0	0	0.641195689246778	0	0	0	0	0	0	0	0	0.950431329102639	0	0	0	0	0	0	0	0	0	0	0	0	0	0	0	0	0	0	0	0	0	0	0	0	0	0	0	0	0	0	0	0	0	0	0	0	0	0	0	0	0	0	0	0	0	0	0	0	0	0	0	0	0	0	0	0	0	0	0	0	0
0	0	0	0	0.776559334428138	0.670983030817259	0.788084613333343	0.867113998941182	0.531829043410606	0	0	0.824006988046695	0	0.680121562365511	0	0	0	0	0	0	0	0	0	0	0	0	0.947065537385964	0	0	0	0	0	0	0	0	0	0	0	0	0	0	0	0	0	0	0	0	0	0	0	0	0	0	0	0	0	0	0	0	0	0	0	0	0	0	0	0	0	0	0	0	0	0	0	0	0	0	0	0	0	0	0	0	0	0	0	0	0	0	0
0	0	0	0	0	0	0.679432913828399	0.617344008651965	0.98433909204968	0	0	0.850637594880068	0.980916253260146	0.737015068789968	0.888213273392725	0	0.935870091013752	0	0	0	0	0	0.692514287238098	0	0	0	0	0	0	0	0	0	0	0	0	0	0	0	0	0	0	0	0	0	0	0	0	0	0	0	0	0	0	0	0	0	0	0	0	0	0	0	0	0	0	0	0	0	0	0	0	0	0	0	0	0	0	0	0	0	0	0	0	0	0	0	0	0	0	0
0	0.757100032676489	0	0	0	0	0	0.752707693480534	0	0.582010640195259	0.5812474551676	0	0.672427861947002	0	0.898264163244368	0.784873202761071	0	0	0	0	0	0	0	0	0	0	0.992988796875479	0	0	0	0	0	0	0	0	0	0	0	0	0	0	0	0	0	0	0	0	0	0	0	0	0	0	0	0	0	0	0	0	0	0	0	0	0	0	0	0	0	0	0	0	0	0	0	0	0	0	0	0	0	0	0	0	0	0	0	0	0	0	0
0	0	0	0	0	0	0	0	0.65793954740072	0	0.990210083429302	0.769641854471891	0	0.563528275727528	0.781359154137582	0.910943430173401	0.87585477705885	0	0	0	0	0	0	0	0	0	0	0	0	0	0	0	0	0	0	0	0	0	0	0	0	0	0	0	0	0	0	0	0	0	0	0	0	0	0	0	0	0	0	0	0	0	0	0	0	0	0	0	0	0	0	0	0	0	0	0	0	0	0	0	0	0	0	0	0	0	0	0	0	0
0	0	0	0	0	0	0	0	0	0.791979137521585	0.863092573930057	0	0.784582848476651	0	0.520218406836043	0.677724605680956	0.815503789078829	0.810429294659197	0	0	0	0	0	0	0	0	0	0	0	0	0	0	0	0	0	0	0	0	0	0	0	0	0	0	0	0	0	0	0	0	0	0	0	0	0	0	0	0	0	0	0	0	0	0	0	0	0	0	0	0	0	0	0	0	0	0	0	0	0	0	0	0	0	0	0	0	0	0	0	0
0	0	0	0	0	0	0	0	0	0	0.675182703006859	0.78673277403419	0.625551480274437	0.607339787332181	0	0.509511335656985	0.712884942071603	0	0	0	0.786609218114784	0	0	0	0	0	0.9044920102072	0	0	0	0	0	0	0	0	0	0	0	0	0	0	0	0	0	0	0	0	0	0	0	0	0	0	0	0	0	0	0	0	0	0	0	0	0	0	0	0	0	0	0	0	0	0	0	0	0	0	0	0	0	0	0	0	0	0	0	0	0	0	0
0.547701479615729	0	0	0	0	0	0	0	0	0	0	0.859780309410023	0.803841981316013	0.739122360090915	0.521857141126918	0	0.744738392738737	0.760078870640828	0.659277574066998	0.830171930500468	0	0	0	0	0	0	0	0	0	0	0	0	0	0	0	0	0	0	0	0	0	0	0	0	0	0	0	0	0	0	0	0	0	0	0	0	0	0	0	0	0	0	0	0	0	0	0	0	0	0	0	0	0	0	0	0	0	0	0	0	0	0	0	0	0	0	0	0	0	0
0	0	0	0	0	0	0	0	0	0	0.693462380341744	0	0.976373494671082	0.822912002530668	0.658035356238388	0.734832540899662	0	0	0.80401019328448	0.549115680609629	0.619791129106973	0	0	0	0	0	0	0	0	0	0	0	0	0	0	0	0	0	0	0	0	0	0	0	0	0	0	0	0	0	0	0	0	0	0	0	0	0	0	0	0	0	0	0	0	0	0	0	0	0	0	0	0	0	0	0	0	0	0	0	0	0	0	0	0	0	0	0	0	0
0.814022890902508	0	0	0	0	0	0	0	0	0	0	0	0	0.927677152590761	0	0.699154999188568	0	0	0	0.876716095204293	0.879882007486604	0.768897092387314	0	0	0	0	0	0	0	0.617548128695075	0	0	0	0	0	0	0	0	0	0	0	0	0	0	0	0	0	0	0	0	0	0	0	0	0	0	0	0	0	0	0	0	0	0	0	0	0	0	0	0	0	0	0	0	0	0	0	0	0	0	0	0	0	0	0	0	0	0	0	0
0	0	0	0	0	0	0	0	0	0	0	0	0	0	0	0.94512942091832	0.987749892591553	0	0	0.803470389308716	0.915890091350116	0.839291986441083	0.85330708720315	0	0	0	0	0	0	0	0	0	0	0	0	0	0	0	0	0	0	0	0	0	0	0	0	0	0	0	0	0	0	0	0	0	0	0	0	0	0	0	0	0	0	0	0	0	0	0	0	0	0	0	0	0	0	0	0	0	0	0	0	0	0	0	0	0	0	0
0	0	0	0	0	0	0	0	0.52301869247051	0	0	0	0	0	0	0.794533876413563	0.805611449680163	0.676489048222191	0.725859112782359	0	0.900805799494134	0	0.622356912718659	0.674919183533811	0	0	0	0	0	0	0	0	0	0	0	0	0	0	0	0	0	0	0	0	0	0	0	0	0	0	0	0	0	0	0	0	0	0	0	0	0	0	0	0	0	0	0	0	0	0	0	0	0	0	0	0	0	0	0	0	0	0	0	0	0	0	0	0	0	0
0	0	0	0	0	0	0	0	0	0	0	0	0	0	0.615117088747928	0	0.609807158377492	0.87518281127928	0.995713178004528	0.867940005563474	0	0.57448996433268	0.796903631269504	0.899647021818392	0.677277590264864	0	0	0	0	0	0	0	0	0	0	0	0	0	0	0	0	0	0	0	0	0	0	0	0	0	0	0	0	0	0	0	0	0	0	0	0	0	0	0	0	0	0	0	0	0	0	0	0	0	0	0	0	0	0	0	0	0	0	0	0	0	0	0	0	0
0	0	0	0	0	0	0	0	0	0	0	0	0	0	0	0	0	0.569102983657558	0.951240200039399	0	0.52479303353745	0	0.937702060758551	0.847169193645273	0.737790520730486	0.655282707121335	0	0	0	0	0	0	0	0	0	0	0	0	0	0	0	0	0	0	0	0	0	0	0	0	0	0	0	0	0	0	0	0	0	0	0	0	0	0	0	0	0	0	0	0	0	0	0	0	0	0	0	0	0	0	0	0	0	0	0	0	0	0	0	0
0	0	0	0	0	0	0	0	0	0	0.66296715899605	0	0	0	0	0	0	0	0.834605768674313	0.541629926499132	0.958952375511988	0.978605788931147	0	0.970172629240647	0.893095082186924	0	0	0.676197934510406	0	0	0	0	0	0	0	0	0	0	0	0	0	0	0	0	0	0	0	0	0	0	0	0	0	0	0	0	0	0	0	0	0	0	0	0	0	0	0	0	0	0	0	0	0	0	0	0	0	0	0	0	0	0	0	0	0	0	0	0	0	0
0	0	0	0	0	0	0	0	0	0	0	0	0	0	0	0	0	0	0	0.646619254897151	0.51668932448646	0.519418968775398	0.542713092449004	0	0.975777014547062	0.554826139076642	0.532502381561937	0.77506648931376	0	0	0	0	0	0	0	0	0	0	0	0	0	0	0	0	0	0	0	0	0	0	0	0	0	0	0	0	0	0	0	0	0	0	0	0	0	0	0	0	0	0	0	0	0	0	0	0	0	0	0	0	0	0	0	0	0	0	0	0	0	0
0	0	0	0	0	0	0.520440608546294	0	0	0	0	0	0	0	0	0	0	0	0	0	0.620119422132555	0.672191938963068	0.767203780901074	0.550370099091528	0	0.981575727362257	0.934815269101517	0.85818949792927	0.781547849096922	0	0	0	0	0	0	0	0	0	0	0	0	0	0	0	0	0	0	0	0	0	0	0	0	0	0	0	0	0	0	0	0	0	0	0	0	0	0	0	0	0	0	0	0	0	0	0	0	0	0	0	0	0	0	0	0	0	0	0	0	0
0	0	0	0	0	0	0	0	0	0	0	0	0	0	0	0	0	0	0	0	0	0.519741612241342	0	0.902605887266171	0.763661982819574	0	0.527893353435769	0.592186430410045	0.596539487170682	0.560620218772152	0	0	0	0	0	0	0	0	0	0	0	0	0	0	0	0	0	0	0	0	0	0	0	0	0	0	0	0	0	0	0	0	0	0	0	0	0	0	0	0	0	0	0	0	0	0	0	0	0	0	0	0	0	0	0	0	0	0	0	0
0.659520208199463	0	0	0	0	0	0	0	0	0.759614396092322	0	0.6266707982431	0	0	0.957324118053239	0	0	0	0	0	0	0	0	0.58775855917865	0.704958961595748	0.807473406041811	0	0.994912216358285	0	0.795452532525394	0	0	0	0	0	0	0	0	0	0	0	0	0	0	0	0	0	0	0	0	0	0	0	0	0	0	0	0	0	0	0	0	0	0	0	0	0	0	0	0	0	0	0	0	0	0	0	0	0	0	0	0	0	0	0	0	0	0	0	0
0.644685066187736	0.645773553947272	0	0	0	0	0	0	0	0	0	0	0	0	0	0	0	0	0	0	0	0	0.531566624418242	0.933940571437088	0.751570150107211	0.852183585806527	0.727930900565533	0	0.59863274195112	0.715179338839979	0	0	0	0	0	0	0	0	0	0	0	0	0	0	0	0	0	0	0	0	0	0	0	0	0	0	0	0	0	0	0	0	0	0	0	0	0	0	0	0	0	0	0	0	0	0	0	0	0	0	0	0	0	0	0	0	0	0	0	0
0.997882084332806	0	0.502480004397953	0	0	0	0	0	0.569479260715603	0	0	0	0	0	0	0	0	0	0	0	0	0	0	0	0.657815875215368	0.64756662594501	0	0.780116830193758	0	0.575524630862742	0	0	0	0	0	0	0	0	0	0	0	0	0	0	0	0	0	0	0	0	0	0	0	0	0	0	0	0	0	0	0	0	0	0	0	0	0	0	0	0	0	0	0	0	0	0	0	0	0	0	0	0	0	0	0	0	0	0	0	0
0	0.715709670354194	0.823501740431274	0.97615011345525	0	0	0	0	0	0	0	0	0	0	0	0	0	0.862592147196574	0	0	0	0	0	0	0	0.500228045789156	0.896285758050906	0.692174654651502	0.641164345937689	0	0	0	0	0	0	0	0	0	0	0	0	0	0	0	0	0	0	0	0	0	0	0	0	0	0	0	0	0	0	0	0	0	0	0	0	0	0	0	0	0	0	0	0	0	0	0	0	0	0	0	0	0	0	0	0	0	0	0	0	0
0	0	0	0	0	0	0	0	0	0	0	0	0	0	0	0	0	0	0	0	0	0	0	0	0	0	0	0	0	0	0	0.906976410801327	0.526600923537364	0.851158094547021	0.629381393352427	0.920361180180014	0	0.984072067342908	0	0	0	0.906445114909542	0.808249328145622	0	0	0	0	0	0	0	0	0	0	0	0.782279133056159	0.584623030491723	0.834453054951185	0.541762355914686	0.561272358353106	0.630259763803386	0	0	0	0	0	0	0	0	0	0	0	0	0	0	0	0	0	0	0	0	0	0	0	0	0	0	0	0	0	0
0	0	0	0	0	0	0	0	0	0	0	0	0	0	0	0	0	0	0	0	0	0	0	0	0	0	0	0	0	0	0.519212943131721	0	0	0.812198193886254	0.75587798602768	0.713674821259927	0.964272890629519	0.932353336500642	0.929856930920626	0	0.883522961325685	0	0	0	0	0.591983348353882	0	0	0	0	0	0	0	0	0.99790779295459	0	0.660934661095285	0.597870882444359	0.632718277992921	0	0	0	0	0	0	0	0	0	0	0	0	0	0	0	0	0	0	0	0	0	0	0	0	0	0	0	0	0	0	0
0	0	0	0	0	0	0	0	0	0	0	0	0	0	0	0	0	0	0	0	0	0	0	0	0	0	0	0	0	0	0.971971809714548	0	0	0	0	0.749069222698642	0.688221238863538	0.949781162069571	0.729129662482017	0	0.868444861505326	0	0	0	0	0	0	0	0.83836047637226	0	0	0	0	0	0.778210551139729	0.666774573479153	0.88098971615156	0	0.561611208833729	0	0	0	0	0	0	0	0	0	0	0	0	0	0	0	0	0	0	0	0	0	0	0	0	0	0	0	0	0	0	0
0	0	0	0	0	0	0	0	0	0	0	0	0	0	0	0	0	0	0	0	0	0	0	0	0	0	0	0	0	0	0.745729266457816	0.718950808827188	0	0	0.965798332379094	0.7029623795209	0.876791366622068	0	0.914249055615225	0.773891956758777	0	0.758687317536983	0	0.777590326492612	0.521427678581469	0	0	0	0	0.508410382009107	0.88095614460286	0	0.650857112622578	0	0.587853513027373	0	0.842731896427357	0	0	0.564704888455437	0	0	0	0	0	0	0	0	0	0	0	0	0	0	0	0	0	0	0	0	0	0	0	0	0	0	0	0	0	0
0	0	0	0	0	0	0	0	0	0	0	0	0	0	0	0	0	0	0	0	0	0	0	0	0	0	0	0	0	0	0.890332660757889	0.572252960641185	0	0.728062575813398	0	0	0.623746844991837	0.865918989437526	0.600743831208018	0.97017873407775	0	0.537223404033835	0.718537344044145	0.967927971720432	0	0	0	0	0.869104859743206	0	0	0	0.988625567379281	0	0	0.70922599981221	0	0	0.596315033882489	0.758555446856124	0	0	0	0	0	0	0	0	0	0	0	0	0	0	0	0	0	0	0	0	0	0	0	0	0	0	0	0	0	0
0	0	0	0	0	0	0	0	0	0	0	0	0	0	0	0	0	0	0	0	0	0	0	0	0	0	0	0	0	0	0.966751252071879	0.920193152344976	0.702197237329053	0.863309194751273	0	0	0.751244377941703	0.903393658052399	0.924776956426566	0.948159928042585	0.828677129453117	0.63705454506709	0.872473064785318	0	0	0	0	0	0	0.787604685366513	0	0.878253380691407	0	0	0	0	0	0	0.677859494769749	0	0	0	0	0	0	0	0	0	0	0	0	0	0	0	0	0	0	0	0	0	0	0	0	0	0	0	0	0	0	0
0	0	0	0	0	0	0	0	0	0	0	0	0	0	0	0	0	0	0	0	0	0	0	0	0	0	0	0	0	0	0	0.909955825343927	0.739854679426555	0.641392388288334	0.552306227985044	0.881470570939403	0	0	0	0.690636903294877	0.835841285997443	0.759381853348392	0.71227964763898	0.604900591373638	0.662315980526752	0	0	0	0	0.634568736070966	0	0.840076174943663	0	0	0	0	0	0	0	0.952977375866161	0	0	0	0	0	0	0	0	0	0	0	0	0	0	0	0	0	0	0	0	0	0	0	0	0	0	0	0	0	0
0	0	0	0	0	0	0	0	0	0	0	0	0	0	0	0	0	0	0	0	0	0	0	0	0	0	0	0	0	0	0.611413031755115	0.553296956674831	0.62448251493533	0	0.634769748678836	0.936909714720991	0	0	0	0	0.789171220733556	0.856731844314539	0	0.649961374293777	0.892772155116663	0	0	0	0.869523769890529	0	0.895978328712562	0.658099043842263	0.886395809537778	0	0	0	0	0	0.992022298298966	0	0	0	0	0	0	0	0	0	0	0	0	0	0	0	0	0	0	0	0	0	0	0	0	0	0	0	0	0	0	0
0	0	0	0	0	0	0	0	0	0	0	0	0	0	0	0	0	0	0	0	0	0	0	0	0	0	0	0	0	0	0	0.971058004916394	0.791589927777101	0.794745271323778	0.975945707186715	0.669513823851726	0	0	0	0.800637339566495	0.626457785243844	0.846993540090792	0	0.622840298894304	0.956352601144329	0.775984833711427	0	0	0	0	0.614279747387446	0	0.859681309188339	0	0	0	0	0	0	0	0	0	0	0	0	0	0	0	0	0	0	0	0	0	0	0	0	0	0	0	0	0	0	0	0	0	0	0	0	0
0	0	0	0	0	0	0	0	0	0	0	0	0	0	0	0	0	0	0	0	0	0	0	0	0	0	0	0	0	0	0	0	0	0.624149439208049	0.504110787675205	0.910509845312657	0.658759022937426	0	0.648138821019031	0	0	0	0.94690911683692	0	0	0	0.753541837801598	0	0	0	0.697531519684357	0	0.743141463247529	0	0.51651378775957	0	0.603928116153178	0	0	0	0	0	0	0	0	0	0	0	0	0	0	0	0	0	0	0	0	0	0	0	0	0	0	0	0	0	0	0	0	0
0	0	0	0	0	0	0	0	0	0	0	0	0	0	0	0	0	0	0	0	0	0	0	0	0	0	0	0	0	0	0	0.790601041862769	0.546725736507882	0	0	0.67818223928332	0.838929132779335	0.536562616714783	0.742770222754043	0	0	0.569743906092161	0.639231322976215	0.722362760755369	0.744776975939989	0	0.591091473540178	0	0	0	0	0	0	0.73814510914752	0	0.56591262101698	0	0.815612940937581	0	0.687791875731034	0	0	0	0	0	0	0	0	0	0	0	0	0	0	0	0	0	0	0	0	0	0	0	0	0	0	0	0	0	0
0	0	0	0	0	0	0	0	0	0	0	0	0	0	0	0	0	0	0	0	0	0	0	0	0	0	0	0	0	0	0.812628434246325	0	0	0.806989365740316	0.874257634969482	0.518937287608633	0.743334416535418	0.985948671882902	0.677471085093728	0	0.519052486542364	0	0.517727259306367	0.59356816653949	0	0	0.530610457493751	0.649138608931195	0.953090276959012	0	0.789959519281814	0.691227113049516	0	0	0	0	0.603358322911698	0	0	0.750152791912198	0	0	0	0	0	0	0	0	0	0	0	0	0	0	0	0	0	0	0	0	0	0	0	0	0	0	0	0	0	0
0	0	0	0	0	0	0	0	0	0	0	0	0	0	0	0	0	0	0	0	0	0	0	0	0	0	0	0	0	0	0.69161241359212	0	0	0	0.73797252863097	0.637285295463357	0.973586218214404	0	0	0.539916512100327	0.931314376213995	0.540840525551034	0	0.534882384471555	0.671607576828844	0.885162545446339	0	0.533841930598409	0	0.674712549436591	0	0	0	0	0	0.757980879385923	0	0.521441468667488	0	0	0	0	0	0	0	0	0	0	0	0	0	0	0	0	0	0	0	0	0	0	0	0	0	0	0	0	0	0	0	0
0	0	0	0	0	0	0	0	0	0	0	0	0	0	0	0	0	0	0	0	0	0	0	0	0	0	0	0	0	0	0	0	0	0.508610060758704	0.880924977066415	0	0.870770956551853	0.613406777731092	0.52109835556954	0	0.691946635760347	0.545031254978726	0.762713571770057	0	0.671130091582185	0.858196130342524	0.99793957830091	0.793280639887613	0.531718012099549	0.571815728354051	0.660793481790742	0	0	0.562545758683411	0	0	0	0.728432930552594	0	0	0	0	0	0	0	0	0	0	0	0	0	0	0	0	0	0	0	0	0	0	0	0	0	0	0	0	0	0	0	0
0	0	0	0	0	0	0	0	0	0	0	0	0	0	0	0	0	0	0	0	0	0	0	0	0	0	0	0	0	0	0	0	0	0.817487793974744	0	0	0.82796818253448	0.683150979396617	0.696115715733149	0	0.712206896897621	0	0.804374252944954	0.532205216558906	0	0.937091027093803	0.772682733624002	0	0.660918005796207	0.767545288140723	0.982572487728494	0.996363180439819	0	0	0	0	0	0.934825065103384	0	0	0	0	0	0	0	0	0	0	0	0	0	0	0	0	0	0	0	0	0	0	0	0	0	0	0	0	0	0	0	0
0	0	0	0	0	0	0	0	0	0	0	0	0	0	0	0	0	0	0	0	0	0	0	0	0	0	0	0	0	0	0	0.521936127727496	0	0	0	0	0	0	0.651569143422996	0	0	0	0.569991775224023	0.672963434970943	0.647712182930946	0	0.930719603931976	0	0.531397991890778	0.892107558078271	0.996110648367902	0.871227016485564	0.679526683410598	0	0	0	0	0	0	0	0	0	0	0	0	0	0	0	0	0	0	0	0	0	0	0	0	0	0	0	0	0	0	0	0	0	0	0	0	0
0	0	0	0	0	0	0	0	0	0	0	0	0	0	0	0	0	0	0	0	0	0	0	0	0	0	0	0	0	0	0	0	0	0	0	0	0	0	0	0.574096460376946	0.522972638067227	0.684658220385435	0	0.881782032995658	0.801399802297114	0.911609212009088	0	0.965607617670625	0	0.596865916416796	0	0.740248683291689	0	0.509070781349893	0	0.883044498664587	0	0.793644329853087	0	0.601569951457149	0	0	0	0	0	0	0	0	0	0	0	0	0	0	0	0	0	0	0	0	0	0	0	0	0	0	0	0	0	0
0	0	0	0	0	0	0	0	0	0	0	0	0	0	0	0	0	0	0	0	0	0	0	0	0	0	0	0	0	0	0	0	0	0	0	0	0	0	0	0	0	0.966967411199638	0.721910189162075	0.553347050093763	0	0	0.865729515867853	0	0.69919377581869	0	0.89926867500065	0.977070839098208	0.824381209290361	0.653049203867259	0.556440537636994	0.961089513694979	0	0	0	0	0	0	0	0	0	0	0	0	0	0	0	0	0	0	0	0	0	0	0	0	0	0	0	0	0	0	0	0	0	0
0	0	0	0	0	0	0	0	0	0	0	0	0	0	0	0	0	0	0	0	0	0	0	0	0	0	0	0	0	0	0	0	0.83260209427464	0	0.945349288481769	0	0	0.579148834813377	0	0	0	0.877727458977008	0	0.794750684589184	0.921905302322512	0.600881876614536	0	0.505515660592743	0	0.526906468739321	0.868865136776839	0.55453810806694	0	0	0.967589589552067	0.809611233261336	0	0.574008790195364	0	0	0	0	0	0	0	0	0	0	0	0	0	0	0	0	0	0	0	0	0	0	0	0	0	0	0	0	0	0	0	0
0	0	0	0	0	0	0	0	0	0	0	0	0	0	0	0	0	0	0	0	0	0	0	0	0	0	0	0	0	0	0	0	0	0.809864877591075	0	0.831126938549955	0.807342934080648	0	0	0	0	0	0.906008729025058	0.629396170196183	0.792916681960059	0.799595591129122	0.768820627570811	0	0.929833982049135	0	0	0.564487744762807	0.775659582045781	0.861393953480432	0.620790172846083	0	0.666344736876066	0	0	0	0	0	0	0	0	0	0	0	0	0	0	0	0	0	0	0	0	0	0	0	0	0	0	0	0	0	0	0	0	0
0	0	0	0	0	0	0	0	0	0	0	0	0	0	0	0	0	0	0	0	0	0	0	0	0	0	0	0	0	0	0	0	0	0.971121757882555	0	0	0	0.532946154162983	0.635017549970554	0.97521282530369	0	0.599596980310808	0	0.726244742679171	0.853204434846183	0.527268346000957	0	0.952180313797332	0.555110247095927	0	0	0	0	0	0.831916585556465	0.962043699845845	0	0.602185256857825	0.875053441190162	0.66383751345462	0	0	0	0	0	0	0	0	0	0	0	0	0	0	0	0	0	0	0	0	0	0	0	0	0	0	0	0	0	0
0	0	0	0	0	0	0	0	0	0	0	0	0	0	0	0	0	0	0	0	0	0	0	0	0	0	0	0	0	0	0	0	0	0	0	0.897833769999293	0.862226482999492	0.670825332908417	0	0	0	0.811238045029472	0	0	0.716218908730187	0.538527609848996	0.661017958826356	0.635363427843535	0.987467391470722	0.876033229858839	0	0	0.563475008836156	0.968575522820799	0.969262281393114	0	0	0	0.685598652738144	0	0	0	0	0	0	0	0	0	0	0	0	0	0	0	0	0	0	0	0	0	0	0	0	0	0	0	0	0	0	0
0	0	0	0	0	0	0	0	0	0	0	0	0	0	0	0	0	0	0	0	0	0	0	0	0	0	0	0	0	0	0	0	0	0.55191784056975	0.742347142700764	0	0	0.891791089904323	0.733848886174976	0.768632803477055	0	0	0	0	0	0.68440317750422	0	0.971924732712734	0	0.720903113574607	0	0.659241231791657	0	0	0.591658013650658	0.802520696235433	0.722834920109039	0.502889626817273	0.827504132991193	0.590613847638738	0	0	0	0	0	0	0	0	0	0	0	0	0	0	0	0	0	0	0	0	0	0	0	0	0	0	0	0	0	0
0	0	0	0	0	0	0	0	0	0	0	0	0	0	0	0	0	0	0	0	0	0	0	0	0	0	0	0	0	0	0	0	0	0	0	0	0	0	0	0	0.720413365667054	0	0	0.907168120141959	0	0	0.699527771280596	0.558038561411439	0	0.550258140055448	0	0.736703575600422	0	0	0.614594092709584	0.695479323851507	0.947218350516921	0.778632833049061	0.979316845862628	0.794093178030294	0	0	0	0	0	0	0	0	0	0	0	0	0	0	0	0	0	0	0	0	0	0	0	0	0	0	0	0	0	0
0	0	0	0	0	0	0	0	0	0	0	0	0	0	0	0	0	0	0	0	0	0	0	0	0	0	0	0	0	0	0.803237362013453	0.916233144468923	0.734947916364741	0.940418410444493	0	0	0	0	0	0.511853545801506	0	0	0	0	0	0	0	0.610852030833143	0.810460965988105	0.652707519350474	0.996326875725849	0.900025307851518	0.73790257170545	0.943821448787471	0	0.93769268100916	0.576821462772857	0.608751378928041	0.954388392847498	0.784166761036518	0	0	0	0	0	0	0	0	0	0	0	0	0	0	0	0	0	0	0	0	0	0	0	0	0	0	0	0	0	0
0	0	0	0	0	0	0	0	0	0	0	0	0	0	0	0	0	0	0	0	0	0	0	0	0	0	0	0	0	0	0.566442459934262	0	0.568077663491277	0	0.743147609085672	0	0	0	0	0	0.861250564350626	0	0.768349539854003	0	0	0	0.913524089568359	0.689713171744292	0.886845029306076	0	0.786404694997635	0	0.783811207684084	0.73766463203165	0.583149491319702	0	0.573679419499804	0.883890599945384	0.764884028782421	0.516544920698611	0	0	0	0	0	0	0	0	0	0	0	0	0	0	0	0	0	0	0	0	0	0	0	0	0	0	0	0	0	0
0	0	0	0	0	0	0	0	0	0	0	0	0	0	0	0	0	0	0	0	0	0	0	0	0	0	0	0	0	0	0.685762522638196	0.698070984396042	0.878774579676567	0.686706408103353	0	0	0	0	0	0.886810139766354	0	0.836810972107523	0	0	0	0	0	0	0	0.850431183157649	0	0	0.728996151709127	0.57138202095122	0.965872961689613	0.885816741617188	0	0.991563818201869	0	0.832916999867949	0	0	0	0	0	0	0	0	0	0	0	0	0	0	0	0	0	0	0	0	0	0	0	0	0	0	0	0	0	0
0	0	0	0	0	0	0	0	0	0	0	0	0	0	0	0	0	0	0	0	0	0	0	0	0	0	0	0	0	0	0.920126747269294	0.552656511438384	0	0	0	0	0	0	0	0	0.749859109112425	0	0.525091747500033	0.949104720343096	0.804246211865707	0	0.824037232739477	0	0.974123167978897	0	0.910228053653298	0	0.633371922664472	0.896366292729171	0.59806823755507	0.646879278324143	0.764382591670331	0	0.637892418788138	0	0	0	0	0	0	0	0	0	0	0	0	0	0	0	0	0	0	0	0	0	0	0	0	0	0	0	0	0	0	0
0	0	0	0	0	0	0	0	0	0	0	0	0	0	0	0	0	0	0	0	0	0	0	0	0	0	0	0	0	0	0.811384099688448	0.825814837395729	0.625189412138665	0	0.687750599810409	0.861693353058322	0	0.875728728179821	0	0	0	0	0	0	0	0	0	0	0	0	0.639694048997518	0.592868667879885	0.575337272207122	0.730438863006739	0.511928273591231	0.536938174362243	0	0.732687638682862	0	0.991020233233157	0	0	0	0	0	0	0	0	0	0	0	0	0	0	0	0	0	0	0	0	0	0	0	0	0	0	0	0	0	0
0	0	0	0	0	0	0	0	0	0	0	0	0	0	0	0	0	0	0	0	0	0	0	0	0	0	0	0	0	0	0.734528690186669	0	0	0.832368945086284	0.622091517058523	0	0.610894816665106	0	0	0	0.638819131019141	0.501345209445389	0	0	0	0	0.653186041454877	0	0	0	0.599196933078597	0	0.627538278699261	0.598906072260162	0.528374010237739	0.904898686454699	0.569205200984425	0	0.637221667444439	0	0	0	0	0	0	0	0	0	0	0	0	0	0	0	0	0	0	0	0	0	0	0	0	0	0	0	0	0	0	0
0	0	0	0	0	0	0	0	0	0	0	0	0	0	0	0	0	0	0	0	0	0	0	0	0	0	0	0	0	0	0	0	0	0	0	0	0	0	0	0	0	0	0	0	0	0	0	0	0	0	0	0	0	0	0	0	0	0	0	0	0	0.670921886325376	0.544142361524636	0	0	0.743591032080787	0	0.921635792198355	0	0	0	0.550707086001929	0	0	0	0	0	0	0	0.537005664578788	0	0	0.939555844851486	0	0	0	0	0.883648471868902	0.716366828608168	0.696641360074966
0	0	0	0	0	0	0	0	0	0	0	0	0	0	0	0	0	0	0	0	0	0	0	0	0	0	0	0	0	0	0	0	0	0	0	0	0	0	0	0	0	0	0	0	0	0	0	0	0	0	0	0	0	0	0	0	0	0	0	0	0.974100783822553	0	0	0	0	0	0.66614520729866	0	0	0.569140760879403	0.960217863919298	0	0	0.822945944453569	0	0	0	0	0.742448003491786	0	0	0	0.918674226761998	0	0.717852287488247	0	0	0	0.754606480870405	0.923162340197313
0	0	0	0	0	0	0	0	0	0	0	0	0	0	0	0	0	0	0	0	0	0	0	0	0	0	0	0	0	0	0	0	0	0	0	0	0	0	0	0	0	0	0	0	0	0	0	0	0	0	0	0	0	0	0	0	0	0	0	0	0.715941839271206	0	0	0	0.712049090792783	0	0	0.663444592689832	0	0	0	0.799254095112067	0	0.832614121558577	0	0	0	0	0.877347628242779	0	0	0	0	0	0	0.579734182777206	0	0	0	0
0	0	0	0	0	0	0	0	0	0	0	0	0	0	0	0	0	0	0	0	0	0	0	0	0	0	0	0	0	0	0	0	0	0	0	0	0	0	0	0	0	0	0	0	0	0	0	0	0	0	0	0	0	0	0	0	0	0	0	0	0	0	0	0	0.764410010180693	0	0	0.804795548150026	0	0	0	0	0	0	0.7316679472045	0	0.580310230372373	0	0	0	0.659030108045475	0	0.734200201878958	0	0.639505340078778	0	0.606762524721346	0.899875756301541	0	0.944090582858022
0	0	0	0	0	0	0	0	0	0	0	0	0	0	0	0	0	0	0	0	0	0	0	0	0	0	0	0	0	0	0	0	0	0	0	0	0	0	0	0	0	0	0	0	0	0	0	0	0	0	0	0	0	0	0	0	0	0	0	0	0	0	0.784211447845275	0.989169434012454	0	0.898816331135775	0.745122195757889	0.649017494472836	0	0	0	0	0	0	0	0.667467632616376	0	0	0	0	0	0.978231203387083	0	0	0	0	0.944468604219252	0	0	0.616784421304916
0	0	0	0	0	0	0	0	0	0	0	0	0	0	0	0	0	0	0	0	0	0	0	0	0	0	0	0	0	0	0	0	0	0	0	0	0	0	0	0	0	0	0	0	0	0	0	0	0	0	0	0	0	0	0	0	0	0	0	0	0.576101782396836	0	0	0	0.847780501356217	0	0.71190926675773	0	0.935247968962046	0.710708125361233	0	0	0.727253929417934	0	0	0	0	0	0	0	0	0	0	0	0	0.844607413663336	0	0.693815380447547	0.649065090746548	0
0	0	0	0	0	0	0	0	0	0	0	0	0	0	0	0	0	0	0	0	0	0	0	0	0	0	0	0	0	0	0	0	0	0	0	0	0	0	0	0	0	0	0	0	0	0	0	0	0	0	0	0	0	0	0	0	0	0	0	0	0	0.6200242522314	0	0	0.680829982772076	0.599459663859661	0	0	0.822064281168463	0.999379904315591	0.655522584793649	0	0	0.742971305351902	0	0	0	0	0	0.927635124837264	0	0	0	0	0	0.853715497142191	0	0	0	0
0	0	0	0	0	0	0	0	0	0	0	0	0	0	0	0	0	0	0	0	0	0	0	0	0	0	0	0	0	0	0	0	0	0	0	0	0	0	0	0	0	0	0	0	0	0	0	0	0	0	0	0	0	0	0	0	0	0	0	0	0.622804730037312	0	0.939956633198134	0.527399010938708	0.659701029861457	0	0	0	0	0	0	0	0	0	0.640386363234706	0	0	0	0.934067940592298	0	0.940323421479866	0	0	0	0	0.731796137537353	0.988914978484899	0	0	0.733726287233393
0	0	0	0	0	0	0	0	0	0	0	0	0	0	0	0	0	0	0	0	0	0	0	0	0	0	0	0	0	0	0	0	0	0	0	0	0	0	0	0	0	0	0	0	0	0	0	0	0	0	0	0	0	0	0	0	0	0	0	0	0	0	0	0	0	0.853471375800324	0.744086037718429	0	0	0.99015436546549	0.631029190251155	0	0	0	0	0	0	0	0	0	0	0	0.969313396503515	0	0	0.908453087738382	0	0.627752283473979	0.540496174150202	0.897174110596048
0	0	0	0	0	0	0	0	0	0	0	0	0	0	0	0	0	0	0	0	0	0	0	0	0	0	0	0	0	0	0	0	0	0	0	0	0	0	0	0	0	0	0	0	0	0	0	0	0	0	0	0	0	0	0	0	0	0	0	0	0	0.500786417260896	0	0	0	0.728104295819592	0.58451135448119	0	0.720759297930568	0	0.868195153539712	0.778109477495791	0.641431316533443	0	0	0.611177676564551	0	0.535989381965529	0	0	0	0	0	0	0	0	0	0	0	0
0	0	0	0	0	0	0	0	0	0	0	0	0	0	0	0	0	0	0	0	0	0	0	0	0	0	0	0	0	0	0	0	0	0	0	0	0	0	0	0	0	0	0	0	0	0	0	0	0	0	0	0	0	0	0	0	0	0	0	0	0	0.983579024529427	0	0	0	0	0.988990836281287	0	0.732424089599657	0.540044455770663	0	0	0.666117183604905	0	0	0	0	0	0.833881501834306	0	0.544096694840857	0.832305788979299	0	0	0	0.760171263254231	0	0	0	0.946973579815616
0	0	0	0	0	0	0	0	0	0	0	0	0	0	0	0	0	0	0	0	0	0	0	0	0	0	0	0	0	0	0	0	0	0	0	0	0	0	0	0	0	0	0	0	0	0	0	0	0	0	0	0	0	0	0	0	0	0	0	0	0.867065307563626	0	0.824178438063487	0	0	0	0	0	0	0.670960557307432	0	0	0	0	0.722226076181504	0.841230741338194	0.913787784678182	0	0	0.514635907642476	0.929975344829542	0	0	0.558362522622706	0.574737164395041	0	0	0	0	0.680076268715244
0	0	0	0	0	0	0	0	0	0	0	0	0	0	0	0	0	0	0	0	0	0	0	0	0	0	0	0	0	0	0	0	0	0	0	0	0	0	0	0	0	0	0	0	0	0	0	0	0	0	0	0	0	0	0	0	0	0	0	0	0	0	0	0	0	0.844361202361541	0	0	0	0.513033134871774	0.534574115412514	0	0	0	0	0	0	0.830753495178916	0.543895370085529	0	0.824150631924528	0.523562776727741	0	0.850939713491251	0	0	0	0	0.895394588886616	0
0	0	0	0	0	0	0	0	0	0	0	0	0	0	0	0	0	0	0	0	0	0	0	0	0	0	0	0	0	0	0	0	0	0	0	0	0	0	0	0	0	0	0	0	0	0	0	0	0	0	0	0	0	0	0	0	0	0	0	0	0	0.928542620751486	0.647095486655839	0	0	0	0.727301138695192	0	0	0	0	0	0	0	0	0	0.777785832455459	0	0.837958714773822	0	0	0	0	0	0.669369480618031	0	0	0	0	0.981914668577486
0	0	0	0	0	0	0	0	0	0	0	0	0	0	0	0	0	0	0	0	0	0	0	0	0	0	0	0	0	0	0	0	0	0	0	0	0	0	0	0	0	0	0	0	0	0	0	0	0	0	0	0	0	0	0	0	0	0	0	0	0	0	0	0.717118071530994	0	0	0	0.54528588545721	0	0	0	0.922089254401093	0	0	0	0	0	0.583410036061875	0	0.747039876207942	0	0	0	0	0	0.684006647138006	0.785253739798373	0	0.514160717649257	0
0	0	0	0	0	0	0	0	0	0	0	0	0	0	0	0	0	0	0	0	0	0	0	0	0	0	0	0	0	0	0	0	0	0	0	0	0	0	0	0	0	0	0	0	0	0	0	0	0	0	0	0	0	0	0	0	0	0	0	0	0	0	0	0	0.849632215827426	0	0	0	0	0.583970994105411	0	0.695895129188324	0	0	0	0	0.708887076635434	0.928155573118113	0.801023964624265	0.663395645728251	0.663746507889378	0	0	0.749563525145158	0.791009595217037	0	0.760942841955904	0	0	0
0	0	0	0	0	0	0	0	0	0	0	0	0	0	0	0	0	0	0	0	0	0	0	0	0	0	0	0	0	0	0	0	0	0	0	0	0	0	0	0	0	0	0	0	0	0	0	0	0	0	0	0	0	0	0	0	0	0	0	0	0	0	0	0.587808665559959	0	0	0	0	0	0	0	0.604934896381494	0	0.825635635836977	0	0.850723716373004	0	0.68884311087978	0.632929827748886	0	0.618848041875168	0	0.787598751928452	0.694389960396932	0	0	0	0.820954910470498	0	0
0	0	0	0	0	0	0	0	0	0	0	0	0	0	0	0	0	0	0	0	0	0	0	0	0	0	0	0	0	0	0	0	0	0	0	0	0	0	0	0	0	0	0	0	0	0	0	0	0	0	0	0	0	0	0	0	0	0	0	0	0	0	0	0	0	0	0	0	0	0.636546310916528	0	0	0.980826047568767	0	0.796629086602481	0.558224291243861	0.721883922894113	0	0	0	0.844680917189021	0	0	0	0.645430693005705	0.688951985399247	0	0	0	0
0	0	0	0	0	0	0	0	0	0	0	0	0	0	0	0	0	0	0	0	0	0	0	0	0	0	0	0	0	0	0	0	0	0	0	0	0	0	0	0	0	0	0	0	0	0	0	0	0	0	0	0	0	0	0	0	0	0	0	0	0	0.689581381809115	0.985789232205843	0	0	0	0	0.832732969292849	0	0	0.729574344719163	0	0.892509357194935	0.704607040355649	0	0.970557775476138	0.914075563849377	0	0	0	0.641928440324791	0	0	0	0.995104290565757	0	0	0.737704752370854	0.807875918847567	0.5053784915773
0	0	0	0	0	0	0	0	0	0	0	0	0	0	0	0	0	0	0	0	0	0	0	0	0	0	0	0	0	0	0	0	0	0	0	0	0	0	0	0	0	0	0	0	0	0	0	0	0	0	0	0	0	0	0	0	0	0	0	0	0.621243280894147	0	0	0	0	0	0.722996433012336	0	0	0	0	0.602408732435896	0	0	0.774090903917282	0.703420415393654	0	0	0	0	0.687882058360506	0	0	0	0	0.808460360974454	0	0.68888652568239	0	0
0	0	0	0	0	0	0	0	0	0	0	0	0	0	0	0	0	0	0	0	0	0	0	0	0	0	0	0	0	0	0	0	0	0	0	0	0	0	0	0	0	0	0	0	0	0	0	0	0	0	0	0	0	0	0	0	0	0	0	0	0	0	0	0.821688672244939	0	0	0	0.564582553868236	0	0	0.664296993018187	0.525646230041511	0.637290957408551	0	0	0.911890896737174	0.817936629713414	0.724459299712819	0.744645153890561	0.838417184431768	0	0	0	0	0.93915321826948	0.979646030856418	0	0	0	0
0	0	0	0	0	0	0	0	0	0	0	0	0	0	0	0	0	0	0	0	0	0	0	0	0	0	0	0	0	0	0	0	0	0	0	0	0	0	0	0	0	0	0	0	0	0	0	0	0	0	0	0	0	0	0	0	0	0	0	0	0	0	0	0	0.744149602626545	0	0	0	0	0	0.945756012194901	0	0.94854652313165	0	0	0	0	0	0	0	0	0	0.846856838235687	0.830219830035669	0.681238929724333	0.773132820831395	0.652285829411661	0	0	0.808639071058934
0	0	0	0	0	0	0	0	0	0	0	0	0	0	0	0	0	0	0	0	0	0	0	0	0	0	0	0	0	0	0	0	0	0	0	0	0	0	0	0	0	0	0	0	0	0	0	0	0	0	0	0	0	0	0	0	0	0	0	0	0.799318318919916	0.755919530779107	0	0.75118185689252	0	0	0	0	0.539564386269549	0	0	0	0	0	0	0	0.70542259786932	0	0	0	0	0.968931385721927	0	0	0	0.67936667892851	0.551205845677094	0.929723354153165	0.56222954668581	0
0	0	0	0	0	0	0	0	0	0	0	0	0	0	0	0	0	0	0	0	0	0	0	0	0	0	0	0	0	0	0	0	0	0	0	0	0	0	0	0	0	0	0	0	0	0	0	0	0	0	0	0	0	0	0	0	0	0	0	0	0	0	0	0	0	0	0	0	0	0	0	0.795308825741726	0.520418981604859	0	0	0.67248280045854	0.677430556142818	0	0	0	0	0.89827019558158	0	0	0.728070282574071	0.680996512925171	0.524241418391171	0	0.521252708662287	0.543575411225208
0	0	0	0	0	0	0	0	0	0	0	0	0	0	0	0	0	0	0	0	0	0	0	0	0	0	0	0	0	0	0	0	0	0	0	0	0	0	0	0	0	0	0	0	0	0	0	0	0	0	0	0	0	0	0	0	0	0	0	0	0	0.808160855213076	0	0.7505884238801	0	0	0	0	0	0	0	0.661875587372818	0	0.997186190618281	0	0.912184004347625	0	0.517416182178199	0.538689971794441	0	0.707345317195029	0.890222600354978	0	0.639554313975663	0	0	0	0.795577348846907	0	0
0	0	0	0	0	0	0	0	0	0	0	0	0	0	0	0	0	0	0	0	0	0	0	0	0	0	0	0	0	0	0	0	0	0	0	0	0	0	0	0	0	0	0	0	0	0	0	0	0	0	0	0	0	0	0	0	0	0	0	0	0	0	0.642337813247449	0	0	0.856327654134501	0.577774169074885	0.930369971970736	0.577987192823439	0	0.9340283740463	0	0	0	0.964126329160401	0	0	0.890303754586907	0	0.831925765450401	0.53583306302863	0.593962552082047	0.934772739931584	0.603427644136947	0	0	0	0	0.56103802917275	0
0	0	0	0	0	0	0	0	0	0	0	0	0	0	0	0	0	0	0	0	0	0	0	0	0	0	0	0	0	0	0	0	0	0	0	0	0	0	0	0	0	0	0	0	0	0	0	0	0	0	0	0	0	0	0	0	0	0	0	0	0	0	0	0.594462539830068	0.956720899927809	0	0	0.537409075677683	0	0	0	0	0	0	0.980187505763767	0.649719410283074	0	0	0	0	0	0.802407740558249	0.839657563412724	0.729649757126461	0	0	0	0.664881370390406	0.551196532294115	0.894257359347903
0	0	0	0	0	0	0	0	0	0	0	0	0	0	0	0	0	0	0	0	0	0	0	0	0	0	0	0	0	0	0	0	0	0	0	0	0	0	0	0	0	0	0	0	0	0	0	0	0	0	0	0	0	0	0	0	0	0	0	0	0.829761290229572	0	0	0.713922811098119	0	0.699666115615996	0	0	0.998563213348422	0	0	0	0	0	0	0	0.729969171344247	0	0.688616295620796	0.711652699097472	0	0	0.884854014892332	0	0.591319921844122	0	0.884851172915852	0	0	0.689221814942257
0	0	0	0	0	0	0	0	0	0	0	0	0	0	0	0	0	0	0	0	0	0	0	0	0	0	0	0	0	0	0	0	0	0	0	0	0	0	0	0	0	0	0	0	0	0	0	0	0	0	0	0	0	0	0	0	0	0	0	0	0.610748532029689	0.532767803131625	0	0	0	0.668084244952862	0	0	0.743242319200157	0	0	0	0.681643415704524	0	0.906843456927499	0	0	0	0.60364885407533	0	0	0	0.960065291887892	0.787031934092822	0	0.515494609777525	0.771147220612776	0	0	0
0	0	0	0	0	0	0	0	0	0	0	0	0	0	0	0	0	0	0	0	0	0	0	0	0	0	0	0	0	0	0	0	0	0	0	0	0	0	0	0	0	0	0	0	0	0	0	0	0	0	0	0	0	0	0	0	0	0	0	0	0.956326039207061	0.689840926858453	0	0.988434938597136	0.854744822060886	0	0	0.752017020234005	0.823029588608901	0	0.562696339969443	0.863762624532165	0	0.984238692364103	0	0	0	0	0.914581260163972	0	0	0.75797495477102	0	0.681254033063424	0	0	0.833826289757857	0.690988705930941	0	0
