0	0.946923510426473	0.630687089182963	0.50919443360129	0.682785405798163	0.767682088307159	0.97467002379179	0.867042225653289	0	0.737857641457087	0.700383905407225	0.931913234934396	0.923425967915135	0.754081078345875	0.648931632088542	0	0.957754109302708	0.547522822579668	0	0	0	0	0	0	0	0	0	0	0	0	0	0	0	0	0	0	0	0	0	0	0	0	0	0	0	0	0	0	0	0	0	0	0	0	0	0	0	0	0	0	0	0	0	0	0	0	0	0	0	0	0	0	0	0	0	0	0	0	0	0	0	0	0	0	0	0	0	0	0	0
0.681805566135852	0	0	0.967360479758433	0.729385034394657	0.73917743913639	0.93249691051418	0.95002251647396	0.579736189628292	0.654627386844437	0.706720751805687	0.613311331221719	0	0.748431768010079	0.590020488273481	0.615816712276972	0	0.563421429244648	0	0	0	0	0	0	0	0	0	0	0	0	0	0	0	0	0	0	0	0	0	0	0	0	0	0	0	0	0	0	0	0	0	0	0	0	0	0	0	0	0	0	0	0	0	0	0	0	0	0	0	0	0	0	0	0	0	0	0	0	0	0	0	0	0	0	0	0	0	0	0	0
0.65231121913206	0	0	0.914476390614619	0.627893345274736	0	0.845315190415486	0.911634878100311	0	0.649761928717725	0.813029113557296	0.973651214013591	0.838834392748167	0	0.710358785671304	0.521410580886878	0.594320491034244	0.579917516532745	0	0	0	0	0	0	0	0	0	0	0	0	0	0	0	0	0	0	0	0	0	0	0	0	0	0	0	0	0	0	0	0	0	0	0	0	0	0	0	0	0	0	0	0	0	0	0	0	0	0	0	0	0	0	0	0	0	0	0	0	0	0	0	0	0	0	0	0	0	0	0	0
0.946189964384087	0.987329707693347	0.932599172525486	0	0.876236731706434	0	0.716291223815059	0.813673022055567	0.847888440946759	0.667391864187715	0.719114067455271	0.806594991209142	0	0.839864831481514	0.508307796627262	0.780270871584279	0.563759710097789	0.599045732754978	0	0	0	0	0	0	0	0	0	0	0	0	0	0	0	0	0	0	0	0	0	0	0	0	0	0	0	0	0	0	0	0	0	0	0	0	0	0	0	0	0	0	0	0	0	0	0	0	0	0	0	0	0	0	0	0	0	0	0	0	0	0	0	0	0	0	0	0	0	0	0	0
0.732032398533803	0.962326173590315	0.849694536052802	0.718690163048918	0	0.558766086916474	0.817261125424636	0.566821994379064	0	0.709636034192448	0.968561855803292	0.88106932784081	0	0.776454209193733	0	0.826243472952855	0.578784459049242	0	0	0	0	0	0	0	0	0	0	0	0	0	0	0	0	0	0	0	0	0	0	0	0	0	0	0	0	0	0	0	0	0	0	0	0	0	0	0	0	0	0	0	0	0	0	0	0	0	0	0	0	0	0	0	0	0	0	0	0	0	0	0	0	0	0	0	0	0	0	0	0	0
0.677542203350248	0.709462679795918	0	0	0.756368743848418	0	0.884958472659506	0.866857022030111	0	0.523538183735782	0.990290631107933	0.520245708293629	0	0.725618856890873	0.795399180320835	0	0.714944625992395	0	0	0	0	0	0	0	0	0	0	0	0	0	0	0	0	0	0	0	0	0	0	0	0	0	0	0	0	0	0	0	0	0	0	0	0	0	0	0	0	0	0	0	0	0	0	0	0	0	0	0	0	0	0	0	0	0	0	0	0	0	0	0	0	0	0	0	0	0	0	0	0	0
0.870513553995484	0.801928132214948	0.678646242983076	0.979838298331036	0.517691570606698	0.791711525484548	0	0.713035213154363	0.701887978517523	0.870882437079571	0.985189259329202	0.800478953596641	0.961752694401053	0.729011123914104	0	0.689480590275447	0	0	0	0	0	0	0	0	0	0	0	0	0	0	0	0	0	0	0	0	0	0	0	0	0	0	0	0	0	0	0	0	0	0	0	0	0	0	0	0	0	0	0	0	0	0	0	0	0	0	0	0	0	0	0	0	0	0	0	0	0	0	0	0	0	0	0	0	0	0	0	0	0	0
0.589544117432028	0.79561240242112	0.609936473987738	0.544682129375711	0.803394482078237	0.671794961647368	0.880213975512544	0	0	0.993964585282565	0.957061632573225	0.610233433269516	0.579299114113579	0.874577292180821	0.748447269519724	0.80951601903299	0.758484042993361	0.79769361659208	0	0	0	0	0	0	0	0	0	0	0	0	0	0	0	0	0	0	0	0	0	0	0	0	0	0	0	0	0	0	0	0	0	0	0	0	0	0	0	0	0	0	0	0	0	0	0	0	0	0	0	0	0	0	0	0	0	0	0	0	0	0	0	0	0	0	0	0	0	0	0	0
0	0.643720538587879	0	0.767215247816555	0	0	0.606549334922522	0	0	0.664329422279505	0.695479667281306	0.778346408637104	0.852074808467153	0.577218959446557	0.774641767024313	0.968027326623854	0.56448889174532	0.954926951018459	0	0	0	0	0	0	0	0	0	0	0	0	0	0	0	0	0	0	0	0	0	0	0	0	0	0	0	0	0	0	0	0	0	0	0	0	0	0	0	0	0	0	0	0	0	0	0	0	0	0	0	0	0	0	0	0	0	0	0	0	0	0	0	0	0	0	0	0	0	0	0	0
0.991231680521201	0.983123335671645	0.821765164332182	0.953328457275557	0.677116996071139	0.984300769273111	0.680229830080166	0.969634143707296	0.730196573384197	0	0.883754743942605	0.519361119422921	0.961757463970308	0.756392640965967	0.898999561357109	0.750045389705695	0.64821377251574	0.531949771127814	0	0	0	0	0	0	0	0	0	0	0	0	0	0	0	0	0	0	0	0	0	0	0	0	0	0	0	0	0	0	0	0	0	0	0	0	0	0	0	0	0	0	0	0	0	0	0	0	0	0	0	0	0	0	0	0	0	0	0	0	0	0	0	0	0	0	0	0	0	0	0	0
0.910841056323897	0.911088917829711	0.748685077884573	0.508978758446468	0.774948302570263	0.554282210441684	0.652799164323123	0.672834874343334	0.704239264501356	0.927358291392844	0	0.769769926682637	0.85481198761278	0.597260234810274	0.985146415768338	0.607993454160889	0.992737861389347	0.707683121668441	0	0	0	0	0	0	0	0	0	0	0	0	0	0	0	0	0	0	0	0	0	0	0	0	0	0	0	0	0	0	0	0	0	0	0	0	0	0	0	0	0	0	0	0	0	0	0	0	0	0	0	0	0	0	0	0	0	0	0	0	0	0	0	0	0	0	0	0	0	0	0	0
0.829011524713206	0.546327765596009	0.778174917265023	0.722384388661624	0.909511269836893	0.694232104524145	0.693584150589934	0.714306412266433	0.603954479035195	0.763677106837709	0.707039069407093	0	0	0.810166078450347	0	0.830576696357368	0.869362041305954	0.883175319862982	0	0	0	0	0	0	0	0	0	0	0	0	0	0	0	0	0	0	0	0	0	0	0	0	0	0	0	0	0	0	0	0	0	0	0	0	0	0	0	0	0	0	0	0	0	0	0	0	0	0	0	0	0	0	0	0	0	0	0	0	0	0	0	0	0	0	0	0	0	0	0	0
0.939327239749265	0	0.73565777563202	0	0	0	0.923304541850029	0.756599280970857	0.641433992084973	0.592059830579956	0.881961806686068	0	0	0.908491703308418	0.890452455483713	0.866090580029029	0	0.827986399858669	0	0	0	0	0	0	0	0	0	0	0	0	0	0	0	0	0	0	0	0	0	0	0	0	0	0	0	0	0	0	0	0	0	0	0	0	0	0	0	0	0	0	0	0	0	0	0	0	0	0	0	0	0	0	0	0	0	0	0	0	0	0	0	0	0	0	0	0	0	0	0	0
0.669645146021466	0.783613384645236	0	0.930698544988845	0.690246983214635	0.783352225290834	0.867368802637868	0.891404145219103	0.962297399460333	0.895715197291648	0.50692354326517	0.668371994317107	0.56940851619929	0	0.537724283511542	0.993048237915777	0.922489380766288	0	0	0	0	0	0	0	0	0	0	0	0	0	0	0	0	0	0	0	0	0	0	0	0	0	0	0	0	0	0	0	0	0	0	0	0	0	0	0	0	0	0	0	0	0	0	0	0	0	0	0	0	0	0	0	0	0	0	0	0	0	0	0	0	0	0	0	0	0	0	0	0	0
0.871103717295249	0.941188931958027	0.535919415294665	0.760255320941927	0	0.670494165648277	0	0.724264997411195	0.716765702003386	0.995439538349146	0.585335058029815	0	0.775375110776005	0.9122788699067	0	0.946248949640378	0.561945481740221	0.610853655797467	0	0	0	0	0	0	0	0	0	0	0	0	0	0	0	0	0	0	0	0	0	0	0	0	0	0	0	0	0	0	0	0	0	0	0	0	0	0	0	0	0	0	0	0	0	0	0	0	0	0	0	0	0	0	0	0	0	0	0	0	0	0	0	0	0	0	0	0	0	0	0	0
0	0.643580758279643	0.998906483330781	0.556225297928589	0.681078846034391	0	0.612059157371218	0.988580206804391	0.749157833614417	0.849332893561916	0.936287884308751	0.81029272853002	0.622368035785462	0.962926288808795	0.81015832271796	0	0.814558273076464	0	0	0	0	0	0	0	0	0	0	0	0	0	0	0	0	0	0	0	0	0	0	0	0	0	0	0	0	0	0	0	0	0	0	0	0	0	0	0	0	0	0	0	0	0	0	0	0	0	0	0	0	0	0	0	0	0	0	0	0	0	0	0	0	0	0	0	0	0	0	0	0	0
0.509157843064459	0	0.792717050524292	0.626788027952414	0.709249438322484	0.841984967192794	0	0.534711676462394	0.752008537786125	0.600830125564833	0.822248326067778	0.904146756099534	0	0.511616163142014	0.875559535199768	0.507347892532744	0	0.728177801482344	0	0	0	0	0	0	0	0	0	0	0	0	0	0	0	0	0	0	0	0	0	0	0	0	0	0	0	0	0	0	0	0	0	0	0	0	0	0	0	0	0	0	0	0	0	0	0	0	0	0	0	0	0	0	0	0	0	0	0	0	0	0	0	0	0	0	0	0	0	0	0	0
0.57524394139865	0.991325863244291	0.626349879515006	0.606347452729309	0	0	0	0.965290106810933	0.567084130049182	0.887812882191527	0.994970007880636	0.509001751873624	0.894367513144613	0	0.844463035912522	0	0.660879201419796	0	0	0	0	0	0	0	0	0	0	0	0	0	0	0	0	0	0	0	0	0	0	0	0	0	0	0	0	0	0	0	0	0	0	0	0	0	0	0	0	0	0	0	0	0	0	0	0	0	0	0	0	0	0	0	0	0	0	0	0	0	0	0	0	0	0	0	0	0	0	0	0	0
0	0	0	0	0	0	0	0	0	0	0	0	0	0	0	0	0	0	0	0.990416972113601	0.711815789321751	0.583063557710955	0.878512345503599	0.639058464048049	0	0	0	0	0	0	0	0.573452028724486	0.99245228061069	0.72484553060423	0.743524267666801	0	0	0	0	0	0	0	0	0	0	0	0	0	0	0	0	0	0	0	0	0	0	0	0	0	0	0	0	0	0	0	0	0	0	0	0	0	0	0	0	0	0	0	0	0	0	0	0	0	0	0	0	0	0	0
0	0	0	0	0	0	0	0	0	0	0	0	0	0	0	0	0	0	0.882230417997204	0	0.968229199531455	0.952659559570559	0.559537201632191	0.85334189381131	0.896135170613089	0	0	0	0	0	0	0	0.579870178159089	0.884389495768737	0.522655129391198	0	0	0	0	0	0	0	0	0	0	0	0	0	0	0	0	0	0	0	0	0	0	0	0	0	0	0	0	0	0	0	0	0	0	0	0	0	0	0	0	0	0	0	0	0	0	0	0	0	0	0	0	0	0	0
0	0	0	0	0	0	0	0	0	0	0	0	0	0	0	0	0	0	0.615657460521462	0.870582182647972	0	0	0.677300978236459	0.795519961544796	0.883829299224271	0.976921900247133	0.916008565702355	0	0	0	0.613259226074542	0	0	0.720513658447737	0.999707612113274	0.62231106133253	0	0	0	0	0	0	0	0	0	0	0	0	0	0	0	0	0	0	0	0	0	0	0	0	0	0	0	0	0	0	0	0	0	0	0	0	0	0	0	0	0	0	0	0	0	0	0	0	0	0	0	0	0	0
0	0	0	0	0	0	0	0	0	0	0	0	0	0	0	0	0	0	0.929257983426866	0.694416473254584	0	0	0.84800982336887	0.856619324479004	0.718395754214559	0.537915645669637	0.602733576574332	0	0	0	0	0	0	0	0.994568323917842	0.701157057727861	0	0	0	0	0	0	0	0	0	0	0	0	0	0	0	0	0	0	0	0	0	0	0	0	0	0	0	0	0	0	0	0	0	0	0	0	0	0	0	0	0	0	0	0	0	0	0	0	0	0	0	0	0	0
0	0	0	0	0	0	0	0	0	0	0	0	0	0	0	0	0	0	0.509311653039981	0.967872848726608	0.639510695255146	0.837981719175014	0	0.92927367647114	0.612091454941777	0.646128676681742	0.614825748485088	0.934547051520427	0	0	0	0	0	0	0	0.628776603504891	0	0	0	0	0	0	0	0	0	0	0	0	0	0	0	0	0	0	0	0	0	0	0	0	0	0	0	0	0	0	0	0	0	0	0	0	0	0	0	0	0	0	0	0	0	0	0	0	0	0	0	0	0	0
0	0	0	0	0	0	0	0	0	0	0	0	0	0	0	0	0	0	0.761259133193599	0.96644654085047	0.542773302180236	0.95092012641799	0.832779059208346	0	0.938177657970617	0.793935015301269	0.825347078779612	0.763354742686023	0.703872333327217	0	0	0	0	0	0	0	0	0	0	0	0	0	0	0	0	0	0	0	0	0	0	0	0	0	0	0	0	0	0	0	0	0	0	0	0	0	0	0	0	0	0	0	0	0	0	0	0	0	0	0	0	0	0	0	0	0	0	0	0	0
0	0	0	0	0	0	0	0	0	0	0	0	0	0	0	0	0	0	0	0.780866690172324	0.769249133094659	0.50500012799709	0.818615353714354	0.789368274186439	0	0.59866123779055	0.819068465353683	0.708389226444871	0.789170811383254	0.703459430861337	0	0	0	0	0	0.52301424129348	0	0	0	0	0	0	0	0	0	0	0	0	0	0	0	0	0	0	0	0	0	0	0	0	0	0	0	0	0	0	0	0	0	0	0	0	0	0	0	0	0	0	0	0	0	0	0	0	0	0	0	0	0	0
0	0	0	0	0	0	0	0	0	0	0	0	0	0	0	0	0	0	0	0	0.917096322394336	0.553034445561898	0.621030270041256	0.549787336131712	0.583314237046775	0	0.804913206958497	0.728246653298489	0.545429255587911	0	0.787906382847954	0.792144587206554	0	0	0	0	0	0	0	0	0	0	0	0	0	0	0	0	0	0	0	0	0	0	0	0	0	0	0	0	0	0	0	0	0	0	0	0	0	0	0	0	0	0	0	0	0	0	0	0	0	0	0	0	0	0	0	0	0	0
0	0	0	0	0	0	0	0	0	0	0	0	0	0	0	0	0	0	0	0	0.827558614301255	0.813011305006833	0.982373325036965	0.610520461980692	0.829553695487729	0.573430440024255	0	0	0	0.546738483901016	0.785248837835072	0.618964621750542	0.757157531228232	0	0	0	0	0	0	0	0	0	0	0	0	0	0	0	0	0	0	0	0	0	0	0	0	0	0	0	0	0	0	0	0	0	0	0	0	0	0	0	0	0	0	0	0	0	0	0	0	0	0	0	0	0	0	0	0	0
0	0	0	0	0	0	0	0	0	0	0	0	0	0	0	0	0	0	0	0	0	0	0.550348690764956	0.539015183080098	0.864629196062678	0.625467527317706	0	0	0.995913881357605	0.555455870753086	0.770052182723789	0.9549762041379	0.789564714965576	0	0	0.570404951261174	0	0	0	0	0	0	0	0	0	0	0	0	0	0	0	0	0	0	0	0	0	0	0	0	0	0	0	0	0	0	0	0	0	0	0	0	0	0	0	0	0	0	0	0	0	0	0	0	0	0	0	0	0	0
0	0	0	0	0	0	0	0	0	0	0	0	0	0	0	0	0	0	0	0	0	0	0	0.719846974701377	0.554558606439377	0.568074642618364	0	0.713610714931034	0	0.932132077557763	0.791307748275799	0.708690390615499	0.836978194878838	0.953495540032752	0	0	0	0	0	0	0	0	0	0	0	0	0	0	0	0	0	0	0	0	0	0	0	0	0	0	0	0	0	0	0	0	0	0	0	0	0	0	0	0	0	0	0	0	0	0	0	0	0	0	0	0	0	0	0	0
0	0	0	0	0	0	0	0	0	0	0	0	0	0	0	0	0	0	0	0	0	0	0	0	0.552084701419164	0	0.95895345208003	0.623488899864925	0.652609260515496	0	0.852073764624703	0.952334100528174	0.789571367126575	0.628039499566834	0.584231965552574	0	0	0	0	0	0	0	0	0	0	0	0	0	0	0	0	0	0	0	0	0	0	0	0	0	0	0	0	0	0	0	0	0	0	0	0	0	0	0	0	0	0	0	0	0	0	0	0	0	0	0	0	0	0	0
0	0	0	0	0	0	0	0	0	0	0	0	0	0	0	0	0	0	0	0	0.613005039838545	0	0	0	0	0.800842145573749	0.946010628781414	0.958817326519644	0.980955340270936	0.81710871311642	0	0.649573941877387	0.651406840373485	0.980437868613505	0.850724375942276	0.791305049730378	0	0	0	0	0	0	0	0	0	0	0	0	0	0	0	0	0	0	0	0	0	0	0	0	0	0	0	0	0	0	0	0	0	0	0	0	0	0	0	0	0	0	0	0	0	0	0	0	0	0	0	0	0	0
0	0	0	0	0	0	0	0	0	0	0	0	0	0	0	0	0	0	0.539471540740657	0	0	0	0	0	0	0.877709827142883	0.518927804865871	0.823856071330026	0.962913129115358	0.828145058191666	0.995791606169981	0	0.928070585284664	0.818556829988721	0.877805507256723	0.524413390753361	0	0	0	0	0	0	0	0	0	0	0	0	0	0	0	0	0	0	0	0	0	0	0	0	0	0	0	0	0	0	0	0	0	0	0	0	0	0	0	0	0	0	0	0	0	0	0	0	0	0	0	0	0	0
0	0	0	0	0	0	0	0	0	0	0	0	0	0	0	0	0	0	0.843575325427319	0.953613488944484	0	0	0	0	0	0	0.838126180461345	0.960901838357718	0.857238538011646	0.572425162847358	0.573097989354807	0.595153512551861	0	0.90115177495808	0.793876101827833	0.893181235306957	0	0	0	0	0	0	0	0	0	0	0	0	0	0	0	0	0	0	0	0	0	0	0	0	0	0	0	0	0	0	0	0	0	0	0	0	0	0	0	0	0	0	0	0	0	0	0	0	0	0	0	0	0	0
0	0	0	0	0	0	0	0	0	0	0	0	0	0	0	0	0	0	0.502119532846478	0.608379766790468	0.805848197398948	0	0	0	0	0	0	0	0.618369741646353	0.647882834736847	0.790286804071195	0.801587726688377	0.594360866602845	0	0.709248808345109	0.78402875653861	0	0	0	0	0	0	0	0	0	0	0	0	0	0	0	0	0	0	0	0	0	0	0	0	0	0	0	0	0	0	0	0	0	0	0	0	0	0	0	0	0	0	0	0	0	0	0	0	0	0	0	0	0	0
0	0	0	0	0	0	0	0	0	0	0	0	0	0	0	0	0	0	0.684110166866279	0.521708041179942	0.982217341877582	0.777982907959636	0	0	0	0	0	0	0	0.667157654112381	0.89866614694908	0.824347602079989	0.864548420114958	0.660457364158193	0	0.983946420316127	0	0	0	0	0	0	0	0	0	0	0	0	0	0	0	0	0	0	0	0	0	0	0	0	0	0	0	0	0	0	0	0	0	0	0	0	0	0	0	0	0	0	0	0	0	0	0	0	0	0	0	0	0	0
0	0	0	0	0	0	0	0	0	0	0	0	0	0	0	0	0	0	0	0	0.532801521808536	0.501674472630658	0.983676710871983	0	0.861699748965331	0	0	0.582173444493729	0	0	0.732828900962637	0.656665296690239	0.547494011301745	0.96048982961305	0.593539376836235	0	0	0	0	0	0	0	0	0	0	0	0	0	0	0	0	0	0	0	0	0	0	0	0	0	0	0	0	0	0	0	0	0	0	0	0	0	0	0	0	0	0	0	0	0	0	0	0	0	0	0	0	0	0	0
0	0	0	0	0	0	0	0	0	0	0	0	0	0	0	0	0	0	0	0	0	0	0	0	0	0	0	0	0	0	0	0	0	0	0	0	0	0.69548626733531	0.815527448044047	0.509033899433997	0.792536793271078	0	0	0	0	0	0	0	0	0	0.806766329890453	0.614970100411304	0.714069810798496	0.936201412585577	0	0	0	0	0	0	0	0	0	0	0	0	0	0	0	0	0	0	0	0	0	0	0	0	0	0	0	0	0	0	0	0	0	0	0	0
0	0	0	0	0	0	0	0	0	0	0	0	0	0	0	0	0	0	0	0	0	0	0	0	0	0	0	0	0	0	0	0	0	0	0	0	0.72148027299306	0	0.928858542302934	0.631101715145795	0.838639552594715	0.864837471043811	0	0	0	0	0	0	0	0	0	0.567620839351239	0	0.5758649068921	0	0	0	0	0	0	0	0	0	0	0	0	0	0	0	0	0	0	0	0	0	0	0	0	0	0	0	0	0	0	0	0	0	0	0	0
0	0	0	0	0	0	0	0	0	0	0	0	0	0	0	0	0	0	0	0	0	0	0	0	0	0	0	0	0	0	0	0	0	0	0	0	0.856584945793482	0.853688492344385	0	0.990216381616262	0.846886433676659	0.831156754895795	0.721740098520427	0	0	0	0	0	0	0	0	0	0.642616123136007	0.531543542972116	0	0	0	0	0	0	0	0	0	0	0	0	0	0	0	0	0	0	0	0	0	0	0	0	0	0	0	0	0	0	0	0	0	0	0	0
0	0	0	0	0	0	0	0	0	0	0	0	0	0	0	0	0	0	0	0	0	0	0	0	0	0	0	0	0	0	0	0	0	0	0	0	0.655936338160921	0.878212689362397	0.522232198565343	0	0.70359766340158	0.59619016519161	0.592516362339204	0.754066545284898	0	0	0	0	0	0	0	0	0	0.716482677465779	0	0	0	0	0	0	0	0	0	0	0	0	0	0	0	0	0	0	0	0	0	0	0	0	0	0	0	0	0	0	0	0	0	0	0	0
0	0	0	0	0	0	0	0	0	0	0	0	0	0	0	0	0	0	0	0	0	0	0	0	0	0	0	0	0	0	0	0	0	0	0	0	0.675637886190667	0.942718594121299	0.515483128573945	0.809545974194311	0	0.858548328971771	0.529161521880014	0.939300261962328	0.720975384477569	0	0	0	0	0	0	0	0	0	0	0	0	0	0	0	0	0	0	0	0	0	0	0	0	0	0	0	0	0	0	0	0	0	0	0	0	0	0	0	0	0	0	0	0	0
0	0	0	0	0	0	0	0	0	0	0	0	0	0	0	0	0	0	0	0	0	0	0	0	0	0	0	0	0	0	0	0	0	0	0	0	0	0.771007476692479	0.97303536985693	0.711267556758465	0.700131703567703	0	0.988054555004622	0.745779558151799	0.641543276511813	0.840510235380275	0	0	0	0	0	0	0	0	0	0	0	0	0	0	0	0	0	0	0	0	0	0	0	0	0	0	0	0	0	0	0	0	0	0	0	0	0	0	0	0	0	0	0	0
0	0	0	0	0	0	0	0	0	0	0	0	0	0	0	0	0	0	0	0	0	0	0	0	0	0	0	0	0	0	0	0	0	0	0	0	0	0	0.551864689980628	0.877953791904864	0.787578698916017	0.750704995136859	0	0.913560838974527	0.799769135399399	0.551563060416555	0.74815943490768	0	0	0	0	0	0.501585914722639	0	0	0	0	0	0	0	0	0	0	0	0	0	0	0	0	0	0	0	0	0	0	0	0	0	0	0	0	0	0	0	0	0	0	0	0	0
0	0	0	0	0	0	0	0	0	0	0	0	0	0	0	0	0	0	0	0	0	0	0	0	0	0	0	0	0	0	0	0	0	0	0	0	0	0	0	0.558076561149484	0.68796577173564	0.967971614099899	0.677770563343588	0	0.503062175062251	0.926203380599077	0.792864068859892	0.776235263007316	0	0	0	0	0	0	0	0	0	0	0	0	0	0	0	0	0	0	0	0	0	0	0	0	0	0	0	0	0	0	0	0	0	0	0	0	0	0	0	0	0	0
0	0	0	0	0	0	0	0	0	0	0	0	0	0	0	0	0	0	0	0	0	0	0	0	0	0	0	0	0	0	0	0	0	0	0	0	0	0	0	0	0.907925725890619	0.726011653068076	0.803660173495726	0.548879258894392	0	0.71666606750609	0.638129994809593	0.684382174915596	0.549324382350363	0	0	0	0	0	0	0	0	0	0	0	0	0	0	0	0	0	0	0	0	0	0	0	0	0	0	0	0	0	0	0	0	0	0	0	0	0	0	0	0	0
0	0	0	0	0	0	0	0	0	0	0	0	0	0	0	0	0	0	0	0	0	0	0	0	0	0	0	0	0	0	0	0	0	0	0	0	0	0	0	0	0	0.598919135871639	0.980165601398013	0.86536214279055	0.630122337006838	0	0.608182585016589	0.744319791852045	0.541171478195206	0.665715841430505	0	0	0	0	0	0	0	0	0	0	0	0	0	0	0	0	0	0	0	0	0	0	0	0	0	0	0	0	0	0	0	0	0	0	0	0	0	0	0	0
0	0	0	0	0	0	0	0	0	0	0	0	0	0	0	0	0	0	0	0	0	0	0	0	0	0	0	0	0	0	0	0	0	0	0	0	0	0	0	0	0	0	0.789335294903196	0.859667416169411	0.877021430699352	0.647948353579547	0	0.859405374768371	0.635195336608859	0.521384852825302	0.71621561829984	0	0	0	0	0	0	0	0	0	0	0	0	0	0	0	0	0	0	0	0	0	0	0	0	0	0	0	0	0	0	0	0	0	0	0	0	0	0	0
0	0	0	0	0	0	0	0	0	0	0	0	0	0	0	0	0	0	0	0	0	0	0	0	0	0	0	0	0	0	0	0	0	0	0	0	0	0	0	0	0	0	0	0.734229698087702	0.737393057781548	0.53186135259557	0.558415877614589	0	0.861877559036986	0.559329984453334	0.95399983111783	0.747301086410359	0	0	0	0	0	0	0	0	0	0	0	0	0	0	0	0	0	0	0	0	0	0	0	0	0	0	0	0	0	0	0	0	0	0	0	0	0	0
0	0	0	0	0	0	0	0	0	0	0	0	0	0	0	0	0	0	0	0	0	0	0	0	0	0	0	0	0	0	0	0	0	0	0	0	0	0	0	0	0	0	0	0	0.641486553507203	0.525279948542706	0.582669421529288	0.707521700698313	0	0.985410242433041	0.892888683907177	0.788808078008855	0.954435292218485	0	0	0	0	0	0	0	0	0	0	0	0	0	0	0	0	0	0	0	0	0	0	0	0	0	0	0	0	0	0	0	0	0	0	0	0	0
0	0	0	0	0	0	0	0	0	0	0	0	0	0	0	0	0	0	0	0	0	0	0	0	0	0	0	0	0	0	0	0	0	0	0	0	0	0	0	0	0	0	0	0	0	0.869724359437729	0.795647934956286	0.53606217746502	0.531497226601929	0	0.769790817651765	0.679326086188552	0.869175699610475	0.651428800651878	0	0	0	0	0	0	0	0	0	0	0	0	0	0	0	0	0	0	0	0	0	0	0	0	0	0	0	0	0	0	0	0	0	0	0	0
0	0	0	0	0	0	0	0	0	0	0	0	0	0	0	0	0	0	0	0	0	0	0	0	0	0	0	0	0	0	0	0	0	0	0	0	0.981658892947984	0	0	0	0	0	0	0	0	0	0.613038882626524	0.823640442566201	0.616490855548076	0.87359681021667	0	0.544979259004939	0.774589112473992	0.538276962415929	0	0	0	0	0	0	0	0	0	0	0	0	0	0	0	0	0	0	0	0	0	0	0	0	0	0	0	0	0	0	0	0	0	0	0	0
0	0	0	0	0	0	0	0	0	0	0	0	0	0	0	0	0	0	0	0	0	0	0	0	0	0	0	0	0	0	0	0	0	0	0	0	0.689091369753146	0.618662549283135	0	0	0	0	0	0	0	0	0	0.826843790800449	0.848143453314832	0.978524941622807	0.927942495163327	0	0.871778895932168	0.656743285797915	0	0	0	0	0	0	0	0	0	0	0	0	0	0	0	0	0	0	0	0	0	0	0	0	0	0	0	0	0	0	0	0	0	0	0	0
0	0	0	0	0	0	0	0	0	0	0	0	0	0	0	0	0	0	0	0	0	0	0	0	0	0	0	0	0	0	0	0	0	0	0	0	0.505086353363708	0	0.543395220164053	0	0	0	0.843073453817558	0	0	0	0	0	0.730137887229503	0.852136201919921	0.901960736080668	0.829425152891661	0	0.681663037673754	0	0	0	0	0	0	0	0	0	0	0	0	0	0	0	0	0	0	0	0	0	0	0	0	0	0	0	0	0	0	0	0	0	0	0	0
0	0	0	0	0	0	0	0	0	0	0	0	0	0	0	0	0	0	0	0	0	0	0	0	0	0	0	0	0	0	0	0	0	0	0	0	0.509804940835535	0.73662126347272	0.970530237122623	0.650063815155825	0	0	0	0	0	0	0	0	0	0.953416119767741	0.999497218928637	0.509351339724927	0.993354881522569	0	0	0	0	0	0	0	0	0	0	0	0	0	0	0	0	0	0	0	0	0	0	0	0	0	0	0	0	0	0	0	0	0	0	0	0	0
0	0	0	0	0	0	0	0	0	0	0	0	0	0	0	0	0	0	0	0	0	0	0	0	0	0	0	0	0	0	0	0	0	0	0	0	0	0	0	0	0	0	0	0	0	0	0	0	0	0	0	0	0	0	0	0.667586833511794	0.621051443090758	0.956245753173109	0.609264893266479	0	0	0	0	0	0	0	0	0	0	0.552890181881208	0	0.883749454357661	0	0	0	0	0	0	0	0	0	0	0	0	0	0	0	0	0	0
0	0	0	0	0	0	0	0	0	0	0	0	0	0	0	0	0	0	0	0	0	0	0	0	0	0	0	0	0	0	0	0	0	0	0	0	0	0	0	0	0	0	0	0	0	0	0	0	0	0	0	0	0	0	0.793412306290571	0	0.639491702505798	0.834381888686331	0.727201347461264	0	0	0	0	0	0	0	0	0	0.970715226697588	0	0.8779088386043	0	0	0	0	0	0	0	0	0	0	0	0	0	0	0	0	0	0	0
0	0	0	0	0	0	0	0	0	0	0	0	0	0	0	0	0	0	0	0	0	0	0	0	0	0	0	0	0	0	0	0	0	0	0	0	0	0	0	0	0	0	0	0	0	0	0	0	0	0	0	0	0	0	0.810315968783279	0.964379853439519	0	0.780528340546438	0	0.818028612776456	0.538759770126263	0	0	0	0	0	0	0	0	0	0	0.533042915778424	0	0	0	0	0	0	0	0	0	0	0	0	0	0	0	0	0	0
0	0	0	0	0	0	0	0	0	0	0	0	0	0	0	0	0	0	0	0	0	0	0	0	0	0	0	0	0	0	0	0	0	0	0	0	0	0	0	0	0	0	0	0	0	0	0	0	0	0	0	0	0	0	0.705757996321848	0.674487301433509	0.924169302269	0	0.774638059648509	0.597658557349259	0.9871559101294	0.53760045579353	0	0	0	0.592316400628758	0.651704287177634	0	0	0	0	0	0	0	0	0	0	0	0	0	0	0	0	0	0	0	0	0	0	0
0	0	0	0	0	0	0	0	0	0	0	0	0	0	0	0	0	0	0	0	0	0	0	0	0	0	0	0	0	0	0	0	0	0	0	0	0	0	0	0	0	0	0	0	0	0	0	0	0	0	0	0	0	0	0.845766010176211	0.790707393311118	0	0.850296683213757	0	0.594916290667974	0	0.995674884252694	0	0	0	0	0	0	0	0	0	0	0	0	0	0	0	0	0	0	0	0	0	0	0	0	0	0	0	0
0	0	0	0	0	0	0	0	0	0	0	0	0	0	0	0	0	0	0	0	0	0	0	0	0	0	0	0	0	0	0	0	0	0	0	0	0	0	0	0	0	0	0	0	0	0	0	0	0	0	0	0	0	0	0	0	0.826519725036631	0.959170425626932	0.990928344082533	0	0	0.979753258119492	0	0.794984203883367	0	0	0	0.641543933025734	0	0	0.531369465262997	0	0	0	0	0	0	0	0	0	0	0	0	0	0	0	0	0	0	0
0	0	0	0	0	0	0	0	0	0	0	0	0	0	0	0	0	0	0	0	0	0	0	0	0	0	0	0	0	0	0	0	0	0	0	0	0	0	0	0	0	0	0	0	0	0	0	0	0	0	0	0	0	0	0	0	0.831065405756902	0.5662148374785	0	0	0	0.602423830769478	0.541770964226636	0.8111550237637	0	0.991874449878783	0	0	0.821399229315693	0	0	0.989790920299429	0	0	0	0	0	0	0	0	0	0	0	0	0	0	0	0	0	0
0	0	0	0	0	0	0	0	0	0	0	0	0	0	0	0	0	0	0	0	0	0	0	0	0	0	0	0	0	0	0	0	0	0	0	0	0	0	0	0	0	0	0	0	0	0	0	0	0	0	0	0	0	0	0	0	0	0.632846005990037	0.799485961241874	0.717632702535561	0.586334464665779	0	0.63707131768056	0.554243072180051	0	0	0	0	0	0	0	0	0	0	0	0	0	0	0	0	0	0	0	0	0	0	0	0	0	0
0	0	0	0	0	0	0	0	0	0	0	0	0	0	0	0	0	0	0	0	0	0	0	0	0	0	0	0	0	0	0	0	0	0	0	0	0	0	0	0	0	0	0	0	0	0	0	0	0	0	0	0	0	0	0	0	0	0	0	0	0.521449616334153	0.796190662448817	0	0.51620321799866	0.639553956885434	0	0	0	0	0	0	0	0	0	0	0	0	0	0	0	0	0	0	0	0	0	0	0	0	0
0	0	0	0	0	0	0	0	0	0	0	0	0	0	0	0	0	0	0	0	0	0	0	0	0	0	0	0	0	0	0	0	0	0	0	0	0	0	0	0	0	0	0	0	0	0	0	0	0	0	0	0	0	0	0	0	0	0	0	0.688745306403564	0.525288476739552	0.97940728649414	0.53871087233254	0	0.641390991817515	0	0.571929643009139	0	0	0	0.546190841022119	0	0	0	0	0	0	0	0	0	0	0	0	0	0	0	0	0	0	0
0	0	0	0	0	0	0	0	0	0	0	0	0	0	0	0	0	0	0	0	0	0	0	0	0	0	0	0	0	0	0	0	0	0	0	0	0	0	0	0	0	0	0	0	0	0	0	0	0	0	0	0	0	0	0	0	0	0	0	0	0	0	0.517430641397166	0.929522732597396	0	0.738760925070824	0.818238527305512	0.611851604050794	0	0	0	0	0	0	0	0	0	0	0	0	0	0	0	0	0	0	0	0	0	0
0	0	0	0	0	0	0	0	0	0	0	0	0	0	0	0	0	0	0	0	0	0	0	0	0	0	0	0	0	0	0	0	0	0	0	0	0	0	0	0	0	0	0	0	0	0	0	0	0	0	0	0	0	0	0	0	0	0.687145583080205	0	0	0.62986629444055	0	0	0	0.688875675279219	0	0	0.568268236607886	0.728979296356077	0	0	0	0	0	0	0	0	0	0	0	0	0	0	0	0	0	0	0	0	0
0	0	0	0	0	0	0	0	0	0	0	0	0	0	0	0	0	0	0	0	0	0	0	0	0	0	0	0	0	0	0	0	0	0	0	0	0	0	0	0	0	0	0	0	0	0	0	0	0	0	0	0	0	0	0	0	0	0.636681996053521	0	0	0	0	0	0.604860001859294	0.948610718350774	0	0	0.895860877988584	0.504270641730824	0.804345853955388	0	0	0	0	0	0	0	0	0	0	0	0	0	0	0	0	0	0	0	0
0	0	0	0	0	0	0	0	0	0	0	0	0	0	0	0	0	0	0	0	0	0	0	0	0	0	0	0	0	0	0	0	0	0	0	0	0	0	0	0	0	0	0	0	0	0	0	0	0	0	0	0	0	0	0	0	0	0	0	0.793310457036211	0	0	0	0	0.587242038320834	0.55255314474622	0.807997978729449	0	0.923811633130655	0	0.760436846969663	0	0	0	0	0	0	0	0	0	0	0	0	0	0	0	0	0	0	0
0	0	0	0	0	0	0	0	0	0	0	0	0	0	0	0	0	0	0	0	0	0	0	0	0	0	0	0	0	0	0	0	0	0	0	0	0	0	0	0	0	0	0	0	0	0	0	0	0	0	0	0	0	0	0	0.756883641114697	0	0	0	0	0.54891232449199	0	0	0	0	0.970063786757401	0.557191982012917	0.733309424111047	0	0	0	0.794723500459654	0	0	0	0	0	0	0	0	0	0	0	0	0	0	0	0	0	0
0	0	0	0	0	0	0	0	0	0	0	0	0	0	0	0	0	0	0	0	0	0	0	0	0	0	0	0	0	0	0	0	0	0	0	0	0	0	0	0	0	0	0	0	0	0	0	0	0	0	0	0	0	0	0.815622138464612	0	0	0	0	0	0	0	0	0	0	0	0.803306543068632	0	0	0	0.667980336805389	0.744063649298274	0	0	0	0	0	0	0	0	0	0	0	0	0	0	0	0	0	0
0	0	0	0	0	0	0	0	0	0	0	0	0	0	0	0	0	0	0	0	0	0	0	0	0	0	0	0	0	0	0	0	0	0	0	0	0	0	0	0	0	0	0	0	0	0	0	0	0	0	0	0	0	0	0	0.783173949422484	0	0	0	0.704897979957102	0	0	0	0.928463203513916	0	0	0	0.568063423276132	0	0.740159044006966	0	0.746712035129997	0	0	0	0	0	0	0	0	0	0	0	0	0	0	0	0	0	0
0	0	0	0	0	0	0	0	0	0	0	0	0	0	0	0	0	0	0	0	0	0	0	0	0	0	0	0	0	0	0	0	0	0	0	0	0	0	0	0	0	0	0	0	0	0	0	0	0	0	0	0	0	0	0.905804499697966	0	0.977492722650293	0	0	0	0.532573859068381	0	0	0	0	0	0	0	0.55367759267722	0.649107354207696	0.712691813787777	0	0	0	0	0	0	0	0	0	0	0	0	0	0	0	0	0	0	0
0	0	0	0	0	0	0	0	0	0	0	0	0	0	0	0	0	0	0	0	0	0	0	0	0	0	0	0	0	0	0	0	0	0	0	0	0	0	0	0	0	0	0	0	0	0	0	0	0	0	0	0	0	0	0	0	0	0	0	0	0	0	0	0	0	0	0	0	0	0	0	0	0	0.672292962958736	0.501754836161151	0.575907546389727	0.926929054581411	0	0.517705945254283	0	0.885502866297216	0	0	0	0.856007173885846	0	0.878133151703799	0.748982994053254	0.911368041805234	0
0	0	0	0	0	0	0	0	0	0	0	0	0	0	0	0	0	0	0	0	0	0	0	0	0	0	0	0	0	0	0	0	0	0	0	0	0	0	0	0	0	0	0	0	0	0	0	0	0	0	0	0	0	0	0	0	0	0	0	0	0	0	0	0	0	0	0	0	0	0	0	0	0.92692091974491	0	0.512363325559514	0.749064849076794	0	0.997290667744425	0.60824581415371	0.690757011535738	0	0.915713098751613	0.602042090612941	0.821844933727911	0.717947599616779	0.778956814369619	0.97339828574654	0.646957668357529	0	0.677728005542179
0	0	0	0	0	0	0	0	0	0	0	0	0	0	0	0	0	0	0	0	0	0	0	0	0	0	0	0	0	0	0	0	0	0	0	0	0	0	0	0	0	0	0	0	0	0	0	0	0	0	0	0	0	0	0	0	0	0	0	0	0	0	0	0	0	0	0	0	0	0	0	0	0.819621748632547	0.853425071044053	0	0.695630252255221	0.679959094876662	0.651796037084044	0.905475464498127	0.86417403920105	0.855238658043676	0.706609604968905	0	0	0	0	0.883448406848242	0.983160087683049	0.904354883815737	0.743534793458451
0	0	0	0	0	0	0	0	0	0	0	0	0	0	0	0	0	0	0	0	0	0	0	0	0	0	0	0	0	0	0	0	0	0	0	0	0	0	0	0	0	0	0	0	0	0	0	0	0	0	0	0	0	0	0	0	0	0	0	0	0	0	0	0	0	0	0	0	0	0	0	0	0.76410449940465	0.942200707733947	0.560687186457123	0	0.54859548021469	0	0.911014651737468	0.986872275205692	0	0	0.750614932752813	0.573196386359157	0	0.687271811515104	0	0.79699156891201	0.750935329634725	0
0	0	0	0	0	0	0	0	0	0	0	0	0	0	0	0	0	0	0	0	0	0	0	0	0	0	0	0	0	0	0	0	0	0	0	0	0	0	0	0	0	0	0	0	0	0	0	0	0	0	0	0	0	0	0	0	0	0	0	0	0	0	0	0	0	0	0	0	0	0	0	0	0.57404258392866	0	0.506156889895815	0.528859782044431	0	0.747586162514287	0.853760012972518	0.796418575028993	0.558277191958424	0	0.742238664956277	0.669680358291098	0.658896790816625	0	0.844015800655263	0	0.754918311549352	0
0	0	0	0	0	0	0	0	0	0	0	0	0	0	0	0	0	0	0	0	0	0	0	0	0	0	0	0	0	0	0	0	0	0	0	0	0	0	0	0	0	0	0	0	0	0	0	0	0	0	0	0	0	0	0	0	0	0	0	0	0	0	0	0	0	0	0	0	0	0	0	0	0	0.501638152353353	0.580052069872205	0	0.633820838463386	0	0.847055298945387	0.647405434568256	0.8829318491877	0	0.750205033012456	0.835705748834183	0.761942116769102	0.586728665906953	0	0.861825346259872	0	0
0	0	0	0	0	0	0	0	0	0	0	0	0	0	0	0	0	0	0	0	0	0	0	0	0	0	0	0	0	0	0	0	0	0	0	0	0	0	0	0	0	0	0	0	0	0	0	0	0	0	0	0	0	0	0	0	0	0	0	0	0	0	0	0	0	0	0	0	0	0	0	0	0.854146738202055	0.690186103553471	0.525087105165891	0.639943578876035	0.756811036951306	0.923633027433473	0	0.534202474169366	0.762748923346723	0.735023790767926	0	0.73833781965642	0	0.843924386144603	0	0	0.593887477384563	0.747012997378121
0	0	0	0	0	0	0	0	0	0	0	0	0	0	0	0	0	0	0	0	0	0	0	0	0	0	0	0	0	0	0	0	0	0	0	0	0	0	0	0	0	0	0	0	0	0	0	0	0	0	0	0	0	0	0	0	0	0	0	0	0	0	0	0	0	0	0	0	0	0	0	0	0	0.632228820397128	0.824569049557214	0.536855403875381	0.527867133968832	0.888910568024026	0.558012567111381	0	0.853986095394035	0.999329908385832	0.80089736940301	0.562725768381358	0.840395620580808	0.643222903764302	0	0.758697973522202	0.640672279945681	0
0	0	0	0	0	0	0	0	0	0	0	0	0	0	0	0	0	0	0	0	0	0	0	0	0	0	0	0	0	0	0	0	0	0	0	0	0	0	0	0	0	0	0	0	0	0	0	0	0	0	0	0	0	0	0	0	0	0	0	0	0	0	0	0	0	0	0	0	0	0	0	0	0.723545407088941	0	0.73286227978143	0	0.552786570117512	0.995359353082065	0.607690070682861	0.96415014640653	0	0.678535461482666	0.85954006939231	0.671381390413855	0.768438492048367	0.965784232544711	0.538038257260266	0.874053049935289	0	0
0	0	0	0	0	0	0	0	0	0	0	0	0	0	0	0	0	0	0	0	0	0	0	0	0	0	0	0	0	0	0	0	0	0	0	0	0	0	0	0	0	0	0	0	0	0	0	0	0	0	0	0	0	0	0	0	0	0	0	0	0	0	0	0	0	0	0	0	0	0	0	0	0	0.67058654723352	0.812104824369493	0	0	0	0.810854291395759	0.881309176837595	0.662875650746354	0	0.601748293948909	0.525219137080681	0.845383731778563	0.991869179227782	0.823909293631164	0	0	0.635386087187167
0	0	0	0	0	0	0	0	0	0	0	0	0	0	0	0	0	0	0	0	0	0	0	0	0	0	0	0	0	0	0	0	0	0	0	0	0	0	0	0	0	0	0	0	0	0	0	0	0	0	0	0	0	0	0	0	0	0	0	0	0	0	0	0	0	0	0	0	0	0	0	0	0	0.990459202039235	0	0.880069371019704	0.575322615734757	0.532811120522948	0	0.938885521231296	0.845597697387035	0.870327566958116	0	0.691299751062675	0.691021290800038	0.614639590963268	0.628756133170099	0	0.773107925245072	0.602980533900106
0	0	0	0	0	0	0	0	0	0	0	0	0	0	0	0	0	0	0	0	0	0	0	0	0	0	0	0	0	0	0	0	0	0	0	0	0	0	0	0	0	0	0	0	0	0	0	0	0	0	0	0	0	0	0	0	0	0	0	0	0	0	0	0	0	0	0	0	0	0	0	0	0	0.616200110440279	0	0.849164586170688	0.582278369586737	0.957275579099193	0.595835501506363	0.963218528347084	0.833994739455635	0.956448891539831	0.921316615299329	0	0.616514689681967	0.663175326911312	0.51368954827063	0.936777137368978	0	0.665167785564488
0	0	0	0	0	0	0	0	0	0	0	0	0	0	0	0	0	0	0	0	0	0	0	0	0	0	0	0	0	0	0	0	0	0	0	0	0	0	0	0	0	0	0	0	0	0	0	0	0	0	0	0	0	0	0	0	0	0	0	0	0	0	0	0	0	0	0	0	0	0	0	0	0.946927803144763	0.636915122196687	0	0	0.764496029790522	0.675797169327776	0	0.910240006749903	0.939389208314122	0.686832497678552	0.864046030119356	0.862426754444909	0	0.938423408201277	0	0.740558200220922	0.638020655284088	0.790833073753399
0	0	0	0	0	0	0	0	0	0	0	0	0	0	0	0	0	0	0	0	0	0	0	0	0	0	0	0	0	0	0	0	0	0	0	0	0	0	0	0	0	0	0	0	0	0	0	0	0	0	0	0	0	0	0	0	0	0	0	0	0	0	0	0	0	0	0	0	0	0	0	0	0	0.719462106235306	0	0.767114425059599	0	0.947463833959114	0.564157214363986	0.563414237511952	0.593158744717684	0.678904418697335	0.940577026328161	0.967966380853432	0.633399513056708	0	0	0	0.91727958146483	0.97497383712229
0	0	0	0	0	0	0	0	0	0	0	0	0	0	0	0	0	0	0	0	0	0	0	0	0	0	0	0	0	0	0	0	0	0	0	0	0	0	0	0	0	0	0	0	0	0	0	0	0	0	0	0	0	0	0	0	0	0	0	0	0	0	0	0	0	0	0	0	0	0	0	0	0.751229276514086	0.578392098393522	0.611066650669533	0	0.580752092972745	0	0	0	0.777013788542903	0.836518355785545	0.736081382116195	0.660956075763311	0	0	0	0.788350345018076	0	0.562916783754115
0	0	0	0	0	0	0	0	0	0	0	0	0	0	0	0	0	0	0	0	0	0	0	0	0	0	0	0	0	0	0	0	0	0	0	0	0	0	0	0	0	0	0	0	0	0	0	0	0	0	0	0	0	0	0	0	0	0	0	0	0	0	0	0	0	0	0	0	0	0	0	0	0.578061503351811	0.645372264560156	0.928481330739682	0.959427776333619	0	0.854153724728939	0	0.572209946798684	0.574202095606031	0	0	0.676798950144653	0.99831559482467	0	0.830296444628656	0	0	0.781712696709803
0	0	0	0	0	0	0	0	0	0	0	0	0	0	0	0	0	0	0	0	0	0	0	0	0	0	0	0	0	0	0	0	0	0	0	0	0	0	0	0	0	0	0	0	0	0	0	0	0	0	0	0	0	0	0	0	0	0	0	0	0	0	0	0	0	0	0	0	0	0	0	0	0.739358583741368	0	0.895957558850677	0.775297055029356	0.974580520968037	0	0.694856351919999	0.724779580512791	0	0	0.702274401654627	0	0.820198189387706	0.657405060982761	0	0	0	0.954553378460681
0	0	0	0	0	0	0	0	0	0	0	0	0	0	0	0	0	0	0	0	0	0	0	0	0	0	0	0	0	0	0	0	0	0	0	0	0	0	0	0	0	0	0	0	0	0	0	0	0	0	0	0	0	0	0	0	0	0	0	0	0	0	0	0	0	0	0	0	0	0	0	0	0	0.692502599260294	0.823145132730384	0	0	0	0.926864393819451	0	0	0.500557906928726	0.676750482399292	0.879419462560615	0.53527046372719	0.604369918802695	0.607854300378091	0.715536625872166	0.785039111561822	0
