0	0	0.812619039210112	0.953321880504787	0.794980498982913	0.924191500144197	0.976818731350009	0.63756909875185	0.976384910913089	0	0.642614580302673	0.862202419162145	0.739070134771422	0	0	0.765717633858929	0.999873198020785	0.906675745527	0	0	0	0	0	0	0	0	0	0	0	0	0	0	0	0	0	0	0	0	0	0	0	0	0	0	0	0	0	0	0	0	0	0	0	0	0	0	0	0	0	0	0	0	0	0	0	0	0	0	0	0	0	0	0	0	0	0	0	0	0	0	0	0	0	0	0	0	0	0	0	0
0	0	0.727284724751603	0.623694921084366	0.712980134352531	0.85916908560448	0	0.755733160915653	0	0.828100534036202	0.873110950269483	0.697817195894161	0.86365808678368	0.537499809911976	0	0.927108444236755	0.602595747314855	0.942007578349352	0	0	0	0	0	0	0	0	0	0	0	0	0	0	0	0	0	0	0	0	0	0	0	0	0	0	0	0	0	0	0	0	0	0	0	0	0	0	0	0	0	0	0	0	0	0	0	0	0	0	0	0	0	0	0	0	0	0	0	0	0	0	0	0	0	0	0	0	0	0	0	0
0.984957948242746	0.623547576766785	0	0.927487515387039	0.936798827036542	0.904300374708583	0	0	0.774198878627425	0	0	0.897771298611111	0.591775590685913	0	0	0.695404985257974	0.693776547182673	0	0	0	0	0	0	0	0	0	0	0	0	0	0	0	0	0	0	0	0	0	0	0	0	0	0	0	0	0	0	0	0	0	0	0	0	0	0	0	0	0	0	0	0	0	0	0	0	0	0	0	0	0	0	0	0	0	0	0	0	0	0	0	0	0	0	0	0	0	0	0	0	0
0.709574035559194	0.804526211164532	0.654851542906586	0	0	0.911440265123373	0.54717506786856	0.797439829483703	0.835585450628113	0	0.855342544592922	0	0.904178705491208	0.6211722263568	0.942608536756969	0	0.865034793413622	0.956913542645291	0	0	0	0	0	0	0	0	0	0	0	0	0	0	0	0	0	0	0	0	0	0	0	0	0	0	0	0	0	0	0	0	0	0	0	0	0	0	0	0	0	0	0	0	0	0	0	0	0	0	0	0	0	0	0	0	0	0	0	0	0	0	0	0	0	0	0	0	0	0	0	0
0.732796421934741	0.862071647182823	0.98111703450835	0	0	0.633967869667348	0	0.823442141538836	0.54921558987783	0.658581792339593	0	0	0.504895144577758	0.577390207562966	0	0	0	0	0	0	0	0	0	0	0	0	0	0	0	0	0	0	0	0	0	0	0	0	0	0	0	0	0	0	0	0	0	0	0	0	0	0	0	0	0	0	0	0	0	0	0	0	0	0	0	0	0	0	0	0	0	0	0	0	0	0	0	0	0	0	0	0	0	0	0	0	0	0	0	0
0.740780534040337	0.704061876315101	0.754237924823682	0.94894167981941	0.878037355629083	0	0.617256902114349	0	0.939094726458903	0.691625057530055	0.627975814508944	0.640914336567375	0	0.622498358389988	0.502965060517001	0.647393244685678	0	0	0	0	0	0	0	0	0	0	0	0	0	0	0	0	0	0	0	0	0	0	0	0	0	0	0	0	0	0	0	0	0	0	0	0	0	0	0	0	0	0	0	0	0	0	0	0	0	0	0	0	0	0	0	0	0	0	0	0	0	0	0	0	0	0	0	0	0	0	0	0	0	0
0.537598827776788	0	0	0.584923834902258	0	0.603548346631089	0	0.812551305374951	0.864099673695786	0.895613105175195	0.732013048164521	0.654079291633107	0.839990976396738	0.664158186643614	0.53650481541628	0	0.609118770058227	0.573118050191924	0	0	0	0	0	0	0	0	0	0	0	0	0	0	0	0	0	0	0	0	0	0	0	0	0	0	0	0	0	0	0	0	0	0	0	0	0	0	0	0	0	0	0	0	0	0	0	0	0	0	0	0	0	0	0	0	0	0	0	0	0	0	0	0	0	0	0	0	0	0	0	0
0.691645082844613	0.90025623402331	0	0.753752681452557	0.717143899432052	0	0.669186912830944	0	0.87498246328569	0	0.7583395577264	0.84358457097882	0.778272772318158	0	0.724196981151558	0	0.536875989975508	0	0	0	0	0	0	0	0	0	0	0	0	0	0	0	0	0	0	0	0	0	0	0	0	0	0	0	0	0	0	0	0	0	0	0	0	0	0	0	0	0	0	0	0	0	0	0	0	0	0	0	0	0	0	0	0	0	0	0	0	0	0	0	0	0	0	0	0	0	0	0	0	0
0.907867528612598	0	0.90573589817076	0.772000271928418	0.743734000640027	0.884220297538368	0.984194402802279	0.965998911042376	0	0.657424320176689	0.680766375466264	0.714236895776702	0.948612067574865	0.584476285965404	0.561461176416731	0	0.856675007239445	0	0	0	0	0	0	0	0	0	0	0	0	0	0	0	0	0	0	0	0	0	0	0	0	0	0	0	0	0	0	0	0	0	0	0	0	0	0	0	0	0	0	0	0	0	0	0	0	0	0	0	0	0	0	0	0	0	0	0	0	0	0	0	0	0	0	0	0	0	0	0	0	0
0	0.560966627465587	0	0	0.618360716942841	0.79936121817499	0.613971202077594	0	0.785298539158505	0	0.615264793117364	0	0	0.606283564017839	0	0.95462153701284	0.971652952928454	0.719030122166811	0	0	0	0	0	0	0	0	0	0	0	0	0	0	0	0	0	0	0	0	0	0	0	0	0	0	0	0	0	0	0	0	0	0	0	0	0	0	0	0	0	0	0	0	0	0	0	0	0	0	0	0	0	0	0	0	0	0	0	0	0	0	0	0	0	0	0	0	0	0	0	0
0.786350405874023	0.836839179647513	0	0.835384539580749	0	0.579120820097881	0.986192786349676	0.665013035667492	0.752903866233909	0.94247462772288	0	0.707917601547482	0.627202902892811	0.99603648463521	0.595672189309195	0	0	0.6313493497267	0	0	0	0	0	0	0	0	0	0	0	0	0	0	0	0	0	0	0	0	0	0	0	0	0	0	0	0	0	0	0	0	0	0	0	0	0	0	0	0	0	0	0	0	0	0	0	0	0	0	0	0	0	0	0	0	0	0	0	0	0	0	0	0	0	0	0	0	0	0	0	0
0.787368400119963	0.721958052221368	0.578732258999959	0	0	0.774903014122407	0.92795920008332	0.941999994818923	0.967248414977624	0	0.522921381634844	0	0.766802850835588	0.589536950312927	0.687134218782723	0.566982992691666	0.851789510443412	0.812211047515021	0	0	0	0	0	0	0	0	0	0	0	0	0	0	0	0	0	0	0	0	0	0	0	0	0	0	0	0	0	0	0	0	0	0	0	0	0	0	0	0	0	0	0	0	0	0	0	0	0	0	0	0	0	0	0	0	0	0	0	0	0	0	0	0	0	0	0	0	0	0	0	0
0.770691453167611	0.857026898031639	0.831654572055316	0.524007123218983	0.785879677213835	0	0.792479496408762	0.894483308869698	0.95831017055549	0	0.515216189683544	0.790314976110457	0	0.674028488175476	0	0	0.559306033443966	0	0	0	0	0	0	0	0	0	0	0	0	0	0	0	0	0	0	0	0	0	0	0	0	0	0	0	0	0	0	0	0	0	0	0	0	0	0	0	0	0	0	0	0	0	0	0	0	0	0	0	0	0	0	0	0	0	0	0	0	0	0	0	0	0	0	0	0	0	0	0	0	0
0	0.961521321228497	0	0.542583199600272	0.731139413820985	0.726756107748059	0.825475764705237	0	0.944974394823663	0.739815985104674	0.607602555126028	0.657989005094028	0.78334959179382	0	0.66808652594775	0.673545772229668	0.82044461208528	0.79970025927297	0	0	0	0	0	0	0	0	0	0	0	0	0	0	0	0	0	0	0	0	0	0	0	0	0	0	0	0	0	0	0	0	0	0	0	0	0	0	0	0	0	0	0	0	0	0	0	0	0	0	0	0	0	0	0	0	0	0	0	0	0	0	0	0	0	0	0	0	0	0	0	0
0	0	0	0.788142033229748	0	0.777235931283152	0.868767030665745	0.937629002638004	0.620284357164719	0	0.510760866158439	0.843887237195505	0	0.584744292558601	0	0.648088099886358	0.784572362294177	0.54228830479816	0	0	0	0	0	0	0	0	0	0	0	0	0	0	0	0	0	0	0	0	0	0	0	0	0	0	0	0	0	0	0	0	0	0	0	0	0	0	0	0	0	0	0	0	0	0	0	0	0	0	0	0	0	0	0	0	0	0	0	0	0	0	0	0	0	0	0	0	0	0	0	0
0.818224474236418	0.853015755322498	0.825052101809836	0	0	0.594813634114147	0	0	0	0.817786219552868	0	0.885545535150291	0	0.504844744345636	0.808519476345608	0	0.77098336387491	0	0	0	0	0	0	0	0	0	0	0	0	0	0	0	0	0	0	0	0	0	0	0	0	0	0	0	0	0	0	0	0	0	0	0	0	0	0	0	0	0	0	0	0	0	0	0	0	0	0	0	0	0	0	0	0	0	0	0	0	0	0	0	0	0	0	0	0	0	0	0	0	0
0.543797557267023	0.914468251300633	0.624181029638977	0.673246426507918	0	0	0.761535743653082	0.660587886578749	0.570130777813776	0.557736497627799	0	0.568198344394401	0.643246559048224	0.73012988420004	0.640982080165354	0.789119079551878	0	0.762874252196745	0	0	0	0	0	0	0	0	0	0	0	0	0	0	0	0	0	0	0	0	0	0	0	0	0	0	0	0	0	0	0	0	0	0	0	0	0	0	0	0	0	0	0	0	0	0	0	0	0	0	0	0	0	0	0	0	0	0	0	0	0	0	0	0	0	0	0	0	0	0	0	0
0.849522909308801	0.96945629630543	0	0.906559277281471	0	0	0.527081078963804	0	0	0.582206888266749	0.771174082042257	0.531535203682189	0	0.769543529375839	0.836758781012599	0	0.742895518674549	0	0	0	0	0	0	0	0	0	0	0	0	0	0	0	0	0	0	0	0	0	0	0	0	0	0	0	0	0	0	0	0	0	0	0	0	0	0	0	0	0	0	0	0	0	0	0	0	0	0	0	0	0	0	0	0	0	0	0	0	0	0	0	0	0	0	0	0	0	0	0	0	0
0	0	0	0	0	0	0	0	0	0	0	0	0	0	0	0	0	0	0	0	0	0	0.754384999076374	0	0	0	0	0	0	0.586119862150674	0.548500396525099	0.827372226306857	0.79196355676432	0	0.580474440663639	0.584489027445853	0	0	0	0	0	0	0	0	0	0	0	0	0	0	0	0	0	0	0	0	0	0	0	0	0	0	0	0	0	0	0	0	0	0	0	0	0	0	0	0	0	0	0	0	0	0	0	0	0	0	0	0	0	0
0	0	0	0	0	0	0	0	0	0	0	0	0	0	0	0	0	0	0	0	0	0.700154473333256	0.680551168969755	0	0	0	0	0	0	0.895751330389483	0	0	0.987244512656763	0.638760136091166	0.747064779872882	0	0	0	0	0	0	0	0	0	0	0	0	0	0	0	0	0	0	0	0	0	0	0	0	0	0	0	0	0	0	0	0	0	0	0	0	0	0	0	0	0	0	0	0	0	0	0	0	0	0	0	0	0	0	0
0	0	0	0	0	0	0	0	0	0	0	0	0	0	0	0	0	0	0	0	0	0.832744454858069	0	0	0	0	0.616682801024065	0.974449117084853	0.7167616865511	0	0	0.896107293433069	0.650568679272603	0.757541659382913	0	0.744903344954235	0	0	0	0	0	0	0	0	0	0	0	0	0	0	0	0	0	0	0	0	0	0	0	0	0	0	0	0	0	0	0	0	0	0	0	0	0	0	0	0	0	0	0	0	0	0	0	0	0	0	0	0	0	0
0	0	0	0	0	0	0	0	0	0	0	0	0	0	0	0	0	0	0	0.548833887052141	0.656814899845097	0	0.709243443988082	0	0.815818379824074	0	0	0	0	0.807001166076659	0.527042114574712	0	0	0.646595693655012	0	0	0	0	0	0	0	0	0	0	0	0	0	0	0	0	0	0	0	0	0	0	0	0	0	0	0	0	0	0	0	0	0	0	0	0	0	0	0	0	0	0	0	0	0	0	0	0	0	0	0	0	0	0	0	0
0	0	0	0	0	0	0	0	0	0	0	0	0	0	0	0	0	0	0.807102008209501	0.506508270170866	0	0.896061473212489	0	0	0.54085409634817	0	0	0	0.971604484546791	0.5081433086592	0	0	0	0	0.783757971010751	0.865595638104003	0	0	0	0	0	0	0	0	0	0	0	0	0	0	0	0	0	0	0	0	0	0	0	0	0	0	0	0	0	0	0	0	0	0	0	0	0	0	0	0	0	0	0	0	0	0	0	0	0	0	0	0	0	0
0	0	0	0	0	0	0	0	0	0	0	0	0	0	0	0	0	0	0	0	0	0	0	0	0	0.629412594029395	0.519880133307387	0.712055489556888	0	0	0	0	0	0	0	0.967613292761793	0	0	0	0	0	0	0	0	0	0	0	0	0	0	0	0	0	0	0	0	0	0	0	0	0	0	0	0	0	0	0	0	0	0	0	0	0	0	0	0	0	0	0	0	0	0	0	0	0	0	0	0	0	0
0	0	0	0	0	0	0	0	0	0	0	0	0	0	0	0	0	0	0	0	0	0.534427950986265	0.508740552217861	0	0	0	0.75893329425095	0.806716530881773	0	0	0	0.749726523639674	0	0	0	0.711099523512136	0	0	0	0	0	0	0	0	0	0	0	0	0	0	0	0	0	0	0	0	0	0	0	0	0	0	0	0	0	0	0	0	0	0	0	0	0	0	0	0	0	0	0	0	0	0	0	0	0	0	0	0	0	0
0	0	0	0	0	0	0	0	0	0	0	0	0	0	0	0	0	0	0	0	0	0	0	0.873813839025636	0	0	0.537722766182788	0.838965347730747	0.580799425262539	0.756161870036702	0	0	0	0	0	0	0	0	0	0	0	0	0	0	0	0	0	0	0	0	0	0	0	0	0	0	0	0	0	0	0	0	0	0	0	0	0	0	0	0	0	0	0	0	0	0	0	0	0	0	0	0	0	0	0	0	0	0	0	0
0	0	0	0	0	0	0	0	0	0	0	0	0	0	0	0	0	0	0	0	0.522653266030137	0	0	0.680785931881364	0.710762047497558	0.686796899841057	0	0.817793154368596	0.520670644162169	0.753735767745624	0.781189544436568	0	0	0	0	0.503595743615757	0	0	0	0	0	0	0	0	0	0	0	0	0	0	0	0	0	0	0	0	0	0	0	0	0	0	0	0	0	0	0	0	0	0	0	0	0	0	0	0	0	0	0	0	0	0	0	0	0	0	0	0	0	0
0	0	0	0	0	0	0	0	0	0	0	0	0	0	0	0	0	0	0	0	0.552002280801684	0	0	0.60816440894063	0.762699312179285	0.821264236693353	0.772901100193522	0	0.507928463133422	0.519001668137449	0.914447222647464	0.800189984405843	0	0	0	0.705299188915475	0	0	0	0	0	0	0	0	0	0	0	0	0	0	0	0	0	0	0	0	0	0	0	0	0	0	0	0	0	0	0	0	0	0	0	0	0	0	0	0	0	0	0	0	0	0	0	0	0	0	0	0	0	0
0	0	0	0	0	0	0	0	0	0	0	0	0	0	0	0	0	0	0	0	0.94355406389054	0	0.799503880970387	0	0	0.826202453167171	0.720333785505789	0.789748609097506	0	0	0.781235088610908	0.965336811702028	0.703768005623864	0	0	0	0	0	0	0	0	0	0	0	0	0	0	0	0	0	0	0	0	0	0	0	0	0	0	0	0	0	0	0	0	0	0	0	0	0	0	0	0	0	0	0	0	0	0	0	0	0	0	0	0	0	0	0	0	0
0	0	0	0	0	0	0	0	0	0	0	0	0	0	0	0	0	0	0.790355472167359	0.686206267298013	0	0.990077830593487	0.584337696360557	0	0	0.809981384740501	0.630375163616347	0.827553623646938	0	0	0.995579183420759	0	0.544883831687638	0.854967901158251	0	0	0	0	0	0	0	0	0	0	0	0	0	0	0	0	0	0	0	0	0	0	0	0	0	0	0	0	0	0	0	0	0	0	0	0	0	0	0	0	0	0	0	0	0	0	0	0	0	0	0	0	0	0	0	0
0	0	0	0	0	0	0	0	0	0	0	0	0	0	0	0	0	0	0.797933446080893	0	0	0.723149842015823	0	0	0	0	0.594749697186878	0.946144617630167	0.898513610851542	0.618811927652317	0	0.791666603300649	0.967648568737278	0.568931588939625	0.578645948166354	0	0	0	0	0	0	0	0	0	0	0	0	0	0	0	0	0	0	0	0	0	0	0	0	0	0	0	0	0	0	0	0	0	0	0	0	0	0	0	0	0	0	0	0	0	0	0	0	0	0	0	0	0	0	0
0	0	0	0	0	0	0	0	0	0	0	0	0	0	0	0	0	0	0.565440069022766	0	0.59993187754857	0	0	0	0.684147404266932	0	0	0.762710208977514	0.518755716006274	0	0.706132645435189	0	0.704291841320935	0.920041491875831	0.578494067265915	0.661598296461265	0	0	0	0	0	0	0	0	0	0	0	0	0	0	0	0	0	0	0	0	0	0	0	0	0	0	0	0	0	0	0	0	0	0	0	0	0	0	0	0	0	0	0	0	0	0	0	0	0	0	0	0	0	0
0	0	0	0	0	0	0	0	0	0	0	0	0	0	0	0	0	0	0.900467842037012	0.946093686488488	0.847813883085836	0	0	0	0	0	0	0	0.780281423751843	0.883136633922484	0.906819946912501	0.889691278670113	0	0.996247537981157	0	0.905483286418394	0	0	0	0	0	0	0	0	0	0	0	0	0	0	0	0	0	0	0	0	0	0	0	0	0	0	0	0	0	0	0	0	0	0	0	0	0	0	0	0	0	0	0	0	0	0	0	0	0	0	0	0	0	0
0	0	0	0	0	0	0	0	0	0	0	0	0	0	0	0	0	0	0	0.749690997810464	0.608212059303533	0.81751421072938	0	0	0	0	0	0	0	0.96896979364297	0.888660877610807	0.699015749692308	0.502661998174685	0	0.827882368531652	0.842169824496551	0	0	0	0	0	0	0	0	0	0	0	0	0	0	0	0	0	0	0	0	0	0	0	0	0	0	0	0	0	0	0	0	0	0	0	0	0	0	0	0	0	0	0	0	0	0	0	0	0	0	0	0	0	0
0	0	0	0	0	0	0	0	0	0	0	0	0	0	0	0	0	0	0.8654209083519	0.845179397937882	0	0	0.989029921427463	0	0	0	0	0	0	0	0.609283013639862	0.875720167924662	0	0.99327331431252	0	0.504572617694631	0	0	0	0	0	0	0	0	0	0	0	0	0	0	0	0	0	0	0	0	0	0	0	0	0	0	0	0	0	0	0	0	0	0	0	0	0	0	0	0	0	0	0	0	0	0	0	0	0	0	0	0	0	0
0	0	0	0	0	0	0	0	0	0	0	0	0	0	0	0	0	0	0.854109038063591	0	0.795520787877619	0	0.862075261838603	0.646664268174663	0.788075074899866	0	0.91772639862271	0.732162981535584	0	0	0	0.690018520441321	0.802042110027139	0.96775950562022	0.731097373244688	0	0	0	0	0	0	0	0	0	0	0	0	0	0	0	0	0	0	0	0	0	0	0	0	0	0	0	0	0	0	0	0	0	0	0	0	0	0	0	0	0	0	0	0	0	0	0	0	0	0	0	0	0	0	0
0	0	0	0	0	0	0	0	0	0	0	0	0	0	0	0	0	0	0	0	0	0	0	0	0	0	0	0	0	0	0	0	0	0	0	0	0	0.993789698064606	0.908080906803104	0.629030903024266	0	0	0	0	0	0	0	0	0	0	0	0	0.871645068516254	0.767371122331903	0	0	0	0	0	0	0	0	0	0	0	0	0	0	0	0	0	0	0	0	0	0	0	0	0	0	0	0	0	0	0	0	0	0	0	0
0	0	0	0	0	0	0	0	0	0	0	0	0	0	0	0	0	0	0	0	0	0	0	0	0	0	0	0	0	0	0	0	0	0	0	0	0.812839334615764	0	0.565162545785177	0.509773226621613	0.802963847445931	0	0	0	0	0	0.692721015455875	0.670019455781525	0	0	0	0	0.816132206055731	0.995690420632347	0	0	0	0	0	0	0	0	0	0	0	0	0	0	0	0	0	0	0	0	0	0	0	0	0	0	0	0	0	0	0	0	0	0	0	0
0	0	0	0	0	0	0	0	0	0	0	0	0	0	0	0	0	0	0	0	0	0	0	0	0	0	0	0	0	0	0	0	0	0	0	0	0.795653919165882	0.616242546824341	0	0.502940184482835	0	0.542846873366542	0	0.754678567658182	0	0	0	0	0	0	0	0	0	0.631813128348916	0	0	0	0	0	0	0	0	0	0	0	0	0	0	0	0	0	0	0	0	0	0	0	0	0	0	0	0	0	0	0	0	0	0	0	0
0	0	0	0	0	0	0	0	0	0	0	0	0	0	0	0	0	0	0	0	0	0	0	0	0	0	0	0	0	0	0	0	0	0	0	0	0.848590182608008	0.644482123409335	0.928334254681201	0	0.999285976747503	0.505377508481193	0.667896877693151	0.898011233187524	0	0	0	0	0	0	0	0	0	0	0	0	0	0	0	0	0	0	0	0	0	0	0	0	0	0	0	0	0	0	0	0	0	0	0	0	0	0	0	0	0	0	0	0	0	0
0	0	0	0	0	0	0	0	0	0	0	0	0	0	0	0	0	0	0	0	0	0	0	0	0	0	0	0	0	0	0	0	0	0	0	0	0	0.730517083313975	0	0.604765694092259	0	0.687108597020486	0.748700290246525	0.738742183210369	0	0	0	0	0.655672166807869	0	0	0.720973406260089	0	0	0	0	0	0	0	0	0	0	0	0	0	0	0	0	0	0	0	0	0	0	0	0	0	0	0	0	0	0	0	0	0	0	0	0	0	0
0	0	0	0	0	0	0	0	0	0	0	0	0	0	0	0	0	0	0	0	0	0	0	0	0	0	0	0	0	0	0	0	0	0	0	0	0	0	0.810821381591837	0.741863749260654	0.91381562269821	0	0.806143213386768	0.785889886272051	0.597050093833952	0	0	0	0	0	0	0	0	0	0	0	0	0	0	0	0	0	0	0	0	0	0	0	0	0	0	0	0	0	0	0	0	0	0	0	0	0	0	0	0	0	0	0	0	0
0	0	0	0	0	0	0	0	0	0	0	0	0	0	0	0	0	0	0	0	0	0	0	0	0	0	0	0	0	0	0	0	0	0	0	0	0	0	0	0.745672881942204	0.764264845263026	0.80091881992701	0	0.707392125803173	0.548830290355323	0.868892391745022	0	0	0	0	0	0	0	0	0	0	0	0	0	0	0	0	0	0	0	0	0	0	0	0	0	0	0	0	0	0	0	0	0	0	0	0	0	0	0	0	0	0	0	0
0	0	0	0	0	0	0	0	0	0	0	0	0	0	0	0	0	0	0	0	0	0	0	0	0	0	0	0	0	0	0	0	0	0	0	0	0	0	0.838296271818023	0.515270203249331	0.631386924118672	0.807054214179863	0.86279369045121	0	0.509461409915164	0.909881287541354	0	0	0	0	0	0	0	0	0	0	0	0	0	0	0	0	0	0	0	0	0	0	0	0	0	0	0	0	0	0	0	0	0	0	0	0	0	0	0	0	0	0	0	0
0	0	0	0	0	0	0	0	0	0	0	0	0	0	0	0	0	0	0	0	0	0	0	0	0	0	0	0	0	0	0	0	0	0	0	0	0	0	0	0	0	0.999682317272426	0.848295912096006	0.851484232034999	0	0.74032566161856	0.800570293758973	0.725141432872046	0	0	0	0	0	0	0	0	0	0	0	0	0	0	0	0	0	0	0	0	0	0	0	0	0	0	0	0	0	0	0	0	0	0	0	0	0	0	0	0	0	0
0	0	0	0	0	0	0	0	0	0	0	0	0	0	0	0	0	0	0	0	0	0	0	0	0	0	0	0	0	0	0	0	0	0	0	0	0	0	0	0	0	0	0.971737727381152	0.669344710992117	0.826084066866689	0	0.840612018480247	0.5853606783598	0.610432252785275	0	0	0	0	0	0	0	0	0	0	0	0	0	0	0	0	0	0	0	0	0	0	0	0	0	0	0	0	0	0	0	0	0	0	0	0	0	0	0	0	0
0	0	0	0	0	0	0	0	0	0	0	0	0	0	0	0	0	0	0	0	0	0	0	0	0	0	0	0	0	0	0	0	0	0	0	0	0	0.831736088305892	0	0	0	0	0	0	0.843201101448084	0.703530813224547	0	0.768766796815007	0.674853217852464	0	0	0	0	0	0	0	0	0	0	0	0	0	0	0	0	0	0	0	0	0	0	0	0	0	0	0	0	0	0	0	0	0	0	0	0	0	0	0	0	0
0	0	0	0	0	0	0	0	0	0	0	0	0	0	0	0	0	0	0	0	0	0	0	0	0	0	0	0	0	0	0	0	0	0	0	0	0	0.897082040868087	0	0	0	0	0	0	0.749886621875967	0.589436444397081	0.76966371723277	0	0.789868033577482	0.871800886879344	0	0	0	0	0	0	0	0	0	0	0	0	0	0	0	0	0	0	0	0	0	0	0	0	0	0	0	0	0	0	0	0	0	0	0	0	0	0	0	0
0	0	0	0	0	0	0	0	0	0	0	0	0	0	0	0	0	0	0	0	0	0	0	0	0	0	0	0	0	0	0	0	0	0	0	0	0	0	0	0	0.794806932286898	0	0	0	0	0.760766116668898	0.93329897780766	0.757904953639498	0	0.9000984116112	0.505711242863181	0	0	0	0	0	0	0	0	0	0	0	0	0	0	0	0	0	0	0	0	0	0	0	0	0	0	0	0	0	0	0	0	0	0	0	0	0	0	0
0	0	0	0	0	0	0	0	0	0	0	0	0	0	0	0	0	0	0	0	0	0	0	0	0	0	0	0	0	0	0	0	0	0	0	0	0	0	0	0	0	0	0	0	0	0	0	0.941984756649617	0.757636989148323	0	0.677441452722437	0.681745581694847	0.875364111646681	0	0	0	0	0	0	0	0	0	0	0	0	0	0	0	0	0	0	0	0	0	0	0	0	0	0	0	0	0	0	0	0	0	0	0	0	0
0	0	0	0	0	0	0	0	0	0	0	0	0	0	0	0	0	0	0	0	0	0	0	0	0	0	0	0	0	0	0	0	0	0	0	0	0	0	0	0	0	0	0	0	0	0	0	0	0.938462147185047	0.709353522572745	0	0.922881342214374	0.720928644022955	0.867393496105298	0	0	0	0	0	0	0	0	0	0	0	0	0	0	0	0	0	0	0	0	0	0	0	0	0	0	0	0	0	0	0	0	0	0	0	0
0	0	0	0	0	0	0	0	0	0	0	0	0	0	0	0	0	0	0	0	0	0	0	0	0	0	0	0	0	0	0	0	0	0	0	0	0	0	0	0	0.539017550246287	0	0	0	0	0	0	0	0	0.550613273270287	0.930128731726966	0	0.930847393917219	0.740591657182182	0	0	0	0	0	0	0	0	0	0	0	0	0	0	0	0	0	0	0	0	0	0	0	0	0	0	0	0	0	0	0	0	0	0	0	0
0	0	0	0	0	0	0	0	0	0	0	0	0	0	0	0	0	0	0	0	0	0	0	0	0	0	0	0	0	0	0	0	0	0	0	0	0.974094132998905	0.559173603225566	0	0	0	0	0	0	0	0	0	0	0	0.818548652185575	0.512263837987987	0.502354677213126	0	0.506288468529676	0	0	0	0	0	0	0	0	0	0	0	0	0	0	0	0	0	0	0	0	0	0	0	0	0	0	0	0	0	0	0	0	0	0	0	0
0	0	0	0	0	0	0	0	0	0	0	0	0	0	0	0	0	0	0	0	0	0	0	0	0	0	0	0	0	0	0	0	0	0	0	0	0.612488740600253	0.682206587045032	0.93402411938854	0	0	0	0	0	0	0	0	0	0	0	0.730490649911674	0.714613750377413	0.585217438885014	0	0	0	0	0	0	0	0	0	0	0	0	0	0	0	0	0	0	0	0	0	0	0	0	0	0	0	0	0	0	0	0	0	0	0	0	0
0	0	0	0	0	0	0	0	0	0	0	0	0	0	0	0	0	0	0	0	0	0	0	0	0	0	0	0	0	0	0	0	0	0	0	0	0	0	0	0	0	0	0	0	0	0	0	0	0	0	0	0	0	0	0	0	0.842611535408987	0.881667225780729	0.918898918574033	0.935562711293933	0	0	0	0	0	0.881210151667626	0.792870172517246	0.772093225335297	0	0.881070929759572	0.755620451276511	0.992090264419575	0	0	0	0	0	0	0	0	0	0	0	0	0	0	0	0	0	0
0	0	0	0	0	0	0	0	0	0	0	0	0	0	0	0	0	0	0	0	0	0	0	0	0	0	0	0	0	0	0	0	0	0	0	0	0	0	0	0	0	0	0	0	0	0	0	0	0	0	0	0	0	0	0	0	0.970803950992669	0.6911304684386	0.854482073171146	0.797010266235676	0.969109109893264	0	0	0	0	0	0	0	0.608827058479923	0.69533160347691	0.588010076197516	0.647473513229801	0	0	0	0	0	0	0	0	0	0	0	0	0	0	0	0	0	0
0	0	0	0	0	0	0	0	0	0	0	0	0	0	0	0	0	0	0	0	0	0	0	0	0	0	0	0	0	0	0	0	0	0	0	0	0	0	0	0	0	0	0	0	0	0	0	0	0	0	0	0	0	0	0.896670598682384	0.669084090041014	0	0.796719139380387	0.908335221581796	0.927263741113178	0.67227300907851	0.85741194888247	0	0	0	0	0	0	0.974832448921917	0.540138058920339	0.727040181139378	0.774586122919329	0	0	0	0	0	0	0	0	0	0	0	0	0	0	0	0	0	0
0	0	0	0	0	0	0	0	0	0	0	0	0	0	0	0	0	0	0	0	0	0	0	0	0	0	0	0	0	0	0	0	0	0	0	0	0	0	0	0	0	0	0	0	0	0	0	0	0	0	0	0	0	0	0.665760621971441	0.76290351588778	0.607442075810478	0	0.726080612979122	0	0	0.987091019511607	0.734891864158937	0	0.53056301717391	0.728287069480921	0	0	0.503738847078298	0.968928820437085	0	0.780491570487412	0	0	0	0	0	0	0	0	0	0	0	0	0	0	0	0	0	0
0	0	0	0	0	0	0	0	0	0	0	0	0	0	0	0	0	0	0	0	0	0	0	0	0	0	0	0	0	0	0	0	0	0	0	0	0	0	0	0	0	0	0	0	0	0	0	0	0	0	0	0	0	0	0.60175785270802	0.557289397662007	0.659597136898106	0.92177447291716	0	0.798908149374244	0.547497368522036	0.90044632078099	0.97000734637695	0	0	0	0	0.6817563573889	0.92816001265293	0	0.53888478388389	0.936142852213364	0	0	0	0	0	0	0	0	0	0	0	0	0	0	0	0	0	0
0	0	0	0	0	0	0	0	0	0	0	0	0	0	0	0	0	0	0	0	0	0	0	0	0	0	0	0	0	0	0	0	0	0	0	0	0	0	0	0	0	0	0	0	0	0	0	0	0	0	0	0	0	0	0.890926843206987	0.965302830197069	0.841252062860768	0	0.833278447599686	0	0.596787897352662	0	0.909281488675294	0.687494436904006	0.708876218930068	0	0	0	0	0.673378031181572	0	0	0	0	0	0	0	0	0	0	0	0	0	0	0	0	0	0	0	0
0	0	0	0	0	0	0	0	0	0	0	0	0	0	0	0	0	0	0	0	0	0	0	0	0	0	0	0	0	0	0	0	0	0	0	0	0	0	0	0	0	0	0	0	0	0	0	0	0	0	0	0	0	0	0	0.612445668583371	0.954518451531108	0	0.619438832814405	0.662668166261793	0	0.797868004917482	0.551553943138698	0.870245764019565	0.607582880160975	0.577565709969245	0	0.973980979153406	0	0	0	0	0	0	0	0	0	0	0	0	0	0	0	0	0	0	0	0	0	0
0	0	0	0	0	0	0	0	0	0	0	0	0	0	0	0	0	0	0	0	0	0	0	0	0	0	0	0	0	0	0	0	0	0	0	0	0	0	0	0	0	0	0	0	0	0	0	0	0	0	0	0	0	0	0	0	0.611806825491284	0.513403753548975	0.998334911670055	0	0.99833800796241	0	0.945092611714329	0.714992332172685	0	0.977819354268842	0.626332317602356	0	0	0	0	0.990625240747735	0	0	0	0	0	0	0	0	0	0	0	0	0	0	0	0	0	0
0	0	0	0	0	0	0	0	0	0	0	0	0	0	0	0	0	0	0	0	0	0	0	0	0	0	0	0	0	0	0	0	0	0	0	0	0	0	0	0	0	0	0	0	0	0	0	0	0	0	0	0	0	0	0	0	0	0.621548472254217	0.912960670958967	0.957413155056117	0.611401546195025	0.98200970768001	0	0	0.819786645960006	0.650731847577572	0.790540691963118	0.965806499453414	0	0.515177756297372	0	0	0	0	0	0	0	0	0	0	0	0	0	0	0	0	0	0	0	0
0	0	0	0	0	0	0	0	0	0	0	0	0	0	0	0	0	0	0	0	0	0	0	0	0	0	0	0	0	0	0	0	0	0	0	0	0	0	0	0	0	0	0	0	0	0	0	0	0	0	0	0	0	0	0	0	0	0	0	0.630840842984588	0.680096666221799	0.550181283380542	0	0	0.779628876390471	0.93121059676017	0.623288871612203	0.629812410684514	0.70794081438158	0	0.695927760559126	0	0	0	0	0	0	0	0	0	0	0	0	0	0	0	0	0	0	0
0	0	0	0	0	0	0	0	0	0	0	0	0	0	0	0	0	0	0	0	0	0	0	0	0	0	0	0	0	0	0	0	0	0	0	0	0	0	0	0	0	0	0	0	0	0	0	0	0	0	0	0	0	0	0	0	0	0.905034679001961	0	0.943126368411943	0.839295196864752	0	0.656946079275345	0.573533159835302	0	0.780984540315023	0.968747162016553	0	0.766397149724885	0.995625899261138	0.590429720944805	0	0	0	0	0	0	0	0	0	0	0	0	0	0	0	0	0	0	0
0	0	0	0	0	0	0	0	0	0	0	0	0	0	0	0	0	0	0	0	0	0	0	0	0	0	0	0	0	0	0	0	0	0	0	0	0	0	0	0	0	0	0	0	0	0	0	0	0	0	0	0	0	0	0.659750730093351	0	0	0.85664502373724	0	0	0.776340551938041	0.610164964431021	0.899244132616682	0.54551969460273	0.52778300438591	0	0.730997411756332	0.966575253988305	0.626552933476542	0.768258915977312	0.967483283519077	0	0	0	0	0	0	0	0	0	0	0	0	0	0	0	0	0	0	0
0	0	0	0	0	0	0	0	0	0	0	0	0	0	0	0	0	0	0	0	0	0	0	0	0	0	0	0	0	0	0	0	0	0	0	0	0	0	0	0	0	0	0	0	0	0	0	0	0	0	0	0	0	0	0.500700062365599	0	0	0	0	0	0	0.550843933315377	0.777646031911849	0.896956492834919	0.909495227224645	0.725587530433975	0	0.682610753413056	0.808450272488265	0	0.731663916523447	0.525380074236683	0	0	0	0	0	0	0	0	0	0	0	0	0	0	0	0	0	0
0	0	0	0	0	0	0	0	0	0	0	0	0	0	0	0	0	0	0	0	0	0	0	0	0	0	0	0	0	0	0	0	0	0	0	0	0	0	0	0	0	0	0	0	0	0	0	0	0	0	0	0	0	0	0.779073793308766	0	0	0	0.7768620401881	0	0.805136987250261	0	0.642761631310642	0.560179899395923	0	0.955405065615482	0.749900970828456	0	0.527200546100829	0	0.860873772435041	0	0	0	0	0	0	0	0	0	0	0	0	0	0	0	0	0	0	0
0	0	0	0	0	0	0	0	0	0	0	0	0	0	0	0	0	0	0	0	0	0	0	0	0	0	0	0	0	0	0	0	0	0	0	0	0	0	0	0	0	0	0	0	0	0	0	0	0	0	0	0	0	0	0	0.809742975957753	0.624568820432661	0.525037057352383	0.515259469417121	0	0	0	0	0.517969192244734	0.734694661446181	0.664970494425928	0.725362844980486	0.536889735640792	0	0	0.860777896953232	0	0	0	0	0	0	0	0	0	0	0	0	0	0	0	0	0	0	0
0	0	0	0	0	0	0	0	0	0	0	0	0	0	0	0	0	0	0	0	0	0	0	0	0	0	0	0	0	0	0	0	0	0	0	0	0	0	0	0	0	0	0	0	0	0	0	0	0	0	0	0	0	0	0.977683739376461	0.561948685396278	0.576123804777508	0.954327189257457	0	0.969897676417927	0	0	0.882321248999953	0	0.74806822165723	0.869960753448517	0	0	0	0	0.684147320915277	0	0	0	0	0	0	0	0	0	0	0	0	0	0	0	0	0	0	0
0	0	0	0	0	0	0	0	0	0	0	0	0	0	0	0	0	0	0	0	0	0	0	0	0	0	0	0	0	0	0	0	0	0	0	0	0	0	0	0	0	0	0	0	0	0	0	0	0	0	0	0	0	0	0.596129044001068	0.513923345209741	0.947328975661559	0	0.593889012596282	0	0	0	0	0.929802431148622	0.627548733422651	0.875924189734861	0.988977770911986	0.641338895287835	0.68629317205401	0.78645985324241	0	0.585273947199758	0	0	0	0	0	0	0	0	0	0	0	0	0	0	0	0	0	0
0	0	0	0	0	0	0	0	0	0	0	0	0	0	0	0	0	0	0	0	0	0	0	0	0	0	0	0	0	0	0	0	0	0	0	0	0	0	0	0	0	0	0	0	0	0	0	0	0	0	0	0	0	0	0.777797272663692	0.801337672676212	0.819967655843931	0.942202350499394	0.59040011301207	0	0	0.510864297464276	0	0	0	0	0.573218144427564	0	0	0	0.818914273896312	0	0	0	0	0	0	0	0	0	0	0	0	0	0	0	0	0	0	0
0	0	0	0	0	0	0	0	0	0	0	0	0	0	0	0	0	0	0	0	0	0	0	0	0	0	0	0	0	0	0	0	0	0	0	0	0	0	0	0	0	0	0	0	0	0	0	0	0	0	0	0	0	0	0	0	0	0	0	0	0	0	0	0	0	0	0	0	0	0	0	0	0	0.988907442588784	0.627620969199364	0.977837259759678	0.63259995704017	0.615983479029764	0.778289952966458	0.795852741558677	0	0	0	0.966806705375696	0.638999808625082	0.877254756414078	0.840604276927163	0.818558116700677	0.550371594183945	0.599460844970684
0	0	0	0	0	0	0	0	0	0	0	0	0	0	0	0	0	0	0	0	0	0	0	0	0	0	0	0	0	0	0	0	0	0	0	0	0	0	0	0	0	0	0	0	0	0	0	0	0	0	0	0	0	0	0	0	0	0	0	0	0	0	0	0	0	0	0	0	0	0	0	0	0.6305659459355	0	0.752230096345081	0.508202462431067	0.552139918520615	0.839449239751743	0.903916112027506	0.536121282485705	0.5122753807293	0	0	0	0.876206931448719	0.679763048547846	0.761345751144783	0.745284962778764	0.676498179489392	0.521350409924017
0	0	0	0	0	0	0	0	0	0	0	0	0	0	0	0	0	0	0	0	0	0	0	0	0	0	0	0	0	0	0	0	0	0	0	0	0	0	0	0	0	0	0	0	0	0	0	0	0	0	0	0	0	0	0	0	0	0	0	0	0	0	0	0	0	0	0	0	0	0	0	0	0.739514022325292	0.86646019531164	0	0.656742086547673	0.557408924860553	0.984336729850091	0.509235738630841	0.643562875460732	0.689637770105103	0.534143987546521	0	0	0	0.750616795403638	0.883454231247914	0.587383220484471	0.890500910487809	0.983373004551382
0	0	0	0	0	0	0	0	0	0	0	0	0	0	0	0	0	0	0	0	0	0	0	0	0	0	0	0	0	0	0	0	0	0	0	0	0	0	0	0	0	0	0	0	0	0	0	0	0	0	0	0	0	0	0	0	0	0	0	0	0	0	0	0	0	0	0	0	0	0	0	0	0.593283588922765	0.856931561400932	0.800336319172913	0	0.957926917129277	0.991837353081848	0.978971684815054	0.6902795916	0.598822046603656	0.912512088907031	0.50250033701408	0	0	0	0.988518082970005	0.73871481446026	0.638363305896613	0.638382850349421
0	0	0	0	0	0	0	0	0	0	0	0	0	0	0	0	0	0	0	0	0	0	0	0	0	0	0	0	0	0	0	0	0	0	0	0	0	0	0	0	0	0	0	0	0	0	0	0	0	0	0	0	0	0	0	0	0	0	0	0	0	0	0	0	0	0	0	0	0	0	0	0	0.694315192855258	0.507905702833562	0.904271479292317	0.723043894483151	0	0.827164522493245	0.761013594807927	0.6717127358648	0.544642294892524	0.517301040075548	0.753990546347357	0.805310799072725	0	0	0	0.696321050763482	0.760518388389641	0.503726484754175
0	0	0	0	0	0	0	0	0	0	0	0	0	0	0	0	0	0	0	0	0	0	0	0	0	0	0	0	0	0	0	0	0	0	0	0	0	0	0	0	0	0	0	0	0	0	0	0	0	0	0	0	0	0	0	0	0	0	0	0	0	0	0	0	0	0	0	0	0	0	0	0	0.590707157961019	0.714299199052918	0.830258331522466	0.791145918894499	0.940990063145443	0	0.963497137416766	0.762014017268676	0.972481462348432	0.609742179726164	0.643496967064471	0.757277403582348	0.692066294234796	0	0	0	0.656516224198976	0.834826372100739
0	0	0	0	0	0	0	0	0	0	0	0	0	0	0	0	0	0	0	0	0	0	0	0	0	0	0	0	0	0	0	0	0	0	0	0	0	0	0	0	0	0	0	0	0	0	0	0	0	0	0	0	0	0	0	0	0	0	0	0	0	0	0	0	0	0	0	0	0	0	0	0	0.710984870628376	0.765611750396967	0.518761986655202	0.79241016655413	0.753216534907267	0.707431447813931	0	0.856910456419085	0.698980200855273	0.734682958529977	0.650314989233712	0.579581254113318	0.766314052208706	0.749193321846633	0	0	0	0.591813986321917
0	0	0	0	0	0	0	0	0	0	0	0	0	0	0	0	0	0	0	0	0	0	0	0	0	0	0	0	0	0	0	0	0	0	0	0	0	0	0	0	0	0	0	0	0	0	0	0	0	0	0	0	0	0	0	0	0	0	0	0	0	0	0	0	0	0	0	0	0	0	0	0	0.907746821734678	0.928517360448163	0.741034084272998	0.72311028869951	0.747188728403418	0.820743170129539	0.900087861305346	0	0.628391416238084	0.680641651088219	0.650728275117493	0.579930210319856	0.728115310646148	0.520409881008155	0.644569957570158	0	0	0
0	0	0	0	0	0	0	0	0	0	0	0	0	0	0	0	0	0	0	0	0	0	0	0	0	0	0	0	0	0	0	0	0	0	0	0	0	0	0	0	0	0	0	0	0	0	0	0	0	0	0	0	0	0	0	0	0	0	0	0	0	0	0	0	0	0	0	0	0	0	0	0	0	0.573274764061627	0.782746125998718	0.767434753335832	0.721888016067759	0.852729693561059	0.66400002750189	0.949392336901537	0	0.811381106447353	0.891595960170497	0.833627293790935	0.569144718992755	0.848888534255479	0.923089454142122	0.754474769515405	0	0
0	0	0	0	0	0	0	0	0	0	0	0	0	0	0	0	0	0	0	0	0	0	0	0	0	0	0	0	0	0	0	0	0	0	0	0	0	0	0	0	0	0	0	0	0	0	0	0	0	0	0	0	0	0	0	0	0	0	0	0	0	0	0	0	0	0	0	0	0	0	0	0	0	0	0.990961126316723	0.813771454100016	0.931657564580286	0.602932293548154	0.967834212511503	0.852625955052756	0.759449450138639	0	0.725732203520571	0.927107844522483	0.757561132902154	0.922848329662161	0.973015687841909	0.856048233061023	0.711839920817229	0
0	0	0	0	0	0	0	0	0	0	0	0	0	0	0	0	0	0	0	0	0	0	0	0	0	0	0	0	0	0	0	0	0	0	0	0	0	0	0	0	0	0	0	0	0	0	0	0	0	0	0	0	0	0	0	0	0	0	0	0	0	0	0	0	0	0	0	0	0	0	0	0	0	0	0	0.562859866166095	0.556618265305497	0.718553521138776	0.885008089895705	0.580521216778587	0.714537596144735	0.978661330963601	0	0.851157715351747	0.518570179634732	0.938510423461216	0.68907702976498	0.961782975978959	0.709381055119954	0.677754946693559
0	0	0	0	0	0	0	0	0	0	0	0	0	0	0	0	0	0	0	0	0	0	0	0	0	0	0	0	0	0	0	0	0	0	0	0	0	0	0	0	0	0	0	0	0	0	0	0	0	0	0	0	0	0	0	0	0	0	0	0	0	0	0	0	0	0	0	0	0	0	0	0	0.745226600714756	0	0	0	0.92268501247895	0.692992556913217	0.854797337121732	0.903136719763248	0.655729282063701	0.820161039721748	0.874525269434442	0	0.751248273310124	0.777297660843558	0.60457040312607	0.948776531066796	0.560643407326141	0.958022635833494
0	0	0	0	0	0	0	0	0	0	0	0	0	0	0	0	0	0	0	0	0	0	0	0	0	0	0	0	0	0	0	0	0	0	0	0	0	0	0	0	0	0	0	0	0	0	0	0	0	0	0	0	0	0	0	0	0	0	0	0	0	0	0	0	0	0	0	0	0	0	0	0	0.803044092381884	0.685081440483284	0	0	0	0.5038756445227	0.995506714638756	0.522497801150225	0.868982447392388	0.575024153934246	0.51910916277231	0.951326193659026	0	0.699914717343039	0.747315208413985	0.63651558495837	0.893646521944594	0.868523393233253
0	0	0	0	0	0	0	0	0	0	0	0	0	0	0	0	0	0	0	0	0	0	0	0	0	0	0	0	0	0	0	0	0	0	0	0	0	0	0	0	0	0	0	0	0	0	0	0	0	0	0	0	0	0	0	0	0	0	0	0	0	0	0	0	0	0	0	0	0	0	0	0	0.779831803599492	0.775402680935004	0.948771974797495	0	0	0	0.797798988924478	0.842857650800281	0.581558126350494	0.825381345663146	0.57884992362133	0.814579537352578	0.643812055301627	0	0.785504040545743	0.83288746025557	0.929416407742647	0.5612241787584
0	0	0	0	0	0	0	0	0	0	0	0	0	0	0	0	0	0	0	0	0	0	0	0	0	0	0	0	0	0	0	0	0	0	0	0	0	0	0	0	0	0	0	0	0	0	0	0	0	0	0	0	0	0	0	0	0	0	0	0	0	0	0	0	0	0	0	0	0	0	0	0	0.818337310196453	0.548699469728018	0.547973093831146	0.997554318451481	0	0	0	0.713211177499074	0.953088890923412	0.582062695442176	0.732105424610011	0.657937289015046	0.997449221156248	0.998436402020553	0	0.653862170475669	0.778525423559443	0.855877742042437
0	0	0	0	0	0	0	0	0	0	0	0	0	0	0	0	0	0	0	0	0	0	0	0	0	0	0	0	0	0	0	0	0	0	0	0	0	0	0	0	0	0	0	0	0	0	0	0	0	0	0	0	0	0	0	0	0	0	0	0	0	0	0	0	0	0	0	0	0	0	0	0	0.511336025702245	0.82379763247095	0.508846663123703	0.749240537207779	0.532701885757883	0	0	0	0.871120254590494	0.676834011600108	0.514814237633623	0.725055284574839	0.849649289013763	0.742445368751601	0.853501095830333	0	0.698754695879072	0.946203187034622
0	0	0	0	0	0	0	0	0	0	0	0	0	0	0	0	0	0	0	0	0	0	0	0	0	0	0	0	0	0	0	0	0	0	0	0	0	0	0	0	0	0	0	0	0	0	0	0	0	0	0	0	0	0	0	0	0	0	0	0	0	0	0	0	0	0	0	0	0	0	0	0	0.733583750648031	0.502203497873635	0.92029003596723	0.971910441139164	0.598228791422977	0.907494176624273	0	0	0	0.622594875662706	0.632412041047922	0.558923402618926	0.665359469973119	0.675506125493319	0.602093953647349	0.503204150607992	0	0.502427481283564
0	0	0	0	0	0	0	0	0	0	0	0	0	0	0	0	0	0	0	0	0	0	0	0	0	0	0	0	0	0	0	0	0	0	0	0	0	0	0	0	0	0	0	0	0	0	0	0	0	0	0	0	0	0	0	0	0	0	0	0	0	0	0	0	0	0	0	0	0	0	0	0	0.648003089292876	0.95631873466583	0.858273989669469	0.687344773769398	0.632141185924484	0.764585061464987	0.899293294969898	0	0	0	0.668404812652818	0.861267766495275	0.510840638971099	0.913109757987929	0.634169664749536	0.726839705820386	0.51313561882037	0
