0	0	0.602654558045946	0.76859408319675	0.749928595327203	0.961890224767203	0.991563304609252	0.945728730610655	0	0.875300033067515	0	0	0	0.520425923814988	0	0.814651592796912	0	0	0	0	0	0	0.598953215790754	0.964636620367751	0	0.843385767845304	0	0	0.933897285674224	0	0	0	0	0	0	0	0	0	0	0	0	0	0	0	0	0	0	0	0	0	0	0	0	0	0	0	0	0	0	0	0	0	0	0	0	0	0	0	0	0	0	0	0	0	0	0	0	0	0	0	0	0	0	0	0	0	0	0	0	0
0	0	0	0.66453659772671	0.883279102295533	0.861994372139037	0.921973348360988	0	0	0	0	0.539386389451364	0	0.939125073604259	0	0	0	0	0	0	0	0	0	0	0	0	0	0	0	0.714226407273529	0	0	0	0	0	0	0	0	0	0	0	0	0	0	0	0	0	0	0	0	0	0	0	0	0	0	0	0	0	0	0	0	0	0	0	0	0	0	0	0	0	0	0	0	0	0	0	0	0	0	0	0	0	0	0	0	0	0	0	0
0.869560347692282	0	0	0	0	0	0.517216241034856	0.69993510985022	0.673715237009844	0	0.89751523156821	0.70311768654243	0	0.859334648676969	0	0	0	0	0	0	0	0	0	0.573805749264123	0	0	0	0.531623303617596	0	0	0	0	0	0	0	0	0	0	0	0	0	0	0	0	0	0	0	0	0	0	0	0	0	0	0	0	0	0	0	0	0	0	0	0	0	0	0	0	0	0	0	0	0	0	0	0	0	0	0	0	0	0	0	0	0	0	0	0	0	0
0.620582882611453	0.693546668910557	0	0	0	0	0	0	0.816168472204672	0.784752527310205	0	0	0.900506251750819	0	0	0	0	0	0	0	0.641337038507501	0.528333410707469	0	0	0	0.647378259622834	0.964095406371373	0	0.569413952054386	0.807338080745405	0	0	0	0	0	0	0	0	0	0	0	0	0	0	0	0	0	0	0	0	0	0	0	0	0	0	0	0	0	0	0	0	0	0	0	0	0	0	0	0	0	0	0	0	0	0	0	0	0	0	0	0	0	0	0	0	0	0	0	0
0.704949753869646	0.553857382641817	0	0	0	0	0	0	0.834954473243782	0.776722068723609	0	0.974897128524336	0.772944807202369	0	0	0	0	0	0	0.674109715080781	0.727802235767951	0	0.805336049035805	0	0	0	0	0.565301299631787	0	0	0	0	0	0	0	0	0	0	0	0	0	0	0	0	0	0	0	0	0	0	0	0	0	0	0	0	0	0	0	0	0	0	0	0	0	0	0	0	0	0	0	0	0	0	0	0	0	0	0	0	0	0	0	0	0	0	0	0	0	0
0.732762533556829	0.996873193214362	0	0	0	0	0	0	0.579522417061494	0	0.972697579097153	0	0	0	0	0.940835192424471	0.652501367504273	0	0	0	0	0.512569752660917	0	0	0	0.564491657756541	0.729214603421701	0	0	0.736608546403559	0	0	0	0	0	0	0	0	0	0	0	0	0	0	0	0	0	0	0	0	0	0	0	0	0	0	0	0	0	0	0	0	0	0	0	0	0	0	0	0	0	0	0	0	0	0	0	0	0	0	0	0	0	0	0	0	0	0	0	0
0.722716700074614	0.687174999927313	0.546241198977518	0	0	0	0	0.825886791272044	0.725381413640627	0.667056933962251	0	0	0	0.861154140696525	0.64192893976065	0.872168885379525	0	0	0.828446367736198	0	0	0.657412095953686	0	0	0	0	0	0.851802366285226	0.846693191861292	0	0	0	0	0	0	0	0	0	0	0	0	0	0	0	0	0	0	0	0	0	0	0	0	0	0	0	0	0	0	0	0	0	0	0	0	0	0	0	0	0	0	0	0	0	0	0	0	0	0	0	0	0	0	0	0	0	0	0	0	0
0.616524736157863	0	0.78362019695366	0	0	0	0.892808140905987	0	0.955742804481556	0	0.8688427739885	0.890325198686842	0	0	0.804925394373484	0.551378737774646	0.907258313714726	0.8176767193253	0	0.569281359944122	0	0	0	0	0	0	0	0.846038555381348	0	0	0	0	0	0	0	0	0	0	0	0	0	0	0	0	0	0	0	0	0	0	0	0	0	0	0	0	0	0	0	0	0	0	0	0	0	0	0	0	0	0	0	0	0	0	0	0	0	0	0	0	0	0	0	0	0	0	0	0	0	0
0	0	0.597968569818489	0.519680303118523	0.663124989993815	0.540968401198808	0.603266999888622	0.686877401506057	0	0	0.948989885103327	0	0	0	0	0	0	0	0	0.647470314570274	0	0	0	0	0	0.884210040380934	0.765115152505117	0	0.887613814322816	0	0	0	0	0	0	0	0	0	0	0	0	0	0	0	0	0	0	0	0	0	0	0	0	0	0	0	0	0	0	0	0	0	0	0	0	0	0	0	0	0	0	0	0	0	0	0	0	0	0	0	0	0	0	0	0	0	0	0	0	0
0.517052184356939	0	0	0.831965566489779	0.726295719914223	0	0.501597680108463	0	0	0	0.614692666808617	0	0	0	0.624923320188577	0	0	0.854182595966837	0.583717414816813	0.798658018882932	0.941018064966431	0	0	0	0	0	0	0	0	0	0	0	0	0	0	0	0	0	0	0	0	0	0	0	0	0	0	0	0	0	0	0	0	0	0	0	0	0	0	0	0	0	0	0	0	0	0	0	0	0	0	0	0	0	0	0	0	0	0	0	0	0	0	0	0	0	0	0	0	0
0	0	0.965490810023963	0	0	0.839988483587404	0	0.710829090118749	0.609666480066996	0.598998519834562	0	0	0	0.91423467108979	0	0.708377050854894	0	0	0.827160715827078	0.822832558070794	0.823246481698548	0.881532463113813	0.914618068859377	0	0	0	0	0	0	0	0	0	0	0	0	0	0	0	0	0	0	0	0	0	0	0	0	0	0	0	0	0	0	0	0	0	0	0	0	0	0	0	0	0	0	0	0	0	0	0	0	0	0	0	0	0	0	0	0	0	0	0	0	0	0	0	0	0	0	0
0	0.776982044600205	0.983197236977265	0	0.958885743948758	0	0	0.582563741512012	0	0	0	0	0	0.775831915350827	0	0	0	0	0	0	0	0	0	0	0	0	0.993011509012324	0	0.658210476481534	0.69557205187659	0	0	0	0	0	0	0	0	0	0	0	0	0	0	0	0	0	0	0	0	0	0	0	0	0	0	0	0	0	0	0	0	0	0	0	0	0	0	0	0	0	0	0	0	0	0	0	0	0	0	0	0	0	0	0	0	0	0	0	0
0	0	0	0.684930048778106	0.690321098719215	0	0	0	0	0	0	0	0	0	0.99230098481995	0.945199615486795	0	0.965385491566285	0	0	0.645071973547928	0.579298272544491	0.573040687719829	0	0	0.807989944042602	0.530939886835277	0	0	0.911022963344848	0	0	0	0	0	0	0	0	0	0	0	0	0	0	0	0	0	0	0	0	0	0	0	0	0	0	0	0	0	0	0	0	0	0	0	0	0	0	0	0	0	0	0	0	0	0	0	0	0	0	0	0	0	0	0	0	0	0	0	0
0.671217703743137	0.821136293470875	0.688377967966263	0	0	0	0.667830362280452	0	0	0	0.710596154257916	0.746473893624257	0	0	0	0	0.984725931251726	0	0	0	0	0	0	0	0	0	0	0.79461070458716	0	0	0	0	0	0	0	0	0	0	0	0	0	0	0	0	0	0	0	0	0	0	0	0	0	0	0	0	0	0	0	0	0	0	0	0	0	0	0	0	0	0	0	0	0	0	0	0	0	0	0	0	0	0	0	0	0	0	0	0	0	0
0	0	0	0	0	0	0.674586826795648	0.738274797188853	0	0.584223771692291	0	0	0.635622467094387	0	0	0	0	0.92497775398876	0	0	0	0	0	0	0.766924180466372	0	0	0	0	0.503665783061295	0	0	0	0	0	0	0	0	0	0	0	0	0	0	0	0	0	0	0	0	0	0	0	0	0	0	0	0	0	0	0	0	0	0	0	0	0	0	0	0	0	0	0	0	0	0	0	0	0	0	0	0	0	0	0	0	0	0	0	0
0.711291826793424	0	0	0	0	0.676778334678789	0.857709408882043	0.923632500395336	0	0	0.872494649084755	0	0.581145807496311	0	0	0	0	0	0.633777711312006	0	0	0	0	0	0.77697598872981	0.822765413406701	0	0	0.992522764149308	0	0	0	0	0	0	0	0	0	0	0	0	0	0	0	0	0	0	0	0	0	0	0	0	0	0	0	0	0	0	0	0	0	0	0	0	0	0	0	0	0	0	0	0	0	0	0	0	0	0	0	0	0	0	0	0	0	0	0	0	0
0	0	0	0	0	0.617717216835992	0	0.504350092840312	0	0	0	0	0	0.735119144557781	0	0	0	0.898267080699922	0.764670273166649	0.567564450038414	0	0	0	0	0.916985724858119	0	0	0	0.643190667315989	0	0	0	0	0	0	0	0	0	0	0	0	0	0	0	0	0	0	0	0	0	0	0	0	0	0	0	0	0	0	0	0	0	0	0	0	0	0	0	0	0	0	0	0	0	0	0	0	0	0	0	0	0	0	0	0	0	0	0	0	0
0	0	0	0	0	0	0	0.797461242463197	0	0.603275107542831	0	0	0.539383373288681	0	0.832332993529807	0	0.949427154202934	0	0.756459135635775	0	0.818017450529671	0.539240946917833	0.988158058972567	0	0.604711605207188	0	0	0	0	0	0	0	0	0	0	0	0	0	0	0	0	0	0	0	0	0	0	0	0	0	0	0	0	0	0	0	0	0	0	0	0	0	0	0	0	0	0	0	0	0	0	0	0	0	0	0	0	0	0	0	0	0	0	0	0	0	0	0	0	0
0	0	0	0	0	0	0.594209909472898	0	0	0.683126705390952	0.939267348708211	0	0	0	0	0.932841156290689	0.533814854987648	0.993423516566998	0	0	0	0.640446769498596	0	0	0.631257774698835	0.636249628138935	0.855205020296143	0	0	0	0	0	0	0	0	0	0	0	0	0	0	0	0	0	0	0	0	0	0	0	0	0	0	0	0	0	0	0	0	0	0	0	0	0	0	0	0	0	0	0	0	0	0	0	0	0	0	0	0	0	0	0	0	0	0	0	0	0	0	0
0	0	0	0	0.527600618956039	0	0	0.937166128145169	0.548786565320643	0.762012485791967	0.740914123450981	0	0	0	0	0	0.739788058501357	0	0	0	0	0	0.913194989196417	0.9423218400129	0.775671966782986	0	0.659328035860161	0	0	0.757927044272589	0	0	0	0	0	0	0	0	0	0	0	0	0	0	0	0	0	0	0	0	0	0	0	0	0	0	0	0	0	0	0	0	0	0	0	0	0	0	0	0	0	0	0	0	0	0	0	0	0	0	0	0	0	0	0	0	0	0	0	0
0	0	0	0.615635392353407	0.638289032231356	0	0	0	0	0.992684457150759	0.866359231031274	0	0.962066876753499	0	0	0	0	0.862375463091558	0	0	0	0.561039911314039	0	0	0	0	0	0.918043126985193	0	0.971622962665783	0	0	0	0	0	0	0	0	0	0	0	0	0	0	0	0	0	0	0	0	0	0	0	0	0	0	0	0	0	0	0	0	0	0	0	0	0	0	0	0	0	0	0	0	0	0	0	0	0	0	0	0	0	0	0	0	0	0	0	0
0	0	0	0.958738418324527	0	0.820308706940619	0.963926789013483	0	0	0	0.948731508566984	0	0.570594888222063	0	0	0	0	0.648753701330732	0.992276710998904	0	0.501187400612555	0	0.605994058668542	0	0	0	0	0.789770641132859	0	0	0	0	0	0	0	0	0	0	0	0	0	0	0	0	0	0	0	0	0	0	0	0	0	0	0	0	0	0	0	0	0	0	0	0	0	0	0	0	0	0	0	0	0	0	0	0	0	0	0	0	0	0	0	0	0	0	0	0	0	0
0.648451610260336	0	0	0	0.542419097479084	0	0	0	0	0	0.709786661169768	0	0.803628007528964	0	0	0	0	0.784761337605168	0	0.90869227736468	0	0.819199523890008	0	0.549384140794368	0.698721491246545	0	0	0.629315731057685	0	0	0	0	0	0	0	0	0	0	0	0	0	0	0	0	0	0	0	0	0	0	0	0	0	0	0	0	0	0	0	0	0	0	0	0	0	0	0	0	0	0	0	0	0	0	0	0	0	0	0	0	0	0	0	0	0	0	0	0	0	0
0.575127805436279	0	0.98857404067099	0	0	0	0	0	0	0	0	0	0	0	0	0	0	0	0	0.985425410077167	0	0	0.530466557151429	0	0	0	0.694686832335877	0	0.611711978157847	0	0	0	0	0	0	0	0	0	0	0	0	0	0	0	0	0	0	0	0	0	0	0	0	0	0	0	0	0	0	0	0	0	0	0	0	0	0	0	0	0	0	0	0	0	0	0	0	0	0	0	0	0	0	0	0	0	0	0	0	0
0	0	0	0	0	0	0	0	0	0	0	0	0	0	0.570965311894092	0.657800177189535	0.866843579123932	0.933384276923185	0.594748883988109	0.566476137911518	0	0	0.87978497708156	0	0	0	0.586111878012281	0.808606726399457	0.517750713465175	0	0	0	0	0	0	0	0	0	0	0	0	0	0	0	0	0	0	0	0	0	0	0	0	0	0	0	0	0	0	0	0	0	0	0	0	0	0	0	0	0	0	0	0	0	0	0	0	0	0	0	0	0	0	0	0	0	0	0	0	0
0.858770452263652	0	0	0.681154944096906	0	0.57745381273403	0	0	0.747067060375132	0	0	0	0.579915809239295	0	0	0.887442447249624	0	0	0.719177413334136	0	0	0	0	0	0	0	0.689757632729698	0.542443738173891	0	0	0	0	0	0	0	0	0	0	0	0	0	0	0	0	0	0	0	0	0	0	0	0	0	0	0	0	0	0	0	0	0	0	0	0	0	0	0	0	0	0	0	0	0	0	0	0	0	0	0	0	0	0	0	0	0	0	0	0	0	0
0	0	0	0.866940416173611	0	0.824249426413602	0	0	0.500971408574599	0	0	0.672948338571247	0.678740666896281	0	0	0	0	0	0.671326946414727	0.827924555293518	0	0	0	0.656943210000825	0.814917982157967	0.862899939105348	0	0.752980895375988	0.786479898352719	0	0	0	0	0	0	0	0	0	0	0	0	0	0	0	0	0	0	0	0	0	0	0	0	0	0	0	0	0	0	0	0	0	0	0	0	0	0	0	0	0	0	0	0	0	0	0	0	0	0	0	0	0	0	0	0	0	0	0	0	0
0	0	0.712491465811712	0	0.583824609195149	0	0.874475919384297	0.579994222152291	0	0	0	0	0	0.854922388227232	0	0	0	0	0	0	0.673731348670404	0.562514321868114	0.946775218195513	0	0.520710054201483	0.916758964998909	0.841381041167479	0	0.691586073982448	0	0	0	0	0	0	0	0	0	0	0	0	0	0	0	0	0	0	0	0	0	0	0	0	0	0	0	0	0	0	0	0	0	0	0	0	0	0	0	0	0	0	0	0	0	0	0	0	0	0	0	0	0	0	0	0	0	0	0	0	0
0.737911904885058	0	0	0.700193618518482	0	0	0.975474275212289	0	0.832148070514161	0	0	0.731738944414098	0	0	0	0.878181778174804	0.856234610381339	0	0	0	0	0	0	0.517364128114964	0.947599396883932	0	0.878282299448352	0.983600912293347	0	0.616693424995692	0	0	0	0	0	0	0	0	0	0	0	0	0	0	0	0	0	0	0	0	0	0	0	0	0	0	0	0	0	0	0	0	0	0	0	0	0	0	0	0	0	0	0	0	0	0	0	0	0	0	0	0	0	0	0	0	0	0	0	0
0	0.886859561755606	0	0.908833322025275	0	0.896867267488959	0	0	0	0	0	0.720897216302344	0.508804733307604	0	0.796570020953873	0	0	0	0	0.780217809418059	0.81391619840985	0	0	0	0	0	0	0	0.791242533184757	0	0	0	0	0	0	0	0	0	0	0	0	0	0	0	0	0	0	0	0	0	0	0	0	0	0	0	0	0	0	0	0	0	0	0	0	0	0	0	0	0	0	0	0	0	0	0	0	0	0	0	0	0	0	0	0	0	0	0	0	0
0	0	0	0	0	0	0	0	0	0	0	0	0	0	0	0	0	0	0	0	0	0	0	0	0	0	0	0	0	0	0	0.504228148713086	0.83415044553518	0.902288319327668	0	0.851528384351337	0.974409772070876	0	0	0	0.909131440765638	0	0	0	0.958558668037983	0.748797109264754	0	0	0	0	0	0	0.79247920075072	0.940128560065838	0.533398282230731	0	0.51932440958075	0.854063470854076	0.859582314819675	0.536872615244661	0	0	0	0	0	0	0	0	0	0	0	0	0	0	0	0	0	0	0	0	0	0	0	0	0	0	0	0	0	0
0	0	0	0	0	0	0	0	0	0	0	0	0	0	0	0	0	0	0	0	0	0	0	0	0	0	0	0	0	0	0.753218023493349	0	0.781235231569711	0.737169625545649	0.948663606242945	0.925368806682889	0.767841693048243	0.744801451777156	0.873011522569902	0	0	0	0.854609403661954	0	0	0	0.741741719495548	0	0	0	0.694952146854374	0	0	0	0.513203837793067	0.542138600979708	0	0.618375653962751	0.576758279495722	0	0	0	0	0	0	0	0	0	0	0	0	0	0	0	0	0	0	0	0	0	0	0	0	0	0	0	0	0	0	0
0	0	0	0	0	0	0	0	0	0	0	0	0	0	0	0	0	0	0	0	0	0	0	0	0	0	0	0	0	0	0.728397850557159	0.687022595420685	0	0.623857812439117	0.876293936406685	0.716732688398979	0.55398135954766	0.706739393062019	0	0.91471829171392	0	0	0	0	0	0	0	0	0	0	0.965477247509913	0	0	0.862742317029834	0	0	0.649598316414274	0	0.662774063436312	0.767977853622739	0	0	0	0	0	0	0	0	0	0	0	0	0	0	0	0	0	0	0	0	0	0	0	0	0	0	0	0	0	0
0	0	0	0	0	0	0	0	0	0	0	0	0	0	0	0	0	0	0	0	0	0	0	0	0	0	0	0	0	0	0.663565468943563	0.531093872277002	0.825076178611321	0	0.743069028222376	0	0	0.5743628939939	0.846641804376187	0	0.548956484377013	0	0	0	0.767249374139057	0	0.945156656203663	0.648079651874721	0	0	0	0.638248043265262	0	0	0	0	0.647914085282694	0	0.703684089477225	0.507076333730348	0	0	0	0	0	0	0	0	0	0	0	0	0	0	0	0	0	0	0	0	0	0	0	0	0	0	0	0	0	0
0	0	0	0	0	0	0	0	0	0	0	0	0	0	0	0	0	0	0	0	0	0	0	0	0	0	0	0	0	0	0	0.718664705307329	0.565705429800057	0.848760279174025	0	0.536201402870377	0.535446219325034	0	0	0.971459315483428	0.552418734347305	0	0	0.793714218037628	0	0	0	0	0	0	0	0	0.780110321932346	0	0.684491313227652	0.500508150402993	0	0.983304139331782	0.581693492963453	0.538105481032981	0	0	0	0	0	0	0	0	0	0	0	0	0	0	0	0	0	0	0	0	0	0	0	0	0	0	0	0	0	0
0	0	0	0	0	0	0	0	0	0	0	0	0	0	0	0	0	0	0	0	0	0	0	0	0	0	0	0	0	0	0.665381384312839	0.776531940414245	0.80368623483334	0	0.536915886302417	0	0	0.580288592258598	0	0	0.808136948021547	0	0	0	0	0	0	0.92033443848952	0.544999834618095	0	0.832173201675133	0.823644493359005	0.904395182104973	0	0	0	0	0.696740116953002	0.891184242507538	0	0	0	0	0	0	0	0	0	0	0	0	0	0	0	0	0	0	0	0	0	0	0	0	0	0	0	0	0	0	0
0	0	0	0	0	0	0	0	0	0	0	0	0	0	0	0	0	0	0	0	0	0	0	0	0	0	0	0	0	0	0.840742454322025	0.646733955307735	0.672743885705228	0	0.542371455835497	0	0	0.777453971490324	0.777946998776886	0.611396518220012	0.861918882482021	0.996097655256392	0.624458881355994	0.797346829585551	0	0	0	0	0.765495615741323	0	0	0	0	0	0	0	0	0	0	0	0	0	0	0	0	0	0	0	0	0	0	0	0	0	0	0	0	0	0	0	0	0	0	0	0	0	0	0	0	0
0	0	0	0	0	0	0	0	0	0	0	0	0	0	0	0	0	0	0	0	0	0	0	0	0	0	0	0	0	0	0	0.627336664220712	0.946013780069585	0.558813422041437	0	0.514546914663437	0.515878686288052	0	0	0	0.694007771956699	0.99950667379783	0.715504926552043	0.892235992299127	0.892317079076217	0	0	0	0	0	0	0.995246293828902	0.911072627321493	0	0	0	0	0	0	0.951974673205207	0	0	0	0	0	0	0	0	0	0	0	0	0	0	0	0	0	0	0	0	0	0	0	0	0	0	0	0	0	0
0	0	0	0	0	0	0	0	0	0	0	0	0	0	0	0	0	0	0	0	0	0	0	0	0	0	0	0	0	0	0	0.555590923852661	0	0.577034599297628	0	0	0.658397972395487	0	0	0.615063419401523	0.524621228161284	0.590057125681464	0.504581783269571	0.868419546570815	0	0.864841622452395	0.852521383411436	0	0	0	0	0	0	0	0	0	0	0	0	0	0	0	0	0	0	0	0	0	0	0	0	0	0	0	0	0	0	0	0	0	0	0	0	0	0	0	0	0	0	0
0	0	0	0	0	0	0	0	0	0	0	0	0	0	0	0	0	0	0	0	0	0	0	0	0	0	0	0	0	0	0	0	0.643053971615587	0	0.650590488264317	0	0.542168997437459	0	0.573847296143708	0	0.703660723900872	0.777759551941397	0.727545168900948	0	0.574093476329659	0.779613213884794	0	0	0.508551959475841	0	0	0	0	0	0	0.690258269151754	0	0	0	0	0	0	0	0	0	0	0	0	0	0	0	0	0	0	0	0	0	0	0	0	0	0	0	0	0	0	0	0	0	0
0	0	0	0	0	0	0	0	0	0	0	0	0	0	0	0	0	0	0	0	0	0	0	0	0	0	0	0	0	0	0.611578833441892	0	0	0.756540240437215	0.589044929127014	0.789468311281103	0.766028953656009	0.908230802735278	0.568114823450153	0.71964739028728	0	0.999038872111508	0.622337875945344	0.846674367357848	0	0.822016746268767	0.626696079297337	0	0.998028632183854	0	0	0	0	0.610840508502666	0	0.91346400653059	0.813728777132354	0	0	0.911739501562559	0	0	0	0	0	0	0	0	0	0	0	0	0	0	0	0	0	0	0	0	0	0	0	0	0	0	0	0	0	0
0	0	0	0	0	0	0	0	0	0	0	0	0	0	0	0	0	0	0	0	0	0	0	0	0	0	0	0	0	0	0	0	0	0	0	0	0.757942880348092	0.840125082967607	0.531638603854755	0.849818454932924	0.674788034852177	0	0.530505419889982	0	0	0.768885800827563	0.682814046075341	0.756607211769627	0	0	0.83903266112232	0	0.675376467214904	0	0	0	0	0.539828698468382	0.580985687973183	0	0	0	0	0	0	0	0	0	0	0	0	0	0	0	0	0	0	0	0	0	0	0	0	0	0	0	0	0	0	0
0	0	0	0	0	0	0	0	0	0	0	0	0	0	0	0	0	0	0	0	0	0	0	0	0	0	0	0	0	0	0	0.918323972184707	0	0	0	0	0.609371682738585	0.937726201330114	0.663529173317188	0.723615699604125	0.669753153145921	0.756432359416668	0	0	0.986124868666057	0	0.65843930608954	0.628334078913969	0.758327994501324	0.991730616661312	0	0	0	0	0	0	0	0.799139562162146	0	0	0	0	0	0	0	0	0	0	0	0	0	0	0	0	0	0	0	0	0	0	0	0	0	0	0	0	0	0	0	0
0	0	0	0	0	0	0	0	0	0	0	0	0	0	0	0	0	0	0	0	0	0	0	0	0	0	0	0	0	0	0	0	0	0	0.67508223220222	0	0.767452846340154	0.528220487255141	0.56396815870029	0	0.836931098713872	0	0	0	0.724004259420872	0.739527909978255	0.59298939603041	0.970903329765267	0	0.594568108056047	0	0	0.773282305746035	0	0.620486795353327	0	0.830806662682412	0	0	0	0	0	0	0	0	0	0	0	0	0	0	0	0	0	0	0	0	0	0	0	0	0	0	0	0	0	0	0	0	0
0	0	0	0	0	0	0	0	0	0	0	0	0	0	0	0	0	0	0	0	0	0	0	0	0	0	0	0	0	0	0.907764763460662	0	0	0.529526052044021	0	0	0	0.87936983828598	0	0.680059306344911	0	0	0.703074075351658	0.994189951764275	0	0	0.61171785645638	0.884369351013972	0.784635679723035	0.512175945902269	0.9059912851975	0.564935216597969	0.812729497801598	0	0	0	0	0	0	0	0	0	0	0	0	0	0	0	0	0	0	0	0	0	0	0	0	0	0	0	0	0	0	0	0	0	0	0	0	0
0	0	0	0	0	0	0	0	0	0	0	0	0	0	0	0	0	0	0	0	0	0	0	0	0	0	0	0	0	0	0.850114463914051	0	0	0	0	0	0	0	0.550750418252734	0.910699297863921	0.967679092584392	0.629614405672434	0	0.540845791062529	0	0	0.758937113508293	0.855546540691177	0.539110225225585	0	0	0.971159683164796	0.80780749066879	0.891352920324645	0	0	0	0	0	0	0	0	0	0	0	0	0	0	0	0	0	0	0	0	0	0	0	0	0	0	0	0	0	0	0	0	0	0	0	0
0	0	0	0	0	0	0	0	0	0	0	0	0	0	0	0	0	0	0	0	0	0	0	0	0	0	0	0	0	0	0	0.920786286265269	0	0.673468489629256	0	0	0	0	0.836893384979908	0	0.931867147249201	0.836742488061241	0.524506315296754	0.976906259933275	0.865455782953361	0.63726819756702	0	0.917666320394033	0	0.744974839291067	0.785101523063535	0	0.573939798958042	0.845563799898874	0	0	0.644770563750534	0	0	0	0	0	0	0	0	0	0	0	0	0	0	0	0	0	0	0	0	0	0	0	0	0	0	0	0	0	0	0	0	0
0	0	0	0	0	0	0	0	0	0	0	0	0	0	0	0	0	0	0	0	0	0	0	0	0	0	0	0	0	0	0	0	0	0.833937722847129	0	0.861677887573407	0	0	0	0	0	0.514710762952358	0.894645508033724	0.853076852880719	0.579087969309025	0.815677808708562	0.55342787570983	0	0	0.599245015116591	0.99528306418066	0.879465974892203	0.912354185633033	0.789120404497817	0.514060289440044	0	0	0	0.96964682372761	0	0	0	0	0	0	0	0	0	0	0	0	0	0	0	0	0	0	0	0	0	0	0	0	0	0	0	0	0	0	0
0	0	0	0	0	0	0	0	0	0	0	0	0	0	0	0	0	0	0	0	0	0	0	0	0	0	0	0	0	0	0	0	0	0	0	0.928114234777236	0.824261025487335	0	0	0.733925916093803	0.559865388598332	0	0.950215647398484	0	0.890910249610865	0.962013092173463	0	0	0	0.899798540088442	0	0.502645285275368	0.811183871563339	0.807997798827896	0	0.758775084247901	0.646059725156751	0	0	0	0	0	0	0	0	0	0	0	0	0	0	0	0	0	0	0	0	0	0	0	0	0	0	0	0	0	0	0	0	0
0	0	0	0	0	0	0	0	0	0	0	0	0	0	0	0	0	0	0	0	0	0	0	0	0	0	0	0	0	0	0	0	0	0	0	0	0	0	0	0	0	0	0.966348041963166	0.893981738310656	0.506242784384594	0	0.999342468702637	0.958665096360789	0.837148180405458	0	0.582931524936809	0.572558894971879	0.843665386893208	0.943918254163381	0.795112336763144	0.72113878365096	0.990949602308066	0	0.586566423752473	0.93719110205515	0	0	0	0	0	0	0	0	0	0	0	0	0	0	0	0	0	0	0	0	0	0	0	0	0	0	0	0	0	0
0	0	0	0	0	0	0	0	0	0	0	0	0	0	0	0	0	0	0	0	0	0	0	0	0	0	0	0	0	0	0	0.890454103683453	0.566545419535372	0	0	0.98933464472999	0	0	0	0	0	0.892579510706983	0	0	0.740150103009906	0	0.563698059851506	0.649067039890827	0	0.86619148463218	0	0.60482289443828	0	0.777241045786976	0.888398282373708	0	0	0.72411667515824	0.693726706186468	0	0	0	0	0	0	0	0	0	0	0	0	0	0	0	0	0	0	0	0	0	0	0	0	0	0	0	0	0	0	0
0	0	0	0	0	0	0	0	0	0	0	0	0	0	0	0	0	0	0	0	0	0	0	0	0	0	0	0	0	0	0	0	0	0.752448369508003	0	0.697006306423544	0	0.620032512648872	0	0	0	0	0	0	0.914933036103471	0.953265871143785	0	0.57213931446865	0.589275859912041	0.579645026523	0.785035071073591	0	0.60181069147678	0.950069919732321	0.856044657575109	0.680690575147756	0.888630890950449	0.785082969283486	0.916361369001991	0	0	0	0	0	0	0	0	0	0	0	0	0	0	0	0	0	0	0	0	0	0	0	0	0	0	0	0	0	0	0
0	0	0	0	0	0	0	0	0	0	0	0	0	0	0	0	0	0	0	0	0	0	0	0	0	0	0	0	0	0	0.771095509272067	0	0	0	0.873919425041303	0.688689267666737	0	0.639639934431897	0	0	0	0.555342538782745	0	0.542726448369128	0.938069416539455	0.864516754720361	0.743303593769681	0.684696975430334	0.904076295399189	0.589441806045603	0	0.675237144976656	0	0.935935920672116	0	0.58453702858605	0.681139985095131	0	0.548298042514415	0.728601960829377	0	0	0	0	0	0	0	0	0	0	0	0	0	0	0	0	0	0	0	0	0	0	0	0	0	0	0	0	0	0
0	0	0	0	0	0	0	0	0	0	0	0	0	0	0	0	0	0	0	0	0	0	0	0	0	0	0	0	0	0	0.861708491664948	0	0.821307406364773	0	0	0	0	0	0	0	0.795457816462449	0	0	0	0	0.742892605670243	0.949189489639159	0.53467258114126	0.935524662534459	0.549321802359165	0.875482150501837	0.571998017016549	0.976237968877077	0	0.670872093967099	0.729903328407848	0.802635588570213	0.932274817302875	0.511091824477694	0.725537037149986	0	0	0	0	0	0	0	0	0	0	0	0	0	0	0	0	0	0	0	0	0	0	0	0	0	0	0	0	0	0
0	0	0	0	0	0	0	0	0	0	0	0	0	0	0	0	0	0	0	0	0	0	0	0	0	0	0	0	0	0	0.800455564619802	0.843214293882782	0	0	0.869818718109687	0	0	0	0	0	0	0	0	0.536434231595005	0	0	0	0.815608362678242	0	0.626495104328944	0.510835839732443	0.717701008530157	0	0.793313285606981	0	0.959837171026454	0.53739664961062	0.996187454166477	0	0.846788484133052	0	0	0	0	0	0	0	0	0	0	0	0	0	0	0	0	0	0	0	0	0	0	0	0	0	0	0	0	0	0
0	0	0	0	0	0	0	0	0	0	0	0	0	0	0	0	0	0	0	0	0	0	0	0	0	0	0	0	0	0	0	0.582429122490054	0	0	0.666723671705908	0	0	0	0	0.6499702240698	0.993000204477636	0	0	0	0	0	0	0	0.540852719868328	0.974616093075487	0	0.718594705754364	0.546368976512681	0.67728127853756	0.902429826806279	0	0.531774344155748	0.855479650871714	0.837618280375126	0.785210819619492	0	0	0	0	0	0	0	0	0	0	0	0	0	0	0	0	0	0	0	0	0	0	0	0	0	0	0	0	0	0
0	0	0	0	0	0	0	0	0	0	0	0	0	0	0	0	0	0	0	0	0	0	0	0	0	0	0	0	0	0	0.76279914446461	0	0.912339374096206	0.785405445296177	0	0	0	0	0	0	0.802208732843215	0	0	0.843004995561462	0	0	0.708571093720108	0	0.655866181973117	0.683518070030111	0	0.972101397210275	0.812521187267108	0.565776606935998	0.620214252205315	0.541810794801321	0	0	0.729296233549855	0.668308778685602	0	0	0	0	0	0	0	0	0	0	0	0	0	0	0	0	0	0	0	0	0	0	0	0	0	0	0	0	0	0
0	0	0	0	0	0	0	0	0	0	0	0	0	0	0	0	0	0	0	0	0	0	0	0	0	0	0	0	0	0	0.912276317248962	0.778230566392836	0	0	0.947004732342028	0.70777643921981	0	0	0	0	0	0.532577904811312	0.545379187302318	0	0	0	0	0	0	0	0.907302776441233	0.962131561246305	0	0.785261931126865	0.870579579354894	0.802978198568609	0	0	0.698654803917111	0.852617003706714	0	0	0	0	0	0	0	0	0	0	0	0	0	0	0	0	0	0	0	0	0	0	0	0	0	0	0	0	0	0
0	0	0	0	0	0	0	0	0	0	0	0	0	0	0	0	0	0	0	0	0	0	0	0	0	0	0	0	0	0	0.552792630521282	0.592775874567021	0.851236505091415	0.679882939247748	0.983616068822368	0.590382416169139	0	0	0	0	0	0.719451670043197	0	0	0	0	0	0.920248297105117	0	0.86217107537584	0.944436297748154	0.801836297766181	0.646840373007159	0.603906599695971	0	0.832499910395421	0.808228590062553	0.820966161162049	0	0.506026936911159	0	0	0	0	0	0	0	0	0	0	0	0	0	0	0	0	0	0	0	0	0	0	0	0	0	0	0	0	0	0
0	0	0	0	0	0	0	0	0	0	0	0	0	0	0	0	0	0	0	0	0	0	0	0	0	0	0	0	0	0	0.789181015705005	0	0.609407145782016	0.567122596098911	0.966044946944599	0	0	0.647645960074678	0	0	0.752700178291484	0	0	0	0	0	0	0	0	0.833882333686678	0	0	0.64799537778654	0.968197865063753	0.703553286342996	0.924245915728762	0.580635681619197	0.997906178889647	0.989501777717808	0	0	0	0	0	0	0	0	0	0	0	0	0	0	0	0	0	0	0	0	0	0	0	0	0	0	0	0	0	0	0
0	0	0	0	0	0	0	0	0	0	0	0	0	0	0	0	0	0	0	0	0	0	0	0	0	0	0	0	0	0	0	0	0	0	0	0	0	0	0	0	0	0	0	0	0	0	0	0	0	0	0	0	0	0	0	0	0	0	0	0	0	0.54526202997094	0.955983636915004	0.572640128759021	0.53510032370453	0	0	0	0	0	0	0	0	0	0	0	0	0	0	0	0	0	0	0	0	0	0.551425786095408	0.906986049846646	0.690067860952884	0.55021251789172
0	0	0	0	0	0	0	0	0	0	0	0	0	0	0	0	0	0	0	0	0	0	0	0	0	0	0	0	0	0	0	0	0	0	0	0	0	0	0	0	0	0	0	0	0	0	0	0	0	0	0	0	0	0	0	0	0	0	0	0	0.918703849753328	0	0.560014804256271	0.668935137484136	0.60535016120911	0.706701688522301	0	0	0	0.951947241822217	0	0	0	0	0	0	0	0	0	0	0	0	0	0	0	0	0	0.880112514737765	0.824199697033629	0.55080265970071
0	0	0	0	0	0	0	0	0	0	0	0	0	0	0	0	0	0	0	0	0	0	0	0	0	0	0	0	0	0	0	0	0	0	0	0	0	0	0	0	0	0	0	0	0	0	0	0	0	0	0	0	0	0	0	0	0	0	0	0	0.521266915639085	0.944564804844661	0	0	0.912349175801109	0.592436561150236	0.964750080938071	0	0	0	0	0	0	0	0	0	0	0	0	0	0	0	0	0	0.611487896526359	0	0	0	0	0.812654611555322
0	0	0	0	0	0	0	0	0	0	0	0	0	0	0	0	0	0	0	0	0	0	0	0	0	0	0	0	0	0	0	0	0	0	0	0	0	0	0	0	0	0	0	0	0	0	0	0	0	0	0	0	0	0	0	0	0	0	0	0	0.637028579416709	0.526859300385706	0	0	0.510294544823869	0.665013439035787	0.733489352129266	0.551935819976555	0	0	0.550807988048358	0	0	0	0	0	0	0	0	0	0	0	0	0	0.551061646640678	0	0	0	0.515244271129585	0.562078597985207
0	0	0	0	0	0	0	0	0	0	0	0	0	0	0	0	0	0	0	0	0	0	0	0	0	0	0	0	0	0	0	0	0	0	0	0	0	0	0	0	0	0	0	0	0	0	0	0	0	0	0	0	0	0	0	0	0	0	0	0	0.794742215938101	0.955518050955301	0.758210507861672	0.581755696497059	0	0	0.518306299371353	0.717497479662002	0.874267389908259	0	0	0	0	0	0	0	0.606870773168473	0	0	0	0	0	0	0	0	0	0	0	0	0
0	0	0	0	0	0	0	0	0	0	0	0	0	0	0	0	0	0	0	0	0	0	0	0	0	0	0	0	0	0	0	0	0	0	0	0	0	0	0	0	0	0	0	0	0	0	0	0	0	0	0	0	0	0	0	0	0	0	0	0	0	0.639307647831659	0.799876556906968	0.557821841484038	0	0	0.91267762699932	0	0.901954105518173	0.715486979587406	0	0	0	0	0	0	0.856770416330486	0	0	0	0	0.772892828385492	0	0	0	0	0	0	0	0
0	0	0	0	0	0	0	0	0	0	0	0	0	0	0	0	0	0	0	0	0	0	0	0	0	0	0	0	0	0	0	0	0	0	0	0	0	0	0	0	0	0	0	0	0	0	0	0	0	0	0	0	0	0	0	0	0	0	0	0	0	0	0.671502557459873	0.592144539667926	0.764240069399967	0.998957862167295	0	0.713872458366366	0.628950045509856	0.930336266162707	0.691830734194067	0	0	0	0	0	0	0	0	0.827064876868698	0.639795435476878	0	0	0	0	0	0	0	0	0
0	0	0	0	0	0	0	0	0	0	0	0	0	0	0	0	0	0	0	0	0	0	0	0	0	0	0	0	0	0	0	0	0	0	0	0	0	0	0	0	0	0	0	0	0	0	0	0	0	0	0	0	0	0	0	0	0	0	0	0	0	0	0	0.525150286763408	0.797082077950714	0	0.686614610045355	0	0.601117039316129	0.587441550593835	0.983881481399967	0.708935065975992	0	0	0	0	0	0	0	0	0	0	0	0	0	0	0	0	0	0
0	0	0	0	0	0	0	0	0	0	0	0	0	0	0	0	0	0	0	0	0	0	0	0	0	0	0	0	0	0	0	0	0	0	0	0	0	0	0	0	0	0	0	0	0	0	0	0	0	0	0	0	0	0	0	0	0	0	0	0	0	0	0	0	0.865702830589443	0.55183681420169	0.637696509461936	0.800841506296035	0	0.814243320670128	0	0.846517749348789	0.967257597209308	0	0	0	0	0.928956252729145	0	0	0	0	0	0	0	0	0	0	0	0
0	0	0	0	0	0	0	0	0	0	0	0	0	0	0	0	0	0	0	0	0	0	0	0	0	0	0	0	0	0	0	0	0	0	0	0	0	0	0	0	0	0	0	0	0	0	0	0	0	0	0	0	0	0	0	0	0	0	0	0	0	0.857416913989326	0	0	0	0.817007489060821	0.829292493859264	0.535194715498602	0.601921915532079	0	0	0.638268061620922	0.569874532126508	0.632327075613736	0	0	0	0.928307758191136	0	0	0	0	0	0	0	0	0	0	0	0
0	0	0	0	0	0	0	0	0	0	0	0	0	0	0	0	0	0	0	0	0	0	0	0	0	0	0	0	0	0	0	0	0	0	0	0	0	0	0	0	0	0	0	0	0	0	0	0	0	0	0	0	0	0	0	0	0	0	0	0	0	0	0	0.615164024950086	0	0	0.697523821435903	0.716883270962594	0	0	0	0	0.518053521248801	0.712465739903031	0.926249430350773	0	0	0	0	0	0	0	0	0	0	0	0	0	0	0
0	0	0	0	0	0	0	0	0	0	0	0	0	0	0	0	0	0	0	0	0	0	0	0	0	0	0	0	0	0	0	0	0	0	0	0	0	0	0	0	0	0	0	0	0	0	0	0	0	0	0	0	0	0	0	0	0	0	0	0	0	0	0	0	0	0	0	0.826813279858471	0.787925115521193	0.883733428151086	0	0	0.817495106275747	0.570622275244166	0.807378575871812	0.908784278581403	0	0	0	0	0	0	0	0	0	0	0	0	0	0
0	0	0	0	0	0	0	0	0	0	0	0	0	0	0	0	0	0	0	0	0	0	0	0	0	0	0	0	0	0	0	0	0	0	0	0	0	0	0	0	0	0	0	0	0	0	0	0	0	0	0	0	0	0	0	0	0	0	0	0	0	0	0	0	0	0	0	0	0.578353069047498	0.731899045602589	0.891463972020622	0.970055743019873	0	0.647014884899766	0.749930891380738	0.519306411346536	0.908683171308889	0	0	0	0	0	0	0	0	0	0	0	0	0
0	0	0	0	0	0	0	0	0	0	0	0	0	0	0	0	0	0	0	0	0	0	0	0	0	0	0	0	0	0	0	0	0	0	0	0	0	0	0	0	0	0	0	0	0	0	0	0	0	0	0	0	0	0	0	0	0	0	0	0	0	0	0	0	0	0	0	0	0	0.608005658292432	0.50277350421794	0.656933645415603	0.83736750478205	0	0.742686198185963	0.621576712762928	0.781770996959962	0.741524459310545	0	0	0	0	0	0	0	0	0	0	0	0
0	0	0	0	0	0	0	0	0	0	0	0	0	0	0	0	0	0	0	0	0	0	0	0	0	0	0	0	0	0	0	0	0	0	0	0	0	0	0	0	0	0	0	0	0	0	0	0	0	0	0	0	0	0	0	0	0	0	0	0	0	0	0	0	0	0	0	0	0	0	0.573051605854213	0.679257644932729	0.861309079929986	0.703904404753675	0	0	0.93289830635079	0.590081068103073	0.750530323565194	0	0	0	0	0	0.898344041023239	0	0	0	0	0
0	0	0	0	0	0	0	0	0	0	0	0	0	0	0	0	0	0	0	0	0	0	0	0	0	0	0	0	0	0	0	0	0	0	0	0	0	0	0	0	0	0	0	0	0	0	0	0	0	0	0	0	0	0	0	0	0	0	0	0	0	0	0	0	0	0	0	0	0	0	0	0.594494928633274	0.891782113078775	0.810806133288507	0	0	0.847847158711897	0.540369116378694	0.874071225251529	0.599822928591356	0	0	0	0	0	0	0	0	0	0
0	0	0	0	0	0	0	0	0	0	0	0	0	0	0	0	0	0	0	0	0	0	0	0	0	0	0	0	0	0	0	0	0	0	0	0	0	0	0	0	0	0	0	0	0	0	0	0	0	0	0	0	0	0	0	0	0	0	0	0	0	0	0	0	0.866526838385241	0.947859572296671	0	0	0	0	0	0	0.993325640902544	0.868622528151946	0.982412245438353	0.715184186027625	0	0.627860412390143	0.819138344287105	0.663126307702901	0.504004678083314	0	0	0	0	0	0	0	0	0
0	0	0	0	0	0	0	0	0	0	0	0	0	0	0	0	0	0	0	0	0	0	0	0	0	0	0	0	0	0	0	0	0	0	0	0	0	0	0	0	0	0	0	0	0	0	0	0	0	0	0	0	0	0	0	0	0	0	0	0	0	0	0	0	0	0	0	0	0.90043660941602	0.616090409060384	0	0	0	0.895195559467258	0.772193121911091	0.998996506752417	0.795340591234203	0	0	0.987077301333344	0.884259135349554	0.698534872597826	0	0	0	0	0	0	0	0
0	0	0	0	0	0	0	0	0	0	0	0	0	0	0	0	0	0	0	0	0	0	0	0	0	0	0	0	0	0	0	0	0	0	0	0	0	0	0	0	0	0	0	0	0	0	0	0	0	0	0	0	0	0	0	0	0	0	0	0	0	0	0	0	0	0	0	0	0	0	0	0	0	0	0.611360421283864	0.723438356767652	0.674197416208196	0	0	0.910146122191858	0.886539111304647	0.55454095079947	0.783269333884316	0	0	0	0	0	0	0
0	0	0	0	0	0	0	0	0	0	0	0	0	0	0	0	0	0	0	0	0	0	0	0	0	0	0	0	0	0	0	0	0	0	0	0	0	0	0	0	0	0	0	0	0	0	0	0	0	0	0	0	0	0	0	0	0	0	0	0	0	0	0	0	0	0	0.598321369862546	0	0	0	0	0	0	0	0	0.987694459606157	0.761437507133367	0.745478923147087	0.751701662013381	0	0.599865362112864	0	0.612574061317665	0.578965721077212	0	0	0	0	0	0
0	0	0	0	0	0	0	0	0	0	0	0	0	0	0	0	0	0	0	0	0	0	0	0	0	0	0	0	0	0	0	0	0	0	0	0	0	0	0	0	0	0	0	0	0	0	0	0	0	0	0	0	0	0	0	0	0	0	0	0	0	0	0	0	0	0	0.726157137018404	0	0	0	0	0	0	0	0	0	0.812555677229773	0.615294829011255	0.779010445338869	0.909936404585056	0	0.720258264951599	0.571398691490131	0.634796031304914	0	0	0	0	0	0
0	0	0	0	0	0	0	0	0	0	0	0	0	0	0	0	0	0	0	0	0	0	0	0	0	0	0	0	0	0	0	0	0	0	0	0	0	0	0	0	0	0	0	0	0	0	0	0	0	0	0	0	0	0	0	0	0	0	0	0	0	0	0	0	0	0.970780580875198	0	0	0	0	0	0	0	0	0	0	0	0.674563884303117	0.502802817624529	0	0.730006319611573	0	0	0.837063621768681	0.992455090167241	0.891368505527422	0	0	0	0
0	0	0	0	0	0	0	0	0	0	0	0	0	0	0	0	0	0	0	0	0	0	0	0	0	0	0	0	0	0	0	0	0	0	0	0	0	0	0	0	0	0	0	0	0	0	0	0	0	0	0	0	0	0	0	0	0	0	0	0	0	0	0	0	0	0	0	0	0	0	0	0	0	0	0	0	0	0	0.848379898701142	0.547715998531071	0.713315860540273	0	0	0.984984802221059	0.670933800123032	0.687250821754476	0.520211930058923	0	0	0
0	0	0	0	0	0	0	0	0	0	0	0	0	0	0	0	0	0	0	0	0	0	0	0	0	0	0	0	0	0	0	0	0	0	0	0	0	0	0	0	0	0	0	0	0	0	0	0	0	0	0	0	0	0	0	0	0	0	0	0	0	0	0	0	0	0	0	0	0	0	0	0	0	0	0	0	0	0	0	0.58695316148295	0.504481180842849	0.969174249190141	0.735177549919153	0	0.939104772908816	0.939382398659957	0.900478683397119	0.718599344116324	0	0
0	0	0	0	0	0	0	0	0	0	0	0	0	0	0	0	0	0	0	0	0	0	0	0	0	0	0	0	0	0	0	0	0	0	0	0	0	0	0	0	0	0	0	0	0	0	0	0	0	0	0	0	0	0	0	0	0	0	0	0	0	0	0.860328357085466	0.787573873867086	0	0	0	0	0	0	0	0	0	0	0.568671552246414	0	0	0	0	0	0	0.535496026654998	0.815614996801008	0.623113385267393	0	0.898943006100398	0	0.820994023347474	0.990656003814111	0
0	0	0	0	0	0	0	0	0	0	0	0	0	0	0	0	0	0	0	0	0	0	0	0	0	0	0	0	0	0	0	0	0	0	0	0	0	0	0	0	0	0	0	0	0	0	0	0	0	0	0	0	0	0	0	0	0	0	0	0	0	0	0	0	0	0	0	0	0	0	0	0	0	0	0	0	0	0	0	0	0	0.859866063667578	0.579244593046202	0.518563412551064	0.79036373596432	0	0.874659902709959	0.743519205029881	0.608922108358215	0.818010802201744
0	0	0	0	0	0	0	0	0	0	0	0	0	0	0	0	0	0	0	0	0	0	0	0	0	0	0	0	0	0	0	0	0	0	0	0	0	0	0	0	0	0	0	0	0	0	0	0	0	0	0	0	0	0	0	0	0	0	0	0	0.619250519981097	0	0	0	0	0	0	0	0	0	0	0	0	0	0	0	0	0	0	0	0	0	0.931018477046592	0.500770616365233	0	0.801848599340916	0	0.680936366191811	0.547136479766299	0.575441538038889
0	0	0	0	0	0	0	0	0	0	0	0	0	0	0	0	0	0	0	0	0	0	0	0	0	0	0	0	0	0	0	0	0	0	0	0	0	0	0	0	0	0	0	0	0	0	0	0	0	0	0	0	0	0	0	0	0	0	0	0	0.804790932236024	0.809888527813678	0	0	0	0	0	0	0	0	0	0	0	0	0	0	0	0	0	0	0	0	0	0.700576545744132	0.868485763503803	0.817703379615687	0.561222821520204	0	0.809396344926501	0.6590750484302
0	0	0	0	0	0	0	0	0	0	0	0	0	0	0	0	0	0	0	0	0	0	0	0	0	0	0	0	0	0	0	0	0	0	0	0	0	0	0	0	0	0	0	0	0	0	0	0	0	0	0	0	0	0	0	0	0	0	0	0	0.954181184439089	0.724751230204417	0	0.59183523394855	0	0	0	0	0	0	0	0	0	0	0	0	0	0	0	0	0	0	0	0	0.622220492595777	0.713913910172961	0.877135918869661	0.823132376629522	0	0.547612286832612
0	0	0	0	0	0	0	0	0	0	0	0	0	0	0	0	0	0	0	0	0	0	0	0	0	0	0	0	0	0	0	0	0	0	0	0	0	0	0	0	0	0	0	0	0	0	0	0	0	0	0	0	0	0	0	0	0	0	0	0	0.661058292620878	0.834505008673156	0.847765834505295	0.781887014195409	0	0	0	0	0	0	0	0	0	0	0	0	0	0	0	0	0	0	0	0	0	0.566316012544251	0.665977635638111	0.718179531939246	0.973644487219131	0
