0	0.597170430335769	0.50540002746254	0.560450331553547	0.789825684297208	0.744128175469461	0.964890948320468	0.745994404877758	0.600741864240684	0	0.870953031156139	0.892160212133618	0.833379857627569	0.688495838648006	0.752326632416604	0.71527280084518	0.979767696645962	0.56970915183338	0	0	0	0	0	0	0	0	0	0	0	0	0	0	0	0	0	0	0	0	0	0	0	0	0	0	0	0	0	0	0	0	0	0	0	0	0	0	0	0	0	0	0	0	0	0	0	0	0	0	0	0	0	0	0	0	0	0	0	0	0	0	0	0	0	0	0	0	0	0	0	0
0.840693936104125	0	0.975527025739235	0.691146238163234	0.641563132665402	0.862571271718671	0.67067115657159	0.874142069958516	0.927722259426404	0	0	0	0.535330694542265	0.631380389650097	0.548090170331444	0.61769736848833	0.554841969128958	0.659249988637047	0	0	0	0	0	0	0	0	0	0	0	0	0	0	0	0	0	0	0	0	0	0	0	0	0	0	0	0	0	0	0	0	0	0	0	0	0	0	0	0	0	0	0	0	0	0	0	0	0	0	0	0	0	0	0	0	0	0	0	0	0	0	0	0	0	0	0	0	0	0	0	0
0.958780684983264	0.815457232734198	0	0.92611327860448	0.857051872963481	0.737554352479802	0	0.633357600476081	0.704263502212187	0.685942556708446	0	0.538755073453988	0	0.739875215875971	0.910464387126148	0	0.574761832824531	0.896302204457986	0	0	0	0	0	0	0	0	0	0	0	0	0	0	0	0	0	0	0	0	0	0	0	0	0	0	0	0	0	0	0	0	0	0	0	0	0	0	0	0	0	0	0	0	0	0	0	0	0	0	0	0	0	0	0	0	0	0	0	0	0	0	0	0	0	0	0	0	0	0	0	0
0.599193870687722	0.969117292536095	0.842557832206553	0	0.699122636747105	0.895401880686407	0.596806592910502	0.940033935807342	0.776106817972216	0.974354455753402	0.970428325338999	0	0	0	0.657764859295773	0.715448406367056	0.989709768691645	0.876201468749635	0	0	0	0	0	0	0	0	0	0	0	0	0	0	0	0	0	0	0	0	0	0	0	0	0	0	0	0	0	0	0	0	0	0	0	0	0	0	0	0	0	0	0	0	0	0	0	0	0	0	0	0	0	0	0	0	0	0	0	0	0	0	0	0	0	0	0	0	0	0	0	0
0.935948391642999	0.830501625535115	0.696911852126043	0.610875400187333	0	0.632963993430626	0.707236582229992	0.583170382527321	0.848548712881815	0.683852189472366	0.62351306348911	0.808283380772314	0	0	0	0.929586484366965	0.746084223396194	0.62827488763226	0	0	0	0	0	0	0	0	0	0	0	0	0	0	0	0	0	0	0	0	0	0	0	0	0	0	0	0	0	0	0	0	0	0	0	0	0	0	0	0	0	0	0	0	0	0	0	0	0	0	0	0	0	0	0	0	0	0	0	0	0	0	0	0	0	0	0	0	0	0	0	0
0.763872759394478	0.8409090993603	0.849645082268786	0.572618085989796	0.526631905082484	0	0.733206340322323	0.898104413292742	0.679505890345478	0.875782967979784	0.93322271986463	0.687082159855902	0.660035441541245	0	0	0	0.818220960623133	0.84784563817434	0	0	0	0	0	0	0	0	0	0	0	0	0	0	0	0	0	0	0	0	0	0	0	0	0	0	0	0	0	0	0	0	0	0	0	0	0	0	0	0	0	0	0	0	0	0	0	0	0	0	0	0	0	0	0	0	0	0	0	0	0	0	0	0	0	0	0	0	0	0	0	0
0.550036602819397	0.751689768048078	0	0.92391373050161	0.970973312328652	0.9575164321502	0	0.82672478637638	0.84827634703454	0.583711736083559	0.619793292632495	0	0.500757276524455	0.646071348518984	0	0.84716333312625	0.525157576340983	0.843232909998725	0	0	0	0	0	0	0	0	0	0	0	0	0	0	0	0	0	0	0	0	0	0	0	0	0	0	0	0	0	0	0	0	0	0	0	0	0	0	0	0	0	0	0	0	0	0	0	0	0	0	0	0	0	0	0	0	0	0	0	0	0	0	0	0	0	0	0	0	0	0	0	0
0.563487070684703	0.714901984245994	0.763827962715758	0.790452374788974	0.592688980673766	0.635692752706154	0.534937327406294	0	0.874743881599898	0.50726595786814	0.697990468583162	0.881421238448942	0.998879497774235	0.919223743522782	0.872070540463416	0	0	0	0	0	0	0	0	0	0	0	0	0	0	0	0	0	0	0	0	0	0	0	0	0	0	0	0	0	0	0	0	0	0	0	0	0	0	0	0	0	0	0	0	0	0	0	0	0	0	0	0	0	0	0	0	0	0	0	0	0	0	0	0	0	0	0	0	0	0	0	0	0	0	0
0.523919961830499	0.549105172505969	0.569221983222884	0.865271774720135	0.773218041728609	0.949688110694506	0.921684003023369	0.877175719225327	0	0.690841865757494	0.883412458553601	0	0.764846196106797	0.875490195739504	0.557428410857575	0.825189721973848	0	0	0	0	0	0	0	0	0	0	0	0	0	0	0	0	0	0	0	0	0	0	0	0	0	0	0	0	0	0	0	0	0	0	0	0	0	0	0	0	0	0	0	0	0	0	0	0	0	0	0	0	0	0	0	0	0	0	0	0	0	0	0	0	0	0	0	0	0	0	0	0	0	0
0	0	0.804404652470046	0.643884055608047	0.520299087432432	0.631677770786447	0.722385562043271	0.601769117107998	0.59464837337251	0	0.646489139992304	0.648906862644494	0.868093322318757	0.615949357221016	0.922451456801094	0.54145898600504	0.771234894981237	0	0	0	0	0	0	0	0	0	0	0	0	0	0	0	0	0	0	0	0	0	0	0	0	0	0	0	0	0	0	0	0	0	0	0	0	0	0	0	0	0	0	0	0	0	0	0	0	0	0	0	0	0	0	0	0	0	0	0	0	0	0	0	0	0	0	0	0	0	0	0	0	0
0.563230128396675	0	0	0.703257467079199	0.999159757184959	0.897401067368579	0.675130912679542	0.572058676625887	0.742813344861855	0.621973176058287	0	0.720703382790248	0.51586305953489	0.961216205188404	0	0.660869831362092	0.610312527114778	0.607477765783799	0	0	0	0	0	0	0	0	0	0	0	0	0	0	0	0	0	0	0	0	0	0	0	0	0	0	0	0	0	0	0	0	0	0	0	0	0	0	0	0	0	0	0	0	0	0	0	0	0	0	0	0	0	0	0	0	0	0	0	0	0	0	0	0	0	0	0	0	0	0	0	0
0.869993605934304	0	0.745988633015542	0	0.959656774812706	0.633106056773512	0	0.841941159210135	0	0.709511391303298	0.696964580803058	0	0.951393352807606	0.984399424818639	0.700981093742038	0.878137530517205	0.890778348755568	0.843535493985995	0	0	0	0	0	0	0	0	0	0	0	0	0	0	0	0	0	0	0	0	0	0	0	0	0	0	0	0	0	0	0	0	0	0	0	0	0	0	0	0	0	0	0	0	0	0	0	0	0	0	0	0	0	0	0	0	0	0	0	0	0	0	0	0	0	0	0	0	0	0	0	0
0.884456811120931	0.564260995773542	0	0	0	0.869235831211248	0.756091912911409	0.603513527936628	0.678778909894638	0.562811304283309	0.740511548309953	0.736329919605101	0	0.687216228131336	0.840121432778667	0.530016987733993	0.967654138541194	0.565050118232343	0	0	0	0	0	0	0	0	0	0	0	0	0	0	0	0	0	0	0	0	0	0	0	0	0	0	0	0	0	0	0	0	0	0	0	0	0	0	0	0	0	0	0	0	0	0	0	0	0	0	0	0	0	0	0	0	0	0	0	0	0	0	0	0	0	0	0	0	0	0	0	0
0.684667518248613	0.689912184071547	0.873658513072444	0	0	0	0.987150427180668	0.778988294925297	0.837886241298442	0.892909472731311	0.589489679550367	0.726748537115079	0.80707114705742	0	0.847073582133131	0.868457023552242	0.964871196647844	0.930679372180001	0	0	0	0	0	0	0	0	0	0	0	0	0	0	0	0	0	0	0	0	0	0	0	0	0	0	0	0	0	0	0	0	0	0	0	0	0	0	0	0	0	0	0	0	0	0	0	0	0	0	0	0	0	0	0	0	0	0	0	0	0	0	0	0	0	0	0	0	0	0	0	0
0.905632938291753	0.604224414951385	0.796650564537378	0.635752051670035	0	0	0	0.723051328865382	0.682911305691371	0.566443550887267	0	0.619635153388386	0.746007785809375	0.998764068384948	0	0.785542066126317	0.977429725498374	0.91101664690621	0	0	0	0	0	0	0	0	0	0	0	0	0	0	0	0	0	0	0	0	0	0	0	0	0	0	0	0	0	0	0	0	0	0	0	0	0	0	0	0	0	0	0	0	0	0	0	0	0	0	0	0	0	0	0	0	0	0	0	0	0	0	0	0	0	0	0	0	0	0	0	0
0.560273093190145	0.817142821228067	0	0.667949002984423	0.834597308308059	0	0.532949107179503	0	0.672192077458441	0.991878592792946	0.607938994629836	0.530162561388275	0.626549279548844	0.805271998744775	0.596620380493661	0	0.660293941810042	0.972350208492741	0	0	0	0	0	0	0	0	0	0	0	0	0	0	0	0	0	0	0	0	0	0	0	0	0	0	0	0	0	0	0	0	0	0	0	0	0	0	0	0	0	0	0	0	0	0	0	0	0	0	0	0	0	0	0	0	0	0	0	0	0	0	0	0	0	0	0	0	0	0	0	0
0.89425844745452	0.512478114708453	0.912249483952715	0.702413329878525	0.560099466177046	0.623660982601266	0.503344043269783	0	0	0.995118798561804	0.788996108307331	0.686337854740158	0.801324911569892	0.763329833113162	0.862648889052875	0.914352338233031	0	0.541329312957054	0	0	0	0	0	0	0	0	0	0	0	0	0	0	0	0	0	0	0	0	0	0	0	0	0	0	0	0	0	0	0	0	0	0	0	0	0	0	0	0	0	0	0	0	0	0	0	0	0	0	0	0	0	0	0	0	0	0	0	0	0	0	0	0	0	0	0	0	0	0	0	0
0.800797304831382	0.798547034187844	0.507117453532662	0.857021915305698	0.578606240298574	0.692965813049006	0.683456385340351	0	0	0	0.770603599248905	0.801991056300625	0.5470219236447	0.832204941150243	0.897278406056827	0.783555055045772	0.712076779937186	0	0	0	0	0	0	0	0	0	0	0	0	0	0	0	0	0	0	0	0	0	0	0	0	0	0	0	0	0	0	0	0	0	0	0	0	0	0	0	0	0	0	0	0	0	0	0	0	0	0	0	0	0	0	0	0	0	0	0	0	0	0	0	0	0	0	0	0	0	0	0	0	0
0	0	0	0	0	0	0	0	0	0	0	0	0	0	0	0	0	0	0	0.888412625207652	0.836283490829358	0.602491606245219	0	0	0	0	0	0	0	0	0	0.950061879266656	0	0.673106810905047	0.605539985277962	0.767151607000481	0	0	0	0	0	0	0	0	0	0	0	0	0	0	0	0	0	0	0	0	0	0	0	0	0	0	0	0	0	0	0	0	0	0	0	0	0	0	0	0	0	0	0	0	0	0	0	0	0	0	0	0	0	0
0	0	0	0	0	0	0	0	0	0	0	0	0	0	0	0	0	0	0.695077767486388	0	0.522908687693447	0	0.752517440652731	0	0	0.633421250513631	0	0	0	0	0	0	0	0	0.909203321601495	0.531515154002129	0	0	0	0	0	0	0	0	0	0	0	0	0	0	0	0	0	0	0	0	0	0	0	0	0	0	0	0	0	0	0	0	0	0	0	0	0	0	0	0	0	0	0	0	0	0	0	0	0	0	0	0	0	0
0	0	0	0	0	0	0	0	0	0	0	0	0	0	0	0	0	0	0.570595843534647	0.769793252135615	0	0.86662953524873	0.864659675088173	0.945412954902444	0	0	0	0	0	0	0	0	0	0	0	0.96280171140764	0	0	0	0	0	0	0	0	0	0	0	0	0	0	0	0	0	0	0	0	0	0	0	0	0	0	0	0	0	0	0	0	0	0	0	0	0	0	0	0	0	0	0	0	0	0	0	0	0	0	0	0	0	0
0	0	0	0	0	0	0	0	0	0	0	0	0	0	0	0	0	0	0.966287758380175	0	0.839014412382773	0	0.892730765854879	0.986730779727933	0.906906641436046	0	0	0	0	0	0	0	0	0	0	0	0	0	0	0	0	0	0	0	0	0	0	0	0	0	0	0	0	0	0	0	0	0	0	0	0	0	0	0	0	0	0	0	0	0	0	0	0	0	0	0	0	0	0	0	0	0	0	0	0	0	0	0	0	0
0	0	0	0	0	0	0	0	0	0	0	0	0	0	0	0	0	0	0	0.890439006387775	0.673544309995093	0.976606210255978	0	0.503680631964945	0.568052924005129	0	0.931644158173455	0	0	0	0	0	0	0	0	0	0	0	0	0	0	0	0	0	0	0	0	0	0	0	0	0	0	0	0	0	0	0	0	0	0	0	0	0	0	0	0	0	0	0	0	0	0	0	0	0	0	0	0	0	0	0	0	0	0	0	0	0	0	0
0	0	0	0	0	0	0	0	0	0	0	0	0	0	0	0	0	0	0	0	0.58007689337157	0.701527920868832	0.898803082532881	0	0.979689877829093	0	0.602420517195131	0	0.678340129863456	0.546220340638176	0	0	0	0	0	0	0	0	0	0	0	0	0	0	0	0	0	0	0	0	0	0	0	0	0	0	0	0	0	0	0	0	0	0	0	0	0	0	0	0	0	0	0	0	0	0	0	0	0	0	0	0	0	0	0	0	0	0	0	0
0	0	0	0	0	0	0	0	0	0	0	0	0	0	0	0	0	0	0	0	0	0.753211413014613	0.531813444424356	0.727914924730386	0	0.972352246603496	0.530648077421196	0.651836081879297	0.85628350277658	0	0	0	0	0	0	0	0	0	0	0	0	0	0	0	0	0	0	0	0	0	0	0	0	0	0	0	0	0	0	0	0	0	0	0	0	0	0	0	0	0	0	0	0	0	0	0	0	0	0	0	0	0	0	0	0	0	0	0	0	0
0	0	0	0	0	0	0	0	0	0	0	0	0	0	0	0	0	0	0	0.952193327130447	0	0	0	0	0.647826350006024	0	0.973410647915074	0.79771763436421	0.911544769225326	0	0	0	0	0	0	0	0	0	0	0	0	0	0	0	0	0	0	0	0	0	0	0	0	0	0	0	0	0	0	0	0	0	0	0	0	0	0	0	0	0	0	0	0	0	0	0	0	0	0	0	0	0	0	0	0	0	0	0	0	0
0	0	0	0	0	0	0	0	0	0	0	0	0	0	0	0	0	0	0	0	0	0	0.818567428779364	0.825646456392263	0.874369702159122	0.836156547544234	0	0.955770753303158	0.942284997341493	0.930645888058245	0	0	0	0	0	0	0	0	0	0	0	0	0	0	0	0	0	0	0	0	0	0	0	0	0	0	0	0	0	0	0	0	0	0	0	0	0	0	0	0	0	0	0	0	0	0	0	0	0	0	0	0	0	0	0	0	0	0	0	0
0	0	0	0	0	0	0	0	0	0	0	0	0	0	0	0	0	0	0	0	0	0	0	0	0.799553075549672	0.934065069703591	0.998418336171942	0	0.856759629368886	0.880254520090137	0.748059782099522	0	0	0	0	0	0	0	0	0	0	0	0	0	0	0	0	0	0	0	0	0	0	0	0	0	0	0	0	0	0	0	0	0	0	0	0	0	0	0	0	0	0	0	0	0	0	0	0	0	0	0	0	0	0	0	0	0	0	0
0	0	0	0	0	0	0	0	0	0	0	0	0	0	0	0	0	0	0	0	0	0	0	0.75455667233475	0.795005994930822	0.767120500328692	0.879102826508305	0.87416572088153	0	0	0.995165832020543	0.847706751020704	0	0	0	0	0	0	0	0	0	0	0	0	0	0	0	0	0	0	0	0	0	0	0	0	0	0	0	0	0	0	0	0	0	0	0	0	0	0	0	0	0	0	0	0	0	0	0	0	0	0	0	0	0	0	0	0	0	0
0	0	0	0	0	0	0	0	0	0	0	0	0	0	0	0	0	0	0	0	0	0	0	0.615352544469891	0	0	0.670865896315734	0.65716234224825	0	0	0.530840374453778	0	0.844770223371628	0	0	0	0	0	0	0	0	0	0	0	0	0	0	0	0	0	0	0	0	0	0	0	0	0	0	0	0	0	0	0	0	0	0	0	0	0	0	0	0	0	0	0	0	0	0	0	0	0	0	0	0	0	0	0	0	0
0	0	0	0	0	0	0	0	0	0	0	0	0	0	0	0	0	0	0	0	0	0	0	0	0	0	0	0.679051766995503	0.914500069178213	0.912345701535219	0	0.809916843037234	0.764333151934089	0.789265998864942	0	0	0	0	0	0	0	0	0	0	0	0	0	0	0	0	0	0	0	0	0	0	0	0	0	0	0	0	0	0	0	0	0	0	0	0	0	0	0	0	0	0	0	0	0	0	0	0	0	0	0	0	0	0	0	0
0	0	0	0	0	0	0	0	0	0	0	0	0	0	0	0	0	0	0.828533580365896	0	0	0	0	0	0	0	0	0	0.983995036105893	0	0.610117504421866	0	0.639026078894154	0	0.797865783008611	0	0	0	0	0	0	0	0	0	0	0	0	0	0	0	0	0	0	0	0	0	0	0	0	0	0	0	0	0	0	0	0	0	0	0	0	0	0	0	0	0	0	0	0	0	0	0	0	0	0	0	0	0	0	0
0	0	0	0	0	0	0	0	0	0	0	0	0	0	0	0	0	0	0	0	0	0	0	0	0	0	0	0	0	0.846963585999146	0.582936561495923	0.968161175969318	0	0.582821073720582	0.842196545084734	0.738133791754817	0	0	0	0	0	0	0	0	0	0	0	0	0	0	0	0	0	0	0	0	0	0	0	0	0	0	0	0	0	0	0	0	0	0	0	0	0	0	0	0	0	0	0	0	0	0	0	0	0	0	0	0	0	0
0	0	0	0	0	0	0	0	0	0	0	0	0	0	0	0	0	0	0.598677197306158	0	0	0	0	0	0	0	0	0	0	0	0.605007802002362	0	0.835219170224433	0	0.799759268810718	0.87275448824142	0	0	0	0	0	0	0	0	0	0	0	0	0	0	0	0	0	0	0	0	0	0	0	0	0	0	0	0	0	0	0	0	0	0	0	0	0	0	0	0	0	0	0	0	0	0	0	0	0	0	0	0	0	0
0	0	0	0	0	0	0	0	0	0	0	0	0	0	0	0	0	0	0.67112497852617	0.57856751359274	0	0	0	0	0	0	0	0	0	0	0	0.558074646324901	0.922230865802935	0.94575460313148	0	0.962194890654181	0	0	0	0	0	0	0	0	0	0	0	0	0	0	0	0	0	0	0	0	0	0	0	0	0	0	0	0	0	0	0	0	0	0	0	0	0	0	0	0	0	0	0	0	0	0	0	0	0	0	0	0	0	0
0	0	0	0	0	0	0	0	0	0	0	0	0	0	0	0	0	0	0.703772997079337	0.573737436145617	0.913728178050996	0	0	0	0	0	0	0	0	0	0	0	0.992953813556478	0.818929662380743	0.866925294991393	0	0	0	0	0	0	0	0	0	0	0	0	0	0	0	0	0	0	0	0	0	0	0	0	0	0	0	0	0	0	0	0	0	0	0	0	0	0	0	0	0	0	0	0	0	0	0	0	0	0	0	0	0	0	0
0	0	0	0	0	0	0	0	0	0	0	0	0	0	0	0	0	0	0	0	0	0	0	0	0	0	0	0	0	0	0	0	0	0	0	0	0	0	0.661577908167189	0	0.700973623350197	0	0	0.927289955732816	0.837793941178087	0	0.788768711146874	0	0.816891477094066	0.75127205007072	0.777553925302498	0.59162981851674	0.633487853281087	0.527573271485425	0	0	0	0	0	0	0	0	0	0	0	0	0	0	0	0	0	0	0	0	0	0	0	0	0	0	0	0	0	0	0	0	0	0	0	0
0	0	0	0	0	0	0	0	0	0	0	0	0	0	0	0	0	0	0	0	0	0	0	0	0	0	0	0	0	0	0	0	0	0	0	0	0	0	0.882200007389091	0.997334170344391	0.815342648150105	0.577319235928508	0	0	0.813563924414536	0	0	0	0	0.990309322391844	0.932921887251995	0	0	0.72904585214279	0	0	0	0	0	0	0	0	0	0	0	0	0	0	0	0	0	0	0	0	0	0	0	0	0	0	0	0	0	0	0	0	0	0	0	0
0	0	0	0	0	0	0	0	0	0	0	0	0	0	0	0	0	0	0	0	0	0	0	0	0	0	0	0	0	0	0	0	0	0	0	0	0.545707351689127	0.976340788290403	0	0.728427788146414	0.78129572783194	0.635579642079901	0.893347109777213	0.592592685851652	0	0	0	0.850417081766387	0.842992632804167	0.799143279524253	0	0.629329661184052	0.883735793891054	0.631773732885505	0	0	0	0	0	0	0	0	0	0	0	0	0	0	0	0	0	0	0	0	0	0	0	0	0	0	0	0	0	0	0	0	0	0	0	0
0	0	0	0	0	0	0	0	0	0	0	0	0	0	0	0	0	0	0	0	0	0	0	0	0	0	0	0	0	0	0	0	0	0	0	0	0	0.778978864057626	0.624898758501409	0	0.896361339748686	0.761146119436628	0.961761440066155	0.64078786046551	0.680276920925571	0	0	0.781247613575148	0.52393643365618	0	0	0	0.862602567048506	0	0	0	0	0	0	0	0	0	0	0	0	0	0	0	0	0	0	0	0	0	0	0	0	0	0	0	0	0	0	0	0	0	0	0	0	0
0	0	0	0	0	0	0	0	0	0	0	0	0	0	0	0	0	0	0	0	0	0	0	0	0	0	0	0	0	0	0	0	0	0	0	0	0.612080193744018	0.623133807914244	0.658112147299801	0.512093603117215	0	0	0.701993018417764	0.960781800964368	0.717729894169961	0.699230325145776	0.7110381380456	0	0.870600978640399	0	0	0	0	0	0	0	0	0	0	0	0	0	0	0	0	0	0	0	0	0	0	0	0	0	0	0	0	0	0	0	0	0	0	0	0	0	0	0	0	0
0	0	0	0	0	0	0	0	0	0	0	0	0	0	0	0	0	0	0	0	0	0	0	0	0	0	0	0	0	0	0	0	0	0	0	0	0	0.745147587623362	0.920963297074296	0.639402719354117	0	0	0.594906749872428	0.53567707455444	0.890232058677791	0	0.556646686007384	0	0	0.822558996235735	0	0	0	0.734675234167804	0	0	0	0	0	0	0	0	0	0	0	0	0	0	0	0	0	0	0	0	0	0	0	0	0	0	0	0	0	0	0	0	0	0	0	0
0	0	0	0	0	0	0	0	0	0	0	0	0	0	0	0	0	0	0	0	0	0	0	0	0	0	0	0	0	0	0	0	0	0	0	0	0	0	0.53830515149553	0.949116411094922	0.988106160963011	0.77900901936592	0	0.971026142098229	0	0.692297400256998	0.51753833259687	0.66384502105639	0	0	0	0.852504075889449	0.822174521486174	0	0	0	0	0	0	0	0	0	0	0	0	0	0	0	0	0	0	0	0	0	0	0	0	0	0	0	0	0	0	0	0	0	0	0	0	0
0	0	0	0	0	0	0	0	0	0	0	0	0	0	0	0	0	0	0	0	0	0	0	0	0	0	0	0	0	0	0	0	0	0	0	0	0.616521167273754	0	0.509408687500467	0.548683391884462	0.83676590019353	0.68981344539456	0.855479884304692	0	0	0.7214171559102	0	0.979405168200024	0.975459478664573	0	0.696515982489038	0.878867078716606	0	0	0	0	0	0	0	0	0	0	0	0	0	0	0	0	0	0	0	0	0	0	0	0	0	0	0	0	0	0	0	0	0	0	0	0	0	0
0	0	0	0	0	0	0	0	0	0	0	0	0	0	0	0	0	0	0	0	0	0	0	0	0	0	0	0	0	0	0	0	0	0	0	0	0.834143355099056	0.867915215939464	0	0.937326443556071	0.549686964051764	0.658388834798002	0	0	0	0.78903148918258	0.850969666628717	0.912144437703101	0.942903606404583	0.61778043667295	0	0	0	0.913110067673048	0	0	0	0	0	0	0	0	0	0	0	0	0	0	0	0	0	0	0	0	0	0	0	0	0	0	0	0	0	0	0	0	0	0	0	0
0	0	0	0	0	0	0	0	0	0	0	0	0	0	0	0	0	0	0	0	0	0	0	0	0	0	0	0	0	0	0	0	0	0	0	0	0	0	0	0	0.64553048244304	0	0.513461709255762	0.899935583849707	0.731863708499425	0	0.9572748109286	0.846424300803931	0.605676238060439	0.937193780532715	0	0	0	0.899548924061816	0	0	0	0	0	0	0	0	0	0	0	0	0	0	0	0	0	0	0	0	0	0	0	0	0	0	0	0	0	0	0	0	0	0	0	0
0	0	0	0	0	0	0	0	0	0	0	0	0	0	0	0	0	0	0	0	0	0	0	0	0	0	0	0	0	0	0	0	0	0	0	0	0.905765199924563	0	0	0	0.606282097363973	0.940072361333569	0.968232742889846	0	0.584353841230389	0.946487033728265	0	0.751932106643473	0.575507430946389	0	0	0	0	0	0	0	0	0	0	0	0	0	0	0	0	0	0	0	0	0	0	0	0	0	0	0	0	0	0	0	0	0	0	0	0	0	0	0	0	0
0	0	0	0	0	0	0	0	0	0	0	0	0	0	0	0	0	0	0	0	0	0	0	0	0	0	0	0	0	0	0	0	0	0	0	0	0	0	0.504345971793562	0.705933233600494	0	0	0.602262677402842	0.971504339379737	0.690132913162762	0.62618330499063	0.649324906795123	0	0.795469406557482	0	0.773795928247568	0.878310384357721	0.932796484928714	0.639547418022682	0	0	0	0	0	0	0	0	0	0	0	0	0	0	0	0	0	0	0	0	0	0	0	0	0	0	0	0	0	0	0	0	0	0	0	0
0	0	0	0	0	0	0	0	0	0	0	0	0	0	0	0	0	0	0	0	0	0	0	0	0	0	0	0	0	0	0	0	0	0	0	0	0.650358356272809	0	0.627542629378455	0.749836400272883	0.916522711181458	0	0	0.511132890440869	0.894492570414531	0.826232125720543	0.815102763557792	0.827119264126246	0	0.990003303903275	0.851883619185912	0.663641896312673	0	0	0	0	0	0	0	0	0	0	0	0	0	0	0	0	0	0	0	0	0	0	0	0	0	0	0	0	0	0	0	0	0	0	0	0	0	0
0	0	0	0	0	0	0	0	0	0	0	0	0	0	0	0	0	0	0	0	0	0	0	0	0	0	0	0	0	0	0	0	0	0	0	0	0.694281176528578	0.884282850852955	0.809924942630825	0	0	0.706594363587269	0	0	0.857406730797193	0.90952174092555	0	0	0.87526493573527	0	0.689093116772525	0	0.651022540253797	0.625214837678588	0	0	0	0	0	0	0	0	0	0	0	0	0	0	0	0	0	0	0	0	0	0	0	0	0	0	0	0	0	0	0	0	0	0	0	0
0	0	0	0	0	0	0	0	0	0	0	0	0	0	0	0	0	0	0	0	0	0	0	0	0	0	0	0	0	0	0	0	0	0	0	0	0.925948766847715	0.526425069315312	0	0	0	0	0	0.808128608243989	0	0	0	0.725237285073985	0.744952028503783	0.605257842659051	0	0.754508169537872	0.978221059793573	0	0	0	0	0	0	0	0	0	0	0	0	0	0	0	0	0	0	0	0	0	0	0	0	0	0	0	0	0	0	0	0	0	0	0	0	0
0	0	0	0	0	0	0	0	0	0	0	0	0	0	0	0	0	0	0	0	0	0	0	0	0	0	0	0	0	0	0	0	0	0	0	0	0.761955825913324	0	0.649763575645204	0	0	0	0.832793399266934	0.588571296579362	0	0	0	0.945480017712142	0.535987066023567	0	0.918874103990301	0	0.757657550137881	0.757632619743622	0	0	0	0	0	0	0	0	0	0	0	0	0	0	0	0	0	0	0	0	0	0	0	0	0	0	0	0	0	0	0	0	0	0	0	0
0	0	0	0	0	0	0	0	0	0	0	0	0	0	0	0	0	0	0	0	0	0	0	0	0	0	0	0	0	0	0	0	0	0	0	0	0.555452172043611	0	0.623474249625941	0.971576881314542	0	0	0.560971651166581	0	0	0	0	0.56469908299973	0	0.983970577075077	0.778518257246344	0.8116231064968	0	0.795198339521161	0	0	0	0	0	0	0	0	0	0	0	0	0	0	0	0	0	0	0	0	0	0	0	0	0	0	0	0	0	0	0	0	0	0	0	0
0	0	0	0	0	0	0	0	0	0	0	0	0	0	0	0	0	0	0	0	0	0	0	0	0	0	0	0	0	0	0	0	0	0	0	0	0.651324444718276	0.645738810799461	0.634562842185167	0	0	0.831452622046312	0	0	0.604466070414574	0.916516467329047	0	0.811766862074457	0	0.835945067886682	0	0.731084735686691	0.770830564117549	0	0	0	0	0	0	0	0	0	0	0	0	0	0	0	0	0	0	0	0	0	0	0	0	0	0	0	0	0	0	0	0	0	0	0	0	0
0	0	0	0	0	0	0	0	0	0	0	0	0	0	0	0	0	0	0	0	0	0	0	0	0	0	0	0	0	0	0	0	0	0	0	0	0	0	0	0	0	0	0	0	0	0	0	0	0	0	0	0	0	0	0	0.508424288546717	0.893338032574197	0.60407896835696	0.594932867458912	0	0	0	0.808765274569136	0.596769370584462	0.536594216655956	0	0	0.8390456353144	0	0.91148546473425	0	0	0	0	0	0	0	0	0	0	0	0	0	0	0	0	0	0	0	0
0	0	0	0	0	0	0	0	0	0	0	0	0	0	0	0	0	0	0	0	0	0	0	0	0	0	0	0	0	0	0	0	0	0	0	0	0	0	0	0	0	0	0	0	0	0	0	0	0	0	0	0	0	0	0.902160758616961	0	0	0.799810499731652	0.544836518544127	0.625815768464873	0.597247093451394	0	0	0	0.644843627229241	0.559877020798629	0	0	0	0	0	0	0	0	0	0	0	0	0	0	0	0	0	0	0	0	0	0	0	0
0	0	0	0	0	0	0	0	0	0	0	0	0	0	0	0	0	0	0	0	0	0	0	0	0	0	0	0	0	0	0	0	0	0	0	0	0	0	0	0	0	0	0	0	0	0	0	0	0	0	0	0	0	0	0.844784134322063	0	0	0	0	0.8870196822487	0.518331509935292	0.798876354088773	0.725802917526992	0.773190662131565	0	0	0.986869972983778	0	0	0	0	0.873852044065076	0	0	0	0	0	0	0	0	0	0	0	0	0	0	0	0	0	0
0	0	0	0	0	0	0	0	0	0	0	0	0	0	0	0	0	0	0	0	0	0	0	0	0	0	0	0	0	0	0	0	0	0	0	0	0	0	0	0	0	0	0	0	0	0	0	0	0	0	0	0	0	0	0.912568705231123	0.659461774769558	0	0	0	0.793857001690528	0.617857962790026	0	0.652041099473545	0.74163816052909	0	0	0.964531148971622	0	0	0	0.574299167261871	0.866109819123951	0	0	0	0	0	0	0	0	0	0	0	0	0	0	0	0	0	0
0	0	0	0	0	0	0	0	0	0	0	0	0	0	0	0	0	0	0	0	0	0	0	0	0	0	0	0	0	0	0	0	0	0	0	0	0	0	0	0	0	0	0	0	0	0	0	0	0	0	0	0	0	0	0.586313698326603	0.856521704113481	0	0	0	0.800221176937187	0.912046063919085	0.859386478587735	0.645764937856222	0	0.545649958589905	0.819257664710075	0	0.991402219267576	0.816512454331841	0	0	0.70084516028893	0	0	0	0	0	0	0	0	0	0	0	0	0	0	0	0	0	0
0	0	0	0	0	0	0	0	0	0	0	0	0	0	0	0	0	0	0	0	0	0	0	0	0	0	0	0	0	0	0	0	0	0	0	0	0	0	0	0	0	0	0	0	0	0	0	0	0	0	0	0	0	0	0	0.709482238242816	0.939890952628768	0.852366997983473	0.52926021106301	0	0.701006741133862	0	0.786483745113446	0.616987824210307	0	0	0	0	0	0	0.735056850736387	0	0	0	0	0	0	0	0	0	0	0	0	0	0	0	0	0	0	0
0	0	0	0	0	0	0	0	0	0	0	0	0	0	0	0	0	0	0	0	0	0	0	0	0	0	0	0	0	0	0	0	0	0	0	0	0	0	0	0	0	0	0	0	0	0	0	0	0	0	0	0	0	0	0	0.958345990974933	0.937183828296803	0.672538585344911	0.580516700645295	0.691936782703475	0	0.795341087514565	0.673155400237351	0	0	0	0	0	0	0	0	0	0	0	0	0	0	0	0	0	0	0	0	0	0	0	0	0	0	0
0	0	0	0	0	0	0	0	0	0	0	0	0	0	0	0	0	0	0	0	0	0	0	0	0	0	0	0	0	0	0	0	0	0	0	0	0	0	0	0	0	0	0	0	0	0	0	0	0	0	0	0	0	0	0	0	0.831591947608924	0	0.839978950473162	0	0.818092079413232	0	0.942602007100186	0.515219364121503	0	0.720342087846469	0.611393564927654	0.812607606978657	0	0	0	0	0	0	0	0	0	0	0	0	0	0	0	0	0	0	0	0	0	0
0	0	0	0	0	0	0	0	0	0	0	0	0	0	0	0	0	0	0	0	0	0	0	0	0	0	0	0	0	0	0	0	0	0	0	0	0	0	0	0	0	0	0	0	0	0	0	0	0	0	0	0	0	0	0.838681068400898	0	0.851460355286206	0.842423131329546	0.758346021957214	0.786451661614035	0.951443874451436	0.978362910885859	0	0.54203290826484	0	0	0	0.802743792762188	0	0	0.864532288496046	0	0	0	0	0	0	0	0	0	0	0	0	0	0	0	0	0	0	0
0	0	0	0	0	0	0	0	0	0	0	0	0	0	0	0	0	0	0	0	0	0	0	0	0	0	0	0	0	0	0	0	0	0	0	0	0	0	0	0	0	0	0	0	0	0	0	0	0	0	0	0	0	0	0.634797725880638	0	0.543487529310684	0.949236813680985	0	0.764876713974014	0	0.935244798889483	0.848663483263758	0	0	0.604333348379033	0.842224095478858	0.611039877771917	0	0.579720114619628	0	0.746251049487228	0	0	0	0	0	0	0	0	0	0	0	0	0	0	0	0	0	0
0	0	0	0	0	0	0	0	0	0	0	0	0	0	0	0	0	0	0	0	0	0	0	0	0	0	0	0	0	0	0	0	0	0	0	0	0	0	0	0	0	0	0	0	0	0	0	0	0	0	0	0	0	0	0.711723412774805	0.994875429454368	0	0	0.87192279309774	0	0	0	0	0	0	0.535237852540994	0	0.515881297926125	0.679398684764983	0.722680700235086	0	0	0	0	0	0	0	0	0	0	0	0	0	0	0	0	0	0	0	0
0	0	0	0	0	0	0	0	0	0	0	0	0	0	0	0	0	0	0	0	0	0	0	0	0	0	0	0	0	0	0	0	0	0	0	0	0	0	0	0	0	0	0	0	0	0	0	0	0	0	0	0	0	0	0	0.670153951175987	0	0	0.762632114755989	0	0	0.914746452605639	0	0.945585976529353	0.903280141440321	0	0.645145469686548	0.890675434973031	0.624963882088367	0.502108118734314	0	0.812499806514751	0	0	0	0	0	0	0	0	0	0	0	0	0	0	0	0	0	0
0	0	0	0	0	0	0	0	0	0	0	0	0	0	0	0	0	0	0	0	0	0	0	0	0	0	0	0	0	0	0	0	0	0	0	0	0	0	0	0	0	0	0	0	0	0	0	0	0	0	0	0	0	0	0	0	0.546388027743295	0.89430856152571	0	0	0	0.686147125058855	0	0.743694799280154	0	0.541952257779707	0	0	0	0	0.842972840378014	0	0	0	0	0	0	0	0	0	0	0	0	0	0	0	0	0	0	0
0	0	0	0	0	0	0	0	0	0	0	0	0	0	0	0	0	0	0	0	0	0	0	0	0	0	0	0	0	0	0	0	0	0	0	0	0	0	0	0	0	0	0	0	0	0	0	0	0	0	0	0	0	0	0.797962446983117	0	0	0	0.721890781768672	0	0	0.550892976918352	0.807714829439753	0.570845283673723	0.833932671411838	0.576585531194168	0	0	0	0	0	0	0	0	0	0	0	0	0	0	0	0	0	0	0	0	0	0	0	0
0	0	0	0	0	0	0	0	0	0	0	0	0	0	0	0	0	0	0	0	0	0	0	0	0	0	0	0	0	0	0	0	0	0	0	0	0	0	0	0	0	0	0	0	0	0	0	0	0	0	0	0	0	0	0	0	0	0	0.680526242319418	0	0	0	0	0	0.69648946103331	0.765504813500884	0	0	0	0.930831606772399	0	0.752973305215999	0	0	0	0	0	0	0	0	0	0	0	0	0	0	0	0	0	0
0	0	0	0	0	0	0	0	0	0	0	0	0	0	0	0	0	0	0	0	0	0	0	0	0	0	0	0	0	0	0	0	0	0	0	0	0	0	0	0	0	0	0	0	0	0	0	0	0	0	0	0	0	0	0.909000796215227	0	0	0	0	0	0	0	0	0.862105485463398	0.788613367361975	0.767560961665292	0	0	0.859092421142125	0	0.679383049899345	0.756351051458001	0	0	0	0	0	0	0	0	0	0	0	0	0	0	0	0	0	0
0	0	0	0	0	0	0	0	0	0	0	0	0	0	0	0	0	0	0	0	0	0	0	0	0	0	0	0	0	0	0	0	0	0	0	0	0	0	0	0	0	0	0	0	0	0	0	0	0	0	0	0	0	0	0	0	0	0.768098591741943	0	0.655523194617722	0	0	0.770912711336437	0	0	0	0.806709314685627	0	0	0.958595508650081	0	0.677064897684577	0	0	0	0	0	0	0	0	0	0	0	0	0	0	0	0	0	0
0	0	0	0	0	0	0	0	0	0	0	0	0	0	0	0	0	0	0	0	0	0	0	0	0	0	0	0	0	0	0	0	0	0	0	0	0	0	0	0	0	0	0	0	0	0	0	0	0	0	0	0	0	0	0	0	0.675720475476424	0.944840680768984	0.735233508220324	0	0	0	0	0.703293360657322	0	0.713270346802574	0	0	0.963623422088952	0.956508452719888	0.775020719064919	0	0	0	0	0	0	0	0	0	0	0	0	0	0	0	0	0	0	0
0	0	0	0	0	0	0	0	0	0	0	0	0	0	0	0	0	0	0	0	0	0	0	0	0	0	0	0	0	0	0	0	0	0	0	0	0	0	0	0	0	0	0	0	0	0	0	0	0	0	0	0	0	0	0	0	0	0	0	0	0	0	0	0	0	0	0	0	0	0	0	0	0	0.98775237463833	0.650286263918764	0.628998691614195	0.843290326347938	0	0.571837372317087	0.794261667248811	0.647457417941977	0.968983812443621	0	0	0.675602469444363	0.773889321351428	0.653908500545146	0	0.770132575331407	0.919823612191471
0	0	0	0	0	0	0	0	0	0	0	0	0	0	0	0	0	0	0	0	0	0	0	0	0	0	0	0	0	0	0	0	0	0	0	0	0	0	0	0	0	0	0	0	0	0	0	0	0	0	0	0	0	0	0	0	0	0	0	0	0	0	0	0	0	0	0	0	0	0	0	0	0.761516192293717	0	0.839630864396557	0.727009283987791	0.822811118198584	0.549164566952249	0.603209593776755	0	0.612516932406413	0	0	0.57324966019979	0.857326045635049	0	0.814577465403767	0.545034081903836	0.858288148884064	0.990495519078671
0	0	0	0	0	0	0	0	0	0	0	0	0	0	0	0	0	0	0	0	0	0	0	0	0	0	0	0	0	0	0	0	0	0	0	0	0	0	0	0	0	0	0	0	0	0	0	0	0	0	0	0	0	0	0	0	0	0	0	0	0	0	0	0	0	0	0	0	0	0	0	0	0.886703403092086	0.787705903494455	0	0.812377008053679	0	0.775297266348089	0	0.920296286706425	0.939939207114646	0.871547109394183	0	0.61838022062266	0	0	0.540276837845739	0.887211848465359	0.667098286341554	0.977570976807165
0	0	0	0	0	0	0	0	0	0	0	0	0	0	0	0	0	0	0	0	0	0	0	0	0	0	0	0	0	0	0	0	0	0	0	0	0	0	0	0	0	0	0	0	0	0	0	0	0	0	0	0	0	0	0	0	0	0	0	0	0	0	0	0	0	0	0	0	0	0	0	0	0.780481931521203	0.936263732343373	0.758639945462318	0	0	0.758412758298904	0	0.964062393205915	0.537790221335076	0.541255347597936	0.563065426707345	0.840861107035458	0	0.671875312893058	0	0.634501313012179	0.524311947530967	0.83837647288623
0	0	0	0	0	0	0	0	0	0	0	0	0	0	0	0	0	0	0	0	0	0	0	0	0	0	0	0	0	0	0	0	0	0	0	0	0	0	0	0	0	0	0	0	0	0	0	0	0	0	0	0	0	0	0	0	0	0	0	0	0	0	0	0	0	0	0	0	0	0	0	0	0.761723699702	0.74095767383415	0	0	0	0.500441914242655	0	0.953958732919469	0	0.918063935618055	0	0.683550650670703	0.582934047645987	0.680581938397713	0.894992264100977	0	0	0.769328353147214
0	0	0	0	0	0	0	0	0	0	0	0	0	0	0	0	0	0	0	0	0	0	0	0	0	0	0	0	0	0	0	0	0	0	0	0	0	0	0	0	0	0	0	0	0	0	0	0	0	0	0	0	0	0	0	0	0	0	0	0	0	0	0	0	0	0	0	0	0	0	0	0	0	0.843234433613446	0.523497194416311	0.948929207740522	0.546457555529869	0	0.596380620534385	0.901925634731224	0.782034344999819	0.946272729451261	0.616672070379774	0	0.973119567945473	0	0	0.925042897054621	0.561770863241319	0
0	0	0	0	0	0	0	0	0	0	0	0	0	0	0	0	0	0	0	0	0	0	0	0	0	0	0	0	0	0	0	0	0	0	0	0	0	0	0	0	0	0	0	0	0	0	0	0	0	0	0	0	0	0	0	0	0	0	0	0	0	0	0	0	0	0	0	0	0	0	0	0	0.687625515212738	0.679118695926068	0	0	0	0.658579928426038	0	0.642185340713224	0.592388575321404	0.758253659266853	0.903696561246564	0	0.630513697003605	0	0.614759320939027	0.587315824455291	0	0
0	0	0	0	0	0	0	0	0	0	0	0	0	0	0	0	0	0	0	0	0	0	0	0	0	0	0	0	0	0	0	0	0	0	0	0	0	0	0	0	0	0	0	0	0	0	0	0	0	0	0	0	0	0	0	0	0	0	0	0	0	0	0	0	0	0	0	0	0	0	0	0	0.870556823618831	0	0.918776742634212	0.519839505693087	0.956425976048062	0.838788635386251	0.636831843209412	0	0.977927658181869	0.977706070885782	0.521672950910961	0.716037203571341	0.814584206457849	0	0	0	0	0
0	0	0	0	0	0	0	0	0	0	0	0	0	0	0	0	0	0	0	0	0	0	0	0	0	0	0	0	0	0	0	0	0	0	0	0	0	0	0	0	0	0	0	0	0	0	0	0	0	0	0	0	0	0	0	0	0	0	0	0	0	0	0	0	0	0	0	0	0	0	0	0	0.540753054378863	0.708507514733628	0.998317509618478	0.959801459044972	0	0.778794903779106	0.838063934133227	0.718919953221226	0	0.799894190824478	0.674276263652205	0.647664898913183	0.898766299757576	0.506568534826597	0.89634829719372	0	0.712913322479656	0
0	0	0	0	0	0	0	0	0	0	0	0	0	0	0	0	0	0	0	0	0	0	0	0	0	0	0	0	0	0	0	0	0	0	0	0	0	0	0	0	0	0	0	0	0	0	0	0	0	0	0	0	0	0	0	0	0	0	0	0	0	0	0	0	0	0	0	0	0	0	0	0	0.812830448052376	0	0.806974963139741	0.761173715204854	0.565131512654296	0.784245722889436	0.661256729733066	0.859555082375691	0.895099920550012	0	0.853467291255968	0	0.576629757645563	0.815174190292834	0	0	0.712372283226072	0.988099880326075
0	0	0	0	0	0	0	0	0	0	0	0	0	0	0	0	0	0	0	0	0	0	0	0	0	0	0	0	0	0	0	0	0	0	0	0	0	0	0	0	0	0	0	0	0	0	0	0	0	0	0	0	0	0	0	0	0	0	0	0	0	0	0	0	0	0	0	0	0	0	0	0	0	0	0	0.744557373966242	0	0.884008436663336	0.899469806469391	0.542118532690265	0.740783094833932	0.818631944712131	0	0.666154819796629	0.637654491125954	0.688800528504413	0.753288878126219	0.524568388568619	0.685637286131839	0.708549692905101
0	0	0	0	0	0	0	0	0	0	0	0	0	0	0	0	0	0	0	0	0	0	0	0	0	0	0	0	0	0	0	0	0	0	0	0	0	0	0	0	0	0	0	0	0	0	0	0	0	0	0	0	0	0	0	0	0	0	0	0	0	0	0	0	0	0	0	0	0	0	0	0	0	0.811327994411696	0.562047884450995	0.724611567292292	0.706400666207715	0	0	0.911329817020119	0.750729956863739	0	0.938105082100074	0	0.925067412333476	0.989175723957594	0.976016873301669	0.922404273621901	0	0
0	0	0	0	0	0	0	0	0	0	0	0	0	0	0	0	0	0	0	0	0	0	0	0	0	0	0	0	0	0	0	0	0	0	0	0	0	0	0	0	0	0	0	0	0	0	0	0	0	0	0	0	0	0	0	0	0	0	0	0	0	0	0	0	0	0	0	0	0	0	0	0	0.511590180328819	0.806536228458002	0	0	0.515584787469502	0.941395328579326	0.821475484162977	0.612925294363123	0.610365596522562	0.564758007763766	0.500915277298578	0.846363380724982	0	0	0.913835645943967	0.643434060051123	0.664249605589291	0.984120878609804
0	0	0	0	0	0	0	0	0	0	0	0	0	0	0	0	0	0	0	0	0	0	0	0	0	0	0	0	0	0	0	0	0	0	0	0	0	0	0	0	0	0	0	0	0	0	0	0	0	0	0	0	0	0	0	0	0	0	0	0	0	0	0	0	0	0	0	0	0	0	0	0	0.524604825561412	0	0	0.96085507872043	0.76039911801137	0	0	0	0.718704716180139	0.87236213394135	0.617846539110805	0.662839747294759	0	0	0	0.753540331954866	0.609576855789687	0.684715253013585
0	0	0	0	0	0	0	0	0	0	0	0	0	0	0	0	0	0	0	0	0	0	0	0	0	0	0	0	0	0	0	0	0	0	0	0	0	0	0	0	0	0	0	0	0	0	0	0	0	0	0	0	0	0	0	0	0	0	0	0	0	0	0	0	0	0	0	0	0	0	0	0	0.874735691190586	0.663405430714713	0.9340234331297	0	0.643554058153328	0	0.836661994073743	0	0.933363773803915	0	0.761240648490062	0.72590154458322	0.886539403264566	0	0	0.754755659513545	0.583234970910035	0.575606527472304
0	0	0	0	0	0	0	0	0	0	0	0	0	0	0	0	0	0	0	0	0	0	0	0	0	0	0	0	0	0	0	0	0	0	0	0	0	0	0	0	0	0	0	0	0	0	0	0	0	0	0	0	0	0	0	0	0	0	0	0	0	0	0	0	0	0	0	0	0	0	0	0	0	0.90519893906557	0.6706150744979	0.684540707243324	0	0.970239002131129	0.753571376943728	0	0	0	0.53463543399598	0.851506804178906	0.838222569340014	0.832470175123846	0.934834951410754	0	0.878610706716471	0
0	0	0	0	0	0	0	0	0	0	0	0	0	0	0	0	0	0	0	0	0	0	0	0	0	0	0	0	0	0	0	0	0	0	0	0	0	0	0	0	0	0	0	0	0	0	0	0	0	0	0	0	0	0	0	0	0	0	0	0	0	0	0	0	0	0	0	0	0	0	0	0	0.8066533349684	0.923029572739401	0.586948559493865	0.967953809542722	0	0.841686469305807	0	0	0.856754653611999	0.538319686665303	0.951264126142118	0	0.728522267684845	0.943562702767306	0.73232768362684	0.970058215024523	0	0.63933502824915
0	0	0	0	0	0	0	0	0	0	0	0	0	0	0	0	0	0	0	0	0	0	0	0	0	0	0	0	0	0	0	0	0	0	0	0	0	0	0	0	0	0	0	0	0	0	0	0	0	0	0	0	0	0	0	0	0	0	0	0	0	0	0	0	0	0	0	0	0	0	0	0	0.566764674683731	0.79216258897259	0.733939584596301	0.615093085677782	0.712104443225224	0	0	0	0	0.785343618696325	0.777731455503149	0	0.773016285465974	0.828135245519293	0.973921643044912	0	0.91335241829085	0
