0	0.803228990619587	0.703438188868482	0.745200861717685	0.690518310430048	0.545561154389455	0	0	0	0	0	0	0	0	0	0	0	0	0	0	0	0	0	0	0	0	0.941050333836901	0	0	0.550433224747678	0	0	0	0	0	0	0	0	0	0	0	0	0	0	0	0	0	0	0	0	0	0	0	0	0	0	0	0	0	0	0	0	0	0	0	0	0	0	0	0	0	0	0	0	0	0	0	0	0	0	0	0	0	0	0	0	0	0	0	0
0.732401740860161	0	0.782863797975943	0.901649480502392	0.737245887142779	0.911171534745874	0.573525237347088	0.896410198104332	0	0	0	0	0	0	0	0	0	0.924180354061223	0	0	0	0	0	0	0	0	0.713063531921085	0.686772054644061	0.846461422157554	0.594726195714292	0	0	0	0	0	0	0	0	0	0	0	0	0	0	0	0	0	0	0	0	0	0	0	0	0	0	0	0	0	0	0	0	0	0	0	0	0	0	0	0	0	0	0	0	0	0	0	0	0	0	0	0	0	0	0	0	0	0	0	0
0.982885460185391	0.500106756200794	0	0.713627446731814	0.703132224465652	0.632933459786185	0.666040154090978	0.672900451543779	0	0	0	0	0	0	0	0	0	0	0	0	0	0	0	0	0	0	0	0.511395889938482	0.835361809248879	0	0	0	0	0	0	0	0	0	0	0	0	0	0	0	0	0	0	0	0	0	0	0	0	0	0	0	0	0	0	0	0	0	0	0	0	0	0	0	0	0	0	0	0	0	0	0	0	0	0	0	0	0	0	0	0	0	0	0	0	0
0.619111261638472	0.7884196384571	0.886815192416019	0	0	0.796470313153274	0.97494854893377	0.817299931367893	0.890275982253361	0	0	0	0	0	0	0	0	0	0	0	0	0.525966549836594	0	0	0	0.553822906849072	0	0	0.536553855325068	0.577187568356915	0	0	0	0	0	0	0	0	0	0	0	0	0	0	0	0	0	0	0	0	0	0	0	0	0	0	0	0	0	0	0	0	0	0	0	0	0	0	0	0	0	0	0	0	0	0	0	0	0	0	0	0	0	0	0	0	0	0	0	0
0.799890289313037	0.805084437433448	0.832020092548168	0	0	0.598178450777489	0.58775774257949	0.912449466804049	0.538484755467343	0	0	0	0	0	0	0	0	0	0	0	0	0	0	0	0	0	0.784305153466622	0	0	0.594302273135558	0	0	0	0	0	0	0	0	0	0	0	0	0	0	0	0	0	0	0	0	0	0	0	0	0	0	0	0	0	0	0	0	0	0	0	0	0	0	0	0	0	0	0	0	0	0	0	0	0	0	0	0	0	0	0	0	0	0	0	0
0.985724686758441	0.950998302169765	0.618299994365444	0.956793381132332	0.693214247841829	0	0.801646101381844	0.818407236641137	0.600225772633077	0.763392331448577	0.979921852303075	0	0	0	0	0	0	0	0	0	0	0	0	0	0	0	0	0	0	0	0	0	0	0	0	0	0	0	0	0	0	0	0	0	0	0	0	0	0	0	0	0	0	0	0	0	0	0	0	0	0	0	0	0	0	0	0	0	0	0	0	0	0	0	0	0	0	0	0	0	0	0	0	0	0	0	0	0	0	0
0	0.765430496614364	0.927138550637873	0.750449677343171	0.890159705450963	0.667065854199186	0	0.920907939981177	0.581211543273492	0.76866639055866	0.598880324702685	0.740415641899007	0	0	0.832947714664822	0	0	0	0	0	0	0	0	0	0	0	0	0	0	0	0	0	0	0	0	0	0	0	0	0	0	0	0	0	0	0	0	0	0	0	0	0	0	0	0	0	0	0	0	0	0	0	0	0	0	0	0	0	0	0	0	0	0	0	0	0	0	0	0	0	0	0	0	0	0	0	0	0	0	0
0	0.546569853172124	0.837507517777754	0.70182383830591	0.734915324212395	0.870425002798109	0.50948483717766	0	0.733637546646218	0.787589989317324	0.983947244761185	0	0	0	0	0	0	0	0	0	0	0	0	0	0	0.532619540563056	0	0	0	0	0	0	0	0	0	0	0	0	0	0	0	0	0	0	0	0	0	0	0	0	0	0	0	0	0	0	0	0	0	0	0	0	0	0	0	0	0	0	0	0	0	0	0	0	0	0	0	0	0	0	0	0	0	0	0	0	0	0	0	0
0	0	0	0.607397138987429	0.777376911029712	0.725220698697511	0.668968843987015	0.881419049204235	0	0.805476349271101	0.579780213007017	0.913749983316359	0.536858089863665	0.545617321778349	0	0	0	0	0	0	0	0	0	0	0	0	0	0	0	0	0	0	0	0	0	0	0	0	0	0	0	0	0	0	0	0	0	0	0	0	0	0	0	0	0	0	0	0	0	0	0	0	0	0	0	0	0	0	0	0	0	0	0	0	0	0	0	0	0	0	0	0	0	0	0	0	0	0	0	0
0	0	0	0	0	0.961808138678495	0.7056352083574	0.817936932449362	0.610646385108513	0	0.526665083074665	0.588126190697833	0.503341067504853	0.703768556418319	0.500979088192462	0	0	0	0	0	0	0	0	0	0	0	0	0	0	0	0	0	0	0	0	0	0	0	0	0	0	0	0	0	0	0	0	0	0	0	0	0	0	0	0	0	0	0	0	0	0	0	0	0	0	0	0	0	0	0	0	0	0	0	0	0	0	0	0	0	0	0	0	0	0	0	0	0	0	0
0	0	0	0	0	0.863337048082019	0.839806979686966	0.93477784597246	0.510174828436554	0.836086568080942	0	0.51263758245799	0.80922088726857	0.730267622156929	0.535458778503399	0.603729384137345	0	0	0	0	0	0	0	0	0	0	0	0	0	0	0	0	0	0	0	0	0	0	0	0	0	0	0	0	0	0	0	0	0	0	0	0	0	0	0	0	0	0	0	0	0	0	0	0	0	0	0	0	0	0	0	0	0	0	0	0	0	0	0	0	0	0	0	0	0	0	0	0	0	0
0	0	0	0	0	0	0.963219436670497	0	0.973806366032471	0.770100302054231	0.983000380611942	0	0.675358554907437	0.750894729889134	0.790601598011572	0.543118086454438	0.788626438728509	0	0	0	0	0	0	0	0	0	0	0	0	0	0	0	0	0	0	0	0	0	0	0	0	0	0	0	0	0	0	0	0	0	0	0	0	0	0	0	0	0	0	0	0	0	0	0	0	0	0	0	0	0	0	0	0	0	0	0	0	0	0	0	0	0	0	0	0	0	0	0	0	0
0	0	0	0	0	0	0	0	0.522564847246086	0.681999739906745	0.749361675089604	0.608385220873336	0	0.988764310188387	0.928140800070832	0.942674212410701	0.912903702370557	0.934751644321825	0	0	0	0	0	0	0	0	0	0	0	0	0	0	0	0	0	0	0	0	0	0	0	0	0	0	0	0	0	0	0	0	0	0	0	0	0	0	0	0	0	0	0	0	0	0	0	0	0	0	0	0	0	0	0	0	0	0	0	0	0	0	0	0	0	0	0	0	0	0	0	0
0	0	0	0	0	0	0	0	0.907292238508147	0.690654869043236	0.695499269932788	0.924936117493379	0.75745439224518	0	0.694465330709124	0.701852249499999	0.709984596361182	0.831668422566716	0.989131120365385	0	0	0	0	0	0	0	0	0	0	0	0	0	0	0	0	0	0	0	0	0	0	0	0	0	0	0	0	0	0	0	0	0	0	0	0	0	0	0	0	0	0	0	0	0	0	0	0	0	0	0	0	0	0	0	0	0	0	0	0	0	0	0	0	0	0	0	0	0	0	0
0	0	0	0	0	0	0.802487171325313	0	0	0.785017464511371	0.535674446782023	0.644139926933002	0.679361747414505	0.833781378998048	0	0.616348426773153	0.514897157964949	0.590447812133361	0	0.872865248750271	0	0	0.624316656453239	0	0	0	0	0	0.732937849189428	0	0	0	0	0	0	0	0	0	0	0	0	0	0	0	0	0	0	0	0	0	0	0	0	0	0	0	0	0	0	0	0	0	0	0	0	0	0	0	0	0	0	0	0	0	0	0	0	0	0	0	0	0	0	0	0	0	0	0	0	0
0	0	0	0	0	0	0	0	0	0	0.830738143262711	0.666142470731963	0.662779826781653	0.84619790755541	0.641838119931028	0	0.940051358052452	0.773965661893195	0.704163725692576	0.772732147366795	0.537847228914007	0	0.681298108541957	0	0	0	0	0	0	0	0	0	0	0	0	0	0	0	0	0	0	0	0	0	0	0	0	0	0	0	0	0	0	0	0	0	0	0	0	0	0	0	0	0	0	0	0	0	0	0	0	0	0	0	0	0	0	0	0	0	0	0	0	0	0	0	0	0	0	0
0	0	0	0	0	0	0	0	0	0	0	0.950313504661344	0.882249585946749	0.853298045223984	0.62597747319932	0.729733355744511	0	0.868360853710348	0.624112293210251	0.567526695935895	0.533676069575325	0	0.62260356843341	0	0	0	0	0	0	0	0	0	0	0	0	0	0	0	0	0	0	0	0	0	0	0	0	0	0	0	0	0	0	0	0	0	0	0	0	0	0	0	0	0	0	0	0	0	0	0	0	0	0	0	0	0	0	0	0	0	0	0	0	0	0	0	0	0	0	0
0	0.754597255753338	0	0	0	0	0	0	0	0	0	0	0.846497225115641	0.665125624339649	0.699304728135434	0.700693292270948	0.597767202867209	0	0.998103311544428	0	0.661973183097946	0.920963965663883	0.724650886527668	0	0	0	0	0.734374847485256	0	0	0	0	0	0	0	0	0	0	0	0	0	0	0	0	0	0	0	0	0	0	0	0	0	0	0	0	0	0	0	0	0	0	0	0	0	0	0	0	0	0	0	0	0	0	0	0	0	0	0	0	0	0	0	0	0	0	0	0	0	0
0	0	0	0	0	0	0	0	0	0	0	0	0	0.732992651360573	0	0.618008808331652	0.703235793743348	0.686140919439601	0	0.605946405431334	0.759392594368677	0.587233712331202	0.513223699537932	0.895705110952746	0	0	0	0	0	0	0	0	0	0	0	0	0	0	0	0	0	0	0	0	0	0	0	0	0	0	0	0	0	0	0	0	0	0	0	0	0	0	0	0	0	0	0	0	0	0	0	0	0	0	0	0	0	0	0	0	0	0	0	0	0	0	0	0	0	0
0	0	0	0	0	0	0	0	0	0	0	0	0	0	0.526996249457516	0.813848401640774	0.758836500991605	0	0.905208439999045	0	0.50215117555069	0.629035689015949	0.940966220060086	0.580876639971097	0.76297726162953	0	0	0	0	0	0	0	0	0	0	0	0	0	0	0	0	0	0	0	0	0	0	0	0	0	0	0	0	0	0	0	0	0	0	0	0	0	0	0	0	0	0	0	0	0	0	0	0	0	0	0	0	0	0	0	0	0	0	0	0	0	0	0	0	0
0	0	0	0	0	0	0	0	0	0	0	0	0	0	0	0.8188303716914	0.503454465565531	0.927873810489789	0.599542765200183	0.703528443566902	0	0.700134957702514	0.519321104723545	0.830930206991933	0.507895803722063	0.81090027908464	0	0	0	0	0	0	0	0	0	0	0	0	0	0	0	0	0	0	0	0	0	0	0	0	0	0	0	0	0	0	0	0	0	0	0	0	0	0	0	0	0	0	0	0	0	0	0	0	0	0	0	0	0	0	0	0	0	0	0	0	0	0	0	0
0	0	0	0.759005584000396	0	0	0	0	0	0	0	0	0	0	0	0	0	0.903925161485563	0.668818278478533	0.556579883420444	0.608617439188031	0	0.533442481860262	0.582979122543177	0.608292822575703	0.836451512013565	0.816254656562575	0	0	0.936209965766808	0	0	0	0	0	0	0	0	0	0	0	0	0	0	0	0	0	0	0	0	0	0	0	0	0	0	0	0	0	0	0	0	0	0	0	0	0	0	0	0	0	0	0	0	0	0	0	0	0	0	0	0	0	0	0	0	0	0	0	0
0	0	0	0	0	0	0	0	0	0	0	0	0	0	0.737707119892782	0.799113638956135	0.940478899842029	0.932157814384304	0.538449112486074	0.974199546509697	0.702825081529479	0.649210868622754	0	0.604760784094009	0.753363299782328	0	0.561794675203657	0	0.562532901001722	0	0	0	0	0	0	0	0	0	0	0	0	0	0	0	0	0	0	0	0	0	0	0	0	0	0	0	0	0	0	0	0	0	0	0	0	0	0	0	0	0	0	0	0	0	0	0	0	0	0	0	0	0	0	0	0	0	0	0	0	0
0	0	0	0	0	0	0	0	0	0	0	0	0	0	0	0	0	0	0.520048109275193	0.632611015540872	0.532642283447181	0.774764188724715	0.573753413931998	0	0.987275369480843	0.96658157089399	0.744284915140897	0.872484129603236	0.925714961845628	0	0	0	0	0	0	0	0	0	0	0	0	0	0	0	0	0	0	0	0	0	0	0	0	0	0	0	0	0	0	0	0	0	0	0	0	0	0	0	0	0	0	0	0	0	0	0	0	0	0	0	0	0	0	0	0	0	0	0	0	0
0	0	0	0	0	0	0	0	0	0	0	0	0	0	0	0	0	0	0	0.540214116257073	0.849630211446311	0.956108741887508	0.747632456617471	0.754248516470338	0	0.660633405484015	0.812280963939129	0.806496631537883	0.848145089020438	0.535248353193235	0	0	0	0	0	0	0	0	0	0	0	0	0	0	0	0	0	0	0	0	0	0	0	0	0	0	0	0	0	0	0	0	0	0	0	0	0	0	0	0	0	0	0	0	0	0	0	0	0	0	0	0	0	0	0	0	0	0	0	0
0	0	0	0.797993397487618	0	0	0	0.943786587279888	0	0	0	0	0	0	0	0	0	0	0	0	0.786211151975531	0.957415862940435	0	0.658674801775142	0.749397236609845	0	0.74513220244997	0.523496825483476	0.547909178922824	0.917279404548065	0	0	0	0	0	0	0	0	0	0	0	0	0	0	0	0	0	0	0	0	0	0	0	0	0	0	0	0	0	0	0	0	0	0	0	0	0	0	0	0	0	0	0	0	0	0	0	0	0	0	0	0	0	0	0	0	0	0	0	0
0.676898637186253	0.99217863602577	0	0	0.853115531238508	0	0	0	0	0	0	0	0	0	0	0	0	0	0	0	0	0.702958598136275	0.532030962938513	0.715015467742274	0.654794436289248	0.831230475162377	0	0.70193215820055	0.630848685373498	0.964201029626862	0	0	0	0	0	0	0	0	0	0	0	0	0	0	0	0	0	0	0	0	0	0	0	0	0	0	0	0	0	0	0	0	0	0	0	0	0	0	0	0	0	0	0	0	0	0	0	0	0	0	0	0	0	0	0	0	0	0	0	0
0	0.662495759482222	0.646742207879728	0	0	0	0	0	0	0	0	0	0	0	0	0	0	0.909160169513617	0	0	0	0	0	0.945105254858923	0.762230428671481	0.942297306341567	0.707926111571243	0	0.704528492733537	0.539080652182751	0	0	0	0	0	0	0	0	0	0	0	0	0	0	0	0	0	0	0	0	0	0	0	0	0	0	0	0	0	0	0	0	0	0	0	0	0	0	0	0	0	0	0	0	0	0	0	0	0	0	0	0	0	0	0	0	0	0	0	0
0	0.968950867300909	0.725482994177963	0.535320011810049	0	0	0	0	0	0	0	0	0	0	0.850525200439765	0	0	0	0	0	0	0	0.97072565571942	0.658098350982839	0.884563580241184	0.614861279618763	0.698424873581801	0.822079346927148	0	0	0	0	0	0	0	0	0	0	0	0	0	0	0	0	0	0	0	0	0	0	0	0	0	0	0	0	0	0	0	0	0	0	0	0	0	0	0	0	0	0	0	0	0	0	0	0	0	0	0	0	0	0	0	0	0	0	0	0	0	0
0.709139964207404	0.526326469324402	0	0.923744443614916	0.880267151406066	0	0	0	0	0	0	0	0	0	0	0	0	0	0	0	0	0.800443406158074	0	0	0.721553261759587	0.959863677775108	0.835899486655347	0.703024633006116	0	0	0	0	0	0	0	0	0	0	0	0	0	0	0	0	0	0	0	0	0	0	0	0	0	0	0	0	0	0	0	0	0	0	0	0	0	0	0	0	0	0	0	0	0	0	0	0	0	0	0	0	0	0	0	0	0	0	0	0	0	0
0	0	0	0	0	0	0	0	0	0	0	0	0	0	0	0	0	0	0	0	0	0	0	0	0	0	0	0	0	0	0	0	0	0.837949802247001	0.781883950689833	0	0.779399642061592	0	0.627966091760275	0	0.700261717077939	0	0	0	0	0.753985003453062	0.927240438712016	0	0.888930521164795	0.851490588692256	0.679810364065929	0	0.544823247241881	0.715825625850063	0.97907191758224	0	0.968833811312347	0	0	0.986419843567407	0	0	0	0	0	0	0	0	0	0	0	0	0	0	0	0	0	0	0	0	0	0	0	0	0	0	0	0	0	0
0	0	0	0	0	0	0	0	0	0	0	0	0	0	0	0	0	0	0	0	0	0	0	0	0	0	0	0	0	0	0	0	0.622376486119375	0.945121137990694	0	0.941996796857878	0	0.538225419693515	0.994330883226294	0.582893453291171	0	0.574624189505282	0.999035657768585	0.956095735586062	0	0.636697761978883	0	0	0	0.875169881666938	0	0	0	0	0	0.7914593567917	0	0.540536633026883	0	0	0	0	0	0	0	0	0	0	0	0	0	0	0	0	0	0	0	0	0	0	0	0	0	0	0	0	0	0	0	0
0	0	0	0	0	0	0	0	0	0	0	0	0	0	0	0	0	0	0	0	0	0	0	0	0	0	0	0	0	0	0	0.611036481793763	0	0	0.758210043245293	0	0	0	0	0	0	0.515400493069897	0	0	0.681262997356811	0	0	0.887585659422462	0.520142343594498	0.649660384488062	0.808668530120237	0.622472451378442	0	0	0.565254259098913	0.905104834925102	0	0.871724018579688	0	0	0	0	0	0	0	0	0	0	0	0	0	0	0	0	0	0	0	0	0	0	0	0	0	0	0	0	0	0	0	0
0	0	0	0	0	0	0	0	0	0	0	0	0	0	0	0	0	0	0	0	0	0	0	0	0	0	0	0	0	0	0.890192507303135	0.881577261349348	0	0	0.651432573465662	0.565100776845887	0	0.855732505084405	0	0.857496270805314	0	0.637909370256177	0	0	0	0.531889591874563	0	0	0.646165785662867	0.792158913486666	0.5504208039494	0	0	0	0	0.950084030784139	0	0	0.58415719741206	0.983970943795564	0	0	0	0	0	0	0	0	0	0	0	0	0	0	0	0	0	0	0	0	0	0	0	0	0	0	0	0	0	0
0	0	0	0	0	0	0	0	0	0	0	0	0	0	0	0	0	0	0	0	0	0	0	0	0	0	0	0	0	0	0.666156009653671	0	0.525438045139375	0.545110825149377	0	0	0.672644473471373	0	0.984456322906638	0	0	0	0	0.810826327406308	0.804535594249145	0.956753618042664	0.954922198920374	0	0.779513923309209	0.996314970915985	0.581955771495954	0	0	0	0	0	0.851763661148009	0.731101640777229	0	0	0	0	0	0	0	0	0	0	0	0	0	0	0	0	0	0	0	0	0	0	0	0	0	0	0	0	0	0	0	0
0	0	0	0	0	0	0	0	0	0	0	0	0	0	0	0	0	0	0	0	0	0	0	0	0	0	0	0	0	0	0	0.535895822249209	0	0.775155767752849	0	0	0	0.588187673997166	0	0.875920004400505	0.750918689617678	0.588887992376703	0	0	0	0	0	0.633746276507613	0	0	0.987377884636182	0	0	0.684775803475381	0.820480206923442	0.93860184985374	0	0	0	0	0	0	0	0	0	0	0	0	0	0	0	0	0	0	0	0	0	0	0	0	0	0	0	0	0	0	0	0	0	0
0	0	0	0	0	0	0	0	0	0	0	0	0	0	0	0	0	0	0	0	0	0	0	0	0	0	0	0	0	0	0.524185949978295	0	0	0	0.937799410632216	0	0	0.728872480410772	0	0.718007418985914	0.569601694715883	0	0.537597845036711	0.719355072403476	0.964995829047729	0	0	0.787415713326545	0	0.920299168100943	0.64759257669116	0.811828860289656	0	0	0	0	0	0	0	0.558722981617986	0	0	0	0	0	0	0	0	0	0	0	0	0	0	0	0	0	0	0	0	0	0	0	0	0	0	0	0	0	0
0	0	0	0	0	0	0	0	0	0	0	0	0	0	0	0	0	0	0	0	0	0	0	0	0	0	0	0	0	0	0	0.848265013042613	0	0.821990641787362	0	0.79160455344731	0.960829807395206	0	0.819204197771281	0.944853030577927	0.873690788215982	0	0	0	0	0	0	0.976527249612257	0	0	0.744007298133897	0.765589414961211	0.545604720859169	0	0.861453805984389	0	0.8226116767434	0	0.855318056572086	0	0	0	0	0	0	0	0	0	0	0	0	0	0	0	0	0	0	0	0	0	0	0	0	0	0	0	0	0	0	0
0	0	0	0	0	0	0	0	0	0	0	0	0	0	0	0	0	0	0	0	0	0	0	0	0	0	0	0	0	0	0.89851133745164	0.687887769013953	0	0	0.90449457463942	0	0	0.682736987148945	0	0.562038186227607	0	0	0	0	0.869791324778759	0.76997295707247	0.59301726501193	0.621112709626329	0	0	0	0	0	0.608290094180668	0	0.992247495917444	0	0.801773740616015	0	0	0	0	0	0	0	0	0	0	0	0	0	0	0	0	0	0	0	0	0	0	0	0	0	0	0	0	0	0	0	0
0	0	0	0	0	0	0	0	0	0	0	0	0	0	0	0	0	0	0	0	0	0	0	0	0	0	0	0	0	0	0	0.733470892188664	0	0.95040282704435	0	0.963495505193583	0.814789947583514	0.570165466065407	0.979404753822386	0	0.945662847357608	0	0.814572499646136	0	0	0.645987873929308	0	0	0	0	0	0.876585031859416	0	0.515655332361316	0.708860801482114	0.768382410112248	0.634972288879372	0.917270080763313	0	0	0	0	0	0	0	0	0	0	0	0	0	0	0	0	0	0	0	0	0	0	0	0	0	0	0	0	0	0	0	0
0	0	0	0	0	0	0	0	0	0	0	0	0	0	0	0	0	0	0	0	0	0	0	0	0	0	0	0	0	0	0.793611462486085	0	0	0	0	0.951082848721376	0.536496587303822	0.874525275519682	0	0.838076055428217	0	0.566715500373348	0	0	0	0.884889302026771	0.517350618217479	0.925612512745807	0.917687575267014	0	0.796644166022265	0.83332739564518	0.590559147665487	0	0	0	0.863615380228308	0	0.889034174635272	0	0	0	0	0	0	0	0	0	0	0	0	0	0	0	0	0	0	0	0	0	0	0	0	0	0	0	0	0	0	0
0	0	0	0	0	0	0	0	0	0	0	0	0	0	0	0	0	0	0	0	0	0	0	0	0	0	0	0	0	0	0	0.747640893668913	0.563773251776341	0.748534343440539	0	0.901424112053887	0	0	0	0	0.980451103717358	0	0.688628191522398	0.933982760499473	0.998780139382211	0	0.897208995593486	0.862047001392207	0	0	0	0	0	0	0	0	0.70543950935898	0.531072371443685	0.837924585280312	0.998353586910081	0	0	0	0	0	0	0	0	0	0	0	0	0	0	0	0	0	0	0	0	0	0	0	0	0	0	0	0	0	0
0	0	0	0	0	0	0	0	0	0	0	0	0	0	0	0	0	0	0	0	0	0	0	0	0	0	0	0	0	0	0	0.836428852932826	0	0	0	0	0.695846551719972	0	0	0.551194329086308	0	0.924483613444555	0	0	0.898647670420648	0.96639633506811	0.851183203393356	0	0.618940919593567	0	0.600517280536966	0.618891191918866	0.948744902359	0.677590927497242	0	0	0.760122358444554	0.993087876322633	0	0	0	0	0	0	0	0	0	0	0	0	0	0	0	0	0	0	0	0	0	0	0	0	0	0	0	0	0	0	0	0
0	0	0	0	0	0	0	0	0	0	0	0	0	0	0	0	0	0	0	0	0	0	0	0	0	0	0	0	0	0	0	0.572482926757464	0	0	0.819354676649116	0	0.726087074685962	0	0	0	0	0.949378264349562	0	0	0	0.527126227808881	0.518781230969523	0.676924502121414	0	0	0.762405693266745	0	0.647302217225903	0	0.90749578245732	0.796007405466138	0	0.792866608411851	0.78771858261797	0.775093742216001	0	0	0	0	0	0	0	0	0	0	0	0	0	0	0	0	0	0	0	0	0	0	0	0	0	0	0	0	0	0
0	0	0	0	0	0	0	0	0	0	0	0	0	0	0	0	0	0	0	0	0	0	0	0	0	0	0	0	0	0	0	0	0.654498500694729	0	0.904671938152502	0	0.966637391361848	0	0.753811145501929	0	0	0.917716881771159	0.857618484861014	0	0	0.921026778598624	0	0.608883151924249	0.67171195372922	0.879521091154674	0	0.863405365555925	0.847387243722342	0.658384705611733	0.580183685549673	0.612997761733694	0	0.5194806202889	0.521100289667315	0	0	0	0	0	0	0	0	0	0	0	0	0	0	0	0	0	0	0	0	0	0	0	0	0	0	0	0	0	0	0
0	0	0	0	0	0	0	0	0	0	0	0	0	0	0	0	0	0	0	0	0	0	0	0	0	0	0	0	0	0	0.528947492351199	0.686905058946836	0	0.807565522880303	0.56971565600573	0	0	0	0.597973967753598	0.962828870315677	0.666183844995845	0	0.871886857020201	0.996559796648282	0.667269637066057	0	0.560306180673923	0	0.936494759227258	0	0.838465462032513	0	0	0	0	0	0.974288030348844	0.523695798622376	0	0	0	0	0	0	0	0	0	0	0	0	0	0	0	0	0	0	0	0	0	0	0	0	0	0	0	0	0	0	0	0
0	0	0	0	0	0	0	0	0	0	0	0	0	0	0	0	0	0	0	0	0	0	0	0	0	0	0	0	0	0	0.587665777756128	0	0	0	0.513342710114689	0	0	0	0.997166441483064	0	0.691159598944279	0.923118321445113	0.84647730973312	0.732425683387463	0	0.904868515313815	0	0	0	0.618658969459286	0	0	0.6323234713616	0	0.830223905658687	0	0.815836374243212	0.992193763602298	0.702912848339711	0.829048723121743	0	0	0	0	0	0	0	0	0	0	0	0	0	0	0	0	0	0	0	0	0	0	0	0	0	0	0	0	0	0
0	0	0	0	0	0	0	0	0	0	0	0	0	0	0	0	0	0	0	0	0	0	0	0	0	0	0	0	0	0	0	0	0.563118063953522	0	0	0.723834718939127	0.715069590289111	0.585267771510261	0.769435575867234	0	0.794172493441651	0.72901385353451	0	0.847319979687877	0.918993581488663	0	0	0	0.755933750997779	0	0.682510035309213	0	0.559087536091268	0	0	0	0.802123522564383	0.676207747566834	0.545143677727547	0	0	0	0	0	0	0	0	0	0	0	0	0	0	0	0	0	0	0	0	0	0	0	0	0	0	0	0	0	0	0
0	0	0	0	0	0	0	0	0	0	0	0	0	0	0	0	0	0	0	0	0	0	0	0	0	0	0	0	0	0	0.618885799226452	0	0.515428422824574	0.742167178188979	0.608709878373218	0	0	0	0	0	0.520663025331274	0	0.865045868625165	0	0.625317896613242	0.634001311613444	0	0.741564725023964	0	0	0.924398130474524	0.660360504901589	0	0	0.911116475011714	0.690574800215595	0	0.666382829753444	0	0	0	0	0	0	0	0	0	0	0	0	0	0	0	0	0	0	0	0	0	0	0	0	0	0	0	0	0	0	0	0
0	0	0	0	0	0	0	0	0	0	0	0	0	0	0	0	0	0	0	0	0	0	0	0	0	0	0	0	0	0	0.825914923741102	0.526001277170163	0.69035078304327	0.902182516295914	0.919508484923944	0	0.799814966612961	0	0	0	0	0	0	0	0.508028880540024	0	0.662155320649288	0	0	0	0	0.820455816417574	0.855886036441052	0.516655783761631	0	0.804418305926247	0	0	0.674010259169507	0	0	0	0	0	0	0	0	0	0	0	0	0	0	0	0	0	0	0	0	0	0	0	0	0	0	0	0	0	0	0
0	0	0	0	0	0	0	0	0	0	0	0	0	0	0	0	0	0	0	0	0	0	0	0	0	0	0	0	0	0	0.651374624241948	0	0.977947095055599	0.574307023221184	0.519577759810932	0.707278239787042	0.917150501887453	0.684998200286648	0	0	0.661677758510462	0	0.851587158005741	0.568861027817863	0	0.667730655229502	0	0.794171316194679	0.680728574185811	0	0	0	0.739506067040556	0	0.742225795951938	0	0.575965760009923	0.908304909741789	0	0.947323147318994	0	0	0	0	0	0	0	0	0	0	0	0	0	0	0	0	0	0	0	0	0	0	0	0	0	0	0	0	0	0
0	0	0	0	0	0	0	0	0	0	0	0	0	0	0	0	0	0	0	0	0	0	0	0	0	0	0	0	0	0	0	0	0.88145450934784	0	0	0	0.819572278466858	0.812304396682375	0	0.969935805808635	0.592508812161875	0	0.79455482354466	0	0.532600568826867	0	0	0	0.618852143416227	0.603433810122737	0	0	0.796388904636003	0	0.568239733003208	0	0	0.971465474413623	0	0	0	0	0	0	0	0	0	0	0	0	0	0	0	0	0	0	0	0	0	0	0	0	0	0	0	0	0	0	0	0
0	0	0	0	0	0	0	0	0	0	0	0	0	0	0	0	0	0	0	0	0	0	0	0	0	0	0	0	0	0	0.649473751728953	0	0	0	0	0	0	0.596138821316442	0	0	0.690322930157714	0	0.530007040589569	0.662079943539702	0.558663723639202	0	0.805168712712699	0.553291724448483	0	0.506239611095766	0.81362764885284	0.719105172658351	0	0.55125646604338	0	0	0	0.578521084075871	0	0	0	0	0	0	0	0	0	0	0	0	0	0	0	0	0	0	0	0	0	0	0	0	0	0	0	0	0	0	0	0
0	0	0	0	0	0	0	0	0	0	0	0	0	0	0	0	0	0	0	0	0	0	0	0	0	0	0	0	0	0	0.78001250631865	0	0	0	0	0.831227129413959	0	0	0.535580047887013	0.607018724249773	0	0	0.872684048760343	0	0.928864076996466	0	0	0	0	0.900890698494086	0	0	0.995981616827384	0	0.944932073276285	0.853889602477591	0	0.819893564283708	0.917857874241895	0.880229073768847	0	0	0	0	0	0	0	0	0	0	0	0	0	0	0	0	0	0	0	0	0	0	0	0	0	0	0	0	0	0
0	0	0	0	0	0	0	0	0	0	0	0	0	0	0	0	0	0	0	0	0	0	0	0	0	0	0	0	0	0	0.906380625192592	0	0.857926452781855	0	0	0.782178484705887	0	0.561409125994695	0	0.962894384962742	0	0	0	0.769339282804633	0.932299381640013	0	0.773782845279046	0	0.629125642161129	0	0.863766345449318	0.921383347402965	0	0.942963098470387	0	0	0.683453123769845	0.539868567226607	0	0.996236159825168	0	0	0	0	0	0	0	0	0	0	0	0	0	0	0	0	0	0	0	0	0	0	0	0	0	0	0	0	0	0
0	0	0	0	0	0	0	0	0	0	0	0	0	0	0	0	0	0	0	0	0	0	0	0	0	0	0	0	0	0	0	0.555502199967237	0.971273560514243	0.804497952350962	0	0.763800009997348	0	0	0.593258338961336	0.638902201367889	0	0	0	0.556322704332265	0.768720422308459	0	0	0	0.601248283789004	0.651715636856465	0	0	0	0.618575336403781	0	0	0.953677243122815	0	0	0	0	0	0	0	0	0	0	0	0	0	0	0	0	0	0	0	0	0	0	0	0	0	0	0	0	0	0	0	0	0
0	0	0	0	0	0	0	0	0	0	0	0	0	0	0	0	0	0	0	0	0	0	0	0	0	0	0	0	0	0	0.648735208096102	0	0	0	0.573684938762641	0	0	0.681026560900793	0	0.89897855328444	0.561477649247245	0.597806850641411	0.564491121176484	0	0	0.643942824708987	0.693742731682178	0.642981445444043	0	0	0.567126757145501	0	0	0	0.939350212165277	0.773373033390624	0	0	0.639170892765161	0.748781454880155	0	0	0	0	0	0	0	0	0	0	0	0	0	0	0	0	0	0	0	0	0	0	0	0	0	0	0	0	0	0
0	0	0	0	0	0	0	0	0	0	0	0	0	0	0	0	0	0	0	0	0	0	0	0	0	0	0	0	0	0	0	0.623806862999962	0.727142228994114	0	0.755058149125496	0	0	0	0.646845852614524	0.907324707224411	0	0.862019677911713	0.531087150250859	0.756186111771947	0.919017196395429	0.858779814750319	0.914157448021346	0.77466645206226	0.518170603199667	0	0.575501376945396	0.907655408083902	0.962438610065908	0.987869669745281	0.863976081978706	0	0	0	0	0.711855008832216	0	0	0	0	0	0	0	0	0	0	0	0	0	0	0	0	0	0	0	0	0	0	0	0	0	0	0	0	0	0
0	0	0	0	0	0	0	0	0	0	0	0	0	0	0	0	0	0	0	0	0	0	0	0	0	0	0	0	0	0	0	0	0	0.818905340922164	0	0	0	0.708395144379649	0	0	0.789651552004723	0.554205815222624	0	0.54575151861661	0.566972569371897	0	0.848015533381258	0.652047770314418	0	0.510969588227027	0	0	0	0.501008323041687	0	0	0.616051701426518	0	0	0.65829201411157	0	0	0	0	0	0	0	0	0	0	0	0	0	0	0	0	0	0	0	0	0	0	0	0	0	0	0	0	0	0
0	0	0	0	0	0	0	0	0	0	0	0	0	0	0	0	0	0	0	0	0	0	0	0	0	0	0	0	0	0	0.989990948456383	0	0	0.850423859605578	0	0	0.734728353339175	0	0	0	0	0.658763456984415	0	0.881232362910713	0	0	0.610379170437945	0	0	0	0.683271314119729	0	0	0.817471140093391	0.637307509457771	0	0.713644594658242	0.837303359617075	0.651563280003582	0	0	0	0	0	0	0	0	0	0	0	0	0	0	0	0	0	0	0	0	0	0	0	0	0	0	0	0	0	0	0
0	0	0	0	0	0	0	0	0	0	0	0	0	0	0	0	0	0	0	0	0	0	0	0	0	0	0	0	0	0	0	0	0	0	0	0	0	0	0	0	0	0	0	0	0	0	0	0	0	0	0	0	0	0	0	0	0	0	0	0	0	0.748018547536945	0.827925068102607	0	0.963105826560272	0	0	0	0	0	0	0	0	0	0	0	0	0	0	0	0.742545191291904	0	0	0	0	0.680314800747034	0.619866924284798	0.799555974248524	0	0
0	0	0	0	0	0	0	0	0	0	0	0	0	0	0	0	0	0	0	0	0	0	0	0	0	0	0	0	0	0	0	0	0	0	0	0	0	0	0	0	0	0	0	0	0	0	0	0	0	0	0	0	0	0	0	0	0	0	0	0	0.560524898238877	0	0	0.590285403184222	0.815494161693592	0	0	0	0	0	0	0	0	0	0	0.815064833633305	0	0	0	0	0.67113262004271	0	0	0	0.934487332669667	0	0	0	0.831068180183875	0.886718246771015
0	0	0	0	0	0	0	0	0	0	0	0	0	0	0	0	0	0	0	0	0	0	0	0	0	0	0	0	0	0	0	0	0	0	0	0	0	0	0	0	0	0	0	0	0	0	0	0	0	0	0	0	0	0	0	0	0	0	0	0	0.849734201381712	0	0	0	0.597207644656685	0.948893869266574	0	0	0	0	0	0.906050081842578	0.851139754301863	0	0	0	0	0	0	0	0	0	0	0	0	0	0	0	0.819765832480671	0.700772580311515
0	0	0	0	0	0	0	0	0	0	0	0	0	0	0	0	0	0	0	0	0	0	0	0	0	0	0	0	0	0	0	0	0	0	0	0	0	0	0	0	0	0	0	0	0	0	0	0	0	0	0	0	0	0	0	0	0	0	0	0	0	0.969127747471365	0	0	0.893889063600458	0	0.726344297093615	0.860422339916209	0	0	0.924783388833923	0	0	0	0	0	0	0	0	0	0	0.659948610251103	0	0	0	0	0	0.747947112140141	0	0
0	0	0	0	0	0	0	0	0	0	0	0	0	0	0	0	0	0	0	0	0	0	0	0	0	0	0	0	0	0	0	0	0	0	0	0	0	0	0	0	0	0	0	0	0	0	0	0	0	0	0	0	0	0	0	0	0	0	0	0	0.731694010730797	0.860370265276196	0.737604465662861	0.673948876573928	0	0.755018700536902	0.934221200121827	0	0.673018131038034	0	0	0.879771802503649	0	0	0	0	0	0.73659826824013	0	0	0	0	0	0.609025691838922	0	0	0	0	0.80561456763542	0.937102466386773
0	0	0	0	0	0	0	0	0	0	0	0	0	0	0	0	0	0	0	0	0	0	0	0	0	0	0	0	0	0	0	0	0	0	0	0	0	0	0	0	0	0	0	0	0	0	0	0	0	0	0	0	0	0	0	0	0	0	0	0	0	0	0.734571889869172	0	0.662522502280293	0	0.721894301210422	0.952414859721995	0.55806911002041	0.905194052041267	0	0	0	0	0	0	0	0	0	0	0	0	0	0	0	0	0	0	0	0
0	0	0	0	0	0	0	0	0	0	0	0	0	0	0	0	0	0	0	0	0	0	0	0	0	0	0	0	0	0	0	0	0	0	0	0	0	0	0	0	0	0	0	0	0	0	0	0	0	0	0	0	0	0	0	0	0	0	0	0	0	0	0	0.625172137840773	0.920977610131488	0.659040620770736	0	0.939580154221748	0.590954298225536	0.884879147918709	0.682892765242825	0	0	0	0	0	0	0	0	0	0	0	0	0	0	0	0	0	0	0
0	0	0	0	0	0	0	0	0	0	0	0	0	0	0	0	0	0	0	0	0	0	0	0	0	0	0	0	0	0	0	0	0	0	0	0	0	0	0	0	0	0	0	0	0	0	0	0	0	0	0	0	0	0	0	0	0	0	0	0	0	0	0	0.975265330595073	0	0.609141291246837	0.98458665010577	0	0.996342364441434	0.569846873073551	0.952526065032668	0	0	0	0	0	0	0	0	0	0	0	0	0	0	0	0	0.781587648902818	0	0
0	0	0	0	0	0	0	0	0	0	0	0	0	0	0	0	0	0	0	0	0	0	0	0	0	0	0	0	0	0	0	0	0	0	0	0	0	0	0	0	0	0	0	0	0	0	0	0	0	0	0	0	0	0	0	0	0	0	0	0	0	0	0	0	0.563582391429019	0.563195738995677	0.500770544814159	0.726193623698497	0	0.92265497058774	0.789328853940911	0	0.933606859550762	0	0	0	0	0	0	0	0	0	0	0	0	0.977743193973681	0	0.911097376081362	0	0
0	0	0	0	0	0	0	0	0	0	0	0	0	0	0	0	0	0	0	0	0	0	0	0	0	0	0	0	0	0	0	0	0	0	0	0	0	0	0	0	0	0	0	0	0	0	0	0	0	0	0	0	0	0	0	0	0	0	0	0	0	0	0	0	0	0.900274974586698	0.830892672905296	0.762479659174074	0.731470242394809	0	0	0.5834725527248	0.85950530629083	0.541593891759451	0	0	0	0.60366393802415	0	0	0	0	0	0	0	0	0	0	0	0
0	0	0	0	0	0	0	0	0	0	0	0	0	0	0	0	0	0	0	0	0	0	0	0	0	0	0	0	0	0	0	0	0	0	0	0	0	0	0	0	0	0	0	0	0	0	0	0	0	0	0	0	0	0	0	0	0	0	0	0	0	0	0	0.630667042239077	0	0	0.664779583484277	0.697126897347516	0.870185254388491	0	0	0.809770717763513	0	0	0.775028039523106	0	0	0	0.539477637639067	0	0	0	0	0	0	0	0.801650791712104	0	0.753442597152384	0
0	0	0	0	0	0	0	0	0	0	0	0	0	0	0	0	0	0	0	0	0	0	0	0	0	0	0	0	0	0	0	0	0	0	0	0	0	0	0	0	0	0	0	0	0	0	0	0	0	0	0	0	0	0	0	0	0	0	0	0	0	0	0.614799891447432	0	0.590114478778849	0	0	0	0	0.6126234860379	0.701038082294012	0	0	0	0.741421729211604	0.869684915829082	0	0	0	0	0	0	0	0	0.677465265937776	0	0	0	0	0
0	0	0	0	0	0	0	0	0	0	0	0	0	0	0	0	0	0	0	0	0	0	0	0	0	0	0	0	0	0	0	0	0	0	0	0	0	0	0	0	0	0	0	0	0	0	0	0	0	0	0	0	0	0	0	0	0	0	0	0	0	0	0.6174942403929	0	0	0	0	0	0.837136066072792	0.517902214523167	0	0	0	0.979246573935589	0.859567115794367	0.994050228070915	0.583300543408738	0	0	0	0	0	0	0	0	0	0	0	0	0
0	0	0	0	0	0	0	0	0	0	0	0	0	0	0	0	0	0	0	0	0	0	0	0	0	0	0	0	0	0	0	0	0	0	0	0	0	0	0	0	0	0	0	0	0	0	0	0	0	0	0	0	0	0	0	0	0	0	0	0	0	0	0	0	0	0	0	0	0	0.664246204344504	0	0	0.868947810425356	0	0.725196275648336	0.740025470970938	0.674473623841495	0.571372605903566	0	0.683929640790605	0	0	0	0	0	0	0	0	0	0.976418994371876
0	0	0	0	0	0	0	0	0	0	0	0	0	0	0	0	0	0	0	0	0	0	0	0	0	0	0	0	0	0	0	0	0	0	0	0	0	0	0	0	0	0	0	0	0	0	0	0	0	0	0	0	0	0	0	0	0	0	0	0	0	0	0	0	0	0	0	0	0	0	0.746246903509631	0.555435407086833	0.562490651657145	0.673806883511239	0	0.641194441080711	0.666600510600001	0.606772145652204	0.600384798840493	0	0	0	0	0	0	0	0	0	0.846209654000074	0
0	0	0	0	0	0	0	0	0	0	0	0	0	0	0	0	0	0	0	0	0	0	0	0	0	0	0	0	0	0	0	0	0	0	0	0	0	0	0	0	0	0	0	0	0	0	0	0	0	0	0	0	0	0	0	0	0	0	0	0	0	0.80011548391112	0	0	0	0	0	0	0	0	0	0.961020906239398	0.820381783524614	0.631456329853473	0.547258554825644	0	0.711042720977571	0.680931971714054	0.932522880303915	0.730366262746996	0.626598113550538	0	0	0	0	0	0	0	0	0
0	0	0	0	0	0	0	0	0	0	0	0	0	0	0	0	0	0	0	0	0	0	0	0	0	0	0	0	0	0	0	0	0	0	0	0	0	0	0	0	0	0	0	0	0	0	0	0	0	0	0	0	0	0	0	0	0	0	0	0	0	0	0	0	0	0	0	0	0	0	0	0	0.801841252175331	0.744287493507511	0.978480789508205	0.993607215463524	0	0	0.644862262132617	0.691261765261028	0	0	0	0.98348205061802	0	0	0.955511263159894	0.975936887029349	0	0
0	0	0	0	0	0	0	0	0	0	0	0	0	0	0	0	0	0	0	0	0	0	0	0	0	0	0	0	0	0	0	0	0	0	0	0	0	0	0	0	0	0	0	0	0	0	0	0	0	0	0	0	0	0	0	0	0	0	0	0	0	0	0	0	0.926830704035561	0	0	0	0	0.985052776157179	0	0	0	0.921328387911558	0.79447183475004	0.609383976655575	0	0	0	0.830086325963838	0.779578752906017	0.950590577144291	0	0	0	0	0	0	0	0
0	0	0	0	0	0	0	0	0	0	0	0	0	0	0	0	0	0	0	0	0	0	0	0	0	0	0	0	0	0	0	0	0	0	0	0	0	0	0	0	0	0	0	0	0	0	0	0	0	0	0	0	0	0	0	0	0	0	0	0	0	0	0	0	0	0	0	0	0	0	0.674908757259052	0	0	0	0.921172931390245	0.550298189064012	0.6974667051782	0	0	0	0.552946153632538	0	0.872827308041526	0	0	0	0.664620021118233	0	0	0
0	0	0	0	0	0	0	0	0	0	0	0	0	0	0	0	0	0	0	0	0	0	0	0	0	0	0	0	0	0	0	0	0	0	0	0	0	0	0	0	0	0	0	0	0	0	0	0	0	0	0	0	0	0	0	0	0	0	0	0	0	0	0	0	0	0	0	0	0	0	0	0	0	0.902470440666111	0	0.780652798296312	0.638902942802977	0.918707461708459	0	0	0.913427544936577	0.60949760610772	0	0.55641270616542	0	0	0	0	0	0
0	0	0	0	0	0	0	0	0	0	0	0	0	0	0	0	0	0	0	0	0	0	0	0	0	0	0	0	0	0	0	0	0	0	0	0	0	0	0	0	0	0	0	0	0	0	0	0	0	0	0	0	0	0	0	0	0	0	0	0	0.695262364709379	0.542010451720993	0	0	0	0	0	0	0	0	0	0	0	0	0	0.790503228975298	0	0.742807797532563	0.675581569773001	0.652388040358509	0	0.960562769655629	0	0	0	0	0	0	0	0
0	0	0	0	0	0	0	0	0	0	0	0	0	0	0	0	0	0	0	0	0	0	0	0	0	0	0	0	0	0	0	0	0	0	0	0	0	0	0	0	0	0	0	0	0	0	0	0	0	0	0	0	0	0	0	0	0	0	0	0	0	0	0	0.699634707810412	0	0	0	0	0	0	0	0	0	0	0	0	0	0.789115305212607	0	0.868590967412393	0.586250175927851	0	0.528110298338028	0	0.621271601404019	0.934891388449291	0	0	0	0
0	0	0	0	0	0	0	0	0	0	0	0	0	0	0	0	0	0	0	0	0	0	0	0	0	0	0	0	0	0	0	0	0	0	0	0	0	0	0	0	0	0	0	0	0	0	0	0	0	0	0	0	0	0	0	0	0	0	0	0	0	0	0	0	0	0	0	0	0	0	0	0	0	0	0	0	0	0	0.80319122432741	0	0	0.796932341577562	0	0.965283040693	0.978863779021683	0.832377475009687	0.500024439572905	0	0	0
0	0	0	0	0	0	0	0	0	0	0	0	0	0	0	0	0	0	0	0	0	0	0	0	0	0	0	0	0	0	0	0	0	0	0	0	0	0	0	0	0	0	0	0	0	0	0	0	0	0	0	0	0	0	0	0	0	0	0	0	0	0	0	0	0.652204903609304	0	0	0	0	0	0	0	0	0	0	0	0.699236037661262	0	0	0.658538033370744	0	0	0.67683968979215	0	0.689533840178146	0.762416019741852	0	0.974794847483205	0	0
0	0	0	0	0	0	0	0	0	0	0	0	0	0	0	0	0	0	0	0	0	0	0	0	0	0	0	0	0	0	0	0	0	0	0	0	0	0	0	0	0	0	0	0	0	0	0	0	0	0	0	0	0	0	0	0	0	0	0	0	0	0.591397561321312	0	0	0	0	0	0	0	0	0	0.816821214574805	0	0	0	0	0	0	0	0	0	0.974043329291498	0.932516492423243	0.552417172721072	0	0.923724231944993	0.597678058548455	0.980886265816592	0.89027125681344	0
0	0	0	0	0	0	0	0	0	0	0	0	0	0	0	0	0	0	0	0	0	0	0	0	0	0	0	0	0	0	0	0	0	0	0	0	0	0	0	0	0	0	0	0	0	0	0	0	0	0	0	0	0	0	0	0	0	0	0	0	0.574792284425787	0	0	0	0	0	0	0	0.510826678715142	0	0	0	0	0	0	0	0	0	0	0	0	0.762305971467564	0.853900689205615	0.875422872981282	0.826190459282567	0	0.596912136714138	0.54101957587309	0	0.770969078307525
0	0	0	0	0	0	0	0	0	0	0	0	0	0	0	0	0	0	0	0	0	0	0	0	0	0	0	0	0	0	0	0	0	0	0	0	0	0	0	0	0	0	0	0	0	0	0	0	0	0	0	0	0	0	0	0	0	0	0	0	0.552282932113253	0	0	0	0	0	0	0	0	0	0.695116795590322	0	0	0	0	0	0.818256457068461	0	0.637080517497839	0	0	0	0.822532289549724	0	0.696213337644396	0.899170931387255	0	0.875464032742051	0.876659483603154	0.700868440963418
0	0	0	0	0	0	0	0	0	0	0	0	0	0	0	0	0	0	0	0	0	0	0	0	0	0	0	0	0	0	0	0	0	0	0	0	0	0	0	0	0	0	0	0	0	0	0	0	0	0	0	0	0	0	0	0	0	0	0	0	0.948042793114623	0	0	0.746492312742693	0	0	0	0.55025141687077	0.663387734597827	0	0	0	0	0	0	0	0.600016213476822	0	0	0	0	0	0	0.885403126342047	0.995530825179838	0.88109315651706	0.510732884286726	0	0.899254953029622	0.742003684724926
0	0	0	0	0	0	0	0	0	0	0	0	0	0	0	0	0	0	0	0	0	0	0	0	0	0	0	0	0	0	0	0	0	0	0	0	0	0	0	0	0	0	0	0	0	0	0	0	0	0	0	0	0	0	0	0	0	0	0	0	0	0.763007948842813	0.570276991769461	0	0.503002850361532	0	0	0	0	0	0.990762598094825	0	0	0	0.913164360498841	0	0	0	0	0	0	0	0	0	0.699545485739698	0	0.989258005746445	0.58008941102985	0	0
0	0	0	0	0	0	0	0	0	0	0	0	0	0	0	0	0	0	0	0	0	0	0	0	0	0	0	0	0	0	0	0	0	0	0	0	0	0	0	0	0	0	0	0	0	0	0	0	0	0	0	0	0	0	0	0	0	0	0	0	0	0.866192030635326	0.565109022398711	0	0.807566722404561	0	0	0	0	0	0	0	0	0.762593010488504	0	0	0	0	0	0	0	0	0	0	0	0.769902133460625	0.522664347844262	0.993134294265245	0	0
