0	0.525842428075272	0.768779852291293	0.940546220890077	0.577319101520129	0.510547563697079	0.698518048806763	0.596728563382635	0	0	0.93890684422519	0.722823638006239	0	0.745129362873634	0.684298606942187	0	0	0.929616958627721	0	0	0	0	0	0	0	0	0	0	0	0	0	0	0	0	0	0	0	0	0	0	0	0	0	0	0	0	0	0	0	0	0	0	0	0	0	0	0	0	0	0	0	0	0	0	0	0	0	0	0	0	0	0	0	0	0	0	0	0	0	0	0	0	0	0	0	0	0	0	0	0
0.879909544574847	0	0.790916930712137	0.674909425849132	0.505875335024887	0.857904872550621	0	0.832150058594726	0.733376639666953	0	0.683252732024058	0	0.905095315768497	0.64736107597635	0.88815034793252	0.920427988816721	0.54729938235635	0.985820694724835	0	0	0	0	0	0	0	0	0	0	0	0	0	0	0	0	0	0	0	0	0	0	0	0	0	0	0	0	0	0	0	0	0	0	0	0	0	0	0	0	0	0	0	0	0	0	0	0	0	0	0	0	0	0	0	0	0	0	0	0	0	0	0	0	0	0	0	0	0	0	0	0
0.911441911923582	0.918690677663504	0	0.910550043695758	0.730414952402153	0.717308921318041	0.788332674280543	0.753141015925571	0.957849627739648	0	0.962014799702205	0.658237124366278	0	0.6396454363239	0	0.831560716655809	0.804592043527426	0	0	0	0	0	0	0	0	0	0	0	0	0	0	0	0	0	0	0	0	0	0	0	0	0	0	0	0	0	0	0	0	0	0	0	0	0	0	0	0	0	0	0	0	0	0	0	0	0	0	0	0	0	0	0	0	0	0	0	0	0	0	0	0	0	0	0	0	0	0	0	0	0
0.985292921535368	0.565183855706702	0.544823932880567	0	0.555733364418616	0.929635569478903	0.813882464856146	0.960248497045644	0.821057350368199	0	0.985857311430511	0	0.590395048686105	0	0.819080253812596	0.748617123459268	0.830016850482111	0.926813875910914	0	0	0	0	0	0	0	0	0	0	0	0	0	0	0	0	0	0	0	0	0	0	0	0	0	0	0	0	0	0	0	0	0	0	0	0	0	0	0	0	0	0	0	0	0	0	0	0	0	0	0	0	0	0	0	0	0	0	0	0	0	0	0	0	0	0	0	0	0	0	0	0
0.946593328983936	0.87471532857512	0.785851535701732	0.722191635801238	0	0.505758769292479	0.563981756568016	0.823965821137038	0.959543956889983	0.520339883675451	0.992249044931023	0.848390583311822	0.990733900523591	0.872937930732021	0	0.755005178553483	0.705482243190374	0	0	0	0	0	0	0	0	0	0	0	0	0	0	0	0	0	0	0	0	0	0	0	0	0	0	0	0	0	0	0	0	0	0	0	0	0	0	0	0	0	0	0	0	0	0	0	0	0	0	0	0	0	0	0	0	0	0	0	0	0	0	0	0	0	0	0	0	0	0	0	0	0
0.622229029538753	0.888673535492886	0.659713598669763	0.535019074415699	0.706598099129121	0	0.763810448359246	0.99983463363523	0.515659977912147	0.691640838199956	0.81263605669548	0.666160233225924	0	0	0.56014626525045	0.56708022557238	0.684369447364079	0.847129545981402	0	0	0	0	0	0	0	0	0	0	0	0	0	0	0	0	0	0	0	0	0	0	0	0	0	0	0	0	0	0	0	0	0	0	0	0	0	0	0	0	0	0	0	0	0	0	0	0	0	0	0	0	0	0	0	0	0	0	0	0	0	0	0	0	0	0	0	0	0	0	0	0
0.830275288363008	0	0.53709544736302	0.839277100914397	0.840758273568633	0.655299554062791	0	0.782186608164837	0.77626097644697	0.829591123360717	0.783191942860119	0.900248220261362	0.763652862172645	0.614783696916802	0	0	0.888098926147951	0.770247859698143	0	0	0	0	0	0	0	0	0	0	0	0	0	0	0	0	0	0	0	0	0	0	0	0	0	0	0	0	0	0	0	0	0	0	0	0	0	0	0	0	0	0	0	0	0	0	0	0	0	0	0	0	0	0	0	0	0	0	0	0	0	0	0	0	0	0	0	0	0	0	0	0
0.757276923643028	0.602316850941136	0.616320914419955	0.732251024035009	0.804659488980231	0.778166584321394	0.662707503108795	0	0.669202328764825	0.891341507013101	0.946202849419868	0.726916860802931	0.725942988763039	0.978269296746229	0.545898920254834	0.979827537896037	0	0.677125096889141	0	0	0	0	0	0	0	0	0	0	0	0	0	0	0	0	0	0	0	0	0	0	0	0	0	0	0	0	0	0	0	0	0	0	0	0	0	0	0	0	0	0	0	0	0	0	0	0	0	0	0	0	0	0	0	0	0	0	0	0	0	0	0	0	0	0	0	0	0	0	0	0
0	0.577925429826732	0.92899586793192	0.569229203995736	0.988949428611145	0.977500521357487	0.616728388228668	0.956404945146047	0	0.577087439992537	0.826025628856701	0.650206409307396	0.964757100930237	0.672374708678437	0.691032203382834	0.603792083713723	0	0.530166204581091	0	0	0	0	0	0	0	0	0	0	0	0	0	0	0	0	0	0	0	0	0	0	0	0	0	0	0	0	0	0	0	0	0	0	0	0	0	0	0	0	0	0	0	0	0	0	0	0	0	0	0	0	0	0	0	0	0	0	0	0	0	0	0	0	0	0	0	0	0	0	0	0
0	0	0	0	0.809005859100079	0.892990466621866	0.711982872535389	0.509936781958916	0.632774973535057	0	0.602494633459739	0.781441973793965	0.967292070496453	0.755242877207643	0.851279297847317	0.963229685602962	0.927823486910919	0.980855119420517	0	0	0	0	0	0	0	0	0	0	0	0	0	0	0	0	0	0	0	0	0	0	0	0	0	0	0	0	0	0	0	0	0	0	0	0	0	0	0	0	0	0	0	0	0	0	0	0	0	0	0	0	0	0	0	0	0	0	0	0	0	0	0	0	0	0	0	0	0	0	0	0
0.882796952414201	0.808528839515291	0.632641385533518	0.756284197567524	0.694717144485022	0.905731734720349	0.585038117012984	0.958065404095164	0.7009879716525	0.569471392789392	0	0.649017746694549	0.95085042124883	0	0.808407894743841	0.613761738162455	0.508768390992212	0.90963959887704	0	0	0	0	0	0	0	0	0	0	0	0	0	0	0	0	0	0	0	0	0	0	0	0	0	0	0	0	0	0	0	0	0	0	0	0	0	0	0	0	0	0	0	0	0	0	0	0	0	0	0	0	0	0	0	0	0	0	0	0	0	0	0	0	0	0	0	0	0	0	0	0
0.70841114650404	0	0.743162999883332	0	0.51339664127811	0.703481376447905	0.777600875767676	0.636303107531164	0.789680760499865	0.638336674202281	0.782741259084923	0	0.74227612035353	0	0.771451242508095	0.655758463388088	0.688756195885974	0.693989183794683	0	0	0	0	0	0	0	0	0	0	0	0	0	0	0	0	0	0	0	0	0	0	0	0	0	0	0	0	0	0	0	0	0	0	0	0	0	0	0	0	0	0	0	0	0	0	0	0	0	0	0	0	0	0	0	0	0	0	0	0	0	0	0	0	0	0	0	0	0	0	0	0
0	0.644456180508336	0	0.681276203582424	0.707213704310498	0	0.810929487367717	0.646737973914669	0.535958640823055	0.594488325335361	0.647051981190428	0.615730042948813	0	0.869019679935366	0.996821112993535	0.532519578485339	0.727303922956919	0.535569293938343	0	0	0	0	0	0	0	0	0	0	0	0	0	0	0	0	0	0	0	0	0	0	0	0	0	0	0	0	0	0	0	0	0	0	0	0	0	0	0	0	0	0	0	0	0	0	0	0	0	0	0	0	0	0	0	0	0	0	0	0	0	0	0	0	0	0	0	0	0	0	0	0
0.68293986043327	0.913784758998309	0.677609337893084	0	0.587993455516755	0	0.576421299664075	0.848265924161375	0.784600004017288	0.810942155512144	0	0	0.958702353927902	0	0.739992307196196	0.572580309137942	0	0.801860518887801	0	0	0	0	0	0	0	0	0	0	0	0	0	0	0	0	0	0	0	0	0	0	0	0	0	0	0	0	0	0	0	0	0	0	0	0	0	0	0	0	0	0	0	0	0	0	0	0	0	0	0	0	0	0	0	0	0	0	0	0	0	0	0	0	0	0	0	0	0	0	0	0
0.659968812374539	0.782992616661655	0	0.555537157940605	0	0.897203979226139	0	0.557621029150032	0.852527826329081	0.579296203133298	0.512167840883022	0.559521463623949	0.951436991603947	0.820972855964679	0	0.783207954320831	0.797154675920869	0.65603601213206	0	0	0	0	0	0	0	0	0	0	0	0	0	0	0	0	0	0	0	0	0	0	0	0	0	0	0	0	0	0	0	0	0	0	0	0	0	0	0	0	0	0	0	0	0	0	0	0	0	0	0	0	0	0	0	0	0	0	0	0	0	0	0	0	0	0	0	0	0	0	0	0
0	0.510820891337385	0.891715536998862	0.504733877427468	0.781268546215421	0.510031084756036	0	0.980107603169105	0.951367266761759	0.910119607881085	0.796262876467309	0.972456601011805	0.779107902099291	0.654843543610489	0.537815697360087	0	0.745082075251443	0.686921267377536	0	0	0	0	0	0	0	0	0	0	0	0	0	0	0	0	0	0	0	0	0	0	0	0	0	0	0	0	0	0	0	0	0	0	0	0	0	0	0	0	0	0	0	0	0	0	0	0	0	0	0	0	0	0	0	0	0	0	0	0	0	0	0	0	0	0	0	0	0	0	0	0
0	0.821772885402621	0.562089629798587	0.591858003923059	0.71804489264475	0.79857730958862	0.879089315002363	0	0	0.971866054005058	0.656761563335679	0.740443683896657	0.663280300955464	0	0.632179006510658	0.823652817037928	0	0	0	0	0	0	0	0	0	0	0	0	0	0	0	0	0	0	0	0	0	0	0	0	0	0	0	0	0	0	0	0	0	0	0	0	0	0	0	0	0	0	0	0	0	0	0	0	0	0	0	0	0	0	0	0	0	0	0	0	0	0	0	0	0	0	0	0	0	0	0	0	0	0
0.832851863133871	0.931775432975507	0	0.937468545720666	0	0.775473343629479	0.87442207690629	0.556199042556474	0.779555070594812	0.940872801055719	0.715909219585694	0.980333380449514	0.958834253713886	0.918619559764365	0.5969270817598	0.650339148289365	0	0	0	0	0	0	0	0	0	0	0	0	0	0	0	0	0	0	0	0	0	0	0	0	0	0	0	0	0	0	0	0	0	0	0	0	0	0	0	0	0	0	0	0	0	0	0	0	0	0	0	0	0	0	0	0	0	0	0	0	0	0	0	0	0	0	0	0	0	0	0	0	0	0
0	0	0	0	0	0	0	0	0	0	0	0	0	0	0	0	0	0	0	0.697665351561495	0.960586854384771	0.851864060556711	0.714492634289898	0.502662100306584	0	0.596259092969746	0	0.755086915650188	0.69629256028348	0.695631673246951	0.553122348335442	0.895644976965408	0	0	0.79247309862548	0	0	0	0	0	0	0	0	0	0	0	0	0	0	0	0	0	0	0	0	0	0	0	0	0	0	0	0	0	0	0	0	0	0	0	0	0	0	0	0	0	0	0	0	0	0	0	0	0	0	0	0	0	0	0
0	0	0	0	0	0	0	0	0	0	0	0	0	0	0	0	0	0	0.788297766520062	0	0.736320674200281	0.78306974525809	0.928704900218537	0.814858517934151	0	0.911382731739676	0.671040009412613	0	0.932289748280802	0.817078953282434	0.823045270874201	0.936363399244835	0	0.523717336400062	0.766740004356988	0.873783967941118	0	0	0	0	0	0	0	0	0	0	0	0	0	0	0	0	0	0	0	0	0	0	0	0	0	0	0	0	0	0	0	0	0	0	0	0	0	0	0	0	0	0	0	0	0	0	0	0	0	0	0	0	0	0
0	0	0	0	0	0	0	0	0	0	0	0	0	0	0	0	0	0	0.944603695314588	0.736219904826701	0	0.708241434677652	0.504120526355057	0.639321991527645	0.644429072957675	0	0.53577087037243	0	0	0.920336425895506	0	0.550146607744744	0	0.989441618384465	0.673374375269016	0	0	0	0	0	0	0	0	0	0	0	0	0	0	0	0	0	0	0	0	0	0	0	0	0	0	0	0	0	0	0	0	0	0	0	0	0	0	0	0	0	0	0	0	0	0	0	0	0	0	0	0	0	0	0
0	0	0	0	0	0	0	0	0	0	0	0	0	0	0	0	0	0	0.665408099614443	0.568363284907483	0.981941424251377	0	0	0.935354324718979	0.932366787223486	0.678034992911724	0.998372174131639	0	0.786341049021503	0.838811956866115	0	0.678758311187423	0.990344261108726	0	0	0.663210252141696	0	0	0	0	0	0	0	0	0	0	0	0	0	0	0	0	0	0	0	0	0	0	0	0	0	0	0	0	0	0	0	0	0	0	0	0	0	0	0	0	0	0	0	0	0	0	0	0	0	0	0	0	0	0
0	0	0	0	0	0	0	0	0	0	0	0	0	0	0	0	0	0	0.781064067928861	0.543291664454034	0.591234383482506	0	0	0.978418952241031	0.908007585495255	0.830515455694567	0.846856978825562	0.803666287819293	0.56499620528763	0.657242779128061	0.804849534072733	0.785272895053299	0	0.813938820169142	0	0	0	0	0	0	0	0	0	0	0	0	0	0	0	0	0	0	0	0	0	0	0	0	0	0	0	0	0	0	0	0	0	0	0	0	0	0	0	0	0	0	0	0	0	0	0	0	0	0	0	0	0	0	0	0
0	0	0	0	0	0	0	0	0	0	0	0	0	0	0	0	0	0	0.61477846880805	0.81088643014446	0.999644564154319	0.704429664428491	0.522854394410663	0	0.801001071038365	0.955067922622801	0.858757841911768	0.778063043670784	0	0.806901381044122	0.826538006073255	0.971377634006214	0.936936622596945	0	0	0.69564527991654	0	0	0	0	0	0	0	0	0	0	0	0	0	0	0	0	0	0	0	0	0	0	0	0	0	0	0	0	0	0	0	0	0	0	0	0	0	0	0	0	0	0	0	0	0	0	0	0	0	0	0	0	0	0
0	0	0	0	0	0	0	0	0	0	0	0	0	0	0	0	0	0	0	0	0.94479763546762	0.82552747730596	0.972764458201304	0.611386107331323	0	0.722039233073869	0.577921171369904	0	0.690255774098621	0.893422267529767	0.552716915210341	0.825908908700136	0.925796540946097	0	0.813369666782883	0.509256305061157	0	0	0	0	0	0	0	0	0	0	0	0	0	0	0	0	0	0	0	0	0	0	0	0	0	0	0	0	0	0	0	0	0	0	0	0	0	0	0	0	0	0	0	0	0	0	0	0	0	0	0	0	0	0
0	0	0	0	0	0	0	0	0	0	0	0	0	0	0	0	0	0	0.652887332817266	0.717928592039149	0	0.968554298534391	0.858890016883479	0.601525944387737	0.581811015463211	0	0	0	0.97070639898757	0.889587831384292	0.709038714286946	0.623489593615252	0.917656479918381	0	0	0.77304013164625	0	0	0	0	0	0	0	0	0	0	0	0	0	0	0	0	0	0	0	0	0	0	0	0	0	0	0	0	0	0	0	0	0	0	0	0	0	0	0	0	0	0	0	0	0	0	0	0	0	0	0	0	0	0
0	0	0	0	0	0	0	0	0	0	0	0	0	0	0	0	0	0	0	0.741319135192924	0.9054848380075	0.794873201196197	0.835096794076581	0.531176945697614	0.784692850140698	0	0	0.843017208109135	0.980654624224139	0.886956962504178	0.806732266099059	0	0	0.840894326203378	0.961767333876447	0	0	0	0	0	0	0	0	0	0	0	0	0	0	0	0	0	0	0	0	0	0	0	0	0	0	0	0	0	0	0	0	0	0	0	0	0	0	0	0	0	0	0	0	0	0	0	0	0	0	0	0	0	0	0
0	0	0	0	0	0	0	0	0	0	0	0	0	0	0	0	0	0	0.888231401271131	0	0	0	0.924937154099607	0.559523437649539	0	0	0.745337655739866	0	0.882195670345403	0.532617364345176	0.606636307725473	0.642271805473521	0	0.73340867418427	0.610644154516216	0	0	0	0	0	0	0	0	0	0	0	0	0	0	0	0	0	0	0	0	0	0	0	0	0	0	0	0	0	0	0	0	0	0	0	0	0	0	0	0	0	0	0	0	0	0	0	0	0	0	0	0	0	0	0
0	0	0	0	0	0	0	0	0	0	0	0	0	0	0	0	0	0	0.986519695908134	0.962199810788572	0	0.950215977643549	0.575823229169861	0	0.549818593764206	0.853724603519438	0.822554894591046	0.806906536223459	0	0	0.864745306004935	0	0.878937019328796	0	0.507928126919565	0.635317759058684	0	0	0	0	0	0	0	0	0	0	0	0	0	0	0	0	0	0	0	0	0	0	0	0	0	0	0	0	0	0	0	0	0	0	0	0	0	0	0	0	0	0	0	0	0	0	0	0	0	0	0	0	0	0
0	0	0	0	0	0	0	0	0	0	0	0	0	0	0	0	0	0	0.700979858155548	0.524597665685325	0.540089528355849	0.65872987832747	0.6858863270835	0.920350921507974	0.508687100907269	0.852678787388051	0.89453901727352	0.641986699984699	0	0	0.962707767082295	0	0.707475117927936	0.649196811267712	0	0	0	0	0	0	0	0	0	0	0	0	0	0	0	0	0	0	0	0	0	0	0	0	0	0	0	0	0	0	0	0	0	0	0	0	0	0	0	0	0	0	0	0	0	0	0	0	0	0	0	0	0	0	0	0
0	0	0	0	0	0	0	0	0	0	0	0	0	0	0	0	0	0	0.88729205514967	0.913449765422911	0	0	0.971528240195049	0.941799556880185	0.944723489464914	0.82005781363753	0.753634092183465	0.826581505557571	0.854505584569794	0.551959177717963	0	0.99328963964604	0.812977447529779	0.856983548374578	0.591098959560265	0.544377570641714	0	0	0	0	0	0	0	0	0	0	0	0	0	0	0	0	0	0	0	0	0	0	0	0	0	0	0	0	0	0	0	0	0	0	0	0	0	0	0	0	0	0	0	0	0	0	0	0	0	0	0	0	0	0
0	0	0	0	0	0	0	0	0	0	0	0	0	0	0	0	0	0	0.941916066077704	0.751896835784181	0.616621176843138	0.89193781842843	0.992022400162616	0.554009665035281	0.61399826856536	0.825863577328832	0	0.575020666662784	0	0	0.50538643598658	0	0.680243864039611	0.930787205680879	0.613891622453239	0.759482929989071	0	0	0	0	0	0	0	0	0	0	0	0	0	0	0	0	0	0	0	0	0	0	0	0	0	0	0	0	0	0	0	0	0	0	0	0	0	0	0	0	0	0	0	0	0	0	0	0	0	0	0	0	0	0
0	0	0	0	0	0	0	0	0	0	0	0	0	0	0	0	0	0	0	0	0	0.92822324119969	0	0.664743231406145	0.732807139667874	0.880982037738364	0	0	0.516279424650127	0.907707492230197	0.904072353562534	0.762973698184537	0	0.95694329474844	0	0.755129345923764	0	0	0	0	0	0	0	0	0	0	0	0	0	0	0	0	0	0	0	0	0	0	0	0	0	0	0	0	0	0	0	0	0	0	0	0	0	0	0	0	0	0	0	0	0	0	0	0	0	0	0	0	0	0
0	0	0	0	0	0	0	0	0	0	0	0	0	0	0	0	0	0	0	0.726481283980261	0.63405571451827	0	0.915966017252656	0	0	0	0.872933948064028	0.838746918538621	0	0.696391219176276	0.582213129080331	0.734566667643123	0.607366399447252	0	0	0.651719378215042	0	0	0	0	0	0	0	0	0	0	0	0	0	0	0	0	0	0	0	0	0	0	0	0	0	0	0	0	0	0	0	0	0	0	0	0	0	0	0	0	0	0	0	0	0	0	0	0	0	0	0	0	0	0
0	0	0	0	0	0	0	0	0	0	0	0	0	0	0	0	0	0	0.609644912423053	0.539000978763	0.912777023278149	0	0	0	0.504468741074857	0	0.741611382263954	0.793801699021513	0.581122296892975	0	0.916873235575755	0.629837927893987	0	0	0	0	0	0	0	0	0	0	0	0	0	0	0	0	0	0	0	0	0	0	0	0	0	0	0	0	0	0	0	0	0	0	0	0	0	0	0	0	0	0	0	0	0	0	0	0	0	0	0	0	0	0	0	0	0	0
0	0	0	0	0	0	0	0	0	0	0	0	0	0	0	0	0	0	0	0.568643584050677	0	0.778129955343559	0	0.916764362209826	0.767108748244364	0.70288805460105	0	0	0.960631049792675	0	0.873716569347976	0.955085847558674	0.794115865771794	0.953665320056869	0	0	0	0	0	0	0	0	0	0	0	0	0	0	0	0	0	0	0	0	0	0	0	0	0	0	0	0	0	0	0	0	0	0	0	0	0	0	0	0	0	0	0	0	0	0	0	0	0	0	0	0	0	0	0	0
0	0	0	0	0	0	0	0	0	0	0	0	0	0	0	0	0	0	0	0	0	0	0	0	0	0	0	0	0	0	0	0	0	0	0	0	0	0.894531659145749	0.87796911563602	0.649136130799839	0.902958289272092	0.686514918236673	0	0	0	0	0	0	0	0.904027337054896	0.601213591645063	0.677521924075663	0.66399629750515	0.810897305245399	0	0	0	0	0	0	0	0	0	0	0	0	0	0	0	0	0	0	0	0	0	0	0	0	0	0	0	0	0	0	0	0	0	0	0	0
0	0	0	0	0	0	0	0	0	0	0	0	0	0	0	0	0	0	0	0	0	0	0	0	0	0	0	0	0	0	0	0	0	0	0	0	0.921378340758984	0	0.873872881190014	0.765880966559341	0.833277669265214	0.59335248104087	0.986249952767443	0	0	0.827730377222631	0	0	0	0	0.738873332860303	0.661624434569928	0.823246812693261	0.969853162210535	0	0	0	0	0	0	0	0	0	0	0	0	0	0	0	0	0	0	0	0	0	0	0	0	0	0	0	0	0	0	0	0	0	0	0	0
0	0	0	0	0	0	0	0	0	0	0	0	0	0	0	0	0	0	0	0	0	0	0	0	0	0	0	0	0	0	0	0	0	0	0	0	0.514525274091234	0.685786914515005	0	0.918229081686173	0.582622517999102	0.997313087857826	0.553438607435113	0.907667679131676	0	0	0	0	0	0	0	0.910324361882861	0.598662423360962	0.759737463812942	0	0	0	0	0	0	0	0	0	0	0	0	0	0	0	0	0	0	0	0	0	0	0	0	0	0	0	0	0	0	0	0	0	0	0	0
0	0	0	0	0	0	0	0	0	0	0	0	0	0	0	0	0	0	0	0	0	0	0	0	0	0	0	0	0	0	0	0	0	0	0	0	0.966964170115902	0.635491331904836	0.809417319084444	0	0.690872952433393	0.777996036394448	0.807337310140636	0.77578820128488	0.985408537645619	0	0	0	0	0	0	0	0.770547680882204	0.828956194735194	0	0	0	0	0	0	0	0	0	0	0	0	0	0	0	0	0	0	0	0	0	0	0	0	0	0	0	0	0	0	0	0	0	0	0	0
0	0	0	0	0	0	0	0	0	0	0	0	0	0	0	0	0	0	0	0	0	0	0	0	0	0	0	0	0	0	0	0	0	0	0	0	0.852410856955363	0.929789083352805	0.755744125491652	0.637720439789328	0	0.909868062838871	0.91294112845	0.768987150852216	0.954965114552456	0.51269443923734	0	0	0	0	0	0	0	0.672482249214515	0	0	0	0	0	0	0	0	0	0	0	0	0	0	0	0	0	0	0	0	0	0	0	0	0	0	0	0	0	0	0	0	0	0	0	0
0	0	0	0	0	0	0	0	0	0	0	0	0	0	0	0	0	0	0	0	0	0	0	0	0	0	0	0	0	0	0	0	0	0	0	0	0.627129532771708	0.539950524537935	0.675682891405045	0.767221985573327	0.631496164119128	0	0.988624278660755	0.65869335627059	0.901288191517271	0.964856821319524	0.81594864727131	0	0	0	0	0	0	0	0	0	0	0	0	0	0	0	0	0	0	0	0	0	0	0	0	0	0	0	0	0	0	0	0	0	0	0	0	0	0	0	0	0	0	0
0	0	0	0	0	0	0	0	0	0	0	0	0	0	0	0	0	0	0	0	0	0	0	0	0	0	0	0	0	0	0	0	0	0	0	0	0	0.772594525316164	0.691270331901635	0.540163548746942	0.500108433469877	0.697434144430595	0	0.595727179522962	0.865414252610443	0.584125595336564	0.630303278270561	0.967167275602365	0	0	0	0	0	0	0	0	0	0	0	0	0	0	0	0	0	0	0	0	0	0	0	0	0	0	0	0	0	0	0	0	0	0	0	0	0	0	0	0	0	0
0	0	0	0	0	0	0	0	0	0	0	0	0	0	0	0	0	0	0	0	0	0	0	0	0	0	0	0	0	0	0	0	0	0	0	0	0	0	0.610174283067852	0.575967904914485	0.787620208057326	0.620654125414431	0.767456478930056	0	0.919735184963947	0.834377637206276	0.752239645529553	0.545968069764392	0.830527698591888	0	0	0	0	0	0	0	0	0	0	0	0	0	0	0	0	0	0	0	0	0	0	0	0	0	0	0	0	0	0	0	0	0	0	0	0	0	0	0	0	0
0	0	0	0	0	0	0	0	0	0	0	0	0	0	0	0	0	0	0	0	0	0	0	0	0	0	0	0	0	0	0	0	0	0	0	0	0	0	0	0.7641181172122	0.912053244218268	0.784373267105006	0.794238155209235	0.636383086555169	0	0.727884692030043	0.769906014838809	0.995722564977467	0.984589517228467	0.611103555331601	0	0	0	0	0	0	0	0	0	0	0	0	0	0	0	0	0	0	0	0	0	0	0	0	0	0	0	0	0	0	0	0	0	0	0	0	0	0	0	0
0	0	0	0	0	0	0	0	0	0	0	0	0	0	0	0	0	0	0	0	0	0	0	0	0	0	0	0	0	0	0	0	0	0	0	0	0	0.937483281954417	0	0	0.539095574407519	0.735285178230433	0.721548479235866	0.571485021813595	0.995594296150083	0	0.527488275048105	0	0.510786803636466	0.983905656468094	0.956236777686656	0	0	0	0	0	0	0	0	0	0	0	0	0	0	0	0	0	0	0	0	0	0	0	0	0	0	0	0	0	0	0	0	0	0	0	0	0	0	0
0	0	0	0	0	0	0	0	0	0	0	0	0	0	0	0	0	0	0	0	0	0	0	0	0	0	0	0	0	0	0	0	0	0	0	0	0	0	0	0	0	0.756260775310118	0.827423753531844	0.778294538536711	0.874176891626361	0.816113283428568	0	0.764232167106333	0.908032667921516	0.647642372620473	0.711887639351742	0.9312897803687	0	0	0	0	0	0	0	0	0	0	0	0	0	0	0	0	0	0	0	0	0	0	0	0	0	0	0	0	0	0	0	0	0	0	0	0	0	0
0	0	0	0	0	0	0	0	0	0	0	0	0	0	0	0	0	0	0	0	0	0	0	0	0	0	0	0	0	0	0	0	0	0	0	0	0	0	0	0	0	0	0.942395675897121	0.787775296485028	0.597001885056271	0	0.942176235994072	0	0.54278345375686	0.518231632899105	0.846899644342021	0.582329623628784	0.879063472495084	0	0	0	0	0	0	0	0	0	0	0	0	0	0	0	0	0	0	0	0	0	0	0	0	0	0	0	0	0	0	0	0	0	0	0	0	0
0	0	0	0	0	0	0	0	0	0	0	0	0	0	0	0	0	0	0	0	0	0	0	0	0	0	0	0	0	0	0	0	0	0	0	0	0	0	0	0	0	0	0	0.558566120437063	0.951316088846495	0.609509570027901	0.692544242273243	0.789863212493536	0	0.642078981014756	0.685873568970501	0.708058831220725	0.965437732080855	0.660479428967672	0	0	0	0	0	0	0	0	0	0	0	0	0	0	0	0	0	0	0	0	0	0	0	0	0	0	0	0	0	0	0	0	0	0	0	0
0	0	0	0	0	0	0	0	0	0	0	0	0	0	0	0	0	0	0	0	0	0	0	0	0	0	0	0	0	0	0	0	0	0	0	0	0.880612488573666	0	0	0	0	0	0	0	0.748181399571128	0.80179638996037	0.718294604682398	0.901029381755794	0.679039650069473	0	0.754165914004905	0.856589550810242	0.599424640330345	0.849929404125805	0	0	0	0	0	0	0	0	0	0	0	0	0	0	0	0	0	0	0	0	0	0	0	0	0	0	0	0	0	0	0	0	0	0	0	0
0	0	0	0	0	0	0	0	0	0	0	0	0	0	0	0	0	0	0	0	0	0	0	0	0	0	0	0	0	0	0	0	0	0	0	0	0.731538153311865	0.565357814297247	0	0	0	0	0	0	0	0.9985343308218	0.819485592635044	0.872070743998907	0.929391383148121	0.623782813401482	0	0.942987293467947	0.819150409743775	0.662893803411364	0	0	0	0	0	0	0	0	0	0	0	0	0	0	0	0	0	0	0	0	0	0	0	0	0	0	0	0	0	0	0	0	0	0	0	0
0	0	0	0	0	0	0	0	0	0	0	0	0	0	0	0	0	0	0	0	0	0	0	0	0	0	0	0	0	0	0	0	0	0	0	0	0.827600300625538	0.803804917846201	0.787481693614586	0	0	0	0	0	0	0	0.723915497919289	0.813720824226167	0.709269829297025	0.634286372381567	0.973046915272959	0	0.689855864312078	0.818273086122268	0	0	0	0	0	0	0	0	0	0	0	0	0	0	0	0	0	0	0	0	0	0	0	0	0	0	0	0	0	0	0	0	0	0	0	0
0	0	0	0	0	0	0	0	0	0	0	0	0	0	0	0	0	0	0	0	0	0	0	0	0	0	0	0	0	0	0	0	0	0	0	0	0.518724414525676	0.753676067815331	0.757423110534749	0.999115143664987	0	0	0	0	0	0	0	0.864411766552865	0.551063667898714	0.647336688478297	0.864602510065809	0.610385966993123	0	0.831020673261596	0	0	0	0	0	0	0	0	0	0	0	0	0	0	0	0	0	0	0	0	0	0	0	0	0	0	0	0	0	0	0	0	0	0	0	0
0	0	0	0	0	0	0	0	0	0	0	0	0	0	0	0	0	0	0	0	0	0	0	0	0	0	0	0	0	0	0	0	0	0	0	0	0.660987046889943	0.659204144576375	0.639240297262035	0.862858850142521	0.935580472557735	0	0	0	0	0	0	0	0.727759027405655	0.771538283543794	0.602689526845839	0.551861899609102	0.911054127432606	0	0	0	0	0	0	0	0	0	0	0	0	0	0	0	0	0	0	0	0	0	0	0	0	0	0	0	0	0	0	0	0	0	0	0	0	0
0	0	0	0	0	0	0	0	0	0	0	0	0	0	0	0	0	0	0	0	0	0	0	0	0	0	0	0	0	0	0	0	0	0	0	0	0	0	0	0	0	0	0	0	0	0	0	0	0	0	0	0	0	0	0	0.965873214766261	0.630492464659666	0.911816803123432	0	0	0	0	0	0	0	0	0	0	0	0.706988702379228	0.960730144524774	0.863954951094479	0	0	0	0	0	0	0	0	0	0	0	0	0	0	0	0	0	0
0	0	0	0	0	0	0	0	0	0	0	0	0	0	0	0	0	0	0	0	0	0	0	0	0	0	0	0	0	0	0	0	0	0	0	0	0	0	0	0	0	0	0	0	0	0	0	0	0	0	0	0	0	0	0.941711032349284	0	0	0.668599468852167	0.935943727246097	0	0	0	0	0.817697323921838	0	0.845006718696833	0	0	0	0	0.847365710309746	0.836701680000512	0	0	0	0	0	0	0	0	0	0	0	0	0	0	0	0	0	0
0	0	0	0	0	0	0	0	0	0	0	0	0	0	0	0	0	0	0	0	0	0	0	0	0	0	0	0	0	0	0	0	0	0	0	0	0	0	0	0	0	0	0	0	0	0	0	0	0	0	0	0	0	0	0.765134697619114	0	0	0.793566545829919	0.604508803146207	0.889534511450637	0	0	0	0	0	0	0	0	0	0	0	0.910995918308685	0	0	0	0	0	0	0	0	0	0	0	0	0	0	0	0	0	0
0	0	0	0	0	0	0	0	0	0	0	0	0	0	0	0	0	0	0	0	0	0	0	0	0	0	0	0	0	0	0	0	0	0	0	0	0	0	0	0	0	0	0	0	0	0	0	0	0	0	0	0	0	0	0.521086905877799	0.873864629263173	0.921309143791988	0	0	0.679478083488369	0.603155524632612	0	0	0	0	0	0.600459567119048	0	0	0	0	0	0	0	0	0	0	0	0	0	0	0	0	0	0	0	0	0	0	0
0	0	0	0	0	0	0	0	0	0	0	0	0	0	0	0	0	0	0	0	0	0	0	0	0	0	0	0	0	0	0	0	0	0	0	0	0	0	0	0	0	0	0	0	0	0	0	0	0	0	0	0	0	0	0	0.878232067992052	0.790793488015563	0	0	0.644402511557771	0.925311830141639	0.563392426451139	0.945643788030443	0	0	0	0	0	0	0	0	0	0	0	0	0	0	0	0	0	0	0	0	0	0	0	0	0	0	0
0	0	0	0	0	0	0	0	0	0	0	0	0	0	0	0	0	0	0	0	0	0	0	0	0	0	0	0	0	0	0	0	0	0	0	0	0	0	0	0	0	0	0	0	0	0	0	0	0	0	0	0	0	0	0	0	0.81360209568791	0.558814630300468	0.80840478388767	0	0.678356416085591	0.608340537556831	0.737483101418548	0	0	0	0	0.851109372969217	0	0	0	0	0	0	0	0	0	0	0	0	0	0	0	0	0	0	0	0	0	0
0	0	0	0	0	0	0	0	0	0	0	0	0	0	0	0	0	0	0	0	0	0	0	0	0	0	0	0	0	0	0	0	0	0	0	0	0	0	0	0	0	0	0	0	0	0	0	0	0	0	0	0	0	0	0	0	0	0.61514662117878	0.53365627626704	0.561160613386498	0	0.913358610633125	0.783906512803912	0.611034237305129	0	0	0	0	0	0	0	0	0	0	0	0	0	0	0	0	0	0	0	0	0	0	0	0	0	0
0	0	0	0	0	0	0	0	0	0	0	0	0	0	0	0	0	0	0	0	0	0	0	0	0	0	0	0	0	0	0	0	0	0	0	0	0	0	0	0	0	0	0	0	0	0	0	0	0	0	0	0	0	0	0	0	0	0	0.998241081717225	0.625633889678685	0.659855473394927	0	0.598697068737724	0.971023025484807	0.964448063592699	0	0	0	0	0	0	0	0	0	0	0	0	0	0	0	0	0	0	0	0	0	0	0	0	0
0	0	0	0	0	0	0	0	0	0	0	0	0	0	0	0	0	0	0	0	0	0	0	0	0	0	0	0	0	0	0	0	0	0	0	0	0	0	0	0	0	0	0	0	0	0	0	0	0	0	0	0	0	0	0	0	0	0	0.768164243552165	0.53720213628287	0.957718047382276	0.596696803467074	0	0	0.984127036396043	0.877861245837468	0	0	0	0	0	0	0	0	0	0	0	0	0	0	0	0	0	0	0	0	0	0	0	0
0	0	0	0	0	0	0	0	0	0	0	0	0	0	0	0	0	0	0	0	0	0	0	0	0	0	0	0	0	0	0	0	0	0	0	0	0	0	0	0	0	0	0	0	0	0	0	0	0	0	0	0	0	0	0	0.894873898912541	0	0	0	0	0.776752691191854	0.678795900903388	0	0	0.937273183381454	0.9949744823282	0.77086876557913	0	0	0	0	0	0	0	0	0	0	0	0	0	0	0	0	0	0	0	0	0	0	0
0	0	0	0	0	0	0	0	0	0	0	0	0	0	0	0	0	0	0	0	0	0	0	0	0	0	0	0	0	0	0	0	0	0	0	0	0	0	0	0	0	0	0	0	0	0	0	0	0	0	0	0	0	0	0	0	0	0	0	0	0	0.624700358240131	0.513869573062721	0.651937503024684	0	0.94663805869995	0.93215614787484	0.824836856662069	0	0	0	0	0	0	0	0	0	0	0	0	0	0	0	0	0	0	0	0	0	0
0	0	0	0	0	0	0	0	0	0	0	0	0	0	0	0	0	0	0	0	0	0	0	0	0	0	0	0	0	0	0	0	0	0	0	0	0	0	0	0	0	0	0	0	0	0	0	0	0	0	0	0	0	0	0	0.514472866950115	0	0	0	0	0	0	0.598559145060083	0.739914268193905	0.851259495055406	0	0.816235723254342	0.619991394517439	0	0	0	0	0	0	0	0	0	0	0	0	0	0	0	0	0	0	0	0	0	0
0	0	0	0	0	0	0	0	0	0	0	0	0	0	0	0	0	0	0	0	0	0	0	0	0	0	0	0	0	0	0	0	0	0	0	0	0	0	0	0	0	0	0	0	0	0	0	0	0	0	0	0	0	0	0	0	0	0.676627950610321	0	0	0	0	0	0.81552696479703	0.594232311646137	0.564243871113012	0	0.667476586046078	0.557105895084488	0.876739399549646	0	0	0	0	0	0	0	0	0	0	0	0	0	0	0	0	0	0	0	0
0	0	0	0	0	0	0	0	0	0	0	0	0	0	0	0	0	0	0	0	0	0	0	0	0	0	0	0	0	0	0	0	0	0	0	0	0	0	0	0	0	0	0	0	0	0	0	0	0	0	0	0	0	0	0	0	0	0	0	0.899938350702958	0	0	0	0	0.521616345331201	0.560213023197087	0.794335505430593	0	0.838034599912923	0	0.618207648017364	0	0	0	0	0	0	0	0	0	0	0	0	0	0	0	0	0	0	0
0	0	0	0	0	0	0	0	0	0	0	0	0	0	0	0	0	0	0	0	0	0	0	0	0	0	0	0	0	0	0	0	0	0	0	0	0	0	0	0	0	0	0	0	0	0	0	0	0	0	0	0	0	0	0	0	0	0	0	0	0	0	0	0	0	0	0.526437532127395	0.807773634974109	0	0.826820317183516	0.568687957321638	0.618852662437832	0	0	0	0	0	0	0	0	0	0	0	0	0	0	0	0	0	0
0	0	0	0	0	0	0	0	0	0	0	0	0	0	0	0	0	0	0	0	0	0	0	0	0	0	0	0	0	0	0	0	0	0	0	0	0	0	0	0	0	0	0	0	0	0	0	0	0	0	0	0	0	0	0.661337174240859	0	0	0	0	0	0	0	0	0	0	0	0.623413353316013	0	0.987925118375255	0	0.869255928344925	0.836013103654443	0	0	0	0	0	0	0	0	0	0	0	0	0	0	0	0	0	0
0	0	0	0	0	0	0	0	0	0	0	0	0	0	0	0	0	0	0	0	0	0	0	0	0	0	0	0	0	0	0	0	0	0	0	0	0	0	0	0	0	0	0	0	0	0	0	0	0	0	0	0	0	0	0.718230260494051	0.983199843843757	0	0	0	0	0	0	0	0	0	0	0	0.759707514005809	0.84671759484365	0.981432005772	0	0.67382502846881	0	0	0	0	0	0	0	0	0	0	0	0	0	0	0	0	0	0
0	0	0	0	0	0	0	0	0	0	0	0	0	0	0	0	0	0	0	0	0	0	0	0	0	0	0	0	0	0	0	0	0	0	0	0	0	0	0	0	0	0	0	0	0	0	0	0	0	0	0	0	0	0	0.74751513236512	0.764051879330158	0.835633534586331	0	0	0	0	0	0	0	0	0	0	0	0.685332089437966	0.774221913214364	0.990380370219303	0	0	0	0	0	0	0	0	0	0	0	0	0	0	0	0	0	0	0
0	0	0	0	0	0	0	0	0	0	0	0	0	0	0	0	0	0	0	0	0	0	0	0	0	0	0	0	0	0	0	0	0	0	0	0	0	0	0	0	0	0	0	0	0	0	0	0	0	0	0	0	0	0	0	0	0	0	0	0	0	0	0	0	0	0	0	0	0	0	0	0	0	0.956190961327778	0	0.933708739821206	0.660196781987838	0	0	0	0	0	0	0.504124822312977	0	0.754299952887273	0	0	0.994848832648911	0.607533552588169
0	0	0	0	0	0	0	0	0	0	0	0	0	0	0	0	0	0	0	0	0	0	0	0	0	0	0	0	0	0	0	0	0	0	0	0	0	0	0	0	0	0	0	0	0	0	0	0	0	0	0	0	0	0	0	0	0	0	0	0	0	0	0	0	0	0	0	0	0	0	0	0	0.635810191977483	0	0.892240624915277	0	0.508538271222794	0	0	0	0	0	0	0	0.772785647103216	0.576701286941938	0.55736944996965	0	0.557605023928681	0
0	0	0	0	0	0	0	0	0	0	0	0	0	0	0	0	0	0	0	0	0	0	0	0	0	0	0	0	0	0	0	0	0	0	0	0	0	0	0	0	0	0	0	0	0	0	0	0	0	0	0	0	0	0	0	0	0	0	0	0	0	0	0	0	0	0	0	0	0	0	0	0	0	0.609820126391483	0	0.864452995261626	0.597560615553736	0	0.558137869754816	0.596027477814023	0.729501242350099	0	0	0	0.623800850903203	0.592630957557954	0.514746825119295	0.979829456171564	0.544421186279707	0.881785034322723
0	0	0	0	0	0	0	0	0	0	0	0	0	0	0	0	0	0	0	0	0	0	0	0	0	0	0	0	0	0	0	0	0	0	0	0	0	0	0	0	0	0	0	0	0	0	0	0	0	0	0	0	0	0	0	0	0	0	0	0	0	0	0	0	0	0	0	0	0	0	0	0	0.52538127504836	0	0.930028422375941	0	0.961802460803712	0	0	0.654472462712418	0	0	0	0	0.85443727841184	0	0	0.94351211614755	0	0.531869944709865
0	0	0	0	0	0	0	0	0	0	0	0	0	0	0	0	0	0	0	0	0	0	0	0	0	0	0	0	0	0	0	0	0	0	0	0	0	0	0	0	0	0	0	0	0	0	0	0	0	0	0	0	0	0	0	0	0	0	0	0	0	0	0	0	0	0	0	0	0	0	0	0	0.927986787873273	0.579707525793906	0.678532765280839	0.941115255345099	0	0.726967404665047	0.818649976968765	0.593442104688826	0	0	0	0	0.94178481204687	0.744518882058352	0	0	0.644843120762469	0
0	0	0	0	0	0	0	0	0	0	0	0	0	0	0	0	0	0	0	0	0	0	0	0	0	0	0	0	0	0	0	0	0	0	0	0	0	0	0	0	0	0	0	0	0	0	0	0	0	0	0	0	0	0	0	0	0	0	0	0	0	0	0	0	0	0	0	0	0	0	0	0	0	0	0	0	0.721077653051116	0	0.850029568074925	0.744423843922118	0.679486183413845	0.884481783340127	0.957487890200213	0	0	0	0.663944603729129	0.828907115418146	0	0
0	0	0	0	0	0	0	0	0	0	0	0	0	0	0	0	0	0	0	0	0	0	0	0	0	0	0	0	0	0	0	0	0	0	0	0	0	0	0	0	0	0	0	0	0	0	0	0	0	0	0	0	0	0	0	0	0	0	0	0	0	0	0	0	0	0	0	0	0	0	0	0	0	0	0.912870427756124	0	0.598638314268689	0.706729425626532	0	0	0	0	0.848018223734813	0	0	0.617392852015908	0.524761318050763	0	0.992004653515867	0
0	0	0	0	0	0	0	0	0	0	0	0	0	0	0	0	0	0	0	0	0	0	0	0	0	0	0	0	0	0	0	0	0	0	0	0	0	0	0	0	0	0	0	0	0	0	0	0	0	0	0	0	0	0	0	0	0	0	0	0	0	0	0	0	0	0	0	0	0	0	0	0	0	0	0.953398402830941	0.768806959196119	0.617139850312194	0.562467905951925	0	0	0	0	0.700918834374404	0	0	0	0.955536662294386	0.638264970841407	0	0.815906919052779
0	0	0	0	0	0	0	0	0	0	0	0	0	0	0	0	0	0	0	0	0	0	0	0	0	0	0	0	0	0	0	0	0	0	0	0	0	0	0	0	0	0	0	0	0	0	0	0	0	0	0	0	0	0	0	0	0	0	0	0	0	0	0	0	0	0	0	0	0	0	0	0	0	0	0.731853209216467	0	0	0.538308586208168	0	0	0	0	0.957174670046321	0	0	0.617397084353728	0	0	0.665160821433611	0
0	0	0	0	0	0	0	0	0	0	0	0	0	0	0	0	0	0	0	0	0	0	0	0	0	0	0	0	0	0	0	0	0	0	0	0	0	0	0	0	0	0	0	0	0	0	0	0	0	0	0	0	0	0	0	0	0	0	0	0	0	0	0	0	0	0	0	0	0	0	0	0	0	0	0	0	0	0.8555533787137	0	0	0	0	0.924213599564686	0.517497921068627	0.874959505148156	0.682314537797906	0	0	0	0
0	0	0	0	0	0	0	0	0	0	0	0	0	0	0	0	0	0	0	0	0	0	0	0	0	0	0	0	0	0	0	0	0	0	0	0	0	0	0	0	0	0	0	0	0	0	0	0	0	0	0	0	0	0	0	0	0	0	0	0	0	0	0	0	0	0	0	0	0	0	0	0	0	0	0	0	0	0.653630114791732	0.607248487024792	0.694097379559227	0.955168147329122	0.827874201604376	0	0	0.627656191154818	0.69962495724202	0	0	0	0.912554821495108
0	0	0	0	0	0	0	0	0	0	0	0	0	0	0	0	0	0	0	0	0	0	0	0	0	0	0	0	0	0	0	0	0	0	0	0	0	0	0	0	0	0	0	0	0	0	0	0	0	0	0	0	0	0	0	0	0	0	0	0	0	0	0	0	0	0	0	0	0	0	0	0	0.505179691135147	0	0	0	0	0	0	0	0	0.625891211552976	0	0	0.600540819473807	0.797611421954482	0	0.91802727055106	0.919972222384533	0
0	0	0	0	0	0	0	0	0	0	0	0	0	0	0	0	0	0	0	0	0	0	0	0	0	0	0	0	0	0	0	0	0	0	0	0	0	0	0	0	0	0	0	0	0	0	0	0	0	0	0	0	0	0	0	0	0	0	0	0	0	0	0	0	0	0	0	0	0	0	0	0	0	0.819516161291962	0.536492182843346	0.854562787531469	0.87335313860526	0	0	0	0	0.826549797679924	0.800862165716463	0.714419760396002	0	0.510894728807223	0.694770700423129	0.807551549616961	0	0
0	0	0	0	0	0	0	0	0	0	0	0	0	0	0	0	0	0	0	0	0	0	0	0	0	0	0	0	0	0	0	0	0	0	0	0	0	0	0	0	0	0	0	0	0	0	0	0	0	0	0	0	0	0	0	0	0	0	0	0	0	0	0	0	0	0	0	0	0	0	0	0	0.625894177947517	0.624441765828644	0.574730305242178	0	0.64707848012638	0	0.53141679415828	0	0.616915280926134	0.500968689924105	0.865532218477828	0.689476097699834	0.740785755835339	0	0.70271868273359	0.588948990058547	0	0
0	0	0	0	0	0	0	0	0	0	0	0	0	0	0	0	0	0	0	0	0	0	0	0	0	0	0	0	0	0	0	0	0	0	0	0	0	0	0	0	0	0	0	0	0	0	0	0	0	0	0	0	0	0	0	0	0	0	0	0	0	0	0	0	0	0	0	0	0	0	0	0	0	0.911244896642856	0.586417235099964	0	0	0.506347316681319	0.815135377395683	0.668843223204533	0	0	0	0	0.992224239396562	0.500606893004741	0	0.773423494735566	0	0.979076683057278
0	0	0	0	0	0	0	0	0	0	0	0	0	0	0	0	0	0	0	0	0	0	0	0	0	0	0	0	0	0	0	0	0	0	0	0	0	0	0	0	0	0	0	0	0	0	0	0	0	0	0	0	0	0	0	0	0	0	0	0	0	0	0	0	0	0	0	0	0	0	0	0	0	0	0.985092758029462	0.800811422458504	0	0.804807916746372	0	0.966162184695958	0	0	0	0.700992026473428	0.603325731274818	0.569844369374422	0.537106929001425	0	0	0.806125424554134
0	0	0	0	0	0	0	0	0	0	0	0	0	0	0	0	0	0	0	0	0	0	0	0	0	0	0	0	0	0	0	0	0	0	0	0	0	0	0	0	0	0	0	0	0	0	0	0	0	0	0	0	0	0	0	0	0	0	0	0	0	0	0	0	0	0	0	0	0	0	0	0	0.551910954381494	0.974368868080399	0.912632757467528	0	0.86092191152869	0	0.775996612838484	0	0.945032399776118	0	0	0.680138743804297	0	0	0	0	0	0
0	0	0	0	0	0	0	0	0	0	0	0	0	0	0	0	0	0	0	0	0	0	0	0	0	0	0	0	0	0	0	0	0	0	0	0	0	0	0	0	0	0	0	0	0	0	0	0	0	0	0	0	0	0	0	0	0	0	0	0	0	0	0	0	0	0	0	0	0	0	0	0	0.63156389729098	0	0.797531944035475	0.66018714042555	0	0	0	0.939385137721303	0	0	0.920967814203686	0	0	0	0.576793145285794	0.663283067895095	0	0
