0	0.912578511457023	0.555210354227873	0	0.620245534165143	0.652102804540403	0.72641295478654	0	0	0	0.660721349689414	0	0	0	0	0.929974990382302	0	0	0.964576125799683	0	0	0	0.834663622651977	0.514710100806067	0.625558691591221	0.64537285757841	0.827191362722744	0.867243071107547	0.732999051775611	0.94953129110239	0	0	0	0	0	0	0	0	0	0	0	0	0	0	0	0	0	0	0	0	0	0	0	0	0	0	0	0	0	0	0	0	0	0	0	0	0	0	0	0	0	0	0	0	0	0	0	0	0	0	0	0	0	0	0	0	0	0	0	0
0.77769108023704	0	0.774273568250274	0.662157235687253	0.723777984249385	0.618881646759046	0.800158997505837	0.666282463122638	0.790842160235481	0	0	0	0	0	0	0	0	0	0	0	0	0	0	0	0.934536653590195	0.899954982376635	0.837750517153786	0.515768102984423	0.607650120839289	0.587763730817784	0	0	0	0	0	0	0	0	0	0	0	0	0	0	0	0	0	0	0	0	0	0	0	0	0	0	0	0	0	0	0	0	0	0	0	0	0	0	0	0	0	0	0	0	0	0	0	0	0	0	0	0	0	0	0	0	0	0	0	0
0.564570889902156	0.968865210797797	0	0	0.901223008180185	0.705608684822616	0.741081771704092	0.710895153702394	0.732805014222639	0.649972621665652	0	0	0	0	0	0	0	0	0	0	0.594559328437067	0.623026498849635	0	0	0	0.75661342038491	0.763709917270636	0.959513593159435	0.654597649319382	0.530103586110719	0	0	0	0	0	0	0	0	0	0	0	0	0	0	0	0	0	0	0	0	0	0	0	0	0	0	0	0	0	0	0	0	0	0	0	0	0	0	0	0	0	0	0	0	0	0	0	0	0	0	0	0	0	0	0	0	0	0	0	0
0	0.982672116904896	0	0	0.579833630093852	0.960704451434896	0.604932401286833	0.831518613397754	0.783599521065574	0.986084060664576	0.555136484127131	0	0	0	0	0	0	0	0	0	0	0	0	0	0	0	0.672490579146383	0.669652700870451	0	0.800365914169627	0	0	0	0	0	0	0	0	0	0	0	0	0	0	0	0	0	0	0	0	0	0	0	0	0	0	0	0	0	0	0	0	0	0	0	0	0	0	0	0	0	0	0	0	0	0	0	0	0	0	0	0	0	0	0	0	0	0	0	0
0.974803913697607	0.551848396539448	0.988074048509105	0.965138897441794	0	0.900833354810746	0.563891695814546	0	0.884023767541559	0.824227460815144	0.919232216110658	0.86202322164027	0	0	0	0	0	0.880950419913311	0	0	0	0	0	0	0	0	0	0.646006865792926	0.984839069229092	0.748090346142999	0	0	0	0	0	0	0	0	0	0	0	0	0	0	0	0	0	0	0	0	0	0	0	0	0	0	0	0	0	0	0	0	0	0	0	0	0	0	0	0	0	0	0	0	0	0	0	0	0	0	0	0	0	0	0	0	0	0	0	0
0.897044292070283	0.916197961774391	0.926956725279394	0.746572998736631	0.780477489290195	0	0.668399616994676	0.936062770660642	0.711484919392794	0.767306833908132	0.896571935673446	0.750518069159915	0.983686872139535	0	0	0	0	0	0	0	0	0	0	0	0	0	0	0	0.724292491199547	0.566243346080364	0	0	0	0	0	0	0	0	0	0	0	0	0	0	0	0	0	0	0	0	0	0	0	0	0	0	0	0	0	0	0	0	0	0	0	0	0	0	0	0	0	0	0	0	0	0	0	0	0	0	0	0	0	0	0	0	0	0	0	0
0.888684083444687	0.670733670323758	0.715881800609459	0.581219729002802	0.787011830093356	0.763341443597071	0	0.902513166142776	0	0.929979325870148	0.893200106646746	0	0.838208721448168	0.638010876100033	0	0.859961917465668	0	0	0	0	0.862768143179676	0	0	0	0	0	0	0	0	0.791277757847721	0	0	0	0	0	0	0	0	0	0	0	0	0	0	0	0	0	0	0	0	0	0	0	0	0	0	0	0	0	0	0	0	0	0	0	0	0	0	0	0	0	0	0	0	0	0	0	0	0	0	0	0	0	0	0	0	0	0	0	0
0	0.720070457384491	0.829240734196651	0.989201584879248	0	0.652549557327572	0.764960719221566	0	0	0.861607435470312	0.859361221996304	0.628155042230025	0.707200779813635	0.883306366224926	0.741122304708336	0	0	0	0	0	0	0.930359812509224	0	0	0	0	0	0	0	0	0	0	0	0	0	0	0	0	0	0	0	0	0	0	0	0	0	0	0	0	0	0	0	0	0	0	0	0	0	0	0	0	0	0	0	0	0	0	0	0	0	0	0	0	0	0	0	0	0	0	0	0	0	0	0	0	0	0	0	0
0	0.870533692882583	0.848556016600012	0.904694531378269	0.772506416931646	0.692977295167695	0	0	0	0	0.588713168010359	0.738549793983537	0.948741129446604	0.622283282175025	0.76862655085939	0.968986489153918	0.581649774902909	0	0	0	0	0	0	0	0	0	0	0	0.632029532544667	0	0	0	0	0	0	0	0	0	0	0	0	0	0	0	0	0	0	0	0	0	0	0	0	0	0	0	0	0	0	0	0	0	0	0	0	0	0	0	0	0	0	0	0	0	0	0	0	0	0	0	0	0	0	0	0	0	0	0	0	0
0	0	0.530003906509102	0.578455578074746	0.628133131264688	0.788250350073031	0.921519141202593	0.542104265949841	0	0	0.675895498943573	0.892671560081793	0.559193491916416	0.666667593248624	0.894767474510737	0.540463426841404	0.541265204729688	0	0	0	0	0	0	0	0	0	0	0	0	0	0	0	0	0	0	0	0	0	0	0	0	0	0	0	0	0	0	0	0	0	0	0	0	0	0	0	0	0	0	0	0	0	0	0	0	0	0	0	0	0	0	0	0	0	0	0	0	0	0	0	0	0	0	0	0	0	0	0	0	0
0.626556160174959	0	0	0.893440829290154	0.778661908276209	0.814463791345766	0.943268512738234	0.57558814565904	0.572251133927959	0.967906503283051	0	0.50367007203751	0.939689176875692	0	0.949505942492317	0.911453427595588	0.852588130756369	0.728812263619729	0	0	0	0	0	0	0	0	0	0	0	0	0	0	0	0	0	0	0	0	0	0	0	0	0	0	0	0	0	0	0	0	0	0	0	0	0	0	0	0	0	0	0	0	0	0	0	0	0	0	0	0	0	0	0	0	0	0	0	0	0	0	0	0	0	0	0	0	0	0	0	0
0	0	0	0	0.867887408335973	0.725549619308127	0	0.766916460596116	0.774465962232149	0.990063674807235	0.616127668050172	0	0.747410124161451	0.724328370038823	0.536476784506543	0.898471396173056	0.548225965469229	0.585693161114463	0.70139327196901	0	0	0	0.729029795943001	0	0	0	0	0	0	0	0	0	0	0	0	0	0	0	0	0	0	0	0	0	0	0	0	0	0	0	0	0	0	0	0	0	0	0	0	0	0	0	0	0	0	0	0	0	0	0	0	0	0	0	0	0	0	0	0	0	0	0	0	0	0	0	0	0	0	0
0	0	0	0	0	0.578942363243485	0.774754914582242	0.990468732614126	0.72117570341724	0.685785334003584	0.881760572371064	0.750273914616823	0	0.91724140957405	0.863956921031048	0.602208196058061	0.622131974636081	0.854266384086097	0.887421658466611	0.811482383220101	0	0	0.603229853499587	0	0	0	0	0	0	0	0	0	0	0	0	0	0	0	0	0	0	0	0	0	0	0	0	0	0	0	0	0	0	0	0	0	0	0	0	0	0	0	0	0	0	0	0	0	0	0	0	0	0	0	0	0	0	0	0	0	0	0	0	0	0	0	0	0	0	0
0	0	0	0	0	0	0.953037734949088	0.90347108030164	0.769920422380381	0.841359956688875	0	0.543301093271726	0.836647620890959	0	0.602258728172717	0.650159696973323	0.873250373312767	0.584686522191196	0.77429105529791	0.527801758309503	0	0	0	0	0.845474287024704	0	0	0.950328495044823	0	0	0	0	0	0	0	0	0	0	0	0	0	0	0	0	0	0	0	0	0	0	0	0	0	0	0	0	0	0	0	0	0	0	0	0	0	0	0	0	0	0	0	0	0	0	0	0	0	0	0	0	0	0	0	0	0	0	0	0	0	0
0	0	0	0	0	0	0	0.53414670248036	0.87881327267576	0.825842874204609	0.586177774652493	0.552161396977575	0.621757935059891	0.880249759960459	0	0.828807847728248	0.898851021252461	0	0.735187573382571	0.996103470492579	0.755093673754811	0.947281051816383	0	0	0	0	0	0.965530691410111	0	0	0	0	0	0	0	0	0	0	0	0	0	0	0	0	0	0	0	0	0	0	0	0	0	0	0	0	0	0	0	0	0	0	0	0	0	0	0	0	0	0	0	0	0	0	0	0	0	0	0	0	0	0	0	0	0	0	0	0	0	0
0.720585172904175	0	0	0	0	0	0.923422211114817	0	0.556743887992819	0.644742158315107	0.867712080524351	0.935535017822357	0.995063751740934	0.706521780528478	0.729872447764495	0	0.63287112533027	0.81591860284752	0	0.593573148713921	0.983824723834303	0.778039716437355	0	0.726223392364073	0	0	0	0	0	0.67613072545864	0	0	0	0	0	0	0	0	0	0	0	0	0	0	0	0	0	0	0	0	0	0	0	0	0	0	0	0	0	0	0	0	0	0	0	0	0	0	0	0	0	0	0	0	0	0	0	0	0	0	0	0	0	0	0	0	0	0	0	0
0	0	0	0	0	0	0	0	0.992499461390248	0.938738198255357	0.855498310044638	0.584130900821418	0.831367434148054	0.671108979145961	0.735090168324727	0.964997920080776	0	0.726962944724143	0.904080267510561	0.906462704434755	0.688530940932702	0.536234727278042	0.551796883319598	0.819494880230984	0	0	0	0	0	0	0	0	0	0	0	0	0	0	0	0	0	0	0	0	0	0	0	0	0	0	0	0	0	0	0	0	0	0	0	0	0	0	0	0	0	0	0	0	0	0	0	0	0	0	0	0	0	0	0	0	0	0	0	0	0	0	0	0	0	0
0	0	0	0	0.835726581842029	0	0	0	0	0	0.946887535251533	0.582676502185055	0.663632244552543	0.538597132328961	0	0.743341675865666	0.533754203285697	0	0.770826368116232	0.616264307493455	0.51367844684665	0.864077910057511	0.68573162093152	0.570204850019502	0.611685166606827	0	0	0	0	0	0	0	0	0	0	0	0	0	0	0	0	0	0	0	0	0	0	0	0	0	0	0	0	0	0	0	0	0	0	0	0	0	0	0	0	0	0	0	0	0	0	0	0	0	0	0	0	0	0	0	0	0	0	0	0	0	0	0	0	0
0.878492894701454	0	0	0	0	0	0	0	0	0	0	0.994351728960709	0.902552567196371	0.891969391216213	0.53883256536087	0	0.555507869226267	0.858893421097897	0	0.85702842533961	0.863363509998812	0.703991849152289	0	0.73417025925615	0.880305214994528	0.602705132761058	0	0	0	0	0	0	0	0	0	0	0	0	0	0	0	0	0	0	0	0	0	0	0	0	0	0	0	0	0	0	0	0	0	0	0	0	0	0	0	0	0	0	0	0	0	0	0	0	0	0	0	0	0	0	0	0	0	0	0	0	0	0	0	0
0	0	0	0	0	0	0	0	0	0	0	0	0.692436291378884	0.771486848546898	0.735742725773862	0.823559837926201	0.700526762550612	0.700128831398239	0.762661559299592	0	0.962726400022711	0.570056850115915	0.850938881266687	0.756507779358458	0.865336242605903	0.55342904226341	0.816336816867359	0	0	0	0	0	0	0	0	0	0	0	0	0	0	0	0	0	0	0	0	0	0	0	0	0	0	0	0	0	0	0	0	0	0	0	0	0	0	0	0	0	0	0	0	0	0	0	0	0	0	0	0	0	0	0	0	0	0	0	0	0	0	0
0	0	0.616207974558049	0	0	0	0.935780188799192	0	0	0	0	0	0	0	0.676497797210279	0.711079409980677	0.626507837510866	0.674361761914012	0.847070781085554	0.898320091068211	0	0.730107958137487	0.78835558279851	0.844069894489045	0.628794503211506	0.673512914829227	0.504270997995259	0.807001957114509	0	0	0	0	0	0	0	0	0	0	0	0	0	0	0	0	0	0	0	0	0	0	0	0	0	0	0	0	0	0	0	0	0	0	0	0	0	0	0	0	0	0	0	0	0	0	0	0	0	0	0	0	0	0	0	0	0	0	0	0	0	0
0	0	0.922515547380584	0	0	0	0	0.735126381373656	0	0	0	0	0	0	0.951724211386106	0.655553936155749	0.864935956042193	0.639261786938921	0.753600704336774	0.582708623104706	0.501295029210758	0	0.830660749079708	0.726181861207982	0.932625756344861	0.951644098804258	0.735855234316389	0.819154227895551	0	0	0	0	0	0	0	0	0	0	0	0	0	0	0	0	0	0	0	0	0	0	0	0	0	0	0	0	0	0	0	0	0	0	0	0	0	0	0	0	0	0	0	0	0	0	0	0	0	0	0	0	0	0	0	0	0	0	0	0	0	0
0.697277480407222	0	0	0	0	0	0	0	0	0	0	0.945866451975145	0.575795621899321	0	0	0	0.821115055666167	0.535798916619544	0	0.991781360679078	0.584998838365139	0.572562031450867	0	0.875843536587711	0.618317238926452	0.813493618230894	0	0.949938451911489	0	0.833543342098624	0	0	0	0	0	0	0	0	0	0	0	0	0	0	0	0	0	0	0	0	0	0	0	0	0	0	0	0	0	0	0	0	0	0	0	0	0	0	0	0	0	0	0	0	0	0	0	0	0	0	0	0	0	0	0	0	0	0	0	0
0.646627707397894	0	0	0	0	0	0	0	0	0	0	0	0	0	0	0.976524141336666	0.741938477734341	0.866214105319629	0.869489894436733	0.941131161362979	0.858910878025663	0.659820880454173	0.77281621641218	0	0.999896627791573	0.622027416744493	0.571645142058565	0.570983951640448	0.868146852139201	0.599008676505535	0	0	0	0	0	0	0	0	0	0	0	0	0	0	0	0	0	0	0	0	0	0	0	0	0	0	0	0	0	0	0	0	0	0	0	0	0	0	0	0	0	0	0	0	0	0	0	0	0	0	0	0	0	0	0	0	0	0	0	0
0.856619053635151	0.982355181692407	0	0	0	0	0	0	0	0	0	0	0	0.970478549716783	0	0	0	0.776119927246655	0.94427744277182	0.826686902409288	0.555029326055538	0.863764520239524	0.566801077922865	0.986040473322361	0	0.700758986765401	0.613884924449406	0.679908375097454	0.9779254604639	0.734718883264345	0	0	0	0	0	0	0	0	0	0	0	0	0	0	0	0	0	0	0	0	0	0	0	0	0	0	0	0	0	0	0	0	0	0	0	0	0	0	0	0	0	0	0	0	0	0	0	0	0	0	0	0	0	0	0	0	0	0	0	0
0.813340057884024	0.901209804727037	0.570715714063449	0	0	0	0	0	0	0	0	0	0	0	0	0	0	0	0.99979655668046	0.968529995845385	0.821688438161757	0.984934582347114	0.615367637207321	0.642195145545921	0.704543335286475	0	0.856378081665177	0.843812184656815	0.902768704257476	0.989633974960583	0	0	0	0	0	0	0	0	0	0	0	0	0	0	0	0	0	0	0	0	0	0	0	0	0	0	0	0	0	0	0	0	0	0	0	0	0	0	0	0	0	0	0	0	0	0	0	0	0	0	0	0	0	0	0	0	0	0	0	0
0.551466315513665	0.98600076059819	0.860493489475514	0.700411113952563	0	0	0	0	0	0	0	0	0	0	0	0	0	0	0	0.807246240590796	0.568072186800096	0.736377063320965	0	0.915816720194863	0.897857089933677	0.621684861753812	0	0.708261416339738	0.898305363635066	0.939618135004745	0	0	0	0	0	0	0	0	0	0	0	0	0	0	0	0	0	0	0	0	0	0	0	0	0	0	0	0	0	0	0	0	0	0	0	0	0	0	0	0	0	0	0	0	0	0	0	0	0	0	0	0	0	0	0	0	0	0	0	0
0.674606038471819	0.904960700266193	0.611747362203727	0.895750445641758	0.98476956801198	0	0	0	0	0	0	0	0	0.864462406732838	0.564056767713571	0	0	0	0	0	0.628329682024227	0.655341847293285	0.906930094668455	0.904135888573436	0.505295943493628	0.596455773606946	0.985969172256773	0	0.660809796601336	0	0	0	0	0	0	0	0	0	0	0	0	0	0	0	0	0	0	0	0	0	0	0	0	0	0	0	0	0	0	0	0	0	0	0	0	0	0	0	0	0	0	0	0	0	0	0	0	0	0	0	0	0	0	0	0	0	0	0	0	0
0.631232783881766	0.571745525920566	0.746564271195075	0	0.913275361158726	0.691504212117233	0	0	0.779539818832526	0	0	0	0	0	0	0	0	0	0	0	0	0	0	0.978538512155098	0.845650946410507	0.74320347781395	0.737710571124694	0.641907477971606	0	0.769596127570954	0	0	0	0	0	0	0	0	0	0	0	0	0	0	0	0	0	0	0	0	0	0	0	0	0	0	0	0	0	0	0	0	0	0	0	0	0	0	0	0	0	0	0	0	0	0	0	0	0	0	0	0	0	0	0	0	0	0	0	0
0.769012961394545	0.768065835137825	0.668059282059099	0.918207411156184	0.926422580695942	0.519632492064176	0.536568522625695	0	0	0	0	0	0	0	0	0.705685730705115	0	0	0	0	0	0	0.962169192523004	0.597299307844766	0.892478773379499	0.759203386408534	0.901376549192835	0	0.776999323138969	0	0	0	0	0	0	0	0	0	0	0	0	0	0	0	0	0	0	0	0	0	0	0	0	0	0	0	0	0	0	0	0	0	0	0	0	0	0	0	0	0	0	0	0	0	0	0	0	0	0	0	0	0	0	0	0	0	0	0	0	0
0	0	0	0	0	0	0	0	0	0	0	0	0	0	0	0	0	0	0	0	0	0	0	0	0	0	0	0	0	0	0	0	0	0	0.816280304829542	0	0	0	0	0	0.765997783427031	0	0.818805620602515	0	0	0	0	0	0	0	0	0	0	0.680907209642361	0	0.767099675161016	0	0.937982271292803	0.529308090591934	0	0	0	0	0	0	0	0	0	0	0	0	0	0	0	0	0	0	0	0	0	0	0	0	0	0	0	0	0	0	0
0	0	0	0	0	0	0	0	0	0	0	0	0	0	0	0	0	0	0	0	0	0	0	0	0	0	0	0	0	0	0	0	0.770594293310696	0	0	0.580758757782801	0	0	0.672281869514971	0	0.797210276134407	0	0	0	0.756536057727869	0	0	0	0	0.725270856182867	0	0	0	0	0	0	0.685704872755298	0.59261087112737	0.588380703429269	0	0	0	0	0	0	0	0	0	0	0	0	0	0	0	0	0	0	0	0	0	0	0	0	0	0	0	0	0	0	0
0	0	0	0	0	0	0	0	0	0	0	0	0	0	0	0	0	0	0	0	0	0	0	0	0	0	0	0	0	0	0	0.678465737301948	0	0.666374558687514	0	0.734919920635005	0	0.514951659526496	0	0	0	0	0	0	0	0	0	0	0	0	0	0	0.895916453475517	0	0	0.791065792649931	0	0	0.792274792944951	0.886506596516115	0	0	0	0	0	0	0	0	0	0	0	0	0	0	0	0	0	0	0	0	0	0	0	0	0	0	0	0	0	0
0	0	0	0	0	0	0	0	0	0	0	0	0	0	0	0	0	0	0	0	0	0	0	0	0	0	0	0	0	0	0	0	0.838839699609476	0	0	0	0	0	0.989996863724751	0	0	0	0	0.592891521820092	0	0	0.815936463296579	0.529553042347693	0.908547189258449	0	0	0	0	0.816742829818481	0	0	0	0	0	0.983045587007449	0	0	0	0	0	0	0	0	0	0	0	0	0	0	0	0	0	0	0	0	0	0	0	0	0	0	0	0	0	0
0	0	0	0	0	0	0	0	0	0	0	0	0	0	0	0	0	0	0	0	0	0	0	0	0	0	0	0	0	0	0.824878261358156	0	0	0	0	0	0	0	0	0	0	0	0	0	0.894151153334398	0	0	0	0.628875835641495	0	0	0.959840965637467	0	0	0.609729500431782	0.556560304776998	0	0.684764285535888	0	0.508630601220215	0	0	0	0	0	0	0	0	0	0	0	0	0	0	0	0	0	0	0	0	0	0	0	0	0	0	0	0	0	0
0	0	0	0	0	0	0	0	0	0	0	0	0	0	0	0	0	0	0	0	0	0	0	0	0	0	0	0	0	0	0	0.817277765020581	0.583833798809526	0	0	0	0	0	0.95691660898291	0.650673385084441	0.634470543207859	0	0	0	0	0	0.577428262907053	0	0.71813303850962	0	0	0	0	0	0	0	0	0	0.730398302782802	0	0	0	0	0	0	0	0	0	0	0	0	0	0	0	0	0	0	0	0	0	0	0	0	0	0	0	0	0	0	0
0	0	0	0	0	0	0	0	0	0	0	0	0	0	0	0	0	0	0	0	0	0	0	0	0	0	0	0	0	0	0	0	0	0	0	0	0	0	0	0	0	0	0.867066471761203	0.690411049908566	0	0	0	0	0	0	0	0	0	0	0	0.72748049292318	0.942517432451836	0.880779960851071	0	0	0	0	0	0	0	0	0	0	0	0	0	0	0	0	0	0	0	0	0	0	0	0	0	0	0	0	0	0	0	0
0	0	0	0	0	0	0	0	0	0	0	0	0	0	0	0	0	0	0	0	0	0	0	0	0	0	0	0	0	0	0	0	0.582036563013097	0	0	0	0	0	0	0	0.73187018242497	0	0	0	0	0.753998767544763	0	0	0	0	0	0.592121645925344	0	0	0	0	0.922491970889832	0.596003969389845	0	0	0	0	0	0	0	0	0	0	0	0	0	0	0	0	0	0	0	0	0	0	0	0	0	0	0	0	0	0	0	0
0	0	0	0	0	0	0	0	0	0	0	0	0	0	0	0	0	0	0	0	0	0	0	0	0	0	0	0	0	0	0	0.749486946535712	0	0.977686185607109	0	0.997689686005203	0	0	0	0	0	0	0	0	0	0.658076619640107	0	0.705404444337052	0	0	0.881811744930119	0	0.730096840653756	0	0	0	0	0.72723998835689	0	0	0	0	0	0	0	0	0	0	0	0	0	0	0	0	0	0	0	0	0	0	0	0	0	0	0	0	0	0	0	0
0	0	0	0	0	0	0	0	0	0	0	0	0	0	0	0	0	0	0	0	0	0	0	0	0	0	0	0	0	0	0	0	0	0	0	0.571702461133385	0	0	0	0	0.720144458081821	0	0.790894502946835	0	0	0	0	0	0	0	0	0	0	0	0.803489194280549	0.662558725806989	0	0	0	0	0	0	0	0	0	0	0	0	0	0	0	0	0	0	0	0	0	0	0	0	0	0	0	0	0	0	0	0	0	0
0	0	0	0	0	0	0	0	0	0	0	0	0	0	0	0	0	0	0	0	0	0	0	0	0	0	0	0	0	0	0.627620778858647	0.651938647903156	0	0	0	0.521379407518862	0	0.566761709810193	0	0.523219298026817	0	0	0.90060936749858	0.579201812064195	0	0	0	0	0.897063934728398	0	0.613736420542204	0	0.921906722690527	0	0	0	0	0	0	0.643066693324137	0	0	0	0	0	0	0	0	0	0	0	0	0	0	0	0	0	0	0	0	0	0	0	0	0	0	0	0	0	0
0	0	0	0	0	0	0	0	0	0	0	0	0	0	0	0	0	0	0	0	0	0	0	0	0	0	0	0	0	0	0	0	0	0	0	0	0	0	0	0	0	0	0.765469089143762	0.684466344059386	0	0.540021611489991	0	0	0	0	0	0	0	0.881336524177894	0.884105816386282	0	0	0	0	0	0	0	0	0	0	0	0	0	0	0	0	0	0	0	0	0	0	0	0	0	0	0	0	0	0	0	0	0	0	0
0	0	0	0	0	0	0	0	0	0	0	0	0	0	0	0	0	0	0	0	0	0	0	0	0	0	0	0	0	0	0.626908794390915	0	0	0	0	0	0.874431821402251	0	0	0.994633793447156	0.620562712263399	0.580212478171048	0	0.793248353705716	0.93358774844058	0	0	0	0	0	0	0.591949549398533	0	0	0	0	0.652881309585405	0	0	0	0	0	0	0	0	0	0	0	0	0	0	0	0	0	0	0	0	0	0	0	0	0	0	0	0	0	0	0	0	0
0	0	0	0	0	0	0	0	0	0	0	0	0	0	0	0	0	0	0	0	0	0	0	0	0	0	0	0	0	0	0	0	0	0.545676944305474	0	0	0.631437559894172	0	0	0	0.756090289153316	0.936460608921945	0.846214426672612	0	0	0	0.57103417887385	0	0.560441571554959	0.940867456752745	0	0	0	0.605479099565767	0	0	0.651453091724194	0	0	0.639991747723385	0	0	0	0	0	0	0	0	0	0	0	0	0	0	0	0	0	0	0	0	0	0	0	0	0	0	0	0	0	0
0	0	0	0	0	0	0	0	0	0	0	0	0	0	0	0	0	0	0	0	0	0	0	0	0	0	0	0	0	0	0	0.797786639831148	0	0	0.536803132484664	0	0	0	0	0	0	0	0.872460340487113	0	0	0	0	0	0	0	0	0	0	0.662356948062589	0	0.974443556530748	0.792207381356733	0.512698504479774	0	0	0	0	0	0	0	0	0	0	0	0	0	0	0	0	0	0	0	0	0	0	0	0	0	0	0	0	0	0	0	0
0	0	0	0	0	0	0	0	0	0	0	0	0	0	0	0	0	0	0	0	0	0	0	0	0	0	0	0	0	0	0	0	0	0	0	0	0	0.972907891266536	0.996979559964206	0	0	0.694553218302818	0	0	0	0	0	0.751934859273574	0.550712310044085	0	0	0	0.808990334640476	0.55559614083966	0	0.663529065562561	0.644072454914285	0	0	0.867878319947051	0	0	0	0	0	0	0	0	0	0	0	0	0	0	0	0	0	0	0	0	0	0	0	0	0	0	0	0	0	0
0	0	0	0	0	0	0	0	0	0	0	0	0	0	0	0	0	0	0	0	0	0	0	0	0	0	0	0	0	0	0	0	0	0.595548839454255	0	0.50632123821869	0	0	0	0	0	0	0	0.767882672650026	0	0	0	0	0.637441361524561	0	0.516862017948622	0	0.866912796583068	0	0.826889263066947	0	0	0	0	0	0	0	0	0	0	0	0	0	0	0	0	0	0	0	0	0	0	0	0	0	0	0	0	0	0	0	0	0	0	0
0	0	0	0	0	0	0	0	0	0	0	0	0	0	0	0	0	0	0	0	0	0	0	0	0	0	0	0	0	0	0	0	0	0.793588429540452	0	0	0	0	0.794667544111368	0	0	0	0	0	0	0.821341278791857	0	0	0	0	0	0	0	0	0	0.729944770348769	0.870905918547536	0	0	0	0	0	0	0	0	0	0	0	0	0	0	0	0	0	0	0	0	0	0	0	0	0	0	0	0	0	0	0	0	0
0	0	0	0	0	0	0	0	0	0	0	0	0	0	0	0	0	0	0	0	0	0	0	0	0	0	0	0	0	0	0	0	0	0.66544625504381	0.754137902433614	0.878273851299379	0	0	0	0	0.569867011143163	0	0	0.663243189733434	0	0.576938298272219	0.751256479857863	0	0	0.939997988731791	0	0.703696765417823	0	0	0.768610649330075	0	0	0	0	0	0	0	0	0	0	0	0	0	0	0	0	0	0	0	0	0	0	0	0	0	0	0	0	0	0	0	0	0	0	0
0	0	0	0	0	0	0	0	0	0	0	0	0	0	0	0	0	0	0	0	0	0	0	0	0	0	0	0	0	0	0	0.766006828199567	0	0	0	0	0	0	0	0	0	0	0	0.829408206840521	0	0	0	0	0.91214849095746	0	0	0.714198719928446	0	0	0	0	0.78657006266108	0	0	0	0	0	0	0	0	0	0	0	0	0	0	0	0	0	0	0	0	0	0	0	0	0	0	0	0	0	0	0	0	0
0	0	0	0	0	0	0	0	0	0	0	0	0	0	0	0	0	0	0	0	0	0	0	0	0	0	0	0	0	0	0	0	0	0	0	0	0	0	0.798557480596586	0	0.973386629876287	0	0	0	0	0	0.748409410671055	0	0	0	0	0.675317474218389	0	0	0	0.672605386177588	0	0	0	0.946093915037947	0	0	0	0	0	0	0	0	0	0	0	0	0	0	0	0	0	0	0	0	0	0	0	0	0	0	0	0	0	0
0	0	0	0	0	0	0	0	0	0	0	0	0	0	0	0	0	0	0	0	0	0	0	0	0	0	0	0	0	0	0	0	0	0	0.807003579074173	0	0	0.750718208534538	0	0	0	0	0.819100379734778	0	0	0	0	0	0.786013687384194	0.800869243150152	0.942875868850179	0	0	0	0.833397720268292	0.816158474599266	0	0	0	0	0	0	0	0	0	0	0	0	0	0	0	0	0	0	0	0	0	0	0	0	0	0	0	0	0	0	0	0	0	0
0	0	0	0	0	0	0	0	0	0	0	0	0	0	0	0	0	0	0	0	0	0	0	0	0	0	0	0	0	0	0	0	0.556796148355015	0	0	0	0	0	0.690817206929404	0	0.634410831397275	0	0	0	0	0.719056980694404	0.581205822490532	0	0	0	0	0	0	0.698004457522975	0	0	0.828054905861635	0	0	0	0	0	0	0	0	0	0	0	0	0	0	0	0	0	0	0	0	0	0	0	0	0	0	0	0	0	0	0	0	0
0	0	0	0	0	0	0	0	0	0	0	0	0	0	0	0	0	0	0	0	0	0	0	0	0	0	0	0	0	0	0.784682897174087	0	0	0.528562532903614	0	0	0	0	0	0	0	0.591020972533147	0	0.902218766320267	0.752572561942305	0.54559070062456	0	0	0	0	0	0	0.570392116783293	0	0.984144937483207	0	0.686941064879205	0	0	0	0	0	0	0	0	0	0	0	0	0	0	0	0	0	0	0	0	0	0	0	0	0	0	0	0	0	0	0	0	0
0	0	0	0	0	0	0	0	0	0	0	0	0	0	0	0	0	0	0	0	0	0	0	0	0	0	0	0	0	0	0	0	0	0	0.66877629632586	0	0	0	0	0.896093457002576	0	0.949904969185913	0	0	0	0	0.724954955620578	0	0.733773865177707	0	0	0.727937927819977	0	0.615486194686785	0	0	0	0	0.647702303427076	0	0	0	0	0	0	0	0	0	0	0	0	0	0	0	0	0	0	0	0	0	0	0	0	0	0	0	0	0	0	0
0	0	0	0	0	0	0	0	0	0	0	0	0	0	0	0	0	0	0	0	0	0	0	0	0	0	0	0	0	0	0.852241411222745	0	0.517861127365297	0	0.856265576448146	0	0.936252073189366	0	0	0.889484181049666	0	0	0	0	0.501530861049483	0.545549339352101	0	0.74574864251033	0	0	0.527963179978055	0.533910142826327	0	0	0	0	0.551090546602476	0	0.608426711171366	0	0	0	0	0	0	0	0	0	0	0	0	0	0	0	0	0	0	0	0	0	0	0	0	0	0	0	0	0	0	0
0	0	0	0	0	0	0	0	0	0	0	0	0	0	0	0	0	0	0	0	0	0	0	0	0	0	0	0	0	0	0	0.703005948435309	0	0	0	0	0.626438879257607	0.907069997041423	0	0	0	0	0.808396048930038	0.709653830167817	0.800109002103873	0.969631038167781	0	0.538768927810566	0	0.582646916440343	0	0	0.623178835579369	0.714526699043859	0	0.741743785381312	0	0.687373465166741	0	0	0	0	0	0	0	0	0	0	0	0	0	0	0	0	0	0	0	0	0	0	0	0	0	0	0	0	0	0	0	0
0	0	0	0	0	0	0	0	0	0	0	0	0	0	0	0	0	0	0	0	0	0	0	0	0	0	0	0	0	0	0.958162898893757	0.528536806918895	0	0	0.576862036096529	0	0.969163983805132	0.545439816827232	0.878013923493075	0	0	0	0	0	0.674098088713799	0	0	0	0	0	0	0	0	0	0	0	0.857904625349797	0	0	0.67649339723783	0	0	0	0	0	0	0	0	0	0	0	0	0	0	0	0	0	0	0	0	0	0	0	0	0	0	0	0	0	0
0	0	0	0	0	0	0	0	0	0	0	0	0	0	0	0	0	0	0	0	0	0	0	0	0	0	0	0	0	0	0.533873601880704	0.554718350920289	0.971276599841545	0	0	0.99895188760301	0	0	0	0	0	0	0	0	0	0	0	0	0	0	0	0	0	0	0.886891342507551	0.535000631213452	0	0	0	0.544781766194071	0	0	0	0	0	0	0	0	0	0	0	0	0	0	0	0	0	0	0	0	0	0	0	0	0	0	0	0	0	0
0	0	0	0	0	0	0	0	0	0	0	0	0	0	0	0	0	0	0	0	0	0	0	0	0	0	0	0	0	0	0	0	0.683182064358872	0.994168005743524	0.662605307541817	0	0	0	0	0	0.537912836979665	0	0	0.685086882013597	0	0.558869238335393	0	0	0	0	0.929236794505827	0	0	0	0	0	0	0.790141313300463	0.603401091128418	0	0	0	0	0	0	0	0	0	0	0	0	0	0	0	0	0	0	0	0	0	0	0	0	0	0	0	0	0	0	0
0	0	0	0	0	0	0	0	0	0	0	0	0	0	0	0	0	0	0	0	0	0	0	0	0	0	0	0	0	0	0	0	0	0	0	0	0	0	0	0	0	0	0	0	0	0	0	0	0	0	0	0	0	0	0	0	0	0	0	0	0	0.96503349573347	0.948587673691238	0.55982154011224	0.56441260260307	0	0	0	0	0	0	0	0	0	0	0	0	0.892447411725524	0	0	0	0	0	0	0	0	0.573557108130199	0.929283690616321	0.679682292295877	0.765058062291643
0	0	0	0	0	0	0	0	0	0	0	0	0	0	0	0	0	0	0	0	0	0	0	0	0	0	0	0	0	0	0	0	0	0	0	0	0	0	0	0	0	0	0	0	0	0	0	0	0	0	0	0	0	0	0	0	0	0	0	0	0.94927558119111	0	0.793978750428421	0.635188866369628	0	0.737089524373653	0.90965102547889	0	0.804244665253456	0	0	0.908014988959159	0	0	0	0	0	0	0.536243021382619	0	0	0	0	0	0	0	0.723639053459446	0.901858127995119	0.560180026971265	0.74635350261264
0	0	0	0	0	0	0	0	0	0	0	0	0	0	0	0	0	0	0	0	0	0	0	0	0	0	0	0	0	0	0	0	0	0	0	0	0	0	0	0	0	0	0	0	0	0	0	0	0	0	0	0	0	0	0	0	0	0	0	0	0.665506491167305	0.938797096773868	0	0.559267433792453	0	0.669886712894777	0	0	0	0	0	0	0.699966089954987	0.982462872011583	0.63299201187359	0.947196441429006	0	0	0	0	0	0	0	0	0	0	0	0.993953286282793	0.669159576162907	0.950412749626672
0	0	0	0	0	0	0	0	0	0	0	0	0	0	0	0	0	0	0	0	0	0	0	0	0	0	0	0	0	0	0	0	0	0	0	0	0	0	0	0	0	0	0	0	0	0	0	0	0	0	0	0	0	0	0	0	0	0	0	0	0.928688037387929	0.515945290087956	0.969072038017561	0	0.860881937670993	0.898042070522862	0.629700322171659	0.92821634312601	0.950159257983565	0	0	0	0	0	0	0	0	0	0.776313250454082	0	0	0	0	0	0	0	0	0	0.618680737238194	0
0	0	0	0	0	0	0	0	0	0	0	0	0	0	0	0	0	0	0	0	0	0	0	0	0	0	0	0	0	0	0	0	0	0	0	0	0	0	0	0	0	0	0	0	0	0	0	0	0	0	0	0	0	0	0	0	0	0	0	0	0.566939860398938	0	0	0.558712424656306	0	0.837682896205008	0.515903240310257	0.866100137450521	0.539712028189372	0	0	0	0	0	0	0	0	0	0	0	0	0	0	0.533364690460848	0	0	0	0	0	0.851090966781988
0	0	0	0	0	0	0	0	0	0	0	0	0	0	0	0	0	0	0	0	0	0	0	0	0	0	0	0	0	0	0	0	0	0	0	0	0	0	0	0	0	0	0	0	0	0	0	0	0	0	0	0	0	0	0	0	0	0	0	0	0	0.820787708924221	0.575972878401068	0.935892817304153	0.903102395080931	0	0	0	0	0.968544359280348	0.767892275499941	0	0	0.771030994832381	0	0	0.72553955772158	0	0	0	0	0	0	0	0.801713567805251	0	0	0	0	0
0	0	0	0	0	0	0	0	0	0	0	0	0	0	0	0	0	0	0	0	0	0	0	0	0	0	0	0	0	0	0	0	0	0	0	0	0	0	0	0	0	0	0	0	0	0	0	0	0	0	0	0	0	0	0	0	0	0	0	0	0	0.539427134739954	0	0.514163138270016	0.69499686069395	0	0	0.940926412101595	0	0.620886322677436	0.747762888233317	0.799763834739198	0	0	0.798297531530658	0	0	0	0	0	0	0	0	0	0	0	0	0.788032148503676	0	0
0	0	0	0	0	0	0	0	0	0	0	0	0	0	0	0	0	0	0	0	0	0	0	0	0	0	0	0	0	0	0	0	0	0	0	0	0	0	0	0	0	0	0	0	0	0	0	0	0	0	0	0	0	0	0	0	0	0	0	0	0	0	0	0.596863332255025	0.744257641248564	0	0.660305295372783	0	0	0.815004724169464	0.617235846766423	0.605320592162142	0.501166706064924	0.593912906990579	0	0	0	0	0	0	0	0	0	0	0	0	0.623556959846077	0	0	0
0	0	0	0	0	0	0	0	0	0	0	0	0	0	0	0	0	0	0	0	0	0	0	0	0	0	0	0	0	0	0	0	0	0	0	0	0	0	0	0	0	0	0	0	0	0	0	0	0	0	0	0	0	0	0	0	0	0	0	0	0	0.795489166771353	0	0.764838037587016	0.647572031117066	0	0	0	0	0.987097373494623	0	0	0.948089876691317	0.595543106168806	0	0	0	0	0	0	0	0	0.743895829057533	0	0	0	0	0	0	0
0	0	0	0	0	0	0	0	0	0	0	0	0	0	0	0	0	0	0	0	0	0	0	0	0	0	0	0	0	0	0	0	0	0	0	0	0	0	0	0	0	0	0	0	0	0	0	0	0	0	0	0	0	0	0	0	0	0	0	0	0	0	0	0	0	0.922365872982741	0.701838717397302	0.960774127029089	0.527268570301001	0	0.691173546943312	0.529671286145873	0.972764210039233	0.540152386932597	0	0	0	0	0	0	0.578056567021681	0	0	0	0	0	0	0.520601043265585	0	0.578988466639692
0	0	0	0	0	0	0	0	0	0	0	0	0	0	0	0	0	0	0	0	0	0	0	0	0	0	0	0	0	0	0	0	0	0	0	0	0	0	0	0	0	0	0	0	0	0	0	0	0	0	0	0	0	0	0	0	0	0	0	0	0	0	0	0	0	0.836387665593745	0.767354462506258	0.526818654544612	0	0.584297584942703	0	0	0.693115495931457	0.599524036889021	0	0	0.846744954432864	0	0.765601028356242	0	0	0.763403408558421	0	0	0	0	0	0	0	0
0	0	0	0	0	0	0	0	0	0	0	0	0	0	0	0	0	0	0	0	0	0	0	0	0	0	0	0	0	0	0	0	0	0	0	0	0	0	0	0	0	0	0	0	0	0	0	0	0	0	0	0	0	0	0	0	0	0	0	0	0	0.838584707348401	0	0	0	0	0.553423959471916	0.970717004983311	0	0.857496225186632	0	0	0.889227888073685	0.698528850481766	0	0.967898979014538	0	0	0	0.706127666517771	0	0	0	0	0.754982845198654	0.645424648777251	0	0	0	0
0	0	0	0	0	0	0	0	0	0	0	0	0	0	0	0	0	0	0	0	0	0	0	0	0	0	0	0	0	0	0	0	0	0	0	0	0	0	0	0	0	0	0	0	0	0	0	0	0	0	0	0	0	0	0	0	0	0	0	0	0	0	0.729172343130733	0	0	0	0	0.838667541648658	0.845092887930412	0.827768815663145	0.939612886828796	0.857862804207389	0	0.813205276934511	0.613803782610595	0.557448957030374	0.619176510870866	0.773059452532438	0	0	0	0	0	0	0	0	0	0	0	0
0	0	0	0	0	0	0	0	0	0	0	0	0	0	0	0	0	0	0	0	0	0	0	0	0	0	0	0	0	0	0	0	0	0	0	0	0	0	0	0	0	0	0	0	0	0	0	0	0	0	0	0	0	0	0	0	0	0	0	0	0	0	0.549706579436017	0	0	0.736582044666398	0	0.868438628746295	0.804869597829788	0.806463529237905	0.62914943421386	0.726409163596239	0.596312964711689	0	0.791817309024903	0	0.814924758116937	0	0.873690487611403	0	0	0	0	0	0.935888117604096	0	0	0	0.905162587025736	0
0	0	0	0	0	0	0	0	0	0	0	0	0	0	0	0	0	0	0	0	0	0	0	0	0	0	0	0	0	0	0	0	0	0	0	0	0	0	0	0	0	0	0	0	0	0	0	0	0	0	0	0	0	0	0	0	0	0	0	0	0	0	0.801334431902454	0	0	0	0.837721566999958	0	0	0	0	0	0.701783979133538	0.528978181430867	0	0	0.613449580380685	0.937419770772315	0.981572070703675	0.821867207326356	0	0	0	0	0	0	0.602374700051999	0	0	0
0	0	0	0	0	0	0	0	0	0	0	0	0	0	0	0	0	0	0	0	0	0	0	0	0	0	0	0	0	0	0	0	0	0	0	0	0	0	0	0	0	0	0	0	0	0	0	0	0	0	0	0	0	0	0	0	0	0	0	0	0	0	0.999331914042787	0	0	0	0	0	0	0	0	0.748110320926205	0.819050543723556	0	0	0	0	0.876577768251841	0.756320827138699	0	0.505440179251425	0.759896018721284	0.617822457090864	0	0.750260898805188	0	0	0.626601513744117	0	0
0	0	0	0	0	0	0	0	0	0	0	0	0	0	0	0	0	0	0	0	0	0	0	0	0	0	0	0	0	0	0	0	0	0	0	0	0	0	0	0	0	0	0	0	0	0	0	0	0	0	0	0	0	0	0	0	0	0	0	0	0	0	0	0	0	0.676683425828995	0	0	0	0	0.797324049190181	0	0.741785696281159	0.5257296781636	0.727741297575588	0	0	0	0.687376857162869	0.524238560117127	0.900045390516195	0.734806359358333	0	0.899673502113487	0.973155467653797	0	0	0	0	0
0	0	0	0	0	0	0	0	0	0	0	0	0	0	0	0	0	0	0	0	0	0	0	0	0	0	0	0	0	0	0	0	0	0	0	0	0	0	0	0	0	0	0	0	0	0	0	0	0	0	0	0	0	0	0	0	0	0	0	0	0.827359724098388	0	0	0	0	0	0	0	0	0	0	0	0.940140754627069	0	0.55041133367103	0.734263749615273	0	0	0.817025964750865	0.569393799141371	0.780310657538246	0.721074644535336	0.729943942238594	0	0	0.691536673913731	0	0	0	0
0	0	0	0	0	0	0	0	0	0	0	0	0	0	0	0	0	0	0	0	0	0	0	0	0	0	0	0	0	0	0	0	0	0	0	0	0	0	0	0	0	0	0	0	0	0	0	0	0	0	0	0	0	0	0	0	0	0	0	0	0	0.729455445559024	0	0.863793570883488	0	0	0	0	0	0	0.722236415479476	0	0	0.561411638972225	0.549987049882078	0.902164234017669	0.760181186495034	0.620598360209715	0	0.825013858707589	0.778720245274158	0.927876881514278	0.512610191940225	0	0	0	0	0	0	0
0	0	0	0	0	0	0	0	0	0	0	0	0	0	0	0	0	0	0	0	0	0	0	0	0	0	0	0	0	0	0	0	0	0	0	0	0	0	0	0	0	0	0	0	0	0	0	0	0	0	0	0	0	0	0	0	0	0	0	0	0	0	0	0	0	0	0	0	0	0	0	0.720987960263316	0	0	0.848068621787912	0	0.617895297698374	0.693018898421649	0.830653952968266	0	0.913898443268311	0.801294779291197	0	0.656278194919552	0.818034937437637	0	0	0	0	0
0	0	0	0	0	0	0	0	0	0	0	0	0	0	0	0	0	0	0	0	0	0	0	0	0	0	0	0	0	0	0	0	0	0	0	0	0	0	0	0	0	0	0	0	0	0	0	0	0	0	0	0	0	0	0	0	0	0	0	0	0	0	0	0	0	0	0	0	0	0.699386442701652	0	0	0	0	0	0.79361481259733	0.561872804581925	0.771113805471669	0.844013864225675	0.953427293577697	0	0	0	0.8982541190064	0.70576489683204	0.793609563041918	0	0	0	0.96449143958873
0	0	0	0	0	0	0	0	0	0	0	0	0	0	0	0	0	0	0	0	0	0	0	0	0	0	0	0	0	0	0	0	0	0	0	0	0	0	0	0	0	0	0	0	0	0	0	0	0	0	0	0	0	0	0	0	0	0	0	0	0	0	0	0	0	0	0	0	0	0	0.860697109503854	0	0	0	0	0.802936536779222	0.946043128207566	0.752915743751017	0.625943792899941	0.517964542702644	0	0	0	0.819292469538648	0.715733847045399	0.607035024425753	0.523781698506486	0.941974979026458	0	0
0	0	0	0	0	0	0	0	0	0	0	0	0	0	0	0	0	0	0	0	0	0	0	0	0	0	0	0	0	0	0	0	0	0	0	0	0	0	0	0	0	0	0	0	0	0	0	0	0	0	0	0	0	0	0	0	0	0	0	0	0	0	0	0	0	0	0	0	0.942530011534776	0	0	0	0	0	0	0.796165899602473	0	0.65843638134247	0.935557289538353	0	0	0	0	0.781683061785615	0.689211587024086	0.765250573425445	0.631297760571492	0.823797351579796	0	0
0	0	0	0	0	0	0	0	0	0	0	0	0	0	0	0	0	0	0	0	0	0	0	0	0	0	0	0	0	0	0	0	0	0	0	0	0	0	0	0	0	0	0	0	0	0	0	0	0	0	0	0	0	0	0	0	0	0	0	0	0	0	0	0	0.554337732322933	0	0	0	0	0	0	0	0	0	0	0	0.547173657087889	0	0	0.930192008689086	0.729565907231203	0.698689538045852	0.515103186931934	0	0.820748431266032	0	0.63341352716643	0.791049839183805	0.970914451379891	0
0	0	0	0	0	0	0	0	0	0	0	0	0	0	0	0	0	0	0	0	0	0	0	0	0	0	0	0	0	0	0	0	0	0	0	0	0	0	0	0	0	0	0	0	0	0	0	0	0	0	0	0	0	0	0	0	0	0	0	0	0	0	0	0	0	0.833214054107019	0	0	0	0	0	0.565734935166234	0	0.595377823262643	0	0.791021569459838	0.837941760773021	0	0	0.914435963095078	0.884585607001869	0.812398837434056	0.778834072320662	0.916359359347476	0	0	0.604577485054699	0.755404663910416	0.8930525432353	0
0	0	0	0	0	0	0	0	0	0	0	0	0	0	0	0	0	0	0	0	0	0	0	0	0	0	0	0	0	0	0	0	0	0	0	0	0	0	0	0	0	0	0	0	0	0	0	0	0	0	0	0	0	0	0	0	0	0	0	0	0	0	0	0	0	0	0	0	0	0	0	0.928026189245528	0	0	0	0	0	0.549057647351676	0	0	0.759752363405135	0.885659718605379	0.978870487464618	0	0	0	0.604738631929349	0.828569962172369	0.627856161201857	0.763674617022373
0	0	0	0	0	0	0	0	0	0	0	0	0	0	0	0	0	0	0	0	0	0	0	0	0	0	0	0	0	0	0	0	0	0	0	0	0	0	0	0	0	0	0	0	0	0	0	0	0	0	0	0	0	0	0	0	0	0	0	0	0.923666796776447	0.514579665473288	0	0	0	0	0	0.565960634500444	0	0	0	0	0	0	0.828505444953047	0	0	0	0	0	0	0.986947155598803	0.969044535368481	0.985039546382263	0.536075445510174	0.584719248635399	0	0	0	0.542656439462792
0	0	0	0	0	0	0	0	0	0	0	0	0	0	0	0	0	0	0	0	0	0	0	0	0	0	0	0	0	0	0	0	0	0	0	0	0	0	0	0	0	0	0	0	0	0	0	0	0	0	0	0	0	0	0	0	0	0	0	0	0.824603543846048	0.762262623175652	0.866035111029703	0	0	0	0.644241835536474	0	0	0.923451816686105	0	0	0	0	0	0.780424149275776	0	0	0	0	0	0.591023449451485	0.703962805567865	0.97798700851806	0.847565263698476	0.702447569810291	0	0	0.523125180038151	0
0	0	0	0	0	0	0	0	0	0	0	0	0	0	0	0	0	0	0	0	0	0	0	0	0	0	0	0	0	0	0	0	0	0	0	0	0	0	0	0	0	0	0	0	0	0	0	0	0	0	0	0	0	0	0	0	0	0	0	0	0.576922084184448	0.976602604768952	0.797893391286028	0.842083120111938	0	0	0	0	0	0	0	0	0	0.948932172640389	0	0	0	0	0	0	0	0	0	0.697549604575431	0.645574737940649	0.829697289597818	0	0.567578634616627	0	0
0	0	0	0	0	0	0	0	0	0	0	0	0	0	0	0	0	0	0	0	0	0	0	0	0	0	0	0	0	0	0	0	0	0	0	0	0	0	0	0	0	0	0	0	0	0	0	0	0	0	0	0	0	0	0	0	0	0	0	0	0.639648587452189	0.720381021859331	0.671597091308909	0	0.792169453652932	0	0	0	0	0.920680504004985	0	0	0	0	0	0	0	0	0	0	0.977748590529516	0	0	0	0	0.740016939049817	0.865835543084098	0	0	0
