0	0.608691256673284	0.846402210758036	0.54854706852207	0.99253098778208	0.692701624482971	0	0	0	0	0	0	0	0	0	0	0	0	0	0	0	0	0	0	0	0.586041723938397	0.604002915555794	0.552470285655203	0	0	0	0	0	0	0	0	0	0	0	0	0	0	0	0	0	0	0	0	0	0	0	0	0	0	0	0	0	0	0	0	0	0	0	0	0	0	0	0	0	0	0	0	0	0	0	0	0	0	0	0	0	0	0	0	0	0	0	0	0	0
0.933394401524492	0	0	0.545952849445143	0.590217042414848	0.859636313779999	0.894648392258664	0	0	0	0	0	0.766285158141282	0	0	0	0	0	0	0	0	0	0	0	0	0	0.769635286413522	0.874692625204981	0.615287093419358	0	0	0	0	0	0	0	0	0	0	0	0	0	0	0	0	0	0	0	0	0	0	0	0	0	0	0	0	0	0	0	0	0	0	0	0	0	0	0	0	0	0	0	0	0	0	0	0	0	0	0	0	0	0	0	0	0	0	0	0	0
0.77146016445965	0	0	0.762164430204438	0.526734113706913	0.971673846940243	0.827257037162702	0.863871746033874	0	0	0	0	0	0	0	0	0	0	0	0	0	0	0	0	0	0.924541775150863	0	0.873213702803575	0	0.967081190765313	0	0	0	0	0	0	0	0	0	0	0	0	0	0	0	0	0	0	0	0	0	0	0	0	0	0	0	0	0	0	0	0	0	0	0	0	0	0	0	0	0	0	0	0	0	0	0	0	0	0	0	0	0	0	0	0	0	0	0	0
0.970691627641935	0.676222004714056	0.508859465042226	0	0.888510313053743	0	0.982452765067813	0.744344896022748	0.965258346517461	0	0.68328492154585	0	0	0	0	0	0	0	0	0	0	0	0	0	0	0	0	0	0.942994849169204	0.800776919767889	0	0	0	0	0	0	0	0	0	0	0	0	0	0	0	0	0	0	0	0	0	0	0	0	0	0	0	0	0	0	0	0	0	0	0	0	0	0	0	0	0	0	0	0	0	0	0	0	0	0	0	0	0	0	0	0	0	0	0	0
0.622949684483228	0.509407109759999	0.883986781035913	0.5098687406504	0	0	0.520329838402333	0.509860886942743	0.733510645900804	0.831247412901444	0	0	0	0	0	0	0	0	0	0	0	0	0	0	0	0	0	0.715505500741364	0	0.917652866516628	0	0	0	0	0	0	0	0	0	0	0	0	0	0	0	0	0	0	0	0	0	0	0	0	0	0	0	0	0	0	0	0	0	0	0	0	0	0	0	0	0	0	0	0	0	0	0	0	0	0	0	0	0	0	0	0	0	0	0	0
0.621621747061201	0.785698238649943	0.572846973873312	0	0	0	0.656896678988209	0.907657939612832	0.552220727536449	0.704246204975302	0.811428650656069	0	0	0	0	0	0	0	0	0.892287307542848	0	0	0	0	0	0	0	0	0	0	0	0	0	0	0	0	0	0	0	0	0	0	0	0	0	0	0	0	0	0	0	0	0	0	0	0	0	0	0	0	0	0	0	0	0	0	0	0	0	0	0	0	0	0	0	0	0	0	0	0	0	0	0	0	0	0	0	0	0	0
0	0.56154523160949	0.792648742087389	0.88052672820426	0.60313097666468	0.803077199846387	0	0.929770827070482	0.722498119362389	0.717343747437284	0.587364225904665	0.872601916947958	0	0	0	0	0	0	0	0	0	0	0	0	0	0	0	0	0	0	0	0	0	0	0	0	0	0	0	0	0	0	0	0	0	0	0	0	0	0	0	0	0	0	0	0	0	0	0	0	0	0	0	0	0	0	0	0	0	0	0	0	0	0	0	0	0	0	0	0	0	0	0	0	0	0	0	0	0	0
0	0	0.820869081844466	0.898872248911053	0.758262671898172	0.906120578875625	0.73522096614689	0	0.564133865886503	0	0.738383750895988	0.624573201767419	0.685641184548301	0	0	0	0	0	0	0	0.623211556259006	0	0	0	0	0	0	0	0	0.655486489257356	0	0	0	0	0	0	0	0	0	0	0	0	0	0	0	0	0	0	0	0	0	0	0	0	0	0	0	0	0	0	0	0	0	0	0	0	0	0	0	0	0	0	0	0	0	0	0	0	0	0	0	0	0	0	0	0	0	0	0	0
0	0	0	0.653680154093996	0.552601569319119	0.821360917036013	0.790233760866273	0.896462577959003	0	0	0.873998062940298	0.507458497626252	0.611404397553545	0.908206107405061	0	0.571005633394921	0	0	0	0	0	0	0	0	0	0	0	0	0	0	0	0	0	0	0	0	0	0	0	0	0	0	0	0	0	0	0	0	0	0	0	0	0	0	0	0	0	0	0	0	0	0	0	0	0	0	0	0	0	0	0	0	0	0	0	0	0	0	0	0	0	0	0	0	0	0	0	0	0	0
0	0	0	0	0.599219100782489	0.85096568037316	0.664506787664697	0	0	0	0.890224123783896	0.865357392037757	0.765566707804893	0.771060110612088	0.725405191923881	0	0	0	0	0	0	0	0	0	0	0	0	0	0	0.840231912339976	0	0	0	0	0	0	0	0	0	0	0	0	0	0	0	0	0	0	0	0	0	0	0	0	0	0	0	0	0	0	0	0	0	0	0	0	0	0	0	0	0	0	0	0	0	0	0	0	0	0	0	0	0	0	0	0	0	0	0	0
0	0	0	0.55686761477856	0	0.950002881534232	0.858337614823238	0.606862595934272	0.727283730924181	0.912627095907408	0	0.795428086233584	0.514791007818498	0.977655705729386	0.685399862259082	0.570733533699183	0	0	0	0.88290743133484	0	0	0	0	0	0	0	0	0	0	0	0	0	0	0	0	0	0	0	0	0	0	0	0	0	0	0	0	0	0	0	0	0	0	0	0	0	0	0	0	0	0	0	0	0	0	0	0	0	0	0	0	0	0	0	0	0	0	0	0	0	0	0	0	0	0	0	0	0	0
0	0	0	0	0	0	0.972138131420947	0.562463291060039	0.876979908764743	0.84724431373544	0.931718020974627	0	0.629604566805896	0.723596795632121	0.734029657875598	0.984618350751726	0.683114605362839	0	0	0	0	0	0	0	0	0	0	0	0	0	0	0	0	0	0	0	0	0	0	0	0	0	0	0	0	0	0	0	0	0	0	0	0	0	0	0	0	0	0	0	0	0	0	0	0	0	0	0	0	0	0	0	0	0	0	0	0	0	0	0	0	0	0	0	0	0	0	0	0	0
0	0.630326811585199	0	0	0	0	0	0.730187239892233	0.607361391570162	0.598028021137495	0.991515760615409	0.605250339411931	0	0.539221044747703	0.727541496721264	0.977006795914685	0.739787676772601	0.889532292370313	0	0	0	0	0	0	0	0	0	0	0	0	0	0	0	0	0	0	0	0	0	0	0	0	0	0	0	0	0	0	0	0	0	0	0	0	0	0	0	0	0	0	0	0	0	0	0	0	0	0	0	0	0	0	0	0	0	0	0	0	0	0	0	0	0	0	0	0	0	0	0	0
0	0	0	0	0	0	0	0	0.757522722328065	0.542937146843065	0.651843616931008	0.733883173994686	0.516839539094669	0	0.732705591092421	0	0.846304223777306	0.906756285496617	0.910482914109296	0.875492720698593	0	0	0	0	0	0	0	0.813295812447882	0	0	0	0	0	0	0	0	0	0	0	0	0	0	0	0	0	0	0	0	0	0	0	0	0	0	0	0	0	0	0	0	0	0	0	0	0	0	0	0	0	0	0	0	0	0	0	0	0	0	0	0	0	0	0	0	0	0	0	0	0	0
0	0	0	0	0	0	0	0	0	0.569354222742487	0.731043813075286	0.844980883980696	0.722322672972017	0.749898299315966	0	0.755285641755121	0.829638322026644	0.901855637387524	0.558989544753632	0.92954011992075	0	0	0	0	0	0	0	0	0	0	0	0	0	0	0	0	0	0	0	0	0	0	0	0	0	0	0	0	0	0	0	0	0	0	0	0	0	0	0	0	0	0	0	0	0	0	0	0	0	0	0	0	0	0	0	0	0	0	0	0	0	0	0	0	0	0	0	0	0	0
0	0	0	0	0	0	0	0	0.531723288434851	0	0.898213384851221	0.669268249100411	0.658111180604828	0	0.916153353659217	0	0.96793479097299	0.860170959561704	0.665958023769671	0.728147102753937	0.728213219421417	0	0	0	0	0	0	0	0	0	0	0	0	0	0	0	0	0	0	0	0	0	0	0	0	0	0	0	0	0	0	0	0	0	0	0	0	0	0	0	0	0	0	0	0	0	0	0	0	0	0	0	0	0	0	0	0	0	0	0	0	0	0	0	0	0	0	0	0	0
0	0	0	0	0	0	0	0	0	0	0	0.946183998765856	0.520638048755312	0.531094143054253	0.634170665875878	0.842926768960495	0	0.637442276963774	0.542736020651044	0.949820008537072	0.711387395295291	0.821983800360197	0	0	0	0	0	0	0.678510326602237	0	0	0	0	0	0	0	0	0	0	0	0	0	0	0	0	0	0	0	0	0	0	0	0	0	0	0	0	0	0	0	0	0	0	0	0	0	0	0	0	0	0	0	0	0	0	0	0	0	0	0	0	0	0	0	0	0	0	0	0	0
0	0	0	0	0	0	0	0	0	0	0	0	0.840546032633757	0.936966817357525	0.675207941697895	0.804330840070447	0.653545841846282	0	0.714307026556507	0.878099492085363	0.796974958751874	0.780146633573301	0.873214696188584	0	0	0	0	0	0	0	0	0	0	0	0	0	0	0	0	0	0	0	0	0	0	0	0	0	0	0	0	0	0	0	0	0	0	0	0	0	0	0	0	0	0	0	0	0	0	0	0	0	0	0	0	0	0	0	0	0	0	0	0	0	0	0	0	0	0	0
0	0	0	0	0	0	0	0	0	0	0	0	0	0.515874064693542	0.607117289013775	0.883397915068883	0.802567887886332	0.895968738648969	0	0.964227316265531	0.866346917650145	0.771115102321668	0.86797774968833	0.669187102808786	0	0	0	0.547504412780204	0	0	0	0	0	0	0	0	0	0	0	0	0	0	0	0	0	0	0	0	0	0	0	0	0	0	0	0	0	0	0	0	0	0	0	0	0	0	0	0	0	0	0	0	0	0	0	0	0	0	0	0	0	0	0	0	0	0	0	0	0	0
0	0	0	0	0	0.959181279617201	0	0	0	0	0.50694461378577	0	0	0.753819099721206	0.902268271425237	0.676916628535977	0.743405941951244	0.902820421214628	0.81209659713219	0	0.686486697309638	0	0	0.981095882670372	0.713428687939956	0	0	0	0	0	0	0	0	0	0	0	0	0	0	0	0	0	0	0	0	0	0	0	0	0	0	0	0	0	0	0	0	0	0	0	0	0	0	0	0	0	0	0	0	0	0	0	0	0	0	0	0	0	0	0	0	0	0	0	0	0	0	0	0	0
0	0	0	0	0	0	0	0.920035606329093	0	0	0	0	0	0	0	0.923129667803668	0.756902231436615	0.688553516202675	0.74015296263011	0.960519720019586	0	0	0.810799822600707	0.562585963902654	0.998345239662514	0.531182260245715	0	0	0	0	0	0	0	0	0	0	0	0	0	0	0	0	0	0	0	0	0	0	0	0	0	0	0	0	0	0	0	0	0	0	0	0	0	0	0	0	0	0	0	0	0	0	0	0	0	0	0	0	0	0	0	0	0	0	0	0	0	0	0	0
0	0	0	0	0	0	0	0	0	0	0	0	0	0	0	0	0.987249437724914	0.819928578059797	0.904131814539237	0	0	0	0.955527905697738	0.705392023937526	0.980670702620045	0.711188082940048	0.550388700863294	0	0	0	0	0	0	0	0	0	0	0	0	0	0	0	0	0	0	0	0	0	0	0	0	0	0	0	0	0	0	0	0	0	0	0	0	0	0	0	0	0	0	0	0	0	0	0	0	0	0	0	0	0	0	0	0	0	0	0	0	0	0	0
0	0	0	0	0	0	0	0	0	0	0	0	0	0	0	0	0	0.640494476261663	0.633401264008699	0	0.931202741396735	0.986569312302616	0	0.581656887596282	0.852254217579302	0.855998459510725	0.613733604473784	0.541158057072164	0	0	0	0	0	0	0	0	0	0	0	0	0	0	0	0	0	0	0	0	0	0	0	0	0	0	0	0	0	0	0	0	0	0	0	0	0	0	0	0	0	0	0	0	0	0	0	0	0	0	0	0	0	0	0	0	0	0	0	0	0	0
0	0	0	0	0	0	0	0	0	0	0	0	0	0	0	0	0	0	0.788447897323509	0.92552758199629	0.850319989976649	0.797900748743298	0.813257962945927	0	0.546130740120121	0.999620041295865	0.551941185656881	0.777372567108019	0.616405987270781	0	0	0	0	0	0	0	0	0	0	0	0	0	0	0	0	0	0	0	0	0	0	0	0	0	0	0	0	0	0	0	0	0	0	0	0	0	0	0	0	0	0	0	0	0	0	0	0	0	0	0	0	0	0	0	0	0	0	0	0	0
0	0	0	0	0	0	0	0	0	0	0	0	0	0	0	0	0	0	0	0.845489716535526	0.811128710720602	0.842961636162531	0.695750069328447	0.896718867779782	0	0.630347436717934	0.513323268367286	0.712827671614883	0.676213945151476	0.854327923793741	0	0	0	0	0	0	0	0	0	0	0	0	0	0	0	0	0	0	0	0	0	0	0	0	0	0	0	0	0	0	0	0	0	0	0	0	0	0	0	0	0	0	0	0	0	0	0	0	0	0	0	0	0	0	0	0	0	0	0	0
0.980419518642845	0	0.955678710714655	0	0	0	0	0	0	0	0	0	0	0	0	0	0	0	0	0	0.648040008792783	0.704538771056247	0.836855314988585	0.975566087397944	0.806053588521815	0	0.884891298235501	0.918746261042479	0.50412047844615	0.511998134702903	0	0	0	0	0	0	0	0	0	0	0	0	0	0	0	0	0	0	0	0	0	0	0	0	0	0	0	0	0	0	0	0	0	0	0	0	0	0	0	0	0	0	0	0	0	0	0	0	0	0	0	0	0	0	0	0	0	0	0	0
0.923367316747098	0.950043003310918	0	0	0	0	0	0	0	0	0	0	0	0	0	0	0	0	0	0	0	0.841896783921712	0.728932784239397	0.79402031738473	0.767665171438561	0.568056374485783	0	0.808780988664011	0.952634569115787	0.765814718462337	0	0	0	0	0	0	0	0	0	0	0	0	0	0	0	0	0	0	0	0	0	0	0	0	0	0	0	0	0	0	0	0	0	0	0	0	0	0	0	0	0	0	0	0	0	0	0	0	0	0	0	0	0	0	0	0	0	0	0	0
0.761795447655882	0.652006706382892	0.940506405720722	0	0.525653012319365	0	0	0	0	0	0	0	0	0.564445433189548	0	0	0	0	0.722112686948269	0	0	0	0.615641757907649	0.825791390091444	0.652855047647757	0.952942119457975	0.924393927631264	0	0.917666685160921	0	0	0	0	0	0	0	0	0	0	0	0	0	0	0	0	0	0	0	0	0	0	0	0	0	0	0	0	0	0	0	0	0	0	0	0	0	0	0	0	0	0	0	0	0	0	0	0	0	0	0	0	0	0	0	0	0	0	0	0	0
0	0.979626216674074	0	0.629979558445701	0	0	0	0	0	0	0	0	0	0	0	0	0.89624217802255	0	0	0	0	0	0	0.998437783816746	0.876507523813825	0.719066869580067	0.542958568727145	0.54269367086408	0	0.559291182931339	0	0	0	0	0	0	0	0	0	0	0	0	0	0	0	0	0	0	0	0	0	0	0	0	0	0	0	0	0	0	0	0	0	0	0	0	0	0	0	0	0	0	0	0	0	0	0	0	0	0	0	0	0	0	0	0	0	0	0	0
0	0	0.70125379771171	0.927795676832196	0.82586074695833	0	0	0.686446318025937	0	0.508962040708482	0	0	0	0	0	0	0	0	0	0	0	0	0	0	0.582214285694668	0.983484704887721	0.847973303124843	0	0.816238164619556	0	0	0	0	0	0	0	0	0	0	0	0	0	0	0	0	0	0	0	0	0	0	0	0	0	0	0	0	0	0	0	0	0	0	0	0	0	0	0	0	0	0	0	0	0	0	0	0	0	0	0	0	0	0	0	0	0	0	0	0	0
0	0	0	0	0	0	0	0	0	0	0	0	0	0	0	0	0	0	0	0	0	0	0	0	0	0	0	0	0	0	0	0.583677351962976	0.725871328782187	0.825596011157007	0.7495639564029	0	0	0	0.514610547220208	0	0	0	0	0	0.740781019448324	0	0	0	0	0	0	0	0	0	0	0	0.886949645981652	0.521517656168053	0.845683201654737	0	0	0	0	0	0	0	0	0	0	0	0	0	0	0	0	0	0	0	0	0	0	0	0	0	0	0	0	0	0	0
0	0	0	0	0	0	0	0	0	0	0	0	0	0	0	0	0	0	0	0	0	0	0	0	0	0	0	0	0	0	0.725972580948187	0	0.895115553553814	0.663049693411928	0	0.500259665678169	0	0	0	0	0	0	0	0	0	0	0	0	0	0	0	0	0.966538356653417	0	0	0.761241848548902	0	0.904654085098508	0.901871998013543	0.887287001605402	0	0	0	0	0	0	0	0	0	0	0	0	0	0	0	0	0	0	0	0	0	0	0	0	0	0	0	0	0	0
0	0	0	0	0	0	0	0	0	0	0	0	0	0	0	0	0	0	0	0	0	0	0	0	0	0	0	0	0	0	0.540755153238405	0.900481066192758	0	0	0.922160696730294	0.84735428378162	0	0	0.673438965783842	0	0.616206381681368	0	0	0	0	0	0	0	0.913236786210119	0	0	0	0	0	0	0	0	0	0.574877448887738	0	0	0	0	0	0	0	0	0	0	0	0	0	0	0	0	0	0	0	0	0	0	0	0	0	0	0	0	0	0	0
0	0	0	0	0	0	0	0	0	0	0	0	0	0	0	0	0	0	0	0	0	0	0	0	0	0	0	0	0	0	0.791877648291796	0.638649199665759	0	0	0.885736798823427	0.800594065258917	0.610893847551183	0.828667348061705	0	0	0	0	0	0	0	0	0	0	0	0	0	0	0	0	0	0	0	0	0	0.714337753331015	0	0	0	0	0	0	0	0	0	0	0	0	0	0	0	0	0	0	0	0	0	0	0	0	0	0	0	0	0	0
0	0	0	0	0	0	0	0	0	0	0	0	0	0	0	0	0	0	0	0	0	0	0	0	0	0	0	0	0	0	0.992300950970431	0	0.830544894025196	0.547434231624692	0	0	0.634607645923846	0.996002561596544	0.696648446624871	0	0	0	0	0	0	0.921988212677662	0	0	0	0	0	0	0	0	0	0	0	0	0	0	0	0	0	0	0	0	0	0	0	0	0	0	0	0	0	0	0	0	0	0	0	0	0	0	0	0	0	0	0	0
0	0	0	0	0	0	0	0	0	0	0	0	0	0	0	0	0	0	0	0	0	0	0	0	0	0	0	0	0	0	0	0.80946924068865	0.774230214352656	0.875259452575057	0	0	0.677239575930606	0	0.914416717981793	0.556199703275976	0.856600144521577	0	0	0	0	0	0	0	0	0	0	0	0	0	0	0	0	0	0	0	0	0	0	0	0	0	0	0	0	0	0	0	0	0	0	0	0	0	0	0	0	0	0	0	0	0	0	0	0	0
0	0	0	0	0	0	0	0	0	0	0	0	0	0	0	0	0	0	0	0	0	0	0	0	0	0	0	0	0	0	0	0	0	0.812214207407015	0.681765071782211	0.773202415637103	0	0.934205161626809	0	0	0.809085639649006	0	0	0	0	0	0.653373389489154	0	0	0	0	0	0	0	0	0.7729766998413	0	0	0	0	0	0	0	0	0	0	0	0	0	0	0	0	0	0	0	0	0	0	0	0	0	0	0	0	0	0	0	0	0	0
0	0	0	0	0	0	0	0	0	0	0	0	0	0	0	0	0	0	0	0	0	0	0	0	0	0	0	0	0	0	0	0	0	0.832055606957323	0.681058719199312	0	0.934792106035618	0	0.515685127603336	0.641989321167088	0.770567818694186	0.794742745476468	0	0	0	0	0	0	0	0	0	0.603129589737821	0	0	0	0	0	0	0	0.846608195492017	0	0	0	0	0	0	0	0	0	0	0	0	0	0	0	0	0	0	0	0	0	0	0	0	0	0	0	0	0	0
0	0	0	0	0	0	0	0	0	0	0	0	0	0	0	0	0	0	0	0	0	0	0	0	0	0	0	0	0	0	0.922366291530929	0	0.624528534050591	0	0.758161498614703	0.711911178119468	0	0.906236670914927	0	0.817401612646737	0.919661865895924	0.986656023752717	0	0	0	0	0	0	0	0	0.874365908320405	0	0	0	0	0	0	0.993021509737487	0	0	0	0	0	0	0	0	0	0	0	0	0	0	0	0	0	0	0	0	0	0	0	0	0	0	0	0	0	0	0	0
0	0	0	0	0	0	0	0	0	0	0	0	0	0	0	0	0	0	0	0	0	0	0	0	0	0	0	0	0	0	0	0	0	0	0	0.590684709601746	0	0.518304136185763	0.931536798238246	0	0.691201180012955	0.747929239804658	0.926017925842423	0.683037421344579	0	0	0	0	0	0	0	0	0	0	0	0	0	0	0	0	0	0	0	0	0	0	0	0	0	0	0	0	0	0	0	0	0	0	0	0	0	0	0	0	0	0	0	0	0	0
0	0	0	0	0	0	0	0	0	0	0	0	0	0	0	0	0	0	0	0	0	0	0	0	0	0	0	0	0	0	0	0	0.515577659943756	0	0	0.859048909932882	0.805843407390843	0.95815790653679	0.75150653170008	0.682956617269073	0	0	0	0.897705735839651	0.787243635180489	0	0	0	0	0	0	0	0.901910009568826	0	0	0	0.666693598274947	0	0.714902377482061	0	0	0	0	0	0	0	0	0	0	0	0	0	0	0	0	0	0	0	0	0	0	0	0	0	0	0	0	0	0	0
0	0	0	0	0	0	0	0	0	0	0	0	0	0	0	0	0	0	0	0	0	0	0	0	0	0	0	0	0	0	0	0	0	0	0	0	0	0.88068747068857	0.773709001751173	0.5858763209251	0	0	0	0.951905115642236	0	0.973503107372003	0	0	0	0.881408876025878	0.999866818247637	0	0	0	0	0	0.57889384634967	0	0	0.879059349573549	0	0	0	0	0	0	0	0	0	0	0	0	0	0	0	0	0	0	0	0	0	0	0	0	0	0	0	0	0	0
0	0	0	0	0	0	0	0	0	0	0	0	0	0	0	0	0	0	0	0	0	0	0	0	0	0	0	0	0	0	0	0	0	0	0	0	0	0	0	0.601898924418126	0	0	0	0.712593262258542	0.908861360336166	0.75281105184104	0.628960091336041	0	0	0	0	0	0	0	0	0	0	0	0	0	0	0	0	0	0	0	0	0	0	0	0	0	0	0	0	0	0	0	0	0	0	0	0	0	0	0	0	0	0	0
0	0	0	0	0	0	0	0	0	0	0	0	0	0	0	0	0	0	0	0	0	0	0	0	0	0	0	0	0	0	0	0	0	0	0	0	0	0	0	0.775968958923924	0.675844839534525	0.585017185946707	0.821472658936668	0	0.653620036877585	0	0.517819963592862	0	0	0	0	0	0.70623354581158	0	0.890135491030035	0	0	0.865127933954477	0	0.886483857026739	0	0	0	0	0	0	0	0	0	0	0	0	0	0	0	0	0	0	0	0	0	0	0	0	0	0	0	0	0	0
0	0	0	0	0	0	0	0	0	0	0	0	0	0	0	0	0	0	0	0	0	0	0	0	0	0	0	0	0	0	0.911090130051888	0	0	0	0	0	0	0	0	0	0.540840734818705	0	0.857109022899542	0.557506081501467	0	0	0.81464114506208	0	0.625909545572253	0.519457593157073	0	0	0	0	0	0	0.547213054695969	0	0	0	0	0	0	0	0	0	0	0	0	0	0	0	0	0	0	0	0	0	0	0	0	0	0	0	0	0	0	0	0	0
0	0	0	0	0	0	0	0	0	0	0	0	0	0	0	0	0	0	0	0	0	0	0	0	0	0	0	0	0	0	0	0	0	0	0.71326763454331	0	0	0	0	0	0	0.900956078394073	0.722712761744076	0	0	0	0.998184244054651	0.819423762418853	0	0.832441643831647	0	0	0	0	0.963961246184443	0	0	0	0	0	0	0	0	0	0	0	0	0	0	0	0	0	0	0	0	0	0	0	0	0	0	0	0	0	0	0	0	0	0	0
0	0	0	0	0	0	0	0	0	0	0	0	0	0	0	0	0	0	0	0	0	0	0	0	0	0	0	0	0	0	0	0	0	0	0	0	0.832269635370125	0	0	0	0	0	0.796348127176806	0.830865676275919	0.801282034404416	0.940501047542301	0	0.736452551129775	0.658691908796794	0.759993669919262	0.656478165173748	0	0	0	0	0	0	0	0	0	0	0	0	0	0	0	0	0	0	0	0	0	0	0	0	0	0	0	0	0	0	0	0	0	0	0	0	0	0	0
0	0	0	0	0	0	0	0	0	0	0	0	0	0	0	0	0	0	0	0	0	0	0	0	0	0	0	0	0	0	0	0	0	0	0	0	0	0	0	0	0	0	0	0	0	0.599980322568078	0.943257055794436	0	0.929429790461616	0.770768585912891	0	0.69332181009473	0	0	0.592826586621503	0	0	0	0	0	0	0	0	0	0	0	0	0	0	0	0	0	0	0	0	0	0	0	0	0	0	0	0	0	0	0	0	0	0	0
0	0	0	0	0	0	0	0	0	0	0	0	0	0	0	0	0	0	0	0	0	0	0	0	0	0	0	0	0	0	0	0	0.736027934717179	0	0	0	0	0	0	0	0	0	0	0	0.818598273614336	0	0.995680332090892	0.860346652837396	0	0.638293354925718	0.746974001942952	0.874654344977212	0.665155832056248	0	0	0	0	0	0	0	0	0	0	0	0	0	0	0	0	0	0	0	0	0	0	0	0	0	0	0	0	0	0	0	0	0	0	0	0	0
0	0	0	0	0	0	0	0	0	0	0	0	0	0	0	0	0	0	0	0	0	0	0	0	0	0	0	0	0	0	0	0	0	0	0	0	0	0	0	0	0	0.991545419471692	0	0	0.907434445223818	0.505368779224068	0.899555355904742	0.5278765191851	0.72349834082858	0	0.907958941915897	0	0.52643350416592	0	0	0	0.764664369695743	0	0	0	0	0	0	0	0	0	0	0	0	0	0	0	0	0	0	0	0	0	0	0	0	0	0	0	0	0	0	0	0	0
0	0	0	0	0	0	0	0	0	0	0	0	0	0	0	0	0	0	0	0	0	0	0	0	0	0	0	0	0	0	0	0	0	0	0	0	0	0	0.713174427163888	0	0	0.830205383422691	0	0	0	0	0.537904278342241	0	0.74081611105625	0.756343455279744	0	0.748426735810886	0	0	0.73470240525181	0	0	0	0	0	0	0	0	0	0	0	0	0	0	0	0	0	0	0	0	0	0	0	0	0	0	0	0	0	0	0	0	0	0	0
0	0	0	0	0	0	0	0	0	0	0	0	0	0	0	0	0	0	0	0	0	0	0	0	0	0	0	0	0	0	0	0	0	0	0	0	0	0.540125522645957	0	0	0	0	0	0	0	0	0	0.887343937018181	0.610865198772015	0	0.563865364332513	0	0.707352456339466	0	0.997778956559911	0.59330333071546	0	0	0	0	0	0	0	0	0	0	0	0	0	0	0	0	0	0	0	0	0	0	0	0	0	0	0	0	0	0	0	0	0	0
0	0	0	0	0	0	0	0	0	0	0	0	0	0	0	0	0	0	0	0	0	0	0	0	0	0	0	0	0	0	0	0.58280759886636	0	0	0	0	0	0	0	0	0.813789347588768	0	0	0.950016597412942	0	0	0	0	0.878052743368754	0.763139420681802	0	0.614463372795215	0	0	0	0.890081374488262	0.870627722102548	0	0	0	0	0	0	0	0	0	0	0	0	0	0	0	0	0	0	0	0	0	0	0	0	0	0	0	0	0	0	0	0	0
0	0	0	0	0	0	0	0	0	0	0	0	0	0	0	0	0	0	0	0	0	0	0	0	0	0	0	0	0	0	0	0	0	0	0	0	0	0	0	0	0	0	0	0	0	0	0	0	0	0	0	0	0	0	0.912869540028632	0.628714526967604	0.515836350050349	0	0	0.808227189783679	0	0	0	0	0	0	0	0	0	0	0	0	0	0	0	0	0	0	0	0	0	0	0	0	0	0	0	0	0	0
0	0	0	0	0	0	0	0	0	0	0	0	0	0	0	0	0	0	0	0	0	0	0	0	0	0	0	0	0	0	0	0	0	0	0	0	0	0	0	0	0	0	0	0.792204941517939	0	0.786104851019403	0	0.6278685143858	0	0	0.839514446674616	0.663694898790117	0	0.963373577050707	0	0.996759779090939	0.626080445486301	0.841093079141527	0.782854627304162	0	0	0	0	0	0	0	0	0	0	0	0	0	0	0	0	0	0	0	0	0	0	0	0	0	0	0	0	0	0	0
0	0	0	0	0	0	0	0	0	0	0	0	0	0	0	0	0	0	0	0	0	0	0	0	0	0	0	0	0	0	0	0.629243047322689	0	0	0	0	0.830021078648354	0	0	0	0	0	0	0	0	0	0	0	0	0	0	0.991523888652012	0.570456400991212	0.664214585293819	0.670763522295559	0	0.966766722256985	0.996870272153586	0.73516502940257	0.890842559554	0	0	0	0	0	0	0	0	0	0	0	0	0	0	0	0	0	0	0	0	0	0	0	0	0	0	0	0	0	0
0	0	0	0	0	0	0	0	0	0	0	0	0	0	0	0	0	0	0	0	0	0	0	0	0	0	0	0	0	0	0.585560522297782	0	0	0	0	0	0	0	0	0	0.766545932261881	0.915822867496318	0	0	0.72500520429409	0	0	0	0	0.664042763723017	0	0	0.77590310940962	0.658507006116221	0.996724766223914	0.786441348034555	0	0	0	0.754662553174261	0	0	0	0	0	0	0	0	0	0	0	0	0	0	0	0	0	0	0	0	0	0	0	0	0	0	0	0	0	0
0	0	0	0	0	0	0	0	0	0	0	0	0	0	0	0	0	0	0	0	0	0	0	0	0	0	0	0	0	0	0.761241735686732	0.761452604039448	0	0	0	0	0	0	0.736407105161375	0	0	0	0	0.899300171844567	0	0	0	0	0	0	0	0	0	0	0.684415243116953	0.593723448984421	0	0	0.652673127687297	0	0	0	0	0	0	0	0	0	0	0	0	0	0	0	0	0	0	0	0	0	0	0	0	0	0	0	0	0	0	0
0	0	0	0	0	0	0	0	0	0	0	0	0	0	0	0	0	0	0	0	0	0	0	0	0	0	0	0	0	0	0.579639068278605	0.756564660318582	0.793379849770252	0	0	0	0	0	0	0	0.764136401387522	0	0	0	0	0	0	0	0	0	0	0	0	0	0.857590622657333	0.58093478596771	0	0.697725099541048	0	0	0	0	0	0	0	0	0	0	0	0	0	0	0	0	0	0	0	0	0	0	0	0	0	0	0	0	0	0	0	0
0	0	0	0	0	0	0	0	0	0	0	0	0	0	0	0	0	0	0	0	0	0	0	0	0	0	0	0	0	0	0	0.900574456235907	0	0.721619617749041	0	0	0	0.844382568499315	0	0	0	0.999407088751674	0	0.988242633103831	0	0	0	0	0	0	0	0	0	0.822175816748756	0	0.931238251833203	0.917993489011274	0	0	0	0	0	0	0	0	0	0	0	0	0	0	0	0	0	0	0	0	0	0	0	0	0	0	0	0	0	0	0	0	0
0	0	0	0	0	0	0	0	0	0	0	0	0	0	0	0	0	0	0	0	0	0	0	0	0	0	0	0	0	0	0	0	0	0	0	0	0	0	0	0	0	0	0	0	0	0	0	0	0	0	0	0	0	0	0	0	0	0	0	0	0	0.592999076173629	0	0.978410369574783	0	0	0.533179346595264	0.75936835881144	0.685512204020241	0	0.983351259821513	0.834527853139012	0	0	0.634512630325108	0.756066961670987	0	0	0	0	0	0.770743551713888	0.791561915380878	0.63744989616106	0.749207602071965	0	0	0	0	0
0	0	0	0	0	0	0	0	0	0	0	0	0	0	0	0	0	0	0	0	0	0	0	0	0	0	0	0	0	0	0	0	0	0	0	0	0	0	0	0	0	0	0	0	0	0	0	0	0	0	0	0	0	0	0	0	0	0	0	0	0.883079816315199	0	0	0.691473354970222	0	0	0	0.670108068972977	0	0.995905430298475	0.632558249842672	0.786743822307692	0	0	0	0.641929226442563	0	0.561556230290654	0.524595066115359	0.752414956811282	0.507834265457619	0	0.899465777120876	0	0.511142145820346	0.632566602097577	0.548563168828441	0	0.873670213720337	0.929168178626923
0	0	0	0	0	0	0	0	0	0	0	0	0	0	0	0	0	0	0	0	0	0	0	0	0	0	0	0	0	0	0	0	0	0	0	0	0	0	0	0	0	0	0	0	0	0	0	0	0	0	0	0	0	0	0	0	0	0	0	0	0	0	0	0	0.841366817325816	0.912090287815263	0.84704556561824	0.746466193971764	0	0	0	0	0	0.876364213766505	0.538162083185244	0	0.702538932838507	0	0	0	0.951992014727317	0	0	0.697441975267897	0.576575363696623	0.88986637713574	0.572223877310848	0	0	0
0	0	0	0	0	0	0	0	0	0	0	0	0	0	0	0	0	0	0	0	0	0	0	0	0	0	0	0	0	0	0	0	0	0	0	0	0	0	0	0	0	0	0	0	0	0	0	0	0	0	0	0	0	0	0	0	0	0	0	0	0.979891565436379	0.738441126485438	0	0	0	0	0	0	0.818792494086736	0.806962360998081	0.857674683894566	0.770779554065994	0.635398580949835	0	0	0	0.567022340666041	0.895717660962279	0	0.611916334041981	0.630626033797425	0	0	0	0.501570024824079	0.80473820281506	0	0.609960396705716	0.824791046467489	0.83586747428519
0	0	0	0	0	0	0	0	0	0	0	0	0	0	0	0	0	0	0	0	0	0	0	0	0	0	0	0	0	0	0	0	0	0	0	0	0	0	0	0	0	0	0	0	0	0	0	0	0	0	0	0	0	0	0	0	0	0	0	0	0	0	0.988728265980171	0	0	0.580232127222846	0.69301196218192	0.735401098406056	0	0.704602038742989	0	0	0	0	0	0.63635579490014	0.739752266112582	0	0	0.891245542201531	0	0	0	0	0.67137025362107	0	0	0	0	0
0	0	0	0	0	0	0	0	0	0	0	0	0	0	0	0	0	0	0	0	0	0	0	0	0	0	0	0	0	0	0	0	0	0	0	0	0	0	0	0	0	0	0	0	0	0	0	0	0	0	0	0	0	0	0	0	0	0	0	0	0	0	0.574393219393964	0	0.572061551351918	0	0.750841730207671	0.683933790065892	0.873519596768548	0	0.899513718654678	0	0.543114131998047	0	0	0	0	0.901009741338153	0.529354738806353	0.696265103574466	0.557632246037102	0	0	0.762643001768905	0	0	0.970498939464075	0	0	0
0	0	0	0	0	0	0	0	0	0	0	0	0	0	0	0	0	0	0	0	0	0	0	0	0	0	0	0	0	0	0	0	0	0	0	0	0	0	0	0	0	0	0	0	0	0	0	0	0	0	0	0	0	0	0	0	0	0	0	0	0.67776076862518	0	0.940222127111434	0	0.849355650954007	0.503221181846676	0	0.641027349600882	0.856572085568137	0.88740434914721	0	0.746974061749881	0	0	0.825147857795764	0	0	0	0	0	0	0	0.58377018426847	0	0	0	0.952845374529179	0.753761206673081	0.622924638084232	0.69000720158996
0	0	0	0	0	0	0	0	0	0	0	0	0	0	0	0	0	0	0	0	0	0	0	0	0	0	0	0	0	0	0	0	0	0	0	0	0	0	0	0	0	0	0	0	0	0	0	0	0	0	0	0	0	0	0	0	0	0	0	0	0.838052453858058	0.97605412275919	0.932061729870664	0	0.894607822229429	0.672107140083687	0.597651285661905	0	0	0.653201132945615	0.795576822996441	0	0	0.820949013942694	0	0.75954643058846	0.675386839086742	0	0.794751422201846	0	0	0.823755055206564	0.773428190827356	0.88265803753308	0	0	0.732192545040515	0	0	0.937934968529607
0	0	0	0	0	0	0	0	0	0	0	0	0	0	0	0	0	0	0	0	0	0	0	0	0	0	0	0	0	0	0	0	0	0	0	0	0	0	0	0	0	0	0	0	0	0	0	0	0	0	0	0	0	0	0	0	0	0	0	0	0.575786114841783	0	0	0.839051872635717	0	0.851120240641495	0.597155702657207	0	0	0.619186471899134	0.993484469543929	0.80513431436329	0	0.964840634881092	0	0	0	0	0.844033998946876	0.528069389934538	0.853763058829543	0.547741947934443	0.924196028363413	0.531033470267969	0.531759426123359	0.819133375194128	0	0.857987781768772	0.633004899530397	0
0	0	0	0	0	0	0	0	0	0	0	0	0	0	0	0	0	0	0	0	0	0	0	0	0	0	0	0	0	0	0	0	0	0	0	0	0	0	0	0	0	0	0	0	0	0	0	0	0	0	0	0	0	0	0	0	0	0	0	0	0	0.516567771142753	0	0.59037710063818	0.780087486400077	0	0.961340794753332	0.597488002821585	0.742014405202561	0	0.542063817652362	0.514058382596214	0.732137584710123	0	0	0	0	0.73061002627741	0	0	0	0.628367430859982	0	0	0	0	0	0	0.767016800479855	0.710930323701844
0	0	0	0	0	0	0	0	0	0	0	0	0	0	0	0	0	0	0	0	0	0	0	0	0	0	0	0	0	0	0	0	0	0	0	0	0	0	0	0	0	0	0	0	0	0	0	0	0	0	0	0	0	0	0	0	0	0	0	0	0.893643377910457	0.937339533611869	0	0.726834020309907	0	0.719389118161557	0	0.856496769291991	0.800039429843225	0.67880656697271	0	0	0	0.703014976503091	0.945211012699752	0.779347098545813	0.951941462214764	0	0.633944256570435	0	0	0.566750956926614	0.616217468115268	0	0	0.823878655396184	0	0	0.500766527295512	0.506111209976075
0	0	0	0	0	0	0	0	0	0	0	0	0	0	0	0	0	0	0	0	0	0	0	0	0	0	0	0	0	0	0	0	0	0	0	0	0	0	0	0	0	0	0	0	0	0	0	0	0	0	0	0	0	0	0	0	0	0	0	0	0.690505029663758	0.817572535888203	0	0.801339541124541	0	0	0.953627331067263	0	0.722355982829282	0.682441935724484	0	0	0.810605389329738	0.823057397792683	0	0	0.852492008499856	0	0.578533899060479	0	0.755953079499611	0	0	0.573526692705942	0.648008263193728	0.966946081742471	0.656216569759195	0.882179291909621	0.532618992302019	0
0	0	0	0	0	0	0	0	0	0	0	0	0	0	0	0	0	0	0	0	0	0	0	0	0	0	0	0	0	0	0	0	0	0	0	0	0	0	0	0	0	0	0	0	0	0	0	0	0	0	0	0	0	0	0	0	0	0	0	0	0	0	0	0.870629642934679	0	0.577659830304647	0	0	0	0.956219327100121	0	0.716423233393755	0	0.674658436408859	0.897016234669713	0	0.591020775031246	0	0.922411424027348	0.654411802815971	0	0	0	0	0	0.743449525572572	0	0	0	0
0	0	0	0	0	0	0	0	0	0	0	0	0	0	0	0	0	0	0	0	0	0	0	0	0	0	0	0	0	0	0	0	0	0	0	0	0	0	0	0	0	0	0	0	0	0	0	0	0	0	0	0	0	0	0	0	0	0	0	0	0	0	0.731126480229125	0	0	0	0	0.73005114361121	0.775130017898973	0	0.970035791104699	0.704012485346046	0.869902862134849	0	0	0.718345754452297	0	0.987939764647959	0	0	0.70435194195486	0	0.996590583947388	0	0.508209651007059	0	0.558813733548748	0.709792210227534	0.746068549288682	0
0	0	0	0	0	0	0	0	0	0	0	0	0	0	0	0	0	0	0	0	0	0	0	0	0	0	0	0	0	0	0	0	0	0	0	0	0	0	0	0	0	0	0	0	0	0	0	0	0	0	0	0	0	0	0	0	0	0	0	0	0.892709218804196	0	0.765671607907081	0	0	0	0.718020021606277	0	0	0	0.964090752033009	0	0.923723306279071	0	0	0	0	0	0.697573330188111	0	0.507486997462522	0.501442462186539	0.624442901062698	0	0.863580281435375	0.643446994264726	0.677715336035031	0.848193181234348	0.610084031683772	0
0	0	0	0	0	0	0	0	0	0	0	0	0	0	0	0	0	0	0	0	0	0	0	0	0	0	0	0	0	0	0	0	0	0	0	0	0	0	0	0	0	0	0	0	0	0	0	0	0	0	0	0	0	0	0	0	0	0	0	0	0.990906262095609	0.863307480623999	0	0	0.531319531839216	0	0	0.794317928095925	0	0	0.953101400835174	0	0	0.880807910932271	0	0	0.715234019537361	0.661515980868585	0	0	0.701767325974668	0	0.904373962887163	0.634187947065791	0	0	0.578355024212952	0	0	0.85187575566843
0	0	0	0	0	0	0	0	0	0	0	0	0	0	0	0	0	0	0	0	0	0	0	0	0	0	0	0	0	0	0	0	0	0	0	0	0	0	0	0	0	0	0	0	0	0	0	0	0	0	0	0	0	0	0	0	0	0	0	0	0	0	0.891040190477958	0.718142071046765	0.879987146915478	0	0	0.800899259685628	0	0	0.563172286307859	0.997952114788989	0.598609229830789	0	0	0.747008779073107	0	0.847349279850602	0.609596690604166	0.9661610789133	0.802099933243923	0.628474054925253	0	0.682793460154859	0	0	0.772348337872572	0.810809344966583	0.542366898912236	0
0	0	0	0	0	0	0	0	0	0	0	0	0	0	0	0	0	0	0	0	0	0	0	0	0	0	0	0	0	0	0	0	0	0	0	0	0	0	0	0	0	0	0	0	0	0	0	0	0	0	0	0	0	0	0	0	0	0	0	0	0	0.982081296485576	0	0.762028056089119	0	0.627320171879083	0	0	0	0.906359012701966	0	0	0	0.697841826312944	0	0.892461501210058	0.598984892283298	0	0.996662835829212	0	0.67608645268089	0.82875951243734	0	0.605512291362094	0	0.58786339502014	0	0.896152568839349	0	0.558456671247184
0	0	0	0	0	0	0	0	0	0	0	0	0	0	0	0	0	0	0	0	0	0	0	0	0	0	0	0	0	0	0	0	0	0	0	0	0	0	0	0	0	0	0	0	0	0	0	0	0	0	0	0	0	0	0	0	0	0	0	0	0	0.766788679292029	0	0	0	0.775671136459559	0	0.594400619060378	0.63385528560986	0	0.772864299059181	0.652252729088023	0.784013373656878	0	0.710812594936004	0	0.773575838460048	0.964189918460152	0	0.791349409924261	0.521979143199054	0	0.883036134792695	0	0.556890614852241	0	0	0	0	0
0	0	0	0	0	0	0	0	0	0	0	0	0	0	0	0	0	0	0	0	0	0	0	0	0	0	0	0	0	0	0	0	0	0	0	0	0	0	0	0	0	0	0	0	0	0	0	0	0	0	0	0	0	0	0	0	0	0	0	0	0	0.703195408602338	0	0.975707877739302	0.842185084997581	0.949509579868778	0	0	0.690521375715136	0	0	0	0.882649809050737	0	0	0	0.533558341085694	0	0.956496397643358	0	0	0.88011102487365	0	0	0.930024551139998	0.727702926627966	0.649522072175106	0	0	0.949553878381527
0	0	0	0	0	0	0	0	0	0	0	0	0	0	0	0	0	0	0	0	0	0	0	0	0	0	0	0	0	0	0	0	0	0	0	0	0	0	0	0	0	0	0	0	0	0	0	0	0	0	0	0	0	0	0	0	0	0	0	0	0	0.67303955057221	0.988959948779728	0.613188438001995	0	0.808980928629465	0	0	0.536777206640742	0	0	0.680728276299686	0	0.86667900127643	0.596083191794515	0.664437522978792	0.596238598379842	0.73420040251685	0.521025731544397	0	0	0.702908264169461	0.8814414012536	0	0	0	0	0.912384212251005	0	0
0	0	0	0	0	0	0	0	0	0	0	0	0	0	0	0	0	0	0	0	0	0	0	0	0	0	0	0	0	0	0	0	0	0	0	0	0	0	0	0	0	0	0	0	0	0	0	0	0	0	0	0	0	0	0	0	0	0	0	0	0.833924062967742	0	0	0	0	0	0	0.500441607866876	0.818802127328317	0.857338845188339	0.960009099779055	0	0	0	0.68541246947981	0	0.526799832326442	0.845730355981307	0	0.943662580425167	0.716977469145311	0	0.640318941288607	0	0.987623290580383	0	0.987709131428337	0.760472758662913	0.809604650188493	0
0	0	0	0	0	0	0	0	0	0	0	0	0	0	0	0	0	0	0	0	0	0	0	0	0	0	0	0	0	0	0	0	0	0	0	0	0	0	0	0	0	0	0	0	0	0	0	0	0	0	0	0	0	0	0	0	0	0	0	0	0.959064219142252	0.756089657367371	0	0	0	0	0.731998251444299	0.511644275970144	0.57869948837709	0	0.791377984768866	0	0	0.503524919400562	0.656877968604934	0.543457629574152	0	0	0.88636227287596	0	0.877490345958833	0.607710271447941	0	0	0.742805043458066	0.699135807821175	0.672181546582163	0	0	0.920493006000635
0	0	0	0	0	0	0	0	0	0	0	0	0	0	0	0	0	0	0	0	0	0	0	0	0	0	0	0	0	0	0	0	0	0	0	0	0	0	0	0	0	0	0	0	0	0	0	0	0	0	0	0	0	0	0	0	0	0	0	0	0.773255421609819	0	0.555682439580914	0	0	0.671928951176075	0	0.758297310915089	0.740642883854002	0	0	0.725516923505289	0	0	0	0.848516362152448	0.568384276891855	0.773103031127206	0	0	0	0	0	0	0.753199447548898	0	0	0.73020377043261	0	0
0	0	0	0	0	0	0	0	0	0	0	0	0	0	0	0	0	0	0	0	0	0	0	0	0	0	0	0	0	0	0	0	0	0	0	0	0	0	0	0	0	0	0	0	0	0	0	0	0	0	0	0	0	0	0	0	0	0	0	0	0.840712923710571	0.603497875972612	0.853660546610983	0.746260704173445	0.913550213828253	0	0	0	0.563884704271134	0	0	0.714528723940105	0	0.759909301749908	0.895364081837756	0	0	0	0.676354434367008	0.864292589099634	0	0.860762259714793	0.851305611354739	0.92364272277913	0	0	0	0	0.733595711505702	0
0	0	0	0	0	0	0	0	0	0	0	0	0	0	0	0	0	0	0	0	0	0	0	0	0	0	0	0	0	0	0	0	0	0	0	0	0	0	0	0	0	0	0	0	0	0	0	0	0	0	0	0	0	0	0	0	0	0	0	0	0	0.581241733469874	0.975082534662329	0.739911111995961	0	0	0	0	0.760365115201632	0	0.783875601197777	0.696834956634518	0.94104558535319	0	0.789479568673867	0	0	0.865673396617966	0	0.757540073336569	0	0	0.793142736710097	0	0	0	0.61732263115913	0	0	0
0	0	0	0	0	0	0	0	0	0	0	0	0	0	0	0	0	0	0	0	0	0	0	0	0	0	0	0	0	0	0	0	0	0	0	0	0	0	0	0	0	0	0	0	0	0	0	0	0	0	0	0	0	0	0	0	0	0	0	0	0	0.638893825131448	0.891514714023508	0	0	0.946099091328755	0.905644314197543	0.682250741067297	0	0	0	0.663698464189994	0	0.575544552429151	0.782465473084461	0.810073892820348	0.991390008599205	0	0	0.620306364007899	0	0.961343402645098	0.994068886060065	0	0	0.659162509070869	0	0.516628741309394	0.726658907987659	0
0	0	0	0	0	0	0	0	0	0	0	0	0	0	0	0	0	0	0	0	0	0	0	0	0	0	0	0	0	0	0	0	0	0	0	0	0	0	0	0	0	0	0	0	0	0	0	0	0	0	0	0	0	0	0	0	0	0	0	0	0	0	0	0.770529718294758	0	0	0.896141335798008	0	0.970382413929716	0	0	0.830858109825729	0	0.878372283115433	0.907253059292483	0	0.898589159558636	0.67582853445002	0	0	0.662012013163614	0.724175210178455	0	0.847217354573948	0	0	0.500999045150631	0	0	0
0	0	0	0	0	0	0	0	0	0	0	0	0	0	0	0	0	0	0	0	0	0	0	0	0	0	0	0	0	0	0	0	0	0	0	0	0	0	0	0	0	0	0	0	0	0	0	0	0	0	0	0	0	0	0	0	0	0	0	0	0	0.960261182089216	0	0.777344465923285	0	0	0.708412244632399	0	0.939624954504881	0.647278518912829	0.676729726960557	0.893505183588911	0	0.930592608764886	0.631954239238547	0	0.546340521473136	0	0	0	0	0.568983379192778	0	0	0.897600188105779	0	0.841165152393037	0	0	0
0	0	0	0	0	0	0	0	0	0	0	0	0	0	0	0	0	0	0	0	0	0	0	0	0	0	0	0	0	0	0	0	0	0	0	0	0	0	0	0	0	0	0	0	0	0	0	0	0	0	0	0	0	0	0	0	0	0	0	0	0	0.675222535814745	0	0.66273188281054	0	0	0.860942913978099	0.773837003806907	0	0.891747473846157	0.601249287029835	0	0	0	0	0.765146569724889	0	0.557157349277068	0	0.947814664093413	0	0	0.858764491694313	0	0	0	0	0	0	0
