0	0.779434507502219	0.797182028133889	0.725476989986024	0	0	0	0	0	0	0	0	0.531777176723378	0	0	0	0.744552891358071	0	0	0	0	0	0	0	0	0	0	0	0	0	0	0	0	0	0	0	0	0	0	0	0	0	0	0	0	0	0	0	0	0	0	0	0	0	0	0	0	0	0	0	0	0	0	0	0	0	0	0	0	0	0	0	0	0	0	0	0	0	0	0	0	0	0	0	0	0	0	0	0	0
0.759700668919961	0	0.965795650883756	0	0	0	0.511394898450853	0.924853999320374	0.605101842425739	0	0	0.688424693575429	0	0	0	0.936009804868535	0	0.853663786853484	0	0	0	0	0	0	0	0	0	0	0	0	0	0	0	0	0	0	0	0	0	0	0	0	0	0	0	0	0	0	0	0	0	0	0	0	0	0	0	0	0	0	0	0	0	0	0	0	0	0	0	0	0	0	0	0	0	0	0	0	0	0	0	0	0	0	0	0	0	0	0	0
0.667971622602975	0.893114684417978	0	0	0	0	0	0	0	0	0	0	0	0	0.709476491699992	0.697998243950654	0.608299949470043	0.875422327174252	0	0	0	0	0	0	0	0	0	0	0	0	0	0	0	0	0	0	0	0	0	0	0	0	0	0	0	0	0	0	0	0	0	0	0	0	0	0	0	0	0	0	0	0	0	0	0	0	0	0	0	0	0	0	0	0	0	0	0	0	0	0	0	0	0	0	0	0	0	0	0	0
0.550554714192647	0	0	0	0.847182416515013	0	0	0	0.855755954082098	0	0.713094581656265	0	0	0	0	0	0	0	0	0	0	0	0	0	0	0	0	0	0	0	0	0	0	0	0	0	0	0	0	0	0	0	0	0	0	0	0	0	0	0	0	0	0	0	0	0	0	0	0	0	0	0	0	0	0	0	0	0	0	0	0	0	0	0	0	0	0	0	0	0	0	0	0	0	0	0	0	0	0	0
0	0	0	0.991027977297074	0	0	0	0.890288448692403	0	0	0	0	0	0	0.637119845691128	0	0.811224645916989	0.556316614001314	0	0	0	0	0	0	0	0	0	0	0	0	0	0	0	0	0	0	0	0	0	0	0	0	0	0	0	0	0	0	0	0	0	0	0	0	0	0	0	0	0	0	0	0	0	0	0	0	0	0	0	0	0	0	0	0	0	0	0	0	0	0	0	0	0	0	0	0	0	0	0	0
0	0	0	0	0	0	0.867863506955739	0	0	0	0.652168873988716	0	0.651263356255174	0	0	0	0	0	0	0	0	0	0	0	0	0	0	0	0	0	0	0	0	0	0	0	0	0	0	0	0	0	0	0	0	0	0	0	0	0	0	0	0	0	0	0	0	0	0	0	0	0	0	0	0	0	0	0	0	0	0	0	0	0	0	0	0	0	0	0	0	0	0	0	0	0	0	0	0	0
0	0.513632185549724	0	0	0	0.807494153837863	0	0	0	0	0.71251422814384	0	0	0.724433651385103	0	0.641305131228733	0	0.776390985190485	0	0	0	0	0	0	0	0	0	0	0	0	0	0	0	0	0	0	0	0	0	0	0	0	0	0	0	0	0	0	0	0	0	0	0	0	0	0	0	0	0	0	0	0	0	0	0	0	0	0	0	0	0	0	0	0	0	0	0	0	0	0	0	0	0	0	0	0	0	0	0	0
0	0.788788772207508	0	0	0.866854047006108	0	0	0	0.546403841267572	0	0	0	0	0	0.597832596981692	0	0	0	0	0	0	0	0	0	0	0	0	0	0	0	0	0	0	0	0	0	0	0	0	0	0	0	0	0	0	0	0	0	0	0	0	0	0	0	0	0	0	0	0	0	0	0	0	0	0	0	0	0	0	0	0	0	0	0	0	0	0	0	0	0	0	0	0	0	0	0	0	0	0	0
0	0.788324314764809	0	0.750144298299963	0	0	0	0.732081562830956	0	0	0	0.573812120972929	0	0	0	0	0.540980993387977	0.793225442090386	0	0	0	0	0	0	0	0	0	0	0	0	0	0	0	0	0	0	0	0	0	0	0	0	0	0	0	0	0	0	0	0	0	0	0	0	0	0	0	0	0	0	0	0	0	0	0	0	0	0	0	0	0	0	0	0	0	0	0	0	0	0	0	0	0	0	0	0	0	0	0	0
0	0	0	0	0	0	0	0	0	0	0.852204640204181	0.937384879956198	0.889540730745743	0	0.952477313455341	0	0	0	0	0	0	0	0	0	0	0	0	0	0	0	0	0	0	0	0	0	0	0	0	0	0	0	0	0	0	0	0	0	0	0	0	0	0	0	0	0	0	0	0	0	0	0	0	0	0	0	0	0	0	0	0	0	0	0	0	0	0	0	0	0	0	0	0	0	0	0	0	0	0	0
0	0	0	0.95802897101144	0	0.918797888888817	0.667393891736405	0	0	0.624866458151401	0	0.616120160611584	0.56661744517101	0.947349504972974	0	0.932462338553102	0	0	0	0	0	0	0	0	0	0	0	0	0	0	0	0	0	0	0	0	0	0	0	0	0	0	0	0	0	0	0	0	0	0	0	0	0	0	0	0	0	0	0	0	0	0	0	0	0	0	0	0	0	0	0	0	0	0	0	0	0	0	0	0	0	0	0	0	0	0	0	0	0	0
0	0.99910237740404	0	0	0	0	0	0	0.745063818861934	0.812664556203446	0.771424018969412	0	0	0.646065935390618	0.948922010422464	0	0	0.998009051032179	0	0	0	0	0	0	0	0	0	0	0	0	0	0	0	0	0	0	0	0	0	0	0	0	0	0	0	0	0	0	0	0	0	0	0	0	0	0	0	0	0	0	0	0	0	0	0	0	0	0	0	0	0	0	0	0	0	0	0	0	0	0	0	0	0	0	0	0	0	0	0	0
0.527401718959487	0	0	0	0	0.525607549151445	0	0	0	0.649643443162975	0.934815019157532	0	0	0.735733170789871	0	0.727844211025916	0	0	0	0	0	0	0	0	0	0	0	0	0	0	0	0	0	0	0	0	0	0	0	0	0	0	0	0	0	0	0	0	0	0	0	0	0	0	0	0	0	0	0	0	0	0	0	0	0	0	0	0	0	0	0	0	0	0	0	0	0	0	0	0	0	0	0	0	0	0	0	0	0	0
0	0	0	0	0	0	0.700349614210181	0	0	0	0.960902870097627	0.540294667173852	0.845053120873204	0	0.930093700284773	0	0	0.945868108840117	0	0	0	0	0	0	0	0	0	0	0	0	0	0	0	0	0	0	0	0	0	0	0	0	0	0	0	0	0	0	0	0	0	0	0	0	0	0	0	0	0	0	0	0	0	0	0	0	0	0	0	0	0	0	0	0	0	0	0	0	0	0	0	0	0	0	0	0	0	0	0	0
0	0	0.751695407328679	0	0.612033319030552	0	0	0.554652150594583	0	0.736403346159537	0	0.549523391809763	0	0.689471303577014	0	0.719992906845111	0.995138237332921	0.976657991173921	0	0	0	0	0	0	0	0	0	0	0	0	0	0	0	0	0	0	0	0	0	0	0	0	0	0	0	0	0	0	0	0	0	0	0	0	0	0	0	0	0	0	0	0	0	0	0	0	0	0	0	0	0	0	0	0	0	0	0	0	0	0	0	0	0	0	0	0	0	0	0	0
0	0.877328145958504	0.931257086377019	0	0	0	0.95176186007325	0	0	0	0.691426168801749	0	0.781482885936564	0	0.95335695228685	0	0.889942150064787	0	0	0	0	0	0	0	0	0	0	0	0	0	0	0	0	0	0	0	0	0	0	0	0	0	0	0	0	0	0	0	0	0	0	0	0	0	0	0	0	0	0	0	0	0	0	0	0	0	0	0	0	0	0	0	0	0	0	0	0	0	0	0	0	0	0	0	0	0	0	0	0	0
0.831393260074931	0	0.633024130948777	0	0.894527430833308	0	0	0	0.973788683689022	0	0	0	0	0	0.998096077258145	0.534700817865477	0	0	0	0	0	0	0	0	0	0	0	0	0	0	0	0	0	0	0	0	0	0	0	0	0	0	0	0	0	0	0	0	0	0	0	0	0	0	0	0	0	0	0	0	0	0	0	0	0	0	0	0	0	0	0	0	0	0	0	0	0	0	0	0	0	0	0	0	0	0	0	0	0	0
0	0.649040531120901	0.702615422730725	0	0.582716679723218	0	0.673289054859983	0	0.85077702273278	0	0	0.550555412296269	0	0.716592107992129	0.807464044686465	0	0	0	0	0	0	0	0	0	0	0	0	0	0	0	0	0	0	0	0	0	0	0	0	0	0	0	0	0	0	0	0	0	0	0	0	0	0	0	0	0	0	0	0	0	0	0	0	0	0	0	0	0	0	0	0	0	0	0	0	0	0	0	0	0	0	0	0	0	0	0	0	0	0	0
0	0	0	0	0	0	0	0	0	0	0	0	0	0	0	0	0	0	0	0.922723642378091	0.799102638246235	0	0.572082232063377	0.92125449620786	0	0	0.97895457701536	0	0.83126807935713	0	0	0	0.950622034192178	0.941488147018533	0.907894657368181	0.505351926842226	0	0	0	0	0	0	0	0	0	0	0	0	0	0	0	0	0	0	0	0	0	0	0	0	0	0	0	0	0	0	0	0	0	0	0	0	0	0	0	0	0	0	0	0	0	0	0	0	0	0	0	0	0	0
0	0	0	0	0	0	0	0	0	0	0	0	0	0	0	0	0	0	0.914493275014209	0	0	0	0.893937784328899	0.501851745136947	0	0.617804782961383	0	0	0	0.674058071992911	0.766399819270405	0	0.958960513032097	0.708991572830016	0.879062701186844	0.581126590997171	0	0	0	0	0	0	0	0	0	0	0	0	0	0	0	0	0	0	0	0	0	0	0	0	0	0	0	0	0	0	0	0	0	0	0	0	0	0	0	0	0	0	0	0	0	0	0	0	0	0	0	0	0	0
0	0	0	0	0	0	0	0	0	0	0	0	0	0	0	0	0	0	0.531791549140538	0	0	0.805330331214257	0.782679954097249	0.634850051793955	0.910942688442413	0.586942373566982	0	0	0.896293191620131	0	0.817595441119571	0	0.57687237204725	0	0.893338724734092	0.543231737100871	0	0	0	0	0	0	0	0	0	0	0	0	0	0	0	0	0	0	0	0	0	0	0	0	0	0	0	0	0	0	0	0	0	0	0	0	0	0	0	0	0	0	0	0	0	0	0	0	0	0	0	0	0	0
0	0	0	0	0	0	0	0	0	0	0	0	0	0	0	0	0	0	0	0	0.536125703401827	0	0	0	0	0.861615539249251	0.709227308814783	0	0	0.608515369776101	0	0.875092368199547	0.73675937008664	0.684716416337752	0.688550800278148	0.974314678703863	0	0	0	0	0	0	0	0	0	0	0	0	0	0	0	0	0	0	0	0	0	0	0	0	0	0	0	0	0	0	0	0	0	0	0	0	0	0	0	0	0	0	0	0	0	0	0	0	0	0	0	0	0	0
0	0	0	0	0	0	0	0	0	0	0	0	0	0	0	0	0	0	0.544564373933986	0.982412239422485	0.690638033846544	0	0	0.608979510730496	0.557913388574532	0.974988126106962	0.56059831235575	0.93673142227271	0	0	0	0	0	0.79974642916344	0	0.564587180974475	0	0	0	0	0	0	0	0	0	0	0	0	0	0	0	0	0	0	0	0	0	0	0	0	0	0	0	0	0	0	0	0	0	0	0	0	0	0	0	0	0	0	0	0	0	0	0	0	0	0	0	0	0	0
0	0	0	0	0	0	0	0	0	0	0	0	0	0	0	0	0	0	0.942760035368416	0.785730098477407	0.551541111016562	0	0.588787357216702	0	0.621447581089306	0	0.988874346083756	0.910062912432627	0.898155707032864	0.54716879982716	0	0	0.835910423529813	0	0	0	0	0	0	0	0	0	0	0	0	0	0	0	0	0	0	0	0	0	0	0	0	0	0	0	0	0	0	0	0	0	0	0	0	0	0	0	0	0	0	0	0	0	0	0	0	0	0	0	0	0	0	0	0	0
0	0	0	0	0	0	0	0	0	0	0	0	0	0	0	0	0	0	0	0	0.976269210978618	0	0.776481466594548	0.7158597545148	0	0.795821627643087	0.670305047761736	0.506437088785329	0.948152459399438	0.546418399897644	0	0	0	0	0	0	0	0	0	0	0	0	0	0	0	0	0	0	0	0	0	0	0	0	0	0	0	0	0	0	0	0	0	0	0	0	0	0	0	0	0	0	0	0	0	0	0	0	0	0	0	0	0	0	0	0	0	0	0	0
0	0	0	0	0	0	0	0	0	0	0	0	0	0	0	0	0	0	0	0.713052479743151	0.909930536979694	0.853313878143276	0.608893194919209	0	0.735938883798386	0	0.570868080352031	0.724459255411623	0	0.888022950833669	0.658400545239282	0.979019487089715	0	0	0.57863028373152	0	0	0	0	0	0	0	0	0	0	0	0	0	0	0	0	0	0	0	0	0	0	0	0	0	0	0	0	0	0	0	0	0	0	0	0	0	0	0	0	0	0	0	0	0	0	0	0	0	0	0	0	0	0	0
0	0	0	0	0	0	0	0	0	0	0	0	0	0	0	0	0	0	0.536596563942977	0	0	0.775994112614011	0.774840180476154	0.812037539445974	0.752570848777988	0.913594669771549	0	0.857698988879227	0	0.59126185708155	0.981993589289461	0.881565642134165	0	0	0	0	0	0	0	0	0	0	0	0	0	0	0	0	0	0	0	0	0	0	0	0	0	0	0	0	0	0	0	0	0	0	0	0	0	0	0	0	0	0	0	0	0	0	0	0	0	0	0	0	0	0	0	0	0	0
0	0	0	0	0	0	0	0	0	0	0	0	0	0	0	0	0	0	0	0	0	0	0.882760788897333	0.545070263633362	0.67338440398878	0.566914551899829	0.961191863060624	0	0.645404512253752	0.71256186894017	0.860638542712068	0.562392524376338	0.667010217636246	0	0	0	0	0	0	0	0	0	0	0	0	0	0	0	0	0	0	0	0	0	0	0	0	0	0	0	0	0	0	0	0	0	0	0	0	0	0	0	0	0	0	0	0	0	0	0	0	0	0	0	0	0	0	0	0	0
0	0	0	0	0	0	0	0	0	0	0	0	0	0	0	0	0	0	0.590530448853405	0	0.822334341635194	0	0	0.793356309713157	0.539735883881566	0	0	0.630330221638565	0	0.590994987343938	0	0.645884166395579	0.864530615372562	0.867982702535227	0	0	0	0	0	0	0	0	0	0	0	0	0	0	0	0	0	0	0	0	0	0	0	0	0	0	0	0	0	0	0	0	0	0	0	0	0	0	0	0	0	0	0	0	0	0	0	0	0	0	0	0	0	0	0	0
0	0	0	0	0	0	0	0	0	0	0	0	0	0	0	0	0	0	0	0.894139978420999	0	0.662511697088725	0	0.639929990387215	0.865445445428763	0.917993602042833	0.720137885121828	0.768292716441239	0.644538911417702	0	0.789839335427175	0.702494408010421	0.514881074279348	0.589749329401446	0.966672094047271	0	0	0	0	0	0	0	0	0	0	0	0	0	0	0	0	0	0	0	0	0	0	0	0	0	0	0	0	0	0	0	0	0	0	0	0	0	0	0	0	0	0	0	0	0	0	0	0	0	0	0	0	0	0	0
0	0	0	0	0	0	0	0	0	0	0	0	0	0	0	0	0	0	0	0.645571860363168	0.65798674264992	0	0	0	0	0.857774234710412	0.515071274876453	0.639847387978454	0	0.520272360978234	0	0.982785102653688	0.829764053690561	0.547067410622661	0.578834053930813	0.651215047584833	0	0	0	0	0	0	0	0	0	0	0	0	0	0	0	0	0	0	0	0	0	0	0	0	0	0	0	0	0	0	0	0	0	0	0	0	0	0	0	0	0	0	0	0	0	0	0	0	0	0	0	0	0	0
0	0	0	0	0	0	0	0	0	0	0	0	0	0	0	0	0	0	0	0	0	0.602780039082437	0	0	0	0.573136434388715	0.960208323579089	0.599682724759398	0.938756700651936	0.538405577439266	0.885165963721623	0	0	0.775205555900954	0.888272703914542	0.623569511174805	0	0	0	0	0	0	0	0	0	0	0	0	0	0	0	0	0	0	0	0	0	0	0	0	0	0	0	0	0	0	0	0	0	0	0	0	0	0	0	0	0	0	0	0	0	0	0	0	0	0	0	0	0	0
0	0	0	0	0	0	0	0	0	0	0	0	0	0	0	0	0	0	0.639073307905247	0.60359389280612	0.515450341781869	0.61358543497886	0	0.525367953927182	0	0	0	0.66169421698767	0.868898725079445	0.565139605173923	0.969253466509669	0	0	0	0.911371810911885	0	0	0	0	0	0	0	0	0	0	0	0	0	0	0	0	0	0	0	0	0	0	0	0	0	0	0	0	0	0	0	0	0	0	0	0	0	0	0	0	0	0	0	0	0	0	0	0	0	0	0	0	0	0	0
0	0	0	0	0	0	0	0	0	0	0	0	0	0	0	0	0	0	0.642685488788059	0.677300697323789	0	0.695394841380652	0.510595274657788	0	0	0	0	0	0.729246808803513	0.837494281714637	0.526999242024976	0.841678679445866	0	0	0	0.806731421239055	0	0	0	0	0	0	0	0	0	0	0	0	0	0	0	0	0	0	0	0	0	0	0	0	0	0	0	0	0	0	0	0	0	0	0	0	0	0	0	0	0	0	0	0	0	0	0	0	0	0	0	0	0	0
0	0	0	0	0	0	0	0	0	0	0	0	0	0	0	0	0	0	0.946575352932367	0.628611007019145	0.966587167241773	0.887625392015074	0	0	0	0.518760993855824	0	0	0	0.839884040627542	0.592602056581148	0.633825313210053	0.799475828861917	0	0	0.791308238155503	0	0	0	0	0	0	0	0	0	0	0	0	0	0	0	0	0	0	0	0	0	0	0	0	0	0	0	0	0	0	0	0	0	0	0	0	0	0	0	0	0	0	0	0	0	0	0	0	0	0	0	0	0	0
0	0	0	0	0	0	0	0	0	0	0	0	0	0	0	0	0	0	0.905137601866004	0.518632665028986	0.981638514042234	0.997402563228135	0.823309423374652	0	0	0	0	0	0	0	0.915302912860559	0.969354978321388	0	0.820648633707094	0.815029617786245	0	0	0	0	0	0	0	0	0	0	0	0	0	0	0	0	0	0	0	0	0	0	0	0	0	0	0	0	0	0	0	0	0	0	0	0	0	0	0	0	0	0	0	0	0	0	0	0	0	0	0	0	0	0	0
0	0	0	0	0	0	0	0	0	0	0	0	0	0	0	0	0	0	0	0	0	0	0	0	0	0	0	0	0	0	0	0	0	0	0	0	0	0.538217009984928	0.552113079853678	0.977664561238372	0.809654080295252	0.882312303975716	0.595266368526778	0	0	0	0	0	0.845020199401967	0.660535163650851	0	0.852762638476618	0.638541901274327	0	0	0	0	0	0	0	0	0	0	0	0	0	0	0	0	0	0	0	0	0	0	0	0	0	0	0	0	0	0	0	0	0	0	0	0	0
0	0	0	0	0	0	0	0	0	0	0	0	0	0	0	0	0	0	0	0	0	0	0	0	0	0	0	0	0	0	0	0	0	0	0	0	0.836988160756617	0	0.804830702623928	0.668606767498911	0.960116182876309	0.763654166920386	0.554598484400801	0.801012215658568	0	0	0	0.738447282071904	0	0.666910938723014	0.85320667644924	0.837207397862814	0.6237757244524	0.562325599811378	0	0	0	0	0	0	0	0	0	0	0	0	0	0	0	0	0	0	0	0	0	0	0	0	0	0	0	0	0	0	0	0	0	0	0	0
0	0	0	0	0	0	0	0	0	0	0	0	0	0	0	0	0	0	0	0	0	0	0	0	0	0	0	0	0	0	0	0	0	0	0	0	0.519764551626899	0.54848902532085	0	0.657060450459568	0.902606028874414	0.542914775171901	0.587748320300006	0.891704826188617	0.855167913938487	0	0.81617585217896	0	0.645560619523019	0	0	0.835501183802331	0.638341214115725	0.777028773314076	0	0	0	0	0	0	0	0	0	0	0	0	0	0	0	0	0	0	0	0	0	0	0	0	0	0	0	0	0	0	0	0	0	0	0	0
0	0	0	0	0	0	0	0	0	0	0	0	0	0	0	0	0	0	0	0	0	0	0	0	0	0	0	0	0	0	0	0	0	0	0	0	0.911700622542349	0.503694073435941	0.957491967019945	0	0.947453498368832	0.700364184428104	0.822363354150079	0	0.604001065683095	0.938429180547997	0.954624938067562	0.596464514370273	0	0	0	0.566724669726675	0.879799773638853	0.783183900396663	0	0	0	0	0	0	0	0	0	0	0	0	0	0	0	0	0	0	0	0	0	0	0	0	0	0	0	0	0	0	0	0	0	0	0	0
0	0	0	0	0	0	0	0	0	0	0	0	0	0	0	0	0	0	0	0	0	0	0	0	0	0	0	0	0	0	0	0	0	0	0	0	0.514943523666057	0.68370528373997	0.642584737404272	0.760526199186457	0	0.89139271665398	0.78945562609557	0.86125964192605	0.541991424513291	0.800876985598054	0.568668703794815	0	0	0	0.615322085387056	0	0.66018010516712	0.889137928880855	0	0	0	0	0	0	0	0	0	0	0	0	0	0	0	0	0	0	0	0	0	0	0	0	0	0	0	0	0	0	0	0	0	0	0	0
0	0	0	0	0	0	0	0	0	0	0	0	0	0	0	0	0	0	0	0	0	0	0	0	0	0	0	0	0	0	0	0	0	0	0	0	0.781796330251969	0.639679618398106	0.851014274708538	0.739561241051285	0.698064186746874	0	0.85411202487511	0.604841246143784	0.852487288304005	0.697118577930248	0.922874321095514	0.613190380819431	0	0	0.572003173995048	0	0	0.729437995508987	0	0	0	0	0	0	0	0	0	0	0	0	0	0	0	0	0	0	0	0	0	0	0	0	0	0	0	0	0	0	0	0	0	0	0	0
0	0	0	0	0	0	0	0	0	0	0	0	0	0	0	0	0	0	0	0	0	0	0	0	0	0	0	0	0	0	0	0	0	0	0	0	0.769855719485872	0.715400693856965	0.833334099912762	0.615007044712539	0.971637909365683	0.86125156642696	0	0.606899973463879	0.778707553771682	0.74661867421205	0.858804273707092	0.552353016582296	0.543693484665826	0	0	0	0	0	0	0	0	0	0	0	0	0	0	0	0	0	0	0	0	0	0	0	0	0	0	0	0	0	0	0	0	0	0	0	0	0	0	0	0	0
0	0	0	0	0	0	0	0	0	0	0	0	0	0	0	0	0	0	0	0	0	0	0	0	0	0	0	0	0	0	0	0	0	0	0	0	0	0.691538536552493	0.78282305644366	0	0.875609848634681	0.925618919052746	0.803723834377193	0	0.916706043590381	0.821871035736752	0.718638947059689	0.541956649352912	0.638615144797796	0.757999684265858	0.736721583365998	0	0	0	0	0	0	0	0	0	0	0	0	0	0	0	0	0	0	0	0	0	0	0	0	0	0	0	0	0	0	0	0	0	0	0	0	0	0	0
0	0	0	0	0	0	0	0	0	0	0	0	0	0	0	0	0	0	0	0	0	0	0	0	0	0	0	0	0	0	0	0	0	0	0	0	0	0	0.674744878485674	0.85306629923712	0.795493615907886	0.70536362053506	0.736065444007213	0.536588284246391	0	0.9899921707404	0.721369051862196	0.596876854243767	0.710172287886153	0.934017571456959	0.75854021233433	0	0	0	0	0	0	0	0	0	0	0	0	0	0	0	0	0	0	0	0	0	0	0	0	0	0	0	0	0	0	0	0	0	0	0	0	0	0	0
0	0	0	0	0	0	0	0	0	0	0	0	0	0	0	0	0	0	0	0	0	0	0	0	0	0	0	0	0	0	0	0	0	0	0	0	0	0	0	0.515790364384635	0.715773971670644	0.907241376492511	0.803406095564805	0.634954148615507	0.951612175710713	0	0.527985676173407	0.728161544540751	0.64912038628559	0.737817921839568	0.901593032995082	0.92826085876015	0	0.775410047339762	0	0	0	0	0	0	0	0	0	0	0	0	0	0	0	0	0	0	0	0	0	0	0	0	0	0	0	0	0	0	0	0	0	0	0	0
0	0	0	0	0	0	0	0	0	0	0	0	0	0	0	0	0	0	0	0	0	0	0	0	0	0	0	0	0	0	0	0	0	0	0	0	0	0	0.85366926833743	0.681464725636328	0.763288263668405	0.7523815160694	0.589698092012375	0.891301664617602	0.672131319926185	0.589258081069331	0	0	0.704346988855731	0.804864644884395	0.649578965649792	0	0.781621577498501	0	0	0	0	0	0	0	0	0	0	0	0	0	0	0	0	0	0	0	0	0	0	0	0	0	0	0	0	0	0	0	0	0	0	0	0	0
0	0	0	0	0	0	0	0	0	0	0	0	0	0	0	0	0	0	0	0	0	0	0	0	0	0	0	0	0	0	0	0	0	0	0	0	0	0.792170093995833	0	0.8699118728768	0	0.519381706134371	0.934075125551152	0.945850427187513	0.711555637510181	0.545486564193421	0	0	0.522939556440495	0.794607320441765	0.641975646335443	0.831717196527919	0	0.654497023997475	0	0	0	0	0	0	0	0	0	0	0	0	0	0	0	0	0	0	0	0	0	0	0	0	0	0	0	0	0	0	0	0	0	0	0	0
0	0	0	0	0	0	0	0	0	0	0	0	0	0	0	0	0	0	0	0	0	0	0	0	0	0	0	0	0	0	0	0	0	0	0	0	0.979651892027622	0	0.633382320841181	0	0	0	0.583876099279806	0.612038484897549	0.508370524298726	0.819869530161487	0.514452443587322	0.878066863932076	0	0	0.707367483973877	0.701054687202034	0.996220258541717	0.633738227359116	0	0	0	0	0	0	0	0	0	0	0	0	0	0	0	0	0	0	0	0	0	0	0	0	0	0	0	0	0	0	0	0	0	0	0	0
0	0	0	0	0	0	0	0	0	0	0	0	0	0	0	0	0	0	0	0	0	0	0	0	0	0	0	0	0	0	0	0	0	0	0	0	0.806072884615924	0.812177821650515	0	0	0	0	0	0.818474491613657	0.638978033188373	0.560805095871108	0.551278311449925	0.999029716913155	0	0	0.933954580767451	0.623165904072461	0.823622219170222	0.844276983117971	0	0	0	0	0	0	0	0	0	0	0	0	0	0	0	0	0	0	0	0	0	0	0	0	0	0	0	0	0	0	0	0	0	0	0	0
0	0	0	0	0	0	0	0	0	0	0	0	0	0	0	0	0	0	0	0	0	0	0	0	0	0	0	0	0	0	0	0	0	0	0	0	0	0.589314509964632	0	0	0.717713854981589	0.816939544920727	0	0.723134100553749	0.908478690892778	0.686721152626885	0.669471941780016	0.696220244127285	0.529186821116911	0.860818968098453	0	0.788785818963132	0	0.76843137961625	0	0	0	0	0	0	0	0	0	0	0	0	0	0	0	0	0	0	0	0	0	0	0	0	0	0	0	0	0	0	0	0	0	0	0	0
0	0	0	0	0	0	0	0	0	0	0	0	0	0	0	0	0	0	0	0	0	0	0	0	0	0	0	0	0	0	0	0	0	0	0	0	0.633448102652074	0.840585901407824	0.646828690533188	0.502622437083657	0	0	0	0	0	0.828891572866203	0	0.802591472871717	0.956848321746266	0.66998339834571	0.761287244613499	0	0.539131263410341	0.911718958454681	0	0	0	0	0	0	0	0	0	0	0	0	0	0	0	0	0	0	0	0	0	0	0	0	0	0	0	0	0	0	0	0	0	0	0	0
0	0	0	0	0	0	0	0	0	0	0	0	0	0	0	0	0	0	0	0	0	0	0	0	0	0	0	0	0	0	0	0	0	0	0	0	0.946681972361694	0.947982254831682	0.923246411586118	0.641260240715443	0.588118086174697	0	0	0	0	0	0.772048874081912	0	0.646498657384569	0.752963879336936	0	0.671630495683773	0	0.791117619652799	0	0	0	0	0	0	0	0	0	0	0	0	0	0	0	0	0	0	0	0	0	0	0	0	0	0	0	0	0	0	0	0	0	0	0	0
0	0	0	0	0	0	0	0	0	0	0	0	0	0	0	0	0	0	0	0	0	0	0	0	0	0	0	0	0	0	0	0	0	0	0	0	0	0.782744768627439	0.744919836207569	0.567741225116677	0.565137390648906	0.516617784011186	0	0	0	0.968859357351274	0	0.576131043241931	0.902896186202496	0.743450715353233	0.946253194331584	0.720139262521621	0.842661400047731	0	0	0	0	0	0	0	0	0	0	0	0	0	0	0	0	0	0	0	0	0	0	0	0	0	0	0	0	0	0	0	0	0	0	0	0	0
0	0	0	0	0	0	0	0	0	0	0	0	0	0	0	0	0	0	0	0	0	0	0	0	0	0	0	0	0	0	0	0	0	0	0	0	0	0	0	0	0	0	0	0	0	0	0	0	0	0	0	0	0	0	0	0.701186025424016	0.845492068392931	0.812704719954336	0.565169701118699	0.710399757898571	0.693759890661063	0.505686008101807	0	0	0	0.768064296445554	0.791748712119768	0.77392737600202	0.808491701225907	0.9103664679756	0.567399918113031	0.663843946056001	0	0	0	0	0	0	0	0	0	0	0	0	0	0	0	0	0	0
0	0	0	0	0	0	0	0	0	0	0	0	0	0	0	0	0	0	0	0	0	0	0	0	0	0	0	0	0	0	0	0	0	0	0	0	0	0	0	0	0	0	0	0	0	0	0	0	0	0	0	0	0	0	0.73711099092864	0	0.576680705490017	0.7272634682279	0.624962069267557	0	0.539132783149213	0.932430304791452	0.612222202354973	0	0	0.804134359732226	0.983586279083657	0.953771051907969	0.791009848055126	0.893939557524498	0	0.540393355678657	0	0	0	0	0	0	0	0	0	0	0	0	0	0	0	0	0	0
0	0	0	0	0	0	0	0	0	0	0	0	0	0	0	0	0	0	0	0	0	0	0	0	0	0	0	0	0	0	0	0	0	0	0	0	0	0	0	0	0	0	0	0	0	0	0	0	0	0	0	0	0	0	0.786989779949893	0.918613182804182	0	0.722752340158189	0.572843706080732	0.799852002142401	0.983222668517778	0.812837316152518	0.805036113704509	0.916175451730575	0	0	0	0.963676330262795	0.780233175143651	0.859181842846427	0.567086414935017	0.602824792469954	0	0	0	0	0	0	0	0	0	0	0	0	0	0	0	0	0	0
0	0	0	0	0	0	0	0	0	0	0	0	0	0	0	0	0	0	0	0	0	0	0	0	0	0	0	0	0	0	0	0	0	0	0	0	0	0	0	0	0	0	0	0	0	0	0	0	0	0	0	0	0	0	0.502450148303778	0.690229682778578	0.841639390800052	0	0.512155273520638	0.76874931996965	0.966755790339231	0.92416079342191	0.645602718546952	0.550478628217054	0.753883684282977	0	0	0	0.977164930196289	0.810183462395687	0.75631582240484	0.711654007794921	0	0	0	0	0	0	0	0	0	0	0	0	0	0	0	0	0	0
0	0	0	0	0	0	0	0	0	0	0	0	0	0	0	0	0	0	0	0	0	0	0	0	0	0	0	0	0	0	0	0	0	0	0	0	0	0	0	0	0	0	0	0	0	0	0	0	0	0	0	0	0	0	0.573003268223548	0.894809987107309	0.883935418671494	0.726363674376952	0	0.834809376195379	0.789372071771385	0.71240981720985	0.68635850223363	0.799967034101086	0.637597232765227	0.921429916207025	0	0	0	0.665130373750088	0.9991433375549	0.909508076133087	0	0	0	0	0	0	0	0	0	0	0	0	0	0	0	0	0	0
0	0	0	0	0	0	0	0	0	0	0	0	0	0	0	0	0	0	0	0	0	0	0	0	0	0	0	0	0	0	0	0	0	0	0	0	0	0	0	0	0	0	0	0	0	0	0	0	0	0	0	0	0	0	0.601011784437485	0	0.963489990898728	0.99398110853136	0.99619043790714	0	0.680362879102206	0.614065341425965	0.795654387940446	0.737475865149205	0.530621021371791	0.943324166459142	0.651250560547542	0	0	0	0.835806325967878	0.672307419035229	0	0	0	0	0	0	0	0	0	0	0	0	0	0	0	0	0	0
0	0	0	0	0	0	0	0	0	0	0	0	0	0	0	0	0	0	0	0	0	0	0	0	0	0	0	0	0	0	0	0	0	0	0	0	0	0	0	0	0	0	0	0	0	0	0	0	0	0	0	0	0	0	0.682472160369876	0.974779409759108	0.978929944763946	0.540462999788951	0.675737146506479	0.745707972282269	0	0.504547216042563	0.855511719815516	0.547653509988483	0.806052629251048	0.895459225911765	0.591210414306615	0.562044349368401	0	0	0.675672497320157	0.820244032573959	0	0	0	0	0	0	0	0	0	0	0	0	0	0	0	0	0	0
0	0	0	0	0	0	0	0	0	0	0	0	0	0	0	0	0	0	0	0	0	0	0	0	0	0	0	0	0	0	0	0	0	0	0	0	0	0	0	0	0	0	0	0	0	0	0	0	0	0	0	0	0	0	0.995117544194807	0.891720982624243	0.603294949241125	0.847259471317668	0.699318642046079	0.642699331399338	0.868988930567009	0	0.511628065008033	0.867737846622347	0.531711806873943	0.989365795684106	0.635097653659081	0.726133145966432	0	0.835296123648296	0	0	0	0	0	0	0	0	0	0	0	0	0	0	0	0	0	0	0	0
0	0	0	0	0	0	0	0	0	0	0	0	0	0	0	0	0	0	0	0	0	0	0	0	0	0	0	0	0	0	0	0	0	0	0	0	0	0	0	0	0	0	0	0	0	0	0	0	0	0	0	0	0	0	0	0.944441937039699	0.561990348168878	0.552824549135982	0.6489183009133	0.686625746573513	0.979455801829448	0.616524459622699	0	0.927878101212479	0.922073302610594	0.811280268207982	0.591135234989426	0.513659978191949	0.900657911562643	0.948773106237682	0	0	0	0	0	0	0	0	0	0	0	0	0	0	0	0	0	0	0	0
0	0	0	0	0	0	0	0	0	0	0	0	0	0	0	0	0	0	0	0	0	0	0	0	0	0	0	0	0	0	0	0	0	0	0	0	0	0	0	0	0	0	0	0	0	0	0	0	0	0	0	0	0	0	0	0	0.636600702891122	0.721755997440958	0.708083131471566	0.968503469349669	0.763990355032568	0.881081152529726	0.621745578223925	0	0.920197243363278	0.746305463134336	0.763956318390514	0.626756356331401	0.795559624756396	0.738104716502521	0.894043312609992	0	0	0	0	0	0	0	0	0	0	0	0	0	0	0	0	0	0	0
0	0	0	0	0	0	0	0	0	0	0	0	0	0	0	0	0	0	0	0	0	0	0	0	0	0	0	0	0	0	0	0	0	0	0	0	0	0	0	0	0	0	0	0	0	0	0	0	0	0	0	0	0	0	0	0	0	0.656801939164096	0.761807135457282	0.673786703173399	0.503366262854014	0.702157826724195	0.500655727510786	0.546555162196033	0	0.804227927985219	0.60065685224082	0.910522491447393	0.784836301930378	0.625997318845846	0.731408285969108	0.504991575166201	0	0	0	0	0	0	0	0	0	0	0	0	0	0	0	0	0	0
0	0	0	0	0	0	0	0	0	0	0	0	0	0	0	0	0	0	0	0	0	0	0	0	0	0	0	0	0	0	0	0	0	0	0	0	0	0	0	0	0	0	0	0	0	0	0	0	0	0	0	0	0	0	0.808959820675059	0.887845680160591	0	0	0.936299867478351	0.804345133574584	0.819978861907041	0.544781678977338	0.570350330818482	0.673367039760842	0.609460570744049	0	0.939249909367675	0.543953560175858	0.943840212989204	0.906460240843493	0.774583873059832	0.877635792188065	0	0	0	0	0	0	0	0	0	0	0	0	0	0	0	0	0	0
0	0	0	0	0	0	0	0	0	0	0	0	0	0	0	0	0	0	0	0	0	0	0	0	0	0	0	0	0	0	0	0	0	0	0	0	0	0	0	0	0	0	0	0	0	0	0	0	0	0	0	0	0	0	0.692569895715598	0.831655458591867	0	0	0	0.931679937536461	0.541947759509442	0.865066870955787	0.50236829696619	0.652801346214053	0.733347073170983	0.984001424924888	0	0.731921605584138	0.755295689262819	0.994390794361091	0.932907310359579	0.947425895331372	0	0	0	0	0	0	0	0	0	0	0	0	0	0	0	0	0	0
0	0	0	0	0	0	0	0	0	0	0	0	0	0	0	0	0	0	0	0	0	0	0	0	0	0	0	0	0	0	0	0	0	0	0	0	0	0	0	0	0	0	0	0	0	0	0	0	0	0	0	0	0	0	0.714436299353387	0.75294232505862	0.968954703206086	0	0	0	0.574618274891133	0.892852198872973	0.550264220950575	0.74393435016965	0.856046098791037	0.911953694554917	0.801827243019565	0	0.539027459633697	0.615508391916205	0.60589155393386	0.641344038666164	0	0	0	0	0	0	0	0	0	0	0	0	0	0	0	0	0	0
0	0	0	0	0	0	0	0	0	0	0	0	0	0	0	0	0	0	0	0	0	0	0	0	0	0	0	0	0	0	0	0	0	0	0	0	0	0	0	0	0	0	0	0	0	0	0	0	0	0	0	0	0	0	0.660058975156803	0.635854321828547	0.52787567935617	0.95036450747224	0	0	0	0	0.791953815857004	0.734095719579185	0.870412113130086	0.793575001045004	0.887014002216367	0.94894315150198	0	0.817732574625055	0.722632244934479	0.708027959863027	0	0	0	0	0	0	0	0	0	0	0	0	0	0	0	0	0	0
0	0	0	0	0	0	0	0	0	0	0	0	0	0	0	0	0	0	0	0	0	0	0	0	0	0	0	0	0	0	0	0	0	0	0	0	0	0	0	0	0	0	0	0	0	0	0	0	0	0	0	0	0	0	0.631943375742195	0.794210721897828	0.961381479859203	0.72829494644743	0.630229421582558	0	0	0.675766001421452	0.624677218346779	0.856559956233276	0.751586037251206	0.741059491608896	0.847066744858997	0.837291985481926	0.642521910963934	0	0.891479081397169	0.920136351808518	0	0	0	0	0	0	0	0	0	0	0	0	0	0	0	0	0	0
0	0	0	0	0	0	0	0	0	0	0	0	0	0	0	0	0	0	0	0	0	0	0	0	0	0	0	0	0	0	0	0	0	0	0	0	0	0	0	0	0	0	0	0	0	0	0	0	0	0	0	0	0	0	0.793694147280032	0	0.715468634364595	0.546824637797598	0.704640710418321	0.828768258595868	0.985403181223118	0	0	0.734339917669285	0.739358840743482	0.879374106022097	0.835050978958286	0.849090554604943	0.917483038380872	0.629737902031731	0	0.593979690270527	0	0	0	0	0	0	0	0	0	0	0	0	0	0	0	0	0	0
0	0	0	0	0	0	0	0	0	0	0	0	0	0	0	0	0	0	0	0	0	0	0	0	0	0	0	0	0	0	0	0	0	0	0	0	0	0	0	0	0	0	0	0	0	0	0	0	0	0	0	0	0	0	0.913811521441138	0.827843072169065	0.935779747796987	0.559152848215642	0.976693373987579	0.553166736921606	0.624490013929975	0	0	0	0.710123685756014	0.957632078549516	0.928066807488336	0.863443311731513	0.940586222902322	0.968038487333569	0.591937549463452	0	0	0	0	0	0	0	0	0	0	0	0	0	0	0	0	0	0	0
0	0	0	0	0	0	0	0	0	0	0	0	0	0	0	0	0	0	0	0	0	0	0	0	0	0	0	0	0	0	0	0	0	0	0	0	0	0	0	0	0	0	0	0	0	0	0	0	0	0	0	0	0	0	0	0	0	0	0	0	0	0	0	0	0	0	0	0	0	0	0	0	0	0.672370399963661	0.869189405873954	0	0.714422747376575	0	0.538577338277954	0.826568581982963	0.666727949471523	0.542296684247737	0.574943792540276	0	0	0.908096883333725	0	0.566292290140357	0.763990662000025	0
0	0	0	0	0	0	0	0	0	0	0	0	0	0	0	0	0	0	0	0	0	0	0	0	0	0	0	0	0	0	0	0	0	0	0	0	0	0	0	0	0	0	0	0	0	0	0	0	0	0	0	0	0	0	0	0	0	0	0	0	0	0	0	0	0	0	0	0	0	0	0	0	0.872520506531211	0	0.583029511149764	0.933584082452387	0	0.761410203937939	0	0	0	0	0	0	0.83359686621623	0	0.933063167002049	0	0.787418789445845	0
0	0	0	0	0	0	0	0	0	0	0	0	0	0	0	0	0	0	0	0	0	0	0	0	0	0	0	0	0	0	0	0	0	0	0	0	0	0	0	0	0	0	0	0	0	0	0	0	0	0	0	0	0	0	0	0	0	0	0	0	0	0	0	0	0	0	0	0	0	0	0	0	0.656140357982489	0.685661038106775	0	0.885068600396199	0.545516763017627	0	0	0.583450695952294	0	0	0.972096383123732	0	0	0.502320651401769	0.779771305880869	0	0	0.9805876135121
0	0	0	0	0	0	0	0	0	0	0	0	0	0	0	0	0	0	0	0	0	0	0	0	0	0	0	0	0	0	0	0	0	0	0	0	0	0	0	0	0	0	0	0	0	0	0	0	0	0	0	0	0	0	0	0	0	0	0	0	0	0	0	0	0	0	0	0	0	0	0	0	0	0.65415447758423	0.659740382921305	0	0	0	0.606847028534431	0	0	0.53653527296526	0.814119688247946	0	0.613538763639214	0	0	0	0	0.606647453141131
0	0	0	0	0	0	0	0	0	0	0	0	0	0	0	0	0	0	0	0	0	0	0	0	0	0	0	0	0	0	0	0	0	0	0	0	0	0	0	0	0	0	0	0	0	0	0	0	0	0	0	0	0	0	0	0	0	0	0	0	0	0	0	0	0	0	0	0	0	0	0	0	0.501289140224526	0	0.934916727451939	0	0	0	0.544035061589754	0.707073047424049	0	0	0.681420619099283	0.563334733330682	0	0	0	0.711487711699922	0.978781941784049	0
0	0	0	0	0	0	0	0	0	0	0	0	0	0	0	0	0	0	0	0	0	0	0	0	0	0	0	0	0	0	0	0	0	0	0	0	0	0	0	0	0	0	0	0	0	0	0	0	0	0	0	0	0	0	0	0	0	0	0	0	0	0	0	0	0	0	0	0	0	0	0	0	0	0.869968559316696	0	0	0	0	0.74632138288041	0	0.843029693678112	0.671499333865126	0	0	0.776088425290227	0	0	0.984368418071564	0.958559939716215	0
0	0	0	0	0	0	0	0	0	0	0	0	0	0	0	0	0	0	0	0	0	0	0	0	0	0	0	0	0	0	0	0	0	0	0	0	0	0	0	0	0	0	0	0	0	0	0	0	0	0	0	0	0	0	0	0	0	0	0	0	0	0	0	0	0	0	0	0	0	0	0	0	0.935924249973389	0	0	0.675631227681486	0.6037079481704	0.635132846733721	0	0.969867362845991	0.571466880596772	0	0.76227874012706	0	0.97439845120105	0	0	0.501436990936228	0	0
0	0	0	0	0	0	0	0	0	0	0	0	0	0	0	0	0	0	0	0	0	0	0	0	0	0	0	0	0	0	0	0	0	0	0	0	0	0	0	0	0	0	0	0	0	0	0	0	0	0	0	0	0	0	0	0	0	0	0	0	0	0	0	0	0	0	0	0	0	0	0	0	0.851735531175466	0	0.952250076945645	0	0.625694407340411	0	0.562805714427189	0	0	0.835441694011646	0.609327606176005	0	0.666710205259625	0	0	0	0.510231815507898	0
0	0	0	0	0	0	0	0	0	0	0	0	0	0	0	0	0	0	0	0	0	0	0	0	0	0	0	0	0	0	0	0	0	0	0	0	0	0	0	0	0	0	0	0	0	0	0	0	0	0	0	0	0	0	0	0	0	0	0	0	0	0	0	0	0	0	0	0	0	0	0	0	0.540235475243493	0	0	0	0	0.501538155140168	0.528109119873957	0	0	0.892643580943054	0.611212677976849	0.610342836561985	0.617805487545583	0	0.636003664086623	0	0.982420289075492	0.977001801310205
0	0	0	0	0	0	0	0	0	0	0	0	0	0	0	0	0	0	0	0	0	0	0	0	0	0	0	0	0	0	0	0	0	0	0	0	0	0	0	0	0	0	0	0	0	0	0	0	0	0	0	0	0	0	0	0	0	0	0	0	0	0	0	0	0	0	0	0	0	0	0	0	0.885498401989064	0	0	0.574333218454269	0	0.518267178576642	0	0.533439450706179	0.886150458924527	0	0.602593226429927	0	0.853999291134712	0.72358611465627	0	0	0	0
0	0	0	0	0	0	0	0	0	0	0	0	0	0	0	0	0	0	0	0	0	0	0	0	0	0	0	0	0	0	0	0	0	0	0	0	0	0	0	0	0	0	0	0	0	0	0	0	0	0	0	0	0	0	0	0	0	0	0	0	0	0	0	0	0	0	0	0	0	0	0	0	0.626297212109683	0	0.702483649446182	0.892068418848154	0.946316236812751	0	0.866978632317859	0.607046859956341	0.681863677034418	0.865945005939703	0	0	0	0	0.613460271611838	0	0	0.896461799872247
0	0	0	0	0	0	0	0	0	0	0	0	0	0	0	0	0	0	0	0	0	0	0	0	0	0	0	0	0	0	0	0	0	0	0	0	0	0	0	0	0	0	0	0	0	0	0	0	0	0	0	0	0	0	0	0	0	0	0	0	0	0	0	0	0	0	0	0	0	0	0	0	0	0	0	0	0.504099730406822	0	0	0	0.891999186396338	0	0	0	0	0.975948207262881	0.538330972189657	0	0	0.773355690265946
0	0	0	0	0	0	0	0	0	0	0	0	0	0	0	0	0	0	0	0	0	0	0	0	0	0	0	0	0	0	0	0	0	0	0	0	0	0	0	0	0	0	0	0	0	0	0	0	0	0	0	0	0	0	0	0	0	0	0	0	0	0	0	0	0	0	0	0	0	0	0	0	0	0.782278639557352	0	0.969642652005795	0	0.618028438078461	0.676583170297057	0.74745300191624	0.814270460705603	0.852738934614195	0	0	0	0	0	0.93124010181982	0	0.672940991319396
0	0	0	0	0	0	0	0	0	0	0	0	0	0	0	0	0	0	0	0	0	0	0	0	0	0	0	0	0	0	0	0	0	0	0	0	0	0	0	0	0	0	0	0	0	0	0	0	0	0	0	0	0	0	0	0	0	0	0	0	0	0	0	0	0	0	0	0	0	0	0	0	0.809252224195553	0	0.81437633830806	0	0	0	0	0	0	0.668605200778783	0	0.749594047763684	0	0	0.699426116330817	0.646206482251371	0.87083901850851	0
0	0	0	0	0	0	0	0	0	0	0	0	0	0	0	0	0	0	0	0	0	0	0	0	0	0	0	0	0	0	0	0	0	0	0	0	0	0	0	0	0	0	0	0	0	0	0	0	0	0	0	0	0	0	0	0	0	0	0	0	0	0	0	0	0	0	0	0	0	0	0	0	0	0.697768419818162	0.810236919845274	0	0	0	0	0	0.904334602106209	0	0.500606837871466	0.850893732736307	0	0.869096807590749	0	0	0	0.756182357208925
0	0	0	0	0	0	0	0	0	0	0	0	0	0	0	0	0	0	0	0	0	0	0	0	0	0	0	0	0	0	0	0	0	0	0	0	0	0	0	0	0	0	0	0	0	0	0	0	0	0	0	0	0	0	0	0	0	0	0	0	0	0	0	0	0	0	0	0	0	0	0	0	0.929516305245409	0	0	0	0.697864006025695	0.617201240213747	0.984462277325044	0	0	0	0	0	0.666564555503387	0.657949640929466	0	0	0	0.631311944428195
0	0	0	0	0	0	0	0	0	0	0	0	0	0	0	0	0	0	0	0	0	0	0	0	0	0	0	0	0	0	0	0	0	0	0	0	0	0	0	0	0	0	0	0	0	0	0	0	0	0	0	0	0	0	0	0	0	0	0	0	0	0	0	0	0	0	0	0	0	0	0	0	0.516235511842794	0.891993939796207	0	0	0.630632818139301	0.822944246312607	0	0.702468909303171	0.861851674046301	0	0	0	0	0.757971265429645	0	0	0	0
0	0	0	0	0	0	0	0	0	0	0	0	0	0	0	0	0	0	0	0	0	0	0	0	0	0	0	0	0	0	0	0	0	0	0	0	0	0	0	0	0	0	0	0	0	0	0	0	0	0	0	0	0	0	0	0	0	0	0	0	0	0	0	0	0	0	0	0	0	0	0	0	0	0	0.515414224016022	0.659571779049915	0	0	0	0	0.636096729284027	0	0.612520892634451	0.964922068089377	0.802692079391787	0	0.676415928087361	0.54294175679986	0	0
