0	0.528116174962687	0.778179191608901	0.995808372580818	0.565983784144135	0.750270827766292	0.879338882569547	0	0	0	0	0	0.76873341609426	0.573464610838732	0.695542824829223	0.990088784982327	0.649804702143591	0.757791430249851	0	0	0	0	0	0	0	0	0	0	0	0	0	0	0	0	0	0	0	0	0	0	0	0	0	0	0	0	0	0	0	0	0	0	0	0	0	0	0	0	0	0	0	0	0	0	0	0	0	0	0	0	0	0	0	0	0	0	0	0	0	0	0	0	0	0	0	0	0	0	0	0
0.997938014561206	0	0.708044786038435	0.570132007885779	0.809182424775959	0.5307629292993	0.911345702723688	0.970003201347978	0	0	0	0	0	0.757482568278148	0.61960348151231	0.886756400941245	0.934023484971968	0.849330191104706	0	0	0	0	0	0	0	0	0	0	0	0	0	0	0	0	0	0	0	0	0	0	0	0	0	0	0	0	0	0	0	0	0	0	0	0	0	0	0	0	0	0	0	0	0	0	0	0	0	0	0	0	0	0	0	0	0	0	0	0	0	0	0	0	0	0	0	0	0	0	0	0
0.565285406913675	0.950514311986186	0	0.77681780548951	0.507671077211081	0.973979858448024	0.610265041149721	0.60841756976614	0.707910020712351	0	0	0	0	0	0.843421570296136	0.796293180378867	0.929030122085466	0.80817404144366	0	0	0	0	0	0	0	0	0	0	0	0	0	0	0	0	0	0	0	0	0	0	0	0	0	0	0	0	0	0	0	0	0	0	0	0	0	0	0	0	0	0	0	0	0	0	0	0	0	0	0	0	0	0	0	0	0	0	0	0	0	0	0	0	0	0	0	0	0	0	0	0
0.634839230539335	0.978839261665416	0.569750898661992	0	0.505270462825364	0.897338611174094	0.780009401377971	0.788564961424816	0.992338177729802	0.586253199758803	0	0	0	0	0	0.905364944184704	0.659441485761875	0.652350066205886	0	0	0	0	0	0	0	0	0	0	0	0	0	0	0	0	0	0	0	0	0	0	0	0	0	0	0	0	0	0	0	0	0	0	0	0	0	0	0	0	0	0	0	0	0	0	0	0	0	0	0	0	0	0	0	0	0	0	0	0	0	0	0	0	0	0	0	0	0	0	0	0
0.737695076313709	0.88420295741208	0.776333312223296	0.617972054225316	0	0.814029100483608	0.726419835130332	0.821067334056814	0.612038092996187	0.836070949356351	0.573985831611943	0	0	0	0	0	0.536068612384198	0.972889363429579	0	0	0	0	0	0	0	0	0	0	0	0	0	0	0	0	0	0	0	0	0	0	0	0	0	0	0	0	0	0	0	0	0	0	0	0	0	0	0	0	0	0	0	0	0	0	0	0	0	0	0	0	0	0	0	0	0	0	0	0	0	0	0	0	0	0	0	0	0	0	0	0
0.740279500799908	0.555163942814521	0.723650650876516	0.854717726445483	0.736806960223757	0	0.565688311762735	0.761117546738191	0.918093462193649	0.84392175469602	0.686563275434061	0.897662994413122	0	0	0	0	0	0.670182642155376	0	0	0	0	0	0	0	0	0	0	0	0	0	0	0	0	0	0	0	0	0	0	0	0	0	0	0	0	0	0	0	0	0	0	0	0	0	0	0	0	0	0	0	0	0	0	0	0	0	0	0	0	0	0	0	0	0	0	0	0	0	0	0	0	0	0	0	0	0	0	0	0
0.562548901755686	0.778555881222091	0.881202726531255	0.933557719140252	0.586365620980967	0.828413775921863	0	0.655719055084575	0.626861069942229	0.834394973017474	0.564756081961496	0.783413394809358	0	0.950477235284087	0	0	0	0	0	0	0	0	0	0	0	0	0	0	0	0	0	0	0	0	0	0	0	0	0	0	0	0	0	0	0	0	0	0	0	0	0	0	0	0	0	0	0	0	0	0	0	0	0	0	0	0	0	0	0	0	0	0	0	0	0	0	0	0	0	0	0	0	0	0	0	0	0	0	0	0
0	0.948377625125141	0.821874057305237	0.927726360542935	0.604765220348558	0.97733200879667	0.805314831195745	0	0.65944696036679	0.706081940519604	0.638296296693238	0.685699787662729	0.821841220459878	0.70713476791227	0	0	0	0	0	0	0	0	0	0	0	0	0	0	0	0	0	0	0	0	0	0	0	0	0	0	0	0	0	0	0	0	0	0	0	0	0	0	0	0	0	0	0	0	0	0	0	0	0	0	0	0	0	0	0	0	0	0	0	0	0	0	0	0	0	0	0	0	0	0	0	0	0	0	0	0
0	0	0.693318121168287	0.516599908442399	0.828515937277311	0.798954541124519	0.796216347725972	0.559917145986994	0	0.945260692456393	0.56140452900846	0.763640607083638	0.810424754210483	0.66442019474193	0.99709895212608	0	0	0	0	0	0	0	0	0	0	0	0	0	0	0	0	0	0	0	0	0	0	0	0	0	0	0	0	0	0	0	0	0	0	0	0	0	0	0	0	0	0	0	0	0	0	0	0	0	0	0	0	0	0	0	0	0	0	0	0	0	0	0	0	0	0	0	0	0	0	0	0	0	0	0
0	0	0	0.602743450419211	0.949416490700298	0.876726992404485	0.869739395060984	0.837253607861633	0.504391845580045	0	0.943173763937626	0.708036900560863	0.818008410250325	0.834570227123669	0.765046305044845	0.884235187646438	0	0	0	0	0	0	0	0	0	0	0	0	0	0	0	0	0	0	0	0	0	0	0	0	0	0	0	0	0	0	0	0	0	0	0	0	0	0	0	0	0	0	0	0	0	0	0	0	0	0	0	0	0	0	0	0	0	0	0	0	0	0	0	0	0	0	0	0	0	0	0	0	0	0
0	0	0	0	0.815445302816951	0.709501951726665	0.805970026876691	0.894062811057452	0.805603834651601	0.831178216304416	0	0.990033130471923	0.887907144359686	0.915704173811398	0.717464645530696	0.930042496882753	0.681697387582373	0	0	0	0	0	0	0	0	0	0	0	0	0	0	0	0	0	0	0	0	0	0	0	0	0	0	0	0	0	0	0	0	0	0	0	0	0	0	0	0	0	0	0	0	0	0	0	0	0	0	0	0	0	0	0	0	0	0	0	0	0	0	0	0	0	0	0	0	0	0	0	0	0
0	0	0	0	0	0.821986355094879	0.681800979016251	0.556868346477966	0.747716473730419	0.679628068651779	0.678343127296661	0	0.545464610302275	0.614281941152056	0.945646627354781	0.871057349959381	0.584500448069399	0.550332794196158	0	0	0	0	0	0	0	0	0	0	0	0	0	0	0	0	0	0	0	0	0	0	0	0	0	0	0	0	0	0	0	0	0	0	0	0	0	0	0	0	0	0	0	0	0	0	0	0	0	0	0	0	0	0	0	0	0	0	0	0	0	0	0	0	0	0	0	0	0	0	0	0
0.836458554567625	0	0	0	0	0	0	0.980224754672551	0.868989852134579	0.964472506553696	0.853968756481094	0.573870504528197	0	0.783333489981306	0.565021888215293	0.986462985847927	0.681128651077812	0.703016860378488	0	0	0	0	0	0	0	0	0	0	0	0	0	0	0	0	0	0	0	0	0	0	0	0	0	0	0	0	0	0	0	0	0	0	0	0	0	0	0	0	0	0	0	0	0	0	0	0	0	0	0	0	0	0	0	0	0	0	0	0	0	0	0	0	0	0	0	0	0	0	0	0
0.783170823107339	0.748611943943941	0	0	0	0	0.628265938451955	0.823941619400763	0.82688307446802	0.613779037411728	0.712852902608771	0.939880867641819	0.633266156486253	0	0.810636257212855	0.812754556671861	0.899563747227397	0.771789723117102	0	0	0	0	0	0	0	0	0	0	0	0	0	0	0	0	0	0	0	0	0	0	0	0	0	0	0	0	0	0	0	0	0	0	0	0	0	0	0	0	0	0	0	0	0	0	0	0	0	0	0	0	0	0	0	0	0	0	0	0	0	0	0	0	0	0	0	0	0	0	0	0
0.516378528387606	0.575375721726461	0.578755803079691	0	0	0	0	0	0.779315183099048	0.837243660713058	0.898455015770041	0.672241187772543	0.848053802042657	0.620924294038842	0	0.817743540943601	0.616345718979808	0.67679728786071	0	0	0	0	0	0	0	0	0	0	0	0	0	0	0	0	0	0	0	0	0	0	0	0	0	0	0	0	0	0	0	0	0	0	0	0	0	0	0	0	0	0	0	0	0	0	0	0	0	0	0	0	0	0	0	0	0	0	0	0	0	0	0	0	0	0	0	0	0	0	0	0
0.639119356845415	0.924558643274371	0.783371629806461	0.884890167138827	0	0	0	0	0	0.696284847758734	0.824625641113038	0.507384229740906	0.754069580182167	0.918527989255782	0.590051478331775	0	0.957683514301017	0.787825401743484	0	0	0	0	0	0	0	0	0	0	0	0	0	0	0	0	0	0	0	0	0	0	0	0	0	0	0	0	0	0	0	0	0	0	0	0	0	0	0	0	0	0	0	0	0	0	0	0	0	0	0	0	0	0	0	0	0	0	0	0	0	0	0	0	0	0	0	0	0	0	0	0
0.779665057501185	0.639311114690554	0.706632637276203	0.817887797768381	0.80268825191296	0	0	0	0	0	0.938498980689007	0.822293281490666	0.994808193116382	0.54211795973093	0.999570595316027	0.605873176673579	0	0.888825629711974	0	0	0	0	0	0	0	0	0	0	0	0	0	0	0	0	0	0	0	0	0	0	0	0	0	0	0	0	0	0	0	0	0	0	0	0	0	0	0	0	0	0	0	0	0	0	0	0	0	0	0	0	0	0	0	0	0	0	0	0	0	0	0	0	0	0	0	0	0	0	0	0
0.792506384245257	0.938299603823452	0.761381871549256	0.633118168421429	0.528283211509646	0.856568866718371	0	0	0	0	0	0.747951360805303	0.824202229092356	0.803414217345338	0.600936272186512	0.790939746041178	0.551030796000858	0	0	0	0	0	0	0	0	0	0	0	0	0	0	0	0	0	0	0	0	0	0	0	0	0	0	0	0	0	0	0	0	0	0	0	0	0	0	0	0	0	0	0	0	0	0	0	0	0	0	0	0	0	0	0	0	0	0	0	0	0	0	0	0	0	0	0	0	0	0	0	0	0
0	0	0	0	0	0	0	0	0	0	0	0	0	0	0	0	0	0	0	0.516680454878364	0.809133194859704	0.856486889654926	0.634849711486606	0.617555654440397	0.745017025125715	0.556504539064081	0.626527257008405	0.604360396529603	0.908261778400105	0.608291603771282	0.681019037824506	0	0	0.654986930527276	0.693773222594643	0.765738609993074	0	0	0	0	0	0	0	0	0	0	0	0	0	0	0	0	0	0	0	0	0	0	0	0	0	0	0	0	0	0	0	0	0	0	0	0	0	0	0	0	0	0	0	0	0	0	0	0	0	0	0	0	0	0
0	0	0	0	0	0	0	0	0	0	0	0	0	0	0	0	0	0	0.805623145493877	0	0.970473734398706	0	0.628098217017866	0	0.739471610498904	0.62753812423371	0	0.593643058694521	0.643514988034855	0.622108061393835	0	0.931339521668452	0.931852606646624	0.590159258345666	0.882602799529226	0.905957600148818	0	0	0	0	0	0	0	0	0	0	0	0	0	0	0	0	0	0	0	0	0	0	0	0	0	0	0	0	0	0	0	0	0	0	0	0	0	0	0	0	0	0	0	0	0	0	0	0	0	0	0	0	0	0
0	0	0	0	0	0	0	0	0	0	0	0	0	0	0	0	0	0	0.782376692923175	0.54691196277814	0	0.588027802580353	0.681589774540455	0.918403853180826	0.967993679546564	0.893897388977903	0.834251577638695	0.723439803380756	0.877354468847901	0	0.570197565832697	0.860277803018751	0.854386927841865	0	0.583779022638482	0.932458663366569	0	0	0	0	0	0	0	0	0	0	0	0	0	0	0	0	0	0	0	0	0	0	0	0	0	0	0	0	0	0	0	0	0	0	0	0	0	0	0	0	0	0	0	0	0	0	0	0	0	0	0	0	0	0
0	0	0	0	0	0	0	0	0	0	0	0	0	0	0	0	0	0	0.949507861287302	0	0.963892348758334	0	0.623449242576645	0.894846010868083	0	0.575145576478462	0.8645752363387	0.651092017835594	0.530288596644905	0.919599608941383	0	0.906284748591747	0	0.690801324390917	0.97184521009131	0.812142452047914	0	0	0	0	0	0	0	0	0	0	0	0	0	0	0	0	0	0	0	0	0	0	0	0	0	0	0	0	0	0	0	0	0	0	0	0	0	0	0	0	0	0	0	0	0	0	0	0	0	0	0	0	0	0
0	0	0	0	0	0	0	0	0	0	0	0	0	0	0	0	0	0	0.638994389940218	0.804875964693717	0.641391656990174	0.705470690435548	0	0	0.879510352922777	0.590137385246858	0.905196829104601	0.987358579438487	0.54215867492853	0.689905487509349	0.529949478575658	0.583981901200509	0.887238294240309	0.503153495463698	0.904637605402812	0	0	0	0	0	0	0	0	0	0	0	0	0	0	0	0	0	0	0	0	0	0	0	0	0	0	0	0	0	0	0	0	0	0	0	0	0	0	0	0	0	0	0	0	0	0	0	0	0	0	0	0	0	0	0
0	0	0	0	0	0	0	0	0	0	0	0	0	0	0	0	0	0	0.697253557753102	0	0.704675229637026	0.829214757888919	0	0	0.685126933745934	0.833916105759092	0.920539347635177	0.917080032381924	0.726760221275336	0.803238244034836	0	0.532337999579811	0.906285151430171	0.591028686605609	0	0	0	0	0	0	0	0	0	0	0	0	0	0	0	0	0	0	0	0	0	0	0	0	0	0	0	0	0	0	0	0	0	0	0	0	0	0	0	0	0	0	0	0	0	0	0	0	0	0	0	0	0	0	0	0
0	0	0	0	0	0	0	0	0	0	0	0	0	0	0	0	0	0	0.865973486779172	0.847608481344484	0.672448993420462	0	0.657694018864577	0.801853942150488	0	0.688312483936464	0.792214430354863	0.973161007741118	0	0	0.950164472340255	0.702654069233947	0	0.631684534349038	0.591845450065614	0.563376998017278	0	0	0	0	0	0	0	0	0	0	0	0	0	0	0	0	0	0	0	0	0	0	0	0	0	0	0	0	0	0	0	0	0	0	0	0	0	0	0	0	0	0	0	0	0	0	0	0	0	0	0	0	0	0
0	0	0	0	0	0	0	0	0	0	0	0	0	0	0	0	0	0	0.662434010292079	0.607918528933968	0.511945647709132	0.504073762665118	0.886797041353559	0.906908384295741	0.926883178427591	0	0.673249674736535	0.637379038146588	0	0.559315589015273	0.588051860065145	0.515039962268303	0	0.893178443641542	0.518269442697528	0	0	0	0	0	0	0	0	0	0	0	0	0	0	0	0	0	0	0	0	0	0	0	0	0	0	0	0	0	0	0	0	0	0	0	0	0	0	0	0	0	0	0	0	0	0	0	0	0	0	0	0	0	0	0
0	0	0	0	0	0	0	0	0	0	0	0	0	0	0	0	0	0	0.700198198277962	0	0.788556815669579	0.730557303474142	0.941914729926532	0.887620892955198	0.989494998424651	0.644771520611899	0	0.553870744850751	0.914239050092717	0.568487468859027	0.63061707759238	0.601875399684046	0.605736913860708	0	0.752420247087556	0.936984987067894	0	0	0	0	0	0	0	0	0	0	0	0	0	0	0	0	0	0	0	0	0	0	0	0	0	0	0	0	0	0	0	0	0	0	0	0	0	0	0	0	0	0	0	0	0	0	0	0	0	0	0	0	0	0
0	0	0	0	0	0	0	0	0	0	0	0	0	0	0	0	0	0	0.76545185387477	0.625658111495772	0.723570911301428	0.968399542789814	0.925664386586253	0.511059256357563	0.604001606224194	0.901096001712823	0.991807205734406	0	0.773318879625159	0.932569265698892	0	0.696657551820623	0.651624822529062	0.693471339429677	0.753163459278235	0.563319402281956	0	0	0	0	0	0	0	0	0	0	0	0	0	0	0	0	0	0	0	0	0	0	0	0	0	0	0	0	0	0	0	0	0	0	0	0	0	0	0	0	0	0	0	0	0	0	0	0	0	0	0	0	0	0
0	0	0	0	0	0	0	0	0	0	0	0	0	0	0	0	0	0	0.545962046738899	0.605319678610464	0.963397702785933	0.801245392288687	0.983328545084191	0.982997535406833	0	0	0.684881150434381	0.530800288783852	0	0.689634111871881	0	0.800966913507855	0.574800956599693	0	0.574583953476508	0.609122700398313	0	0	0	0	0	0	0	0	0	0	0	0	0	0	0	0	0	0	0	0	0	0	0	0	0	0	0	0	0	0	0	0	0	0	0	0	0	0	0	0	0	0	0	0	0	0	0	0	0	0	0	0	0	0
0	0	0	0	0	0	0	0	0	0	0	0	0	0	0	0	0	0	0.586639318773149	0.917764285814234	0	0.531502911969162	0.696597483811211	0.782049827754119	0	0.548046296809092	0.746431692825088	0.737434022652761	0.713495191217631	0	0.760283834334419	0.723508577069906	0.901539948558336	0	0.508147584685743	0.883635770490361	0	0	0	0	0	0	0	0	0	0	0	0	0	0	0	0	0	0	0	0	0	0	0	0	0	0	0	0	0	0	0	0	0	0	0	0	0	0	0	0	0	0	0	0	0	0	0	0	0	0	0	0	0	0
0	0	0	0	0	0	0	0	0	0	0	0	0	0	0	0	0	0	0.998551078960717	0	0.511797623624341	0	0.731460194565609	0	0.844011129276605	0.692604496323356	0.673425198548743	0	0	0.696895002879986	0	0.696631178446769	0.841443261200111	0.780900080359203	0.755304803712092	0.508990491278369	0	0	0	0	0	0	0	0	0	0	0	0	0	0	0	0	0	0	0	0	0	0	0	0	0	0	0	0	0	0	0	0	0	0	0	0	0	0	0	0	0	0	0	0	0	0	0	0	0	0	0	0	0	0
0	0	0	0	0	0	0	0	0	0	0	0	0	0	0	0	0	0	0	0.518576485264527	0.731197706452367	0.778037353302789	0.837176937264091	0.530048446098826	0.824148320945637	0.661525641376315	0.510286992975965	0.93120201320853	0.538738951168079	0.759598065050412	0.531518716172557	0	0.517006458865475	0.588199649740169	0.527733488628969	0.807806444775013	0	0	0	0	0	0	0	0	0	0	0	0	0	0	0	0	0	0	0	0	0	0	0	0	0	0	0	0	0	0	0	0	0	0	0	0	0	0	0	0	0	0	0	0	0	0	0	0	0	0	0	0	0	0
0	0	0	0	0	0	0	0	0	0	0	0	0	0	0	0	0	0	0	0.567051212432043	0.870597371033886	0	0.65126589969609	0.872863245225952	0	0	0.76979296366944	0.536024703348673	0.662797449727792	0.614700243299395	0.953184963804357	0.556212909882575	0	0.822189747697482	0.923126125046313	0.862584634903173	0	0	0	0	0	0	0	0	0	0	0	0	0	0	0	0	0	0	0	0	0	0	0	0	0	0	0	0	0	0	0	0	0	0	0	0	0	0	0	0	0	0	0	0	0	0	0	0	0	0	0	0	0	0
0	0	0	0	0	0	0	0	0	0	0	0	0	0	0	0	0	0	0.704920565152933	0.884432775512739	0	0.902391775097795	0.943273939139834	0.785567063853777	0.76974558854786	0.560041818354592	0	0.620125381120908	0	0	0.593430658015705	0.960282003273807	0.791635229261162	0	0.922859641673172	0.588504003969199	0	0	0	0	0	0	0	0	0	0	0	0	0	0	0	0	0	0	0	0	0	0	0	0	0	0	0	0	0	0	0	0	0	0	0	0	0	0	0	0	0	0	0	0	0	0	0	0	0	0	0	0	0	0
0	0	0	0	0	0	0	0	0	0	0	0	0	0	0	0	0	0	0.894581586714402	0.881509545252918	0.680334691160504	0.914682020029836	0.943399336005009	0	0.687869228946342	0.816897575182177	0.962950992781424	0.979008215314234	0.556757514829572	0.508754668308869	0.789915590600424	0.725815525777831	0.872196409678881	0.774725312867556	0	0.657973308288281	0	0	0	0	0	0	0	0	0	0	0	0	0	0	0	0	0	0	0	0	0	0	0	0	0	0	0	0	0	0	0	0	0	0	0	0	0	0	0	0	0	0	0	0	0	0	0	0	0	0	0	0	0	0
0	0	0	0	0	0	0	0	0	0	0	0	0	0	0	0	0	0	0.78617674880894	0.57959820026001	0.796507950326167	0.750813034248365	0	0	0.556482995926155	0	0.855359401598501	0.510081567803608	0.674104952052444	0.914043900123896	0.933826955868104	0.525548155492128	0.931989215048088	0.663242455982752	0.63514802363055	0	0	0	0	0	0	0	0	0	0	0	0	0	0	0	0	0	0	0	0	0	0	0	0	0	0	0	0	0	0	0	0	0	0	0	0	0	0	0	0	0	0	0	0	0	0	0	0	0	0	0	0	0	0	0
0	0	0	0	0	0	0	0	0	0	0	0	0	0	0	0	0	0	0	0	0	0	0	0	0	0	0	0	0	0	0	0	0	0	0	0	0	0	0.78044144548023	0.529176170308495	0.761010084016826	0.779034667424521	0	0	0	0	0.508255837637497	0	0.563772547183942	0.933620320852615	0.753228932806437	0	0.968466734512753	0	0	0	0	0	0	0	0	0	0	0	0	0	0	0	0	0	0	0	0	0	0	0	0	0	0	0	0	0	0	0	0	0	0	0	0	0
0	0	0	0	0	0	0	0	0	0	0	0	0	0	0	0	0	0	0	0	0	0	0	0	0	0	0	0	0	0	0	0	0	0	0	0	0	0	0	0.79051133787423	0.909306113470396	0.833296816482536	0	0.952119254321145	0.652647123645677	0	0.6163590897379	0	0.930910857210728	0	0	0	0.728577415315233	0.934049085131051	0	0	0	0	0	0	0	0	0	0	0	0	0	0	0	0	0	0	0	0	0	0	0	0	0	0	0	0	0	0	0	0	0	0	0	0
0	0	0	0	0	0	0	0	0	0	0	0	0	0	0	0	0	0	0	0	0	0	0	0	0	0	0	0	0	0	0	0	0	0	0	0	0.771297642231548	0	0	0	0	0.914858040586208	0	0	0.883005325141993	0.890854138415035	0.760211003415987	0	0	0.648060735127276	0.539367808950544	0.719683390947688	0	0.878939482719012	0	0	0	0	0	0	0	0	0	0	0	0	0	0	0	0	0	0	0	0	0	0	0	0	0	0	0	0	0	0	0	0	0	0	0	0
0	0	0	0	0	0	0	0	0	0	0	0	0	0	0	0	0	0	0	0	0	0	0	0	0	0	0	0	0	0	0	0	0	0	0	0	0.874667713990882	0.658004957996135	0	0	0	0.709226017918953	0.630236260427197	0.94053628794179	0	0	0	0.997083893108544	0	0.808335994961123	0	0.768649908680595	0.709076478217705	0.786535775524445	0	0	0	0	0	0	0	0	0	0	0	0	0	0	0	0	0	0	0	0	0	0	0	0	0	0	0	0	0	0	0	0	0	0	0	0
0	0	0	0	0	0	0	0	0	0	0	0	0	0	0	0	0	0	0	0	0	0	0	0	0	0	0	0	0	0	0	0	0	0	0	0	0.876328338021111	0.593587989984449	0	0	0	0.811645570213922	0.599009229534724	0.736806521052208	0.934973249044378	0.705276407793025	0	0	0	0.521141136861043	0	0	0	0.904136151802881	0	0	0	0	0	0	0	0	0	0	0	0	0	0	0	0	0	0	0	0	0	0	0	0	0	0	0	0	0	0	0	0	0	0	0	0
0	0	0	0	0	0	0	0	0	0	0	0	0	0	0	0	0	0	0	0	0	0	0	0	0	0	0	0	0	0	0	0	0	0	0	0	0.90101648782159	0.741960008283906	0.684143852088564	0.907178346743165	0.717927716398956	0	0.567450397505894	0.619501803558296	0.897898809673958	0	0	0.831131750704235	0.814255798193935	0.774701735377164	0	0	0	0	0	0	0	0	0	0	0	0	0	0	0	0	0	0	0	0	0	0	0	0	0	0	0	0	0	0	0	0	0	0	0	0	0	0	0	0
0	0	0	0	0	0	0	0	0	0	0	0	0	0	0	0	0	0	0	0	0	0	0	0	0	0	0	0	0	0	0	0	0	0	0	0	0	0	0	0.542354955558361	0.924779618406105	0.943779115685918	0	0	0	0.884596539875599	0.682440257410126	0.744543666075611	0.659074251831638	0.964526963562865	0	0	0.792832803656142	0	0	0	0	0	0	0	0	0	0	0	0	0	0	0	0	0	0	0	0	0	0	0	0	0	0	0	0	0	0	0	0	0	0	0	0	0
0	0	0	0	0	0	0	0	0	0	0	0	0	0	0	0	0	0	0	0	0	0	0	0	0	0	0	0	0	0	0	0	0	0	0	0	0	0.790422146003017	0	0.969866662869308	0.94269855338363	0.680230042582215	0	0	0	0.911362625423495	0.605127322313942	0.574650107912654	0.899175524554995	0	0	0.658869316546102	0	0	0	0	0	0	0	0	0	0	0	0	0	0	0	0	0	0	0	0	0	0	0	0	0	0	0	0	0	0	0	0	0	0	0	0	0	0
0	0	0	0	0	0	0	0	0	0	0	0	0	0	0	0	0	0	0	0	0	0	0	0	0	0	0	0	0	0	0	0	0	0	0	0	0	0.975398841436812	0.542533248764064	0	0.969122860314629	0.568713219801841	0	0	0	0.744335411787597	0	0.661726402583871	0.680870291178595	0.890960557223966	0	0	0.574070681654056	0.657276011126354	0	0	0	0	0	0	0	0	0	0	0	0	0	0	0	0	0	0	0	0	0	0	0	0	0	0	0	0	0	0	0	0	0	0	0	0
0	0	0	0	0	0	0	0	0	0	0	0	0	0	0	0	0	0	0	0	0	0	0	0	0	0	0	0	0	0	0	0	0	0	0	0	0	0	0.654336799072547	0	0.544308461458457	0	0.662793055231811	0.918376593577263	0.737526473471024	0	0.90747426738511	0.682735460809086	0.600969085638631	0.911539127663535	0.583418408644783	0.520294149091536	0	0	0	0	0	0	0	0	0	0	0	0	0	0	0	0	0	0	0	0	0	0	0	0	0	0	0	0	0	0	0	0	0	0	0	0	0	0
0	0	0	0	0	0	0	0	0	0	0	0	0	0	0	0	0	0	0	0	0	0	0	0	0	0	0	0	0	0	0	0	0	0	0	0	0.528194450275603	0.833254389220693	0.85646204972032	0	0	0	0.782709225651755	0.919475854592065	0	0.87238926811551	0	0.574965012858442	0.915354171964974	0	0.667644999596457	0.729183369120867	0	0.87654917871687	0	0	0	0	0	0	0	0	0	0	0	0	0	0	0	0	0	0	0	0	0	0	0	0	0	0	0	0	0	0	0	0	0	0	0	0
0	0	0	0	0	0	0	0	0	0	0	0	0	0	0	0	0	0	0	0	0	0	0	0	0	0	0	0	0	0	0	0	0	0	0	0	0	0	0	0.702317440992015	0	0.934505093193293	0.861506206947838	0.889265041599668	0.861584529950911	0.982531768211278	0.65030802668565	0	0.574942509718447	0.968833123125067	0	0.95135165948997	0	0	0	0	0	0	0	0	0	0	0	0	0	0	0	0	0	0	0	0	0	0	0	0	0	0	0	0	0	0	0	0	0	0	0	0	0	0
0	0	0	0	0	0	0	0	0	0	0	0	0	0	0	0	0	0	0	0	0	0	0	0	0	0	0	0	0	0	0	0	0	0	0	0	0.792409326316389	0.848289791544291	0	0	0	0.708406193634776	0.619578235847598	0.949070372634225	0.94554416454958	0.965817349226553	0.962264596736556	0.669102208910306	0	0	0.620344087865099	0.830076821666206	0.72404849320927	0	0	0	0	0	0	0	0	0	0	0	0	0	0	0	0	0	0	0	0	0	0	0	0	0	0	0	0	0	0	0	0	0	0	0	0	0
0	0	0	0	0	0	0	0	0	0	0	0	0	0	0	0	0	0	0	0	0	0	0	0	0	0	0	0	0	0	0	0	0	0	0	0	0.553589382958004	0	0.53789812312843	0.696239778344492	0.849464208030526	0.833516982395928	0.997923937910206	0	0.724234900759403	0.601622356483902	0	0.974039622583639	0	0	0.915330173546624	0	0.96589760632929	0.763421294455498	0	0	0	0	0	0	0	0	0	0	0	0	0	0	0	0	0	0	0	0	0	0	0	0	0	0	0	0	0	0	0	0	0	0	0	0
0	0	0	0	0	0	0	0	0	0	0	0	0	0	0	0	0	0	0	0	0	0	0	0	0	0	0	0	0	0	0	0	0	0	0	0	0.875191766275228	0	0.567058257782772	0	0	0	0	0	0	0.811186615317621	0.594419141008326	0	0.665324354233457	0.502683876014224	0	0.958862893651055	0.648432122823548	0.761232195050558	0	0	0	0	0	0	0	0	0	0	0	0	0	0	0	0	0	0	0	0	0	0	0	0	0	0	0	0	0	0	0	0	0	0	0	0
0	0	0	0	0	0	0	0	0	0	0	0	0	0	0	0	0	0	0	0	0	0	0	0	0	0	0	0	0	0	0	0	0	0	0	0	0	0	0.5848658488992	0.585763686991787	0	0	0	0.561543225046028	0	0.894006679320622	0.906107583932888	0.544715592589991	0.784440937888312	0	0.90749885689309	0	0.681454355867788	0.965055459825478	0	0	0	0	0	0	0	0	0	0	0	0	0	0	0	0	0	0	0	0	0	0	0	0	0	0	0	0	0	0	0	0	0	0	0	0
0	0	0	0	0	0	0	0	0	0	0	0	0	0	0	0	0	0	0	0	0	0	0	0	0	0	0	0	0	0	0	0	0	0	0	0	0.854907922907824	0.995874748534698	0	0.62713256519261	0	0	0.965225421890623	0	0.722585497633263	0	0	0	0.888382197051447	0.559736263641783	0.794111799373154	0.924466002362307	0	0.728852508254472	0	0	0	0	0	0	0	0	0	0	0	0	0	0	0	0	0	0	0	0	0	0	0	0	0	0	0	0	0	0	0	0	0	0	0	0
0	0	0	0	0	0	0	0	0	0	0	0	0	0	0	0	0	0	0	0	0	0	0	0	0	0	0	0	0	0	0	0	0	0	0	0	0	0.73641747880573	0.620596680219768	0.790149975977403	0.544309243961237	0	0	0	0.936780035945574	0	0.990088479701924	0	0	0.544415410496219	0.690760699120316	0.531783931501457	0.83842365246102	0	0	0	0	0	0	0	0	0	0	0	0	0	0	0	0	0	0	0	0	0	0	0	0	0	0	0	0	0	0	0	0	0	0	0	0	0
0	0	0	0	0	0	0	0	0	0	0	0	0	0	0	0	0	0	0	0	0	0	0	0	0	0	0	0	0	0	0	0	0	0	0	0	0	0	0	0	0	0	0	0	0	0	0	0	0	0	0	0	0	0	0	0.880572283417225	0.555831975551066	0.595166274244421	0.838628080223739	0	0	0	0	0	0	0	0	0	0.680137239764534	0.910486796077831	0.687201880070425	0.698361134332287	0	0	0	0	0	0	0	0	0	0	0	0	0	0	0	0	0	0
0	0	0	0	0	0	0	0	0	0	0	0	0	0	0	0	0	0	0	0	0	0	0	0	0	0	0	0	0	0	0	0	0	0	0	0	0	0	0	0	0	0	0	0	0	0	0	0	0	0	0	0	0	0	0.936692841203084	0	0.704356548408247	0.927148036887703	0.934264128336929	0.599684218630348	0	0	0	0	0.734715129709405	0	0	0.801946168436566	0	0	0.539339376034439	0.728994503706467	0	0	0	0	0	0	0	0	0	0	0	0	0	0	0	0	0	0
0	0	0	0	0	0	0	0	0	0	0	0	0	0	0	0	0	0	0	0	0	0	0	0	0	0	0	0	0	0	0	0	0	0	0	0	0	0	0	0	0	0	0	0	0	0	0	0	0	0	0	0	0	0	0.614500556017167	0.55881742503169	0	0.892288965153915	0.577107947000505	0.869957478850305	0.561571021433189	0	0	0	0	0	0	0	0	0.577934885574255	0.5712013822759	0.565134193125558	0	0	0	0	0	0	0	0	0	0	0	0	0	0	0	0	0	0
0	0	0	0	0	0	0	0	0	0	0	0	0	0	0	0	0	0	0	0	0	0	0	0	0	0	0	0	0	0	0	0	0	0	0	0	0	0	0	0	0	0	0	0	0	0	0	0	0	0	0	0	0	0	0.848385929223234	0.775915949057969	0.852311404416596	0	0.631093319931118	0	0.655846857300947	0.884289012265379	0	0	0	0	0	0	0	0.713475882575239	0	0	0	0	0	0	0	0	0	0	0	0	0	0	0	0	0	0	0	0
0	0	0	0	0	0	0	0	0	0	0	0	0	0	0	0	0	0	0	0	0	0	0	0	0	0	0	0	0	0	0	0	0	0	0	0	0	0	0	0	0	0	0	0	0	0	0	0	0	0	0	0	0	0	0.67267042972012	0.878597770398933	0.585855578513681	0.623946715414313	0	0.901445509209042	0.747177662833018	0.832118114602804	0.660335575685964	0	0	0	0	0	0	0	0	0	0	0	0	0	0	0	0	0	0	0	0	0	0	0	0	0	0	0
0	0	0	0	0	0	0	0	0	0	0	0	0	0	0	0	0	0	0	0	0	0	0	0	0	0	0	0	0	0	0	0	0	0	0	0	0	0	0	0	0	0	0	0	0	0	0	0	0	0	0	0	0	0	0	0.614402855020819	0.519142596270752	0	0.86525430511039	0	0.91502364292793	0.869806938556213	0.560729808201471	0.612447253670774	0	0	0	0	0	0	0	0	0	0	0	0	0	0	0	0	0	0	0	0	0	0	0	0	0	0
0	0	0	0	0	0	0	0	0	0	0	0	0	0	0	0	0	0	0	0	0	0	0	0	0	0	0	0	0	0	0	0	0	0	0	0	0	0	0	0	0	0	0	0	0	0	0	0	0	0	0	0	0	0	0	0	0.726419031500064	0.661165023552949	0.542540686141663	0.579661335116865	0	0.987525864320627	0.532257946468207	0.756884541667683	0.698843772191859	0	0	0	0	0	0	0.765487184419738	0	0	0	0	0	0	0	0	0	0	0	0	0	0	0	0	0	0
0	0	0	0	0	0	0	0	0	0	0	0	0	0	0	0	0	0	0	0	0	0	0	0	0	0	0	0	0	0	0	0	0	0	0	0	0	0	0	0	0	0	0	0	0	0	0	0	0	0	0	0	0	0	0	0	0	0.563191053572615	0.900976765658614	0.710087690435063	0.933761866848676	0	0.684254718010437	0.645819264680866	0.92470788781998	0.865182461175252	0	0	0	0	0	0	0	0	0	0	0	0	0	0	0	0	0	0	0	0	0	0	0	0
0	0	0	0	0	0	0	0	0	0	0	0	0	0	0	0	0	0	0	0	0	0	0	0	0	0	0	0	0	0	0	0	0	0	0	0	0	0	0	0	0	0	0	0	0	0	0	0	0	0	0	0	0	0	0	0	0	0	0.96715446414687	0.885074553945421	0.789751339188554	0.836548355115554	0	0.522099266357664	0.912102564660164	0.795908601046455	0.978185790050309	0	0	0	0	0	0	0	0	0	0	0	0	0	0	0	0	0	0	0	0	0	0	0
0	0	0	0	0	0	0	0	0	0	0	0	0	0	0	0	0	0	0	0	0	0	0	0	0	0	0	0	0	0	0	0	0	0	0	0	0	0	0	0	0	0	0	0	0	0	0	0	0	0	0	0	0	0	0	0	0	0	0	0.989720734596969	0.905059363179113	0.744934187169122	0.770416389613712	0	0.793388757756595	0.510629094568764	0	0	0.679175597101091	0	0.808386286400383	0	0	0	0	0	0	0	0	0	0	0	0	0	0	0	0	0	0	0
0	0	0	0	0	0	0	0	0	0	0	0	0	0	0	0	0	0	0	0	0	0	0	0	0	0	0	0	0	0	0	0	0	0	0	0	0	0	0	0	0	0	0	0	0	0	0	0	0	0	0	0	0	0	0	0.892988462663497	0	0	0	0	0.941250684533232	0.924644445557177	0.642211078751573	0.708444681758664	0	0.882130038254415	0	0.7890679635941	0	0.537755540880177	0	0	0	0	0	0	0	0	0	0	0	0	0	0	0	0	0	0	0	0
0	0	0	0	0	0	0	0	0	0	0	0	0	0	0	0	0	0	0	0	0	0	0	0	0	0	0	0	0	0	0	0	0	0	0	0	0	0	0	0	0	0	0	0	0	0	0	0	0	0	0	0	0	0	0	0	0	0	0	0	0	0.93641651610648	0.586764633744833	0.964660535650252	0.933689807363213	0	0.945137394259916	0.698805550674292	0.655946213280217	0.529599485990047	0	0	0	0	0	0	0	0	0	0	0	0	0	0	0	0	0	0	0	0
0	0	0	0	0	0	0	0	0	0	0	0	0	0	0	0	0	0	0	0	0	0	0	0	0	0	0	0	0	0	0	0	0	0	0	0	0	0	0	0	0	0	0	0	0	0	0	0	0	0	0	0	0	0	0	0	0	0	0	0	0	0	0.750007879727111	0	0	0.850777981507044	0	0.988849657326662	0.795515900118552	0	0.636342588619386	0.67992897002361	0	0	0	0	0	0	0	0	0	0	0	0	0	0	0	0	0	0
0	0	0	0	0	0	0	0	0	0	0	0	0	0	0	0	0	0	0	0	0	0	0	0	0	0	0	0	0	0	0	0	0	0	0	0	0	0	0	0	0	0	0	0	0	0	0	0	0	0	0	0	0	0	0	0.911727868332495	0	0	0	0	0	0	0	0	0.950531964000359	0.627810973107584	0.667851658019283	0	0.86785565824972	0.791920904142281	0.700581889270706	0	0	0	0	0	0	0	0	0	0	0	0	0	0	0	0	0	0	0
0	0	0	0	0	0	0	0	0	0	0	0	0	0	0	0	0	0	0	0	0	0	0	0	0	0	0	0	0	0	0	0	0	0	0	0	0	0	0	0	0	0	0	0	0	0	0	0	0	0	0	0	0	0	0.500029342915004	0	0	0	0	0	0	0	0	0.978821109716377	0	0.635339339208888	0.646632408619771	0.808500090048391	0	0.601225889781031	0.75343808922129	0.615088609466502	0	0	0	0	0	0	0	0	0	0	0	0	0	0	0	0	0	0
0	0	0	0	0	0	0	0	0	0	0	0	0	0	0	0	0	0	0	0	0	0	0	0	0	0	0	0	0	0	0	0	0	0	0	0	0	0	0	0	0	0	0	0	0	0	0	0	0	0	0	0	0	0	0.586517906637749	0	0.65709954820471	0.511708493197524	0	0	0	0	0	0	0.591523613548265	0.507987561907838	0	0.607676637703813	0.924616980952605	0	0.788280531424643	0.963752117023405	0	0	0	0	0	0	0	0	0	0	0	0	0	0	0	0	0	0
0	0	0	0	0	0	0	0	0	0	0	0	0	0	0	0	0	0	0	0	0	0	0	0	0	0	0	0	0	0	0	0	0	0	0	0	0	0	0	0	0	0	0	0	0	0	0	0	0	0	0	0	0	0	0.8689021230907	0.544524938131811	0.643090904808368	0	0	0	0	0	0	0.958300708818428	0	0	0.650790160112692	0.796371940122387	0.64595494343247	0.578937564846976	0	0.748020176947063	0	0	0	0	0	0	0	0	0	0	0	0	0	0	0	0	0	0
0	0	0	0	0	0	0	0	0	0	0	0	0	0	0	0	0	0	0	0	0	0	0	0	0	0	0	0	0	0	0	0	0	0	0	0	0	0	0	0	0	0	0	0	0	0	0	0	0	0	0	0	0	0	0.968248162023365	0.601609103247192	0.501155506569843	0	0	0	0.924126171312618	0	0	0	0	0	0.562630124367759	0	0.899648308208201	0.856076805911969	0.931869777580001	0	0	0	0	0	0	0	0	0	0	0	0	0	0	0	0	0	0	0
0	0	0	0	0	0	0	0	0	0	0	0	0	0	0	0	0	0	0	0	0	0	0	0	0	0	0	0	0	0	0	0	0	0	0	0	0	0	0	0	0	0	0	0	0	0	0	0	0	0	0	0	0	0	0	0	0	0	0	0	0	0	0	0	0	0	0	0	0	0	0	0	0	0.792165299081847	0.628409935778745	0.920972446653089	0	0	0	0	0	0	0	0	0	0	0	0.98843409066501	0.918286871212416	0
0	0	0	0	0	0	0	0	0	0	0	0	0	0	0	0	0	0	0	0	0	0	0	0	0	0	0	0	0	0	0	0	0	0	0	0	0	0	0	0	0	0	0	0	0	0	0	0	0	0	0	0	0	0	0	0	0	0	0	0	0	0	0	0	0	0	0	0	0	0	0	0	0.994864242334519	0	0.998078393763764	0.823847921760922	0.961449961140447	0	0	0	0	0	0	0	0	0	0	0	0.798176463083388	0.788733314910587
0	0	0	0	0	0	0	0	0	0	0	0	0	0	0	0	0	0	0	0	0	0	0	0	0	0	0	0	0	0	0	0	0	0	0	0	0	0	0	0	0	0	0	0	0	0	0	0	0	0	0	0	0	0	0	0	0	0	0	0	0	0	0	0	0	0	0	0	0	0	0	0	0.694611999282001	0.740642587061157	0	0.997877037048462	0.704629875239454	0.863875550585852	0	0	0	0	0	0	0	0	0	0	0	0.578521921374001
0	0	0	0	0	0	0	0	0	0	0	0	0	0	0	0	0	0	0	0	0	0	0	0	0	0	0	0	0	0	0	0	0	0	0	0	0	0	0	0	0	0	0	0	0	0	0	0	0	0	0	0	0	0	0	0	0	0	0	0	0	0	0	0	0	0	0	0	0	0	0	0	0.986545551265689	0.760199386557571	0.551420845483037	0	0.619341841834031	0.85454795678591	0.713800602099083	0	0	0	0	0	0	0	0	0	0	0.87920625127923
0	0	0	0	0	0	0	0	0	0	0	0	0	0	0	0	0	0	0	0	0	0	0	0	0	0	0	0	0	0	0	0	0	0	0	0	0	0	0	0	0	0	0	0	0	0	0	0	0	0	0	0	0	0	0	0	0	0	0	0	0	0	0	0	0	0	0	0	0	0	0	0	0	0.633593369531615	0.989040961170362	0.749793982666136	0	0.632010007137739	0.910860022223404	0.802593145904789	0	0	0	0	0	0	0	0	0	0
0	0	0	0	0	0	0	0	0	0	0	0	0	0	0	0	0	0	0	0	0	0	0	0	0	0	0	0	0	0	0	0	0	0	0	0	0	0	0	0	0	0	0	0	0	0	0	0	0	0	0	0	0	0	0	0	0	0	0	0	0	0	0	0	0	0	0	0	0	0	0	0	0	0	0.788572995334362	0.646259211555994	0.746042617147665	0	0.892390236122109	0.698360946984144	0.578898023577822	0	0	0	0	0	0	0	0	0
0	0	0	0	0	0	0	0	0	0	0	0	0	0	0	0	0	0	0	0	0	0	0	0	0	0	0	0	0	0	0	0	0	0	0	0	0	0	0	0	0	0	0	0	0	0	0	0	0	0	0	0	0	0	0	0	0	0	0	0	0	0	0	0	0	0	0	0	0	0	0	0	0	0	0	0.822802035605881	0.712703603906643	0.995119560904373	0	0.565711582039395	0.956000010855787	0.869645550342148	0	0	0	0	0	0	0	0
0	0	0	0	0	0	0	0	0	0	0	0	0	0	0	0	0	0	0	0	0	0	0	0	0	0	0	0	0	0	0	0	0	0	0	0	0	0	0	0	0	0	0	0	0	0	0	0	0	0	0	0	0	0	0	0	0	0	0	0	0	0	0	0	0	0	0	0	0	0	0	0	0	0	0	0	0.760395945988446	0.972029772986845	0.98243209605521	0	0.856226670821425	0.940090556968908	0.958356554019877	0	0	0	0	0	0	0
0	0	0	0	0	0	0	0	0	0	0	0	0	0	0	0	0	0	0	0	0	0	0	0	0	0	0	0	0	0	0	0	0	0	0	0	0	0	0	0	0	0	0	0	0	0	0	0	0	0	0	0	0	0	0	0	0	0	0	0	0	0	0	0	0	0	0	0	0	0	0	0	0	0	0	0	0	0.752162329095655	0.740406855768371	0.644399170008745	0	0.579216834138947	0.754413342181061	0.796486431718968	0	0	0	0	0	0
0	0	0	0	0	0	0	0	0	0	0	0	0	0	0	0	0	0	0	0	0	0	0	0	0	0	0	0	0	0	0	0	0	0	0	0	0	0	0	0	0	0	0	0	0	0	0	0	0	0	0	0	0	0	0	0	0	0	0	0	0	0	0	0	0	0	0	0	0	0	0	0	0	0	0	0	0	0	0.869102567662728	0.939977888743243	0.976448350310985	0	0.703986375802005	0	0	0	0	0.795842619910326	0.627342388656851	0
0	0	0	0	0	0	0	0	0	0	0	0	0	0	0	0	0	0	0	0	0	0	0	0	0	0	0	0	0	0	0	0	0	0	0	0	0	0	0	0	0	0	0	0	0	0	0	0	0	0	0	0	0	0	0	0	0	0	0	0	0	0	0	0	0	0	0	0	0	0	0	0	0	0	0	0	0	0	0	0.683660120670715	0.604627177581148	0.65766262009258	0	0.702050128819396	0.765280465606461	0.803404942598177	0	0	0	0
0	0	0	0	0	0	0	0	0	0	0	0	0	0	0	0	0	0	0	0	0	0	0	0	0	0	0	0	0	0	0	0	0	0	0	0	0	0	0	0	0	0	0	0	0	0	0	0	0	0	0	0	0	0	0	0	0	0	0	0	0	0	0	0	0	0	0	0	0	0	0	0	0	0	0	0	0	0	0	0	0.734926970574757	0	0.662349616812372	0	0.712032800684775	0.612920148896606	0.977267729743869	0	0	0
0	0	0	0	0	0	0	0	0	0	0	0	0	0	0	0	0	0	0	0	0	0	0	0	0	0	0	0	0	0	0	0	0	0	0	0	0	0	0	0	0	0	0	0	0	0	0	0	0	0	0	0	0	0	0	0	0	0	0	0	0	0	0	0	0	0	0	0	0	0	0	0	0	0	0	0	0	0	0	0	0	0	0.84845556818516	0.624747279951968	0	0.552946604307562	0.843479678852321	0.629098152498	0	0
0	0	0	0	0	0	0	0	0	0	0	0	0	0	0	0	0	0	0	0	0	0	0	0	0	0	0	0	0	0	0	0	0	0	0	0	0	0	0	0	0	0	0	0	0	0	0	0	0	0	0	0	0	0	0	0	0	0	0	0	0	0	0	0	0	0	0	0	0	0	0	0	0	0	0	0	0	0	0	0	0	0	0.820441164772033	0.895335147783615	0.72799930039033	0	0.54340660622209	0.536083005310562	0.701274644119888	0
0	0	0	0	0	0	0	0	0	0	0	0	0	0	0	0	0	0	0	0	0	0	0	0	0	0	0	0	0	0	0	0	0	0	0	0	0	0	0	0	0	0	0	0	0	0	0	0	0	0	0	0	0	0	0	0	0	0	0	0	0	0	0	0	0	0	0	0	0	0	0	0	0	0	0	0	0	0	0	0	0	0	0	0.559881063818022	0.534907399140078	0.532346048453512	0	0.858097990978522	0.52572669335004	0.560969353017602
0	0	0	0	0	0	0	0	0	0	0	0	0	0	0	0	0	0	0	0	0	0	0	0	0	0	0	0	0	0	0	0	0	0	0	0	0	0	0	0	0	0	0	0	0	0	0	0	0	0	0	0	0	0	0	0	0	0	0	0	0	0	0	0	0	0	0	0	0	0	0	0	0.803762173956285	0	0	0	0	0	0	0	0	0.881613733195106	0	0	0.592701986570174	0.649272285784764	0.547541008797789	0	0.863248688920049	0.599465041915065
0	0	0	0	0	0	0	0	0	0	0	0	0	0	0	0	0	0	0	0	0	0	0	0	0	0	0	0	0	0	0	0	0	0	0	0	0	0	0	0	0	0	0	0	0	0	0	0	0	0	0	0	0	0	0	0	0	0	0	0	0	0	0	0	0	0	0	0	0	0	0	0	0.500353628000997	0.845918871111907	0	0	0	0	0	0	0	0.715309222973091	0	0	0	0.531988457656718	0.932914350235271	0.907987809465553	0	0.601264979180831
0	0	0	0	0	0	0	0	0	0	0	0	0	0	0	0	0	0	0	0	0	0	0	0	0	0	0	0	0	0	0	0	0	0	0	0	0	0	0	0	0	0	0	0	0	0	0	0	0	0	0	0	0	0	0	0	0	0	0	0	0	0	0	0	0	0	0	0	0	0	0	0	0	0.618220383983688	0.769910644146523	0.572746928007708	0	0	0	0	0	0	0	0	0	0	0.845209722827451	0.991510872138283	0.646473486475648	0
