0	0.617016390984187	0.946669579173978	0	0	0	0.801241494060012	0	0.70932791708674	0	0	0	0	0	0	0	0	0.742809720221179	0	0	0	0	0	0	0	0	0	0	0	0	0	0	0	0	0	0	0	0	0	0	0	0	0	0	0	0	0	0	0	0	0	0	0	0	0	0	0	0	0	0	0	0	0	0	0	0	0	0	0	0	0	0	0	0	0	0	0	0	0	0	0	0	0	0	0	0	0	0	0	0
0.854491061708242	0	0	0	0.553833906240352	0	0	0	0	0	0	0	0	0.526915635504531	0.632536803841964	0	0	0.801682927002575	0	0	0	0	0	0	0	0	0	0	0	0	0	0	0	0	0	0	0	0	0	0	0	0	0	0	0	0	0	0	0	0	0	0	0	0	0	0	0	0	0	0	0	0	0	0	0	0	0	0	0	0	0	0	0	0	0	0	0	0	0	0	0	0	0	0	0	0	0	0	0	0
0.520926463985485	0	0	0.83828735488588	0	0	0	0.664922296662406	0	0.995415794278211	0.707547835240818	0.655521559884518	0	0	0	0	0.633301916403834	0	0	0	0	0	0	0	0	0	0	0	0	0	0	0	0	0	0	0	0	0	0	0	0	0	0	0	0	0	0	0	0	0	0	0	0	0	0	0	0	0	0	0	0	0	0	0	0	0	0	0	0	0	0	0	0	0	0	0	0	0	0	0	0	0	0	0	0	0	0	0	0	0
0	0	0.854876660832416	0	0.544423992447711	0	0.649295511777305	0	0	0	0	0	0.835492875998842	0	0.679479180993604	0.940487340006671	0	0	0	0	0	0	0	0	0	0	0	0	0	0	0	0	0	0	0	0	0	0	0	0	0	0	0	0	0	0	0	0	0	0	0	0	0	0	0	0	0	0	0	0	0	0	0	0	0	0	0	0	0	0	0	0	0	0	0	0	0	0	0	0	0	0	0	0	0	0	0	0	0	0
0	0.642342796894863	0	0.973434271616125	0	0	0.572936730408308	0	0	0	0	0	0.653168998782231	0.688771763031979	0	0	0	0	0	0	0	0	0	0	0	0	0	0	0	0	0	0	0	0	0	0	0	0	0	0	0	0	0	0	0	0	0	0	0	0	0	0	0	0	0	0	0	0	0	0	0	0	0	0	0	0	0	0	0	0	0	0	0	0	0	0	0	0	0	0	0	0	0	0	0	0	0	0	0	0
0	0	0	0	0	0	0.782975680100637	0	0.784241244002678	0	0	0.867445493459226	0	0	0	0	0.732294873251684	0	0	0	0	0	0	0	0	0	0	0	0	0	0	0	0	0	0	0	0	0	0	0	0	0	0	0	0	0	0	0	0	0	0	0	0	0	0	0	0	0	0	0	0	0	0	0	0	0	0	0	0	0	0	0	0	0	0	0	0	0	0	0	0	0	0	0	0	0	0	0	0	0
0.518285032942662	0	0	0.705352470735221	0.663998428966376	0.962770985626879	0	0.946707743747615	0	0	0	0.959881317030189	0	0	0	0.68095563974849	0.639121080941602	0	0	0	0	0	0	0	0	0	0	0	0	0	0	0	0	0	0	0	0	0	0	0	0	0	0	0	0	0	0	0	0	0	0	0	0	0	0	0	0	0	0	0	0	0	0	0	0	0	0	0	0	0	0	0	0	0	0	0	0	0	0	0	0	0	0	0	0	0	0	0	0	0
0	0	0.70239800132046	0	0	0	0.929567802135547	0	0.953165036685442	0.882349329901692	0	0	0	0	0	0	0	0.532821071658499	0	0	0	0	0	0	0	0	0	0	0	0	0	0	0	0	0	0	0	0	0	0	0	0	0	0	0	0	0	0	0	0	0	0	0	0	0	0	0	0	0	0	0	0	0	0	0	0	0	0	0	0	0	0	0	0	0	0	0	0	0	0	0	0	0	0	0	0	0	0	0	0
0.648581343140346	0	0	0	0	0.64696666387948	0	0.618807881428277	0	0	0	0	0.967467108133971	0.878452579749095	0	0.513177613374913	0	0	0	0	0	0	0	0	0	0	0	0	0	0	0	0	0	0	0	0	0	0	0	0	0	0	0	0	0	0	0	0	0	0	0	0	0	0	0	0	0	0	0	0	0	0	0	0	0	0	0	0	0	0	0	0	0	0	0	0	0	0	0	0	0	0	0	0	0	0	0	0	0	0
0	0	0.87547085876183	0	0	0	0	0.802564080434895	0	0	0	0	0.536949107252346	0	0.773850551627402	0	0	0	0	0	0	0	0	0	0	0	0	0	0	0	0	0	0	0	0	0	0	0	0	0	0	0	0	0	0	0	0	0	0	0	0	0	0	0	0	0	0	0	0	0	0	0	0	0	0	0	0	0	0	0	0	0	0	0	0	0	0	0	0	0	0	0	0	0	0	0	0	0	0	0
0	0	0.817972767243729	0	0	0	0	0	0	0	0	0	0.509836289252804	0.85108108555972	0.989988771630952	0	0	0	0	0	0	0	0	0	0	0	0	0	0	0	0	0	0	0	0	0	0	0	0	0	0	0	0	0	0	0	0	0	0	0	0	0	0	0	0	0	0	0	0	0	0	0	0	0	0	0	0	0	0	0	0	0	0	0	0	0	0	0	0	0	0	0	0	0	0	0	0	0	0	0
0	0	0.532304162818682	0	0	0.981988157771684	0.715164071794968	0	0	0	0	0	0	0.932242568076837	0.795251171564243	0.946749195890374	0	0	0	0	0	0	0	0	0	0	0	0	0	0	0	0	0	0	0	0	0	0	0	0	0	0	0	0	0	0	0	0	0	0	0	0	0	0	0	0	0	0	0	0	0	0	0	0	0	0	0	0	0	0	0	0	0	0	0	0	0	0	0	0	0	0	0	0	0	0	0	0	0	0
0	0	0	0.885989000374993	0.836518694677811	0	0	0	0.640882990278314	0.98346520695746	0.526589848861733	0	0	0.59273357880157	0.62435851560087	0.573383017088504	0	0	0	0	0	0	0	0	0	0	0	0	0	0	0	0	0	0	0	0	0	0	0	0	0	0	0	0	0	0	0	0	0	0	0	0	0	0	0	0	0	0	0	0	0	0	0	0	0	0	0	0	0	0	0	0	0	0	0	0	0	0	0	0	0	0	0	0	0	0	0	0	0	0
0	0.648149367312885	0	0	0.985898303965288	0	0	0	0.774734867973139	0	0.882840815401514	0.717266659992041	0.683478844250058	0	0	0.950242437805591	0	0	0	0	0	0	0	0	0	0	0	0	0	0	0	0	0	0	0	0	0	0	0	0	0	0	0	0	0	0	0	0	0	0	0	0	0	0	0	0	0	0	0	0	0	0	0	0	0	0	0	0	0	0	0	0	0	0	0	0	0	0	0	0	0	0	0	0	0	0	0	0	0	0
0	0.882084608232973	0	0.808882523550892	0	0	0	0	0	0.694684701242165	0.913311127879844	0.560697025410826	0.781840142496676	0	0	0.562123919618783	0.819032578364622	0.742183992626757	0	0	0	0	0	0	0	0	0	0	0	0	0	0	0	0	0	0	0	0	0	0	0	0	0	0	0	0	0	0	0	0	0	0	0	0	0	0	0	0	0	0	0	0	0	0	0	0	0	0	0	0	0	0	0	0	0	0	0	0	0	0	0	0	0	0	0	0	0	0	0	0
0	0	0	0.975006635942317	0	0	0.843506592536381	0	0.559891850687702	0	0	0.906910396631202	0.864791113092242	0.90261892325797	0.636922204071253	0	0	0.877196797933424	0	0	0	0	0	0	0	0	0	0	0	0	0	0	0	0	0	0	0	0	0	0	0	0	0	0	0	0	0	0	0	0	0	0	0	0	0	0	0	0	0	0	0	0	0	0	0	0	0	0	0	0	0	0	0	0	0	0	0	0	0	0	0	0	0	0	0	0	0	0	0	0
0	0	0.807443985238538	0	0	0.576715508761227	0.902161461488673	0	0	0	0	0	0	0	0.709434816994803	0	0	0.824682211963413	0	0	0	0	0	0	0	0	0	0	0	0	0	0	0	0	0	0	0	0	0	0	0	0	0	0	0	0	0	0	0	0	0	0	0	0	0	0	0	0	0	0	0	0	0	0	0	0	0	0	0	0	0	0	0	0	0	0	0	0	0	0	0	0	0	0	0	0	0	0	0	0
0.978970483635056	0.83017918385156	0	0	0	0	0	0.999048980018617	0	0	0	0	0	0	0.80667626523906	0.766022698333622	0.705937614468649	0	0	0	0	0	0	0	0	0	0	0	0	0	0	0	0	0	0	0	0	0	0	0	0	0	0	0	0	0	0	0	0	0	0	0	0	0	0	0	0	0	0	0	0	0	0	0	0	0	0	0	0	0	0	0	0	0	0	0	0	0	0	0	0	0	0	0	0	0	0	0	0	0
0	0	0	0	0	0	0	0	0	0	0	0	0	0	0	0	0	0	0	0.591648716575498	0.672144280984441	0	0.862432817038235	0.67583683095574	0.747368873257443	0	0	0	0	0.893131114767373	0.756848540630793	0.614281478613491	0	0.596397216112202	0.650865618891864	0.68836254235771	0	0	0	0	0	0	0	0	0	0	0	0	0	0	0	0	0	0	0	0	0	0	0	0	0	0	0	0	0	0	0	0	0	0	0	0	0	0	0	0	0	0	0	0	0	0	0	0	0	0	0	0	0	0
0	0	0	0	0	0	0	0	0	0	0	0	0	0	0	0	0	0	0.829712088386408	0	0.783759126203384	0	0.775437317028425	0.694316445747738	0.63671136505359	0.791549267801172	0	0	0	0	0.955274864866911	0.523161000531794	0.551343573276148	0.585289677463836	0.978487604207238	0.641007093784985	0	0	0	0	0	0	0	0	0	0	0	0	0	0	0	0	0	0	0	0	0	0	0	0	0	0	0	0	0	0	0	0	0	0	0	0	0	0	0	0	0	0	0	0	0	0	0	0	0	0	0	0	0	0
0	0	0	0	0	0	0	0	0	0	0	0	0	0	0	0	0	0	0.779171374056208	0.775544597032842	0	0.710707290871964	0.871883522994633	0.795846500100513	0.75153485438034	0.566608781201642	0.840864280279745	0	0	0	0	0	0.711236575574316	0.770802014785888	0.920515509731132	0.727518701293236	0	0	0	0	0	0	0	0	0	0	0	0	0	0	0	0	0	0	0	0	0	0	0	0	0	0	0	0	0	0	0	0	0	0	0	0	0	0	0	0	0	0	0	0	0	0	0	0	0	0	0	0	0	0
0	0	0	0	0	0	0	0	0	0	0	0	0	0	0	0	0	0	0	0	0.516619220073373	0	0.748550856636005	0.640395492610296	0.966959416888114	0.884346215408211	0	0.546281195943399	0	0	0	0	0.672070563305653	0.634084114870622	0.837944405421527	0.952290902662225	0	0	0	0	0	0	0	0	0	0	0	0	0	0	0	0	0	0	0	0	0	0	0	0	0	0	0	0	0	0	0	0	0	0	0	0	0	0	0	0	0	0	0	0	0	0	0	0	0	0	0	0	0	0
0	0	0	0	0	0	0	0	0	0	0	0	0	0	0	0	0	0	0.776648757057491	0.885675903090007	0.658500269957312	0.802358889422975	0	0.849189069670899	0.578150339742598	0.733961267511761	0.62742764962851	0.869163643071691	0	0.961986188414143	0	0	0.897229359556304	0	0.525067001698439	0.907823909735272	0	0	0	0	0	0	0	0	0	0	0	0	0	0	0	0	0	0	0	0	0	0	0	0	0	0	0	0	0	0	0	0	0	0	0	0	0	0	0	0	0	0	0	0	0	0	0	0	0	0	0	0	0	0
0	0	0	0	0	0	0	0	0	0	0	0	0	0	0	0	0	0	0.521685952465879	0.755531180193685	0.60533927575829	0.985991937051869	0.816358136446375	0	0.570186356701742	0.732712306720903	0.557193676425133	0.538234287556541	0.811523931474009	0.948005281261909	0.532016583810276	0	0	0.633279506919125	0	0.983990939695773	0	0	0	0	0	0	0	0	0	0	0	0	0	0	0	0	0	0	0	0	0	0	0	0	0	0	0	0	0	0	0	0	0	0	0	0	0	0	0	0	0	0	0	0	0	0	0	0	0	0	0	0	0	0
0	0	0	0	0	0	0	0	0	0	0	0	0	0	0	0	0	0	0.779182310859102	0.582833644790315	0.531402533619676	0.756007799357794	0.506608025282238	0.569788750781866	0	0.911750523448613	0.925270345462642	0.911884561664799	0.534295944378622	0.662994988803754	0.843773919326455	0	0	0	0	0	0	0	0	0	0	0	0	0	0	0	0	0	0	0	0	0	0	0	0	0	0	0	0	0	0	0	0	0	0	0	0	0	0	0	0	0	0	0	0	0	0	0	0	0	0	0	0	0	0	0	0	0	0	0
0	0	0	0	0	0	0	0	0	0	0	0	0	0	0	0	0	0	0	0.605762702217158	0.552221027203002	0.656006393366577	0.708253225311769	0.902216929982768	0.630482430741746	0	0.601313351192008	0.656457600598323	0.908173334299499	0.82363606063486	0	0	0.836181466630552	0	0.829270888926918	0	0	0	0	0	0	0	0	0	0	0	0	0	0	0	0	0	0	0	0	0	0	0	0	0	0	0	0	0	0	0	0	0	0	0	0	0	0	0	0	0	0	0	0	0	0	0	0	0	0	0	0	0	0	0
0	0	0	0	0	0	0	0	0	0	0	0	0	0	0	0	0	0	0	0	0.945272319018569	0	0.770361592603397	0.730058999732784	0.655994121931322	0.936685364246094	0	0.950039850935492	0.747124073117294	0.639711440552825	0.856560378470252	0.938164593937383	0.555491466433304	0	0	0	0	0	0	0	0	0	0	0	0	0	0	0	0	0	0	0	0	0	0	0	0	0	0	0	0	0	0	0	0	0	0	0	0	0	0	0	0	0	0	0	0	0	0	0	0	0	0	0	0	0	0	0	0	0
0	0	0	0	0	0	0	0	0	0	0	0	0	0	0	0	0	0	0	0	0	0.867633471907307	0.598953544437126	0.893614898976338	0.506752253987547	0.556578567089184	0.776736957593565	0	0.789399988701677	0.756144947740743	0.859214968189845	0.853051167850796	0.510910637079913	0.6235037382324	0.836752849670917	0	0	0	0	0	0	0	0	0	0	0	0	0	0	0	0	0	0	0	0	0	0	0	0	0	0	0	0	0	0	0	0	0	0	0	0	0	0	0	0	0	0	0	0	0	0	0	0	0	0	0	0	0	0	0
0	0	0	0	0	0	0	0	0	0	0	0	0	0	0	0	0	0	0	0	0	0	0	0.755088101019399	0.579710764696568	0.962844051750151	0.594365365392423	0.911020623548591	0	0.983985580614292	0.96989267452056	0	0.90044850570872	0.682045434420527	0.842548208363985	0.525621683509565	0	0	0	0	0	0	0	0	0	0	0	0	0	0	0	0	0	0	0	0	0	0	0	0	0	0	0	0	0	0	0	0	0	0	0	0	0	0	0	0	0	0	0	0	0	0	0	0	0	0	0	0	0	0
0	0	0	0	0	0	0	0	0	0	0	0	0	0	0	0	0	0	0.518691729890045	0	0	0	0.552198896042735	0.813572084873768	0.722651805524456	0.644215243876008	0.833614574185477	0.882571138150156	0.772667523392364	0	0.523401762790071	0.87078491553997	0.852932853564529	0.726048948542421	0.621876528612652	0.895682484430642	0	0	0	0	0	0	0	0	0	0	0	0	0	0	0	0	0	0	0	0	0	0	0	0	0	0	0	0	0	0	0	0	0	0	0	0	0	0	0	0	0	0	0	0	0	0	0	0	0	0	0	0	0	0
0	0	0	0	0	0	0	0	0	0	0	0	0	0	0	0	0	0	0.896038594792387	0.894570123291358	0	0	0	0.983912550189496	0.709079389529689	0	0.526388228305689	0.98242693753642	0.623727383494287	0.949792925067133	0	0.748089225217297	0.636682239493414	0.538228630276695	0.929737699473386	0	0	0	0	0	0	0	0	0	0	0	0	0	0	0	0	0	0	0	0	0	0	0	0	0	0	0	0	0	0	0	0	0	0	0	0	0	0	0	0	0	0	0	0	0	0	0	0	0	0	0	0	0	0	0
0	0	0	0	0	0	0	0	0	0	0	0	0	0	0	0	0	0	0.734922042077019	0.803681476163611	0	0	0	0	0	0	0.903090753840587	0.576288972092515	0	0.77107891368181	0.541334016247754	0	0.56413565475814	0.842257244358426	0.559598179437873	0.616482104613567	0	0	0	0	0	0	0	0	0	0	0	0	0	0	0	0	0	0	0	0	0	0	0	0	0	0	0	0	0	0	0	0	0	0	0	0	0	0	0	0	0	0	0	0	0	0	0	0	0	0	0	0	0	0
0	0	0	0	0	0	0	0	0	0	0	0	0	0	0	0	0	0	0	0.77921913012581	0.794540134973356	0.558392023332082	0.899943823870344	0	0	0.552290940848004	0.572406830938259	0.835981594362494	0.683357228861998	0.937323208623176	0.743450148527357	0.555426345267674	0	0.954736504814847	0.525597667684141	0.760965446319504	0	0	0	0	0	0	0	0	0	0	0	0	0	0	0	0	0	0	0	0	0	0	0	0	0	0	0	0	0	0	0	0	0	0	0	0	0	0	0	0	0	0	0	0	0	0	0	0	0	0	0	0	0	0
0	0	0	0	0	0	0	0	0	0	0	0	0	0	0	0	0	0	0.782679400203507	0.644066159998936	0.759483121886127	0.95495232942769	0	0.985968684268394	0	0	0	0.894906637681657	0.771345316501968	0.508501804685955	0.634083539717997	0.615346533405479	0.996734202368931	0	0.62647762232278	0	0	0	0	0	0	0	0	0	0	0	0	0	0	0	0	0	0	0	0	0	0	0	0	0	0	0	0	0	0	0	0	0	0	0	0	0	0	0	0	0	0	0	0	0	0	0	0	0	0	0	0	0	0	0
0	0	0	0	0	0	0	0	0	0	0	0	0	0	0	0	0	0	0.910138277655649	0.618916328978018	0.666040560511331	0.777705090929022	0.686822737284423	0	0	0.563781048918344	0	0.875729119860743	0.842732225559809	0.73685209587719	0.967766611113189	0.71338340339962	0.77388002517059	0.746951104817482	0	0	0	0	0	0	0	0	0	0	0	0	0	0	0	0	0	0	0	0	0	0	0	0	0	0	0	0	0	0	0	0	0	0	0	0	0	0	0	0	0	0	0	0	0	0	0	0	0	0	0	0	0	0	0	0
0	0	0	0	0	0	0	0	0	0	0	0	0	0	0	0	0	0	0.626840789797962	0.676940854872973	0.727914079153858	0.517156172308542	0.709449622608669	0.701026639190652	0	0	0	0	0.549111696409586	0.715741382138388	0	0.719854148714046	0.978775913845665	0	0	0	0	0	0	0	0	0	0	0	0	0	0	0	0	0	0	0	0	0	0	0	0	0	0	0	0	0	0	0	0	0	0	0	0	0	0	0	0	0	0	0	0	0	0	0	0	0	0	0	0	0	0	0	0	0
0	0	0	0	0	0	0	0	0	0	0	0	0	0	0	0	0	0	0	0	0	0	0	0	0	0	0	0	0	0	0	0	0	0	0	0	0	0.795484688307293	0.86647965497048	0.680915165192062	0.639944523122098	0	0.657474427656522	0.845489452822644	0.84640556916197	0.578712368234205	0.840254852801657	0	0.70860303899379	0.97143173714014	0.640431095172746	0.629990028888104	0.531364072958611	0	0	0	0	0	0	0	0	0	0	0	0	0	0	0	0	0	0	0	0	0	0	0	0	0	0	0	0	0	0	0	0	0	0	0	0	0
0	0	0	0	0	0	0	0	0	0	0	0	0	0	0	0	0	0	0	0	0	0	0	0	0	0	0	0	0	0	0	0	0	0	0	0	0.711304731590168	0	0.698623705884197	0.646071652219341	0.693123456923523	0.709226142191661	0.896426278845373	0	0.587195504770167	0.926027553174559	0.699073996050157	0	0.781033468990042	0.835571703233722	0.88141634133598	0.907537081060324	0	0.646484426748149	0	0	0	0	0	0	0	0	0	0	0	0	0	0	0	0	0	0	0	0	0	0	0	0	0	0	0	0	0	0	0	0	0	0	0	0
0	0	0	0	0	0	0	0	0	0	0	0	0	0	0	0	0	0	0	0	0	0	0	0	0	0	0	0	0	0	0	0	0	0	0	0	0.548056658049774	0.689307442275292	0	0.539509671898964	0.943473178705055	0.675481673484974	0.781382886867733	0.894465137302441	0.509914643968888	0.833294874357345	0	0	0.753293124874154	0.709865262422997	0.522286195116168	0.818643911053429	0.635904494119534	0.824376066085173	0	0	0	0	0	0	0	0	0	0	0	0	0	0	0	0	0	0	0	0	0	0	0	0	0	0	0	0	0	0	0	0	0	0	0	0
0	0	0	0	0	0	0	0	0	0	0	0	0	0	0	0	0	0	0	0	0	0	0	0	0	0	0	0	0	0	0	0	0	0	0	0	0.811735319394224	0.641535609161362	0.770003968160316	0	0.526626102014832	0.736250115570238	0	0	0.652064936946684	0.998528472348662	0.957458826435406	0.614130328877656	0.822761804967371	0.910107690074214	0.754709976171436	0.743169837638769	0.535379510523382	0	0	0	0	0	0	0	0	0	0	0	0	0	0	0	0	0	0	0	0	0	0	0	0	0	0	0	0	0	0	0	0	0	0	0	0	0
0	0	0	0	0	0	0	0	0	0	0	0	0	0	0	0	0	0	0	0	0	0	0	0	0	0	0	0	0	0	0	0	0	0	0	0	0.857749402778656	0.939371221161917	0.558779910901418	0.540808779327643	0	0.723899249694852	0	0.538347775459634	0	0.744491862588195	0.617290855921214	0.58750383478976	0.507106125504193	0.594833472637649	0	0	0	0.508700577473481	0	0	0	0	0	0	0	0	0	0	0	0	0	0	0	0	0	0	0	0	0	0	0	0	0	0	0	0	0	0	0	0	0	0	0	0
0	0	0	0	0	0	0	0	0	0	0	0	0	0	0	0	0	0	0	0	0	0	0	0	0	0	0	0	0	0	0	0	0	0	0	0	0	0.616434110044227	0.72773284687316	0.75135350793102	0.76987605373982	0	0	0.767081941030514	0.910232301074722	0.618659679109735	0.994006906642285	0.827413231222077	0.895897571159248	0	0.567461983546748	0.579240924933514	0.60666797191437	0.547822006982743	0	0	0	0	0	0	0	0	0	0	0	0	0	0	0	0	0	0	0	0	0	0	0	0	0	0	0	0	0	0	0	0	0	0	0	0
0	0	0	0	0	0	0	0	0	0	0	0	0	0	0	0	0	0	0	0	0	0	0	0	0	0	0	0	0	0	0	0	0	0	0	0	0.677888289484575	0.837283297298307	0.700254771776704	0	0	0	0	0.629523327044908	0	0.693728134318847	0.552170108018473	0.706739237768409	0.853993948668221	0.907949631610198	0.502029484925834	0	0.923766033100409	0.998930461319498	0	0	0	0	0	0	0	0	0	0	0	0	0	0	0	0	0	0	0	0	0	0	0	0	0	0	0	0	0	0	0	0	0	0	0	0
0	0	0	0	0	0	0	0	0	0	0	0	0	0	0	0	0	0	0	0	0	0	0	0	0	0	0	0	0	0	0	0	0	0	0	0	0.655012365320638	0	0.560257152863493	0	0.825545180523621	0.59412223441088	0.673055598416326	0	0.553913084231363	0.925700904593775	0.841366587959817	0.990871501638084	0.87302347024282	0.651353272436397	0	0	0.719281403690142	0.640186333293776	0	0	0	0	0	0	0	0	0	0	0	0	0	0	0	0	0	0	0	0	0	0	0	0	0	0	0	0	0	0	0	0	0	0	0	0
0	0	0	0	0	0	0	0	0	0	0	0	0	0	0	0	0	0	0	0	0	0	0	0	0	0	0	0	0	0	0	0	0	0	0	0	0.636926902791578	0.97027927122653	0.985656267810319	0.927423984664419	0	0.903261616839649	0	0.731974786457902	0	0.939264457163683	0.646340154376983	0.995494959851253	0.869467165208227	0.971153359116665	0.940779400866516	0.817592643787695	0.971853149250302	0.940673762660763	0	0	0	0	0	0	0	0	0	0	0	0	0	0	0	0	0	0	0	0	0	0	0	0	0	0	0	0	0	0	0	0	0	0	0	0
0	0	0	0	0	0	0	0	0	0	0	0	0	0	0	0	0	0	0	0	0	0	0	0	0	0	0	0	0	0	0	0	0	0	0	0	0.965543814561502	0.648237414940173	0.903465573651336	0.885365856038147	0.577133614688688	0.72688222133633	0.983672551030892	0.752467074962264	0.693732243150342	0	0.753268037379229	0.887342085899752	0.573595545269751	0	0.702514156106666	0	0.570789301270407	0.955949994245426	0	0	0	0	0	0	0	0	0	0	0	0	0	0	0	0	0	0	0	0	0	0	0	0	0	0	0	0	0	0	0	0	0	0	0	0
0	0	0	0	0	0	0	0	0	0	0	0	0	0	0	0	0	0	0	0	0	0	0	0	0	0	0	0	0	0	0	0	0	0	0	0	0.580787494004267	0.727074424702475	0	0.968570628674282	0.944461296294884	0.865128131908045	0.820789388205271	0.815694193933372	0.928524884160448	0.524967786497448	0	0.55834161976074	0.506597460565795	0.758920524655211	0.709314527064415	0.728315868196546	0.828308381382293	0.906014153870712	0	0	0	0	0	0	0	0	0	0	0	0	0	0	0	0	0	0	0	0	0	0	0	0	0	0	0	0	0	0	0	0	0	0	0	0
0	0	0	0	0	0	0	0	0	0	0	0	0	0	0	0	0	0	0	0	0	0	0	0	0	0	0	0	0	0	0	0	0	0	0	0	0	0	0	0.613711488326064	0.561083240933505	0.79451333228379	0.995781889545303	0.728678189081848	0.765172527608227	0.737648074883968	0.870796608330838	0	0.921035181991456	0.53857165886063	0.614083871792506	0.984871572445083	0.788924542983091	0	0	0	0	0	0	0	0	0	0	0	0	0	0	0	0	0	0	0	0	0	0	0	0	0	0	0	0	0	0	0	0	0	0	0	0	0
0	0	0	0	0	0	0	0	0	0	0	0	0	0	0	0	0	0	0	0	0	0	0	0	0	0	0	0	0	0	0	0	0	0	0	0	0.879720775829097	0.561169763898026	0.817413869712105	0.857206256037502	0.732605629563111	0.557320163992687	0.729323462454339	0.904223872866	0.751744523789826	0.778620338428034	0.784635219820575	0.853260479029737	0	0.62094697551214	0.807637304357854	0.877918743295309	0	0.880781293318868	0	0	0	0	0	0	0	0	0	0	0	0	0	0	0	0	0	0	0	0	0	0	0	0	0	0	0	0	0	0	0	0	0	0	0	0
0	0	0	0	0	0	0	0	0	0	0	0	0	0	0	0	0	0	0	0	0	0	0	0	0	0	0	0	0	0	0	0	0	0	0	0	0.675976575509791	0.703672766844279	0.700085213226078	0.725768777231724	0.767084834370395	0	0.642832790657803	0.936995162736046	0.563558828017995	0	0.752354405337904	0.616926078680544	0.593923286721814	0	0	0.899693962505786	0.570796343124683	0.554092009621521	0	0	0	0	0	0	0	0	0	0	0	0	0	0	0	0	0	0	0	0	0	0	0	0	0	0	0	0	0	0	0	0	0	0	0	0
0	0	0	0	0	0	0	0	0	0	0	0	0	0	0	0	0	0	0	0	0	0	0	0	0	0	0	0	0	0	0	0	0	0	0	0	0.640235124132873	0.877498547863089	0.659166493248384	0.91960347298149	0	0.665720571236522	0.935690603441928	0	0.582996839225992	0.618736421421769	0.723786556521977	0.923496924528276	0.774366144381091	0	0	0.504268289538374	0.942436291316208	0.611098991511122	0	0	0	0	0	0	0	0	0	0	0	0	0	0	0	0	0	0	0	0	0	0	0	0	0	0	0	0	0	0	0	0	0	0	0	0
0	0	0	0	0	0	0	0	0	0	0	0	0	0	0	0	0	0	0	0	0	0	0	0	0	0	0	0	0	0	0	0	0	0	0	0	0.623539049193706	0.951365100297974	0.530184579423074	0.63620788367861	0	0.607407396766008	0	0	0.974435325334972	0	0.575658602008979	0.585596090628473	0.861622514624147	0.531795027623586	0.76785225236901	0	0.684526609322637	0.802675688398095	0	0	0	0	0	0	0	0	0	0	0	0	0	0	0	0	0	0	0	0	0	0	0	0	0	0	0	0	0	0	0	0	0	0	0	0
0	0	0	0	0	0	0	0	0	0	0	0	0	0	0	0	0	0	0	0	0	0	0	0	0	0	0	0	0	0	0	0	0	0	0	0	0.776684703822995	0	0.71019399264883	0.574943618427462	0	0.819409202779251	0.819504510712465	0.816102651185546	0.580386585811725	0.898650628041204	0.791296237350077	0.883452428437175	0	0.938538617730045	0.715267944346135	0.531690308447179	0	0.955464932189403	0	0	0	0	0	0	0	0	0	0	0	0	0	0	0	0	0	0	0	0	0	0	0	0	0	0	0	0	0	0	0	0	0	0	0	0
0	0	0	0	0	0	0	0	0	0	0	0	0	0	0	0	0	0	0	0	0	0	0	0	0	0	0	0	0	0	0	0	0	0	0	0	0	0.808271483533724	0.826882143946088	0	0.872643945321678	0.743384412566573	0.828842072000891	0.652525210297734	0.942121078676787	0.594996608961627	0.605554141086103	0	0.635665749186183	0.811247907699018	0.704368272833282	0.834780301406824	0.547850231106617	0	0	0	0	0	0	0	0	0	0	0	0	0	0	0	0	0	0	0	0	0	0	0	0	0	0	0	0	0	0	0	0	0	0	0	0	0
0	0	0	0	0	0	0	0	0	0	0	0	0	0	0	0	0	0	0	0	0	0	0	0	0	0	0	0	0	0	0	0	0	0	0	0	0	0	0	0	0	0	0	0	0	0	0	0	0	0	0	0	0	0	0	0	0.924905511454081	0.950884712417498	0.626161754785382	0	0	0	0.988941994612775	0.550191063471555	0	0.72373093047648	0.793434285804884	0.603431062109936	0.79209637574967	0.995714868542481	0	0.898813392318129	0	0	0	0	0	0	0	0	0	0	0	0	0	0	0	0	0	0
0	0	0	0	0	0	0	0	0	0	0	0	0	0	0	0	0	0	0	0	0	0	0	0	0	0	0	0	0	0	0	0	0	0	0	0	0	0	0	0	0	0	0	0	0	0	0	0	0	0	0	0	0	0	0	0	0	0.933401070345797	0.616089540561509	0	0	0	0	0	0	0	0	0.792590806839746	0.80931980184903	0.723942395591588	0.877307347798655	0.82551874547779	0	0	0	0	0	0	0	0	0	0	0	0	0	0	0	0	0	0
0	0	0	0	0	0	0	0	0	0	0	0	0	0	0	0	0	0	0	0	0	0	0	0	0	0	0	0	0	0	0	0	0	0	0	0	0	0	0	0	0	0	0	0	0	0	0	0	0	0	0	0	0	0	0.781587648451207	0	0	0.808063548258255	0.906903673063873	0.561787859043683	0.716671618494508	0	0	0	0.550345964308039	0	0	0	0	0	0.912149125546893	0.6827270989752	0	0	0	0	0	0	0	0	0	0	0	0	0	0	0	0	0	0
0	0	0	0	0	0	0	0	0	0	0	0	0	0	0	0	0	0	0	0	0	0	0	0	0	0	0	0	0	0	0	0	0	0	0	0	0	0	0	0	0	0	0	0	0	0	0	0	0	0	0	0	0	0	0.867283349027445	0.732087154687627	0.847780503536048	0	0	0	0.613777939528454	0.95690750522355	0	0	0	0	0	0	0	0	0.513481470657102	0.829185545195336	0	0	0	0	0	0	0	0	0	0	0	0	0	0	0	0	0	0
0	0	0	0	0	0	0	0	0	0	0	0	0	0	0	0	0	0	0	0	0	0	0	0	0	0	0	0	0	0	0	0	0	0	0	0	0	0	0	0	0	0	0	0	0	0	0	0	0	0	0	0	0	0	0.577009753045477	0.567758617816924	0.895521437287534	0	0	0	0.62626011430181	0	0.794285849736418	0.884064437135671	0	0	0	0.516438721554463	0	0	0	0	0	0	0	0	0	0	0	0	0	0	0	0	0	0	0	0	0	0
0	0	0	0	0	0	0	0	0	0	0	0	0	0	0	0	0	0	0	0	0	0	0	0	0	0	0	0	0	0	0	0	0	0	0	0	0	0	0	0	0	0	0	0	0	0	0	0	0	0	0	0	0	0	0	0	0.617773222200269	0	0	0	0.703565941401326	0.900381267069455	0	0	0.732373832993012	0	0.68672923723864	0	0.667990832001164	0.838373269343149	0.643863865518268	0	0	0	0	0	0	0	0	0	0	0	0	0	0	0	0	0	0	0
0	0	0	0	0	0	0	0	0	0	0	0	0	0	0	0	0	0	0	0	0	0	0	0	0	0	0	0	0	0	0	0	0	0	0	0	0	0	0	0	0	0	0	0	0	0	0	0	0	0	0	0	0	0	0	0	0.89782601818073	0.970019630935062	0.72053429730945	0.824634996058816	0	0.743616896890289	0.6454653750643	0.821535719314296	0	0	0	0.674642770065863	0	0	0	0	0	0	0	0	0	0	0	0	0	0	0	0	0	0	0	0	0	0
0	0	0	0	0	0	0	0	0	0	0	0	0	0	0	0	0	0	0	0	0	0	0	0	0	0	0	0	0	0	0	0	0	0	0	0	0	0	0	0	0	0	0	0	0	0	0	0	0	0	0	0	0	0	0	0	0	0.671033987171671	0	0.856959590711415	0.610761968540951	0	0.810460839176906	0.6928996371406	0.963327174414697	0	0.608927359730273	0	0	0	0	0	0	0	0	0	0	0	0	0	0	0	0	0	0	0	0	0	0	0
0	0	0	0	0	0	0	0	0	0	0	0	0	0	0	0	0	0	0	0	0	0	0	0	0	0	0	0	0	0	0	0	0	0	0	0	0	0	0	0	0	0	0	0	0	0	0	0	0	0	0	0	0	0	0.679002371158984	0	0	0	0.781379464663984	0	0.638082996703053	0.933469164490485	0	0	0.557547063239138	0	0	0	0.594388474512791	0.886164205845553	0	0.728350085086689	0	0	0	0	0	0	0	0	0	0	0	0	0	0	0	0	0	0
0	0	0	0	0	0	0	0	0	0	0	0	0	0	0	0	0	0	0	0	0	0	0	0	0	0	0	0	0	0	0	0	0	0	0	0	0	0	0	0	0	0	0	0	0	0	0	0	0	0	0	0	0	0	0.731579550038387	0	0	0	0.977563483215346	0	0.52988892807444	0.692298659504621	0	0	0.995057275412904	0	0.986420104920322	0	0	0	0.775416249422514	0	0	0	0	0	0	0	0	0	0	0	0	0	0	0	0	0	0	0
0	0	0	0	0	0	0	0	0	0	0	0	0	0	0	0	0	0	0	0	0	0	0	0	0	0	0	0	0	0	0	0	0	0	0	0	0	0	0	0	0	0	0	0	0	0	0	0	0	0	0	0	0	0	0	0	0.618422207403606	0	0	0.731432858220113	0	0.513133653055928	0.824216103021838	0.572565949897482	0	0.619888197183667	0.930445328301102	0	0	0	0	0.952033868417821	0	0	0	0	0	0	0	0	0	0	0	0	0	0	0	0	0	0
0	0	0	0	0	0	0	0	0	0	0	0	0	0	0	0	0	0	0	0	0	0	0	0	0	0	0	0	0	0	0	0	0	0	0	0	0	0	0	0	0	0	0	0	0	0	0	0	0	0	0	0	0	0	0.646182347420849	0	0	0	0	0	0	0	0	0	0.942522454777799	0	0.558651091660452	0.550633855395792	0	0	0	0	0	0	0	0	0	0	0	0	0	0	0	0	0	0	0	0	0	0
0	0	0	0	0	0	0	0	0	0	0	0	0	0	0	0	0	0	0	0	0	0	0	0	0	0	0	0	0	0	0	0	0	0	0	0	0	0	0	0	0	0	0	0	0	0	0	0	0	0	0	0	0	0	0.749436431050264	0	0	0	0	0.646548700055083	0	0.586106589472936	0	0.889938408378966	0.607913274595661	0.578780769078369	0	0.944325202873738	0.733778163709636	0.668998480116445	0.726755111609751	0	0	0	0	0	0	0	0	0	0	0	0	0	0	0	0	0	0	0
0	0	0	0	0	0	0	0	0	0	0	0	0	0	0	0	0	0	0	0	0	0	0	0	0	0	0	0	0	0	0	0	0	0	0	0	0	0	0	0	0	0	0	0	0	0	0	0	0	0	0	0	0	0	0.804075298363988	0.684111537325984	0	0	0.588960909254225	0	0.850662482871781	0	0	0	0	0.808457372364891	0.967667412927686	0	0.741274100133878	0	0.763915795206459	0.725819867565379	0	0	0	0	0	0	0	0	0	0	0	0	0	0	0	0	0	0
0	0	0	0	0	0	0	0	0	0	0	0	0	0	0	0	0	0	0	0	0	0	0	0	0	0	0	0	0	0	0	0	0	0	0	0	0	0	0	0	0	0	0	0	0	0	0	0	0	0	0	0	0	0	0.654061493634111	0.652103417474907	0	0	0	0.633523141679108	0	0	0.746956399556954	0	0	0	0.690715513617169	0.635157149595148	0	0.872470761053944	0	0.521361874273301	0	0	0	0	0	0	0	0	0	0	0	0	0	0	0	0	0	0
0	0	0	0	0	0	0	0	0	0	0	0	0	0	0	0	0	0	0	0	0	0	0	0	0	0	0	0	0	0	0	0	0	0	0	0	0	0	0	0	0	0	0	0	0	0	0	0	0	0	0	0	0	0	0.532151918291884	0.938852471647295	0	0	0	0.859075402804724	0	0	0.830716415490201	0	0	0	0.79555349523283	0	0.637261819258263	0	0.884682521587543	0.984669698609643	0	0	0	0	0	0	0	0	0	0	0	0	0	0	0	0	0	0
0	0	0	0	0	0	0	0	0	0	0	0	0	0	0	0	0	0	0	0	0	0	0	0	0	0	0	0	0	0	0	0	0	0	0	0	0	0	0	0	0	0	0	0	0	0	0	0	0	0	0	0	0	0	0	0.556622148618452	0.989814837437804	0.532919671289197	0	0.935904331690382	0	0	0	0.821323234838086	0	0	0.651099462566438	0.997794287111902	0	0.820966089307899	0	0.856886906791033	0	0	0	0	0	0	0	0	0	0	0	0	0	0	0	0	0	0
0	0	0	0	0	0	0	0	0	0	0	0	0	0	0	0	0	0	0	0	0	0	0	0	0	0	0	0	0	0	0	0	0	0	0	0	0	0	0	0	0	0	0	0	0	0	0	0	0	0	0	0	0	0	0.871362691939154	0.921259819249762	0.802485440903449	0.709495416604495	0	0	0	0	0.648833915754384	0	0.769235726805215	0	0	0.549057033541527	0.573455163831561	0.932240383555291	0.809015723852233	0	0	0	0	0	0	0	0	0	0	0	0	0	0	0	0	0	0	0
0	0	0	0	0	0	0	0	0	0	0	0	0	0	0	0	0	0	0	0	0	0	0	0	0	0	0	0	0	0	0	0	0	0	0	0	0	0	0	0	0	0	0	0	0	0	0	0	0	0	0	0	0	0	0	0	0	0	0	0	0	0	0	0	0	0	0	0	0	0	0	0	0	0.705130942635262	0.911387428244526	0.745956377441703	0	0.835527880184138	0	0	0	0	0	0.706482678947714	0	0.995317089313034	0.88829531959509	0.917041306882586	0.922882897031228	0.503003842772042
0	0	0	0	0	0	0	0	0	0	0	0	0	0	0	0	0	0	0	0	0	0	0	0	0	0	0	0	0	0	0	0	0	0	0	0	0	0	0	0	0	0	0	0	0	0	0	0	0	0	0	0	0	0	0	0	0	0	0	0	0	0	0	0	0	0	0	0	0	0	0	0	0.673674308058691	0	0.813417170442106	0.662900877867029	0.619264327106218	0.53744879322724	0.659558312551045	0	0	0	0	0	0.711003943084865	0	0.518173275877508	0.773395180563649	0.564027803561168	0.513808262559613
0	0	0	0	0	0	0	0	0	0	0	0	0	0	0	0	0	0	0	0	0	0	0	0	0	0	0	0	0	0	0	0	0	0	0	0	0	0	0	0	0	0	0	0	0	0	0	0	0	0	0	0	0	0	0	0	0	0	0	0	0	0	0	0	0	0	0	0	0	0	0	0	0.979982348021467	0.630373825202857	0	0.56391075391942	0.720315340125119	0.772528777821309	0.788955854414037	0.725585146286147	0	0	0	0	0	0	0	0.680614682942749	0.710582914825923	0.770382156637327
0	0	0	0	0	0	0	0	0	0	0	0	0	0	0	0	0	0	0	0	0	0	0	0	0	0	0	0	0	0	0	0	0	0	0	0	0	0	0	0	0	0	0	0	0	0	0	0	0	0	0	0	0	0	0	0	0	0	0	0	0	0	0	0	0	0	0	0	0	0	0	0	0.57078041889339	0.894661556579128	0.855063926951913	0	0.861640963274536	0	0.994425693492238	0.641937303662864	0.70080545150397	0	0	0	0	0.894531870939086	0	0	0.721276837844979	0.762676175029172
0	0	0	0	0	0	0	0	0	0	0	0	0	0	0	0	0	0	0	0	0	0	0	0	0	0	0	0	0	0	0	0	0	0	0	0	0	0	0	0	0	0	0	0	0	0	0	0	0	0	0	0	0	0	0	0	0	0	0	0	0	0	0	0	0	0	0	0	0	0	0	0	0	0.89003354221026	0.773658233322819	0.841555975994583	0	0.504708637848909	0.575974958201847	0.546553435593407	0.980453276429494	0.832390167948713	0	0	0	0	0	0	0	0.573528850150499
0	0	0	0	0	0	0	0	0	0	0	0	0	0	0	0	0	0	0	0	0	0	0	0	0	0	0	0	0	0	0	0	0	0	0	0	0	0	0	0	0	0	0	0	0	0	0	0	0	0	0	0	0	0	0	0	0	0	0	0	0	0	0	0	0	0	0	0	0	0	0	0	0.904999897681695	0.649306456982955	0.898320571546126	0	0.917004855898641	0	0.65379937732709	0.6834288911402	0.62999254802998	0.636272163083886	0.557005001502238	0	0	0	0	0	0	0
0	0	0	0	0	0	0	0	0	0	0	0	0	0	0	0	0	0	0	0	0	0	0	0	0	0	0	0	0	0	0	0	0	0	0	0	0	0	0	0	0	0	0	0	0	0	0	0	0	0	0	0	0	0	0	0	0	0	0	0	0	0	0	0	0	0	0	0	0	0	0	0	0	0.535408959132485	0.607604575208913	0.929196118191211	0.890740917599914	0.740699610655665	0	0.90811308289768	0.780466596241153	0.884678157170157	0.597853678965846	0.702870081439382	0	0	0	0	0	0
0	0	0	0	0	0	0	0	0	0	0	0	0	0	0	0	0	0	0	0	0	0	0	0	0	0	0	0	0	0	0	0	0	0	0	0	0	0	0	0	0	0	0	0	0	0	0	0	0	0	0	0	0	0	0	0	0	0	0	0	0	0	0	0	0	0	0	0	0	0	0	0	0	0	0.769233439227992	0.959707845318401	0.924156415933802	0.901954025776404	0.643961739883053	0	0.567396696452309	0.890511541474449	0.583942926539628	0.877153092669867	0.764611671614637	0	0	0	0	0
0	0	0	0	0	0	0	0	0	0	0	0	0	0	0	0	0	0	0	0	0	0	0	0	0	0	0	0	0	0	0	0	0	0	0	0	0	0	0	0	0	0	0	0	0	0	0	0	0	0	0	0	0	0	0	0	0	0	0	0	0	0	0	0	0	0	0	0	0	0	0	0	0	0	0	0.625504402087566	0.945453871155131	0.857754557427702	0.609747889388325	0.933644547793249	0	0.83577800806697	0.816357904004413	0.548953706206096	0.762275016709302	0.992214501974392	0	0	0	0
0	0	0	0	0	0	0	0	0	0	0	0	0	0	0	0	0	0	0	0	0	0	0	0	0	0	0	0	0	0	0	0	0	0	0	0	0	0	0	0	0	0	0	0	0	0	0	0	0	0	0	0	0	0	0	0	0	0	0	0	0	0	0	0	0	0	0	0	0	0	0	0	0	0	0	0	0.673605192620739	0.912980762493764	0.917627907050161	0.893826620991911	0.701463304153867	0	0.794802387431826	0.719594655673692	0.770973620972876	0.686416313453174	0.877096896169978	0	0	0
0	0	0	0	0	0	0	0	0	0	0	0	0	0	0	0	0	0	0	0	0	0	0	0	0	0	0	0	0	0	0	0	0	0	0	0	0	0	0	0	0	0	0	0	0	0	0	0	0	0	0	0	0	0	0	0	0	0	0	0	0	0	0	0	0	0	0	0	0	0	0	0	0	0	0	0	0	0.826066160455841	0.640319143404389	0.636104640341358	0.998487289921013	0.777186664824689	0	0.756291749765244	0.520595298481858	0	0.689059695190236	0.677300261163023	0.65972920750244	0
0	0	0	0	0	0	0	0	0	0	0	0	0	0	0	0	0	0	0	0	0	0	0	0	0	0	0	0	0	0	0	0	0	0	0	0	0	0	0	0	0	0	0	0	0	0	0	0	0	0	0	0	0	0	0	0	0	0	0	0	0	0	0	0	0	0	0	0	0	0	0	0	0.858539434077278	0	0	0	0	0	0.56990658835544	0.557432487087921	0.783467640917152	0.726718502540841	0.548971195011765	0	0.942635146795789	0.590029269311548	0.838912270363805	0.510710698040245	0.915743734298048	0
0	0	0	0	0	0	0	0	0	0	0	0	0	0	0	0	0	0	0	0	0	0	0	0	0	0	0	0	0	0	0	0	0	0	0	0	0	0	0	0	0	0	0	0	0	0	0	0	0	0	0	0	0	0	0	0	0	0	0	0	0	0	0	0	0	0	0	0	0	0	0	0	0	0.880900523688214	0	0	0	0	0	0.687249846263541	0.856693430634057	0.629294139931893	0.862904388378204	0.792782434009523	0	0.816336895164593	0.525008706356958	0	0.703027400320963	0.775142245239612
0	0	0	0	0	0	0	0	0	0	0	0	0	0	0	0	0	0	0	0	0	0	0	0	0	0	0	0	0	0	0	0	0	0	0	0	0	0	0	0	0	0	0	0	0	0	0	0	0	0	0	0	0	0	0	0	0	0	0	0	0	0	0	0	0	0	0	0	0	0	0	0	0.938546276171902	0	0	0.980628799029128	0	0	0	0	0.65736870542562	0.675075909356329	0	0.605457750645222	0.996753054035604	0	0.555720425370679	0.503724674445858	0.528820511881268	0.773333733631261
0	0	0	0	0	0	0	0	0	0	0	0	0	0	0	0	0	0	0	0	0	0	0	0	0	0	0	0	0	0	0	0	0	0	0	0	0	0	0	0	0	0	0	0	0	0	0	0	0	0	0	0	0	0	0	0	0	0	0	0	0	0	0	0	0	0	0	0	0	0	0	0	0.960594952037891	0.992165024818652	0	0	0	0	0	0	0	0.946557395928271	0.776724029569299	0.566163328452657	0.701922100568315	0.521029661643416	0	0.982936453496065	0.844502694421256	0.944503212491223
0	0	0	0	0	0	0	0	0	0	0	0	0	0	0	0	0	0	0	0	0	0	0	0	0	0	0	0	0	0	0	0	0	0	0	0	0	0	0	0	0	0	0	0	0	0	0	0	0	0	0	0	0	0	0	0	0	0	0	0	0	0	0	0	0	0	0	0	0	0	0	0	0.920180139630408	0.688081801327575	0.555226778785185	0	0	0	0	0	0	0	0.63938074036911	0.978952098386967	0	0.942889998576706	0.574184789186586	0	0.550395736858259	0.593725630674202
0	0	0	0	0	0	0	0	0	0	0	0	0	0	0	0	0	0	0	0	0	0	0	0	0	0	0	0	0	0	0	0	0	0	0	0	0	0	0	0	0	0	0	0	0	0	0	0	0	0	0	0	0	0	0	0	0	0	0	0	0	0	0	0	0	0	0	0	0	0	0	0	0.882194884989718	0.741154302513011	0.619747169813387	0.552953093391994	0	0	0	0	0	0	0.542696403342123	0.832226002580173	0.997324045592512	0.870988815327586	0.636152142464579	0.7860014632051	0	0.585481533700203
0	0	0	0	0	0	0	0	0	0	0	0	0	0	0	0	0	0	0	0	0	0	0	0	0	0	0	0	0	0	0	0	0	0	0	0	0	0	0	0	0	0	0	0	0	0	0	0	0	0	0	0	0	0	0	0	0	0	0	0	0	0	0	0	0	0	0	0	0	0	0	0	0.586961597839342	0.841441662876921	0.759974964061296	0.71536787202827	0.682092291813137	0	0	0	0	0	0	0	0.89477739656482	0.699849624206419	0.517322438918931	0.723967195401548	0.817769172802159	0
