0	0.968649514790348	0.581858983748831	0.907482679137493	0.981438650856771	0	0.745246116533895	0.840392191598083	0	0.554298737006417	0	0	0	0	0	0	0	0	0	0	0	0	0	0	0	0	0	0.988907955278886	0.710879055486782	0.912513814914977	0	0	0	0	0	0	0	0	0	0	0	0	0	0	0	0	0	0	0	0	0	0	0	0	0	0	0	0	0	0	0	0	0	0	0	0	0	0	0	0	0	0	0	0	0	0	0	0	0	0	0	0	0	0	0	0	0	0	0	0
0.639526714403587	0	0.541847326674037	0.898136102231854	0.518318074162287	0.559336926524872	0	0	0	0	0	0	0	0	0	0	0.660247375892898	0	0	0	0	0	0	0	0	0	0	0.790027964744631	0.662621889906995	0.536119813263919	0	0	0	0	0	0	0	0	0	0	0	0	0	0	0	0	0	0	0	0	0	0	0	0	0	0	0	0	0	0	0	0	0	0	0	0	0	0	0	0	0	0	0	0	0	0	0	0	0	0	0	0	0	0	0	0	0	0	0	0
0.749169940234246	0.554160586890619	0	0.829482134325008	0.613886163435879	0.635423729023918	0.500988549312368	0	0	0	0	0	0	0	0	0	0	0	0	0	0	0	0	0	0	0	0	0	0.736788470079061	0.993131877975639	0	0	0	0	0	0	0	0	0	0	0	0	0	0	0	0	0	0	0	0	0	0	0	0	0	0	0	0	0	0	0	0	0	0	0	0	0	0	0	0	0	0	0	0	0	0	0	0	0	0	0	0	0	0	0	0	0	0	0	0
0.681762435694848	0.539514281898386	0.713820451303341	0	0	0.701875554643876	0.918742466952739	0.824543955538094	0	0	0	0	0	0	0	0.759932249183881	0	0	0	0	0	0	0	0	0	0	0	0	0	0.976672101217066	0	0	0	0	0	0	0	0	0	0	0	0	0	0	0	0	0	0	0	0	0	0	0	0	0	0	0	0	0	0	0	0	0	0	0	0	0	0	0	0	0	0	0	0	0	0	0	0	0	0	0	0	0	0	0	0	0	0	0	0
0.613597510392751	0.730140016234797	0.60986207263843	0	0	0.751566352555729	0.88988851795167	0.524669995702624	0.866734555838179	0	0	0	0	0	0	0	0	0	0	0	0	0	0	0	0	0	0	0	0	0	0	0	0	0	0	0	0	0	0	0	0	0	0	0	0	0	0	0	0	0	0	0	0	0	0	0	0	0	0	0	0	0	0	0	0	0	0	0	0	0	0	0	0	0	0	0	0	0	0	0	0	0	0	0	0	0	0	0	0	0
0	0.60560209860635	0.504669144622605	0.964568749199483	0.709956295547213	0	0.923859013720378	0.802630743038604	0.89265056897417	0.597910478883428	0	0	0	0	0	0	0	0	0	0	0	0	0	0	0	0	0	0	0	0	0	0	0	0	0	0	0	0	0	0	0	0	0	0	0	0	0	0	0	0	0	0	0	0	0	0	0	0	0	0	0	0	0	0	0	0	0	0	0	0	0	0	0	0	0	0	0	0	0	0	0	0	0	0	0	0	0	0	0	0
0.702011567331709	0	0.768160351582802	0.881923761806791	0.588593560796767	0.914124127792354	0	0.518932825996115	0.789930286319473	0.709970974198443	0	0	0	0	0	0	0	0	0	0	0	0	0	0	0	0	0	0	0	0	0	0	0	0	0	0	0	0	0	0	0	0	0	0	0	0	0	0	0	0	0	0	0	0	0	0	0	0	0	0	0	0	0	0	0	0	0	0	0	0	0	0	0	0	0	0	0	0	0	0	0	0	0	0	0	0	0	0	0	0
0.920702119021717	0	0	0.841194554771349	0.967114578360484	0.834958387804844	0.578131589016865	0	0.882429827841897	0.694324162763418	0.718453544681713	0	0	0	0	0	0	0	0	0	0	0	0	0	0	0	0	0	0	0	0	0	0	0	0	0	0	0	0	0	0	0	0	0	0	0	0	0	0	0	0	0	0	0	0	0	0	0	0	0	0	0	0	0	0	0	0	0	0	0	0	0	0	0	0	0	0	0	0	0	0	0	0	0	0	0	0	0	0	0
0	0	0	0	0.576824647289248	0.77258728957793	0.715133925560991	0.733473040844347	0	0.687851894489715	0.74041688929159	0.860621623221586	0.576341362232746	0.735639840357146	0	0	0	0	0	0	0	0	0	0	0	0	0	0	0	0	0	0	0	0	0	0	0	0	0	0	0	0	0	0	0	0	0	0	0	0	0	0	0	0	0	0	0	0	0	0	0	0	0	0	0	0	0	0	0	0	0	0	0	0	0	0	0	0	0	0	0	0	0	0	0	0	0	0	0	0
0.507685099978205	0	0	0	0	0.849986080412961	0.972167020647999	0.843078193168281	0.687564995042964	0	0	0	0	0.692934500555977	0	0	0.594936817237542	0	0	0	0	0	0	0	0	0	0.750370988296143	0	0.666452255295384	0	0	0	0	0	0	0	0	0	0	0	0	0	0	0	0	0	0	0	0	0	0	0	0	0	0	0	0	0	0	0	0	0	0	0	0	0	0	0	0	0	0	0	0	0	0	0	0	0	0	0	0	0	0	0	0	0	0	0	0	0
0	0	0	0	0	0	0	0.562810557717277	0.620914451377148	0	0	0.759161352715519	0.577720057546736	0.846979034504431	0.725537056787026	0	0	0	0	0	0	0	0	0	0	0	0	0	0	0	0	0	0	0	0	0	0	0	0	0	0	0	0	0	0	0	0	0	0	0	0	0	0	0	0	0	0	0	0	0	0	0	0	0	0	0	0	0	0	0	0	0	0	0	0	0	0	0	0	0	0	0	0	0	0	0	0	0	0	0
0	0	0	0	0	0	0	0	0.912529348300833	0	0.540107385280747	0	0.504965950905722	0.696040145671967	0	0.893407934503983	0	0.690397085857748	0	0	0	0	0	0	0	0	0	0	0	0	0	0	0	0	0	0	0	0	0	0	0	0	0	0	0	0	0	0	0	0	0	0	0	0	0	0	0	0	0	0	0	0	0	0	0	0	0	0	0	0	0	0	0	0	0	0	0	0	0	0	0	0	0	0	0	0	0	0	0	0
0	0	0	0	0	0	0	0	0.753497501874396	0	0.634746823334161	0.696524662468761	0	0.787086673881824	0.927006436001642	0.513992955292021	0.881337321119626	0	0	0	0	0	0	0	0	0	0	0	0	0	0	0	0	0	0	0	0	0	0	0	0	0	0	0	0	0	0	0	0	0	0	0	0	0	0	0	0	0	0	0	0	0	0	0	0	0	0	0	0	0	0	0	0	0	0	0	0	0	0	0	0	0	0	0	0	0	0	0	0	0
0	0	0	0	0	0	0	0	0.945414251729447	0.619642084129768	0.611443484409852	0.547515685423127	0.918842367747528	0	0.678408742317845	0.713642369495106	0.96965999271948	0	0	0	0	0	0	0	0	0	0	0	0	0	0	0	0	0	0	0	0	0	0	0	0	0	0	0	0	0	0	0	0	0	0	0	0	0	0	0	0	0	0	0	0	0	0	0	0	0	0	0	0	0	0	0	0	0	0	0	0	0	0	0	0	0	0	0	0	0	0	0	0	0
0	0	0	0	0	0	0	0	0	0	0.576103425321325	0	0.7482253960699	0.952008195338311	0	0.826440035351088	0.507888307356921	0.85375568092745	0.870410072793331	0	0	0	0	0	0	0	0	0	0	0	0	0	0	0	0	0	0	0	0	0	0	0	0	0	0	0	0	0	0	0	0	0	0	0	0	0	0	0	0	0	0	0	0	0	0	0	0	0	0	0	0	0	0	0	0	0	0	0	0	0	0	0	0	0	0	0	0	0	0	0
0	0	0	0.82253599162072	0	0	0	0	0	0	0	0.616234068584021	0.584111704442147	0.828647406750478	0.867122147777699	0	0.702916314103359	0.70591748399932	0.67714864775242	0.91524851874775	0	0	0	0	0	0	0	0	0	0	0	0	0	0	0	0	0	0	0	0	0	0	0	0	0	0	0	0	0	0	0	0	0	0	0	0	0	0	0	0	0	0	0	0	0	0	0	0	0	0	0	0	0	0	0	0	0	0	0	0	0	0	0	0	0	0	0	0	0	0
0	0.89762972878156	0	0	0	0	0	0	0	0.573985055016518	0	0	0.819583296240823	0.549174577390591	0.850683371610815	0.90179960718463	0	0	0.666556252521613	0.576693257511522	0.954300570437037	0	0	0	0	0	0	0	0	0	0	0	0	0	0	0	0	0	0	0	0	0	0	0	0	0	0	0	0	0	0	0	0	0	0	0	0	0	0	0	0	0	0	0	0	0	0	0	0	0	0	0	0	0	0	0	0	0	0	0	0	0	0	0	0	0	0	0	0	0
0	0	0	0	0	0	0	0	0	0	0	0.602838363997962	0	0	0.726372754445024	0.525275375661029	0	0	0.962807833944986	0.684908991269373	0	0.822351828311045	0	0	0	0	0	0	0.535117340222311	0	0	0	0	0	0	0	0	0	0	0	0	0	0	0	0	0	0	0	0	0	0	0	0	0	0	0	0	0	0	0	0	0	0	0	0	0	0	0	0	0	0	0	0	0	0	0	0	0	0	0	0	0	0	0	0	0	0	0	0	0
0	0	0	0	0	0	0	0	0	0	0	0	0	0	0.733104486496208	0.997034991722437	0.75125562766747	0.870144533062866	0	0.905023313608466	0.571631815212142	0.629262159130693	0.900401635939418	0	0	0	0	0	0	0	0	0	0	0	0	0	0	0	0	0	0	0	0	0	0	0	0	0	0	0	0	0	0	0	0	0	0	0	0	0	0	0	0	0	0	0	0	0	0	0	0	0	0	0	0	0	0	0	0	0	0	0	0	0	0	0	0	0	0	0
0	0	0	0	0	0	0	0	0	0	0	0	0	0	0	0.885546277597627	0.682826164885963	0.569011022827835	0.566620594824975	0	0.99034025218475	0.689108261435833	0.81027128460494	0.515814521799189	0	0	0	0	0	0	0	0	0	0	0	0	0	0	0	0	0	0	0	0	0	0	0	0	0	0	0	0	0	0	0	0	0	0	0	0	0	0	0	0	0	0	0	0	0	0	0	0	0	0	0	0	0	0	0	0	0	0	0	0	0	0	0	0	0	0
0	0	0	0	0	0	0	0	0	0	0	0	0	0	0	0	0.994716978125559	0	0.665904890388894	0.716710019025155	0	0.597215591643666	0.607674422479744	0.659663571219881	0.939930089797924	0	0.524973834058865	0	0	0	0	0	0	0	0	0	0	0	0	0	0	0	0	0	0	0	0	0	0	0	0	0	0	0	0	0	0	0	0	0	0	0	0	0	0	0	0	0	0	0	0	0	0	0	0	0	0	0	0	0	0	0	0	0	0	0	0	0	0	0
0	0	0	0	0	0	0	0	0	0	0	0	0	0	0	0	0	0.669443603292671	0.925358768219335	0.903695701440456	0.595015726243522	0	0.827259217318782	0.876166345331559	0.804005156026964	0.553898704087953	0	0	0	0	0	0	0	0	0	0	0	0	0	0	0	0	0	0	0	0	0	0	0	0	0	0	0	0	0	0	0	0	0	0	0	0	0	0	0	0	0	0	0	0	0	0	0	0	0	0	0	0	0	0	0	0	0	0	0	0	0	0	0	0
0	0	0	0	0	0	0	0	0	0	0	0	0	0	0	0	0	0	0.764741907524901	0.957395974671595	0.910297672092686	0.57723967218615	0	0.732017991148933	0.783458632953328	0.865362837482429	0.775771947872982	0	0	0	0	0	0	0	0	0	0	0	0	0	0	0	0	0	0	0	0	0	0	0	0	0	0	0	0	0	0	0	0	0	0	0	0	0	0	0	0	0	0	0	0	0	0	0	0	0	0	0	0	0	0	0	0	0	0	0	0	0	0	0
0	0	0	0	0	0	0	0	0	0	0	0	0	0	0	0	0	0	0	0.702350832574523	0.704485242040917	0.659819486671629	0.567227162921259	0	0.527803167475706	0.699711238147244	0.55842895757989	0.929644427303073	0	0	0	0	0	0	0	0	0	0	0	0	0	0	0	0	0	0	0	0	0	0	0	0	0	0	0	0	0	0	0	0	0	0	0	0	0	0	0	0	0	0	0	0	0	0	0	0	0	0	0	0	0	0	0	0	0	0	0	0	0	0
0	0	0	0	0	0	0	0	0	0	0	0	0	0	0	0	0	0	0	0	0.866834801922078	0.734670581074777	0.723687874069273	0.614386102400034	0	0.929978813047348	0.881862344606036	0.763799931057105	0.769818970734646	0	0	0	0	0	0	0	0	0	0	0	0	0	0	0	0	0	0	0	0	0	0	0	0	0	0	0	0	0	0	0	0	0	0	0	0	0	0	0	0	0	0	0	0	0	0	0	0	0	0	0	0	0	0	0	0	0	0	0	0	0
0	0	0	0	0	0	0	0	0	0	0	0	0	0	0	0	0	0	0	0	0	0.651897902985669	0.703469532200854	0.932047381450126	0.59364894469315	0	0.776916279607886	0.907792300945501	0.62192116715956	0.920288697714891	0	0	0	0	0	0	0	0	0	0	0	0	0	0	0	0	0	0	0	0	0	0	0	0	0	0	0	0	0	0	0	0	0	0	0	0	0	0	0	0	0	0	0	0	0	0	0	0	0	0	0	0	0	0	0	0	0	0	0	0
0	0	0	0	0	0	0	0	0	0.732660665299917	0	0	0	0	0	0	0	0	0	0	0.951463714761541	0	0.768962161449928	0.514026414237667	0.565514768235313	0.560557473530619	0	0	0.913285975629365	0.93652289283555	0	0	0	0	0	0	0	0	0	0	0	0	0	0	0	0	0	0	0	0	0	0	0	0	0	0	0	0	0	0	0	0	0	0	0	0	0	0	0	0	0	0	0	0	0	0	0	0	0	0	0	0	0	0	0	0	0	0	0	0
0.994809589473376	0.973614840272149	0	0	0	0	0	0	0	0	0	0	0	0	0	0	0	0	0	0	0	0	0	0.935449832382725	0.511365680880649	0.768123606822595	0	0	0.924917396830071	0.676867252848669	0	0	0	0	0	0	0	0	0	0	0	0	0	0	0	0	0	0	0	0	0	0	0	0	0	0	0	0	0	0	0	0	0	0	0	0	0	0	0	0	0	0	0	0	0	0	0	0	0	0	0	0	0	0	0	0	0	0	0	0
0.616199531940626	0.579448527583636	0.683406068126887	0	0	0	0	0	0	0.584549918785219	0	0	0	0	0	0	0	0.786367289007243	0	0	0	0	0	0	0.829668650141959	0.683690413546889	0.681705069131565	0.641602440935381	0	0.812507849918712	0	0	0	0	0	0	0	0	0	0	0	0	0	0	0	0	0	0	0	0	0	0	0	0	0	0	0	0	0	0	0	0	0	0	0	0	0	0	0	0	0	0	0	0	0	0	0	0	0	0	0	0	0	0	0	0	0	0	0	0
0.676724545208179	0.553506345957304	0.592001651451547	0.661194744159253	0	0	0	0	0	0	0	0	0	0	0	0	0	0	0	0	0	0	0	0	0	0.635533607401705	0.709401301365287	0.646769838669462	0.505486518145923	0	0	0	0	0	0	0	0	0	0	0	0	0	0	0	0	0	0	0	0	0	0	0	0	0	0	0	0	0	0	0	0	0	0	0	0	0	0	0	0	0	0	0	0	0	0	0	0	0	0	0	0	0	0	0	0	0	0	0	0	0
0	0	0	0	0	0	0	0	0	0	0	0	0	0	0	0	0	0	0	0	0	0	0	0	0	0	0	0	0	0	0	0.617022721380241	0.640688742762576	0	0	0.538015390080392	0	0	0	0	0	0	0	0	0	0	0	0	0.865800507419833	0.941583305502795	0.884969071934503	0.60184834161897	0	0	0	0.727603373165399	0	0.531689569675866	0.671696659038723	0.981354628645657	0	0	0	0	0	0	0	0	0	0	0	0	0	0	0	0	0	0	0	0	0	0	0	0	0	0	0	0	0	0
0	0	0	0	0	0	0	0	0	0	0	0	0	0	0	0	0	0	0	0	0	0	0	0	0	0	0	0	0	0	0.54943525697398	0	0.738535462555108	0.995004888622124	0.653630080840454	0	0.618834969436867	0	0	0	0	0	0	0	0	0	0.914318095483072	0	0	0	0	0	0	0	0	0	0.554172578142966	0.861447663933233	0	0.788850384268979	0	0	0	0	0	0	0	0	0	0	0	0	0	0	0	0	0	0	0	0	0	0	0	0	0	0	0	0	0	0
0	0	0	0	0	0	0	0	0	0	0	0	0	0	0	0	0	0	0	0	0	0	0	0	0	0	0	0	0	0	0.848387934553935	0.77114694387152	0	0.821790421831522	0.670213381788346	0	0.577399637795234	0	0	0.921922858457641	0	0	0.821508538317484	0.774569429197926	0	0.501109937267891	0	0.519261726313954	0	0	0	0	0	0.53561516099435	0	0	0	0.64400533188897	0	0	0	0	0	0	0	0	0	0	0	0	0	0	0	0	0	0	0	0	0	0	0	0	0	0	0	0	0	0	0	0
0	0	0	0	0	0	0	0	0	0	0	0	0	0	0	0	0	0	0	0	0	0	0	0	0	0	0	0	0	0	0	0.957656165390463	0.677536097081715	0	0	0.805846398034611	0.64911540726238	0.799709031806898	0.507208146915988	0	0.700299065390653	0	0	0.773993789993437	0	0	0	0	0	0	0	0	0	0	0	0	0	0	0	0.647720805778656	0	0	0	0	0	0	0	0	0	0	0	0	0	0	0	0	0	0	0	0	0	0	0	0	0	0	0	0	0	0
0	0	0	0	0	0	0	0	0	0	0	0	0	0	0	0	0	0	0	0	0	0	0	0	0	0	0	0	0	0	0	0.706459906322671	0.578085962551825	0	0	0.594850228425341	0.792707374241902	0.57397664555273	0.586751395518324	0	0	0	0	0	0.830506436007291	0	0	0	0	0	0	0	0	0	0	0	0	0	0.747359683039636	0	0	0	0	0	0	0	0	0	0	0	0	0	0	0	0	0	0	0	0	0	0	0	0	0	0	0	0	0	0	0
0	0	0	0	0	0	0	0	0	0	0	0	0	0	0	0	0	0	0	0	0	0	0	0	0	0	0	0	0	0	0.875553384535145	0	0	0.79775873081819	0.65683644448358	0	0	0.818344854617114	0.719186558284467	0	0.917067235444518	0.55657807092495	0	0	0	0	0	0.839560446622529	0	0	0	0.749840214301546	0	0	0	0	0	0	0	0	0	0	0	0	0	0	0	0	0	0	0	0	0	0	0	0	0	0	0	0	0	0	0	0	0	0	0	0	0	0
0	0	0	0	0	0	0	0	0	0	0	0	0	0	0	0	0	0	0	0	0	0	0	0	0	0	0	0	0	0	0	0.648936811867098	0.657722006770303	0.627858797882397	0.880218097343106	0	0	0.584737716295551	0.678494312475321	0	0.889254963253295	0.862941522269918	0	0	0	0	0	0.834630246819604	0	0.97960317355928	0	0	0	0	0	0	0	0	0	0	0	0	0	0	0	0	0	0	0	0	0	0	0	0	0	0	0	0	0	0	0	0	0	0	0	0	0	0	0	0
0	0	0	0	0	0	0	0	0	0	0	0	0	0	0	0	0	0	0	0	0	0	0	0	0	0	0	0	0	0	0	0	0	0.653788475223505	0.645715477605344	0.592420661043924	0.630135803027933	0	0.748422181477033	0.854908004101637	0.731863854935629	0.60858079809786	0.8976322788327	0.906228932354323	0	0	0	0	0	0	0	0	0	0	0	0	0	0	0	0	0	0	0	0	0	0	0	0	0	0	0	0	0	0	0	0	0	0	0	0	0	0	0	0	0	0	0	0	0	0
0	0	0	0	0	0	0	0	0	0	0	0	0	0	0	0	0	0	0	0	0	0	0	0	0	0	0	0	0	0	0	0	0	0.841203245417732	0.786201925483559	0.852342047550812	0.536841566054252	0.926155984294998	0	0.786532092532872	0.637701389368449	0	0	0.785120959360138	0.859406031321646	0.900249288500719	0	0	0	0	0	0	0	0	0	0.890502765057661	0	0	0	0	0	0	0	0	0	0	0	0	0	0	0	0	0	0	0	0	0	0	0	0	0	0	0	0	0	0	0	0	0	0
0	0	0	0	0	0	0	0	0	0	0	0	0	0	0	0	0	0	0	0	0	0	0	0	0	0	0	0	0	0	0	0	0.748699247380358	0	0	0	0	0.884038344064473	0.614653734965087	0	0	0.52603440341918	0.925208343786343	0.901212584756701	0.668906945822172	0	0	0	0	0	0	0	0	0	0	0	0	0	0	0	0	0	0	0	0	0	0	0	0	0	0	0	0	0	0	0	0	0	0	0	0	0	0	0	0	0	0	0	0	0
0	0	0	0	0	0	0	0	0	0	0	0	0	0	0	0	0	0	0	0	0	0	0	0	0	0	0	0	0	0	0	0	0	0.844062657024192	0	0.83351650543959	0.587550669070404	0.752943372354295	0.806441056623601	0	0	0.88188515913569	0.920308141229716	0	0	0.7237245602327	0	0	0	0.649584276679252	0	0	0	0	0	0	0	0	0	0	0	0	0	0	0	0	0	0	0	0	0	0	0	0	0	0	0	0	0	0	0	0	0	0	0	0	0	0	0	0
0	0	0	0	0	0	0	0	0	0	0	0	0	0	0	0	0	0	0	0	0	0	0	0	0	0	0	0	0	0	0	0	0	0	0	0.76676365841374	0.820441583332975	0.654614473628163	0	0.632245634738428	0.837087703761438	0	0.818215654768948	0.65768604677351	0.626015475504443	0.89565366808316	0.852628272697777	0	0	0.675775172475779	0	0	0	0.866381076850409	0	0	0	0	0.943517141687517	0	0	0	0	0	0	0	0	0	0	0	0	0	0	0	0	0	0	0	0	0	0	0	0	0	0	0	0	0	0	0
0	0	0	0	0	0	0	0	0	0	0	0	0	0	0	0	0	0	0	0	0	0	0	0	0	0	0	0	0	0	0	0	0.840364648279615	0	0	0	0	0.548477727954289	0	0.557963293546986	0.948018486356196	0.590454575479662	0	0.956067525038824	0.76520736359691	0	0.667575534831801	0.765373830857758	0	0	0.895966286650789	0	0	0	0	0	0	0	0.954475312063245	0	0	0	0	0	0	0	0	0	0	0	0	0	0	0	0	0	0	0	0	0	0	0	0	0	0	0	0	0	0	0
0	0	0	0	0	0	0	0	0	0	0	0	0	0	0	0	0	0	0	0	0	0	0	0	0	0	0	0	0	0	0	0	0.774254564795063	0.596022964744637	0	0	0	0.81314407651014	0.656227176046657	0.96089358774559	0	0.831495833265059	0.60149348746915	0	0	0.948037248201255	0.821058629789698	0	0.79839783854132	0	0	0	0	0	0	0	0	0	0	0	0	0	0	0	0	0	0	0	0	0	0	0	0	0	0	0	0	0	0	0	0	0	0	0	0	0	0	0	0	0
0	0	0	0	0	0	0	0	0	0	0	0	0	0	0	0	0	0	0	0	0	0	0	0	0	0	0	0	0	0	0	0	0	0	0.648264220391519	0	0	0	0.964693102835527	0.846656095999136	0	0.684019744577762	0.950203960288955	0	0	0.818603189054194	0.535156742839982	0.968488547385105	0.671689428274	0.524251781841861	0	0	0	0	0	0	0.713459806852109	0	0	0.985233032232601	0	0	0	0	0	0	0	0	0	0	0	0	0	0	0	0	0	0	0	0	0	0	0	0	0	0	0	0	0	0
0	0	0	0	0	0	0	0	0	0	0	0	0	0	0	0	0	0	0	0	0	0	0	0	0	0	0	0	0	0	0	0	0.624416534695509	0	0	0	0	0	0.572809746665393	0	0.951675897591525	0.732008298612828	0	0.704982230296787	0.544038826833764	0	0	0.930407492224694	0.704858505951203	0.897313750076439	0.814530202339709	0.828714523142484	0.803837339777215	0	0	0	0	0	0	0	0	0	0	0	0	0	0	0	0	0	0	0	0	0	0	0	0	0	0	0	0	0	0	0	0	0	0	0	0	0
0	0	0	0	0	0	0	0	0	0	0	0	0	0	0	0	0	0	0	0	0	0	0	0	0	0	0	0	0	0	0	0.845197622325684	0	0	0	0	0	0	0	0	0	0.761013621133457	0.566810488055285	0.924363976744706	0.90334216803412	0	0	0.625850943772977	0.668560275208377	0.951398648839353	0.558142891029929	0.518340753775709	0	0	0	0	0	0	0	0	0	0	0	0	0	0	0	0	0	0	0	0	0	0	0	0	0	0	0	0	0	0	0	0	0	0	0	0	0	0
0	0	0	0	0	0	0	0	0	0	0	0	0	0	0	0	0	0	0	0	0	0	0	0	0	0	0	0	0	0	0	0	0.708180452771572	0	0	0.645527157909016	0.509802311853978	0	0	0	0	0	0.568874721345279	0	0.6961918566102	0.663891227758434	0.565851741950237	0	0	0.692760187289903	0.613484754367132	0.9909636298045	0.56798644313991	0	0	0	0	0	0	0	0	0	0	0	0	0	0	0	0	0	0	0	0	0	0	0	0	0	0	0	0	0	0	0	0	0	0	0	0	0
0	0	0	0	0	0	0	0	0	0	0	0	0	0	0	0	0	0	0	0	0	0	0	0	0	0	0	0	0	0	0.732448027805551	0	0	0	0	0	0	0	0	0	0	0	0	0.667906748615027	0.675882234753038	0.711719320351557	0.882281987720671	0	0	0	0.882857161335112	0	0.701497010002767	0.669435537812087	0	0.672339205988683	0	0	0	0	0	0	0	0	0	0	0	0	0	0	0	0	0	0	0	0	0	0	0	0	0	0	0	0	0	0	0	0	0	0
0	0	0	0	0	0	0	0	0	0	0	0	0	0	0	0	0	0	0	0	0	0	0	0	0	0	0	0	0	0	0.554126458076822	0	0	0	0	0	0.841094205924083	0	0	0	0.758531045236476	0.505232652220232	0	0	0.504259639477461	0.678797476648272	0.925251328906406	0.903431757435329	0	0	0	0.747112483931214	0	0.840006814142301	0.727283925468908	0	0	0	0	0	0	0	0	0	0	0	0	0	0	0	0	0	0	0	0	0	0	0	0	0	0	0	0	0	0	0	0	0	0	0
0	0	0	0	0	0	0	0	0	0	0	0	0	0	0	0	0	0	0	0	0	0	0	0	0	0	0	0	0	0	0.511806290504832	0	0	0	0	0	0	0	0	0	0	0	0.927713119797201	0	0	0.554907291478052	0.840466919451334	0.901328836313079	0.719530187092674	0	0	0.905746483159446	0.505486456431312	0.563023070868745	0.697138146304788	0.537158659372992	0	0	0	0	0	0	0	0	0	0	0	0	0	0	0	0	0	0	0	0	0	0	0	0	0	0	0	0	0	0	0	0	0	0
0	0	0	0	0	0	0	0	0	0	0	0	0	0	0	0	0	0	0	0	0	0	0	0	0	0	0	0	0	0	0.862278405393724	0	0	0	0	0.833614126865061	0	0	0	0	0	0	0	0	0	0.944548843528322	0.963923111892099	0.548148542832089	0	0.86076225355875	0.611851379904905	0	0.575605516299461	0	0.853393915332306	0.817429903794128	0	0	0	0.591292770700895	0	0	0	0	0	0	0	0	0	0	0	0	0	0	0	0	0	0	0	0	0	0	0	0	0	0	0	0	0	0
0	0	0	0	0	0	0	0	0	0	0	0	0	0	0	0	0	0	0	0	0	0	0	0	0	0	0	0	0	0	0	0	0	0	0	0	0	0	0	0	0	0	0	0	0	0.891097079050163	0	0.664828422122683	0.710743865915703	0	0.783709253400754	0.521645987602254	0	0.850567989209601	0	0.809649040690204	0.779039280857504	0.706246856063269	0	0	0	0	0	0	0	0	0	0	0	0	0	0	0	0	0	0	0	0	0	0	0	0	0	0	0	0	0	0	0	0
0	0	0	0	0	0	0	0	0	0	0	0	0	0	0	0	0	0	0	0	0	0	0	0	0	0	0	0	0	0	0	0	0.518512109875915	0	0	0	0	0	0	0	0	0.961444471744797	0	0	0	0	0	0	0.71062451138285	0.511551976299954	0.549663978134749	0	0.858002535332017	0	0.894520876098078	0.600825326862657	0	0.765805794573878	0.500452336527546	0	0	0	0	0	0	0	0	0	0	0	0	0	0	0	0	0	0	0	0	0	0	0	0	0	0	0	0	0	0	0
0	0	0	0	0	0	0	0	0	0	0	0	0	0	0	0	0	0	0	0	0	0	0	0	0	0	0	0	0	0	0	0	0	0	0	0	0	0	0	0	0	0	0	0	0	0	0	0	0	0.897893642038462	0.622771600211172	0.955929212828159	0	0.891073429892324	0	0.922912508545421	0.873893257657912	0.59085494481865	0.873841328531731	0.855139537618596	0	0	0	0	0	0	0	0	0	0	0	0	0	0	0	0	0	0	0	0	0	0	0	0	0	0	0	0	0	0
0	0	0	0	0	0	0	0	0	0	0	0	0	0	0	0	0	0	0	0	0	0	0	0	0	0	0	0	0	0	0.956877838573417	0	0	0	0	0	0	0	0.507264720441657	0	0	0	0	0	0	0	0	0	0.812961191951821	0	0.819872330621894	0.689704294327333	0.648779313677208	0.719856088766921	0.782732515901928	0	0	0.880712655828517	0.702216889313027	0.539861197472246	0	0	0	0	0	0	0	0	0	0	0	0	0	0	0	0	0	0	0	0	0	0	0	0	0	0	0	0	0	0
0	0	0	0	0	0	0	0	0	0	0	0	0	0	0	0	0	0	0	0	0	0	0	0	0	0	0	0	0	0	0	0.807887287869518	0	0	0	0	0	0	0	0	0	0	0	0	0.77318407110522	0	0	0	0	0	0	0	0.588476458451479	0	0.87588280889664	0	0	0.973431413905115	0.540374362184761	0.537626612724326	0	0	0	0	0	0	0	0	0	0	0	0	0	0	0	0	0	0	0	0	0	0	0	0	0	0	0	0	0	0
0	0	0	0	0	0	0	0	0	0	0	0	0	0	0	0	0	0	0	0	0	0	0	0	0	0	0	0	0	0	0.91948998280275	0.726687235222037	0.592471849769374	0	0	0	0	0	0	0	0	0	0	0	0	0	0	0	0	0	0	0	0.584447036862715	0.769672751991478	0.83359169453506	0.73748840777415	0.678132377701873	0	0	0.964197698630748	0	0	0	0	0	0	0	0	0	0	0	0	0	0	0	0	0	0	0	0	0	0	0	0	0	0	0	0	0	0
0	0	0	0	0	0	0	0	0	0	0	0	0	0	0	0	0	0	0	0	0	0	0	0	0	0	0	0	0	0	0.652324174139283	0	0	0	0.855543011476501	0	0	0	0	0	0	0.984255048323994	0.63045061240133	0	0	0	0	0	0	0	0	0	0	0.886436031487676	0.698207625097857	0.577372678618742	0.788158193440019	0	0	0.504023681382354	0	0	0	0	0	0	0	0	0	0	0	0	0	0	0	0	0	0	0	0	0	0	0	0	0	0	0	0	0	0
0	0	0	0	0	0	0	0	0	0	0	0	0	0	0	0	0	0	0	0	0	0	0	0	0	0	0	0	0	0	0.592560360546104	0.969985417646021	0	0.867069612521934	0	0	0	0	0	0	0	0	0	0	0.794698464903264	0	0	0	0	0	0	0.781252457122276	0	0	0.87797673718138	0.969802770082951	0.8408443915554	0.797050262882744	0.74087856337091	0	0	0	0	0	0	0	0	0	0	0	0	0	0	0	0	0	0	0	0	0	0	0	0	0	0	0	0	0	0	0
0	0	0	0	0	0	0	0	0	0	0	0	0	0	0	0	0	0	0	0	0	0	0	0	0	0	0	0	0	0	0	0	0	0	0	0	0	0	0	0	0	0	0	0	0	0	0	0	0	0	0	0	0	0	0	0	0	0	0	0	0	0.729127670941984	0.595347401947719	0	0	0.816109038017414	0	0.689529824213264	0	0.692151963057386	0	0	0	0.868077246264132	0	0.702038867721241	0.636567874960019	0	0	0	0.910792220498141	0.65162227778731	0	0.68010682946563	0	0.879501660749084	0	0	0	0.574384652319555
0	0	0	0	0	0	0	0	0	0	0	0	0	0	0	0	0	0	0	0	0	0	0	0	0	0	0	0	0	0	0	0	0	0	0	0	0	0	0	0	0	0	0	0	0	0	0	0	0	0	0	0	0	0	0	0	0	0	0	0	0.641340450628483	0	0.991328092917022	0.994877570711696	0	0.547655496232154	0.719663117120576	0	0.884214376183353	0	0.617469922279075	0	0	0	0	0.693399440240469	0	0	0.590015687624168	0	0	0	0.56085611213475	0.977395096522918	0	0	0	0	0.936510538089558	0.890063688388348
0	0	0	0	0	0	0	0	0	0	0	0	0	0	0	0	0	0	0	0	0	0	0	0	0	0	0	0	0	0	0	0	0	0	0	0	0	0	0	0	0	0	0	0	0	0	0	0	0	0	0	0	0	0	0	0	0	0	0	0	0.909664839744094	0.689274367820347	0	0.82445124429319	0.772411480123389	0	0	0	0	0.523462121967595	0	0	0	0	0.646324775667716	0	0	0.628273097823051	0.917124098937708	0	0	0	0.929712742911198	0.514483800504728	0.708634662707765	0	0.771838901741003	0	0	0
0	0	0	0	0	0	0	0	0	0	0	0	0	0	0	0	0	0	0	0	0	0	0	0	0	0	0	0	0	0	0	0	0	0	0	0	0	0	0	0	0	0	0	0	0	0	0	0	0	0	0	0	0	0	0	0	0	0	0	0	0	0.948652830784209	0.548335117142618	0	0.79012997291866	0	0	0	0	0	0	0	0	0.599212369194736	0	0.528930890515622	0.826629113573646	0.797932153680728	0.827290344477038	0	0	0.576946911586861	0.58498253680795	0.607727212012843	0	0	0	0.827394856717289	0.583178918682862	0
0	0	0	0	0	0	0	0	0	0	0	0	0	0	0	0	0	0	0	0	0	0	0	0	0	0	0	0	0	0	0	0	0	0	0	0	0	0	0	0	0	0	0	0	0	0	0	0	0	0	0	0	0	0	0	0	0	0	0	0	0	0	0.562444372663865	0.698649555564919	0	0	0.855992677554716	0.706999827377216	0.736346229464307	0.780315847899769	0.5202482904627	0.854840294872512	0	0.515682248811029	0	0	0	0	0	0	0	0.799597868026404	0	0	0	0	0	0	0	0
0	0	0	0	0	0	0	0	0	0	0	0	0	0	0	0	0	0	0	0	0	0	0	0	0	0	0	0	0	0	0	0	0	0	0	0	0	0	0	0	0	0	0	0	0	0	0	0	0	0	0	0	0	0	0	0	0	0	0	0	0.84217900688995	0.842433661980562	0	0	0	0	0	0	0.794852954971245	0.762685659872587	0	0.816529807613699	0.953141369617866	0.652856689865124	0	0	0.990506461825668	0	0.515234857332783	0.539389452002522	0	0.606938313640451	0	0	0.626303097183039	0	0	0	0.563202416796113	0
0	0	0	0	0	0	0	0	0	0	0	0	0	0	0	0	0	0	0	0	0	0	0	0	0	0	0	0	0	0	0	0	0	0	0	0	0	0	0	0	0	0	0	0	0	0	0	0	0	0	0	0	0	0	0	0	0	0	0	0	0	0.87623363803463	0	0	0.937813838086406	0	0	0.789592532432007	0.94595987565329	0	0	0.810427329003164	0	0.724097369783982	0	0.636116860957384	0	0	0.939833931987998	0.677955395723342	0	0	0	0	0	0	0.941359715777714	0.723509988282398	0.849788595746262	0
0	0	0	0	0	0	0	0	0	0	0	0	0	0	0	0	0	0	0	0	0	0	0	0	0	0	0	0	0	0	0	0	0	0	0	0	0	0	0	0	0	0	0	0	0	0	0	0	0	0	0	0	0	0	0	0	0	0	0	0	0.906380159469495	0	0	0	0.566537988833966	0	0.767999343663647	0	0	0	0	0.705816118858643	0	0.666803849673963	0.671964279948697	0	0.606023581982066	0	0.780054642529912	0.701687547162718	0	0.505981001264658	0	0	0.525393540881651	0.536230379608718	0.663133952984754	0.548489487330138	0	0
0	0	0	0	0	0	0	0	0	0	0	0	0	0	0	0	0	0	0	0	0	0	0	0	0	0	0	0	0	0	0	0	0	0	0	0	0	0	0	0	0	0	0	0	0	0	0	0	0	0	0	0	0	0	0	0	0	0	0	0	0	0.639300769082136	0	0	0.756391293190606	0.767415346639375	0.853697249973192	0	0	0	0	0.760108087963345	0.667662579337786	0.59554173133962	0.593109538306571	0	0.73847677301152	0	0.643869326715671	0	0.745568710824071	0	0.635536682532271	0	0	0	0	0	0.733995881406869	0
0	0	0	0	0	0	0	0	0	0	0	0	0	0	0	0	0	0	0	0	0	0	0	0	0	0	0	0	0	0	0	0	0	0	0	0	0	0	0	0	0	0	0	0	0	0	0	0	0	0	0	0	0	0	0	0	0	0	0	0	0.803314272988676	0	0.747875150995888	0	0.950736879321609	0.608265435237417	0	0	0	0	0	0.715518677567913	0.611959312511418	0.902039818705269	0	0	0	0	0	0.55513718308301	0	0.679463887705191	0.98918984131806	0.863117572271737	0.89951735500354	0	0.699105855423417	0.67974397714313	0	0
0	0	0	0	0	0	0	0	0	0	0	0	0	0	0	0	0	0	0	0	0	0	0	0	0	0	0	0	0	0	0	0	0	0	0	0	0	0	0	0	0	0	0	0	0	0	0	0	0	0	0	0	0	0	0	0	0	0	0	0	0	0.801018666643266	0	0	0.76965685963407	0	0	0	0	0	0	0	0.979202308707609	0.517309674553602	0.821689984990642	0	0	0.544088303505573	0.826342967060197	0.747161007138031	0.934920672152762	0.750709279409567	0	0	0	0	0	0.941115720965135	0	0.943002885942064
0	0	0	0	0	0	0	0	0	0	0	0	0	0	0	0	0	0	0	0	0	0	0	0	0	0	0	0	0	0	0	0	0	0	0	0	0	0	0	0	0	0	0	0	0	0	0	0	0	0	0	0	0	0	0	0	0	0	0	0	0	0	0	0	0.598567466053202	0.920495242060258	0.585089125493152	0.609880584478902	0.943506523182931	0.643524640567226	0	0	0.663010818477149	0	0.778902922864409	0.929995649434541	0	0.85408079272173	0	0.907598386905752	0.832034676972751	0.793017504206173	0.782626734306378	0	0.872252920177138	0.51062658403074	0.826771098927734	0	0.515403833115907	0
0	0	0	0	0	0	0	0	0	0	0	0	0	0	0	0	0	0	0	0	0	0	0	0	0	0	0	0	0	0	0	0	0	0	0	0	0	0	0	0	0	0	0	0	0	0	0	0	0	0	0	0	0	0	0	0	0	0	0	0	0	0	0	0	0	0.934427644830159	0	0	0.582775675480219	0.574822687280186	0.745919926672864	0.77125187929429	0	0	0.648126161571215	0.94642782006467	0	0	0.860309454680047	0.785312717410258	0	0	0.715177737330965	0	0.94599582901291	0	0	0	0.603385399044474	0.585584058370993
0	0	0	0	0	0	0	0	0	0	0	0	0	0	0	0	0	0	0	0	0	0	0	0	0	0	0	0	0	0	0	0	0	0	0	0	0	0	0	0	0	0	0	0	0	0	0	0	0	0	0	0	0	0	0	0	0	0	0	0	0.882039354270697	0	0	0.87877749900653	0.691776301495787	0.596859135810332	0.99225303375715	0.988280966946029	0.738149882005303	0.595707273842333	0.76678748676006	0	0	0	0.986681261441605	0	0	0	0.968409868295701	0	0	0	0	0.51054474336499	0	0	0	0.84616372383143	0	0.841143383984974
0	0	0	0	0	0	0	0	0	0	0	0	0	0	0	0	0	0	0	0	0	0	0	0	0	0	0	0	0	0	0	0	0	0	0	0	0	0	0	0	0	0	0	0	0	0	0	0	0	0	0	0	0	0	0	0	0	0	0	0	0	0	0.835557569401032	0	0	0	0	0.998521773862563	0.778848908523854	0	0.852915882833335	0.822709100521597	0.711752370464963	0.943295375346268	0	0.716347872571501	0	0.861507246432102	0	0	0.568214087142751	0	0.907472459788901	0	0	0.605056578199891	0.501226968731712	0.900822990307038	0	0.772661609223785
0	0	0	0	0	0	0	0	0	0	0	0	0	0	0	0	0	0	0	0	0	0	0	0	0	0	0	0	0	0	0	0	0	0	0	0	0	0	0	0	0	0	0	0	0	0	0	0	0	0	0	0	0	0	0	0	0	0	0	0	0.594543432845156	0.914635095424253	0	0.914434203045837	0	0	0.51202646080506	0	0	0	0	0.845287254665762	0.520835262382191	0	0.695934696569181	0	0.726008589689208	0.884584709930214	0	0.562870369885025	0.984803881436665	0.774843741562724	0.924107243576257	0.676597273646688	0	0.772453874052009	0.968372456372341	0	0.785975956468191	0.896304298896531
0	0	0	0	0	0	0	0	0	0	0	0	0	0	0	0	0	0	0	0	0	0	0	0	0	0	0	0	0	0	0	0	0	0	0	0	0	0	0	0	0	0	0	0	0	0	0	0	0	0	0	0	0	0	0	0	0	0	0	0	0.577383247846805	0	0	0.72716457133388	0	0.654476768997696	0	0.759487690724677	0.781449104338269	0	0	0	0	0	0	0.764336266412997	0	0.769290250682336	0.919783549665755	0	0	0.742559254797115	0.904455348944464	0.615965931816286	0	0	0.568300190490974	0	0.958512813164835	0.85229732338039
0	0	0	0	0	0	0	0	0	0	0	0	0	0	0	0	0	0	0	0	0	0	0	0	0	0	0	0	0	0	0	0	0	0	0	0	0	0	0	0	0	0	0	0	0	0	0	0	0	0	0	0	0	0	0	0	0	0	0	0	0	0	0.540966603345851	0.902723747235034	0	0	0	0	0	0	0.722036573800673	0.704617772753273	0	0	0.818236319354306	0.820844568105807	0.915278354616379	0	0.622619235486185	0.825088073471737	0.53665215027265	0	0.694217050619133	0	0.692211741304532	0.824078259155131	0	0	0.991801909534573	0
0	0	0	0	0	0	0	0	0	0	0	0	0	0	0	0	0	0	0	0	0	0	0	0	0	0	0	0	0	0	0	0	0	0	0	0	0	0	0	0	0	0	0	0	0	0	0	0	0	0	0	0	0	0	0	0	0	0	0	0	0	0.618199022917476	0.798599345217627	0.808502735552514	0	0.842801668903471	0.69004599954791	0.829642990021822	0.563981996098926	0	0.517569002384188	0	0.949999874743793	0.949399046948926	0	0	0.548050655488363	0.820955170223591	0	0.732382112507453	0.902190791325105	0.896752601114246	0.811363097739943	0.759044419991812	0	0	0.77510710942059	0.716191012078357	0	0.785115784290487
0	0	0	0	0	0	0	0	0	0	0	0	0	0	0	0	0	0	0	0	0	0	0	0	0	0	0	0	0	0	0	0	0	0	0	0	0	0	0	0	0	0	0	0	0	0	0	0	0	0	0	0	0	0	0	0	0	0	0	0	0	0	0	0	0	0.843842631648999	0.513216974004323	0.611884860576176	0	0.725027889562232	0.85248854165676	0.942358736469428	0.715554757497693	0	0	0.885797676319672	0	0.800861835659476	0.533794087490805	0	0.705454879813153	0.964977274532112	0	0.705464896899676	0.82869972607821	0	0	0	0	0.646334548976013
0	0	0	0	0	0	0	0	0	0	0	0	0	0	0	0	0	0	0	0	0	0	0	0	0	0	0	0	0	0	0	0	0	0	0	0	0	0	0	0	0	0	0	0	0	0	0	0	0	0	0	0	0	0	0	0	0	0	0	0	0.970177089689274	0	0	0	0	0	0	0	0.914113291766316	0	0.736194916533248	0.710064725012592	0	0	0.74851520428182	0.637238875857262	0	0.810776158153106	0.836760325584405	0.533312541628721	0	0	0.959296566224439	0.964472957841136	0.855073082205054	0.760610933910909	0	0	0	0
0	0	0	0	0	0	0	0	0	0	0	0	0	0	0	0	0	0	0	0	0	0	0	0	0	0	0	0	0	0	0	0	0	0	0	0	0	0	0	0	0	0	0	0	0	0	0	0	0	0	0	0	0	0	0	0	0	0	0	0	0.726820276255877	0	0	0.750469228611763	0.93110481951597	0.949705117214406	0	0.987348579215309	0	0.745455637060348	0.566201580218202	0.725891762318172	0	0	0	0.84917854387935	0.813608616440474	0	0.556916580467085	0.779815920199602	0	0	0.928876839216042	0.514198551318637	0	0.64442319170026	0	0	0	0
0	0	0	0	0	0	0	0	0	0	0	0	0	0	0	0	0	0	0	0	0	0	0	0	0	0	0	0	0	0	0	0	0	0	0	0	0	0	0	0	0	0	0	0	0	0	0	0	0	0	0	0	0	0	0	0	0	0	0	0	0	0.697696836557802	0.714292420109144	0.973300274911358	0	0	0	0	0.973397142343724	0.696408173349002	0	0.757884055621753	0.528267564404283	0	0.619461714593279	0.997661220527634	0.848583846091441	0.864690139797355	0.974431481859195	0	0.862952342145052	0.993951613203862	0	0	0.975901561031377	0	0	0.917151153978637	0	0.644629466619114
0	0	0	0	0	0	0	0	0	0	0	0	0	0	0	0	0	0	0	0	0	0	0	0	0	0	0	0	0	0	0	0	0	0	0	0	0	0	0	0	0	0	0	0	0	0	0	0	0	0	0	0	0	0	0	0	0	0	0	0	0.691985427965541	0.684152294207805	0.892536539363146	0.878315319732948	0	0	0	0	0	0.6500674715798	0	0	0	0.586024528568917	0	0.670143180816005	0.88910487974237	0	0.581848678474167	0.930071442992914	0.891360088168665	0.570233028828879	0	0	0	0.727060675747426	0	0	0	0.644319127304957
0	0	0	0	0	0	0	0	0	0	0	0	0	0	0	0	0	0	0	0	0	0	0	0	0	0	0	0	0	0	0	0	0	0	0	0	0	0	0	0	0	0	0	0	0	0	0	0	0	0	0	0	0	0	0	0	0	0	0	0	0	0	0.774251535779749	0	0	0.550943451689676	0	0.944712802469462	0	0.869568426589753	0	0.711079995079743	0.800076615906274	0	0	0	0	0.59710749805453	0	0.51824717017248	0.65144997933705	0	0.516602689004826	0	0	0	0	0.872692070606436	0.84895134393606	0.771662803740939
0	0	0	0	0	0	0	0	0	0	0	0	0	0	0	0	0	0	0	0	0	0	0	0	0	0	0	0	0	0	0	0	0	0	0	0	0	0	0	0	0	0	0	0	0	0	0	0	0	0	0	0	0	0	0	0	0	0	0	0	0.568568938595159	0	0	0	0	0	0	0.572645849207678	0	0	0	0.618245892130197	0	0	0.740639291571371	0.991119059855883	0	0.638473819939368	0	0	0.838480938099083	0.860295273296066	0	0.724334142510359	0	0	0.623542065475751	0.597243417953967	0	0.503527138882927
0	0	0	0	0	0	0	0	0	0	0	0	0	0	0	0	0	0	0	0	0	0	0	0	0	0	0	0	0	0	0	0	0	0	0	0	0	0	0	0	0	0	0	0	0	0	0	0	0	0	0	0	0	0	0	0	0	0	0	0	0	0	0.720594190707313	0	0	0	0.63867854893874	0.66114719682423	0	0.782604600233632	0	0.995410645169375	0	0	0.807797138245849	0.75275526433989	0.774154527620378	0	0.574870932312972	0	0	0	0	0	0	0.597115118563451	0	0	0.75351642779764	0.775642432148135
0	0	0	0	0	0	0	0	0	0	0	0	0	0	0	0	0	0	0	0	0	0	0	0	0	0	0	0	0	0	0	0	0	0	0	0	0	0	0	0	0	0	0	0	0	0	0	0	0	0	0	0	0	0	0	0	0	0	0	0	0	0	0	0.937031971147922	0	0	0.903505906547837	0.843011587650742	0	0.692728104645292	0.936336106379903	0	0	0.926368275476622	0.703904424942677	0	0	0	0.503612103842957	0	0	0	0.702571318685826	0	0.545654586795457	0.958694963347546	0	0	0.741219347439077	0.622672064251083
0	0	0	0	0	0	0	0	0	0	0	0	0	0	0	0	0	0	0	0	0	0	0	0	0	0	0	0	0	0	0	0	0	0	0	0	0	0	0	0	0	0	0	0	0	0	0	0	0	0	0	0	0	0	0	0	0	0	0	0	0	0.825433374510537	0	0.537637127384314	0	0.929237490307802	0.68133506761254	0	0.70926330324961	0	0	0.864791761547291	0.796182590388105	0	0	0.836442996277874	0.89429317180685	0.992478957810617	0	0	0	0	0	0	0.812374362707458	0	0.933527571191811	0.854021160796141	0	0.579838876194482
0	0	0	0	0	0	0	0	0	0	0	0	0	0	0	0	0	0	0	0	0	0	0	0	0	0	0	0	0	0	0	0	0	0	0	0	0	0	0	0	0	0	0	0	0	0	0	0	0	0	0	0	0	0	0	0	0	0	0	0	0.550042632221158	0.990996855294881	0	0	0	0	0	0	0	0	0.609462144227693	0	0.740565981472109	0.900384428591005	0.906916407509249	0.750858577689087	0.502955447454155	0	0.910933966619819	0.500889834433657	0	0	0.754932850568508	0.552737659634614	0.574409267122853	0.866519219571498	0.910016318086054	0.790976263870149	0.99903451341354	0
