0	0.674454837105849	0.659768662724688	0.857839403194065	0	0.652084154323061	0.502786737237259	0.896027859740724	0	0.629949407753817	0.589752320480632	0.764122882333606	0.857912823594222	0	0.550681882504835	0.826604608573316	0	0	0	0	0	0	0	0	0	0	0	0	0	0	0	0	0	0	0	0	0	0	0	0	0	0	0	0	0	0	0	0	0	0	0	0	0	0	0	0	0	0	0	0	0	0	0	0	0	0	0	0	0	0	0	0	0	0	0	0	0	0	0	0	0	0	0	0	0	0	0	0	0	0
0.996113005610675	0	0.7401066631499	0.74564874523662	0.808034592444182	0.704734107997494	0.521015552446557	0	0.93553972063693	0	0.743187700577604	0.845999853016676	0.615940387688129	0.553852064725945	0.843043944364472	0.825931621293389	0	0.906402866536165	0	0	0	0	0	0	0	0	0	0	0	0	0	0	0	0	0	0	0	0	0	0	0	0	0	0	0	0	0	0	0	0	0	0	0	0	0	0	0	0	0	0	0	0	0	0	0	0	0	0	0	0	0	0	0	0	0	0	0	0	0	0	0	0	0	0	0	0	0	0	0	0
0.596229601142994	0.908112793431332	0	0	0.709245073065525	0.651789739281171	0.63358078565297	0.750955474061998	0	0.575774894990136	0.88283086109354	0.823807486701398	0.711730266948977	0.757087043203916	0.930980782051482	0.740186901200961	0.723767454025863	0	0	0	0	0	0	0	0	0	0	0	0	0	0	0	0	0	0	0	0	0	0	0	0	0	0	0	0	0	0	0	0	0	0	0	0	0	0	0	0	0	0	0	0	0	0	0	0	0	0	0	0	0	0	0	0	0	0	0	0	0	0	0	0	0	0	0	0	0	0	0	0	0
0.719214564533917	0.83838162364268	0	0	0.779769415394449	0.98847777442547	0	0.851803872815372	0.990080623781129	0	0.891085063377314	0.895724664141938	0	0.941588478928308	0.610924346712302	0	0.692858910754902	0.883427300546746	0	0	0	0	0	0	0	0	0	0	0	0	0	0	0	0	0	0	0	0	0	0	0	0	0	0	0	0	0	0	0	0	0	0	0	0	0	0	0	0	0	0	0	0	0	0	0	0	0	0	0	0	0	0	0	0	0	0	0	0	0	0	0	0	0	0	0	0	0	0	0	0
0	0.50634368493314	0.933056126045821	0.853144228130007	0	0.789046275596339	0.573993514791773	0.727652475513651	0.919207759009547	0.700494725719364	0.714684933665892	0.879486029007405	0.736506162258953	0	0.566620944181377	0.592472820228772	0.590146501202006	0.79874878983027	0	0	0	0	0	0	0	0	0	0	0	0	0	0	0	0	0	0	0	0	0	0	0	0	0	0	0	0	0	0	0	0	0	0	0	0	0	0	0	0	0	0	0	0	0	0	0	0	0	0	0	0	0	0	0	0	0	0	0	0	0	0	0	0	0	0	0	0	0	0	0	0
0.616673393792366	0.539303870935478	0.953081534709056	0.918679824439036	0.903403841997863	0	0.517336801701952	0.824090495466659	0.566545082602203	0.909878122798272	0.755689290695074	0.752366497612493	0.807676085598556	0.56824748401522	0.984359883190138	0	0.561641745664144	0	0	0	0	0	0	0	0	0	0	0	0	0	0	0	0	0	0	0	0	0	0	0	0	0	0	0	0	0	0	0	0	0	0	0	0	0	0	0	0	0	0	0	0	0	0	0	0	0	0	0	0	0	0	0	0	0	0	0	0	0	0	0	0	0	0	0	0	0	0	0	0	0
0.997909640959645	0.973813131329835	0.654737349088218	0	0.612622418869917	0.880608025868874	0	0.66822951137438	0.951455947869597	0	0.881500985845176	0.645744042672292	0.660951510874963	0.855164852198134	0.720532411999354	0	0	0.788274018326227	0	0	0	0	0	0	0	0	0	0	0	0	0	0	0	0	0	0	0	0	0	0	0	0	0	0	0	0	0	0	0	0	0	0	0	0	0	0	0	0	0	0	0	0	0	0	0	0	0	0	0	0	0	0	0	0	0	0	0	0	0	0	0	0	0	0	0	0	0	0	0	0
0.856587822600782	0	0.974546881648456	0.838364736350293	0.927087148816378	0.843996826723798	0.779915053066789	0	0	0.921577754368205	0.741063570973467	0.735609362135886	0.730424531381747	0.765088849082547	0.8755235662133	0.544133525583866	0.813430869505532	0.807935021958274	0	0	0	0	0	0	0	0	0	0	0	0	0	0	0	0	0	0	0	0	0	0	0	0	0	0	0	0	0	0	0	0	0	0	0	0	0	0	0	0	0	0	0	0	0	0	0	0	0	0	0	0	0	0	0	0	0	0	0	0	0	0	0	0	0	0	0	0	0	0	0	0
0	0.597766175834772	0	0.639628728808528	0.614104021343175	0.745086074634304	0.81886014379649	0	0	0.67502490133866	0	0.6513801765884	0.943145323688162	0.895303831349241	0.639320994808442	0.739451725064004	0.947197160905703	0.982828725413233	0	0	0	0	0	0	0	0	0	0	0	0	0	0	0	0	0	0	0	0	0	0	0	0	0	0	0	0	0	0	0	0	0	0	0	0	0	0	0	0	0	0	0	0	0	0	0	0	0	0	0	0	0	0	0	0	0	0	0	0	0	0	0	0	0	0	0	0	0	0	0	0
0.906360093384916	0	0.698875104343566	0	0.631099618836076	0.919159970478456	0	0.815956542069283	0.806960124192466	0	0.516784080692644	0.517829639898023	0	0.864426543541608	0.620572842218783	0.976746442889396	0.7062815746716	0.666019188585488	0	0	0	0	0	0	0	0	0	0	0	0	0	0	0	0	0	0	0	0	0	0	0	0	0	0	0	0	0	0	0	0	0	0	0	0	0	0	0	0	0	0	0	0	0	0	0	0	0	0	0	0	0	0	0	0	0	0	0	0	0	0	0	0	0	0	0	0	0	0	0	0
0.95199719932634	0.658197646052599	0.765817846608211	0.601420417030136	0.98825869569302	0.658599263880659	0.614367692123101	0.902728112510673	0	0.644007352901863	0	0.695788086676019	0.738393583538966	0	0.90162489645506	0.924121288395987	0	0.763460741311489	0	0	0	0	0	0	0	0	0	0	0	0	0	0	0	0	0	0	0	0	0	0	0	0	0	0	0	0	0	0	0	0	0	0	0	0	0	0	0	0	0	0	0	0	0	0	0	0	0	0	0	0	0	0	0	0	0	0	0	0	0	0	0	0	0	0	0	0	0	0	0	0
0.796610075795043	0.522511878600803	0.768391572418756	0.684431376430122	0.513425903061132	0.790673180317308	0.961483505724368	0.517582514348381	0.604780052612453	0.825275726197855	0.979832908296351	0	0.628637491487728	0.847167061687127	0.99521341007717	0.863016022488656	0.936964767876753	0.521932645782019	0	0	0	0	0	0	0	0	0	0	0	0	0	0	0	0	0	0	0	0	0	0	0	0	0	0	0	0	0	0	0	0	0	0	0	0	0	0	0	0	0	0	0	0	0	0	0	0	0	0	0	0	0	0	0	0	0	0	0	0	0	0	0	0	0	0	0	0	0	0	0	0
0.925058988592108	0.669843278081364	0.782920954567362	0	0.762604556753005	0.682549832175939	0.745978709017774	0.5696868840329	0.752161411761235	0	0.863509080125582	0.647059852230192	0	0.866594778146793	0.67236578996988	0.945660422774498	0.770220125294983	0.837441105142565	0	0	0	0	0	0	0	0	0	0	0	0	0	0	0	0	0	0	0	0	0	0	0	0	0	0	0	0	0	0	0	0	0	0	0	0	0	0	0	0	0	0	0	0	0	0	0	0	0	0	0	0	0	0	0	0	0	0	0	0	0	0	0	0	0	0	0	0	0	0	0	0
0	0.815011932266246	0.775198934172899	0.753292994822861	0	0.659567414787194	0.570174862747754	0.873298139142181	0.652514815040681	0.761477403601677	0	0.863295428209533	0.597684638699086	0	0.880884732076215	0.854303954896366	0.93000623175924	0.534779415832927	0	0	0	0	0	0	0	0	0	0	0	0	0	0	0	0	0	0	0	0	0	0	0	0	0	0	0	0	0	0	0	0	0	0	0	0	0	0	0	0	0	0	0	0	0	0	0	0	0	0	0	0	0	0	0	0	0	0	0	0	0	0	0	0	0	0	0	0	0	0	0	0
0.996978552640521	0.893374404024937	0.526878307807997	0.676137968510435	0.527397234272035	0.600135174706766	0.704697717923114	0.817227614176489	0.521416879063061	0.864390740797777	0.916300644178178	0.978536771173381	0.761838053192329	0.973409484655871	0	0.50026793785009	0	0.634305327460533	0	0	0	0	0	0	0	0	0	0	0	0	0	0	0	0	0	0	0	0	0	0	0	0	0	0	0	0	0	0	0	0	0	0	0	0	0	0	0	0	0	0	0	0	0	0	0	0	0	0	0	0	0	0	0	0	0	0	0	0	0	0	0	0	0	0	0	0	0	0	0	0
0.694780261045002	0.929939861925585	0.974595564405522	0	0.535545394271442	0	0	0.746216840858404	0.666860062192427	0.660509021944058	0.569577574564474	0.79431488733925	0.942934605561701	0.528351605229575	0.710377704779683	0	0.506832769025844	0.791755457916935	0	0	0	0	0	0	0	0	0	0	0	0	0	0	0	0	0	0	0	0	0	0	0	0	0	0	0	0	0	0	0	0	0	0	0	0	0	0	0	0	0	0	0	0	0	0	0	0	0	0	0	0	0	0	0	0	0	0	0	0	0	0	0	0	0	0	0	0	0	0	0	0
0	0	0.648858524390397	0.910559734026396	0.590768126611751	0.897201817051657	0	0.601006418912077	0.732601871929023	0.596003089941941	0	0.763159856403973	0.665841064933905	0.578240525881699	0	0.644097340099369	0	0.839918741215624	0	0	0	0	0	0	0	0	0	0	0	0	0	0	0	0	0	0	0	0	0	0	0	0	0	0	0	0	0	0	0	0	0	0	0	0	0	0	0	0	0	0	0	0	0	0	0	0	0	0	0	0	0	0	0	0	0	0	0	0	0	0	0	0	0	0	0	0	0	0	0	0
0	0.934386553271965	0	0.960635491030715	0.671783156027804	0	0.510746092772715	0.546581301062917	0.924258148142034	0.652362759566087	0.858660371906138	0.734582868135039	0.838439642777349	0.670576264352234	0.791436951616977	0.600224163246091	0.670057040152876	0	0	0	0	0	0	0	0	0	0	0	0	0	0	0	0	0	0	0	0	0	0	0	0	0	0	0	0	0	0	0	0	0	0	0	0	0	0	0	0	0	0	0	0	0	0	0	0	0	0	0	0	0	0	0	0	0	0	0	0	0	0	0	0	0	0	0	0	0	0	0	0	0
0	0	0	0	0	0	0	0	0	0	0	0	0	0	0	0	0	0	0	0.810737619979082	0.955111202074546	0.618434134331457	0	0	0	0	0	0	0	0	0	0	0	0.682063760415811	0.61496826403776	0.833987722008963	0	0	0	0	0	0	0	0	0	0	0	0	0	0	0	0	0	0	0	0	0	0	0	0	0	0	0	0	0	0	0	0	0	0	0	0	0	0	0	0	0	0	0	0	0	0	0	0	0	0	0	0	0	0
0	0	0	0	0	0	0	0	0	0	0	0	0	0	0	0	0	0	0.96566838886092	0	0	0.850060247783838	0.792090183449041	0	0	0	0	0	0	0.772557526815627	0	0	0	0.612240043980817	0.708371307393372	0.827197053542463	0	0	0	0	0	0	0	0	0	0	0	0	0	0	0	0	0	0	0	0	0	0	0	0	0	0	0	0	0	0	0	0	0	0	0	0	0	0	0	0	0	0	0	0	0	0	0	0	0	0	0	0	0	0
0	0	0	0	0	0	0	0	0	0	0	0	0	0	0	0	0	0	0.595125302094109	0	0	0.792063320225956	0.913553627960656	0	0	0	0	0	0	0	0	0	0	0	0.891508748812756	0.670971401712128	0	0	0	0	0	0	0	0	0	0	0	0	0	0	0	0	0	0	0	0	0	0	0	0	0	0	0	0	0	0	0	0	0	0	0	0	0	0	0	0	0	0	0	0	0	0	0	0	0	0	0	0	0	0
0	0	0	0	0	0	0	0	0	0	0	0	0	0	0	0	0	0	0.621420889529521	0.831993262716409	0.819118639049995	0	0.598042510014528	0.59486665147963	0.739542038246297	0	0	0	0	0	0	0	0	0	0	0	0	0	0	0	0	0	0	0	0	0	0	0	0	0	0	0	0	0	0	0	0	0	0	0	0	0	0	0	0	0	0	0	0	0	0	0	0	0	0	0	0	0	0	0	0	0	0	0	0	0	0	0	0	0
0	0	0	0	0	0	0	0	0	0	0	0	0	0	0	0	0	0	0	0.506643206238739	0.80377231785918	0.535754336910659	0	0.859822895746602	0.696956363747586	0.780773367884752	0	0	0	0	0	0.716402737481186	0	0	0	0	0	0	0	0	0	0	0	0	0	0	0	0	0	0	0	0	0	0	0	0	0	0	0	0	0	0	0	0	0	0	0	0	0	0	0	0	0	0	0	0	0	0	0	0	0	0	0	0	0	0	0	0	0	0
0	0	0	0	0	0	0	0	0	0	0	0	0	0	0	0	0	0	0	0	0	0.874923827202271	0.88645633270703	0	0.663079375076232	0.847609273833666	0.644077988307957	0	0	0	0	0	0	0	0	0	0	0	0	0	0	0	0	0	0	0	0	0	0	0	0	0	0	0	0	0	0	0	0	0	0	0	0	0	0	0	0	0	0	0	0	0	0	0	0	0	0	0	0	0	0	0	0	0	0	0	0	0	0	0
0	0	0	0	0	0	0	0	0	0	0	0	0	0	0	0	0	0	0	0	0	0.811121706793079	0.790086741202298	0.984530845601486	0	0.572927851826651	0.979042453288697	0	0	0.594368189305642	0	0	0	0	0	0	0	0	0	0	0	0	0	0	0	0	0	0	0	0	0	0	0	0	0	0	0	0	0	0	0	0	0	0	0	0	0	0	0	0	0	0	0	0	0	0	0	0	0	0	0	0	0	0	0	0	0	0	0	0
0	0	0	0	0	0	0	0	0	0	0	0	0	0	0	0	0	0	0	0	0	0	0.511759987237409	0.952238901883439	0.54775600912626	0	0.814998967865143	0	0	0	0	0	0	0.785017278734094	0	0.82556390067089	0	0	0	0	0	0	0	0	0	0	0	0	0	0	0	0	0	0	0	0	0	0	0	0	0	0	0	0	0	0	0	0	0	0	0	0	0	0	0	0	0	0	0	0	0	0	0	0	0	0	0	0	0	0
0	0	0	0	0	0	0	0	0	0	0	0	0	0	0	0	0	0	0	0	0	0	0	0.974828452477755	0.908524805515238	0.61620592142484	0	0.574174989704227	0.903879120198056	0	0.787597317881397	0	0	0	0	0	0	0	0	0	0	0	0	0	0	0	0	0	0	0	0	0	0	0	0	0	0	0	0	0	0	0	0	0	0	0	0	0	0	0	0	0	0	0	0	0	0	0	0	0	0	0	0	0	0	0	0	0	0	0
0	0	0	0	0	0	0	0	0	0	0	0	0	0	0	0	0	0	0	0	0	0	0	0	0	0	0.665240543168281	0	0.586544437427805	0.869654798056479	0.89675980511621	0	0.736602022554293	0	0	0.586432734671918	0	0	0	0	0	0	0	0	0	0	0	0	0	0	0	0	0	0	0	0	0	0	0	0	0	0	0	0	0	0	0	0	0	0	0	0	0	0	0	0	0	0	0	0	0	0	0	0	0	0	0	0	0	0
0	0	0	0	0	0	0	0	0	0	0	0	0	0	0	0	0	0	0	0	0	0	0	0	0	0	0.981349671324305	0.716203105380029	0	0.698531725281391	0.768238793810127	0.65986555555377	0	0	0	0	0	0	0	0	0	0	0	0	0	0	0	0	0	0	0	0	0	0	0	0	0	0	0	0	0	0	0	0	0	0	0	0	0	0	0	0	0	0	0	0	0	0	0	0	0	0	0	0	0	0	0	0	0	0
0	0	0	0	0	0	0	0	0	0	0	0	0	0	0	0	0	0	0	0.585588589748324	0	0	0	0	0.910607109292566	0	0	0.984321409885532	0.893848816546174	0	0.897183876179371	0.956236883825431	0.620850495685343	0	0	0	0	0	0	0	0	0	0	0	0	0	0	0	0	0	0	0	0	0	0	0	0	0	0	0	0	0	0	0	0	0	0	0	0	0	0	0	0	0	0	0	0	0	0	0	0	0	0	0	0	0	0	0	0	0
0	0	0	0	0	0	0	0	0	0	0	0	0	0	0	0	0	0	0	0	0	0	0	0	0	0	0.522381105984035	0.51494675745762	0.867717718489465	0.785735216101598	0	0.710301810218655	0.882581413141623	0.953704801047745	0	0	0	0	0	0	0	0	0	0	0	0	0	0	0	0	0	0	0	0	0	0	0	0	0	0	0	0	0	0	0	0	0	0	0	0	0	0	0	0	0	0	0	0	0	0	0	0	0	0	0	0	0	0	0	0
0	0	0	0	0	0	0	0	0	0	0	0	0	0	0	0	0	0	0	0	0	0	0.575325705134069	0	0	0	0	0	0.533446912139306	0.726012603632635	0.845681984196041	0	0.774782718587123	0	0.514818686666887	0	0	0	0	0	0	0	0	0	0	0	0	0	0	0	0	0	0	0	0	0	0	0	0	0	0	0	0	0	0	0	0	0	0	0	0	0	0	0	0	0	0	0	0	0	0	0	0	0	0	0	0	0	0	0
0	0	0	0	0	0	0	0	0	0	0	0	0	0	0	0	0	0	0	0	0	0	0	0	0	0	0	0.660621681309268	0	0.558434665371409	0.77630594954606	0.683445953255214	0	0	0	0.876880543824393	0	0	0	0	0	0	0	0	0	0	0	0	0	0	0	0	0	0	0	0	0	0	0	0	0	0	0	0	0	0	0	0	0	0	0	0	0	0	0	0	0	0	0	0	0	0	0	0	0	0	0	0	0	0
0	0	0	0	0	0	0	0	0	0	0	0	0	0	0	0	0	0	0.841458912196412	0.962079216335534	0	0	0	0	0	0.943681517024016	0	0	0	0	0.516598580908866	0	0	0	0.668209042628218	0	0	0	0	0	0	0	0	0	0	0	0	0	0	0	0	0	0	0	0	0	0	0	0	0	0	0	0	0	0	0	0	0	0	0	0	0	0	0	0	0	0	0	0	0	0	0	0	0	0	0	0	0	0	0
0	0	0	0	0	0	0	0	0	0	0	0	0	0	0	0	0	0	0.711423670061102	0.954803888135221	0.912305506242054	0	0	0	0	0	0	0	0	0	0	0.98770416198646	0	0.55604105097401	0	0.59599870543333	0	0	0	0	0	0	0	0	0	0	0	0	0	0	0	0	0	0	0	0	0	0	0	0	0	0	0	0	0	0	0	0	0	0	0	0	0	0	0	0	0	0	0	0	0	0	0	0	0	0	0	0	0	0
0	0	0	0	0	0	0	0	0	0	0	0	0	0	0	0	0	0	0.924021133407438	0.911718280214053	0.541422061626548	0	0	0	0	0.657950549388876	0	0.972208812940952	0	0	0	0	0.935832636918863	0	0.63196025542181	0	0	0	0	0	0	0	0	0	0	0	0	0	0	0	0	0	0	0	0	0	0	0	0	0	0	0	0	0	0	0	0	0	0	0	0	0	0	0	0	0	0	0	0	0	0	0	0	0	0	0	0	0	0	0
0	0	0	0	0	0	0	0	0	0	0	0	0	0	0	0	0	0	0	0	0	0	0	0	0	0	0	0	0	0	0	0	0	0	0	0	0	0.838930206813237	0.753876840316261	0.802867096187655	0.998323318374646	0	0	0	0	0	0	0	0	0	0	0	0	0.888253072581003	0	0	0	0	0	0	0	0	0	0	0	0	0	0	0	0	0	0	0	0	0	0	0	0	0	0	0	0	0	0	0	0	0	0	0	0
0	0	0	0	0	0	0	0	0	0	0	0	0	0	0	0	0	0	0	0	0	0	0	0	0	0	0	0	0	0	0	0	0	0	0	0	0.646231062175171	0	0.522784226253025	0	0.627368038233678	0.636344417831431	0	0	0	0	0	0	0	0	0.759786938602251	0.790308515166086	0.857169543948922	0.632632566141254	0	0	0	0	0	0	0	0	0	0	0	0	0	0	0	0	0	0	0	0	0	0	0	0	0	0	0	0	0	0	0	0	0	0	0	0
0	0	0	0	0	0	0	0	0	0	0	0	0	0	0	0	0	0	0	0	0	0	0	0	0	0	0	0	0	0	0	0	0	0	0	0	0.702556745524475	0.855361063831243	0	0.850006025963487	0	0.602928677110517	0.629940999828692	0	0	0.582851520978604	0	0	0.799070265858318	0	0	0	0.540414373889802	0	0	0	0	0	0	0	0	0	0	0	0	0	0	0	0	0	0	0	0	0	0	0	0	0	0	0	0	0	0	0	0	0	0	0	0	0
0	0	0	0	0	0	0	0	0	0	0	0	0	0	0	0	0	0	0	0	0	0	0	0	0	0	0	0	0	0	0	0	0	0	0	0	0.780709151797548	0	0.870425298196314	0	0.728647381305162	0.683058920864352	0.983119106495245	0.907755520464816	0	0	0.645133776163116	0	0	0	0	0	0	0.910192344154178	0	0	0	0	0	0	0	0	0	0	0	0	0	0	0	0	0	0	0	0	0	0	0	0	0	0	0	0	0	0	0	0	0	0	0	0
0	0	0	0	0	0	0	0	0	0	0	0	0	0	0	0	0	0	0	0	0	0	0	0	0	0	0	0	0	0	0	0	0	0	0	0	0.59346826307323	0.675148665445984	0	0.596993358658485	0	0.800822228279492	0.732896231108027	0.911236485186414	0	0	0	0	0	0	0	0.847589683494293	0	0	0	0	0	0	0	0	0	0	0	0	0	0	0	0	0	0	0	0	0	0	0	0	0	0	0	0	0	0	0	0	0	0	0	0	0	0
0	0	0	0	0	0	0	0	0	0	0	0	0	0	0	0	0	0	0	0	0	0	0	0	0	0	0	0	0	0	0	0	0	0	0	0	0	0.865912532267208	0.531131375654978	0.978592646493359	0.887357849827517	0	0.9183304193632	0.525576377714034	0.543499203625146	0.872444443663365	0	0	0	0	0	0	0	0	0	0	0	0	0	0	0	0	0	0	0	0	0	0	0	0	0	0	0	0	0	0	0	0	0	0	0	0	0	0	0	0	0	0	0	0
0	0	0	0	0	0	0	0	0	0	0	0	0	0	0	0	0	0	0	0	0	0	0	0	0	0	0	0	0	0	0	0	0	0	0	0	0	0	0.836694068135712	0.889857021493735	0.504982019953943	0.505597147274154	0	0	0.98948122074215	0	0.686477278148773	0	0.956689188588231	0.757182458129565	0.529860058463246	0	0	0.51372650919471	0	0	0	0	0	0	0	0	0	0	0	0	0	0	0	0	0	0	0	0	0	0	0	0	0	0	0	0	0	0	0	0	0	0	0	0
0	0	0	0	0	0	0	0	0	0	0	0	0	0	0	0	0	0	0	0	0	0	0	0	0	0	0	0	0	0	0	0	0	0	0	0	0	0	0	0.649696407634561	0.681308389885942	0.674667300272143	0	0	0.941656178035657	0.771104501658956	0.872739881763674	0.586250377339327	0	0	0	0	0.905803993409932	0	0	0	0	0	0	0	0	0	0	0	0	0	0	0	0	0	0	0	0	0	0	0	0	0	0	0	0	0	0	0	0	0	0	0	0	0
0	0	0	0	0	0	0	0	0	0	0	0	0	0	0	0	0	0	0	0	0	0	0	0	0	0	0	0	0	0	0	0	0	0	0	0	0	0	0	0	0	0.640257056890624	0.786534683166302	0.770175041922788	0	0.661929554203026	0.726389266196782	0.612805385195393	0.952263176742835	0	0	0	0	0	0	0	0	0	0	0	0	0	0	0	0	0	0	0	0	0	0	0	0	0	0	0	0	0	0	0	0	0	0	0	0	0	0	0	0	0
0	0	0	0	0	0	0	0	0	0	0	0	0	0	0	0	0	0	0	0	0	0	0	0	0	0	0	0	0	0	0	0	0	0	0	0	0	0	0.826905569318112	0	0	0.959042063252413	0	0.610759365577961	0.638986675304811	0	0.670268274067809	0.670005469473555	0	0.738108265943498	0.768555254353947	0.716454613535965	0	0.550673503878298	0	0	0	0	0	0	0	0	0	0	0	0	0	0	0	0	0	0	0	0	0	0	0	0	0	0	0	0	0	0	0	0	0	0	0	0
0	0	0	0	0	0	0	0	0	0	0	0	0	0	0	0	0	0	0	0	0	0	0	0	0	0	0	0	0	0	0	0	0	0	0	0	0	0	0	0.548901680998626	0	0	0.995415618323493	0.965537928848334	0.973759036957429	0.884961258477299	0	0.792635895920432	0	0.784375185783847	0.749107893453054	0	0	0	0	0	0	0	0	0	0	0	0	0	0	0	0	0	0	0	0	0	0	0	0	0	0	0	0	0	0	0	0	0	0	0	0	0	0	0
0	0	0	0	0	0	0	0	0	0	0	0	0	0	0	0	0	0	0	0	0	0	0	0	0	0	0	0	0	0	0	0	0	0	0	0	0	0	0	0	0	0	0	0.943186391881159	0.953607678368449	0.663464329551514	0.908662957489339	0	0.759085547035808	0.820519568567616	0.560214691528332	0.553118019042113	0	0	0	0	0	0	0	0	0	0	0	0	0	0	0	0	0	0	0	0	0	0	0	0	0	0	0	0	0	0	0	0	0	0	0	0	0	0
0	0	0	0	0	0	0	0	0	0	0	0	0	0	0	0	0	0	0	0	0	0	0	0	0	0	0	0	0	0	0	0	0	0	0	0	0	0	0.980699310080838	0	0	0	0.739261365202235	0	0.796673411997512	0	0	0.761858361694907	0	0.570248875749335	0.928482484936156	0	0.720625542629204	0	0	0	0	0	0	0	0	0	0	0	0	0	0	0	0	0	0	0	0	0	0	0	0	0	0	0	0	0	0	0	0	0	0	0	0	0
0	0	0	0	0	0	0	0	0	0	0	0	0	0	0	0	0	0	0	0	0	0	0	0	0	0	0	0	0	0	0	0	0	0	0	0	0	0	0	0	0	0	0.884149087451106	0	0	0.923646460705388	0.895285687691426	0.947789088450387	0.958237361028085	0	0.635693181363183	0	0.507485234398125	0.986332621519919	0	0	0	0	0	0	0	0	0	0	0	0	0	0	0	0	0	0	0	0	0	0	0	0	0	0	0	0	0	0	0	0	0	0	0	0
0	0	0	0	0	0	0	0	0	0	0	0	0	0	0	0	0	0	0	0	0	0	0	0	0	0	0	0	0	0	0	0	0	0	0	0	0	0.567923987090509	0	0	0	0	0.53931891286685	0	0	0.938720837283351	0.930495648641875	0.637171758114895	0.623435628912373	0.559714735097142	0	0.723732866202423	0.57444874851696	0.669783843613724	0	0	0	0	0	0	0	0	0	0	0	0	0	0	0	0	0	0	0	0	0	0	0	0	0	0	0	0	0	0	0	0	0	0	0	0
0	0	0	0	0	0	0	0	0	0	0	0	0	0	0	0	0	0	0	0	0	0	0	0	0	0	0	0	0	0	0	0	0	0	0	0	0	0.722293796606334	0	0	0.593574325946245	0	0	0	0	0.966765133200774	0	0.818400698540458	0	0	0.646551496692765	0	0.714710976840611	0.676586397100907	0	0	0	0	0	0	0	0	0	0	0	0	0	0	0	0	0	0	0	0	0	0	0	0	0	0	0	0	0	0	0	0	0	0	0	0
0	0	0	0	0	0	0	0	0	0	0	0	0	0	0	0	0	0	0	0	0	0	0	0	0	0	0	0	0	0	0	0	0	0	0	0	0	0.86298263701297	0.928348695808738	0	0	0	0	0.881486449615549	0	0	0	0	0.643362702450174	0.59819534025515	0.523212053018998	0.828419074273665	0	0.678918804298004	0	0	0	0	0	0	0	0	0	0	0	0	0	0	0	0	0	0	0	0	0	0	0	0	0	0	0	0	0	0	0	0	0	0	0	0
0	0	0	0	0	0	0	0	0	0	0	0	0	0	0	0	0	0	0	0	0	0	0	0	0	0	0	0	0	0	0	0	0	0	0	0	0.982847668388719	0.829366596714815	0	0.549267930463727	0	0	0.772309186188164	0	0	0.88208774126643	0	0	0	0.587752102259862	0.935032063653676	0.712489349008072	0.56005945923904	0	0	0	0	0	0	0	0	0	0	0	0	0	0	0	0	0	0	0	0	0	0	0	0	0	0	0	0	0	0	0	0	0	0	0	0	0
0	0	0	0	0	0	0	0	0	0	0	0	0	0	0	0	0	0	0	0	0	0	0	0	0	0	0	0	0	0	0	0	0	0	0	0	0	0	0	0	0	0	0	0	0	0	0	0	0	0	0	0	0	0	0	0.739245680337926	0.566971151178843	0.51037674618669	0.668673071302525	0.665343479609568	0.99793463657769	0	0	0	0	0	0.849000724048808	0.617009375076601	0.742634750421456	0.907914664014486	0.952420639553441	0.523569204087275	0	0	0	0	0	0	0	0	0	0	0	0	0	0	0	0	0	0
0	0	0	0	0	0	0	0	0	0	0	0	0	0	0	0	0	0	0	0	0	0	0	0	0	0	0	0	0	0	0	0	0	0	0	0	0	0	0	0	0	0	0	0	0	0	0	0	0	0	0	0	0	0	0.551038507632566	0	0.784334471466206	0.796366369257947	0.94139665870235	0.694628509804115	0.821559742512974	0.972877975584681	0	0	0	0	0	0.683695308318671	0.940159495021439	0.766939133968449	0.621531992577737	0.866299221600477	0	0	0	0	0	0	0	0	0	0	0	0	0	0	0	0	0	0
0	0	0	0	0	0	0	0	0	0	0	0	0	0	0	0	0	0	0	0	0	0	0	0	0	0	0	0	0	0	0	0	0	0	0	0	0	0	0	0	0	0	0	0	0	0	0	0	0	0	0	0	0	0	0.872275453977975	0.652014885018753	0	0.897220258416884	0.931954385810283	0.769204451868904	0.823329676912746	0.593575932925696	0.792624458145932	0	0	0	0	0	0.588267207038368	0.983914290309679	0.74286275518514	0.971459677497155	0	0	0	0	0	0	0	0	0	0	0	0	0	0	0	0	0	0
0	0	0	0	0	0	0	0	0	0	0	0	0	0	0	0	0	0	0	0	0	0	0	0	0	0	0	0	0	0	0	0	0	0	0	0	0	0	0	0	0	0	0	0	0	0	0	0	0	0	0	0	0	0	0.515227684210759	0.893363615065521	0.802252890529856	0	0.8925834897908	0.544671076802562	0.694596165905721	0.60848980141282	0.873244186569855	0.550246142288436	0	0	0	0	0	0.717611516862711	0.728454271393283	0.53512016169234	0	0	0	0	0	0	0	0	0	0	0	0	0	0	0	0	0	0
0	0	0	0	0	0	0	0	0	0	0	0	0	0	0	0	0	0	0	0	0	0	0	0	0	0	0	0	0	0	0	0	0	0	0	0	0	0	0	0	0	0	0	0	0	0	0	0	0	0	0	0	0	0	0.522818023077613	0.639036718966486	0.908750642059586	0.883459527239241	0	0.860856288735296	0.966649374171615	0.905527602884575	0.756649280558682	0.725541173825408	0.87766509803766	0	0	0	0	0	0.825601107156757	0.93399065448917	0	0	0	0	0	0	0	0	0	0	0	0	0	0	0	0	0	0
0	0	0	0	0	0	0	0	0	0	0	0	0	0	0	0	0	0	0	0	0	0	0	0	0	0	0	0	0	0	0	0	0	0	0	0	0	0	0	0	0	0	0	0	0	0	0	0	0	0	0	0	0	0	0.706128273544951	0.764504290656264	0.95797547100685	0.788552142122517	0.545918106491396	0	0.527108456257695	0.800479842510143	0.984375076152305	0.680875903311027	0.639595712933777	0.893493028013043	0	0	0	0	0	0.980935733587476	0	0	0	0	0	0	0	0	0	0	0	0	0	0	0	0	0	0
0	0	0	0	0	0	0	0	0	0	0	0	0	0	0	0	0	0	0	0	0	0	0	0	0	0	0	0	0	0	0	0	0	0	0	0	0	0	0	0	0	0	0	0	0	0	0	0	0	0	0	0	0	0	0.836357399572562	0.660383327487701	0.982044894031295	0.504582068472008	0.658744979295006	0.807955384667954	0	0.751589570116483	0.89263096250337	0.969418519415099	0.519060907374149	0.99498232352364	0.993850429587474	0	0	0	0	0	0	0	0	0	0	0	0	0	0	0	0	0	0	0	0	0	0	0
0	0	0	0	0	0	0	0	0	0	0	0	0	0	0	0	0	0	0	0	0	0	0	0	0	0	0	0	0	0	0	0	0	0	0	0	0	0	0	0	0	0	0	0	0	0	0	0	0	0	0	0	0	0	0	0.747171561890196	0.813465815170511	0.730359752303344	0.972019179542252	0.683757391134963	0.735164790667864	0	0.788748134579273	0.607286180404116	0.684585473603275	0.52051778408907	0.52359297851113	0.730345569527129	0	0	0	0	0	0	0	0	0	0	0	0	0	0	0	0	0	0	0	0	0	0
0	0	0	0	0	0	0	0	0	0	0	0	0	0	0	0	0	0	0	0	0	0	0	0	0	0	0	0	0	0	0	0	0	0	0	0	0	0	0	0	0	0	0	0	0	0	0	0	0	0	0	0	0	0	0	0	0.72492854537789	0.92767226306762	0.647769816229473	0.554959103543924	0.683825553517892	0.792847331292173	0	0.652820762829877	0.901338908516761	0.934641228753338	0.79034806566192	0.633550420785276	0.663448411320916	0	0	0	0	0	0	0	0	0	0	0	0	0	0	0	0	0	0	0	0	0
0	0	0	0	0	0	0	0	0	0	0	0	0	0	0	0	0	0	0	0	0	0	0	0	0	0	0	0	0	0	0	0	0	0	0	0	0	0	0	0	0	0	0	0	0	0	0	0	0	0	0	0	0	0	0	0	0	0.958166073350619	0.82240803579465	0.654635286069308	0.729547052620043	0.917617574956463	0.599772733796236	0	0.709626664427078	0.933561992135299	0.920917394307532	0.505109116153259	0.839662319917159	0.59365458185226	0	0	0	0	0	0	0	0	0	0	0	0	0	0	0	0	0	0	0	0
0	0	0	0	0	0	0	0	0	0	0	0	0	0	0	0	0	0	0	0	0	0	0	0	0	0	0	0	0	0	0	0	0	0	0	0	0	0	0	0	0	0	0	0	0	0	0	0	0	0	0	0	0	0	0	0	0	0	0.796130683875498	0.89187698848653	0.574085337065328	0.516459718420591	0.77863395651993	0.660432987435094	0	0.963386336726164	0.693521844666738	0.731786169385415	0.850136638573024	0.847383199655318	0.853026390302419	0	0	0	0	0	0	0	0	0	0	0	0	0	0	0	0	0	0	0
0	0	0	0	0	0	0	0	0	0	0	0	0	0	0	0	0	0	0	0	0	0	0	0	0	0	0	0	0	0	0	0	0	0	0	0	0	0	0	0	0	0	0	0	0	0	0	0	0	0	0	0	0	0	0	0	0	0	0	0.880894554113406	0.784707763603135	0.61685569292457	0.767405259315338	0.61404565511528	0.917234249412368	0	0.830691283463403	0.514563182505968	0.505539255000076	0.770275160976421	0.664322717774644	0.53220524712282	0	0	0	0	0	0	0	0	0	0	0	0	0	0	0	0	0	0
0	0	0	0	0	0	0	0	0	0	0	0	0	0	0	0	0	0	0	0	0	0	0	0	0	0	0	0	0	0	0	0	0	0	0	0	0	0	0	0	0	0	0	0	0	0	0	0	0	0	0	0	0	0	0.994024627157575	0	0	0	0	0	0.691327980421111	0.740195316636924	0.895175716539915	0.802617200289087	0.734479959985638	0.65171273765334	0	0.594855775380862	0.569783117520114	0.560641690527104	0.701157715559937	0.803449564675298	0	0	0	0	0	0	0	0	0	0	0	0	0	0	0	0	0	0
0	0	0	0	0	0	0	0	0	0	0	0	0	0	0	0	0	0	0	0	0	0	0	0	0	0	0	0	0	0	0	0	0	0	0	0	0	0	0	0	0	0	0	0	0	0	0	0	0	0	0	0	0	0	0.761413138483926	0.638874955160083	0	0	0	0	0	0.56261262059544	0.875781242100877	0.502476222806806	0.791785890990197	0.579578792743601	0.990665870031972	0	0.767635685795328	0.751639146239952	0.833232116381043	0.737889873142831	0	0	0	0	0	0	0	0	0	0	0	0	0	0	0	0	0	0
0	0	0	0	0	0	0	0	0	0	0	0	0	0	0	0	0	0	0	0	0	0	0	0	0	0	0	0	0	0	0	0	0	0	0	0	0	0	0	0	0	0	0	0	0	0	0	0	0	0	0	0	0	0	0.570833009287391	0.738801505393771	0.886092313632691	0	0	0	0	0	0.541469122241253	0.759988702195325	0.608048057225025	0.890935017486119	0.722499459452369	0.517338649033998	0	0.539979240910962	0.663568567258414	0.709689472483314	0	0	0	0	0	0	0	0	0	0	0	0	0	0	0	0	0	0
0	0	0	0	0	0	0	0	0	0	0	0	0	0	0	0	0	0	0	0	0	0	0	0	0	0	0	0	0	0	0	0	0	0	0	0	0	0	0	0	0	0	0	0	0	0	0	0	0	0	0	0	0	0	0.860071469627259	0.850032665101686	0.67177443172222	0.609753798676277	0	0	0	0	0	0.953625304382774	0.863321580563918	0.575672033318445	0.847481291165905	0.871573774803756	0.931716679013035	0	0.694703636260544	0.918132920576998	0	0	0	0	0	0	0	0	0	0	0	0	0	0	0	0	0	0
0	0	0	0	0	0	0	0	0	0	0	0	0	0	0	0	0	0	0	0	0	0	0	0	0	0	0	0	0	0	0	0	0	0	0	0	0	0	0	0	0	0	0	0	0	0	0	0	0	0	0	0	0	0	0.886144516897871	0.75477939958876	0.590359919656004	0.922999496069951	0.947292419583647	0	0	0	0	0	0.650295184857677	0.672410308713166	0.900987815910744	0.788739325722825	0.592538411560879	0.783687535045992	0	0.689850789021726	0	0	0	0	0	0	0	0	0	0	0	0	0	0	0	0	0	0
0	0	0	0	0	0	0	0	0	0	0	0	0	0	0	0	0	0	0	0	0	0	0	0	0	0	0	0	0	0	0	0	0	0	0	0	0	0	0	0	0	0	0	0	0	0	0	0	0	0	0	0	0	0	0.810861454672679	0.876840902815009	0.721419570394318	0.543649449490867	0.898376825145597	0.698916713729075	0	0	0	0	0	0.941927069490539	0.594082628310588	0.647170721213532	0.572119010145388	0.949356097138408	0.869807216086618	0	0	0	0	0	0	0	0	0	0	0	0	0	0	0	0	0	0	0
0	0	0	0	0	0	0	0	0	0	0	0	0	0	0	0	0	0	0	0	0	0	0	0	0	0	0	0	0	0	0	0	0	0	0	0	0	0	0	0	0	0	0	0	0	0	0	0	0	0	0	0	0	0	0	0	0	0	0	0	0	0	0	0	0	0	0	0	0	0	0	0	0	0.516661447984469	0.929948042100696	0	0.512472858434426	0	0	0.55388211244542	0.523351063115207	0.820244175261886	0.6475434145615	0	0.641710794047782	0.670448116177028	0.768004162683704	0.60733228164049	0	0
0	0	0	0	0	0	0	0	0	0	0	0	0	0	0	0	0	0	0	0	0	0	0	0	0	0	0	0	0	0	0	0	0	0	0	0	0	0	0	0	0	0	0	0	0	0	0	0	0	0	0	0	0	0	0	0	0	0	0	0	0	0	0	0	0	0	0	0	0	0	0	0	0.710493182175418	0	0	0.575085318805957	0.509609367008731	0	0.580461830267673	0	0.642825825637908	0.931048774437491	0	0	0	0	0	0	0.812981879502832	0.694951913666713
0	0	0	0	0	0	0	0	0	0	0	0	0	0	0	0	0	0	0	0	0	0	0	0	0	0	0	0	0	0	0	0	0	0	0	0	0	0	0	0	0	0	0	0	0	0	0	0	0	0	0	0	0	0	0	0	0	0	0	0	0	0	0	0	0	0	0	0	0	0	0	0	0.655612957843434	0	0	0	0.959865194991469	0	0	0.846382345784852	0	0.509914307605706	0.722836592409025	0.717810553996188	0.677832942526759	0.532007841991742	0.629476689416732	0.586349524858285	0.697826210414056	0.572909470903918
0	0	0	0	0	0	0	0	0	0	0	0	0	0	0	0	0	0	0	0	0	0	0	0	0	0	0	0	0	0	0	0	0	0	0	0	0	0	0	0	0	0	0	0	0	0	0	0	0	0	0	0	0	0	0	0	0	0	0	0	0	0	0	0	0	0	0	0	0	0	0	0	0	0.853178320183478	0	0	0.519490463068851	0	0.915580126715352	0.962035226908966	0.983688580111015	0	0	0.768247301085647	0.916334596426742	0.941978670775077	0	0	0.704788479086867	0.690030294177534
0	0	0	0	0	0	0	0	0	0	0	0	0	0	0	0	0	0	0	0	0	0	0	0	0	0	0	0	0	0	0	0	0	0	0	0	0	0	0	0	0	0	0	0	0	0	0	0	0	0	0	0	0	0	0	0	0	0	0	0	0	0	0	0	0	0	0	0	0	0	0	0	0.966929248091062	0.74285594866377	0.574463919333178	0.561156981665518	0	0.866875565406803	0.886471595266948	0.706828130669029	0.592441147867884	0	0	0	0	0.951008222673369	0.692670205613039	0.541019061862535	0.782786988814704	0.780265622191101
0	0	0	0	0	0	0	0	0	0	0	0	0	0	0	0	0	0	0	0	0	0	0	0	0	0	0	0	0	0	0	0	0	0	0	0	0	0	0	0	0	0	0	0	0	0	0	0	0	0	0	0	0	0	0	0	0	0	0	0	0	0	0	0	0	0	0	0	0	0	0	0	0	0	0	0	0.59415288660422	0	0.708569390895865	0	0	0.86513514649772	0.851263446069181	0	0	0	0	0	0.9743067786489	0.647608614759319
0	0	0	0	0	0	0	0	0	0	0	0	0	0	0	0	0	0	0	0	0	0	0	0	0	0	0	0	0	0	0	0	0	0	0	0	0	0	0	0	0	0	0	0	0	0	0	0	0	0	0	0	0	0	0	0	0	0	0	0	0	0	0	0	0	0	0	0	0	0	0	0	0	0.88349383002034	0	0.620180475354342	0.708072132402236	0.79393806973875	0	0	0.658866816636197	0.649906713138006	0.530182115512604	0.550518593718518	0.676816952606827	0	0	0	0.799869319255387	0
0	0	0	0	0	0	0	0	0	0	0	0	0	0	0	0	0	0	0	0	0	0	0	0	0	0	0	0	0	0	0	0	0	0	0	0	0	0	0	0	0	0	0	0	0	0	0	0	0	0	0	0	0	0	0	0	0	0	0	0	0	0	0	0	0	0	0	0	0	0	0	0	0.906377847832313	0	0.617453097637547	0.848719755792078	0.594114810236998	0	0	0	0	0.875562846723814	0.8343662555606	0.713413508863541	0.613423801489413	0.871036635603402	0	0	0.882686916152838	0
0	0	0	0	0	0	0	0	0	0	0	0	0	0	0	0	0	0	0	0	0	0	0	0	0	0	0	0	0	0	0	0	0	0	0	0	0	0	0	0	0	0	0	0	0	0	0	0	0	0	0	0	0	0	0	0	0	0	0	0	0	0	0	0	0	0	0	0	0	0	0	0	0.682004762773732	0.661233096513613	0	0.850038164760019	0.857579428662984	0	0.627103436627069	0	0	0	0.670550239745771	0	0.812362866838919	0	0	0	0.651006342055888	0.694067506959445
0	0	0	0	0	0	0	0	0	0	0	0	0	0	0	0	0	0	0	0	0	0	0	0	0	0	0	0	0	0	0	0	0	0	0	0	0	0	0	0	0	0	0	0	0	0	0	0	0	0	0	0	0	0	0	0	0	0	0	0	0	0	0	0	0	0	0	0	0	0	0	0	0.856030195887825	0.799351637071889	0.839379647468977	0	0	0.578471264563515	0.57019601891555	0.514594864089788	0	0	0	0.745166040812942	0.598664575657769	0	0	0	0.822814144352158	0
0	0	0	0	0	0	0	0	0	0	0	0	0	0	0	0	0	0	0	0	0	0	0	0	0	0	0	0	0	0	0	0	0	0	0	0	0	0	0	0	0	0	0	0	0	0	0	0	0	0	0	0	0	0	0	0	0	0	0	0	0	0	0	0	0	0	0	0	0	0	0	0	0.556501932887106	0	0.989406583490083	0	0	0.943859713143432	0.921852047721436	0.747531627657203	0.999409939153668	0	0	0.934569945929624	0.994498000866236	0.683816898363639	0	0.643208117515734	0.885072101349596	0
0	0	0	0	0	0	0	0	0	0	0	0	0	0	0	0	0	0	0	0	0	0	0	0	0	0	0	0	0	0	0	0	0	0	0	0	0	0	0	0	0	0	0	0	0	0	0	0	0	0	0	0	0	0	0	0	0	0	0	0	0	0	0	0	0	0	0	0	0	0	0	0	0	0	0.557030491708862	0.733692376612904	0	0	0.670949518310523	0.810773250061344	0	0.679661388592314	0.895833632732332	0	0.891715936956907	0.635381107651654	0.563601766915527	0	0	0
0	0	0	0	0	0	0	0	0	0	0	0	0	0	0	0	0	0	0	0	0	0	0	0	0	0	0	0	0	0	0	0	0	0	0	0	0	0	0	0	0	0	0	0	0	0	0	0	0	0	0	0	0	0	0	0	0	0	0	0	0	0	0	0	0	0	0	0	0	0	0	0	0.564175887213211	0	0.898151282957454	0.545301720941622	0	0	0.893687307800835	0.862438826477243	0.960716009768286	0.607675238756866	0.874148615293099	0.911784573754236	0	0.667320304185043	0.872964630207584	0.901151832412917	0.686672885477865	0
0	0	0	0	0	0	0	0	0	0	0	0	0	0	0	0	0	0	0	0	0	0	0	0	0	0	0	0	0	0	0	0	0	0	0	0	0	0	0	0	0	0	0	0	0	0	0	0	0	0	0	0	0	0	0	0	0	0	0	0	0	0	0	0	0	0	0	0	0	0	0	0	0.785866851918369	0	0.983275828537916	0.604245510988735	0.913567115906731	0	0	0.830012098057035	0	0	0.775374449896358	0.563590345886226	0.872263675927685	0	0	0.960150611665963	0	0.708009629764683
0	0	0	0	0	0	0	0	0	0	0	0	0	0	0	0	0	0	0	0	0	0	0	0	0	0	0	0	0	0	0	0	0	0	0	0	0	0	0	0	0	0	0	0	0	0	0	0	0	0	0	0	0	0	0	0	0	0	0	0	0	0	0	0	0	0	0	0	0	0	0	0	0.517082538674928	0	0.816161910375537	0	0.954033701925323	0	0	0	0	0	0	0.554029838345396	0.998327407116781	0	0	0	0.840836345237166	0.929857929368437
0	0	0	0	0	0	0	0	0	0	0	0	0	0	0	0	0	0	0	0	0	0	0	0	0	0	0	0	0	0	0	0	0	0	0	0	0	0	0	0	0	0	0	0	0	0	0	0	0	0	0	0	0	0	0	0	0	0	0	0	0	0	0	0	0	0	0	0	0	0	0	0	0.88340743726863	0	0.771123478151298	0	0.868294921500213	0	0	0	0	0	0.653612480485254	0	0.881646113362915	0.648850051924343	0	0	0.990623102978315	0.747587549386961
0	0	0	0	0	0	0	0	0	0	0	0	0	0	0	0	0	0	0	0	0	0	0	0	0	0	0	0	0	0	0	0	0	0	0	0	0	0	0	0	0	0	0	0	0	0	0	0	0	0	0	0	0	0	0	0	0	0	0	0	0	0	0	0	0	0	0	0	0	0	0	0	0	0.661531258702611	0.64252349394124	0.896053951279811	0.601483013459828	0.593472948705075	0.751619531401867	0.518110845943027	0.554844290195723	0.531995554208077	0.70462085482326	0	0.687391837870704	0	0.888889149419688	0.991106853046667	0	0.939972166155253
0	0	0	0	0	0	0	0	0	0	0	0	0	0	0	0	0	0	0	0	0	0	0	0	0	0	0	0	0	0	0	0	0	0	0	0	0	0	0	0	0	0	0	0	0	0	0	0	0	0	0	0	0	0	0	0	0	0	0	0	0	0	0	0	0	0	0	0	0	0	0	0	0	0.554445129308613	0.583766811218067	0.913672311624929	0.821329327743802	0.547217252887447	0	0	0.878046997013117	0	0	0	0	0.642182117364063	0.786372839592184	0.611798576884569	0.69291234894792	0
