0	0	0.918657020054892	0.733077572421702	0.520692132667705	0.867157167860314	0.655918175493025	0.53724124610781	0.684048594532275	0	0	0	0	0	0.97383188231771	0.543149302963751	0.513931742141188	0	0	0	0	0	0	0.762719017878541	0.973848626500122	0.562022441190232	0.938728456223622	0.855084980720547	0.551373732618076	0.597213262439998	0	0	0	0	0	0	0	0	0	0	0	0	0	0	0	0	0	0	0	0	0	0	0	0	0	0	0	0	0	0	0	0	0	0	0	0	0	0	0	0	0	0	0	0	0	0	0	0	0	0	0	0	0	0	0	0	0	0	0	0
0	0	0.588097371933231	0.565365871349158	0	0.882648650106025	0.938230316085874	0	0.965297098145848	0	0	0.516883394954991	0	0	0	0	0	0	0.69884457114699	0.76040800632198	0	0.849873393748796	0.548761968302901	0.666416718658527	0.787227814613597	0.926251197365662	0.525120740865741	0.620874588564358	0.618727226382859	0	0	0	0	0	0	0	0	0	0	0	0	0	0	0	0	0	0	0	0	0	0	0	0	0	0	0	0	0	0	0	0	0	0	0	0	0	0	0	0	0	0	0	0	0	0	0	0	0	0	0	0	0	0	0	0	0	0	0	0	0
0.575207591540842	0.744564723753415	0	0.635605259123124	0	0.959356080583383	0.60281971312714	0.600764806929696	0.897170743683534	0.792969434120944	0	0	0.625017314048294	0.689950865700316	0	0	0	0	0	0	0.971316103774748	0	0	0	0	0.517193478736226	0.628202219816679	0	0.596011728058829	0	0	0	0	0	0	0	0	0	0	0	0	0	0	0	0	0	0	0	0	0	0	0	0	0	0	0	0	0	0	0	0	0	0	0	0	0	0	0	0	0	0	0	0	0	0	0	0	0	0	0	0	0	0	0	0	0	0	0	0	0
0.681166571128689	0.554477395591223	0.716624202954133	0	0.543872438770795	0.697356456555658	0.753012606602656	0.685080328877302	0.770006829130224	0.763771627549816	0	0	0.833717733977918	0.569604319363493	0	0	0	0	0.769083937282176	0.582815412632415	0	0	0	0	0	0	0.668189594445649	0	0.661919196636001	0.530916782644055	0	0	0	0	0	0	0	0	0	0	0	0	0	0	0	0	0	0	0	0	0	0	0	0	0	0	0	0	0	0	0	0	0	0	0	0	0	0	0	0	0	0	0	0	0	0	0	0	0	0	0	0	0	0	0	0	0	0	0	0
0.613185331421215	0	0	0.911030692389886	0	0.790013465047354	0	0	0.710993143118035	0.604867728013232	0.501171287686161	0.800326080758133	0.819346260284013	0.913406102751622	0.599225577047905	0	0	0	0	0	0	0	0	0	0	0	0	0.93368090797686	0.822068523927045	0.694616952081377	0	0	0	0	0	0	0	0	0	0	0	0	0	0	0	0	0	0	0	0	0	0	0	0	0	0	0	0	0	0	0	0	0	0	0	0	0	0	0	0	0	0	0	0	0	0	0	0	0	0	0	0	0	0	0	0	0	0	0	0
0.719384451336783	0.76374633143771	0.769164558225433	0.769499158500313	0.683341352802815	0	0	0	0.778060007865201	0	0.671513105733341	0.678725178523139	0.621189390810105	0	0	0.736612062067135	0	0	0	0.585026120115339	0	0	0	0.823285380126047	0	0	0	0	0	0.787205172953465	0	0	0	0	0	0	0	0	0	0	0	0	0	0	0	0	0	0	0	0	0	0	0	0	0	0	0	0	0	0	0	0	0	0	0	0	0	0	0	0	0	0	0	0	0	0	0	0	0	0	0	0	0	0	0	0	0	0	0	0
0.719875927801725	0.920272576790348	0.563185502264122	0.91254349117516	0	0	0	0	0.554726977916528	0.597856684512731	0	0	0.703654778008021	0	0.684848455666832	0	0	0	0	0.585338794006628	0	0.956648554407555	0	0	0	0	0.867238715960892	0	0	0.819678934788298	0	0	0	0	0	0	0	0	0	0	0	0	0	0	0	0	0	0	0	0	0	0	0	0	0	0	0	0	0	0	0	0	0	0	0	0	0	0	0	0	0	0	0	0	0	0	0	0	0	0	0	0	0	0	0	0	0	0	0	0
0.901305752991262	0	0.62535222364048	0.711748025420794	0	0	0	0	0.617904960849788	0.878322287022717	0.682564583604316	0.721392326478965	0	0.736428699319289	0.738569767042516	0	0	0	0	0	0	0.55164525593633	0	0.819989219824232	0	0	0	0	0	0	0	0	0	0	0	0	0	0	0	0	0	0	0	0	0	0	0	0	0	0	0	0	0	0	0	0	0	0	0	0	0	0	0	0	0	0	0	0	0	0	0	0	0	0	0	0	0	0	0	0	0	0	0	0	0	0	0	0	0	0
0.587497080811132	0.730597133995805	0.982600972486044	0.591354379226754	0.725534486470625	0.797115334568458	0.578628745137957	0.724471224254244	0	0.913092618258636	0.618792137686634	0	0.561061618172394	0.541726189982191	0.717390002859336	0	0	0	0	0	0	0	0	0	0.746963073823241	0	0	0	0.645617513577022	0	0	0	0	0	0	0	0	0	0	0	0	0	0	0	0	0	0	0	0	0	0	0	0	0	0	0	0	0	0	0	0	0	0	0	0	0	0	0	0	0	0	0	0	0	0	0	0	0	0	0	0	0	0	0	0	0	0	0	0	0
0	0	0.593229083307912	0.957617933762362	0.957754590632699	0	0.585470000509232	0.776346870775727	0.643621270517765	0	0.738435302035084	0.982464948112878	0.983315670080777	0.727538140023761	0.91743056150796	0	0.823587352869069	0	0	0	0	0	0.725546236687766	0	0	0	0	0.827639974825065	0	0	0	0	0	0	0	0	0	0	0	0	0	0	0	0	0	0	0	0	0	0	0	0	0	0	0	0	0	0	0	0	0	0	0	0	0	0	0	0	0	0	0	0	0	0	0	0	0	0	0	0	0	0	0	0	0	0	0	0	0	0
0	0	0	0	0.549755097460883	0.767464799202878	0	0.732369259745821	0.911443381943755	0.791705688613715	0	0.968297291452767	0.679982108199291	0.616069478253832	0	0.595863346999762	0.727325268800811	0.662536957919998	0	0	0.84011639174206	0.524921703215978	0	0	0	0	0	0	0	0.550767155474888	0	0	0	0	0	0	0	0	0	0	0	0	0	0	0	0	0	0	0	0	0	0	0	0	0	0	0	0	0	0	0	0	0	0	0	0	0	0	0	0	0	0	0	0	0	0	0	0	0	0	0	0	0	0	0	0	0	0	0	0
0	0.703800763145485	0	0	0.720966544683176	0.908920384300204	0	0.867926326794136	0	0.584062371567883	0.614668435324176	0	0.709336647635208	0	0.616545222604612	0.910777397536407	0.812046323840625	0.837825815333082	0.86468961431795	0	0	0.998084773798412	0	0	0.889072582583027	0	0.513937700580845	0	0.676071192852931	0	0	0	0	0	0	0	0	0	0	0	0	0	0	0	0	0	0	0	0	0	0	0	0	0	0	0	0	0	0	0	0	0	0	0	0	0	0	0	0	0	0	0	0	0	0	0	0	0	0	0	0	0	0	0	0	0	0	0	0	0
0	0	0.700506967518552	0.888339701545671	0.626308249483866	0.903869943944282	0.883868512259944	0	0.875075254095114	0.997435103141004	0.868018285076517	0.821383355964708	0	0.987554458517322	0	0.665180184102155	0	0.591122472154775	0.952116252815299	0	0	0	0	0	0	0	0	0	0	0	0	0	0	0	0	0	0	0	0	0	0	0	0	0	0	0	0	0	0	0	0	0	0	0	0	0	0	0	0	0	0	0	0	0	0	0	0	0	0	0	0	0	0	0	0	0	0	0	0	0	0	0	0	0	0	0	0	0	0	0
0	0	0.676306478732418	0.829734830154759	0.96381515787429	0	0	0.665498706925957	0.797308423370866	0.77488179111035	0.830457234293983	0	0.949153352737716	0	0	0	0.863015961159842	0.779963142727278	0	0.542557007645336	0.865809861498933	0	0	0.984059625498575	0	0	0	0.77024342232272	0	0.628260232987635	0	0	0	0	0	0	0	0	0	0	0	0	0	0	0	0	0	0	0	0	0	0	0	0	0	0	0	0	0	0	0	0	0	0	0	0	0	0	0	0	0	0	0	0	0	0	0	0	0	0	0	0	0	0	0	0	0	0	0	0
0.988323032755443	0	0	0	0.919468805610503	0	0.914622904922476	0.851023091696625	0.690516929953212	0.657662630010232	0	0.576981053876707	0	0	0	0.767737536543748	0.890984321548197	0.880575575121444	0	0	0.989274993251276	0.600238495634448	0	0	0	0	0.78371751998539	0.806286810566337	0	0	0	0	0	0	0	0	0	0	0	0	0	0	0	0	0	0	0	0	0	0	0	0	0	0	0	0	0	0	0	0	0	0	0	0	0	0	0	0	0	0	0	0	0	0	0	0	0	0	0	0	0	0	0	0	0	0	0	0	0	0
0.731472545437178	0	0	0	0	0.783489872311691	0	0	0	0	0.949927175463508	0.94953625698001	0.88405622803067	0	0.717003758414699	0	0	0.922624114807937	0.572944298708393	0.871304050370442	0.529680706736162	0.870972844841392	0	0.574640394379731	0	0	0.58696158585151	0	0.626392094370516	0.764189762399403	0	0	0	0	0	0	0	0	0	0	0	0	0	0	0	0	0	0	0	0	0	0	0	0	0	0	0	0	0	0	0	0	0	0	0	0	0	0	0	0	0	0	0	0	0	0	0	0	0	0	0	0	0	0	0	0	0	0	0	0
0.659144825299954	0	0	0	0	0	0	0	0	0.764533140531504	0.948898504910789	0.986538112178946	0	0.567425866538903	0.95868933256389	0	0	0.52832264985307	0	0.505686533723932	0.632037815171901	0.705577293541822	0.782884866537738	0.66130150625139	0	0	0	0	0.653895360662682	0.64396704030225	0	0	0	0	0	0	0	0	0	0	0	0	0	0	0	0	0	0	0	0	0	0	0	0	0	0	0	0	0	0	0	0	0	0	0	0	0	0	0	0	0	0	0	0	0	0	0	0	0	0	0	0	0	0	0	0	0	0	0	0
0	0	0	0	0	0	0	0	0	0	0.662027942601115	0.55449086041668	0.876969094248556	0.765776763981984	0.858445573695345	0.698678883278078	0.789761325437705	0	0.839430352104007	0.599451100343826	0.976210138090211	0.715266137655696	0.705632940191085	0.881609631364077	0.781299458005771	0	0	0	0	0	0	0	0	0	0	0	0	0	0	0	0	0	0	0	0	0	0	0	0	0	0	0	0	0	0	0	0	0	0	0	0	0	0	0	0	0	0	0	0	0	0	0	0	0	0	0	0	0	0	0	0	0	0	0	0	0	0	0	0	0
0	0.643837005764174	0	0.878951348500806	0	0	0	0	0	0	0	0.841737395894474	0.861802431143249	0	0	0.9464600831798	0	0.647038254856865	0	0.689867109936621	0.763528992852869	0.898664375532837	0.998948649662246	0.527603644960561	0.607504807385268	0	0	0	0	0	0	0	0	0	0	0	0	0	0	0	0	0	0	0	0	0	0	0	0	0	0	0	0	0	0	0	0	0	0	0	0	0	0	0	0	0	0	0	0	0	0	0	0	0	0	0	0	0	0	0	0	0	0	0	0	0	0	0	0	0
0	0.657830197647103	0	0.852587595450456	0	0.857561687786613	0.803831526462759	0	0	0	0	0	0	0.884202082057037	0	0.705976820646433	0.989821361529644	0.749228161849858	0.557376777096924	0	0	0.859521534021292	0.73379832416611	0	0.542363338827885	0.815323826168199	0	0.554975514360658	0.870874114417599	0	0	0	0	0	0	0	0	0	0	0	0	0	0	0	0	0	0	0	0	0	0	0	0	0	0	0	0	0	0	0	0	0	0	0	0	0	0	0	0	0	0	0	0	0	0	0	0	0	0	0	0	0	0	0	0	0	0	0	0	0
0	0	0.93373880342444	0	0	0	0	0	0	0	0.723589969527153	0	0	0.775298533162372	0.759031667357597	0.69938159751194	0.698199668354712	0.779491218617102	0.730670754068399	0	0	0.917043995847561	0.607549426445388	0.800673527918042	0.897584770680045	0.62809781940192	0	0.736412527781467	0	0	0	0	0	0	0	0	0	0	0	0	0	0	0	0	0	0	0	0	0	0	0	0	0	0	0	0	0	0	0	0	0	0	0	0	0	0	0	0	0	0	0	0	0	0	0	0	0	0	0	0	0	0	0	0	0	0	0	0	0	0
0	0.73368655443776	0	0	0	0	0.778661673452699	0.504596221223905	0	0	0.587333328887215	0.590871238828951	0	0	0.514483699995997	0.98407260063927	0.578605574228185	0.943667607973168	0.771892733230867	0.500290661736875	0.797798950629365	0	0	0.83697570648216	0	0.709451564133768	0.647278502062918	0	0.95973021516793	0	0	0	0	0	0	0	0	0	0	0	0	0	0	0	0	0	0	0	0	0	0	0	0	0	0	0	0	0	0	0	0	0	0	0	0	0	0	0	0	0	0	0	0	0	0	0	0	0	0	0	0	0	0	0	0	0	0	0	0	0
0	0.96221443404876	0	0	0	0	0	0	0	0.949265697694354	0	0	0	0	0	0	0.785585152318319	0.70898724167384	0.645394552323297	0.798722755454428	0.646673708350815	0	0	0.982539701491574	0.830680964869779	0.855823598623356	0.715537526504505	0.721155074413205	0.820000646304735	0	0	0	0	0	0	0	0	0	0	0	0	0	0	0	0	0	0	0	0	0	0	0	0	0	0	0	0	0	0	0	0	0	0	0	0	0	0	0	0	0	0	0	0	0	0	0	0	0	0	0	0	0	0	0	0	0	0	0	0	0
0.860362794612965	0.780741948208742	0	0	0	0.916444025357102	0	0.705471946179078	0	0	0	0	0	0.563052621844743	0	0.63573146265425	0.564544759437234	0.676737122018515	0.69353248422364	0	0.643791830285175	0.962251597133689	0.567181688948949	0	0	0	0.602876446320726	0	0.909041995441057	0.61483767154256	0	0	0	0	0	0	0	0	0	0	0	0	0	0	0	0	0	0	0	0	0	0	0	0	0	0	0	0	0	0	0	0	0	0	0	0	0	0	0	0	0	0	0	0	0	0	0	0	0	0	0	0	0	0	0	0	0	0	0	0
0.645344876639128	0.576720349815084	0	0	0	0	0	0	0.577162219848619	0	0	0.63312576580382	0	0	0	0	0	0.973362227508699	0.822642370801286	0.717380847502963	0.542136485886551	0	0.771918740091293	0	0	0	0	0.779721773931883	0.893609598340605	0	0	0	0	0	0	0	0	0	0	0	0	0	0	0	0	0	0	0	0	0	0	0	0	0	0	0	0	0	0	0	0	0	0	0	0	0	0	0	0	0	0	0	0	0	0	0	0	0	0	0	0	0	0	0	0	0	0	0	0	0
0.630562500772054	0.561865869709173	0.963208508629107	0	0	0	0	0	0	0	0	0	0	0	0	0	0	0	0	0.683877147703813	0.519282807191858	0.878643263899232	0.637873615638829	0	0	0	0.56921023395988	0.859332235809011	0.943558744983561	0.606885368571624	0	0	0	0	0	0	0	0	0	0	0	0	0	0	0	0	0	0	0	0	0	0	0	0	0	0	0	0	0	0	0	0	0	0	0	0	0	0	0	0	0	0	0	0	0	0	0	0	0	0	0	0	0	0	0	0	0	0	0	0
0.755070628008258	0.665851234607085	0.795632003066894	0.684188191812281	0	0	0.62436837809163	0	0	0	0	0.694990558115806	0	0	0.557145313247641	0.764816914294032	0	0	0	0	0	0.586421362944468	0.864617568488384	0.505467304536598	0	0.955021377052678	0	0	0.873301706159206	0.962052888188815	0	0	0	0	0	0	0	0	0	0	0	0	0	0	0	0	0	0	0	0	0	0	0	0	0	0	0	0	0	0	0	0	0	0	0	0	0	0	0	0	0	0	0	0	0	0	0	0	0	0	0	0	0	0	0	0	0	0	0	0
0.791078673339211	0.561204214455574	0	0	0.932670540659622	0	0	0	0	0.763337582194265	0	0	0	0.716315684871173	0.814121675069584	0	0	0	0	0.805502764685404	0.602902712226739	0	0.798354095920916	0	0.889090831542839	0.978086253603512	0	0	0	0.852697436360348	0	0	0	0	0	0	0	0	0	0	0	0	0	0	0	0	0	0	0	0	0	0	0	0	0	0	0	0	0	0	0	0	0	0	0	0	0	0	0	0	0	0	0	0	0	0	0	0	0	0	0	0	0	0	0	0	0	0	0	0
0.80218209328654	0.873789853421305	0.660670337115894	0.779643435469342	0.818100080386906	0	0	0	0.593501529776243	0	0	0.722020906687187	0	0	0	0.568363147770503	0.974724975192698	0	0	0.927497773096156	0	0.606352306509726	0.605146374592929	0.838421287496282	0.795152510083661	0.806700498777616	0.884789506423054	0	0	0.784277439214328	0	0	0	0	0	0	0	0	0	0	0	0	0	0	0	0	0	0	0	0	0	0	0	0	0	0	0	0	0	0	0	0	0	0	0	0	0	0	0	0	0	0	0	0	0	0	0	0	0	0	0	0	0	0	0	0	0	0	0	0
0.991170246079273	0	0	0.738141528946046	0.71266170199323	0.684349629202115	0.653631335937721	0	0	0	0.786991296863022	0	0	0.663148142726451	0	0.556733202913456	0.560230809539734	0	0	0	0	0	0	0.748260126105773	0	0.979351873726593	0.509029963686637	0.917522550887713	0.673345977473701	0	0	0	0	0	0	0	0	0	0	0	0	0	0	0	0	0	0	0	0	0	0	0	0	0	0	0	0	0	0	0	0	0	0	0	0	0	0	0	0	0	0	0	0	0	0	0	0	0	0	0	0	0	0	0	0	0	0	0	0	0
0	0	0	0	0	0	0	0	0	0	0	0	0	0	0	0	0	0	0	0	0	0	0	0	0	0	0	0	0	0	0	0.787158208273006	0.828848251102219	0.688369817304747	0	0	0.978178803928669	0	0	0.641114034660296	0.915832884523911	0	0	0	0	0	0.703044768052631	0	0	0	0	0	0	0	0.524616259067818	0	0.978756769642432	0	0	0.76450398745514	0	0	0	0	0	0	0	0	0	0	0	0	0	0	0	0	0	0	0	0	0	0	0	0	0	0	0	0	0	0
0	0	0	0	0	0	0	0	0	0	0	0	0	0	0	0	0	0	0	0	0	0	0	0	0	0	0	0	0	0	0.632805350689307	0	0	0	0.915180837738268	0	0	0	0	0.980887043081322	0	0	0	0.987909257679765	0.689302602874083	0	0	0	0	0	0	0	0.657535397014792	0	0	0.956352035696804	0.988403411717683	0	0	0	0	0	0	0	0	0	0	0	0	0	0	0	0	0	0	0	0	0	0	0	0	0	0	0	0	0	0	0	0	0
0	0	0	0	0	0	0	0	0	0	0	0	0	0	0	0	0	0	0	0	0	0	0	0	0	0	0	0	0	0	0.579372806625132	0	0	0.949333760912862	0	0.63741505668376	0.642762369285435	0.837858691839417	0	0	0	0	0	0.769500782261051	0	0.99055363689834	0	0	0	0	0	0	0	0.617740350331265	0	0.770864032390047	0	0.674558657061419	0	0	0	0	0	0	0	0	0	0	0	0	0	0	0	0	0	0	0	0	0	0	0	0	0	0	0	0	0	0	0	0
0	0	0	0	0	0	0	0	0	0	0	0	0	0	0	0	0	0	0	0	0	0	0	0	0	0	0	0	0	0	0.547315350281388	0	0.697589515038986	0	0	0	0.966892838737478	0	0	0	0.816852396348033	0	0	0	0	0	0	0.601867267901593	0.799951413933507	0	0.827151647764075	0	0	0	0	0	0	0.695742252761903	0	0	0	0	0	0	0	0	0	0	0	0	0	0	0	0	0	0	0	0	0	0	0	0	0	0	0	0	0	0	0	0
0	0	0	0	0	0	0	0	0	0	0	0	0	0	0	0	0	0	0	0	0	0	0	0	0	0	0	0	0	0	0	0.771777872956117	0	0	0	0	0	0.71190193408605	0	0	0	0	0	0	0	0	0.983015703906373	0	0.687335763300849	0	0.653954761459868	0	0.527073067927398	0	0	0	0	0	0.89288869429772	0.717959286188036	0	0	0	0	0	0	0	0	0	0	0	0	0	0	0	0	0	0	0	0	0	0	0	0	0	0	0	0	0	0
0	0	0	0	0	0	0	0	0	0	0	0	0	0	0	0	0	0	0	0	0	0	0	0	0	0	0	0	0	0	0	0	0.967795839609483	0	0	0	0.582652634294125	0.853408922938787	0	0.944181283962353	0	0	0.531719678566604	0	0	0.832294792070516	0	0	0	0	0	0.620589430862529	0	0	0	0	0	0.951251310422996	0	0	0	0	0	0	0	0	0	0	0	0	0	0	0	0	0	0	0	0	0	0	0	0	0	0	0	0	0	0	0	0
0	0	0	0	0	0	0	0	0	0	0	0	0	0	0	0	0	0	0	0	0	0	0	0	0	0	0	0	0	0	0.771443602484522	0	0.693040222856694	0.995917938315426	0	0.931998324071548	0	0	0	0	0.661928575399646	0	0	0	0	0	0	0	0.746187222180555	0.995754279656074	0	0	0	0	0	0	0	0	0.95613423010638	0	0	0	0	0	0	0	0	0	0	0	0	0	0	0	0	0	0	0	0	0	0	0	0	0	0	0	0	0	0	0
0	0	0	0	0	0	0	0	0	0	0	0	0	0	0	0	0	0	0	0	0	0	0	0	0	0	0	0	0	0	0	0	0.76951907051682	0	0.878430853574735	0.846801121688957	0	0	0	0	0	0	0	0	0	0	0	0	0	0	0.976909097611436	0.737332513395719	0	0	0.78401630276385	0	0	0.708033033486344	0	0	0	0	0	0	0	0	0	0	0	0	0	0	0	0	0	0	0	0	0	0	0	0	0	0	0	0	0	0	0	0
0	0	0	0	0	0	0	0	0	0	0	0	0	0	0	0	0	0	0	0	0	0	0	0	0	0	0	0	0	0	0	0	0	0	0	0	0	0	0	0	0.586512636569127	0	0.741070047952693	0	0	0	0.904380006194444	0	0	0.893894997616134	0	0	0	0.866725070218483	0	0	0	0	0	0	0	0	0	0	0	0	0	0	0	0	0	0	0	0	0	0	0	0	0	0	0	0	0	0	0	0	0	0	0	0
0	0	0	0	0	0	0	0	0	0	0	0	0	0	0	0	0	0	0	0	0	0	0	0	0	0	0	0	0	0	0.570759625700414	0.722059959764735	0	0	0	0.771667174771822	0	0	0	0	0	0.540906260676674	0.50253839148534	0	0.782528859610972	0	0	0	0	0	0	0	0	0	0.859624736079901	0.876753041297829	0	0	0	0	0	0	0	0	0	0	0	0	0	0	0	0	0	0	0	0	0	0	0	0	0	0	0	0	0	0	0	0	0	0
0	0	0	0	0	0	0	0	0	0	0	0	0	0	0	0	0	0	0	0	0	0	0	0	0	0	0	0	0	0	0.639985280710758	0	0	0.540020052780259	0	0	0.593454952440837	0	0.692511065186196	0	0	0	0.875247986331767	0	0	0	0	0	0	0.817409030470691	0	0.992550601314433	0	0	0	0	0.79266424059546	0	0.533694298062193	0.998775481222439	0	0	0	0	0	0	0	0	0	0	0	0	0	0	0	0	0	0	0	0	0	0	0	0	0	0	0	0	0	0
0	0	0	0	0	0	0	0	0	0	0	0	0	0	0	0	0	0	0	0	0	0	0	0	0	0	0	0	0	0	0	0	0	0	0	0	0	0	0	0.693634239891002	0	0	0.97240072931435	0.679935520696157	0.701203668775847	0	0	0	0	0	0	0.581245091745562	0	0	0	0	0.79499878042627	0	0	0.599514328683563	0	0	0	0	0	0	0	0	0	0	0	0	0	0	0	0	0	0	0	0	0	0	0	0	0	0	0	0	0	0
0	0	0	0	0	0	0	0	0	0	0	0	0	0	0	0	0	0	0	0	0	0	0	0	0	0	0	0	0	0	0	0	0	0	0	0.658557662025989	0	0	0.799058367595557	0.892880295491659	0.965043293356279	0.99988866356147	0	0	0	0	0.595412196775501	0.529868940401679	0	0	0	0	0	0	0	0	0	0	0	0.734895159835202	0	0	0	0	0	0	0	0	0	0	0	0	0	0	0	0	0	0	0	0	0	0	0	0	0	0	0	0	0	0
0	0	0	0	0	0	0	0	0	0	0	0	0	0	0	0	0	0	0	0	0	0	0	0	0	0	0	0	0	0	0	0.522186431264559	0.638569204351479	0	0	0	0	0	0	0	0	0.972390793188678	0	0	0	0.632307964308125	0	0.966173275775403	0	0	0	0	0	0	0	0.808081629750748	0.620196272273695	0	0	0	0	0	0	0	0	0	0	0	0	0	0	0	0	0	0	0	0	0	0	0	0	0	0	0	0	0	0	0	0	0
0	0	0	0	0	0	0	0	0	0	0	0	0	0	0	0	0	0	0	0	0	0	0	0	0	0	0	0	0	0	0	0.934132571022929	0	0	0	0	0	0	0	0.909682738582954	0	0.898243819156286	0	0	0	0	0.67040898124757	0.809137563386352	0.881151866145189	0.793944310136801	0	0	0.738403836681121	0.766693166294311	0	0	0	0	0.99332919218342	0	0	0	0	0	0	0	0	0	0	0	0	0	0	0	0	0	0	0	0	0	0	0	0	0	0	0	0	0	0	0
0	0	0	0	0	0	0	0	0	0	0	0	0	0	0	0	0	0	0	0	0	0	0	0	0	0	0	0	0	0	0	0	0.639470823377527	0	0	0.564803010004588	0	0	0	0	0	0	0	0.989869168429055	0	0	0	0	0	0	0	0.760109736488523	0	0.767290197667851	0	0	0	0.71576353115249	0	0	0	0	0	0	0	0	0	0	0	0	0	0	0	0	0	0	0	0	0	0	0	0	0	0	0	0	0	0	0	0
0	0	0	0	0	0	0	0	0	0	0	0	0	0	0	0	0	0	0	0	0	0	0	0	0	0	0	0	0	0	0.837183809509721	0	0	0	0.883487343384642	0	0	0	0.780385822337795	0	0	0	0.962218649662715	0	0.999710437396466	0	0	0	0.842183818619013	0.996172845377823	0	0.927979167100532	0.98539949513242	0.876889051059474	0.555545950565104	0	0	0	0.578593580125223	0	0	0	0	0	0	0	0	0	0	0	0	0	0	0	0	0	0	0	0	0	0	0	0	0	0	0	0	0	0	0
0	0	0	0	0	0	0	0	0	0	0	0	0	0	0	0	0	0	0	0	0	0	0	0	0	0	0	0	0	0	0	0	0	0.662674417900446	0	0	0	0	0	0	0	0	0.931665320915899	0.68382141848097	0.63686865672313	0	0	0	0	0	0.531825403995412	0	0	0	0	0.589890213720517	0	0	0	0	0	0	0	0	0	0	0	0	0	0	0	0	0	0	0	0	0	0	0	0	0	0	0	0	0	0	0	0	0	0
0	0	0	0	0	0	0	0	0	0	0	0	0	0	0	0	0	0	0	0	0	0	0	0	0	0	0	0	0	0	0	0	0	0.874019307785249	0.566670712238984	0	0.64521287968941	0	0	0	0	0	0	0	0.555186113436175	0	0.667398152096343	0	0	0.976609600545634	0	0	0.882486519095006	0	0	0	0	0	0	0.528879301225456	0	0	0	0	0	0	0	0	0	0	0	0	0	0	0	0	0	0	0	0	0	0	0	0	0	0	0	0	0	0
0	0	0	0	0	0	0	0	0	0	0	0	0	0	0	0	0	0	0	0	0	0	0	0	0	0	0	0	0	0	0	0	0	0	0	0	0.898777597608146	0	0.860762080115364	0	0.953776920417071	0	0	0	0.905000848024259	0	0.981182701584415	0	0.565434084900701	0	0	0.706142700019453	0	0	0	0	0	0.62371538057237	0	0	0	0	0	0	0	0	0	0	0	0	0	0	0	0	0	0	0	0	0	0	0	0	0	0	0	0	0	0	0	0
0	0	0	0	0	0	0	0	0	0	0	0	0	0	0	0	0	0	0	0	0	0	0	0	0	0	0	0	0	0	0	0	0	0.686379085565104	0.722600249922575	0	0	0.943286751157067	0	0	0	0	0	0	0	0	0	0.577953091914443	0	0	0	0	0	0.639194445634592	0.767583646758735	0	0	0.935225569314334	0.980197565653836	0	0	0	0	0	0	0	0	0	0	0	0	0	0	0	0	0	0	0	0	0	0	0	0	0	0	0	0	0	0	0
0	0	0	0	0	0	0	0	0	0	0	0	0	0	0	0	0	0	0	0	0	0	0	0	0	0	0	0	0	0	0	0	0	0	0	0.907720546934077	0	0.547315369969907	0	0	0.668371134888954	0.858479671457258	0	0	0	0.626550738757764	0.579654457852149	0	0	0.999019702727878	0	0	0	0	0	0.729803711395206	0	0	0	0	0	0	0	0	0	0	0	0	0	0	0	0	0	0	0	0	0	0	0	0	0	0	0	0	0	0	0	0	0	0
0	0	0	0	0	0	0	0	0	0	0	0	0	0	0	0	0	0	0	0	0	0	0	0	0	0	0	0	0	0	0	0.525365058107165	0	0	0.544150728306349	0	0	0	0	0	0	0	0	0	0.742838993586621	0	0.878628977661886	0	0.538948459968808	0	0	0	0	0	0	0	0	0	0.837010543822514	0.883465820565191	0	0	0	0	0	0	0	0	0	0	0	0	0	0	0	0	0	0	0	0	0	0	0	0	0	0	0	0	0	0
0	0	0	0	0	0	0	0	0	0	0	0	0	0	0	0	0	0	0	0	0	0	0	0	0	0	0	0	0	0	0	0	0.78309629280114	0	0	0	0	0	0.959957890460573	0	0	0	0	0	0.501510048315303	0.504496686958884	0.941209222175451	0	0	0	0.889763826649098	0	0	0	0	0	0.92885248485581	0	0	0	0	0	0	0	0	0	0	0	0	0	0	0	0	0	0	0	0	0	0	0	0	0	0	0	0	0	0	0	0	0
0	0	0	0	0	0	0	0	0	0	0	0	0	0	0	0	0	0	0	0	0	0	0	0	0	0	0	0	0	0	0.769647571030072	0	0	0	0	0	0	0.655032594924211	0	0.682613746731298	0	0	0	0	0	0	0.596009578617429	0	0	0	0.765355690462568	0	0	0	0	0.677099526136239	0	0	0	0	0	0	0	0	0	0	0	0	0	0	0	0	0	0	0	0	0	0	0	0	0	0	0	0	0	0	0	0	0	0
0	0	0	0	0	0	0	0	0	0	0	0	0	0	0	0	0	0	0	0	0	0	0	0	0	0	0	0	0	0	0	0.541828626051944	0.741499040101505	0	0	0	0	0	0	0.930698982033634	0	0	0	0.549960132474472	0	0	0	0.665634056173334	0	0	0	0.967230730126331	0	0	0.898192017827859	0	0	0.600671860022493	0.57736327518408	0	0	0	0	0	0	0	0	0	0	0	0	0	0	0	0	0	0	0	0	0	0	0	0	0	0	0	0	0	0	0
0	0	0	0	0	0	0	0	0	0	0	0	0	0	0	0	0	0	0	0	0	0	0	0	0	0	0	0	0	0	0.930444069413852	0.527355954040706	0	0	0	0	0	0	0	0	0.704951927408752	0.794639840311025	0	0.516707869761874	0	0	0	0	0	0	0	0	0	0.510114335664387	0	0	0	0	0.629543629631648	0	0	0	0	0	0	0	0	0	0	0	0	0	0	0	0	0	0	0	0	0	0	0	0	0	0	0	0	0	0	0
0	0	0	0	0	0	0	0	0	0	0	0	0	0	0	0	0	0	0	0	0	0	0	0	0	0	0	0	0	0	0	0	0.713612777805982	0.524331814991806	0	0.61483639397546	0	0.835295202242528	0	0	0	0	0	0	0	0.915161532445807	0	0	0	0.539808744384948	0.886456930825994	0	0	0	0	0.993192076770154	0	0	0.846720966151289	0	0	0	0	0	0	0	0	0	0	0	0	0	0	0	0	0	0	0	0	0	0	0	0	0	0	0	0	0	0	0
0	0	0	0	0	0	0	0	0	0	0	0	0	0	0	0	0	0	0	0	0	0	0	0	0	0	0	0	0	0	0	0	0	0	0.607037503304903	0	0.905311541606587	0	0	0	0.697895273783748	0	0	0	0.730583143768607	0	0.538762510033168	0	0	0	0.734739527860232	0	0.578774687876117	0	0	0.635835452151852	0.539560976419276	0.753534043567877	0	0	0	0	0	0	0	0	0	0	0	0	0	0	0	0	0	0	0	0	0	0	0	0	0	0	0	0	0	0	0	0
0	0	0	0	0	0	0	0	0	0	0	0	0	0	0	0	0	0	0	0	0	0	0	0	0	0	0	0	0	0	0.882903140799004	0	0	0	0.730758420100133	0	0	0	0	0	0.793311888297836	0.787605576205588	0.964865187389597	0	0	0	0	0	0.694906912767275	0	0	0	0.935988936269101	0	0	0	0	0	0	0	0	0	0	0	0	0	0	0	0	0	0	0	0	0	0	0	0	0	0	0	0	0	0	0	0	0	0	0	0	0
0	0	0	0	0	0	0	0	0	0	0	0	0	0	0	0	0	0	0	0	0	0	0	0	0	0	0	0	0	0	0	0	0	0	0	0	0	0	0	0	0	0	0	0	0	0	0	0	0	0	0	0	0	0	0	0	0	0	0	0	0	0.622763240435657	0.510382147308381	0.930835695049318	0.862994554796986	0.906146931613901	0	0	0	0	0	0	0	0	0	0	0	0	0	0	0	0	0	0	0	0.629204301384269	0.759849928265447	0.871712043591899	0.922493506433035	0.967029588132737
0	0	0	0	0	0	0	0	0	0	0	0	0	0	0	0	0	0	0	0	0	0	0	0	0	0	0	0	0	0	0	0	0	0	0	0	0	0	0	0	0	0	0	0	0	0	0	0	0	0	0	0	0	0	0	0	0	0	0	0	0.825388142376092	0	0.791869182926554	0.517288125628908	0.766920182916086	0	0.541739286072757	0	0	0	0	0	0	0	0	0	0	0	0	0.658453309070312	0	0	0	0	0	0	0	0.952496499033352	0.726853517870029	0.647958473627831
0	0	0	0	0	0	0	0	0	0	0	0	0	0	0	0	0	0	0	0	0	0	0	0	0	0	0	0	0	0	0	0	0	0	0	0	0	0	0	0	0	0	0	0	0	0	0	0	0	0	0	0	0	0	0	0	0	0	0	0	0.94735023870838	0.526004536354334	0	0.611921463277439	0.584491517731842	0.832709437650191	0.786119641783129	0	0	0.908050342927077	0	0	0	0	0	0.581009899180419	0	0	0	0	0	0	0	0	0	0	0	0.661553253015301	0	0.874409653299568
0	0	0	0	0	0	0	0	0	0	0	0	0	0	0	0	0	0	0	0	0	0	0	0	0	0	0	0	0	0	0	0	0	0	0	0	0	0	0	0	0	0	0	0	0	0	0	0	0	0	0	0	0	0	0	0	0	0	0	0	0.583193420372556	0.807745586576165	0.856542854638337	0	0.689185278903674	0.83105749413945	0.962430282810554	0.665759529199183	0.942846175644579	0	0	0	0	0	0	0	0	0.879199376116008	0	0	0	0	0	0	0	0	0	0	0	0.908843904442381
0	0	0	0	0	0	0	0	0	0	0	0	0	0	0	0	0	0	0	0	0	0	0	0	0	0	0	0	0	0	0	0	0	0	0	0	0	0	0	0	0	0	0	0	0	0	0	0	0	0	0	0	0	0	0	0	0	0	0	0	0.661545139796768	0.755338568628991	0.584316726610773	0.728520511029502	0	0.635760660101391	0.88907739426299	0.84353789917387	0.656963989305296	0.611219868308397	0	0	0	0	0	0	0	0	0	0	0	0	0	0	0	0	0	0	0	0.674378372771446
0	0	0	0	0	0	0	0	0	0	0	0	0	0	0	0	0	0	0	0	0	0	0	0	0	0	0	0	0	0	0	0	0	0	0	0	0	0	0	0	0	0	0	0	0	0	0	0	0	0	0	0	0	0	0	0	0	0	0	0	0.552989187011529	0	0.727744685989833	0.591534842853478	0.649867662384956	0	0.533076787294498	0.784525517104783	0.8654616800579	0.625501962666454	0.871656612251527	0	0	0	0	0	0	0	0	0	0	0	0	0	0	0	0	0	0.882621429052864	0
0	0	0	0	0	0	0	0	0	0	0	0	0	0	0	0	0	0	0	0	0	0	0	0	0	0	0	0	0	0	0	0	0	0	0	0	0	0	0	0	0	0	0	0	0	0	0	0	0	0	0	0	0	0	0	0	0	0	0	0	0	0.747086469979062	0.945129497498661	0.941268275678755	0.811213059476687	0.963135340265276	0	0	0.862875921784038	0.825849194439711	0.94845471753021	0	0	0	0	0	0.555386355165996	0	0.765970574452655	0	0	0	0	0	0	0	0	0	0	0
0	0	0	0	0	0	0	0	0	0	0	0	0	0	0	0	0	0	0	0	0	0	0	0	0	0	0	0	0	0	0	0	0	0	0	0	0	0	0	0	0	0	0	0	0	0	0	0	0	0	0	0	0	0	0	0	0	0	0	0	0	0	0	0.947504670794002	0.921468168570809	0.964241789736858	0	0	0.573200412470366	0.500203360501584	0.511555162768218	0.770592052862872	0.809748595911443	0	0	0	0	0	0	0	0	0	0	0	0.673198281048189	0	0	0	0	0
0	0	0	0	0	0	0	0	0	0	0	0	0	0	0	0	0	0	0	0	0	0	0	0	0	0	0	0	0	0	0	0	0	0	0	0	0	0	0	0	0	0	0	0	0	0	0	0	0	0	0	0	0	0	0	0	0	0	0	0	0	0	0	0.787729829235905	0.91228703062655	0.69936004644529	0.529894811219276	0.748122164640283	0	0.994308166972536	0.826563962796768	0.851895707509143	0.70054971377426	0.675980070674035	0	0	0	0	0	0	0	0	0	0	0	0	0	0	0	0
0	0	0	0	0	0	0	0	0	0	0	0	0	0	0	0	0	0	0	0	0	0	0	0	0	0	0	0	0	0	0	0	0	0	0	0	0	0	0	0	0	0	0	0	0	0	0	0	0	0	0	0	0	0	0	0	0	0	0	0	0	0	0.912945525318264	0	0.557357228665605	0.806163907353485	0.741459811917483	0.840046327658744	0.928181407181989	0	0.832400539212972	0.722121125768878	0.697919712274865	0.601277820781451	0.641812727183132	0	0	0	0	0	0	0	0	0	0	0	0	0	0	0
0	0	0	0	0	0	0	0	0	0	0	0	0	0	0	0	0	0	0	0	0	0	0	0	0	0	0	0	0	0	0	0	0	0	0	0	0	0	0	0	0	0	0	0	0	0	0	0	0	0	0	0	0	0	0	0	0	0	0	0	0	0	0	0	0	0.772281292390713	0.924753416662867	0.584042396877908	0.85804709156243	0.622355106665184	0	0.68429840950203	0.880530418714985	0.631528923687902	0.757606067089374	0.719177310730317	0	0	0.802332396498307	0	0	0	0	0	0	0	0.920017089064984	0	0	0
0	0	0	0	0	0	0	0	0	0	0	0	0	0	0	0	0	0	0	0	0	0	0	0	0	0	0	0	0	0	0	0	0	0	0	0	0	0	0	0	0	0	0	0	0	0	0	0	0	0	0	0	0	0	0	0	0	0	0	0	0	0	0	0	0	0	0	0.614191092259129	0.69450272733283	0.574605961017895	0.839305705068687	0	0.940856009431073	0	0.703198542500248	0	0.880943757575561	0	0	0.766285094689988	0	0.504849439044209	0	0	0	0	0	0	0.717860870666182	0
0	0	0	0	0	0	0	0	0	0	0	0	0	0	0	0	0	0	0	0	0	0	0	0	0	0	0	0	0	0	0	0	0	0	0	0	0	0	0	0	0	0	0	0	0	0	0	0	0	0	0	0	0	0	0	0	0	0	0	0	0	0	0	0	0	0	0	0.602760424562285	0.541767166238012	0.952768102733365	0.519972768101329	0.97170650406743	0	0.886101448972672	0.848661707745467	0.610368758919403	0.991193928791763	0.633404407361589	0	0	0	0	0	0	0	0	0	0	0	0
0	0	0	0	0	0	0	0	0	0	0	0	0	0	0	0	0	0	0	0	0	0	0	0	0	0	0	0	0	0	0	0	0	0	0	0	0	0	0	0	0	0	0	0	0	0	0	0	0	0	0	0	0	0	0	0	0	0	0	0	0	0	0	0	0	0	0	0	0.731083890957052	0.880971737411459	0.949537121280339	0	0.887901304453671	0	0.595544589608858	0.743236089984767	0.929713426774995	0.663996331535445	0.696859821503214	0	0	0	0	0.532633210559392	0	0	0	0	0	0
0	0	0	0	0	0	0	0	0	0	0	0	0	0	0	0	0	0	0	0	0	0	0	0	0	0	0	0	0	0	0	0	0	0	0	0	0	0	0	0	0	0	0	0	0	0	0	0	0	0	0	0	0	0	0	0	0	0	0	0	0	0	0	0	0	0	0	0	0	0.690330100970045	0.940805619527097	0.772951041816526	0.537634918661901	0.697225114249661	0	0.518882118777898	0	0.620663038222042	0.533648967251053	0.915580957677691	0	0	0	0	0	0	0	0	0	0.943768176942003
0	0	0	0	0	0	0	0	0	0	0	0	0	0	0	0	0	0	0	0	0	0	0	0	0	0	0	0	0	0	0	0	0	0	0	0	0	0	0	0	0	0	0	0	0	0	0	0	0	0	0	0	0	0	0	0	0	0	0	0	0	0	0.67632262733351	0	0	0	0	0	0	0	0.945389944056664	0	0.812775035853998	0.720234138598738	0.99238326712672	0	0	0.618001659234621	0.736314672073852	0.791942894237548	0.972778845936977	0	0	0	0	0	0	0	0	0
0	0	0	0	0	0	0	0	0	0	0	0	0	0	0	0	0	0	0	0	0	0	0	0	0	0	0	0	0	0	0	0	0	0	0	0	0	0	0	0	0	0	0	0	0	0	0	0	0	0	0	0	0	0	0	0	0	0	0	0	0	0	0	0	0	0	0.514208180473974	0	0	0	0	0.89880119844509	0.661561905442613	0.922223677861553	0	0	0	0.951106172676146	0.858994341754749	0.515582222266706	0.896121698703069	0.902685319079484	0	0	0	0	0	0	0	0
0	0	0	0	0	0	0	0	0	0	0	0	0	0	0	0	0	0	0	0	0	0	0	0	0	0	0	0	0	0	0	0	0	0	0	0	0	0	0	0	0	0	0	0	0	0	0	0	0	0	0	0	0	0	0	0	0	0	0	0	0	0	0	0.697669819735509	0	0	0	0	0	0	0	0	0.824666523543153	0.740944290423931	0.510899810811018	0.864552003108152	0.683473857536421	0	0.797201354945678	0	0.715264713915924	0.641685076350103	0.844472075499363	0	0	0	0	0	0	0
0	0	0	0	0	0	0	0	0	0	0	0	0	0	0	0	0	0	0	0	0	0	0	0	0	0	0	0	0	0	0	0	0	0	0	0	0	0	0	0	0	0	0	0	0	0	0	0	0	0	0	0	0	0	0	0	0	0	0	0	0	0	0	0	0	0	0.91559251977713	0	0	0	0.587562353397123	0	0	0.638167048682105	0.772287236130503	0.630605153278927	0.874151366178225	0.946580249412378	0	0.507455942361703	0.678218024656663	0	0.695976023080633	0	0.964886849231591	0.897864415395286	0	0	0	0
0	0	0	0	0	0	0	0	0	0	0	0	0	0	0	0	0	0	0	0	0	0	0	0	0	0	0	0	0	0	0	0	0	0	0	0	0	0	0	0	0	0	0	0	0	0	0	0	0	0	0	0	0	0	0	0	0	0	0	0	0	0.525025356523168	0	0	0	0	0	0	0	0	0	0.929774852237822	0	0	0.712638187243569	0.71753065973718	0.738266985165728	0	0.930304302392563	0	0.917222333438348	0.734129415986079	0.800713360441681	0.806960532007535	0.726967986904626	0	0	0	0	0
0	0	0	0	0	0	0	0	0	0	0	0	0	0	0	0	0	0	0	0	0	0	0	0	0	0	0	0	0	0	0	0	0	0	0	0	0	0	0	0	0	0	0	0	0	0	0	0	0	0	0	0	0	0	0	0	0	0	0	0	0	0	0	0	0	0	0	0	0	0	0	0	0	0	0	0.597243214578629	0.565636671272686	0.901206979869546	0.562000169344483	0.648859773878024	0	0.506748912590781	0.654817770354515	0.617822411983467	0.521891198324704	0.73301993353481	0	0	0	0
0	0	0	0	0	0	0	0	0	0	0	0	0	0	0	0	0	0	0	0	0	0	0	0	0	0	0	0	0	0	0	0	0	0	0	0	0	0	0	0	0	0	0	0	0	0	0	0	0	0	0	0	0	0	0	0	0	0	0	0	0	0	0	0	0	0	0	0	0	0	0	0.838049377188965	0	0	0	0	0.611483770412148	0.684115695008778	0	0.543112578975746	0.994874794019839	0	0.71171057758093	0.741761038849178	0.662858694089309	0.854776699846008	0.676912283113633	0	0	0
0	0	0	0	0	0	0	0	0	0	0	0	0	0	0	0	0	0	0	0	0	0	0	0	0	0	0	0	0	0	0	0	0	0	0	0	0	0	0	0	0	0	0	0	0	0	0	0	0	0	0	0	0	0	0	0	0	0	0	0	0	0	0	0	0	0	0	0	0	0	0	0	0	0	0	0	0	0.95654268587364	0.535259911189428	0.945316384991653	0.980301494398438	0.525279060074169	0	0.840197761497582	0.920822737840699	0.601451562382662	0.831540963704268	0.742490544819324	0	0
0	0	0	0	0	0	0	0	0	0	0	0	0	0	0	0	0	0	0	0	0	0	0	0	0	0	0	0	0	0	0	0	0	0	0	0	0	0	0	0	0	0	0	0	0	0	0	0	0	0	0	0	0	0	0	0	0	0	0	0	0	0	0	0	0	0	0	0	0	0	0	0	0	0.580835773487275	0	0	0	0	0	0.777900769482743	0.766095734918972	0.764604273018668	0.65681713149312	0	0.585116394800331	0.651252566255869	0	0.526399524721435	0.841740939499655	0
0	0	0	0	0	0	0	0	0	0	0	0	0	0	0	0	0	0	0	0	0	0	0	0	0	0	0	0	0	0	0	0	0	0	0	0	0	0	0	0	0	0	0	0	0	0	0	0	0	0	0	0	0	0	0	0	0	0	0	0	0	0	0	0	0	0	0	0.760958994533177	0	0	0	0	0	0	0	0	0	0	0.526908615409962	0.502224940800019	0.87822141222694	0.693797259376804	0.701617008882242	0.760175140381761	0	0.657279908856567	0	0.629453600427949	0.758834012595598	0
0	0	0	0	0	0	0	0	0	0	0	0	0	0	0	0	0	0	0	0	0	0	0	0	0	0	0	0	0	0	0	0	0	0	0	0	0	0	0	0	0	0	0	0	0	0	0	0	0	0	0	0	0	0	0	0	0	0	0	0	0.68610250127171	0	0	0	0	0	0	0	0	0	0	0	0	0	0	0	0	0	0.590790154668524	0	0.593273928053924	0.566490947726091	0.835652668091955	0.714416591052015	0.6660539103449	0	0.885906274723292	0.999121103098584	0.682928737925087	0.841930826414333
0	0	0	0	0	0	0	0	0	0	0	0	0	0	0	0	0	0	0	0	0	0	0	0	0	0	0	0	0	0	0	0	0	0	0	0	0	0	0	0	0	0	0	0	0	0	0	0	0	0	0	0	0	0	0	0	0	0	0	0	0.617059462203274	0	0	0	0	0	0	0	0	0	0.595550891227412	0	0	0	0	0	0	0	0	0	0	0.684403874016581	0.517249519459301	0	0	0.734172351423525	0	0.594741126425641	0.559509923103162	0.757134033573111
0	0	0	0	0	0	0	0	0	0	0	0	0	0	0	0	0	0	0	0	0	0	0	0	0	0	0	0	0	0	0	0	0	0	0	0	0	0	0	0	0	0	0	0	0	0	0	0	0	0	0	0	0	0	0	0	0	0	0	0	0.825237197039735	0.717803710995634	0.712951445280736	0	0	0	0	0	0	0	0	0	0	0	0	0	0	0	0	0	0	0	0.954285019019845	0.730223303147493	0.557790276271238	0.958094964581317	0.660535358932257	0	0.823924604382108	0.878547558346724
0	0	0	0	0	0	0	0	0	0	0	0	0	0	0	0	0	0	0	0	0	0	0	0	0	0	0	0	0	0	0	0	0	0	0	0	0	0	0	0	0	0	0	0	0	0	0	0	0	0	0	0	0	0	0	0	0	0	0	0	0.836759085994396	0.869482847997008	0	0	0	0.753352513408795	0	0	0	0	0	0.675371684893202	0	0	0	0	0	0	0	0	0	0	0	0.778794419770528	0.639429114300006	0.70400153241593	0.911604470234789	0.600813522911088	0	0.62266743679673
0	0	0	0	0	0	0	0	0	0	0	0	0	0	0	0	0	0	0	0	0	0	0	0	0	0	0	0	0	0	0	0	0	0	0	0	0	0	0	0	0	0	0	0	0	0	0	0	0	0	0	0	0	0	0	0	0	0	0	0	0.929972133369928	0.637655841855663	0.688626973482096	0.822091840150502	0.573925882928509	0	0	0	0	0	0	0	0	0	0.717251689232627	0	0	0	0	0	0	0	0	0	0	0.530130591313885	0.926320423589803	0.749215122366934	0.603780207743687	0
