0	0	0.564312033634982	0.780073590149912	0	0.512472819816943	0.618668781418059	0	0.944881352581863	0	0	0	0.572311929506784	0	0	0	0.522535219737199	0.830145441884491	0	0	0	0	0	0	0	0	0	0	0	0	0	0	0	0	0	0	0	0	0	0	0	0	0	0	0	0	0	0	0	0	0	0	0	0	0	0	0	0	0	0	0	0	0	0	0	0	0	0	0	0	0	0	0	0	0	0	0	0	0	0	0	0	0	0	0	0	0	0	0	0
0	0	0.826263914599758	0.511144416496854	0	0	0.707495530159192	0.758043493020901	0	0	0.821911404311843	0	0.775217443451663	0.973976530601851	0	0.965876996512292	0.513820762860816	0.918051626771967	0	0	0	0	0	0	0	0	0	0	0	0	0	0	0	0	0	0	0	0	0	0	0	0	0	0	0	0	0	0	0	0	0	0	0	0	0	0	0	0	0	0	0	0	0	0	0	0	0	0	0	0	0	0	0	0	0	0	0	0	0	0	0	0	0	0	0	0	0	0	0	0
0.607477964717784	0.536470465463508	0	0.836634211295749	0.844841449898983	0.758920562839314	0	0	0	0.820328111981626	0	0.683072467855217	0	0	0	0	0	0.546995970721468	0	0	0	0	0	0	0	0	0	0	0	0	0	0	0	0	0	0	0	0	0	0	0	0	0	0	0	0	0	0	0	0	0	0	0	0	0	0	0	0	0	0	0	0	0	0	0	0	0	0	0	0	0	0	0	0	0	0	0	0	0	0	0	0	0	0	0	0	0	0	0	0
0.833269588336494	0.562523470157002	0.677306792188403	0	0	0.788192822243568	0.874609873519343	0.774960873029978	0	0	0	0.84937453224494	0.739549884688722	0.500414194590709	0.627326567088728	0.630222938576627	0.638056832574051	0.801227166183035	0	0	0	0	0	0	0	0	0	0	0	0	0	0	0	0	0	0	0	0	0	0	0	0	0	0	0	0	0	0	0	0	0	0	0	0	0	0	0	0	0	0	0	0	0	0	0	0	0	0	0	0	0	0	0	0	0	0	0	0	0	0	0	0	0	0	0	0	0	0	0	0
0	0	0.539627198529692	0	0	0.905842161994779	0.576227776488117	0	0.792044122527296	0	0.878447606967785	0	0	0	0	0	0	0	0	0	0	0	0	0	0	0	0	0	0	0	0	0	0	0	0	0	0	0	0	0	0	0	0	0	0	0	0	0	0	0	0	0	0	0	0	0	0	0	0	0	0	0	0	0	0	0	0	0	0	0	0	0	0	0	0	0	0	0	0	0	0	0	0	0	0	0	0	0	0	0
0.918218685216971	0	0.84183410139404	0.649625979678108	0.92797868607756	0	0.919367025974186	0.639147933349521	0.746544639759841	0	0.864538490157559	0	0	0	0	0.815584438886825	0	0	0	0	0	0	0	0	0	0	0	0	0	0	0	0	0	0	0	0	0	0	0	0	0	0	0	0	0	0	0	0	0	0	0	0	0	0	0	0	0	0	0	0	0	0	0	0	0	0	0	0	0	0	0	0	0	0	0	0	0	0	0	0	0	0	0	0	0	0	0	0	0	0
0.941048924702601	0.842657780436182	0	0.595274351642132	0.996865827152484	0.991944874605974	0	0.733226928801962	0	0	0.860791889378	0	0	0	0.596343354665106	0	0	0.666359983689622	0	0	0	0	0	0	0	0	0	0	0	0	0	0	0	0	0	0	0	0	0	0	0	0	0	0	0	0	0	0	0	0	0	0	0	0	0	0	0	0	0	0	0	0	0	0	0	0	0	0	0	0	0	0	0	0	0	0	0	0	0	0	0	0	0	0	0	0	0	0	0	0
0	0.646181081018146	0	0.659494802159374	0	0.833669709263661	0.537962209930251	0	0.705797218071014	0	0	0.818589693727635	0.528315938742514	0	0	0.632183170550857	0	0	0	0	0	0	0	0	0	0	0	0	0	0	0	0	0	0	0	0	0	0	0	0	0	0	0	0	0	0	0	0	0	0	0	0	0	0	0	0	0	0	0	0	0	0	0	0	0	0	0	0	0	0	0	0	0	0	0	0	0	0	0	0	0	0	0	0	0	0	0	0	0	0
0.573533760141072	0	0	0	0.633920512276936	0.705607921076414	0	0.847950979592616	0	0	0	0	0.65178547247922	0	0.721486882779511	0	0	0	0	0	0	0	0	0	0	0	0	0	0	0	0	0	0	0	0	0	0	0	0	0	0	0	0	0	0	0	0	0	0	0	0	0	0	0	0	0	0	0	0	0	0	0	0	0	0	0	0	0	0	0	0	0	0	0	0	0	0	0	0	0	0	0	0	0	0	0	0	0	0	0
0	0	0.572312787502735	0	0	0	0	0	0	0	0.742503191512976	0.90286304207532	0	0.527139092459742	0.929188318491929	0	0	0	0	0	0	0	0	0	0	0	0	0	0	0	0	0	0	0	0	0	0	0	0	0	0	0	0	0	0	0	0	0	0	0	0	0	0	0	0	0	0	0	0	0	0	0	0	0	0	0	0	0	0	0	0	0	0	0	0	0	0	0	0	0	0	0	0	0	0	0	0	0	0	0
0	0.543952057425881	0	0	0.860702467194266	0.757973447195934	0.850599487313578	0	0	0.964465881043577	0	0.955472777781086	0	0.754244312152989	0.693609748205191	0	0.51385750979661	0	0	0	0	0	0	0	0	0	0	0	0	0	0	0	0	0	0	0	0	0	0	0	0	0	0	0	0	0	0	0	0	0	0	0	0	0	0	0	0	0	0	0	0	0	0	0	0	0	0	0	0	0	0	0	0	0	0	0	0	0	0	0	0	0	0	0	0	0	0	0	0	0
0	0	0.627645643669319	0.558592670716812	0	0	0	0.881314362593386	0	0.886779493902735	0.839775866915241	0	0	0	0.837415106396772	0.572100771895244	0	0	0	0	0	0	0	0	0	0	0	0	0	0	0	0	0	0	0	0	0	0	0	0	0	0	0	0	0	0	0	0	0	0	0	0	0	0	0	0	0	0	0	0	0	0	0	0	0	0	0	0	0	0	0	0	0	0	0	0	0	0	0	0	0	0	0	0	0	0	0	0	0	0
0.633409451510555	0.820343167730216	0	0.77710916880275	0	0	0	0.786041545333151	0.619051292468599	0	0	0	0	0	0.606968718994036	0	0.76473108859013	0	0	0	0	0	0	0	0	0	0	0	0	0	0	0	0	0	0	0	0	0	0	0	0	0	0	0	0	0	0	0	0	0	0	0	0	0	0	0	0	0	0	0	0	0	0	0	0	0	0	0	0	0	0	0	0	0	0	0	0	0	0	0	0	0	0	0	0	0	0	0	0	0
0	0.648515667232143	0	0.525782241436755	0	0	0	0	0	0.739033851557656	0.889760765840169	0	0	0	0.594261830030161	0	0.999232013562411	0.536314976149827	0	0	0	0	0	0	0	0	0	0	0	0	0	0	0	0	0	0	0	0	0	0	0	0	0	0	0	0	0	0	0	0	0	0	0	0	0	0	0	0	0	0	0	0	0	0	0	0	0	0	0	0	0	0	0	0	0	0	0	0	0	0	0	0	0	0	0	0	0	0	0	0
0	0	0	0.577036170788186	0	0	0.69718219448209	0	0.698413077492518	0.645934322706951	0.842296384487109	0.918246763472175	0.542889679162083	0.580234267103148	0	0.591072963213161	0.897659110586239	0	0	0	0	0	0	0	0	0	0	0	0	0	0	0	0	0	0	0	0	0	0	0	0	0	0	0	0	0	0	0	0	0	0	0	0	0	0	0	0	0	0	0	0	0	0	0	0	0	0	0	0	0	0	0	0	0	0	0	0	0	0	0	0	0	0	0	0	0	0	0	0	0
0	0.503554208235433	0	0.636217010459853	0	0.876256982550549	0	0.876431437476975	0	0	0	0.854993257408059	0	0	0.738733136500186	0	0.829871384071121	0	0	0	0	0	0	0	0	0	0	0	0	0	0	0	0	0	0	0	0	0	0	0	0	0	0	0	0	0	0	0	0	0	0	0	0	0	0	0	0	0	0	0	0	0	0	0	0	0	0	0	0	0	0	0	0	0	0	0	0	0	0	0	0	0	0	0	0	0	0	0	0	0
0.564096721426594	0.949825239152077	0	0.920125766430833	0	0	0	0	0	0	0.709871648656451	0	0.719704205159823	0.55566964373377	0.855194196626142	0.911232902463348	0	0.794686771730546	0	0	0	0	0	0	0	0	0	0	0	0	0	0	0	0	0	0	0	0	0	0	0	0	0	0	0	0	0	0	0	0	0	0	0	0	0	0	0	0	0	0	0	0	0	0	0	0	0	0	0	0	0	0	0	0	0	0	0	0	0	0	0	0	0	0	0	0	0	0	0	0
0.84638827635003	0.817459004168585	0.821192017665597	0.959749477113297	0	0	0.96043443826315	0	0	0	0	0	0	0.735186426976278	0	0	0.544589755043284	0	0	0	0	0	0	0	0	0	0	0	0	0	0	0	0	0	0	0	0	0	0	0	0	0	0	0	0	0	0	0	0	0	0	0	0	0	0	0	0	0	0	0	0	0	0	0	0	0	0	0	0	0	0	0	0	0	0	0	0	0	0	0	0	0	0	0	0	0	0	0	0	0
0	0	0	0	0	0	0	0	0	0	0	0	0	0	0	0	0	0	0	0.548590740766831	0.561031904547289	0.88093436212612	0.5921983695591	0.783029673467852	0	0	0	0	0	0	0	0.855734294205635	0.852665780705711	0.714698378151743	0.677019254099599	0.813691131614823	0	0	0	0	0	0	0	0	0	0	0	0	0	0	0	0	0	0	0	0	0	0	0	0	0	0	0	0	0	0	0	0	0	0	0	0	0	0	0	0	0	0	0	0	0	0	0	0	0	0	0	0	0	0
0	0	0	0	0	0	0	0	0	0	0	0	0	0	0	0	0	0	0.922967211397526	0	0.866320682342846	0.952926261752377	0.988861048247495	0.663000809506819	0.703260909625859	0	0	0	0	0	0	0	0.948533285012714	0.580701116420197	0.869003666842179	0.895329750873475	0	0	0	0	0	0	0	0	0	0	0	0	0	0	0	0	0	0	0	0	0	0	0	0	0	0	0	0	0	0	0	0	0	0	0	0	0	0	0	0	0	0	0	0	0	0	0	0	0	0	0	0	0	0
0	0	0	0	0	0	0	0	0	0	0	0	0	0	0	0	0	0	0.812593937219289	0.747715525855748	0	0.937546122612841	0.5968472970029	0.517532178388676	0.833210578904192	0.867296152875396	0.897019839854284	0	0	0	0	0	0	0.597222219399385	0.846265009639877	0.920044449438488	0	0	0	0	0	0	0	0	0	0	0	0	0	0	0	0	0	0	0	0	0	0	0	0	0	0	0	0	0	0	0	0	0	0	0	0	0	0	0	0	0	0	0	0	0	0	0	0	0	0	0	0	0	0
0	0	0	0	0	0	0	0	0	0	0	0	0	0	0	0	0	0	0.906236059837271	0.65956231242591	0.858684886366632	0	0.901765989803561	0.755549072526075	0.789706832557013	0.504962744194002	0.931574937005864	0	0	0	0	0	0	0	0.745498056499125	0.920287406651468	0	0	0	0	0	0	0	0	0	0	0	0	0	0	0	0	0	0	0	0	0	0	0	0	0	0	0	0	0	0	0	0	0	0	0	0	0	0	0	0	0	0	0	0	0	0	0	0	0	0	0	0	0	0
0	0	0	0	0	0	0	0	0	0	0	0	0	0	0	0	0	0	0.933893262688479	0.790625733570604	0.529618862529354	0.723849049000374	0	0.843264204862094	0.984700314664456	0.92595962834389	0.833989554186965	0.773692560580229	0	0	0	0	0	0	0	0.705899112796017	0	0	0	0	0	0	0	0	0	0	0	0	0	0	0	0	0	0	0	0	0	0	0	0	0	0	0	0	0	0	0	0	0	0	0	0	0	0	0	0	0	0	0	0	0	0	0	0	0	0	0	0	0	0
0	0	0	0	0	0	0	0	0	0	0	0	0	0	0	0	0	0	0.520599392078109	0.961990260514242	0.589025024991112	0.860231078713877	0.685131862543705	0	0.914647297934986	0.958303711000403	0.668932561418499	0.783991028057106	0.704670316383525	0	0	0	0	0	0	0	0	0	0	0	0	0	0	0	0	0	0	0	0	0	0	0	0	0	0	0	0	0	0	0	0	0	0	0	0	0	0	0	0	0	0	0	0	0	0	0	0	0	0	0	0	0	0	0	0	0	0	0	0	0
0	0	0	0	0	0	0	0	0	0	0	0	0	0	0	0	0	0	0	0.557461644053307	0.534106506043682	0.757709613603133	0.804141016882764	0.949778696046827	0	0.844100511600985	0.561951816519738	0.90406958433662	0.925002416106154	0.915958924776937	0	0	0	0	0	0	0	0	0	0	0	0	0	0	0	0	0	0	0	0	0	0	0	0	0	0	0	0	0	0	0	0	0	0	0	0	0	0	0	0	0	0	0	0	0	0	0	0	0	0	0	0	0	0	0	0	0	0	0	0
0	0	0	0	0	0	0	0	0	0	0	0	0	0	0	0	0	0	0	0	0.808157484259267	0.924897547664074	0.838526686517177	0.919189411987867	0.92001837817719	0	0.858724835620466	0.650304029998942	0.799960963639464	0.750472124895316	0.704287918587085	0	0	0.786283585034343	0	0	0	0	0	0	0	0	0	0	0	0	0	0	0	0	0	0	0	0	0	0	0	0	0	0	0	0	0	0	0	0	0	0	0	0	0	0	0	0	0	0	0	0	0	0	0	0	0	0	0	0	0	0	0	0
0	0	0	0	0	0	0	0	0	0	0	0	0	0	0	0	0	0	0	0	0.915937261856477	0.901437573783381	0.614968169545581	0.902640085743165	0.637930132960597	0.671457563860716	0	0	0.943740803432627	0.791246582088004	0.585365433924923	0.91670635150273	0	0	0	0	0	0	0	0	0	0	0	0	0	0	0	0	0	0	0	0	0	0	0	0	0	0	0	0	0	0	0	0	0	0	0	0	0	0	0	0	0	0	0	0	0	0	0	0	0	0	0	0	0	0	0	0	0	0
0	0	0	0	0	0	0	0	0	0	0	0	0	0	0	0	0	0	0	0	0	0	0.944498914781718	0.577807788429364	0.862379037793466	0.554546577327411	0	0	0.588972926129944	0.629608172996616	0.625227134797103	0.532068457002682	0.530144068742957	0	0	0	0	0	0	0	0	0	0	0	0	0	0	0	0	0	0	0	0	0	0	0	0	0	0	0	0	0	0	0	0	0	0	0	0	0	0	0	0	0	0	0	0	0	0	0	0	0	0	0	0	0	0	0	0	0
0	0	0	0	0	0	0	0	0	0	0	0	0	0	0	0	0	0	0	0	0	0	0	0.896771563519265	0.867792704839479	0.649649131515985	0.642009671610494	0.584848768074696	0	0.807734689533473	0.980672708357998	0.578094924352293	0.858588444398953	0.662010435668656	0	0	0	0	0	0	0	0	0	0	0	0	0	0	0	0	0	0	0	0	0	0	0	0	0	0	0	0	0	0	0	0	0	0	0	0	0	0	0	0	0	0	0	0	0	0	0	0	0	0	0	0	0	0	0	0
0	0	0	0	0	0	0	0	0	0	0	0	0	0	0	0	0	0	0	0	0	0	0	0	0.998027134994035	0.661652264305875	0.750302149226181	0.850234036016628	0.681547207381569	0	0.512431203200894	0.860531515628002	0.724842897646509	0.672764594004001	0.830513208773161	0	0	0	0	0	0	0	0	0	0	0	0	0	0	0	0	0	0	0	0	0	0	0	0	0	0	0	0	0	0	0	0	0	0	0	0	0	0	0	0	0	0	0	0	0	0	0	0	0	0	0	0	0	0	0
0	0	0	0	0	0	0	0	0	0	0	0	0	0	0	0	0	0	0	0	0	0	0	0	0	0.795844390423815	0.560395504424312	0.558751681197743	0.516373369698004	0.949889566772202	0	0.738269322504452	0.925520669579094	0.9727324855853	0.579576866916351	0.950902149855371	0	0	0	0	0	0	0	0	0	0	0	0	0	0	0	0	0	0	0	0	0	0	0	0	0	0	0	0	0	0	0	0	0	0	0	0	0	0	0	0	0	0	0	0	0	0	0	0	0	0	0	0	0	0
0	0	0	0	0	0	0	0	0	0	0	0	0	0	0	0	0	0	0.719334923876553	0	0	0	0	0	0	0	0.822225192433015	0.888495250044991	0.933005816673775	0.73991110402821	0.645181677264172	0	0.747792284132145	0.744962214048728	0.886302587906236	0.629101192605315	0	0	0	0	0	0	0	0	0	0	0	0	0	0	0	0	0	0	0	0	0	0	0	0	0	0	0	0	0	0	0	0	0	0	0	0	0	0	0	0	0	0	0	0	0	0	0	0	0	0	0	0	0	0
0	0	0	0	0	0	0	0	0	0	0	0	0	0	0	0	0	0	0.612952644174731	0.505812747280957	0	0	0	0	0	0	0	0.750241086910663	0.718681605933305	0.742327565160917	0.935474232530955	0.892836440308833	0	0.936162375162483	0.568346968361788	0.931246157313645	0	0	0	0	0	0	0	0	0	0	0	0	0	0	0	0	0	0	0	0	0	0	0	0	0	0	0	0	0	0	0	0	0	0	0	0	0	0	0	0	0	0	0	0	0	0	0	0	0	0	0	0	0	0
0	0	0	0	0	0	0	0	0	0	0	0	0	0	0	0	0	0	0.502247549965654	0.961129720316678	0.779869016828627	0	0	0	0	0.509377029062551	0	0	0.903702765357298	0.917329017864164	0.988815831017161	0.82954126737767	0.991800121966911	0	0	0.642882613867453	0	0	0	0	0	0	0	0	0	0	0	0	0	0	0	0	0	0	0	0	0	0	0	0	0	0	0	0	0	0	0	0	0	0	0	0	0	0	0	0	0	0	0	0	0	0	0	0	0	0	0	0	0	0
0	0	0	0	0	0	0	0	0	0	0	0	0	0	0	0	0	0	0.53997417283088	0.517641601445741	0.810855099174889	0.566272101740018	0	0	0	0	0	0	0	0.904215231230994	0.586692627039038	0.947041178929462	0.970766357216604	0	0	0.680758180801247	0	0	0	0	0	0	0	0	0	0	0	0	0	0	0	0	0	0	0	0	0	0	0	0	0	0	0	0	0	0	0	0	0	0	0	0	0	0	0	0	0	0	0	0	0	0	0	0	0	0	0	0	0	0
0	0	0	0	0	0	0	0	0	0	0	0	0	0	0	0	0	0	0.638610304735642	0.975577793876288	0.962432529278146	0.967849503989609	0.623718254342418	0	0	0	0	0	0	0	0.707622437682189	0.536848574766457	0.587168624210356	0.539194509023123	0.555276955133408	0	0	0	0	0	0	0	0	0	0	0	0	0	0	0	0	0	0	0	0	0	0	0	0	0	0	0	0	0	0	0	0	0	0	0	0	0	0	0	0	0	0	0	0	0	0	0	0	0	0	0	0	0	0	0
0	0	0	0	0	0	0	0	0	0	0	0	0	0	0	0	0	0	0	0	0	0	0	0	0	0	0	0	0	0	0	0	0	0	0	0	0	0.616809734360161	0.662359697002219	0.908493738370334	0	0	0	0	0	0	0	0	0	0	0	0.991057697839288	0.597334889264213	0	0	0	0	0	0	0	0	0	0	0	0	0	0	0	0	0	0	0	0	0	0	0	0	0	0	0	0	0	0	0	0	0	0	0	0	0
0	0	0	0	0	0	0	0	0	0	0	0	0	0	0	0	0	0	0	0	0	0	0	0	0	0	0	0	0	0	0	0	0	0	0	0	0.602010070714603	0	0.685796412934518	0.784621821535945	0.961725672063384	0	0	0	0	0	0	0	0	0	0	0	0.793564448525657	0.571173451675667	0	0	0	0	0	0	0	0	0	0	0	0	0	0	0	0	0	0	0	0	0	0	0	0	0	0	0	0	0	0	0	0	0	0	0	0
0	0	0	0	0	0	0	0	0	0	0	0	0	0	0	0	0	0	0	0	0	0	0	0	0	0	0	0	0	0	0	0	0	0	0	0	0.687310997313651	0.515792630495731	0	0.774044012740272	0.835493975387527	0.703826389441097	0	0	0	0	0	0	0	0	0	0	0	0.515304997417222	0	0	0	0	0	0	0	0	0	0	0	0	0	0	0	0	0	0	0	0	0	0	0	0	0	0	0	0	0	0	0	0	0	0	0	0
0	0	0	0	0	0	0	0	0	0	0	0	0	0	0	0	0	0	0	0	0	0	0	0	0	0	0	0	0	0	0	0	0	0	0	0	0.944626044993359	0.712029432616433	0.539761451907216	0	0.805285604259545	0.924933572150756	0	0	0	0	0	0	0.644909140853754	0	0	0	0	0	0	0	0	0	0	0	0	0	0	0	0	0	0	0	0	0	0	0	0	0	0	0	0	0	0	0	0	0	0	0	0	0	0	0	0	0
0	0	0	0	0	0	0	0	0	0	0	0	0	0	0	0	0	0	0	0	0	0	0	0	0	0	0	0	0	0	0	0	0	0	0	0	0	0.748458853795766	0.513977465295916	0.602939116156227	0	0.822672005795156	0.620268194376769	0.999123451100486	0.703829137800041	0	0	0	0	0	0	0	0	0	0	0	0	0	0	0	0	0	0	0	0	0	0	0	0	0	0	0	0	0	0	0	0	0	0	0	0	0	0	0	0	0	0	0	0	0
0	0	0	0	0	0	0	0	0	0	0	0	0	0	0	0	0	0	0	0	0	0	0	0	0	0	0	0	0	0	0	0	0	0	0	0	0	0	0.719213833260898	0.862278768034366	0.830342765296778	0	0.510441437183157	0.771753453796969	0.781391736544132	0	0	0	0	0	0	0	0	0.537479591067795	0	0	0	0	0	0	0	0	0	0	0	0	0	0	0	0	0	0	0	0	0	0	0	0	0	0	0	0	0	0	0	0	0	0	0	0
0	0	0	0	0	0	0	0	0	0	0	0	0	0	0	0	0	0	0	0	0	0	0	0	0	0	0	0	0	0	0	0	0	0	0	0	0	0	0	0	0.748095198184018	0.663849987373377	0	0.80602712510494	0.50718575063836	0.846604214642548	0	0	0	0	0	0	0	0	0	0	0	0	0	0	0	0	0	0	0	0	0	0	0	0	0	0	0	0	0	0	0	0	0	0	0	0	0	0	0	0	0	0	0	0
0	0	0	0	0	0	0	0	0	0	0	0	0	0	0	0	0	0	0	0	0	0	0	0	0	0	0	0	0	0	0	0	0	0	0	0	0	0	0	0	0.824626550760488	0.531242154062587	0.683892229738583	0	0.768548750886697	0.851249606616723	0.664387277829037	0	0	0	0	0	0	0	0	0	0	0	0	0	0	0	0	0	0	0	0	0	0	0	0	0	0	0	0	0	0	0	0	0	0	0	0	0	0	0	0	0	0	0
0	0	0	0	0	0	0	0	0	0	0	0	0	0	0	0	0	0	0	0	0	0	0	0	0	0	0	0	0	0	0	0	0	0	0	0	0	0	0	0	0.821378940490828	0.965977071122726	0.657235979250754	0.527456273303485	0	0	0.767614476167006	0.508092889354708	0	0	0	0	0	0	0	0	0	0	0	0	0	0	0	0	0	0	0	0	0	0	0	0	0	0	0	0	0	0	0	0	0	0	0	0	0	0	0	0	0	0
0	0	0	0	0	0	0	0	0	0	0	0	0	0	0	0	0	0	0	0	0	0	0	0	0	0	0	0	0	0	0	0	0	0	0	0	0	0	0	0	0	0	0.984581436186406	0.578392581573511	0	0	0.750813806985668	0.832188237028469	0.666239681617596	0	0	0	0	0	0	0	0	0	0	0	0	0	0	0	0	0	0	0	0	0	0	0	0	0	0	0	0	0	0	0	0	0	0	0	0	0	0	0	0	0
0	0	0	0	0	0	0	0	0	0	0	0	0	0	0	0	0	0	0	0	0	0	0	0	0	0	0	0	0	0	0	0	0	0	0	0	0	0	0	0	0	0	0	0.659711819956159	0.609363744770335	0.93655215000818	0	0.59990960592865	0.582686849878247	0.732019985981129	0	0	0	0	0	0	0	0	0	0	0	0	0	0	0	0	0	0	0	0	0	0	0	0	0	0	0	0	0	0	0	0	0	0	0	0	0	0	0	0
0	0	0	0	0	0	0	0	0	0	0	0	0	0	0	0	0	0	0	0	0	0	0	0	0	0	0	0	0	0	0	0	0	0	0	0	0	0	0	0	0	0	0	0	0.661410734838084	0.669132977619832	0.515737118447836	0	0.994751701949224	0.899292807112629	0.944412971677367	0	0	0	0	0	0	0	0	0	0	0	0	0	0	0	0	0	0	0	0	0	0	0	0	0	0	0	0	0	0	0	0	0	0	0	0	0	0	0
0	0	0	0	0	0	0	0	0	0	0	0	0	0	0	0	0	0	0	0	0	0	0	0	0	0	0	0	0	0	0	0	0	0	0	0	0	0	0	0.846669912527123	0	0	0	0	0	0.713607324320607	0.536493886649006	0.568298469412419	0	0.527500243716281	0.598975981925612	0.547520042476581	0	0	0	0	0	0	0	0	0	0	0	0	0	0	0	0	0	0	0	0	0	0	0	0	0	0	0	0	0	0	0	0	0	0	0	0	0	0
0	0	0	0	0	0	0	0	0	0	0	0	0	0	0	0	0	0	0	0	0	0	0	0	0	0	0	0	0	0	0	0	0	0	0	0	0	0	0	0	0	0	0	0	0	0	0.562491752037417	0.754098177326219	0.968448601375789	0	0.92008954305345	0.950082126829241	0.973390401912804	0	0	0	0	0	0	0	0	0	0	0	0	0	0	0	0	0	0	0	0	0	0	0	0	0	0	0	0	0	0	0	0	0	0	0	0	0
0	0	0	0	0	0	0	0	0	0	0	0	0	0	0	0	0	0	0	0	0	0	0	0	0	0	0	0	0	0	0	0	0	0	0	0	0	0	0	0	0	0	0	0	0	0	0	0.92411397332389	0.714194723876157	0.635842485860947	0	0.9204497836021	0.867089311148995	0.552607871114729	0	0	0	0	0	0	0	0	0	0	0	0	0	0	0	0	0	0	0	0	0	0	0	0	0	0	0	0	0	0	0	0	0	0	0	0
0	0	0	0	0	0	0	0	0	0	0	0	0	0	0	0	0	0	0	0	0	0	0	0	0	0	0	0	0	0	0	0	0	0	0	0	0.662752984244761	0	0	0	0	0	0	0	0	0	0	0	0.740641086677173	0.881341530649116	0.761233303096059	0	0.934168047565409	0.524394503592229	0	0	0	0	0	0	0	0	0	0	0	0	0	0	0	0	0	0	0	0	0	0	0	0	0	0	0	0	0	0	0	0	0	0	0	0
0	0	0	0	0	0	0	0	0	0	0	0	0	0	0	0	0	0	0	0	0	0	0	0	0	0	0	0	0	0	0	0	0	0	0	0	0.982220595302908	0.740639090887749	0	0	0	0	0	0	0	0	0	0	0	0.715501158955802	0.870254562203913	0.816738528341118	0	0.945786285467897	0	0	0	0	0	0	0	0	0	0	0	0	0	0	0	0	0	0	0	0	0	0	0	0	0	0	0	0	0	0	0	0	0	0	0	0
0	0	0	0	0	0	0	0	0	0	0	0	0	0	0	0	0	0	0	0	0	0	0	0	0	0	0	0	0	0	0	0	0	0	0	0	0	0.899536471246357	0.7322038529011	0	0	0.621422850671686	0	0	0	0	0	0	0	0	0.536708860471605	0.525012981333246	0.746910414720984	0	0	0	0	0	0	0	0	0	0	0	0	0	0	0	0	0	0	0	0	0	0	0	0	0	0	0	0	0	0	0	0	0	0	0	0	0
0	0	0	0	0	0	0	0	0	0	0	0	0	0	0	0	0	0	0	0	0	0	0	0	0	0	0	0	0	0	0	0	0	0	0	0	0	0	0	0	0	0	0	0	0	0	0	0	0	0	0	0	0	0	0	0.93095971682371	0	0.869408101826216	0	0.595096164093679	0.858320619241757	0.674270017623815	0.985420521307221	0	0.729557624612376	0.905711539496482	0.636891511200266	0.868430993461198	0.92095201494771	0	0.557258347813126	0.999313080575625	0	0	0	0	0	0	0	0	0	0	0	0	0	0	0	0	0	0
0	0	0	0	0	0	0	0	0	0	0	0	0	0	0	0	0	0	0	0	0	0	0	0	0	0	0	0	0	0	0	0	0	0	0	0	0	0	0	0	0	0	0	0	0	0	0	0	0	0	0	0	0	0	0.812374505207652	0	0.942758860655002	0.568508287557517	0	0.592279604468218	0.679959717194296	0.708101785181916	0.899763159564424	0.634422941662341	0.717121493587338	0.544737444315606	0.913166487309139	0.857378142100432	0	0.734659298752844	0	0.706822159897506	0	0	0	0	0	0	0	0	0	0	0	0	0	0	0	0	0	0
0	0	0	0	0	0	0	0	0	0	0	0	0	0	0	0	0	0	0	0	0	0	0	0	0	0	0	0	0	0	0	0	0	0	0	0	0	0	0	0	0	0	0	0	0	0	0	0	0	0	0	0	0	0	0	0.852776318543621	0	0.560182464133242	0.792223132984677	0.992486617388311	0.943085638685401	0.840738243170569	0.839104948116227	0.656723022399174	0	0.902569766558933	0	0.582080296085134	0.585779084730663	0.632330147610429	0.838852096567475	0.757315603240541	0	0	0	0	0	0	0	0	0	0	0	0	0	0	0	0	0	0
0	0	0	0	0	0	0	0	0	0	0	0	0	0	0	0	0	0	0	0	0	0	0	0	0	0	0	0	0	0	0	0	0	0	0	0	0	0	0	0	0	0	0	0	0	0	0	0	0	0	0	0	0	0	0.796100049516401	0.710734950147937	0.636133207557516	0	0.589253638103587	0.541377857046307	0.531675133789793	0.744899645387791	0	0	0.783860330063214	0	0.520922523123194	0.75432206709441	0.886618621011724	0	0.504222225488419	0.726161328888663	0	0	0	0	0	0	0	0	0	0	0	0	0	0	0	0	0	0
0	0	0	0	0	0	0	0	0	0	0	0	0	0	0	0	0	0	0	0	0	0	0	0	0	0	0	0	0	0	0	0	0	0	0	0	0	0	0	0	0	0	0	0	0	0	0	0	0	0	0	0	0	0	0	0	0.579889536807429	0.900031169486864	0	0	0.911687162686133	0.660102412566535	0.799872462065129	0.68080598539279	0.706941539275813	0.754368128263355	0.61697015873764	0	0.79164971891243	0.759373808701521	0.785617394186893	0	0	0	0	0	0	0	0	0	0	0	0	0	0	0	0	0	0	0
0	0	0	0	0	0	0	0	0	0	0	0	0	0	0	0	0	0	0	0	0	0	0	0	0	0	0	0	0	0	0	0	0	0	0	0	0	0	0	0	0	0	0	0	0	0	0	0	0	0	0	0	0	0	0.792043623023125	0.955258192086361	0.610576647247846	0.781946368679372	0	0	0.643626249891618	0.870853461010678	0.748971701166216	0.630085447437062	0.645133840091092	0.760263685760579	0.929029660693179	0	0.525434310075258	0.521380309363058	0.556847735043804	0.586092607771438	0	0	0	0	0	0	0	0	0	0	0	0	0	0	0	0	0	0
0	0	0	0	0	0	0	0	0	0	0	0	0	0	0	0	0	0	0	0	0	0	0	0	0	0	0	0	0	0	0	0	0	0	0	0	0	0	0	0	0	0	0	0	0	0	0	0	0	0	0	0	0	0	0.782645909373377	0.771925713424541	0.859657225118114	0.940157729445186	0.806987397251195	0.692751107779137	0	0.911019806293366	0.664615155458491	0.622586811499242	0.865903717228527	0.974740620777495	0.873339250972301	0.64622043568326	0	0.948898349726042	0.898632486956281	0.926711676473172	0	0	0	0	0	0	0	0	0	0	0	0	0	0	0	0	0	0
0	0	0	0	0	0	0	0	0	0	0	0	0	0	0	0	0	0	0	0	0	0	0	0	0	0	0	0	0	0	0	0	0	0	0	0	0	0	0	0	0	0	0	0	0	0	0	0	0	0	0	0	0	0	0.951858908259899	0.536438976073147	0.800437947482667	0.716031286261141	0.822970675253488	0.773091209355685	0.924305115831262	0	0.791299797412565	0.757534940757128	0.972593683142866	0.778523543984004	0.973350271694346	0	0.80959521433647	0.81364803867049	0	0	0	0	0	0	0	0	0	0	0	0	0	0	0	0	0	0	0	0
0	0	0	0	0	0	0	0	0	0	0	0	0	0	0	0	0	0	0	0	0	0	0	0	0	0	0	0	0	0	0	0	0	0	0	0	0	0	0	0	0	0	0	0	0	0	0	0	0	0	0	0	0	0	0.50452090811628	0.8135290286725	0.975295957179382	0	0.856079704442703	0.54357877916496	0.70362779716877	0.951483510356827	0	0.996753430151246	0.922078154829778	0.61184876170789	0.870681321139529	0.705364190836554	0.558085299381792	0.805818554233665	0	0	0	0	0	0	0	0	0	0	0	0	0	0	0	0	0	0	0	0
0	0	0	0	0	0	0	0	0	0	0	0	0	0	0	0	0	0	0	0	0	0	0	0	0	0	0	0	0	0	0	0	0	0	0	0	0	0	0	0	0	0	0	0	0	0	0	0	0	0	0	0	0	0	0	0.573782643713339	0.893043705905568	0	0.913605618760566	0.561889169529266	0.770492645472445	0.557251848021459	0.845675115217289	0	0.637492941087142	0.879911682841058	0	0.731052360490217	0.971171009134652	0.971833235062136	0.620878608941061	0.909573982544833	0	0	0	0	0	0	0	0	0	0	0	0	0	0	0	0	0	0
0	0	0	0	0	0	0	0	0	0	0	0	0	0	0	0	0	0	0	0	0	0	0	0	0	0	0	0	0	0	0	0	0	0	0	0	0	0	0	0	0	0	0	0	0	0	0	0	0	0	0	0	0	0	0.961738596549047	0.550352365565572	0	0.809654502082411	0.814519371048974	0.852166852571119	0.554260821808342	0.951589372954594	0.571878007810317	0.969390950001487	0	0	0.610027903590329	0.621294215903369	0.666492777975424	0.711004632228884	0.892220073554837	0.880510525918089	0	0	0	0	0	0	0	0	0	0	0	0	0	0	0	0	0	0
0	0	0	0	0	0	0	0	0	0	0	0	0	0	0	0	0	0	0	0	0	0	0	0	0	0	0	0	0	0	0	0	0	0	0	0	0	0	0	0	0	0	0	0	0	0	0	0	0	0	0	0	0	0	0.867523111362198	0.814131089403293	0.65940764929374	0	0.801124845090193	0.72076501534913	0.761639798297831	0.670682464888622	0.739956521102541	0.567017790883513	0	0	0	0.58649464752854	0.563194541152111	0.556335488550551	0.641201972819085	0.737185884308237	0	0	0	0	0	0	0	0	0	0	0	0	0	0	0	0	0	0
0	0	0	0	0	0	0	0	0	0	0	0	0	0	0	0	0	0	0	0	0	0	0	0	0	0	0	0	0	0	0	0	0	0	0	0	0	0	0	0	0	0	0	0	0	0	0	0	0	0	0	0	0	0	0.727072553695756	0.794967202492871	0	0.653186659507199	0.546536379515085	0.514272223490778	0.927585520430359	0.93035448625033	0.559110649568165	0	0.972884802279596	0	0	0.633904782994218	0.677496811345339	0.528747148592334	0.686422323758642	0.767277847424918	0	0	0	0	0	0	0	0	0	0	0	0	0	0	0	0	0	0
0	0	0	0	0	0	0	0	0	0	0	0	0	0	0	0	0	0	0	0	0	0	0	0	0	0	0	0	0	0	0	0	0	0	0	0	0	0	0	0	0	0	0	0	0	0	0	0	0	0	0	0	0	0	0.715986586588978	0.931325764029579	0.879461645321577	0.947120601250328	0	0	0.74631919143787	0	0.9731031103019	0.53489055345886	0.91539019306735	0.888208617981751	0.896235527634234	0	0.984487905948813	0.716402950331955	0.963930461572054	0.927714928572641	0	0	0	0	0	0	0	0	0	0	0	0	0	0	0	0	0	0
0	0	0	0	0	0	0	0	0	0	0	0	0	0	0	0	0	0	0	0	0	0	0	0	0	0	0	0	0	0	0	0	0	0	0	0	0	0	0	0	0	0	0	0	0	0	0	0	0	0	0	0	0	0	0.823172834793425	0	0.836933296030516	0.922761414093442	0.922527832167532	0.958033588950658	0	0.858492315937948	0.860025531279394	0.942993271940893	0.589007839231357	0.682822228988655	0.549913207449207	0.660337787489177	0	0.568067393821072	0	0.809638533198928	0	0	0	0	0	0	0	0	0	0	0	0	0	0	0	0	0	0
0	0	0	0	0	0	0	0	0	0	0	0	0	0	0	0	0	0	0	0	0	0	0	0	0	0	0	0	0	0	0	0	0	0	0	0	0	0	0	0	0	0	0	0	0	0	0	0	0	0	0	0	0	0	0	0.608762486134568	0.823734380779278	0	0.669022947721394	0.835555753099606	0.710243876386942	0.8845117095407	0.645149341399932	0.802246881252613	0.781044956003988	0.853612632032194	0.560781234722273	0.968214975507074	0.808997659956003	0	0.980842855876167	0.908415493573492	0	0	0	0	0	0	0	0	0	0	0	0	0	0	0	0	0	0
0	0	0	0	0	0	0	0	0	0	0	0	0	0	0	0	0	0	0	0	0	0	0	0	0	0	0	0	0	0	0	0	0	0	0	0	0	0	0	0	0	0	0	0	0	0	0	0	0	0	0	0	0	0	0.670720608661357	0	0.68105050757238	0.530344803174671	0.607062420035404	0.963810222978157	0.533930820119649	0	0	0.579491900982645	0.853711885143755	0.771446963435839	0.69497053462798	0.648114683229841	0	0.50850258379916	0	0.596507587884587	0	0	0	0	0	0	0	0	0	0	0	0	0	0	0	0	0	0
0	0	0	0	0	0	0	0	0	0	0	0	0	0	0	0	0	0	0	0	0	0	0	0	0	0	0	0	0	0	0	0	0	0	0	0	0	0	0	0	0	0	0	0	0	0	0	0	0	0	0	0	0	0	0.955601538550876	0.818060748799331	0.918783817675275	0.839977044052775	0	0.806231020107752	0.801153954935941	0	0	0.679119763054857	0.67854886941927	0.540971370598284	0.530571074171334	0.793098761825185	0.909830726372031	0.664423431256949	0.923408662109124	0	0	0	0	0	0	0	0	0	0	0	0	0	0	0	0	0	0	0
0	0	0	0	0	0	0	0	0	0	0	0	0	0	0	0	0	0	0	0	0	0	0	0	0	0	0	0	0	0	0	0	0	0	0	0	0	0	0	0	0	0	0	0	0	0	0	0	0	0	0	0	0	0	0	0	0	0	0	0	0	0	0	0	0	0	0	0	0	0	0	0	0	0.551973269391109	0	0.639163289016222	0.870043693195426	0.830146725193251	0	0	0	0.584603494227673	0.555385125713578	0.681489769679491	0	0	0	0.636505281691624	0.786696133184662	0
0	0	0	0	0	0	0	0	0	0	0	0	0	0	0	0	0	0	0	0	0	0	0	0	0	0	0	0	0	0	0	0	0	0	0	0	0	0	0	0	0	0	0	0	0	0	0	0	0	0	0	0	0	0	0	0	0	0	0	0	0	0	0	0	0	0	0	0	0	0	0	0	0.863336262683706	0	0.850857300442307	0	0.929660393285352	0.844513748244418	0.712592765447529	0	0.758160072602622	0	0.530669831631784	0.776340743942615	0.858399278072616	0.64654382838238	0	0.634268439025984	0	0
0	0	0	0	0	0	0	0	0	0	0	0	0	0	0	0	0	0	0	0	0	0	0	0	0	0	0	0	0	0	0	0	0	0	0	0	0	0	0	0	0	0	0	0	0	0	0	0	0	0	0	0	0	0	0	0	0	0	0	0	0	0	0	0	0	0	0	0	0	0	0	0	0	0.671619139494121	0	0.530444018343629	0.529399906437431	0.539744629079853	0.766786083196684	0.95404725936744	0.784083951320613	0.823457385800422	0	0	0.900480350339322	0.672715648886807	0	0.589026920641937	0	0.869115198868323
0	0	0	0	0	0	0	0	0	0	0	0	0	0	0	0	0	0	0	0	0	0	0	0	0	0	0	0	0	0	0	0	0	0	0	0	0	0	0	0	0	0	0	0	0	0	0	0	0	0	0	0	0	0	0	0	0	0	0	0	0	0	0	0	0	0	0	0	0	0	0	0	0.5887147243224	0	0.845360916760897	0	0.99387310058384	0.598933056457606	0.926200847632539	0.590680121757775	0	0.928717120875812	0.725261337329471	0.636182192956272	0.98344968218638	0.526232307167332	0.683480741398975	0	0.753353273676812	0
0	0	0	0	0	0	0	0	0	0	0	0	0	0	0	0	0	0	0	0	0	0	0	0	0	0	0	0	0	0	0	0	0	0	0	0	0	0	0	0	0	0	0	0	0	0	0	0	0	0	0	0	0	0	0	0	0	0	0	0	0	0	0	0	0	0	0	0	0	0	0	0	0.852747352582511	0.657250070877482	0.597786468822157	0.571350900640796	0	0.892124643562115	0.955904847431736	0.695779927789082	0.814733428079072	0.966354217953775	0.878389292652264	0.721601029280418	0	0	0.811363074828141	0	0	0.968130527630749
0	0	0	0	0	0	0	0	0	0	0	0	0	0	0	0	0	0	0	0	0	0	0	0	0	0	0	0	0	0	0	0	0	0	0	0	0	0	0	0	0	0	0	0	0	0	0	0	0	0	0	0	0	0	0	0	0	0	0	0	0	0	0	0	0	0	0	0	0	0	0	0	0.541346118099554	0.863224218164463	0.990957182632098	0.893865975054615	0.97344976469541	0	0.937211237228827	0	0.864886811231092	0	0.945001913120343	0.886728843022994	0.921192055920692	0.5615806966267	0	0	0.549618329594416	0.740753486132486
0	0	0	0	0	0	0	0	0	0	0	0	0	0	0	0	0	0	0	0	0	0	0	0	0	0	0	0	0	0	0	0	0	0	0	0	0	0	0	0	0	0	0	0	0	0	0	0	0	0	0	0	0	0	0	0	0	0	0	0	0	0	0	0	0	0	0	0	0	0	0	0	0	0.593328775935474	0.552413569481496	0.744050630946555	0.680561930772739	0.654000897191432	0	0.933516385344512	0.909728497415808	0	0.727213983924251	0.522416616330521	0	0.685104078946079	0	0.520300550861368	0.853336933275325	0
0	0	0	0	0	0	0	0	0	0	0	0	0	0	0	0	0	0	0	0	0	0	0	0	0	0	0	0	0	0	0	0	0	0	0	0	0	0	0	0	0	0	0	0	0	0	0	0	0	0	0	0	0	0	0	0	0	0	0	0	0	0	0	0	0	0	0	0	0	0	0	0	0	0	0.713366036849864	0.674987772777291	0.658175862559508	0	0.597717704707413	0	0.798089847787188	0.51657151883898	0.67110020793674	0.996136852536918	0.788253551101599	0	0.746497878476343	0	0.743609087313565	0.82899903272181
0	0	0	0	0	0	0	0	0	0	0	0	0	0	0	0	0	0	0	0	0	0	0	0	0	0	0	0	0	0	0	0	0	0	0	0	0	0	0	0	0	0	0	0	0	0	0	0	0	0	0	0	0	0	0	0	0	0	0	0	0	0	0	0	0	0	0	0	0	0	0	0	0	0.869958499161911	0.585020102025357	0	0.749638438177345	0.518665056763347	0.72404749815805	0.724857146129375	0	0	0	0.864333019287741	0.606081468463021	0.640863240697768	0	0.93639314886475	0.568288905915453	0.688258692359674
0	0	0	0	0	0	0	0	0	0	0	0	0	0	0	0	0	0	0	0	0	0	0	0	0	0	0	0	0	0	0	0	0	0	0	0	0	0	0	0	0	0	0	0	0	0	0	0	0	0	0	0	0	0	0	0	0	0	0	0	0	0	0	0	0	0	0	0	0	0	0	0	0.697469220219677	0	0.997488336021792	0.685667778416731	0.675158041581918	0	0	0.87781850649538	0	0	0.944163505065956	0	0.557067270995109	0	0.869983109930254	0.73905423428915	0.528863970086758	0.58522882610631
0	0	0	0	0	0	0	0	0	0	0	0	0	0	0	0	0	0	0	0	0	0	0	0	0	0	0	0	0	0	0	0	0	0	0	0	0	0	0	0	0	0	0	0	0	0	0	0	0	0	0	0	0	0	0	0	0	0	0	0	0	0	0	0	0	0	0	0	0	0	0	0	0.954470166874519	0.855572676463171	0	0.779343961780476	0.518382253306393	0.850606396972012	0.611757239704833	0.674718389735837	0	0.870480029829649	0	0.995184322650394	0	0.788042205142183	0.638478567844394	0	0.761092998613507	0.776759738816142
0	0	0	0	0	0	0	0	0	0	0	0	0	0	0	0	0	0	0	0	0	0	0	0	0	0	0	0	0	0	0	0	0	0	0	0	0	0	0	0	0	0	0	0	0	0	0	0	0	0	0	0	0	0	0	0	0	0	0	0	0	0	0	0	0	0	0	0	0	0	0	0	0.846064148063845	0.950501181757457	0	0.606504787758758	0.854893634976014	0.815498872665926	0.682532642928341	0.752343300699441	0.588214239255253	0	0.670917343944931	0	0.836910115208863	0.941601518229134	0.923558233412915	0.636711795015346	0.65783094227141	0.903097082724982
0	0	0	0	0	0	0	0	0	0	0	0	0	0	0	0	0	0	0	0	0	0	0	0	0	0	0	0	0	0	0	0	0	0	0	0	0	0	0	0	0	0	0	0	0	0	0	0	0	0	0	0	0	0	0	0	0	0	0	0	0	0	0	0	0	0	0	0	0	0	0	0	0	0.780616675506422	0.546415904872532	0.742020617443782	0	0.962339844196461	0	0.636924956452869	0.532200342890661	0.878860332802866	0	0.972403515053016	0	0.997332429137536	0.728273233887326	0.549034246513614	0.67885186548958	0
0	0	0	0	0	0	0	0	0	0	0	0	0	0	0	0	0	0	0	0	0	0	0	0	0	0	0	0	0	0	0	0	0	0	0	0	0	0	0	0	0	0	0	0	0	0	0	0	0	0	0	0	0	0	0	0	0	0	0	0	0	0	0	0	0	0	0	0	0	0	0	0	0	0.55520200884532	0.583499803364159	0.828151439348547	0	0.785774157801962	0.862362206296896	0	0.757775369300858	0	0.836380036395625	0.913595330577335	0.937669468008145	0	0.673311664813004	0	0.772583458444095	0
0	0	0	0	0	0	0	0	0	0	0	0	0	0	0	0	0	0	0	0	0	0	0	0	0	0	0	0	0	0	0	0	0	0	0	0	0	0	0	0	0	0	0	0	0	0	0	0	0	0	0	0	0	0	0	0	0	0	0	0	0	0	0	0	0	0	0	0	0	0	0	0	0	0	0	0.876677014181321	0.54178502346337	0	0	0.859440229757344	0	0.790625212975377	0.729679308814361	0.950761855753316	0.641848706706451	0.849243469330143	0	0.998130657317408	0.873053114641787	0.948938344999889
0	0	0	0	0	0	0	0	0	0	0	0	0	0	0	0	0	0	0	0	0	0	0	0	0	0	0	0	0	0	0	0	0	0	0	0	0	0	0	0	0	0	0	0	0	0	0	0	0	0	0	0	0	0	0	0	0	0	0	0	0	0	0	0	0	0	0	0	0	0	0	0	0.58084092853754	0.715805886467867	0.606491135326068	0	0	0	0.573279236416547	0	0.567822313323619	0.650665762452424	0	0.520341459485661	0.652724381340452	0	0.867770119760604	0	0.985996552291272	0.698845182952051
0	0	0	0	0	0	0	0	0	0	0	0	0	0	0	0	0	0	0	0	0	0	0	0	0	0	0	0	0	0	0	0	0	0	0	0	0	0	0	0	0	0	0	0	0	0	0	0	0	0	0	0	0	0	0	0	0	0	0	0	0	0	0	0	0	0	0	0	0	0	0	0	0.782237224066162	0	0	0.612084318797152	0	0.657845988285245	0.53902526344473	0.541950889630058	0.567948348176517	0.898399775714586	0.928625232734156	0.743250041487865	0.666421594927478	0.726266435258292	0.754650233072208	0.64421962131197	0	0.550566827427494
0	0	0	0	0	0	0	0	0	0	0	0	0	0	0	0	0	0	0	0	0	0	0	0	0	0	0	0	0	0	0	0	0	0	0	0	0	0	0	0	0	0	0	0	0	0	0	0	0	0	0	0	0	0	0	0	0	0	0	0	0	0	0	0	0	0	0	0	0	0	0	0	0	0	0.933073356692999	0	0.736398003223749	0.838840130076731	0	0.714121258119375	0.73434916954598	0.78029941143349	0.537911625381654	0.833436875373788	0	0	0.760909125965696	0.698121552051503	0.609620389789696	0
