0	0.802893108967708	0.703115870964917	0.614138220657201	0.6357283825009	0	0.926442769500001	0	0	0.937338014564814	0	0.686646899033174	0.670326605577461	0.708153249034003	0.718632128690986	0.50590760380987	0.698313963881488	0.833680076800038	0	0	0	0	0	0	0	0	0	0	0	0	0	0	0	0	0	0	0	0	0	0	0	0	0	0	0	0	0	0	0	0	0	0	0	0	0	0	0	0	0	0	0	0	0	0	0	0	0	0	0	0	0	0	0	0	0	0	0	0	0	0	0	0	0	0	0	0	0	0	0	0
0.603947331580154	0	0	0.930096284774032	0.690738818452507	0.606906567058363	0.691344352212016	0.854165027540849	0	0	0	0	0.776184444864224	0.703678967204941	0.540140632761398	0.513910704562073	0.694116141989204	0.975969674183511	0	0	0	0	0	0	0	0	0	0	0	0	0	0	0	0	0	0	0	0	0	0	0	0	0	0	0	0	0	0	0	0	0	0	0	0	0	0	0	0	0	0	0	0	0	0	0	0	0	0	0	0	0	0	0	0	0	0	0	0	0	0	0	0	0	0	0	0	0	0	0	0
0.640243519599033	0	0	0.930659288828087	0.820340858363422	0.94987725526729	0.891584509322787	0	0.707759122467901	0	0	0	0.900141852074997	0	0.984230812642872	0.705491284693872	0.973262824922406	0.895128366492206	0	0	0	0	0	0	0	0	0	0	0	0	0	0	0	0	0	0	0	0	0	0	0	0	0	0	0	0	0	0	0	0	0	0	0	0	0	0	0	0	0	0	0	0	0	0	0	0	0	0	0	0	0	0	0	0	0	0	0	0	0	0	0	0	0	0	0	0	0	0	0	0
0.628123801452105	0.829878875651117	0.641706038148937	0	0.748616890700879	0.699318772154549	0.762293952538432	0.954176383565841	0.619748662045812	0.604434195227324	0	0	0	0	0	0.827335523622653	0.667978389485297	0.788863644448881	0	0	0	0	0	0	0	0	0	0	0	0	0	0	0	0	0	0	0	0	0	0	0	0	0	0	0	0	0	0	0	0	0	0	0	0	0	0	0	0	0	0	0	0	0	0	0	0	0	0	0	0	0	0	0	0	0	0	0	0	0	0	0	0	0	0	0	0	0	0	0	0
0.57739006864186	0.504109784950069	0.691071184492216	0.775612711981605	0	0.856577468048208	0.697982492351791	0.762634419910423	0.876474867788037	0	0.751139591394267	0	0	0.549312650384074	0	0	0.615680102999671	0.854584224604279	0	0	0	0	0	0	0	0	0	0	0	0	0	0	0	0	0	0	0	0	0	0	0	0	0	0	0	0	0	0	0	0	0	0	0	0	0	0	0	0	0	0	0	0	0	0	0	0	0	0	0	0	0	0	0	0	0	0	0	0	0	0	0	0	0	0	0	0	0	0	0	0
0	0.503677415263191	0.557181265020199	0.7349882365583	0.881734712929661	0	0.686902328348458	0.657235809636906	0.993656360890897	0.722334045105943	0.540786566824984	0.656253106754527	0	0	0	0	0	0.883881360842122	0	0	0	0	0	0	0	0	0	0	0	0	0	0	0	0	0	0	0	0	0	0	0	0	0	0	0	0	0	0	0	0	0	0	0	0	0	0	0	0	0	0	0	0	0	0	0	0	0	0	0	0	0	0	0	0	0	0	0	0	0	0	0	0	0	0	0	0	0	0	0	0
0.62704602422271	0.909085746361011	0.683533088934429	0.807428245948144	0.811494429177008	0.867886719329934	0	0.898344661175891	0.526939431019804	0.631450027867052	0.988539451497385	0.911114192631062	0	0	0	0	0.977152762682404	0	0	0	0	0	0	0	0	0	0	0	0	0	0	0	0	0	0	0	0	0	0	0	0	0	0	0	0	0	0	0	0	0	0	0	0	0	0	0	0	0	0	0	0	0	0	0	0	0	0	0	0	0	0	0	0	0	0	0	0	0	0	0	0	0	0	0	0	0	0	0	0	0
0	0.602761974578291	0	0.768719099558953	0.80380886760544	0.753880812117239	0.663129850962342	0	0.8607648101936	0.899990148167116	0.840425721255686	0.901297398484315	0.749695476973467	0.620940879225199	0	0	0	0	0	0	0	0	0	0	0	0	0	0	0	0	0	0	0	0	0	0	0	0	0	0	0	0	0	0	0	0	0	0	0	0	0	0	0	0	0	0	0	0	0	0	0	0	0	0	0	0	0	0	0	0	0	0	0	0	0	0	0	0	0	0	0	0	0	0	0	0	0	0	0	0
0	0	0.756848323237235	0.974645843537965	0.991062034850551	0.721611118609022	0.952724122751061	0.661073028351173	0	0.992408264092232	0.937822834016807	0.776189879442171	0.584312402838632	0.790982474424293	0.587832874161317	0	0	0	0	0	0	0	0	0	0	0	0	0	0	0	0	0	0	0	0	0	0	0	0	0	0	0	0	0	0	0	0	0	0	0	0	0	0	0	0	0	0	0	0	0	0	0	0	0	0	0	0	0	0	0	0	0	0	0	0	0	0	0	0	0	0	0	0	0	0	0	0	0	0	0
0.753267226031395	0	0	0.867366127689149	0	0.876930549588612	0.528547519466519	0.502360757631475	0.503249765514767	0	0.988508929005784	0	0.726817588549229	0.716361727763389	0.780894164366598	0.726501441701362	0	0	0	0	0	0	0	0	0	0	0	0	0	0	0	0	0	0	0	0	0	0	0	0	0	0	0	0	0	0	0	0	0	0	0	0	0	0	0	0	0	0	0	0	0	0	0	0	0	0	0	0	0	0	0	0	0	0	0	0	0	0	0	0	0	0	0	0	0	0	0	0	0	0
0	0	0	0	0.991078048260238	0.552491095793835	0.782081454366726	0.612203994472934	0.921650856859086	0.85815343910586	0	0.573986661980808	0.858570693360172	0.981284922800334	0.581774072097121	0.539158614673906	0.61961667832351	0	0	0	0	0	0	0	0	0	0	0	0	0	0	0	0	0	0	0	0	0	0	0	0	0	0	0	0	0	0	0	0	0	0	0	0	0	0	0	0	0	0	0	0	0	0	0	0	0	0	0	0	0	0	0	0	0	0	0	0	0	0	0	0	0	0	0	0	0	0	0	0	0
0.816791973311132	0	0	0	0	0.822450917595001	0.7110815908134	0.60225270967362	0.678972449951113	0	0.677124275858197	0	0.600842733448005	0.957605880679166	0.692301228368373	0.646460846763597	0.94139327786776	0.784538868463073	0	0	0	0	0	0	0	0	0	0	0	0	0	0	0	0	0	0	0	0	0	0	0	0	0	0	0	0	0	0	0	0	0	0	0	0	0	0	0	0	0	0	0	0	0	0	0	0	0	0	0	0	0	0	0	0	0	0	0	0	0	0	0	0	0	0	0	0	0	0	0	0
0.689908377403006	0.77705334049492	0.917733840191862	0	0	0	0	0.721669386137824	0.990779737235419	0.597100187074628	0.742974879759628	0.675689427086023	0	0.604954256111376	0.722714230628404	0.659127485456086	0.881010982646411	0.867494378809891	0	0	0	0	0	0	0	0	0	0	0	0	0	0	0	0	0	0	0	0	0	0	0	0	0	0	0	0	0	0	0	0	0	0	0	0	0	0	0	0	0	0	0	0	0	0	0	0	0	0	0	0	0	0	0	0	0	0	0	0	0	0	0	0	0	0	0	0	0	0	0	0
0.903720915031331	0.53252477141671	0	0	0.798455447301439	0	0	0.590662788972793	0.593198796377804	0.607863497542485	0.706875619186249	0.661202513339563	0.598224550161565	0	0.732223343387391	0.606330816976782	0.952130534034409	0.703919892530037	0	0	0	0	0	0	0	0	0	0	0	0	0	0	0	0	0	0	0	0	0	0	0	0	0	0	0	0	0	0	0	0	0	0	0	0	0	0	0	0	0	0	0	0	0	0	0	0	0	0	0	0	0	0	0	0	0	0	0	0	0	0	0	0	0	0	0	0	0	0	0	0
0.50501559936388	0.509500263532927	0.889034553023899	0	0	0	0	0	0.613266942517321	0.92243421952673	0.503812459262584	0.596254032129187	0.577261504805564	0.651806740900705	0	0.897390549257391	0.552771856863793	0.68187997986451	0	0	0	0	0	0	0	0	0	0	0	0	0	0	0	0	0	0	0	0	0	0	0	0	0	0	0	0	0	0	0	0	0	0	0	0	0	0	0	0	0	0	0	0	0	0	0	0	0	0	0	0	0	0	0	0	0	0	0	0	0	0	0	0	0	0	0	0	0	0	0	0
0.817105185940748	0.714660106925688	0.878327909206015	0.603561420318691	0	0	0	0	0	0.571702782789753	0.9778973855789	0.892634616899205	0.787340193729279	0.509289291313706	0.793436916451709	0	0.557216801472815	0.597069563605888	0	0	0	0	0	0	0	0	0	0	0	0	0	0	0	0	0	0	0	0	0	0	0	0	0	0	0	0	0	0	0	0	0	0	0	0	0	0	0	0	0	0	0	0	0	0	0	0	0	0	0	0	0	0	0	0	0	0	0	0	0	0	0	0	0	0	0	0	0	0	0	0
0.856648205619877	0.852709115658618	0.557049316785588	0.654582197324125	0.821321103123471	0	0.953520408585145	0	0	0	0.6475140777284	0.641898049507698	0.74160504903852	0.552918219701875	0.801083381677946	0.654588181276601	0	0.613148705445326	0	0	0	0	0	0	0	0	0	0	0	0	0	0	0	0	0	0	0	0	0	0	0	0	0	0	0	0	0	0	0	0	0	0	0	0	0	0	0	0	0	0	0	0	0	0	0	0	0	0	0	0	0	0	0	0	0	0	0	0	0	0	0	0	0	0	0	0	0	0	0	0
0.504294304996941	0.956304844246304	0.869959464572917	0.549283081624673	0.976619897654207	0.511293035196129	0	0	0	0	0	0.656379291928001	0.644498282456726	0.734028191836411	0.607922122437013	0.591338043494039	0.51987380465014	0	0	0	0	0	0	0	0	0	0	0	0	0	0	0	0	0	0	0	0	0	0	0	0	0	0	0	0	0	0	0	0	0	0	0	0	0	0	0	0	0	0	0	0	0	0	0	0	0	0	0	0	0	0	0	0	0	0	0	0	0	0	0	0	0	0	0	0	0	0	0	0	0
0	0	0	0	0	0	0	0	0	0	0	0	0	0	0	0	0	0	0	0	0.954911543119943	0.862414731095827	0	0.816292200437997	0	0	0	0.651445669619045	0.870390837000219	0	0	0	0	0.678689446332007	0.928556802033643	0.91061239203245	0	0	0	0	0	0	0	0	0	0	0	0	0	0	0	0	0	0	0	0	0	0	0	0	0	0	0	0	0	0	0	0	0	0	0	0	0	0	0	0	0	0	0	0	0	0	0	0	0	0	0	0	0	0
0	0	0	0	0	0	0	0	0	0	0	0	0	0	0	0	0	0	0	0	0.591230631947065	0	0.619694514447934	0.935472593130023	0.898784270215727	0	0	0.768767933773678	0	0	0	0.903357198281989	0	0.713717712703499	0	0.874844824481544	0	0	0	0	0	0	0	0	0	0	0	0	0	0	0	0	0	0	0	0	0	0	0	0	0	0	0	0	0	0	0	0	0	0	0	0	0	0	0	0	0	0	0	0	0	0	0	0	0	0	0	0	0	0
0	0	0	0	0	0	0	0	0	0	0	0	0	0	0	0	0	0	0.767510477044542	0.80876869601369	0	0	0.847250398046226	0	0.797437508295143	0.507953688810497	0	0	0.895621414415972	0	0.525434528209894	0	0.536739066212377	0.68424976445776	0.593696030962908	0.677981452540316	0	0	0	0	0	0	0	0	0	0	0	0	0	0	0	0	0	0	0	0	0	0	0	0	0	0	0	0	0	0	0	0	0	0	0	0	0	0	0	0	0	0	0	0	0	0	0	0	0	0	0	0	0	0
0	0	0	0	0	0	0	0	0	0	0	0	0	0	0	0	0	0	0.919006355665816	0	0	0	0.560294753226344	0.597067527810868	0.594494493036141	0.663701822972456	0.622350280705209	0.734960333820271	0	0	0	0.629943425064011	0.854717817523782	0	0.614551168702389	0	0	0	0	0	0	0	0	0	0	0	0	0	0	0	0	0	0	0	0	0	0	0	0	0	0	0	0	0	0	0	0	0	0	0	0	0	0	0	0	0	0	0	0	0	0	0	0	0	0	0	0	0	0	0
0	0	0	0	0	0	0	0	0	0	0	0	0	0	0	0	0	0	0	0.814645696719597	0.968264164628792	0.782345577843807	0	0.643424193184978	0	0.58844474372001	0	0	0.782722077501783	0.642618972943185	0.931946353644687	0	0	0.510072709375229	0	0.85949298039256	0	0	0	0	0	0	0	0	0	0	0	0	0	0	0	0	0	0	0	0	0	0	0	0	0	0	0	0	0	0	0	0	0	0	0	0	0	0	0	0	0	0	0	0	0	0	0	0	0	0	0	0	0	0
0	0	0	0	0	0	0	0	0	0	0	0	0	0	0	0	0	0	0.79160416636151	0.929621258327108	0	0.814302529310713	0.929531366945378	0	0.855696818900421	0.66764583890346	0.598147232830646	0	0.63686974168181	0.894110821328492	0.840601817742641	0.621916011750988	0	0	0	0	0	0	0	0	0	0	0	0	0	0	0	0	0	0	0	0	0	0	0	0	0	0	0	0	0	0	0	0	0	0	0	0	0	0	0	0	0	0	0	0	0	0	0	0	0	0	0	0	0	0	0	0	0	0
0	0	0	0	0	0	0	0	0	0	0	0	0	0	0	0	0	0	0	0.740736826829184	0.563896918775376	0.867864355001598	0	0.630944040729919	0	0.502635550200212	0.975847534149146	0	0.861334669565126	0.683934074495109	0.860768672012875	0.71102412700704	0	0	0	0	0	0	0	0	0	0	0	0	0	0	0	0	0	0	0	0	0	0	0	0	0	0	0	0	0	0	0	0	0	0	0	0	0	0	0	0	0	0	0	0	0	0	0	0	0	0	0	0	0	0	0	0	0	0
0	0	0	0	0	0	0	0	0	0	0	0	0	0	0	0	0	0	0	0	0.729419182180626	0.991863613506127	0.743076394823471	0.835251792293968	0.806674539204465	0	0.542041461523437	0.767498963890827	0.980513024766152	0.761284370094499	0.760811939118517	0	0	0	0	0	0	0	0	0	0	0	0	0	0	0	0	0	0	0	0	0	0	0	0	0	0	0	0	0	0	0	0	0	0	0	0	0	0	0	0	0	0	0	0	0	0	0	0	0	0	0	0	0	0	0	0	0	0	0
0	0	0	0	0	0	0	0	0	0	0	0	0	0	0	0	0	0	0	0	0	0.729555389572296	0	0.546977639495587	0.57547115850292	0.94647328814092	0	0.568622944355654	0.528745625626225	0	0.985804192276542	0.78145913091278	0.621496514731301	0	0	0.744980145358051	0	0	0	0	0	0	0	0	0	0	0	0	0	0	0	0	0	0	0	0	0	0	0	0	0	0	0	0	0	0	0	0	0	0	0	0	0	0	0	0	0	0	0	0	0	0	0	0	0	0	0	0	0	0
0	0	0	0	0	0	0	0	0	0	0	0	0	0	0	0	0	0	0.63060135598468	0.943212195089656	0	0.901893074463869	0	0	0	0.792532608443234	0.973811233362801	0	0	0.577327355418198	0.718499065098228	0.812390855822865	0.770548873254402	0	0.830231893933708	0.591921531658092	0	0	0	0	0	0	0	0	0	0	0	0	0	0	0	0	0	0	0	0	0	0	0	0	0	0	0	0	0	0	0	0	0	0	0	0	0	0	0	0	0	0	0	0	0	0	0	0	0	0	0	0	0	0
0	0	0	0	0	0	0	0	0	0	0	0	0	0	0	0	0	0	0.849566885143801	0	0.879761359436545	0	0.957505619591267	0.789894464768078	0.962932952964794	0.875859978166675	0.974795052762589	0	0	0.546136593680451	0.961702674165151	0.861384262966631	0.554529230803205	0	0	0.684054052627274	0	0	0	0	0	0	0	0	0	0	0	0	0	0	0	0	0	0	0	0	0	0	0	0	0	0	0	0	0	0	0	0	0	0	0	0	0	0	0	0	0	0	0	0	0	0	0	0	0	0	0	0	0	0
0	0	0	0	0	0	0	0	0	0	0	0	0	0	0	0	0	0	0	0	0	0	0.94950050024142	0.591629783014545	0.546280402626192	0.960060995209103	0	0.790578635685708	0.552625507709983	0	0.994365452939703	0.974002091676406	0.914412593443693	0	0.960112106739622	0.852829905618321	0	0	0	0	0	0	0	0	0	0	0	0	0	0	0	0	0	0	0	0	0	0	0	0	0	0	0	0	0	0	0	0	0	0	0	0	0	0	0	0	0	0	0	0	0	0	0	0	0	0	0	0	0	0
0	0	0	0	0	0	0	0	0	0	0	0	0	0	0	0	0	0	0	0	0.876107310453604	0	0.969864605409543	0.791840254467383	0.990268365381926	0.806411025288035	0.948541854317668	0.7646487416389	0.800752950048707	0.886655618963846	0	0	0.779671736101762	0	0.994101656051447	0.96680472335526	0	0	0	0	0	0	0	0	0	0	0	0	0	0	0	0	0	0	0	0	0	0	0	0	0	0	0	0	0	0	0	0	0	0	0	0	0	0	0	0	0	0	0	0	0	0	0	0	0	0	0	0	0	0
0	0	0	0	0	0	0	0	0	0	0	0	0	0	0	0	0	0	0	0.892062382623266	0	0.851691632811115	0	0.77086347140828	0.622096428790036	0	0.862254097152231	0.749945728869244	0.730922096618623	0.887456951812715	0	0	0	0	0.536057084039982	0	0	0	0	0	0	0	0	0	0	0	0	0	0	0	0	0	0	0	0	0	0	0	0	0	0	0	0	0	0	0	0	0	0	0	0	0	0	0	0	0	0	0	0	0	0	0	0	0	0	0	0	0	0	0
0	0	0	0	0	0	0	0	0	0	0	0	0	0	0	0	0	0	0	0	0.917317960429909	0.866977332094353	0	0	0	0	0.795319621520779	0.533887581512607	0.765551139269374	0.506004545117966	0.916843439614347	0	0	0.780042284477304	0.857066341111288	0.919662329947977	0	0	0	0	0	0	0	0	0	0	0	0	0	0	0	0	0	0	0	0	0	0	0	0	0	0	0	0	0	0	0	0	0	0	0	0	0	0	0	0	0	0	0	0	0	0	0	0	0	0	0	0	0	0
0	0	0	0	0	0	0	0	0	0	0	0	0	0	0	0	0	0	0.670024063191092	0.637156232042743	0.756170660977001	0	0.939217844603343	0	0	0	0	0	0	0	0	0	0.624123951528778	0	0	0.621107967780495	0	0	0	0	0	0	0	0	0	0	0	0	0	0	0	0	0	0	0	0	0	0	0	0	0	0	0	0	0	0	0	0	0	0	0	0	0	0	0	0	0	0	0	0	0	0	0	0	0	0	0	0	0	0
0	0	0	0	0	0	0	0	0	0	0	0	0	0	0	0	0	0	0.875547104241476	0	0.899449459145393	0.564750834788106	0	0	0	0	0	0.903178061664471	0	0.987097028647909	0.889679244332342	0.52358767002303	0.850904011189936	0	0	0.729462828195735	0	0	0	0	0	0	0	0	0	0	0	0	0	0	0	0	0	0	0	0	0	0	0	0	0	0	0	0	0	0	0	0	0	0	0	0	0	0	0	0	0	0	0	0	0	0	0	0	0	0	0	0	0	0
0	0	0	0	0	0	0	0	0	0	0	0	0	0	0	0	0	0	0.821865967163576	0.849769665450057	0.868256665063218	0	0.573176169730886	0	0	0	0.600151774627995	0.745351545352313	0.805042903250415	0.707304221594637	0.949726432689239	0	0.773028794511421	0.870380163607175	0.886586021482745	0	0	0	0	0	0	0	0	0	0	0	0	0	0	0	0	0	0	0	0	0	0	0	0	0	0	0	0	0	0	0	0	0	0	0	0	0	0	0	0	0	0	0	0	0	0	0	0	0	0	0	0	0	0	0
0	0	0	0	0	0	0	0	0	0	0	0	0	0	0	0	0	0	0	0	0	0	0	0	0	0	0	0	0	0	0	0	0	0	0	0	0	0.784285857496911	0	0.980522818446607	0.857559353821213	0	0	0	0	0	0	0.613076843211613	0.61038152339485	0	0.758391165003221	0	0	0.701320713178496	0	0	0	0	0	0	0	0	0	0	0	0	0	0	0	0	0	0	0	0	0	0	0	0	0	0	0	0	0	0	0	0	0	0	0	0
0	0	0	0	0	0	0	0	0	0	0	0	0	0	0	0	0	0	0	0	0	0	0	0	0	0	0	0	0	0	0	0	0	0	0	0	0.897469463111024	0	0.832033138013667	0.868764595040247	0	0.577313605912586	0	0	0	0	0.642930762602937	0	0	0	0	0.874596532321703	0.981138886128501	0	0	0	0	0	0	0	0	0	0	0	0	0	0	0	0	0	0	0	0	0	0	0	0	0	0	0	0	0	0	0	0	0	0	0	0	0
0	0	0	0	0	0	0	0	0	0	0	0	0	0	0	0	0	0	0	0	0	0	0	0	0	0	0	0	0	0	0	0	0	0	0	0	0	0.794578838619781	0	0.709909372074069	0	0.83075614839515	0.974350886665929	0	0	0	0	0	0.593055355131201	0	0	0	0.616121067252906	0	0	0	0	0	0	0	0	0	0	0	0	0	0	0	0	0	0	0	0	0	0	0	0	0	0	0	0	0	0	0	0	0	0	0	0	0
0	0	0	0	0	0	0	0	0	0	0	0	0	0	0	0	0	0	0	0	0	0	0	0	0	0	0	0	0	0	0	0	0	0	0	0	0.629268557890764	0.53015293947964	0.629000638714343	0	0.778943374548814	0	0.635911998326543	0.925689999237511	0	0	0	0	0	0	0	0.919983629301277	0.645250637433398	0.941683936424444	0	0	0	0	0	0	0	0	0	0	0	0	0	0	0	0	0	0	0	0	0	0	0	0	0	0	0	0	0	0	0	0	0	0	0	0
0	0	0	0	0	0	0	0	0	0	0	0	0	0	0	0	0	0	0	0	0	0	0	0	0	0	0	0	0	0	0	0	0	0	0	0	0.699873121078825	0	0	0.884909926172405	0	0.658350969440118	0.899639086917369	0.778245032127308	0.710224222063885	0	0	0.847128592628002	0	0	0	0	0	0	0	0	0	0	0	0	0	0	0	0	0	0	0	0	0	0	0	0	0	0	0	0	0	0	0	0	0	0	0	0	0	0	0	0	0	0
0	0	0	0	0	0	0	0	0	0	0	0	0	0	0	0	0	0	0	0	0	0	0	0	0	0	0	0	0	0	0	0	0	0	0	0	0	0.905140435305517	0.757277628965769	0	0.638805625382516	0	0.792233402494853	0.81314982442545	0.829421321452395	0	0	0	0.993645271658036	0	0	0	0	0.76092489012262	0	0	0	0	0	0	0	0	0	0	0	0	0	0	0	0	0	0	0	0	0	0	0	0	0	0	0	0	0	0	0	0	0	0	0	0
0	0	0	0	0	0	0	0	0	0	0	0	0	0	0	0	0	0	0	0	0	0	0	0	0	0	0	0	0	0	0	0	0	0	0	0	0	0	0.675540035941279	0.991563540614256	0.515988130513165	0.525682802008643	0	0	0.56345976304525	0.745564743616857	0	0.794994804225536	0.657773510662621	0	0	0.972227839972311	0	0	0	0	0	0	0	0	0	0	0	0	0	0	0	0	0	0	0	0	0	0	0	0	0	0	0	0	0	0	0	0	0	0	0	0	0	0
0	0	0	0	0	0	0	0	0	0	0	0	0	0	0	0	0	0	0	0	0	0	0	0	0	0	0	0	0	0	0	0	0	0	0	0	0	0	0	0.505624494921618	0.574657870811473	0.953539924763866	0	0	0.905979820016231	0.682019510056044	0.76235642035342	0	0.811464744958273	0	0	0	0	0	0	0	0	0	0	0	0	0	0	0	0	0	0	0	0	0	0	0	0	0	0	0	0	0	0	0	0	0	0	0	0	0	0	0	0	0
0	0	0	0	0	0	0	0	0	0	0	0	0	0	0	0	0	0	0	0	0	0	0	0	0	0	0	0	0	0	0	0	0	0	0	0	0	0	0	0	0.704628779051908	0.994531441113709	0.682377736356605	0.688526984230744	0	0.83497719052826	0	0.641524552474166	0.558853857514517	0.935028139542047	0	0.818708467423444	0.864134948701858	0	0	0	0	0	0	0	0	0	0	0	0	0	0	0	0	0	0	0	0	0	0	0	0	0	0	0	0	0	0	0	0	0	0	0	0	0
0	0	0	0	0	0	0	0	0	0	0	0	0	0	0	0	0	0	0	0	0	0	0	0	0	0	0	0	0	0	0	0	0	0	0	0	0	0	0	0	0	0	0.768602290870641	0.64330264131962	0.527271267388299	0	0	0.583254345610361	0.861668374290473	0	0.830876732069322	0.606363178192122	0	0	0	0	0	0	0	0	0	0	0	0	0	0	0	0	0	0	0	0	0	0	0	0	0	0	0	0	0	0	0	0	0	0	0	0	0	0
0	0	0	0	0	0	0	0	0	0	0	0	0	0	0	0	0	0	0	0	0	0	0	0	0	0	0	0	0	0	0	0	0	0	0	0	0	0.718754952795065	0	0	0	0	0	0.522910433015354	0	0	0	0.663524823738601	0.834494795896653	0.837400787782928	0.651823587928493	0	0	0	0	0	0	0	0	0	0	0	0	0	0	0	0	0	0	0	0	0	0	0	0	0	0	0	0	0	0	0	0	0	0	0	0	0	0	0
0	0	0	0	0	0	0	0	0	0	0	0	0	0	0	0	0	0	0	0	0	0	0	0	0	0	0	0	0	0	0	0	0	0	0	0	0.604995483810377	0	0	0	0.982406288424398	0	0.779937401677284	0	0.608619925865107	0.83364330130493	0.81811553081207	0	0.825693886564294	0	0.560166290245778	0.722820409402628	0	0.564386620848642	0	0	0	0	0	0	0	0	0	0	0	0	0	0	0	0	0	0	0	0	0	0	0	0	0	0	0	0	0	0	0	0	0	0	0	0
0	0	0	0	0	0	0	0	0	0	0	0	0	0	0	0	0	0	0	0	0	0	0	0	0	0	0	0	0	0	0	0	0	0	0	0	0.68710609671592	0	0.812315011578774	0	0	0.544852798776039	0.628043603398529	0.897122884117047	0.624502430469091	0.863671695604485	0.641718481481541	0.767388875171327	0	0.659724946919263	0	0	0.774550662281491	0.677021764377702	0	0	0	0	0	0	0	0	0	0	0	0	0	0	0	0	0	0	0	0	0	0	0	0	0	0	0	0	0	0	0	0	0	0	0	0
0	0	0	0	0	0	0	0	0	0	0	0	0	0	0	0	0	0	0	0	0	0	0	0	0	0	0	0	0	0	0	0	0	0	0	0	0	0	0	0	0	0	0	0	0.656261909840069	0	0.955813566242669	0	0.523796125818874	0	0.912535294605428	0.68797558885318	0.916448745528841	0.629213733304631	0	0	0	0	0	0	0	0	0	0	0	0	0	0	0	0	0	0	0	0	0	0	0	0	0	0	0	0	0	0	0	0	0	0	0	0
0	0	0	0	0	0	0	0	0	0	0	0	0	0	0	0	0	0	0	0	0	0	0	0	0	0	0	0	0	0	0	0	0	0	0	0	0.676741956041045	0	0	0	0	0	0	0	0	0.680802844937584	0.716495355181865	0.874497987131847	0	0.660344027693444	0	0.989459288516888	0.841257649101334	0.834672677149185	0	0	0	0	0	0	0	0	0	0	0	0	0	0	0	0	0	0	0	0	0	0	0	0	0	0	0	0	0	0	0	0	0	0	0	0
0	0	0	0	0	0	0	0	0	0	0	0	0	0	0	0	0	0	0	0	0	0	0	0	0	0	0	0	0	0	0	0	0	0	0	0	0	0.600259230496127	0	0.995066270310351	0	0	0.821606095768216	0	0.602150244883613	0.655367397326589	0	0.992683935589876	0	0.75004984486973	0.719725186518632	0	0.639591043675932	0	0	0	0	0	0	0	0	0	0	0	0	0	0	0	0	0	0	0	0	0	0	0	0	0	0	0	0	0	0	0	0	0	0	0	0	0
0	0	0	0	0	0	0	0	0	0	0	0	0	0	0	0	0	0	0	0	0	0	0	0	0	0	0	0	0	0	0	0	0	0	0	0	0	0.932028650552587	0.770516495054904	0.776612061888809	0	0	0	0	0.837312681901725	0	0	0	0.801025300071593	0.571118433839604	0.777739528849085	0.907370294041156	0	0	0	0	0	0	0	0	0	0	0	0	0	0	0	0	0	0	0	0	0	0	0	0	0	0	0	0	0	0	0	0	0	0	0	0	0	0
0	0	0	0	0	0	0	0	0	0	0	0	0	0	0	0	0	0	0	0	0	0	0	0	0	0	0	0	0	0	0	0	0	0	0	0	0.774853490862605	0	0	0.894699579114933	0	0.717026374166973	0	0	0	0	0	0.724135768728726	0.688726551496228	0.947303438159782	0.845642090705412	0	0	0	0	0	0	0	0	0	0	0	0	0	0	0	0	0	0	0	0	0	0	0	0	0	0	0	0	0	0	0	0	0	0	0	0	0	0	0
0	0	0	0	0	0	0	0	0	0	0	0	0	0	0	0	0	0	0	0	0	0	0	0	0	0	0	0	0	0	0	0	0	0	0	0	0	0	0	0	0	0	0	0	0	0	0	0	0	0	0	0	0	0	0	0.88190497132505	0.74799359915549	0.82901652136244	0.535843824247801	0.858738048548885	0.601113427373386	0.598715878743438	0	0	0	0.688550279677915	0.944063068857844	0.780793114246632	0.911827138338368	0.556740365430303	0.624074766751841	0.562836603142179	0	0	0	0	0	0	0	0	0	0	0	0	0	0	0	0	0	0
0	0	0	0	0	0	0	0	0	0	0	0	0	0	0	0	0	0	0	0	0	0	0	0	0	0	0	0	0	0	0	0	0	0	0	0	0	0	0	0	0	0	0	0	0	0	0	0	0	0	0	0	0	0	0.508152516315767	0	0.96212428160144	0.685606844266722	0.545107474338513	0.5408657354723	0.658763859387809	0.628888820764132	0.925209460423062	0	0	0	0.632715071873668	0.77801976125414	0.508747276120128	0.784754152664389	0.61890725877819	0.905246068188573	0	0	0	0	0	0	0	0	0	0	0	0	0	0	0	0	0	0
0	0	0	0	0	0	0	0	0	0	0	0	0	0	0	0	0	0	0	0	0	0	0	0	0	0	0	0	0	0	0	0	0	0	0	0	0	0	0	0	0	0	0	0	0	0	0	0	0	0	0	0	0	0	0.663721785187786	0.595542200622346	0	0.58122030867297	0.678634429951663	0.659045709770236	0.939167629512834	0.537502440686302	0.531836635394724	0.893859375300445	0	0	0	0.57296797136848	0.965750810603203	0.874201109759172	0.609318060680351	0.68880772219883	0	0	0	0	0	0	0	0	0	0	0	0	0	0	0	0	0	0
0	0	0	0	0	0	0	0	0	0	0	0	0	0	0	0	0	0	0	0	0	0	0	0	0	0	0	0	0	0	0	0	0	0	0	0	0	0	0	0	0	0	0	0	0	0	0	0	0	0	0	0	0	0	0.574150724361709	0.700776909872915	0.802649808334613	0	0.808448094602909	0.771211577393759	0.60334896222445	0.579147494640326	0.909954555994433	0.547402135822678	0.723658876896842	0	0	0	0.548506691513212	0.735243614199959	0.752857097323126	0.606059403028058	0	0	0	0	0	0	0	0	0	0	0	0	0	0	0	0	0	0
0	0	0	0	0	0	0	0	0	0	0	0	0	0	0	0	0	0	0	0	0	0	0	0	0	0	0	0	0	0	0	0	0	0	0	0	0	0	0	0	0	0	0	0	0	0	0	0	0	0	0	0	0	0	0.596413377957127	0.694772121060269	0.68577233996781	0.645079167303536	0	0.581530205181358	0.759912931692426	0.951682620334576	0.574416938295939	0.915934678004267	0.640765347784108	0.827179806626078	0	0	0	0.82157577205233	0.688704977898346	0.878197684056614	0	0	0	0	0	0	0	0	0	0	0	0	0	0	0	0	0	0
0	0	0	0	0	0	0	0	0	0	0	0	0	0	0	0	0	0	0	0	0	0	0	0	0	0	0	0	0	0	0	0	0	0	0	0	0	0	0	0	0	0	0	0	0	0	0	0	0	0	0	0	0	0	0.755140388268708	0.67699319055644	0.683771885582476	0.590961718944492	0.861145934661058	0	0.90743651071135	0.765814039325509	0.799775059062147	0.62086000284635	0.934925729869594	0.707769823692827	0.618136053601261	0	0	0	0.868874311796575	0.700654416700813	0	0	0	0	0	0	0	0	0	0	0	0	0	0	0	0	0	0
0	0	0	0	0	0	0	0	0	0	0	0	0	0	0	0	0	0	0	0	0	0	0	0	0	0	0	0	0	0	0	0	0	0	0	0	0	0	0	0	0	0	0	0	0	0	0	0	0	0	0	0	0	0	0.980906624655671	0.939879693787634	0.995146846661741	0.885811702628267	0.762898140583411	0.912321990500234	0	0.912017730468758	0.988541676387372	0.936571028603634	0.926967538827793	0.673027138356741	0.799652735137478	0.58663347213836	0	0	0	0.792476402350503	0	0	0	0	0	0	0	0	0	0	0	0	0	0	0	0	0	0
0	0	0	0	0	0	0	0	0	0	0	0	0	0	0	0	0	0	0	0	0	0	0	0	0	0	0	0	0	0	0	0	0	0	0	0	0	0	0	0	0	0	0	0	0	0	0	0	0	0	0	0	0	0	0.934859769452637	0.531299105726805	0.634122264707576	0.51473257239044	0.889024954571414	0.731011895916639	0.635137677391829	0	0.568052920349267	0.605806762292701	0.515637280003088	0.961059658029256	0.723484108472723	0.5815673295645	0.932053408361024	0	0	0	0	0	0	0	0	0	0	0	0	0	0	0	0	0	0	0	0	0
0	0	0	0	0	0	0	0	0	0	0	0	0	0	0	0	0	0	0	0	0	0	0	0	0	0	0	0	0	0	0	0	0	0	0	0	0	0	0	0	0	0	0	0	0	0	0	0	0	0	0	0	0	0	0	0.815563213966974	0.914120799030498	0.71571709258283	0.766142412512304	0.848497193149765	0.890464372373065	0.741249125398397	0	0.640670589250981	0.605876871075044	0.596918682438812	0.913366458227786	0	0.796527736284838	0.985468816029912	0	0.594986675846986	0	0	0	0	0	0	0	0	0	0	0	0	0	0	0	0	0	0
0	0	0	0	0	0	0	0	0	0	0	0	0	0	0	0	0	0	0	0	0	0	0	0	0	0	0	0	0	0	0	0	0	0	0	0	0	0	0	0	0	0	0	0	0	0	0	0	0	0	0	0	0	0	0	0	0.581468863588953	0.894780017706539	0.597747443527128	0.545038795369106	0.701164165681549	0.554579009236627	0.562169647784493	0	0.924365747163279	0.686676900973576	0.610378877866541	0.565097421042072	0.833398867558468	0.624159996506574	0.841139675162053	0	0	0	0	0	0	0	0	0	0	0	0	0	0	0	0	0	0	0
0	0	0	0	0	0	0	0	0	0	0	0	0	0	0	0	0	0	0	0	0	0	0	0	0	0	0	0	0	0	0	0	0	0	0	0	0	0	0	0	0	0	0	0	0	0	0	0	0	0	0	0	0	0	0	0	0	0.99380135963058	0.703713109394893	0.787442538229143	0.944162511928997	0.815766221225458	0.916031952674343	0.518555091013098	0	0.921651892907896	0.550475985899891	0.551717114458341	0.799647162640033	0.864579299315659	0.700041353124359	0.91425260879948	0	0	0	0	0	0	0	0	0	0	0	0	0	0	0	0	0	0
0	0	0	0	0	0	0	0	0	0	0	0	0	0	0	0	0	0	0	0	0	0	0	0	0	0	0	0	0	0	0	0	0	0	0	0	0	0	0	0	0	0	0	0	0	0	0	0	0	0	0	0	0	0	0.835572642543752	0	0	0	0.873459346828706	0.745381438668613	0.570836989704617	0.860919070968635	0.885079973388341	0.832132701474532	0.607101693591803	0	0.711515882908859	0.749174062621022	0.937241702252736	0.897494902727598	0.606615167511238	0.745117545910937	0	0	0	0	0	0	0	0	0	0	0	0	0	0	0	0	0	0
0	0	0	0	0	0	0	0	0	0	0	0	0	0	0	0	0	0	0	0	0	0	0	0	0	0	0	0	0	0	0	0	0	0	0	0	0	0	0	0	0	0	0	0	0	0	0	0	0	0	0	0	0	0	0.601630929348269	0.550222507234927	0	0	0	0.910584307929903	0.802897354166571	0.641752822770706	0.689892342497968	0.814311530219413	0.728316193415212	0.965427074764005	0	0.822397779540742	0.744958142606368	0.749984078163485	0.595686104560379	0.546960864325089	0	0	0	0	0	0	0	0	0	0	0	0	0	0	0	0	0	0
0	0	0	0	0	0	0	0	0	0	0	0	0	0	0	0	0	0	0	0	0	0	0	0	0	0	0	0	0	0	0	0	0	0	0	0	0	0	0	0	0	0	0	0	0	0	0	0	0	0	0	0	0	0	0.515546314325807	0.763501109813891	0.870110791440762	0	0	0	0.666303099683481	0.88050101494917	0	0.5976930654459	0.887272434137245	0.711970104338047	0.838109361389306	0	0.51764138457893	0.969094827609956	0.502139977804024	0.666256652757833	0	0	0	0	0	0	0	0	0	0	0	0	0	0	0	0	0	0
0	0	0	0	0	0	0	0	0	0	0	0	0	0	0	0	0	0	0	0	0	0	0	0	0	0	0	0	0	0	0	0	0	0	0	0	0	0	0	0	0	0	0	0	0	0	0	0	0	0	0	0	0	0	0.672762313474185	0.603482970188446	0.50381843236183	0.693988080504559	0	0	0	0.885730205270962	0.822466658278666	0.665168401409218	0.573346627175165	0.873665840375602	0.984379889467843	0.835292223162408	0	0.668280976046731	0.671136593277449	0.555735477791263	0	0	0	0	0	0	0	0	0	0	0	0	0	0	0	0	0	0
0	0	0	0	0	0	0	0	0	0	0	0	0	0	0	0	0	0	0	0	0	0	0	0	0	0	0	0	0	0	0	0	0	0	0	0	0	0	0	0	0	0	0	0	0	0	0	0	0	0	0	0	0	0	0.530961761536151	0.925413454272809	0.507055526888211	0.866066954367861	0.757213623895376	0	0	0	0.670539094557414	0.674798153152354	0.771212875539155	0.534014164830989	0.661886898938461	0.850350548564098	0.994164080667334	0	0.513462063625184	0.894819607402924	0	0	0	0	0	0	0	0	0	0	0	0	0	0	0	0	0	0
0	0	0	0	0	0	0	0	0	0	0	0	0	0	0	0	0	0	0	0	0	0	0	0	0	0	0	0	0	0	0	0	0	0	0	0	0	0	0	0	0	0	0	0	0	0	0	0	0	0	0	0	0	0	0.933752760015248	0.500884584674684	0.704055112471195	0.866345544475699	0.74197941528153	0.50344023174678	0	0	0	0.588685564331317	0.619285562438163	0.596875590572495	0.533568778615558	0.643409526798743	0.763731219324616	0.749034004605669	0	0.707106471250997	0	0	0	0	0	0	0	0	0	0	0	0	0	0	0	0	0	0
0	0	0	0	0	0	0	0	0	0	0	0	0	0	0	0	0	0	0	0	0	0	0	0	0	0	0	0	0	0	0	0	0	0	0	0	0	0	0	0	0	0	0	0	0	0	0	0	0	0	0	0	0	0	0.71931530511063	0.846997382835752	0.559251841861157	0.520288999595956	0.640615077683867	0.640356073318054	0.965061708441137	0	0.970752885441253	0	0.993268374160813	0.576896231973504	0.992701341755712	0.939472269518028	0.533643944817938	0.759443817980266	0.770273514970519	0	0	0	0	0	0	0	0	0	0	0	0	0	0	0	0	0	0	0
0	0	0	0	0	0	0	0	0	0	0	0	0	0	0	0	0	0	0	0	0	0	0	0	0	0	0	0	0	0	0	0	0	0	0	0	0	0	0	0	0	0	0	0	0	0	0	0	0	0	0	0	0	0	0	0	0	0	0	0	0	0	0	0	0	0	0	0	0	0	0	0	0	0	0	0.799324738466875	0.892945408940349	0	0	0	0	0	0.967220463723467	0	0	0	0.874612513546557	0.627731945398738	0.747051417954157	0.694222516262963
0	0	0	0	0	0	0	0	0	0	0	0	0	0	0	0	0	0	0	0	0	0	0	0	0	0	0	0	0	0	0	0	0	0	0	0	0	0	0	0	0	0	0	0	0	0	0	0	0	0	0	0	0	0	0	0	0	0	0	0	0	0	0	0	0	0	0	0	0	0	0	0	0	0	0.561060904655747	0	0	0	0.667975562226229	0	0.804124305896213	0	0	0	0	0	0	0	0.84966743767072	0
0	0	0	0	0	0	0	0	0	0	0	0	0	0	0	0	0	0	0	0	0	0	0	0	0	0	0	0	0	0	0	0	0	0	0	0	0	0	0	0	0	0	0	0	0	0	0	0	0	0	0	0	0	0	0	0	0	0	0	0	0	0	0	0	0	0	0	0	0	0	0	0	0	0.668280067779703	0	0.560583257473509	0	0	0.699496095918019	0	0	0.759939084723278	0	0	0.84775291509381	0	0.957947580094013	0.731221708958153	0.724860652235265	0
0	0	0	0	0	0	0	0	0	0	0	0	0	0	0	0	0	0	0	0	0	0	0	0	0	0	0	0	0	0	0	0	0	0	0	0	0	0	0	0	0	0	0	0	0	0	0	0	0	0	0	0	0	0	0	0	0	0	0	0	0	0	0	0	0	0	0	0	0	0	0	0	0.51957608459372	0	0.556078895186833	0	0.623658527479041	0	0.915934763497494	0.979703398512016	0	0	0.624095893906964	0	0.556680611060509	0	0	0	0.695901602112722	0
0	0	0	0	0	0	0	0	0	0	0	0	0	0	0	0	0	0	0	0	0	0	0	0	0	0	0	0	0	0	0	0	0	0	0	0	0	0	0	0	0	0	0	0	0	0	0	0	0	0	0	0	0	0	0	0	0	0	0	0	0	0	0	0	0	0	0	0	0	0	0	0	0.591386013397655	0	0	0.532151225028799	0	0.80403933348333	0	0	0.705744917283229	0	0.855790507127083	0.868474536942126	0.957064752401175	0	0	0	0	0
0	0	0	0	0	0	0	0	0	0	0	0	0	0	0	0	0	0	0	0	0	0	0	0	0	0	0	0	0	0	0	0	0	0	0	0	0	0	0	0	0	0	0	0	0	0	0	0	0	0	0	0	0	0	0	0	0	0	0	0	0	0	0	0	0	0	0	0	0	0	0	0	0	0	0	0	0.832573044708735	0	0.788422852383653	0	0.967303715592168	0	0	0	0.870023112518937	0	0	0	0	0
0	0	0	0	0	0	0	0	0	0	0	0	0	0	0	0	0	0	0	0	0	0	0	0	0	0	0	0	0	0	0	0	0	0	0	0	0	0	0	0	0	0	0	0	0	0	0	0	0	0	0	0	0	0	0	0	0	0	0	0	0	0	0	0	0	0	0	0	0	0	0	0	0	0.685130657085929	0.53789949938387	0.789260327200939	0	0.671510457541108	0	0.834214855214309	0.599908244112257	0	0	0	0	0	0	0.80894404355105	0	0
0	0	0	0	0	0	0	0	0	0	0	0	0	0	0	0	0	0	0	0	0	0	0	0	0	0	0	0	0	0	0	0	0	0	0	0	0	0	0	0	0	0	0	0	0	0	0	0	0	0	0	0	0	0	0	0	0	0	0	0	0	0	0	0	0	0	0	0	0	0	0	0	0	0	0	0.642460930795207	0	0	0.522113475194198	0	0	0.941084775649879	0	0.857786422084714	0	0	0	0	0	0
0	0	0	0	0	0	0	0	0	0	0	0	0	0	0	0	0	0	0	0	0	0	0	0	0	0	0	0	0	0	0	0	0	0	0	0	0	0	0	0	0	0	0	0	0	0	0	0	0	0	0	0	0	0	0	0	0	0	0	0	0	0	0	0	0	0	0	0	0	0	0	0	0	0.793693905934607	0	0	0.935637466397695	0.72610702014507	0.557529507897629	0	0	0.859743078603798	0	0	0.964738170212469	0	0	0	0	0
0	0	0	0	0	0	0	0	0	0	0	0	0	0	0	0	0	0	0	0	0	0	0	0	0	0	0	0	0	0	0	0	0	0	0	0	0	0	0	0	0	0	0	0	0	0	0	0	0	0	0	0	0	0	0	0	0	0	0	0	0	0	0	0	0	0	0	0	0	0	0	0	0	0	0.695435784018301	0	0	0	0	0.509081725098172	0.819535354688421	0	0.987900040045069	0	0	0.653146818416258	0	0.71667868653844	0	0.531544356336439
0	0	0	0	0	0	0	0	0	0	0	0	0	0	0	0	0	0	0	0	0	0	0	0	0	0	0	0	0	0	0	0	0	0	0	0	0	0	0	0	0	0	0	0	0	0	0	0	0	0	0	0	0	0	0	0	0	0	0	0	0	0	0	0	0	0	0	0	0	0	0	0	0.879508327670583	0	0	0.732199622335891	0.513518189125603	0	0	0	0	0.834927879110726	0	0	0	0	0.610004713215623	0	0.972248541162016	0.580900033055241
0	0	0	0	0	0	0	0	0	0	0	0	0	0	0	0	0	0	0	0	0	0	0	0	0	0	0	0	0	0	0	0	0	0	0	0	0	0	0	0	0	0	0	0	0	0	0	0	0	0	0	0	0	0	0	0	0	0	0	0	0	0	0	0	0	0	0	0	0	0	0	0	0	0	0	0	0.866655652302017	0	0	0.829639522839371	0	0	0	0	0	0	0.912310242122905	0	0	0
0	0	0	0	0	0	0	0	0	0	0	0	0	0	0	0	0	0	0	0	0	0	0	0	0	0	0	0	0	0	0	0	0	0	0	0	0	0	0	0	0	0	0	0	0	0	0	0	0	0	0	0	0	0	0	0	0	0	0	0	0	0	0	0	0	0	0	0	0	0	0	0	0	0	0.583968583312107	0.803065640725224	0.857917287720808	0.529153537319238	0	0	0.830722755555595	0	0	0	0	0.824772747246323	0	0.663537404319522	0	0.87376673331948
0	0	0	0	0	0	0	0	0	0	0	0	0	0	0	0	0	0	0	0	0	0	0	0	0	0	0	0	0	0	0	0	0	0	0	0	0	0	0	0	0	0	0	0	0	0	0	0	0	0	0	0	0	0	0	0	0	0	0	0	0	0	0	0	0	0	0	0	0	0	0	0	0	0	0	0	0	0	0	0	0	0.629695007936901	0	0	0.555005798857894	0	0.780427859584461	0.503440777018603	0	0.715162878047964
0	0	0	0	0	0	0	0	0	0	0	0	0	0	0	0	0	0	0	0	0	0	0	0	0	0	0	0	0	0	0	0	0	0	0	0	0	0	0	0	0	0	0	0	0	0	0	0	0	0	0	0	0	0	0	0	0	0	0	0	0	0	0	0	0	0	0	0	0	0	0	0	0.891862367279824	0	0.647559601497042	0	0	0	0	0	0	0	0.752755636862229	0.627968689600459	0	0.715846997643871	0	0	0	0.623237526011865
0	0	0	0	0	0	0	0	0	0	0	0	0	0	0	0	0	0	0	0	0	0	0	0	0	0	0	0	0	0	0	0	0	0	0	0	0	0	0	0	0	0	0	0	0	0	0	0	0	0	0	0	0	0	0	0	0	0	0	0	0	0	0	0	0	0	0	0	0	0	0	0	0.913205347575063	0	0.870734030217103	0	0	0	0.563363055282925	0	0	0.634816364358293	0	0	0.853043738758718	0.938326316275532	0	0	0	0
0	0	0	0	0	0	0	0	0	0	0	0	0	0	0	0	0	0	0	0	0	0	0	0	0	0	0	0	0	0	0	0	0	0	0	0	0	0	0	0	0	0	0	0	0	0	0	0	0	0	0	0	0	0	0	0	0	0	0	0	0	0	0	0	0	0	0	0	0	0	0	0	0.777727040047175	0.81394426189769	0.942470127698145	0.525396421888412	0	0	0	0	0	0	0.859131337566912	0	0	0	0	0	0	0
0	0	0	0	0	0	0	0	0	0	0	0	0	0	0	0	0	0	0	0	0	0	0	0	0	0	0	0	0	0	0	0	0	0	0	0	0	0	0	0	0	0	0	0	0	0	0	0	0	0	0	0	0	0	0	0	0	0	0	0	0	0	0	0	0	0	0	0	0	0	0	0	0.704214289342242	0	0	0	0	0	0	0	0	0.555814630104156	0.660211868131776	0	0.868874041283333	0.975088822632996	0.578527646972295	0	0	0
