0	0	0	0	0	0.565678835041677	0.880120434394893	0	0.602679499186066	0	0.866950716622941	0	0.946595150180482	0	0	0	0	0	0	0	0.634122021545873	0.718369251214555	0	0	0	0	0	0	0	0.630400548264918	0	0	0	0	0	0	0	0	0	0	0	0	0	0	0	0	0	0	0	0	0	0	0	0	0	0	0	0	0	0	0	0	0	0	0	0	0	0	0	0	0	0	0	0	0	0	0	0	0	0	0	0	0	0	0	0	0	0	0	0
0	0	0	0	0	0.840862253077328	0	0	0	0.798184773939885	0	0.99603033328514	0	0	0	0	0	0.936447146882704	0	0	0.931364402760905	0	0	0.793617918439114	0.708333196503295	0	0	0	0.758130590158575	0.552431738044501	0	0	0	0	0	0	0	0	0	0	0	0	0	0	0	0	0	0	0	0	0	0	0	0	0	0	0	0	0	0	0	0	0	0	0	0	0	0	0	0	0	0	0	0	0	0	0	0	0	0	0	0	0	0	0	0	0	0	0	0
0	0	0	0.713947630391162	0	0	0	0.82342273908759	0	0.552159152245576	0	0	0	0	0	0	0	0	0	0.997378007913226	0.674598444938963	0.607762710337083	0	0.779263251975058	0	0	0	0	0	0	0	0	0	0	0	0	0	0	0	0	0	0	0	0	0	0	0	0	0	0	0	0	0	0	0	0	0	0	0	0	0	0	0	0	0	0	0	0	0	0	0	0	0	0	0	0	0	0	0	0	0	0	0	0	0	0	0	0	0	0
0	0	0.714889664000625	0	0	0	0.570486365868411	0.606914038132837	0	0	0	0	0.921030386494875	0.941047845778811	0	0	0	0	0	0	0.819387342585544	0.510353137959593	0	0	0.727528961116432	0	0.941550553787949	0.635645367945605	0.736905387415659	0	0	0	0	0	0	0	0	0	0	0	0	0	0	0	0	0	0	0	0	0	0	0	0	0	0	0	0	0	0	0	0	0	0	0	0	0	0	0	0	0	0	0	0	0	0	0	0	0	0	0	0	0	0	0	0	0	0	0	0	0
0	0	0	0	0	0	0.7033538071229	0	0	0.863411804253508	0	0.817922199692576	0	0	0	0.672573930420915	0.766446067505896	0	0	0	0	0	0	0.977099444629047	0.851649965419956	0	0.985124011680417	0	0.99859776568998	0	0	0	0	0	0	0	0	0	0	0	0	0	0	0	0	0	0	0	0	0	0	0	0	0	0	0	0	0	0	0	0	0	0	0	0	0	0	0	0	0	0	0	0	0	0	0	0	0	0	0	0	0	0	0	0	0	0	0	0	0
0.536259194139107	0.960998913682366	0	0	0	0	0	0.80472724799654	0	0	0.999683186169346	0	0	0.531969048986718	0.507524100369168	0	0	0	0.839280509357199	0	0.583307380642275	0	0	0	0	0.860107034141522	0.603993544028931	0	0.822443369010371	0	0	0	0	0	0	0	0	0	0	0	0	0	0	0	0	0	0	0	0	0	0	0	0	0	0	0	0	0	0	0	0	0	0	0	0	0	0	0	0	0	0	0	0	0	0	0	0	0	0	0	0	0	0	0	0	0	0	0	0	0
0.730190003888831	0	0	0.984291744293101	0.515515652905298	0	0	0	0	0	0	0	0	0.998984858517479	0	0.870819109069156	0	0	0	0.749696535587202	0.973621894060027	0.510317263423808	0	0	0.790783824690734	0.699867481306851	0.746415563559156	0	0	0.956071854945578	0	0	0	0	0	0	0	0	0	0	0	0	0	0	0	0	0	0	0	0	0	0	0	0	0	0	0	0	0	0	0	0	0	0	0	0	0	0	0	0	0	0	0	0	0	0	0	0	0	0	0	0	0	0	0	0	0	0	0	0
0	0	0.887435353203929	0.652180285698297	0	0.591932981402452	0	0	0.92465279845301	0.627309816206003	0	0.801337479756042	0	0.818314082392106	0	0	0.964860082875304	0.993812797290254	0	0	0	0	0.777982188655845	0.648326236174704	0	0	0	0.684667543089887	0	0	0	0	0	0	0	0	0	0	0	0	0	0	0	0	0	0	0	0	0	0	0	0	0	0	0	0	0	0	0	0	0	0	0	0	0	0	0	0	0	0	0	0	0	0	0	0	0	0	0	0	0	0	0	0	0	0	0	0	0	0
0.891427029156233	0	0	0	0	0	0	0.952686807797235	0	0	0	0	0	0.796435312126777	0	0	0.781077251219274	0.588110582797449	0.548978703023977	0	0	0	0	0	0	0	0.677344154643553	0	0	0	0	0	0	0	0	0	0	0	0	0	0	0	0	0	0	0	0	0	0	0	0	0	0	0	0	0	0	0	0	0	0	0	0	0	0	0	0	0	0	0	0	0	0	0	0	0	0	0	0	0	0	0	0	0	0	0	0	0	0	0
0	0.661972801911151	0.841602770189695	0	0.791034289863378	0	0	0.589417446260734	0	0	0.675754878442069	0	0	0	0	0.777335719268202	0	0.82210269828797	0	0.782898624743497	0	0	0	0.884864365106953	0	0	0	0	0	0	0	0	0	0	0	0	0	0	0	0	0	0	0	0	0	0	0	0	0	0	0	0	0	0	0	0	0	0	0	0	0	0	0	0	0	0	0	0	0	0	0	0	0	0	0	0	0	0	0	0	0	0	0	0	0	0	0	0	0	0
0.577273997432798	0	0	0	0	0.858174428780655	0	0	0	0.958825601318167	0	0	0	0.871335455866653	0.856587942213153	0	0	0	0	0	0	0.843994615049969	0	0.990501450026131	0.828360461214062	0	0	0	0	0	0	0	0	0	0	0	0	0	0	0	0	0	0	0	0	0	0	0	0	0	0	0	0	0	0	0	0	0	0	0	0	0	0	0	0	0	0	0	0	0	0	0	0	0	0	0	0	0	0	0	0	0	0	0	0	0	0	0	0	0
0	0.564325941980392	0	0	0.990033934137616	0	0	0.800854890043966	0	0	0	0	0.638977551840817	0	0.670388532080932	0	0.759341176175327	0	0	0	0	0	0.933257299901303	0	0	0	0	0	0.945688419745391	0	0	0	0	0	0	0	0	0	0	0	0	0	0	0	0	0	0	0	0	0	0	0	0	0	0	0	0	0	0	0	0	0	0	0	0	0	0	0	0	0	0	0	0	0	0	0	0	0	0	0	0	0	0	0	0	0	0	0	0	0
0.81918719240653	0	0	0.628391440884327	0	0	0	0	0	0	0	0.757204000110225	0	0	0.563642857097478	0.766253747574829	0	0	0.567176309780837	0	0	0.874098826281413	0.899511749244575	0	0	0	0	0.504559438141358	0	0	0	0	0	0	0	0	0	0	0	0	0	0	0	0	0	0	0	0	0	0	0	0	0	0	0	0	0	0	0	0	0	0	0	0	0	0	0	0	0	0	0	0	0	0	0	0	0	0	0	0	0	0	0	0	0	0	0	0	0	0
0	0	0	0.590862667998129	0	0.631778800073588	0.969600787820224	0.526790157375706	0.917962769951343	0	0.742986303901472	0	0	0	0	0.884512989912698	0.943086082247878	0.916937569355832	0	0	0	0.839654951993112	0	0	0	0	0	0.887951072466947	0	0	0	0	0	0	0	0	0	0	0	0	0	0	0	0	0	0	0	0	0	0	0	0	0	0	0	0	0	0	0	0	0	0	0	0	0	0	0	0	0	0	0	0	0	0	0	0	0	0	0	0	0	0	0	0	0	0	0	0	0	0
0	0	0	0	0	0.688769240884712	0	0	0	0	0.849344077925813	0.898788517378031	0.502454660566287	0	0	0	0	0	0.573827172747895	0	0	0.875556148424081	0	0	0.698466852791909	0	0.618987164608729	0	0	0.94522807011931	0	0	0	0	0	0	0	0	0	0	0	0	0	0	0	0	0	0	0	0	0	0	0	0	0	0	0	0	0	0	0	0	0	0	0	0	0	0	0	0	0	0	0	0	0	0	0	0	0	0	0	0	0	0	0	0	0	0	0	0
0	0	0	0	0.684932768644837	0	0.618674265516688	0	0	0.782559789550752	0	0	0.867973473842667	0.866719601380605	0	0	0	0.583738244623338	0	0	0	0.605422910649997	0	0	0	0.519718823157034	0.815797124560849	0	0	0	0	0	0	0	0	0	0	0	0	0	0	0	0	0	0	0	0	0	0	0	0	0	0	0	0	0	0	0	0	0	0	0	0	0	0	0	0	0	0	0	0	0	0	0	0	0	0	0	0	0	0	0	0	0	0	0	0	0	0	0
0	0	0	0	0.602454011520964	0	0	0.960390579800889	0.7585961402234	0	0	0.656880921131901	0	0.666927723876844	0	0	0	0.858353633212979	0	0.891189932776192	0.573818103815419	0.546573648267528	0	0.535337312815293	0	0	0	0.99215931006772	0.830660246477177	0.73959373595946	0	0	0	0	0	0	0	0	0	0	0	0	0	0	0	0	0	0	0	0	0	0	0	0	0	0	0	0	0	0	0	0	0	0	0	0	0	0	0	0	0	0	0	0	0	0	0	0	0	0	0	0	0	0	0	0	0	0	0	0
0	0.584356770417576	0	0	0	0	0	0.715805736829435	0.859613232917857	0.726707292674072	0	0	0	0.89688668793254	0	0.662688172854522	0.505469472277484	0	0.868265767159032	0	0.62929347912718	0	0	0	0	0.842574669594316	0	0	0.585601890478292	0	0	0	0	0	0	0	0	0	0	0	0	0	0	0	0	0	0	0	0	0	0	0	0	0	0	0	0	0	0	0	0	0	0	0	0	0	0	0	0	0	0	0	0	0	0	0	0	0	0	0	0	0	0	0	0	0	0	0	0	0
0	0	0	0	0	0.748590187620931	0	0	0.631606379319357	0	0	0	0.986415605915337	0	0.504686223314978	0	0	0.89705336694918	0	0	0	0	0	0	0.886148870037498	0	0	0	0.966676104660214	0	0	0	0	0	0	0	0	0	0	0	0	0	0	0	0	0	0	0	0	0	0	0	0	0	0	0	0	0	0	0	0	0	0	0	0	0	0	0	0	0	0	0	0	0	0	0	0	0	0	0	0	0	0	0	0	0	0	0	0	0
0	0	0.927342969803964	0	0	0	0.911156198775456	0	0	0.786655344774852	0	0	0	0	0	0	0.900070403847661	0	0	0	0.551439345708957	0	0	0.97686596562216	0.563162518020261	0	0	0.795876133486561	0	0.720176653808423	0	0	0	0	0	0	0	0	0	0	0	0	0	0	0	0	0	0	0	0	0	0	0	0	0	0	0	0	0	0	0	0	0	0	0	0	0	0	0	0	0	0	0	0	0	0	0	0	0	0	0	0	0	0	0	0	0	0	0	0
0.861388016937444	0.849718272436879	0.698011591128204	0.787404297399761	0	0.670161381296942	0.558034178303419	0	0	0	0	0	0	0	0	0	0.899338846692293	0.863405832738131	0	0.601550007518806	0	0	0.973782215168156	0	0.885223572820808	0.568320815151707	0.679494129883516	0	0	0.544326288343397	0	0	0	0	0	0	0	0	0	0	0	0	0	0	0	0	0	0	0	0	0	0	0	0	0	0	0	0	0	0	0	0	0	0	0	0	0	0	0	0	0	0	0	0	0	0	0	0	0	0	0	0	0	0	0	0	0	0	0	0
0.767100812697515	0	0.744422393681093	0.811097221374808	0	0	0.54364479817568	0	0	0	0.638831926023842	0	0.51226254692859	0.765379440942649	0.734227771654951	0.913465236483046	0.525229402812855	0	0	0	0	0	0	0	0	0.56660333141067	0	0	0.94484589429056	0	0	0	0	0	0	0	0	0	0	0	0	0	0	0	0	0	0	0	0	0	0	0	0	0	0	0	0	0	0	0	0	0	0	0	0	0	0	0	0	0	0	0	0	0	0	0	0	0	0	0	0	0	0	0	0	0	0	0	0	0
0	0	0	0	0	0	0	0.728536447360751	0	0	0	0.999748174847118	0.853469691996402	0	0	0	0	0	0	0	0.742520855388892	0	0	0.651562094468417	0.778986220247338	0	0	0.625631769062771	0.827042861062483	0	0	0	0	0	0	0	0	0	0	0	0	0	0	0	0	0	0	0	0	0	0	0	0	0	0	0	0	0	0	0	0	0	0	0	0	0	0	0	0	0	0	0	0	0	0	0	0	0	0	0	0	0	0	0	0	0	0	0	0	0
0	0.71581527066036	0.614410123160395	0	0.843799043417992	0	0	0.751407890819939	0	0.673268047159212	0.933007196187837	0	0	0	0	0	0.77689039785303	0	0	0.501592450276796	0	0	0.86276801741656	0	0	0.679003970362096	0	0.52260361573965	0	0	0	0	0	0	0	0	0	0	0	0	0	0	0	0	0	0	0	0	0	0	0	0	0	0	0	0	0	0	0	0	0	0	0	0	0	0	0	0	0	0	0	0	0	0	0	0	0	0	0	0	0	0	0	0	0	0	0	0	0	0
0	0.74133048665039	0	0.822434840732966	0.654594020263209	0	0.650858073527975	0	0	0	0.994348412880305	0	0	0	0.594622826484918	0	0	0	0.785543137905695	0.668242033380343	0.511422328668433	0	0.761661772205583	0	0	0	0.610776029060285	0	0	0.640625893031099	0	0	0	0	0	0	0	0	0	0	0	0	0	0	0	0	0	0	0	0	0	0	0	0	0	0	0	0	0	0	0	0	0	0	0	0	0	0	0	0	0	0	0	0	0	0	0	0	0	0	0	0	0	0	0	0	0	0	0	0
0	0	0	0	0	0.95961231110635	0.530719581918447	0	0	0	0	0	0	0	0	0.619630958393345	0	0.942179617920199	0	0	0.973447890275977	0.994711260146822	0	0.969255227611003	0	0	0	0	0.708127317550466	0.91371856910574	0	0	0	0	0	0	0	0	0	0	0	0	0	0	0	0	0	0	0	0	0	0	0	0	0	0	0	0	0	0	0	0	0	0	0	0	0	0	0	0	0	0	0	0	0	0	0	0	0	0	0	0	0	0	0	0	0	0	0	0
0	0	0	0.672543400103899	0.84663985630164	0.625918122145514	0.812014602830139	0	0.912149695590418	0	0	0	0	0	0.745269076241213	0.664350714632997	0	0	0	0	0.721379182147093	0	0	0	0.906038505617131	0	0	0	0.556739177634069	0.532038478483872	0	0	0	0	0	0	0	0	0	0	0	0	0	0	0	0	0	0	0	0	0	0	0	0	0	0	0	0	0	0	0	0	0	0	0	0	0	0	0	0	0	0	0	0	0	0	0	0	0	0	0	0	0	0	0	0	0	0	0	0
0	0	0	0.526185026003927	0	0	0	0.848370561830663	0	0	0	0	0.614726592412204	0.835808900682486	0	0	0.761677213043999	0	0	0.544926209321787	0	0	0.78430059756468	0.684513244568212	0	0	0	0	0.500388429476025	0.593595421699883	0	0	0	0	0	0	0	0	0	0	0	0	0	0	0	0	0	0	0	0	0	0	0	0	0	0	0	0	0	0	0	0	0	0	0	0	0	0	0	0	0	0	0	0	0	0	0	0	0	0	0	0	0	0	0	0	0	0	0	0
0	0.885990831876026	0	0.60223624898158	0.919486287018117	0.744086944480389	0	0	0	0	0	0.887168591935826	0	0	0	0	0.666608461837782	0.709075373946697	0.520536629356837	0	0	0.533886731881977	0.540663698536726	0	0	0.697155048935904	0.678140522708016	0.732513629059588	0	0	0	0	0	0	0	0	0	0	0	0	0	0	0	0	0	0	0	0	0	0	0	0	0	0	0	0	0	0	0	0	0	0	0	0	0	0	0	0	0	0	0	0	0	0	0	0	0	0	0	0	0	0	0	0	0	0	0	0	0	0
0.928312345837455	0.792815021035016	0	0	0	0	0.771237382617682	0	0	0	0	0	0	0	0.647802266546897	0	0.77063964738935	0	0	0.965566961027203	0.96056258776202	0	0	0	0.722463400079394	0.806617571546156	0.987144345465718	0.892668417182135	0	0	0	0	0	0	0	0	0	0	0	0	0	0	0	0	0	0	0	0	0	0	0	0	0	0	0	0	0	0	0	0	0	0	0	0	0	0	0	0	0	0	0	0	0	0	0	0	0	0	0	0	0	0	0	0	0	0	0	0	0	0
0	0	0	0	0	0	0	0	0	0	0	0	0	0	0	0	0	0	0	0	0	0	0	0	0	0	0	0	0	0	0	0.514506919991937	0.63145340925791	0	0.541869628453906	0	0	0	0	0	0	0	0	0	0	0	0	0	0	0	0	0	0	0	0.78973730327773	0	0.934397415211742	0.71782479755878	0.769655918503296	0.647320482427978	0	0	0	0	0	0	0	0	0	0	0	0	0	0	0	0	0	0	0	0	0	0	0	0	0	0	0	0	0	0
0	0	0	0	0	0	0	0	0	0	0	0	0	0	0	0	0	0	0	0	0	0	0	0	0	0	0	0	0	0	0.661840564146916	0	0	0.918975569826408	0.67038671426869	0.999641776346103	0	0	0	0	0	0	0	0	0	0	0	0	0	0	0	0	0	0	0	0.511693594972976	0	0.934072798218418	0.811441292498476	0.987535939699875	0	0	0	0	0	0	0	0	0	0	0	0	0	0	0	0	0	0	0	0	0	0	0	0	0	0	0	0	0	0
0	0	0	0	0	0	0	0	0	0	0	0	0	0	0	0	0	0	0	0	0	0	0	0	0	0	0	0	0	0	0.847853512408322	0	0	0.804941664723833	0	0.581720257209271	0.602579033223661	0	0	0	0	0	0	0.636886240479257	0	0	0	0	0	0	0	0	0	0	0	0	0	0	0.990175418343132	0.808035360513313	0	0	0	0	0	0	0	0	0	0	0	0	0	0	0	0	0	0	0	0	0	0	0	0	0	0	0	0	0	0
0	0	0	0	0	0	0	0	0	0	0	0	0	0	0	0	0	0	0	0	0	0	0	0	0	0	0	0	0	0	0	0.944177401787319	0.766556106429337	0	0.550394962194081	0.675705740994574	0.798182445341969	0.59562343924654	0	0	0	0	0.701871824093218	0	0	0	0	0	0	0	0	0	0	0	0	0	0	0	0	0.717991205354204	0	0	0	0	0	0	0	0	0	0	0	0	0	0	0	0	0	0	0	0	0	0	0	0	0	0	0	0	0	0
0	0	0	0	0	0	0	0	0	0	0	0	0	0	0	0	0	0	0	0	0	0	0	0	0	0	0	0	0	0	0.980090945692411	0.713440220640106	0	0.755170792652684	0	0.752105106278257	0.969272026467632	0.855082683477297	0.727226143073167	0	0	0	0	0	0	0	0	0	0	0	0	0	0	0	0	0	0	0	0	0	0	0	0	0	0	0	0	0	0	0	0	0	0	0	0	0	0	0	0	0	0	0	0	0	0	0	0	0	0	0
0	0	0	0	0	0	0	0	0	0	0	0	0	0	0	0	0	0	0	0	0	0	0	0	0	0	0	0	0	0	0	0.843146134316086	0.777796847521481	0.786568236779152	0.993413541709479	0	0.767843338872454	0.599742752900556	0.634032014425911	0.547247730784946	0	0	0	0	0	0	0	0	0	0	0	0	0	0	0	0	0	0	0	0	0	0	0	0	0	0	0	0	0	0	0	0	0	0	0	0	0	0	0	0	0	0	0	0	0	0	0	0	0	0
0	0	0	0	0	0	0	0	0	0	0	0	0	0	0	0	0	0	0	0	0	0	0	0	0	0	0	0	0	0	0	0	0.838458518279911	0.617185877559007	0.868036448553339	0.545080564669015	0	0.571751684811204	0.74493865836699	0.516935878685312	0.913821621321693	0	0	0	0	0	0	0	0.544116430188709	0	0	0	0	0	0	0	0	0	0	0	0	0	0	0	0	0	0	0	0	0	0	0	0	0	0	0	0	0	0	0	0	0	0	0	0	0	0	0	0	0
0	0	0	0	0	0	0	0	0	0	0	0	0	0	0	0	0	0	0	0	0	0	0	0	0	0	0	0	0	0	0	0	0	0.518763278234	0.58072514354999	0.565955271826206	0.922378359517613	0	0.837785163914626	0.839496703969753	0.604030080065816	0.599791525097899	0	0	0	0	0	0	0	0	0	0	0	0	0	0	0	0	0	0	0	0	0	0	0	0	0	0	0	0	0	0	0	0	0	0	0	0	0	0	0	0	0	0	0	0	0	0	0	0
0	0	0	0	0	0	0	0	0	0	0	0	0	0	0	0	0	0	0	0	0	0	0	0	0	0	0	0	0	0	0	0	0	0	0.551380638833782	0.988833481827591	0.539092679062087	0.977366668356797	0	0.615288039776906	0	0	0.88207338653802	0	0	0	0	0	0	0.556577919117233	0	0	0	0.54961285843428	0	0	0	0	0	0	0	0	0	0	0	0	0	0	0	0	0	0	0	0	0	0	0	0	0	0	0	0	0	0	0	0	0	0	0	0
0	0	0	0	0	0	0	0	0	0	0	0	0	0	0	0	0	0	0	0	0	0	0	0	0	0	0	0	0	0	0	0	0	0	0	0.920187141151011	0.701971565197025	0.669505339609982	0.563664743133418	0	0.739666266842753	0.528909487996535	0.63448605844877	0	0	0	0	0	0	0	0	0	0	0	0	0	0	0.99982201054854	0	0	0	0	0	0	0	0	0	0	0	0	0	0	0	0	0	0	0	0	0	0	0	0	0	0	0	0	0	0	0	0
0	0	0	0	0	0	0	0	0	0	0	0	0	0	0	0	0	0	0	0	0	0	0	0	0	0	0	0	0	0	0	0	0	0	0	0	0.574755046946255	0.864423066696473	0	0.949224868267855	0	0.855359431925944	0.82561721001343	0.590506924484057	0.925090580692438	0	0	0	0	0	0	0	0	0	0	0	0	0	0	0	0	0	0	0	0	0	0	0	0	0	0	0	0	0	0	0	0	0	0	0	0	0	0	0	0	0	0	0	0	0
0	0	0	0	0	0	0	0	0	0	0	0	0	0	0	0	0	0	0	0	0	0	0	0	0	0	0	0	0	0	0	0	0	0	0	0	0	0.806684808564787	0	0.757775757588109	0.610501019491448	0	0.974550568952054	0.901880371520745	0.618498769581826	0.951515191930829	0	0	0	0	0	0	0	0	0	0	0	0	0	0	0	0	0	0	0	0	0	0	0	0	0	0	0	0	0	0	0	0	0	0	0	0	0	0	0	0	0	0	0	0
0	0	0	0	0	0	0	0	0	0	0	0	0	0	0	0	0	0	0	0	0	0	0	0	0	0	0	0	0	0	0	0	0	0.692384531075058	0	0	0	0	0.981090711166591	0.920548398577673	0.912344494994655	0.685253692162043	0	0.597584521851021	0.769437425131519	0	0.844572229694283	0	0	0	0	0	0	0	0	0	0	0	0	0	0	0	0	0	0	0	0	0	0	0	0	0	0	0	0	0	0	0	0	0	0	0	0	0	0	0	0	0	0	0
0	0	0	0	0	0	0	0	0	0	0	0	0	0	0	0	0	0	0	0	0	0	0	0	0	0	0	0	0	0	0	0	0.844298550144487	0	0	0	0	0	0	0	0.625484924337548	0.597948357916128	0.536356403318929	0	0.90801883849053	0.623709610227751	0.843273097399914	0.956574825607072	0	0	0	0	0	0	0	0	0	0	0	0	0	0	0	0	0	0	0	0	0	0	0	0	0	0	0	0	0	0	0	0	0	0	0	0	0	0	0	0	0	0
0	0	0	0	0	0	0	0	0	0	0	0	0	0	0	0	0	0	0	0	0	0	0	0	0	0	0	0	0	0	0	0	0	0	0	0	0	0	0	0	0.905665753150966	0.552690659578935	0.820011136275964	0.982289094168689	0	0.728448421627121	0.550668741831614	0.535995844303193	0.55544781084772	0	0	0	0	0	0	0	0	0	0	0	0	0	0	0	0	0	0	0	0	0	0	0	0	0	0	0	0	0	0	0	0	0	0	0	0	0	0	0	0	0
0	0	0	0	0	0	0	0	0	0	0	0	0	0	0	0	0	0	0	0	0	0	0	0	0	0	0	0	0	0	0	0	0	0	0	0	0	0	0	0	0	0.973059823159202	0	0.964063550587591	0.750203535656305	0	0.745942637082723	0.668913771433615	0.543127922681786	0.589094782513328	0	0	0	0	0	0	0	0	0	0	0	0	0	0	0	0	0	0	0	0	0	0	0	0	0	0	0	0	0	0	0	0	0	0	0	0	0	0	0	0
0	0	0	0	0	0	0	0	0	0	0	0	0	0	0	0	0	0	0	0	0	0	0	0	0	0	0	0	0	0	0	0	0	0	0	0	0	0	0	0	0	0	0.69571244625005	0.886757157652497	0.775820892910909	0.84743635722132	0	0.755681812160094	0.939419405922117	0.960174188268861	0.548327309889492	0	0.751199631968287	0	0	0	0	0	0	0	0	0	0	0	0	0	0	0	0	0	0	0	0	0	0	0	0	0	0	0	0	0	0	0	0	0	0	0	0	0
0	0	0	0	0	0	0	0	0	0	0	0	0	0	0	0	0	0	0	0	0	0	0	0	0	0	0	0	0	0	0	0	0	0	0	0	0	0	0	0	0	0	0	0.986953019527114	0.694787272196923	0.867526910016124	0.756328044816098	0	0.700139532975913	0.962138712652564	0	0.923225393121675	0	0	0	0	0	0.694876980685686	0	0	0	0	0	0	0	0	0	0	0	0	0	0	0	0	0	0	0	0	0	0	0	0	0	0	0	0	0	0	0	0
0	0	0	0	0	0	0	0	0	0	0	0	0	0	0	0	0	0	0	0	0	0	0	0	0	0	0	0	0	0	0	0	0	0	0	0	0.665927533979517	0	0	0	0	0	0	0	0.80905111111677	0.678333757669262	0.999058635988404	0.543503077969741	0	0.731426819802057	0.662877651569833	0.936099630032098	0	0	0	0	0	0	0	0	0	0	0	0	0	0	0	0	0	0	0	0	0	0	0	0	0	0	0	0	0	0	0	0	0	0	0	0	0	0
0	0	0	0	0	0	0	0	0	0	0	0	0	0	0	0	0	0	0	0	0	0	0	0	0	0	0	0	0	0	0	0	0	0	0	0	0	0	0.760898737342827	0	0	0	0	0	0	0.538655736292489	0.660926786235161	0.598382006340965	0.693468104243122	0	0.535979290341243	0.727441101485222	0.526692268239139	0.731090584464059	0	0	0	0	0	0	0	0	0	0	0	0	0	0	0	0	0	0	0	0	0	0	0	0	0	0	0	0	0	0	0	0	0	0	0	0
0	0	0	0	0	0	0	0	0	0	0	0	0	0	0	0	0	0	0	0	0	0	0	0	0	0	0	0	0	0	0	0	0	0	0	0	0	0	0	0	0	0	0	0	0	0	0.574639171411956	0	0.663087448533805	0.50654870714334	0	0.75221408294891	0.896382913931926	0.502694977504366	0.666751446490143	0	0	0	0	0	0	0	0	0	0	0	0	0	0	0	0	0	0	0	0	0	0	0	0	0	0	0	0	0	0	0	0	0	0	0
0	0	0	0	0	0	0	0	0	0	0	0	0	0	0	0	0	0	0	0	0	0	0	0	0	0	0	0	0	0	0	0	0	0	0	0	0	0	0	0	0	0	0	0	0	0	0	0.74302872292378	0.50060693753184	0.961298925265676	0.839104400823854	0	0.898659346141116	0.675908168109007	0.577651381023801	0.949799191681727	0	0	0	0	0	0	0	0	0	0	0	0	0	0	0	0	0	0	0	0	0	0	0	0	0	0	0	0	0	0	0	0	0	0
0	0	0	0	0	0	0	0	0	0	0	0	0	0	0	0	0	0	0	0	0	0	0	0	0	0	0	0	0	0	0	0	0	0	0	0	0	0	0	0	0	0	0	0	0	0	0.567383942748995	0	0	0.758533741428387	0.792308579733222	0.568794932883419	0	0.656506811348726	0.717676212521946	0.628060492944437	0	0	0	0	0	0	0	0	0	0	0	0	0	0	0	0	0	0	0	0	0	0	0	0	0	0	0	0	0	0	0	0	0	0
0	0	0	0	0	0	0	0	0	0	0	0	0	0	0	0	0	0	0	0	0	0	0	0	0	0	0	0	0	0	0	0	0	0	0	0	0	0	0.575604209208979	0	0	0	0	0	0	0	0	0	0	0.697251991648525	0.933531194546447	0.71495346103071	0.822201095373505	0	0.598547883353857	0.611216386674823	0.624530308288335	0.793928486803178	0	0	0	0	0	0	0	0	0	0	0	0	0	0	0	0	0	0	0	0	0	0	0	0	0	0	0	0	0	0	0	0
0	0	0	0	0	0	0	0	0	0	0	0	0	0	0	0	0	0	0	0	0	0	0	0	0	0	0	0	0	0	0.786907285159504	0	0	0	0	0	0	0	0	0	0	0	0	0	0	0	0	0	0	0	0.984167961284796	0.719510981789198	0.535328924852767	0.859029815430314	0	0.556494144206919	0.727465179433399	0.962345892309711	0.613346341164813	0	0	0	0	0	0	0	0	0	0	0	0	0	0	0	0	0	0	0	0	0	0	0	0	0	0	0	0	0	0	0
0	0	0	0	0	0	0	0	0	0	0	0	0	0	0	0	0	0	0	0	0	0	0	0	0	0	0	0	0	0	0	0.749120368084686	0	0	0	0	0	0	0	0	0	0	0	0	0	0	0	0	0	0	0	0.914193717202082	0.80943194666312	0.652364634676787	0.986248421569247	0	0.559933639301537	0.841695764257353	0.72293380299104	0.620537479573267	0	0	0	0	0	0	0	0	0	0	0	0	0	0	0	0	0	0	0	0	0	0	0	0	0	0	0	0	0	0
0	0	0	0	0	0	0	0	0	0	0	0	0	0	0	0	0	0	0	0	0	0	0	0	0	0	0	0	0	0	0.628185936616337	0	0	0	0	0	0	0	0	0	0	0	0	0	0	0	0	0	0	0	0	0	0	0.54626894443159	0.987050338198203	0.912300884009583	0	0.952964689953898	0.830582083419026	0.573509454463261	0	0	0	0	0	0	0	0	0	0	0	0	0	0	0	0	0	0	0	0	0	0	0	0	0	0	0	0	0	0
0	0	0	0	0	0	0	0	0	0	0	0	0	0	0	0	0	0	0	0	0	0	0	0	0	0	0	0	0	0	0.518840394516938	0.690531207322845	0	0	0	0	0	0	0	0.777718778487274	0	0	0	0	0	0	0	0.910884197021031	0	0	0	0	0	0.922058563258584	0.837359707461639	0.889110436070141	0.848392407472823	0	0.963845866676856	0.68297933682933	0	0	0	0	0	0	0	0	0	0	0	0	0	0	0	0	0	0	0	0	0	0	0	0	0	0	0	0	0	0
0	0	0	0	0	0	0	0	0	0	0	0	0	0	0	0	0	0	0	0	0	0	0	0	0	0	0	0	0	0	0.802641277899644	0.713347013736855	0.564005553922631	0	0	0	0	0	0	0	0	0	0	0	0	0	0	0	0	0	0	0	0	0	0.607512988865317	0.63404887346927	0.863535036244052	0.86221248308302	0	0.931403162617686	0	0	0	0	0	0	0	0	0	0	0	0	0	0	0	0	0	0	0	0	0	0	0	0	0	0	0	0	0	0
0	0	0	0	0	0	0	0	0	0	0	0	0	0	0	0	0	0	0	0	0	0	0	0	0	0	0	0	0	0	0.79697265686687	0.730039240117599	0.798367327988309	0.813992513629763	0	0	0	0	0	0	0	0	0	0	0	0	0	0	0	0	0	0	0	0	0	0.80362934604133	0.738782301526551	0.828023645817335	0.895306288750572	0	0	0	0	0	0	0	0	0	0	0	0	0	0	0	0	0	0	0	0	0	0	0	0	0	0	0	0	0	0	0
0	0	0	0	0	0	0	0	0	0	0	0	0	0	0	0	0	0	0	0	0	0	0	0	0	0	0	0	0	0	0	0	0	0	0	0	0	0	0	0	0	0	0	0	0	0	0	0	0	0	0	0	0	0	0	0	0	0	0	0	0	0.908545586930491	0.944211207734913	0.749474331890445	0.606345225176033	0.627464878304523	0.793650124921122	0	0.923576286987351	0	0	0.589492221082484	0	0	0	0	0	0	0	0	0	0	0.744478951243968	0.707051429775497	0	0	0.814219531349102	0	0.606482053760897	0.968475482355896
0	0	0	0	0	0	0	0	0	0	0	0	0	0	0	0	0	0	0	0	0	0	0	0	0	0	0	0	0	0	0	0	0	0	0	0	0	0	0	0	0	0	0	0	0	0	0	0	0	0	0	0	0	0	0	0	0	0	0	0	0.750450019214304	0	0.943217552044745	0.882157386128356	0.632787505529004	0	0.639571276742344	0.816252755236153	0	0	0	0	0	0.951992653497698	0	0.5326443407635	0.524816646361515	0	0	0	0	0.680316379597601	0.905091275929341	0	0.623037013186529	0.945588491704825	0.85407833522265	0.972237945438105	0	0.805368682150144
0	0	0	0	0	0	0	0	0	0	0	0	0	0	0	0	0	0	0	0	0	0	0	0	0	0	0	0	0	0	0	0	0	0	0	0	0	0	0	0	0	0	0	0	0	0	0	0	0	0	0	0	0	0	0	0	0	0	0	0	0.93471502678718	0.826041862511558	0	0.568230823861342	0.564838235748845	0.742837347088332	0	0.882232678269875	0.545953793178796	0.659478231654757	0	0	0	0	0	0	0.614159113289468	0	0	0	0.533410963668715	0	0.650938170478864	0	0	0	0.808228656276977	0.51182249336174	0	0.590881154203609
0	0	0	0	0	0	0	0	0	0	0	0	0	0	0	0	0	0	0	0	0	0	0	0	0	0	0	0	0	0	0	0	0	0	0	0	0	0	0	0	0	0	0	0	0	0	0	0	0	0	0	0	0	0	0	0	0	0	0	0	0.560907386524394	0.55948904909814	0.741418089338825	0	0.545233292033903	0	0.656354286664855	0.960428224127206	0.702633136982284	0.734034211390095	0	0	0	0	0	0	0	0	0	0.864325473104356	0.682709593429619	0.93539031438697	0	0	0	0	0.564320980204139	0.702446365446908	0	0.987972360009515
0	0	0	0	0	0	0	0	0	0	0	0	0	0	0	0	0	0	0	0	0	0	0	0	0	0	0	0	0	0	0	0	0	0	0	0	0	0	0	0	0	0	0	0	0	0	0	0	0	0	0	0	0	0	0	0	0	0	0	0	0.746427368337872	0.747609927798943	0.528337893213614	0.728645601732321	0	0	0	0	0.922241619718633	0.650953924451384	0.802979926871864	0.892986971896558	0	0.586331610417433	0.810807888124493	0	0	0.593430152243892	0.753896318880205	0.729004669640069	0	0	0	0.562288461375605	0	0	0	0.577683550542052	0.791947232720352	0.956356843238706
0	0	0	0	0	0	0	0	0	0	0	0	0	0	0	0	0	0	0	0	0	0	0	0	0	0	0	0	0	0	0	0	0	0	0	0	0	0	0	0	0	0	0	0	0	0	0	0	0	0	0	0	0	0	0	0	0	0	0	0	0.991834035076652	0	0.70572950659365	0	0	0	0.79505725136146	0.796530287702406	0.828619063302259	0.695049644956012	0.872023555375843	0.883149204001701	0.652195358664809	0	0	0.858254929034296	0	0	0	0	0	0	0	0.713151935917234	0	0.75737666430983	0	0	0.719752805420833	0.865549226492436
0	0	0	0	0	0	0	0	0	0	0	0	0	0	0	0	0	0	0	0	0	0	0	0	0	0	0	0	0	0	0	0	0	0	0	0	0	0	0	0	0	0	0	0	0	0	0	0	0	0	0	0	0	0	0	0	0	0	0	0	0.61273794306503	0.929763231722154	0	0.99999528471808	0	0.584078747113974	0	0	0.877124450109704	0	0.929889041492164	0	0.637394487775459	0.777626112330847	0	0	0	0	0.937492004790997	0	0	0	0.607462503786195	0.519818483430177	0	0.984220229410149	0	0	0	0
0	0	0	0	0	0	0	0	0	0	0	0	0	0	0	0	0	0	0	0	0	0	0	0	0	0	0	0	0	0	0	0	0	0	0	0	0	0	0	0	0	0	0	0	0	0	0	0	0	0	0	0	0	0	0	0	0	0	0	0	0	0.593102201879211	0.631868818610267	0.829417165429035	0	0.927063565513526	0	0	0.648135424815116	0.564946858698614	0.543902640048925	0.817242726042049	0	0.806430904833076	0.622504522517544	0	0	0	0	0.605367791450387	0	0	0	0	0	0	0	0	0	0.662682450416973
0	0	0	0	0	0	0	0	0	0	0	0	0	0	0	0	0	0	0	0	0	0	0	0	0	0	0	0	0	0	0	0	0	0	0	0	0	0	0	0	0	0	0	0	0	0	0	0	0	0	0	0	0	0	0	0	0	0	0	0	0.944441641784011	0	0.842362430927682	0.792818504368326	0.88592686537212	0.675443731127446	0.976026087841334	0.503737800599106	0	0.613753726468272	0.658820237475152	0.660499041788811	0.86580760336722	0.987753209094137	0.820381417807336	0.537037150156526	0	0	0	0	0	0	0	0	0	0	0	0	0	0
0	0	0	0	0	0	0	0	0	0	0	0	0	0	0	0	0	0	0	0	0	0	0	0	0	0	0	0	0	0	0	0	0	0	0	0	0	0	0	0	0	0	0	0	0	0	0	0	0	0	0	0	0	0	0	0	0	0	0	0	0	0	0.710129266591291	0.836694790574837	0.961755176862318	0.569115571491844	0	0.882710463622239	0.630996699552855	0	0.920568128554356	0.993236641582275	0	0.825287624084645	0.672412707449411	0.925878113218381	0.777608099152867	0	0	0	0	0	0	0	0.771331666564615	0	0	0.804743184971179	0	0
0	0	0	0	0	0	0	0	0	0	0	0	0	0	0	0	0	0	0	0	0	0	0	0	0	0	0	0	0	0	0	0	0	0	0	0	0	0	0	0	0	0	0	0	0	0	0	0	0	0	0	0	0	0	0	0	0	0	0	0	0	0	0	0	0.659759093058135	0.772219311019407	0.779803588417539	0.877106372752031	0.670170725512651	0.993569192193473	0	0.515368502772314	0	0.795336938052217	0.825630127398864	0.550834859732813	0	0.872824119020506	0	0	0.919649978299634	0	0.776743424004346	0	0.770374079481479	0	0	0	0	0.963137988896394
0	0	0	0	0	0	0	0	0	0	0	0	0	0	0	0	0	0	0	0	0	0	0	0	0	0	0	0	0	0	0	0	0	0	0	0	0	0	0	0	0	0	0	0	0	0	0	0	0	0	0	0	0	0	0	0	0	0	0	0	0.934869840486187	0	0	0	0.971397963990998	0.804493047813289	0	0.919311154845658	0.512711638145521	0.799914937012815	0.907521098434524	0	0.651352572985711	0.65055002027965	0.713861798682345	0.848009253209216	0	0.566183638012717	0	0	0	0	0	0	0	0	0	0.695086970529888	0	0
0	0	0	0	0	0	0	0	0	0	0	0	0	0	0	0	0	0	0	0	0	0	0	0	0	0	0	0	0	0	0	0	0	0	0	0	0	0	0	0	0	0	0	0	0	0	0	0	0	0	0	0	0	0	0	0	0	0	0	0	0	0	0	0	0	0.775770013907071	0.553325651464161	0	0.560447626980201	0	0	0.755419260387418	0	0.639876387277964	0.667812476978066	0	0	0.975847230428587	0.662562057405831	0.916199829786846	0.673470927443936	0	0	0	0	0	0.992064760822899	0.749396513878048	0.891103608483639	0
0	0	0	0	0	0	0	0	0	0	0	0	0	0	0	0	0	0	0	0	0	0	0	0	0	0	0	0	0	0	0	0	0	0	0	0	0	0	0	0	0	0	0	0	0	0	0	0	0	0	0	0	0	0	0	0	0	0	0	0	0	0.634694525836745	0	0	0.823063502531583	0	0.642786634185853	0.716722041883264	0.686428880964966	0.563002472188564	0.731095383969472	0.68235779718879	0.624270477631024	0	0.516959748039902	0	0.963849634957477	0.891597417262942	0	0	0	0.571359648688821	0.82263223549174	0	0	0	0.549191888513592	0	0.726128763987737	0
0	0	0	0	0	0	0	0	0	0	0	0	0	0	0	0	0	0	0	0	0	0	0	0	0	0	0	0	0	0	0	0	0	0	0	0	0	0	0	0	0	0	0	0	0	0	0	0	0	0	0	0	0	0	0	0	0	0	0	0	0	0	0	0	0.758012891620866	0	0	0.973774978922746	0.933649676234058	0.871243261228279	0.993102266884053	0.965735530775545	0.834997257690661	0.686928061946822	0	0.678498731789455	0	0.978589746318423	0.791951805275079	0.731441137277655	0.534834169960465	0	0	0	0	0	0	0.978597826517393	0.82159163101605	0
0	0	0	0	0	0	0	0	0	0	0	0	0	0	0	0	0	0	0	0	0	0	0	0	0	0	0	0	0	0	0	0	0	0	0	0	0	0	0	0	0	0	0	0	0	0	0	0	0	0	0	0	0	0	0	0	0	0	0	0	0	0.93414025685187	0	0	0	0.858940945683571	0	0	0.863462246370422	0.692872713721986	0.570953063749583	0.734733870545442	0	0	0.938408650539024	0	0	0.635212841003957	0.720879758063164	0.871836961936309	0.645964343396646	0.530260152906264	0.722598444115031	0	0	0	0	0	0	0
0	0	0	0	0	0	0	0	0	0	0	0	0	0	0	0	0	0	0	0	0	0	0	0	0	0	0	0	0	0	0	0	0	0	0	0	0	0	0	0	0	0	0	0	0	0	0	0	0	0	0	0	0	0	0	0	0	0	0	0	0	0.928981960683284	0.823545902489691	0	0	0	0	0	0	0.676837510028266	0	0	0	0.558790424667328	0	0	0	0	0	0.579741866183997	0.871547550121717	0.526400709566725	0.964778234741747	0.501806308879079	0	0	0	0	0.980548850826836	0
0	0	0	0	0	0	0	0	0	0	0	0	0	0	0	0	0	0	0	0	0	0	0	0	0	0	0	0	0	0	0	0	0	0	0	0	0	0	0	0	0	0	0	0	0	0	0	0	0	0	0	0	0	0	0	0	0	0	0	0	0	0	0	0	0.828371985604197	0	0	0	0	0	0.54024169981219	0.809352176859901	0.618743204817856	0.501428099745857	0.890167567935585	0.914848770976688	0	0	0.716258959479213	0.71582535499553	0.571410987210137	0.59823356914747	0.749463565489551	0.82669299756666	0	0	0.872100823473206	0	0.549660724467101	0.946632452105165
0	0	0	0	0	0	0	0	0	0	0	0	0	0	0	0	0	0	0	0	0	0	0	0	0	0	0	0	0	0	0	0	0	0	0	0	0	0	0	0	0	0	0	0	0	0	0	0	0	0	0	0	0	0	0	0	0	0	0	0	0	0	0	0	0.873823081444715	0	0.936105560622259	0	0	0	0	0	0.754597599819001	0	0.523898599469252	0.832612802130757	0	0.857796740920549	0	0.532769646439412	0	0.585634749198939	0.581731866896323	0.891789300278881	0.546007572942447	0.936692999059137	0	0.879424482138579	0	0
0	0	0	0	0	0	0	0	0	0	0	0	0	0	0	0	0	0	0	0	0	0	0	0	0	0	0	0	0	0	0	0	0	0	0	0	0	0	0	0	0	0	0	0	0	0	0	0	0	0	0	0	0	0	0	0	0	0	0	0	0	0	0	0.552203111860261	0.575655186062638	0	0	0.722352524895388	0	0	0	0	0.675540197768173	0	0.90476233074934	0.999081236940921	0.924101900780246	0.73702536695012	0.678569167797676	0	0.875134755495383	0.882103446097006	0.730354585204856	0.937360950166879	0.634817805713441	0.9923614820483	0	0	0	0
0	0	0	0	0	0	0	0	0	0	0	0	0	0	0	0	0	0	0	0	0	0	0	0	0	0	0	0	0	0	0	0	0	0	0	0	0	0	0	0	0	0	0	0	0	0	0	0	0	0	0	0	0	0	0	0	0	0	0	0	0	0	0.772287081581212	0.995489445636958	0	0	0	0	0	0	0.848746118050629	0	0.689233240780152	0	0.607700414867211	0.905294075293574	0.734757030503058	0.502117355344391	0	0.709118264142563	0	0.942815978953069	0.516083604460975	0	0.841011890304321	0.752621591377032	0.673540932750276	0.61089374012298	0	0
0	0	0	0	0	0	0	0	0	0	0	0	0	0	0	0	0	0	0	0	0	0	0	0	0	0	0	0	0	0	0	0	0	0	0	0	0	0	0	0	0	0	0	0	0	0	0	0	0	0	0	0	0	0	0	0	0	0	0	0	0	0.645585191736015	0	0.914125151481534	0	0	0	0	0	0	0	0	0	0.759295382532674	0	0.535404466004003	0.905544595634608	0.606943604746602	0.708268130196665	0.930920168793104	0.68507109281809	0	0.923416307559732	0	0.571638872931165	0.504373547110986	0	0	0.950362320358855	0.684694851261242
0	0	0	0	0	0	0	0	0	0	0	0	0	0	0	0	0	0	0	0	0	0	0	0	0	0	0	0	0	0	0	0	0	0	0	0	0	0	0	0	0	0	0	0	0	0	0	0	0	0	0	0	0	0	0	0	0	0	0	0	0.572480866797692	0.924303253211661	0.530356469493771	0	0	0	0.855220855273093	0	0	0	0.623666397953013	0	0	0.894826912923317	0	0.514890597405643	0.900482761707163	0.976094057019406	0.643537293890367	0.967241293881942	0.535640812471351	0.511997295795517	0	0	0	0.886394633515791	0.795341413956469	0.867591192883208	0.646542989454884	0.866473911543703
0	0	0	0	0	0	0	0	0	0	0	0	0	0	0	0	0	0	0	0	0	0	0	0	0	0	0	0	0	0	0	0	0	0	0	0	0	0	0	0	0	0	0	0	0	0	0	0	0	0	0	0	0	0	0	0	0	0	0	0	0.773647010260255	0	0	0	0.996060682739383	0.883321316005251	0.76128338327157	0	0	0	0	0	0	0	0	0	0.721885779956215	0.982998415699041	0.519819077715082	0.7435768996761	0	0	0	0	0	0.59318510490076	0.697983294298602	0.586249063532241	0	0
0	0	0	0	0	0	0	0	0	0	0	0	0	0	0	0	0	0	0	0	0	0	0	0	0	0	0	0	0	0	0	0	0	0	0	0	0	0	0	0	0	0	0	0	0	0	0	0	0	0	0	0	0	0	0	0	0	0	0	0	0	0.945126485568683	0	0	0	0	0	0	0	0.898592446318137	0.870070622342437	0	0	0	0	0	0	0	0.588462233455084	0.75608025180175	0.938561156927123	0.639506772938246	0	0	0	0.608420839907773	0.544329979353984	0.75122062119269	0.947545351239552	0.876388070694134
0	0	0	0	0	0	0	0	0	0	0	0	0	0	0	0	0	0	0	0	0	0	0	0	0	0	0	0	0	0	0	0	0	0	0	0	0	0	0	0	0	0	0	0	0	0	0	0	0	0	0	0	0	0	0	0	0	0	0	0	0	0.955830118433981	0	0	0	0.780815684868232	0.798844774326816	0	0	0	0	0	0	0	0	0	0	0	0.736077269561602	0.918338913297511	0.827076949038265	0.870866955224124	0.772595869003352	0.749937812488899	0.730585469722617	0	0.991822451820044	0.674872474215192	0.569138266900315	0.559515625569562
0	0	0	0	0	0	0	0	0	0	0	0	0	0	0	0	0	0	0	0	0	0	0	0	0	0	0	0	0	0	0	0	0	0	0	0	0	0	0	0	0	0	0	0	0	0	0	0	0	0	0	0	0	0	0	0	0	0	0	0	0.829862641567882	0.528171197020547	0.92809025167972	0.859884573768738	0	0	0	0	0	0	0	0	0.908036230592419	0.81499846527676	0	0	0	0.674385703841673	0	0	0.859782522724391	0	0.859166079163615	0.957986773224812	0.753748935160917	0.700246332105021	0	0.953874283179689	0	0
0	0	0	0	0	0	0	0	0	0	0	0	0	0	0	0	0	0	0	0	0	0	0	0	0	0	0	0	0	0	0	0	0	0	0	0	0	0	0	0	0	0	0	0	0	0	0	0	0	0	0	0	0	0	0	0	0	0	0	0	0	0.713660876996492	0.704083737581328	0.647782433673549	0.965409067194442	0	0	0	0	0.582746974068151	0	0.953063779487368	0.638263399495258	0	0.852958430357504	0	0	0	0.592058571293247	0	0.860196212094376	0	0.504740455472323	0.569179339568913	0.762125729449394	0.921163900563382	0.921660238730751	0	0.635238629126132	0.794038147083298
0	0	0	0	0	0	0	0	0	0	0	0	0	0	0	0	0	0	0	0	0	0	0	0	0	0	0	0	0	0	0	0	0	0	0	0	0	0	0	0	0	0	0	0	0	0	0	0	0	0	0	0	0	0	0	0	0	0	0	0	0.77736756255667	0	0	0	0.628012110774193	0.708034221125097	0	0	0	0	0	0	0.844623166765607	0.823011711244203	0.61128196012645	0	0.826030648082575	0.638033665908704	0	0	0	0.545949643587122	0.692127914379402	0	0.736860327705476	0.980472452752084	0	0.782138775450594	0	0
0	0	0	0	0	0	0	0	0	0	0	0	0	0	0	0	0	0	0	0	0	0	0	0	0	0	0	0	0	0	0	0	0	0	0	0	0	0	0	0	0	0	0	0	0	0	0	0	0	0	0	0	0	0	0	0	0	0	0	0	0.731912890151565	0.639177753701604	0.614302137249656	0.630009669188382	0.78933048197884	0.53486046065386	0	0.636876396256342	0	0	0.913738392576717	0	0	0	0	0	0	0.947880577225084	0	0	0	0.838639524373501	0.85300332766305	0	0.589336267106711	0.719859878847507	0	0.542101836758426	0	0
