0	0.831334285108863	0.826134058540681	0.648888681442698	0.655215696687138	0.802789194956523	0	0	0	0	0	0	0	0.903577277939985	0	0	0	0	0	0	0	0	0	0	0	0.755596197769882	0.971314645337769	0	0.659140987410534	0.685292669603161	0	0	0	0	0	0	0	0	0	0	0	0	0	0	0	0	0	0	0	0	0	0	0	0	0	0	0	0	0	0	0	0	0	0	0	0	0	0	0	0	0	0	0	0	0	0	0	0	0	0	0	0	0	0	0	0	0	0	0	0
0.57112985279162	0	0.935233479785731	0.599910149192014	0.722297345167091	0.934323040628394	0.771641655770327	0	0	0	0	0	0	0.815423065629422	0	0	0	0	0	0	0	0	0	0	0	0	0.908823794353674	0.921431659775872	0.720173810360629	0.656299681476148	0	0	0	0	0	0	0	0	0	0	0	0	0	0	0	0	0	0	0	0	0	0	0	0	0	0	0	0	0	0	0	0	0	0	0	0	0	0	0	0	0	0	0	0	0	0	0	0	0	0	0	0	0	0	0	0	0	0	0	0
0.75342364438779	0.682594936031168	0	0.614498702174978	0	0.763853301442178	0	0.973136897028173	0	0.558997839965653	0	0	0	0	0	0	0	0	0	0	0	0	0.823435337179541	0	0	0	0	0.961687180349849	0.686789888670561	0.720881195049153	0	0	0	0	0	0	0	0	0	0	0	0	0	0	0	0	0	0	0	0	0	0	0	0	0	0	0	0	0	0	0	0	0	0	0	0	0	0	0	0	0	0	0	0	0	0	0	0	0	0	0	0	0	0	0	0	0	0	0	0
0.558052169391852	0.992027148825129	0.836828208797244	0	0.940777787211524	0.810752588424314	0.546353333875217	0.913019052380676	0.515931608044043	0	0	0	0	0	0	0	0	0	0	0	0	0	0	0	0	0	0	0.588081131793208	0.86472024902937	0.801946542266353	0	0	0	0	0	0	0	0	0	0	0	0	0	0	0	0	0	0	0	0	0	0	0	0	0	0	0	0	0	0	0	0	0	0	0	0	0	0	0	0	0	0	0	0	0	0	0	0	0	0	0	0	0	0	0	0	0	0	0	0
0.709266502519165	0.888093069314878	0	0.685012329089043	0	0.673583980465264	0.914297586542678	0.701511280452792	0.712470400803168	0.59165313266115	0	0	0	0	0	0	0	0	0	0	0	0	0	0	0	0	0	0	0	0.849433928183225	0	0	0	0	0	0	0	0	0	0	0	0	0	0	0	0	0	0	0	0	0	0	0	0	0	0	0	0	0	0	0	0	0	0	0	0	0	0	0	0	0	0	0	0	0	0	0	0	0	0	0	0	0	0	0	0	0	0	0	0
0.775440954477054	0.960891780121329	0.600836411450392	0.622162856415813	0.830602808145678	0	0.869839899784048	0.958809516617787	0.888656782574411	0.910456029528809	0.737641194905221	0	0	0	0	0	0	0	0.915278716358514	0	0	0	0	0	0	0	0	0	0	0	0	0	0	0	0	0	0	0	0	0	0	0	0	0	0	0	0	0	0	0	0	0	0	0	0	0	0	0	0	0	0	0	0	0	0	0	0	0	0	0	0	0	0	0	0	0	0	0	0	0	0	0	0	0	0	0	0	0	0	0
0	0.705376534081948	0	0.839172411949621	0.997989334021349	0.711981094449759	0	0	0.786456476399761	0.88674253139033	0	0.776073953253793	0	0	0	0	0	0	0.865420620556293	0.614846009913211	0	0	0	0	0	0	0	0	0	0	0	0	0	0	0	0	0	0	0	0	0	0	0	0	0	0	0	0	0	0	0	0	0	0	0	0	0	0	0	0	0	0	0	0	0	0	0	0	0	0	0	0	0	0	0	0	0	0	0	0	0	0	0	0	0	0	0	0	0	0
0	0	0.805008555672472	0.722439917460492	0.720893018234027	0.549800953864303	0	0	0.690325524842526	0.610286564362552	0.960915109734334	0.656142629921926	0.953388514707854	0	0	0	0	0	0	0	0	0	0	0	0	0	0	0	0	0	0	0	0	0	0	0	0	0	0	0	0	0	0	0	0	0	0	0	0	0	0	0	0	0	0	0	0	0	0	0	0	0	0	0	0	0	0	0	0	0	0	0	0	0	0	0	0	0	0	0	0	0	0	0	0	0	0	0	0	0
0	0	0	0.973743025623349	0.9813719203797	0.553716696624464	0.796331145102878	0.830780278357534	0	0.557444363559635	0.524060623905879	0.883358184103806	0.831791909510909	0.747399997510269	0	0	0	0	0	0	0	0	0	0	0	0	0	0	0	0	0	0	0	0	0	0	0	0	0	0	0	0	0	0	0	0	0	0	0	0	0	0	0	0	0	0	0	0	0	0	0	0	0	0	0	0	0	0	0	0	0	0	0	0	0	0	0	0	0	0	0	0	0	0	0	0	0	0	0	0
0	0	0.57969787290435	0	0.896146644545177	0.591816032052153	0.866734906396701	0.884288120453813	0.622669861853558	0	0.617386837491477	0.861388613197205	0.606134606410024	0.695763980918175	0.990628487954809	0	0	0	0	0	0	0	0	0	0	0	0	0	0	0	0	0	0	0	0	0	0	0	0	0	0	0	0	0	0	0	0	0	0	0	0	0	0	0	0	0	0	0	0	0	0	0	0	0	0	0	0	0	0	0	0	0	0	0	0	0	0	0	0	0	0	0	0	0	0	0	0	0	0	0
0	0	0	0	0	0.808293448394985	0	0.50824299246806	0.970268692136116	0.923603421818228	0	0.815093638347686	0.826192587622562	0.861129408319471	0.563243688333888	0.685767045122686	0	0	0	0	0	0	0	0	0	0	0	0	0	0	0	0	0	0	0	0	0	0	0	0	0	0	0	0	0	0	0	0	0	0	0	0	0	0	0	0	0	0	0	0	0	0	0	0	0	0	0	0	0	0	0	0	0	0	0	0	0	0	0	0	0	0	0	0	0	0	0	0	0	0
0	0	0	0	0	0	0.663834909205602	0.909211548555334	0.958370719206697	0.546560701953008	0.968372307909843	0	0.711788941784675	0.929051072454489	0.619978297225677	0.82971749253718	0.53929227307556	0	0	0	0	0	0	0	0	0	0	0	0	0	0	0	0	0	0	0	0	0	0	0	0	0	0	0	0	0	0	0	0	0	0	0	0	0	0	0	0	0	0	0	0	0	0	0	0	0	0	0	0	0	0	0	0	0	0	0	0	0	0	0	0	0	0	0	0	0	0	0	0	0
0	0	0	0	0	0	0	0.832068314909195	0.569043012713141	0.983245564979244	0.713065881133721	0.86407974779128	0	0.554661215993935	0.884419828223608	0.605624201520795	0.594722386151882	0.770904687036598	0	0	0	0	0	0	0	0	0	0	0	0	0	0	0	0	0	0	0	0	0	0	0	0	0	0	0	0	0	0	0	0	0	0	0	0	0	0	0	0	0	0	0	0	0	0	0	0	0	0	0	0	0	0	0	0	0	0	0	0	0	0	0	0	0	0	0	0	0	0	0	0
0.674844127753597	0.802623513569484	0	0	0	0	0	0	0.905803951458346	0.873630586611635	0.777738054623136	0.64086143253451	0.600671822032989	0	0.990942179272033	0.711494537143068	0.809140123391815	0	0.820890727763706	0	0	0	0	0	0	0	0	0	0	0	0	0	0	0	0	0	0	0	0	0	0	0	0	0	0	0	0	0	0	0	0	0	0	0	0	0	0	0	0	0	0	0	0	0	0	0	0	0	0	0	0	0	0	0	0	0	0	0	0	0	0	0	0	0	0	0	0	0	0	0
0	0	0	0	0	0	0	0	0	0.534091131257105	0.569703806242657	0.903780928474641	0.622345322163669	0.70285248275033	0	0.594675132776625	0.885148288517113	0.733495084852817	0.912452612704486	0.54645832493973	0	0	0	0	0	0	0	0	0	0	0	0	0	0	0	0	0	0	0	0	0	0	0	0	0	0	0	0	0	0	0	0	0	0	0	0	0	0	0	0	0	0	0	0	0	0	0	0	0	0	0	0	0	0	0	0	0	0	0	0	0	0	0	0	0	0	0	0	0	0
0	0	0	0	0	0	0	0	0	0	0.70643998685025	0.635046395791943	0.866250909508061	0.932772797896339	0.803196593493989	0	0	0.56855028895866	0.888983497151551	0.742261363176329	0.505428958209451	0	0	0	0	0	0	0	0	0	0	0	0	0	0	0	0	0	0	0	0	0	0	0	0	0	0	0	0	0	0	0	0	0	0	0	0	0	0	0	0	0	0	0	0	0	0	0	0	0	0	0	0	0	0	0	0	0	0	0	0	0	0	0	0	0	0	0	0	0
0	0	0	0	0	0	0	0	0	0	0	0.573756412886365	0.841624506552481	0.706819455612872	0.972245708137472	0	0	0.53796964213405	0.710366236703639	0.761502983217609	0	0.647330546389804	0	0	0	0	0	0	0.990193420259699	0	0	0	0	0	0	0	0	0	0	0	0	0	0	0	0	0	0	0	0	0	0	0	0	0	0	0	0	0	0	0	0	0	0	0	0	0	0	0	0	0	0	0	0	0	0	0	0	0	0	0	0	0	0	0	0	0	0	0	0	0
0	0	0	0	0	0	0	0	0	0	0	0	0.668569512664921	0	0.611552983566015	0.607450965599771	0.834649832484754	0	0.535425307460161	0.68832923073364	0.757885998734886	0.529168044673436	0.795910512778762	0	0	0.772883678526746	0	0	0	0	0	0	0	0	0	0	0	0	0	0	0	0	0	0	0	0	0	0	0	0	0	0	0	0	0	0	0	0	0	0	0	0	0	0	0	0	0	0	0	0	0	0	0	0	0	0	0	0	0	0	0	0	0	0	0	0	0	0	0	0
0	0	0	0	0	0.891333372070318	0.536352380658029	0	0	0	0	0	0	0.654685304252201	0.539739911781333	0.610496059459819	0.630885443588759	0.746280397133863	0	0.508065098650798	0	0.957104085132611	0.614209961205015	0.58004197714534	0	0	0	0	0	0	0	0	0	0	0	0	0	0	0	0	0	0	0	0	0	0	0	0	0	0	0	0	0	0	0	0	0	0	0	0	0	0	0	0	0	0	0	0	0	0	0	0	0	0	0	0	0	0	0	0	0	0	0	0	0	0	0	0	0	0
0	0	0	0	0	0	0.672129815134775	0	0	0	0	0	0	0	0.707932210648979	0.88909888982933	0.861230087754206	0.675095195247092	0.557188108161095	0	0.711059274359097	0.868015006994887	0.90478544050606	0.756065378629407	0.876646328747871	0	0	0	0	0	0	0	0	0	0	0	0	0	0	0	0	0	0	0	0	0	0	0	0	0	0	0	0	0	0	0	0	0	0	0	0	0	0	0	0	0	0	0	0	0	0	0	0	0	0	0	0	0	0	0	0	0	0	0	0	0	0	0	0	0
0	0	0	0	0	0	0	0	0	0	0	0	0	0	0	0.603615538269398	0	0.782920171683367	0	0.525504642131318	0	0.79965672538499	0.554045572265586	0.990153548851631	0.512518871550192	0.662269648493562	0	0	0	0	0	0	0	0	0	0	0	0	0	0	0	0	0	0	0	0	0	0	0	0	0	0	0	0	0	0	0	0	0	0	0	0	0	0	0	0	0	0	0	0	0	0	0	0	0	0	0	0	0	0	0	0	0	0	0	0	0	0	0	0
0	0	0	0	0	0	0	0	0	0	0	0	0	0	0	0	0.807802336482029	0.940887510256499	0.502845310717211	0.639298265068505	0.99432266676824	0	0.854652958188924	0.638473158922935	0.81911696962003	0.744236468891908	0.83246914070513	0	0	0	0	0	0	0	0	0	0	0	0	0	0	0	0	0	0	0	0	0	0	0	0	0	0	0	0	0	0	0	0	0	0	0	0	0	0	0	0	0	0	0	0	0	0	0	0	0	0	0	0	0	0	0	0	0	0	0	0	0	0	0
0	0	0.616275001630436	0	0	0	0	0	0	0	0	0	0	0	0	0	0	0.65020219974741	0.573121317031996	0.847191877495589	0.983783225736435	0.550763958174673	0	0.614291292458126	0.529790253483746	0.701884142121531	0.9879952456273	0.78752446724763	0	0	0	0	0	0	0	0	0	0	0	0	0	0	0	0	0	0	0	0	0	0	0	0	0	0	0	0	0	0	0	0	0	0	0	0	0	0	0	0	0	0	0	0	0	0	0	0	0	0	0	0	0	0	0	0	0	0	0	0	0	0
0	0	0	0	0	0	0	0	0	0	0	0	0	0	0	0	0	0	0.624267502970557	0.738845630208483	0.703860997638978	0.657062525249431	0.511106495524405	0	0.939724724907566	0.861358879903893	0.845108650067103	0.875332259770761	0.797762855845105	0	0	0	0	0	0	0	0	0	0	0	0	0	0	0	0	0	0	0	0	0	0	0	0	0	0	0	0	0	0	0	0	0	0	0	0	0	0	0	0	0	0	0	0	0	0	0	0	0	0	0	0	0	0	0	0	0	0	0	0	0
0	0	0	0	0	0	0	0	0	0	0	0	0	0	0	0	0	0	0	0.530290903551907	0.745150898397972	0.522032805911776	0.683673675520713	0.654189698923742	0	0.615392830311505	0.541031555307729	0.553104399088736	0.933706437949082	0.757869378215701	0	0	0	0	0	0	0	0	0	0	0	0	0	0	0	0	0	0	0	0	0	0	0	0	0	0	0	0	0	0	0	0	0	0	0	0	0	0	0	0	0	0	0	0	0	0	0	0	0	0	0	0	0	0	0	0	0	0	0	0
0.779711927168378	0	0	0	0	0	0	0	0	0	0	0	0	0	0	0	0	0.795533638967134	0	0	0.539686100037176	0.983625814575826	0.842984000083132	0.500549216062138	0.573948213584578	0	0.81714615430023	0	0.625665620414021	0.895767055062363	0	0	0	0	0	0	0	0	0	0	0	0	0	0	0	0	0	0	0	0	0	0	0	0	0	0	0	0	0	0	0	0	0	0	0	0	0	0	0	0	0	0	0	0	0	0	0	0	0	0	0	0	0	0	0	0	0	0	0	0
0.735745813342043	0.934743590429883	0	0	0	0	0	0	0	0	0	0	0	0	0	0	0	0	0	0	0	0.977159745810987	0.980676804783878	0.917075542883137	0.519005624191078	0.869799407119324	0	0.633997984641138	0.814190776825024	0.895675759934352	0	0	0	0	0	0	0	0	0	0	0	0	0	0	0	0	0	0	0	0	0	0	0	0	0	0	0	0	0	0	0	0	0	0	0	0	0	0	0	0	0	0	0	0	0	0	0	0	0	0	0	0	0	0	0	0	0	0	0	0
0	0.745460583941868	0.659492487302712	0.836901961701995	0	0	0	0	0	0	0	0	0	0	0	0	0	0	0	0	0	0	0.6984992894391	0.655648095110966	0.762068204732944	0	0.567032758515314	0	0.677426241946193	0.801298184934911	0	0	0	0	0	0	0	0	0	0	0	0	0	0	0	0	0	0	0	0	0	0	0	0	0	0	0	0	0	0	0	0	0	0	0	0	0	0	0	0	0	0	0	0	0	0	0	0	0	0	0	0	0	0	0	0	0	0	0	0
0.758578405298934	0.585918489295479	0.57515564337045	0.918844971456217	0	0	0	0	0	0	0	0	0	0	0	0	0.856047014449705	0	0	0	0	0	0	0.900774862617271	0.602798704973422	0.575392772607731	0.577385809844294	0.819673639387495	0	0.747016927128671	0	0	0	0	0	0	0	0	0	0	0	0	0	0	0	0	0	0	0	0	0	0	0	0	0	0	0	0	0	0	0	0	0	0	0	0	0	0	0	0	0	0	0	0	0	0	0	0	0	0	0	0	0	0	0	0	0	0	0	0
0.691014706893682	0.882158450530778	0.548889230114845	0.976317055875216	0.611582936238529	0	0	0	0	0	0	0	0	0	0	0	0	0	0	0	0	0	0	0	0.766315396657596	0.826401772908187	0.649383663097943	0.941698441091184	0.980423795409921	0	0	0	0	0	0	0	0	0	0	0	0	0	0	0	0	0	0	0	0	0	0	0	0	0	0	0	0	0	0	0	0	0	0	0	0	0	0	0	0	0	0	0	0	0	0	0	0	0	0	0	0	0	0	0	0	0	0	0	0	0
0	0	0	0	0	0	0	0	0	0	0	0	0	0	0	0	0	0	0	0	0	0	0	0	0	0	0	0	0	0	0	0.704341141814806	0	0	0.618698246387441	0	0.669151417955792	0	0	0	0	0	0	0.996966908735769	0	0	0	0	0	0	0	0	0	0	0	0.891423193444257	0	0.875655768872895	0.952862481579233	0.726485211084255	0	0	0	0	0	0	0	0	0	0	0	0	0	0	0	0	0	0	0	0	0	0	0	0	0	0	0	0	0	0
0	0	0	0	0	0	0	0	0	0	0	0	0	0	0	0	0	0	0	0	0	0	0	0	0	0	0	0	0	0	0.602567953458997	0	0.871546295293548	0.957046616279086	0.741354270102948	0	0	0	0	0	0.752400101889825	0	0.760618758800539	0	0	0	0	0	0	0	0	0	0.851207759591245	0	0.657892108421276	0	0	0	0.995515886609023	0.907683937950336	0	0	0	0	0	0	0	0	0	0	0	0	0	0	0	0	0	0	0	0	0	0	0	0	0	0	0	0	0	0
0	0	0	0	0	0	0	0	0	0	0	0	0	0	0	0	0	0	0	0	0	0	0	0	0	0	0	0	0	0	0	0.952466657046939	0	0	0	0	0.633935506105041	0	0.556418663759159	0	0	0	0	0	0	0	0	0	0	0	0	0	0	0	0	0	0.686058768623067	0.553437659532295	0	0.893379494072795	0	0	0	0	0	0	0	0	0	0	0	0	0	0	0	0	0	0	0	0	0	0	0	0	0	0	0	0	0	0
0	0	0	0	0	0	0	0	0	0	0	0	0	0	0	0	0	0	0	0	0	0	0	0	0	0	0	0	0	0	0	0.587832775018588	0	0	0.639249371323928	0	0.691685385803169	0.750511696993051	0	0	0.883227964608118	0	0	0	0	0	0	0	0	0.617859674282664	0.917896611062489	0	0	0	0	0	0	0	0	0.661391414206929	0	0	0	0	0	0	0	0	0	0	0	0	0	0	0	0	0	0	0	0	0	0	0	0	0	0	0	0	0	0
0	0	0	0	0	0	0	0	0	0	0	0	0	0	0	0	0	0	0	0	0	0	0	0	0	0	0	0	0	0	0.733512403382886	0.830599260790708	0	0.598577621924653	0	0	0	0.788756517293165	0	0	0	0.60719986294773	0	0	0	0	0	0	0.602093736707176	0	0	0	0	0	0	0.747680991311351	0	0	0.597255838375897	0	0	0	0	0	0	0	0	0	0	0	0	0	0	0	0	0	0	0	0	0	0	0	0	0	0	0	0	0	0	0
0	0	0	0	0	0	0	0	0	0	0	0	0	0	0	0	0	0	0	0	0	0	0	0	0	0	0	0	0	0	0	0	0	0	0	0	0.932055992125179	0.911745844757785	0.923796648678992	0.561277479791505	0	0	0	0	0	0	0	0	0	0	0	0	0	0	0	0	0	0.552317147015037	0	0	0	0	0	0	0	0	0	0	0	0	0	0	0	0	0	0	0	0	0	0	0	0	0	0	0	0	0	0	0	0
0	0	0	0	0	0	0	0	0	0	0	0	0	0	0	0	0	0	0	0	0	0	0	0	0	0	0	0	0	0	0.943811083669953	0	0.875003203035528	0.739449419446945	0	0.793574948637429	0	0	0.507250916452586	0.892556923277346	0.751129259358385	0	0	0	0	0	0	0	0	0	0	0	0	0	0.871648292973465	0	0	0	0	0	0	0	0	0	0	0	0	0	0	0	0	0	0	0	0	0	0	0	0	0	0	0	0	0	0	0	0	0	0	0
0	0	0	0	0	0	0	0	0	0	0	0	0	0	0	0	0	0	0	0	0	0	0	0	0	0	0	0	0	0	0	0	0	0.705426281606064	0.818819322318103	0.656498231422021	0	0	0.79668740106928	0.662336181777561	0	0.504224364065665	0	0	0	0	0	0	0	0	0.734782050762086	0.9881954639721	0	0	0	0	0	0	0	0	0	0	0	0	0	0	0	0	0	0	0	0	0	0	0	0	0	0	0	0	0	0	0	0	0	0	0	0	0	0
0	0	0	0	0	0	0	0	0	0	0	0	0	0	0	0	0	0	0	0	0	0	0	0	0	0	0	0	0	0	0	0	0.783110133813119	0	0	0.951720272080913	0.921037621363077	0.732319737385501	0	0.926612017414246	0.926373700957974	0.918318641973033	0.880660071921921	0	0	0	0	0	0	0	0	0	0	0	0	0	0	0	0	0	0	0	0	0	0	0	0	0	0	0	0	0	0	0	0	0	0	0	0	0	0	0	0	0	0	0	0	0	0	0
0	0	0	0	0	0	0	0	0	0	0	0	0	0	0	0	0	0	0	0	0	0	0	0	0	0	0	0	0	0	0	0	0	0	0	0.938766599501413	0.55943286555539	0.712467479828245	0.525502339077631	0	0.686486522219906	0.754512913794683	0.603328340899186	0	0.926049286066933	0	0	0	0	0	0	0	0	0	0	0	0	0	0	0	0	0	0	0	0	0	0	0	0	0	0	0	0	0	0	0	0	0	0	0	0	0	0	0	0	0	0	0	0	0
0	0	0	0	0	0	0	0	0	0	0	0	0	0	0	0	0	0	0	0	0	0	0	0	0	0	0	0	0	0	0	0.720987863019531	0	0.968131172035505	0	0	0.598707205084263	0	0.529822558398154	0.85240672738431	0	0.787578652016055	0	0	0.936122872497373	0	0.812014288574517	0	0	0	0	0.679265845712347	0	0	0	0	0	0	0	0	0	0	0	0	0	0	0	0	0	0	0	0	0	0	0	0	0	0	0	0	0	0	0	0	0	0	0	0	0	0
0	0	0	0	0	0	0	0	0	0	0	0	0	0	0	0	0	0	0	0	0	0	0	0	0	0	0	0	0	0	0	0	0	0	0.593445857424332	0	0	0.86660267685729	0.936930093320529	0.509649897793201	0.605751040390182	0	0.892642775354835	0.529205762580569	0	0.640163333038067	0	0	0	0	0	0	0	0	0	0	0	0.698207855155015	0	0	0	0	0	0	0	0	0	0	0	0	0	0	0	0	0	0	0	0	0	0	0	0	0	0	0	0	0	0	0	0
0	0	0	0	0	0	0	0	0	0	0	0	0	0	0	0	0	0	0	0	0	0	0	0	0	0	0	0	0	0	0	0.630763240933051	0	0	0	0	0	0	0.983205000684851	0.541109159758436	0	0.883907031035946	0	0.948309946158916	0	0.806626562943958	0.534532751948991	0	0	0	0	0	0	0	0	0	0	0.526716667074908	0	0	0	0	0	0	0	0	0	0	0	0	0	0	0	0	0	0	0	0	0	0	0	0	0	0	0	0	0	0	0	0
0	0	0	0	0	0	0	0	0	0	0	0	0	0	0	0	0	0	0	0	0	0	0	0	0	0	0	0	0	0	0.53868089948535	0	0	0	0	0	0	0	0	0	0	0.790492212836426	0.780188001104923	0	0.565811264300375	0.583089054181259	0.939298310207825	0	0	0	0	0	0	0	0	0	0	0	0	0	0	0	0	0	0	0	0	0	0	0	0	0	0	0	0	0	0	0	0	0	0	0	0	0	0	0	0	0	0	0
0	0	0	0	0	0	0	0	0	0	0	0	0	0	0	0	0	0	0	0	0	0	0	0	0	0	0	0	0	0	0	0	0	0	0	0	0	0	0	0.753414771945278	0.744493901177384	0	0	0.945619989400131	0	0.571460085530227	0.566246710871475	0	0.630483248395194	0.821626789134698	0	0.656515585406827	0	0	0	0	0.701262042960748	0	0	0	0	0	0	0	0	0	0	0	0	0	0	0	0	0	0	0	0	0	0	0	0	0	0	0	0	0	0	0	0	0
0	0	0	0	0	0	0	0	0	0	0	0	0	0	0	0	0	0	0	0	0	0	0	0	0	0	0	0	0	0	0	0	0	0	0	0	0	0	0	0	0	0.74086946537766	0.58087895390713	0.994571354548843	0.989864084504698	0	0.77525592028884	0.788601364483665	0.943419836310359	0.624332818673611	0	0	0	0	0	0	0	0	0	0	0	0	0	0	0	0	0	0	0	0	0	0	0	0	0	0	0	0	0	0	0	0	0	0	0	0	0	0	0	0
0	0	0	0	0	0	0	0	0	0	0	0	0	0	0	0	0	0	0	0	0	0	0	0	0	0	0	0	0	0	0	0	0	0	0	0	0	0	0	0	0.668858008582592	0	0.564771699592887	0.849005796229658	0.818688238340145	0.797891193100708	0	0.598034852690958	0.99050503076839	0	0.940620846477432	0	0	0.834787778340286	0	0	0.931694774970674	0	0	0	0	0	0	0	0	0	0	0	0	0	0	0	0	0	0	0	0	0	0	0	0	0	0	0	0	0	0	0	0	0
0	0	0	0	0	0	0	0	0	0	0	0	0	0	0	0	0	0	0	0	0	0	0	0	0	0	0	0	0	0	0	0	0	0	0	0	0	0	0	0	0	0	0	0	0	0.948392119049996	0.557176145933785	0	0.682666525930791	0.523511368588399	0.764564803433266	0	0	0.921190282660574	0	0	0	0	0	0	0	0	0	0	0	0	0	0	0	0	0	0	0	0	0	0	0	0	0	0	0	0	0	0	0	0	0	0	0	0
0	0	0	0	0	0	0	0	0	0	0	0	0	0	0	0	0	0	0	0	0	0	0	0	0	0	0	0	0	0	0	0	0	0	0.973526967095071	0	0	0	0	0	0	0	0	0	0.998218275248223	0.788999417568277	0.6871063088401	0.842147396458937	0	0.78330038395061	0	0.619447445061773	0.732021602749482	0	0	0	0	0	0	0	0	0	0	0	0	0	0	0	0	0	0	0	0	0	0	0	0	0	0	0	0	0	0	0	0	0	0	0	0	0
0	0	0	0	0	0	0	0	0	0	0	0	0	0	0	0	0	0	0	0	0	0	0	0	0	0	0	0	0	0	0	0	0	0.80963165171854	0	0	0	0	0	0	0	0	0	0	0.795636694256849	0.915775425366714	0	0.500169852724319	0.770848618158321	0	0	0.523959834265843	0.863962962342321	0.598057005185509	0	0	0	0.853936569369375	0.840117532833926	0	0	0	0	0	0	0	0	0	0	0	0	0	0	0	0	0	0	0	0	0	0	0	0	0	0	0	0	0	0	0
0	0	0	0	0	0	0	0	0	0	0	0	0	0	0	0	0	0	0	0	0	0	0	0	0	0	0	0	0	0	0	0	0	0.806875791456798	0	0	0	0.504656516621677	0	0	0	0	0	0	0	0	0.748908876033242	0.95344967950163	0	0	0	0.529583153207615	0.501235836596115	0	0	0	0	0	0.549987181574453	0	0	0	0	0	0	0	0	0	0	0	0	0	0	0	0	0	0	0	0	0	0	0	0	0	0	0	0	0	0	0
0	0	0	0	0	0	0	0	0	0	0	0	0	0	0	0	0	0	0	0	0	0	0	0	0	0	0	0	0	0	0	0	0	0	0	0	0	0.654000553077931	0	0	0.719557224107112	0	0	0	0.90791961819098	0	0	0	0.649615417921822	0.79599473817486	0.85505272409424	0	0.947229346716486	0	0	0.603118737021737	0	0	0	0	0	0	0	0	0	0	0	0	0	0	0	0	0	0	0	0	0	0	0	0	0	0	0	0	0	0	0	0	0	0
0	0	0	0	0	0	0	0	0	0	0	0	0	0	0	0	0	0	0	0	0	0	0	0	0	0	0	0	0	0	0	0.875685751146009	0	0	0	0	0	0	0	0	0	0	0	0	0	0	0	0	0.640460813399976	0.559714267131925	0.958309066328201	0.887945910918677	0	0.702006965167115	0.518328268235232	0.825885930261369	0	0	0	0	0	0	0	0	0	0	0	0	0	0	0	0	0	0	0	0	0	0	0	0	0	0	0	0	0	0	0	0	0	0
0	0	0	0	0	0	0	0	0	0	0	0	0	0	0	0	0	0	0	0	0	0	0	0	0	0	0	0	0	0	0	0	0	0	0	0	0	0	0	0	0	0	0	0	0	0	0.756539888860135	0.805668346054578	0	0.689882785306552	0	0	0.707801882906778	0	0	0.972671220356389	0	0.62212780032792	0	0.770106295514955	0	0	0	0	0	0	0	0	0	0	0	0	0	0	0	0	0	0	0	0	0	0	0	0	0	0	0	0	0	0
0	0	0	0	0	0	0	0	0	0	0	0	0	0	0	0	0	0	0	0	0	0	0	0	0	0	0	0	0	0	0	0.704700737002809	0	0	0	0	0.935027241022181	0	0	0	0	0	0	0	0	0	0	0	0	0	0	0	0.775882472667897	0	0	0	0.600058276804475	0.500026210893774	0.823813296762484	0	0	0	0	0	0	0	0	0	0	0	0	0	0	0	0	0	0	0	0	0	0	0	0	0	0	0	0	0	0	0
0	0	0	0	0	0	0	0	0	0	0	0	0	0	0	0	0	0	0	0	0	0	0	0	0	0	0	0	0	0	0.873040198039964	0	0	0	0.573704395854281	0	0	0	0	0	0	0	0	0	0	0	0	0	0	0	0	0.540018609599033	0.889687145053246	0.648332682401643	0	0	0.67114255468769	0.6712828306449	0.849581265034583	0.920701698240572	0	0	0	0	0	0	0	0	0	0	0	0	0	0	0	0	0	0	0	0	0	0	0	0	0	0	0	0	0	0
0	0	0	0	0	0	0	0	0	0	0	0	0	0	0	0	0	0	0	0	0	0	0	0	0	0	0	0	0	0	0	0	0.68192826101901	0	0	0	0	0	0	0	0	0	0	0	0.812429541264801	0	0.879113161092389	0	0	0	0	0	0	0	0.668604408220066	0.751124173503319	0	0.712963425946397	0.732912656601278	0	0	0	0	0	0	0	0	0	0	0	0	0	0	0	0	0	0	0	0	0	0	0	0	0	0	0	0	0	0	0
0	0	0	0	0	0	0	0	0	0	0	0	0	0	0	0	0	0	0	0	0	0	0	0	0	0	0	0	0	0	0.705331400352302	0	0.514844107228291	0	0	0.519364788068547	0	0	0	0	0	0.806853801684683	0.696483086786225	0	0	0	0	0	0	0.682686268937107	0	0	0	0.822449242354902	0.713284581975725	0.562803723600716	0.810987419474837	0	0.59851008088687	0	0	0	0	0	0	0	0	0	0	0	0	0	0	0	0	0	0	0	0	0	0	0	0	0	0	0	0	0	0	0
0	0	0	0	0	0	0	0	0	0	0	0	0	0	0	0	0	0	0	0	0	0	0	0	0	0	0	0	0	0	0.665159566073204	0.948544037162356	0	0	0.9097256846099	0	0	0	0	0	0	0	0	0	0	0	0	0	0	0.568725685546768	0.522337354118934	0	0	0	0.859223354248543	0.55410337238871	0.902871325926985	0.771286084533256	0	0.812782387918904	0	0	0	0	0	0	0	0	0	0	0	0	0	0	0	0	0	0	0	0	0	0	0	0	0	0	0	0	0	0
0	0	0	0	0	0	0	0	0	0	0	0	0	0	0	0	0	0	0	0	0	0	0	0	0	0	0	0	0	0	0.620905710550218	0.667375848435426	0.851774546016625	0.581752458252274	0	0	0	0	0	0	0	0	0	0	0	0	0	0	0	0	0	0	0	0.84277690191379	0	0.533654719273622	0	0	0.584311142708663	0	0	0	0	0	0	0	0	0	0	0	0	0	0	0	0	0	0	0	0	0	0	0	0	0	0	0	0	0	0	0
0	0	0	0	0	0	0	0	0	0	0	0	0	0	0	0	0	0	0	0	0	0	0	0	0	0	0	0	0	0	0	0	0	0	0	0	0	0	0	0	0	0	0	0	0	0	0	0	0	0	0	0	0	0	0	0	0	0	0	0	0	0	0.864108153964081	0	0.844055147444332	0.866287054531163	0.678358773822464	0.606898797380144	0.968905081780493	0.919462772302592	0.937062756334872	0	0	0	0	0	0	0.962035559281739	0.877630710560594	0	0	0	0.542222395320535	0	0.913108110788571	0.691968307960731	0	0.958814176027834	0.725370588693092	0
0	0	0	0	0	0	0	0	0	0	0	0	0	0	0	0	0	0	0	0	0	0	0	0	0	0	0	0	0	0	0	0	0	0	0	0	0	0	0	0	0	0	0	0	0	0	0	0	0	0	0	0	0	0	0	0	0	0	0	0	0	0	0.703159072844233	0	0	0.973558382957809	0	0	0	0	0	0	0.933181058774638	0.885798630008037	0	0.893170437684618	0.979351090060468	0	0.809567037022548	0	0.510431009539963	0.799896423731592	0	0.819851698645722	0.560383649570396	0.612955807967878	0	0.921774219057303	0	0.667617625602157
0	0	0	0	0	0	0	0	0	0	0	0	0	0	0	0	0	0	0	0	0	0	0	0	0	0	0	0	0	0	0	0	0	0	0	0	0	0	0	0	0	0	0	0	0	0	0	0	0	0	0	0	0	0	0	0	0	0	0	0	0.646074063443482	0.985661704852035	0	0.558325460741923	0	0.817540608443144	0	0.934039559709537	0.773704185511718	0.746126484796187	0	0	0	0	0.823678497119973	0	0.608599774200044	0	0.771390413587166	0.953836561386789	0	0	0	0	0	0.678775464724571	0	0	0.748291172375946	0.944715305828361
0	0	0	0	0	0	0	0	0	0	0	0	0	0	0	0	0	0	0	0	0	0	0	0	0	0	0	0	0	0	0	0	0	0	0	0	0	0	0	0	0	0	0	0	0	0	0	0	0	0	0	0	0	0	0	0	0	0	0	0	0	0	0.869920034685416	0	0	0.954595142632767	0.726024256031232	0	0.563701173072171	0.691700463035732	0	0.519719135951678	0	0	0	0	0.969241681904472	0	0	0.730293422373192	0.96543820205908	0	0.850171837776962	0.764162689552791	0	0	0	0	0.927394442427859	0
0	0	0	0	0	0	0	0	0	0	0	0	0	0	0	0	0	0	0	0	0	0	0	0	0	0	0	0	0	0	0	0	0	0	0	0	0	0	0	0	0	0	0	0	0	0	0	0	0	0	0	0	0	0	0	0	0	0	0	0	0.720243843871746	0	0	0	0	0.602647717796595	0.741591323219633	0.893005156091351	0	0.539348403995496	0.699257542574539	0	0	0.602723645845419	0	0	0	0.912198883325711	0.745106242463866	0.96055160724445	0.512783861976627	0	0.995813076260924	0.999602936022278	0	0.759427638960506	0	0	0	0
0	0	0	0	0	0	0	0	0	0	0	0	0	0	0	0	0	0	0	0	0	0	0	0	0	0	0	0	0	0	0	0	0	0	0	0	0	0	0	0	0	0	0	0	0	0	0	0	0	0	0	0	0	0	0	0	0	0	0	0	0.580837230644179	0.604520629581456	0.814712388823133	0.846014425772826	0.807065648527128	0	0.981357221680666	0	0	0	0	0.682595974971711	0.915702524658615	0.767330378515256	0	0.769020195536135	0	0	0	0.552141020116388	0.895564300843623	0.541590247609396	0	0.775872529940193	0.863131783324531	0.798342912294231	0	0.531569973893195	0	0.61327382871818
0	0	0	0	0	0	0	0	0	0	0	0	0	0	0	0	0	0	0	0	0	0	0	0	0	0	0	0	0	0	0	0	0	0	0	0	0	0	0	0	0	0	0	0	0	0	0	0	0	0	0	0	0	0	0	0	0	0	0	0	0.873234131494255	0	0	0.554668234257459	0.939712646800412	0.919606295078107	0	0	0.811472023240678	0.98420861737389	0	0.711766490896259	0	0	0	0	0	0.704319776472413	0	0	0.671471223717474	0	0.96643470317218	0.647582750557394	0.515440116161097	0.807069163718163	0	0	0	0.871855828578934
0	0	0	0	0	0	0	0	0	0	0	0	0	0	0	0	0	0	0	0	0	0	0	0	0	0	0	0	0	0	0	0	0	0	0	0	0	0	0	0	0	0	0	0	0	0	0	0	0	0	0	0	0	0	0	0	0	0	0	0	0.988377660789567	0	0.540619391443864	0	0.64452374563478	0	0	0	0	0.687559209746622	0	0.942582444143973	0	0	0.888274876717207	0.860224878737815	0	0	0	0	0.648772319359862	0	0	0.640095036874033	0.789905280520188	0	0.906572957843938	0.818215538635915	0.820571288636762	0.828072918349592
0	0	0	0	0	0	0	0	0	0	0	0	0	0	0	0	0	0	0	0	0	0	0	0	0	0	0	0	0	0	0	0	0	0	0	0	0	0	0	0	0	0	0	0	0	0	0	0	0	0	0	0	0	0	0	0	0	0	0	0	0.798506249481323	0	0.703816810852971	0.840537846250857	0	0	0.928010018073616	0	0	0	0.712298729544631	0.572100806126802	0	0.978158494681021	0	0	0.746230806796346	0.642035601726995	0	0.537658926394776	0	0	0.962802040059587	0.733194454397968	0	0	0.759219990493986	0.626256364283018	0.944625064548171	0
0	0	0	0	0	0	0	0	0	0	0	0	0	0	0	0	0	0	0	0	0	0	0	0	0	0	0	0	0	0	0	0	0	0	0	0	0	0	0	0	0	0	0	0	0	0	0	0	0	0	0	0	0	0	0	0	0	0	0	0	0.758296221790635	0	0.801362933762063	0.99061237441858	0.726493044883071	0	0.763467290631739	0.5470352208224	0	0	0.741029745948783	0.904022890459058	0	0	0	0.689801007388963	0	0	0.818067168174692	0	0	0.932112754594985	0	0.938071410221474	0.877274327194254	0	0	0	0	0
0	0	0	0	0	0	0	0	0	0	0	0	0	0	0	0	0	0	0	0	0	0	0	0	0	0	0	0	0	0	0	0	0	0	0	0	0	0	0	0	0	0	0	0	0	0	0	0	0	0	0	0	0	0	0	0	0	0	0	0	0.616298591368114	0	0	0	0.655302742177716	0	0	0	0.725168799977562	0.564818694831044	0	0.892185341637076	0.738762782689659	0.763400375250038	0	0.590725048692386	0	0.75291279205151	0	0	0.847296225795404	0.859272815608565	0.968533102842955	0	0	0.911962552556259	0	0	0	0.644913081332062
0	0	0	0	0	0	0	0	0	0	0	0	0	0	0	0	0	0	0	0	0	0	0	0	0	0	0	0	0	0	0	0	0	0	0	0	0	0	0	0	0	0	0	0	0	0	0	0	0	0	0	0	0	0	0	0	0	0	0	0	0	0	0	0.672455850923492	0	0.67377244417344	0.556429396240217	0.671405548984266	0.552109886092317	0.67955074389174	0.7903741803258	0	0.586503208888966	0.791196492385982	0.871196078620466	0.535300329907307	0	0.595578728667693	0	0.755670959612882	0.536473821457921	0.988134376625177	0.928845189833149	0	0	0.736616590513751	0.810368536667114	0.726395769227162	0.874533943747	0
0	0	0	0	0	0	0	0	0	0	0	0	0	0	0	0	0	0	0	0	0	0	0	0	0	0	0	0	0	0	0	0	0	0	0	0	0	0	0	0	0	0	0	0	0	0	0	0	0	0	0	0	0	0	0	0	0	0	0	0	0	0.775664297723809	0	0	0	0.536947176363068	0	0	0	0	0.888138032766094	0.806495477843397	0	0	0	0	0	0.818275809549726	0.996862110937892	0.856255622297895	0.596613633362453	0	0	0.769304338728222	0.973715101816083	0	0	0.984064377739548	0	0.57589485339018
0	0	0	0	0	0	0	0	0	0	0	0	0	0	0	0	0	0	0	0	0	0	0	0	0	0	0	0	0	0	0	0	0	0	0	0	0	0	0	0	0	0	0	0	0	0	0	0	0	0	0	0	0	0	0	0	0	0	0	0	0	0.921955253098547	0	0	0.76385807839221	0.647330547158063	0	0	0.604529889818374	0	0.878784949576333	0.762163616652676	0	0	0	0.682612429377441	0	0	0.935480039242816	0.98760354768521	0	0.717907164478488	0	0	0.567895898502624	0	0	0	0	0
0	0	0	0	0	0	0	0	0	0	0	0	0	0	0	0	0	0	0	0	0	0	0	0	0	0	0	0	0	0	0	0	0	0	0	0	0	0	0	0	0	0	0	0	0	0	0	0	0	0	0	0	0	0	0	0	0	0	0	0	0	0	0.807870434930464	0	0	0	0	0.561148193130477	0	0	0	0.995568778423845	0	0	0	0.836771762436505	0.749750431275136	0	0.694000449230293	0	0.868021486255272	0.536980158942572	0.669975691699136	0.963174730326893	0.761034433565871	0	0	0	0	0.716242648271743
0	0	0	0	0	0	0	0	0	0	0	0	0	0	0	0	0	0	0	0	0	0	0	0	0	0	0	0	0	0	0	0	0	0	0	0	0	0	0	0	0	0	0	0	0	0	0	0	0	0	0	0	0	0	0	0	0	0	0	0	0	0.738543117974638	0	0	0	0.795290126305307	0	0.777425965164622	0	0.51533146259718	0.573122306964268	0.776421747146343	0	0.751460949813194	0.75618520246181	0	0.651398213137326	0	0.716846706041744	0	0	0.756765097991708	0.734902701127758	0.762696119561205	0.877947848539865	0	0.615194172528256	0	0.524148625060837	0
0	0	0	0	0	0	0	0	0	0	0	0	0	0	0	0	0	0	0	0	0	0	0	0	0	0	0	0	0	0	0	0	0	0	0	0	0	0	0	0	0	0	0	0	0	0	0	0	0	0	0	0	0	0	0	0	0	0	0	0	0	0.600982472698901	0.854705782032094	0.927657727677823	0	0	0	0	0.967755872149336	0	0	0	0	0	0.989270088558408	0.566986482293534	0	0.594488547328564	0	0	0.664100105369198	0	0	0	0.675803723059752	0	0.637998456541158	0	0	0
0	0	0	0	0	0	0	0	0	0	0	0	0	0	0	0	0	0	0	0	0	0	0	0	0	0	0	0	0	0	0	0	0	0	0	0	0	0	0	0	0	0	0	0	0	0	0	0	0	0	0	0	0	0	0	0	0	0	0	0	0.527788702954702	0	0	0	0.976765059408408	0	0.922040020104911	0	0.981619553960453	0	0.915452315978703	0.749813544078367	0.501881789781829	0	0	0	0.782587039280993	0	0.682310502633399	0.880359104049603	0	0	0	0	0.664323514626678	0	0	0.620990320966592	0	0
0	0	0	0	0	0	0	0	0	0	0	0	0	0	0	0	0	0	0	0	0	0	0	0	0	0	0	0	0	0	0	0	0	0	0	0	0	0	0	0	0	0	0	0	0	0	0	0	0	0	0	0	0	0	0	0	0	0	0	0	0.607877899121408	0.539010410116236	0.931852821276967	0	0.957290204389306	0	0	0	0	0.548968717797622	0	0	0.937052285554824	0.770011637888279	0.634698316859069	0.851842004398123	0	0.977709849660374	0	0.708457854186406	0	0.816366116577791	0.79531869361141	0.634426628302453	0.502110091679411	0	0.593240421916546	0	0	0.520817963847822
0	0	0	0	0	0	0	0	0	0	0	0	0	0	0	0	0	0	0	0	0	0	0	0	0	0	0	0	0	0	0	0	0	0	0	0	0	0	0	0	0	0	0	0	0	0	0	0	0	0	0	0	0	0	0	0	0	0	0	0	0	0	0.900587942106782	0.913350188269735	0.565604066800259	0.841462647448347	0	0	0.743218951362346	0	0	0.93643757269712	0.935002978778009	0.978918441335679	0	0	0	0.995434899768199	0.987543681948178	0	0.640227273897825	0	0	0.659359695392209	0.865232623832045	0	0.65598472315354	0.806437394362038	0	0
0	0	0	0	0	0	0	0	0	0	0	0	0	0	0	0	0	0	0	0	0	0	0	0	0	0	0	0	0	0	0	0	0	0	0	0	0	0	0	0	0	0	0	0	0	0	0	0	0	0	0	0	0	0	0	0	0	0	0	0	0	0.906917775785063	0	0.760164998026627	0.765188011765757	0.555126392115415	0.772839494729555	0.593022475333297	0	0	0.88345228093045	0.944365474238599	0.974407142364025	0	0.929540781483718	0	0.594753730598857	0	0	0.767898266295055	0	0.527793001317078	0	0.513004680629516	0.773079244029462	0	0	0.830393883164286	0	0.633511205066676
0	0	0	0	0	0	0	0	0	0	0	0	0	0	0	0	0	0	0	0	0	0	0	0	0	0	0	0	0	0	0	0	0	0	0	0	0	0	0	0	0	0	0	0	0	0	0	0	0	0	0	0	0	0	0	0	0	0	0	0	0	0.988825539171617	0	0	0	0.510145885188933	0	0	0	0.709392756229171	0.824791950256328	0.808980612672216	0	0.960865748653992	0.94290470996846	0.510389183178151	0	0	0.937091544995429	0	0.753212078035473	0	0	0.560262874948153	0.927957227458307	0	0	0	0.809909481014042	0
0	0	0	0	0	0	0	0	0	0	0	0	0	0	0	0	0	0	0	0	0	0	0	0	0	0	0	0	0	0	0	0	0	0	0	0	0	0	0	0	0	0	0	0	0	0	0	0	0	0	0	0	0	0	0	0	0	0	0	0	0.878133502354711	0	0	0.646139986279297	0.807358423103184	0	0.877847267144253	0	0.890619218402441	0	0.779573869914653	0.69748105697434	0	0	0.609758182523046	0.777083809341757	0	0	0.691635992655616	0	0	0	0	0	0.912736691911439	0	0.58998197037253	0.556140665067739	0	0
0	0	0	0	0	0	0	0	0	0	0	0	0	0	0	0	0	0	0	0	0	0	0	0	0	0	0	0	0	0	0	0	0	0	0	0	0	0	0	0	0	0	0	0	0	0	0	0	0	0	0	0	0	0	0	0	0	0	0	0	0	0.965877920534632	0	0.823939633079985	0.910545209985963	0.888014306508498	0.5369191824206	0.771623615102435	0.833360887748821	0.605242212462983	0	0	0.902973250538192	0	0.646192670438066	0.947561508944013	0	0	0.723578468708139	0.666697992731951	0.552436854343205	0.837965512965937	0	0	0.685886099208018	0	0	0.685379764393516	0.825977497370131	0
0	0	0	0	0	0	0	0	0	0	0	0	0	0	0	0	0	0	0	0	0	0	0	0	0	0	0	0	0	0	0	0	0	0	0	0	0	0	0	0	0	0	0	0	0	0	0	0	0	0	0	0	0	0	0	0	0	0	0	0	0.86893138254385	0.614707109082197	0	0	0	0.659908159291938	0.731661910530587	0.897112464785385	0	0.579942213128067	0	0	0.828175415596943	0.781144856138831	0.662640337111331	0.771867030165623	0.714256124392487	0.522450167098031	0.523574148965258	0.792899960010611	0.864438722467857	0.669699952291045	0.525122013185558	0.714622651544426	0	0.977187372419844	0.998760204614953	0	0.884119774049407	0
0	0	0	0	0	0	0	0	0	0	0	0	0	0	0	0	0	0	0	0	0	0	0	0	0	0	0	0	0	0	0	0	0	0	0	0	0	0	0	0	0	0	0	0	0	0	0	0	0	0	0	0	0	0	0	0	0	0	0	0	0.761414075421519	0.502026388811362	0.783115994055525	0	0.968674831553417	0.554929548622593	0.756260377956716	0	0	0	0.728976780985823	0.920747200108577	0	0	0	0	0	0	0	0	0	0	0	0	0.674382936519509	0	0	0	0	0
0	0	0	0	0	0	0	0	0	0	0	0	0	0	0	0	0	0	0	0	0	0	0	0	0	0	0	0	0	0	0	0	0	0	0	0	0	0	0	0	0	0	0	0	0	0	0	0	0	0	0	0	0	0	0	0	0	0	0	0	0	0	0	0	0	0	0	0.97815881158655	0.552866156165505	0	0	0.762395444925328	0	0	0	0.671588312996577	0.986246268933295	0	0.827441759405482	0.710342840539	0	0	0.609601934692584	0	0.812611431029073	0	0	0.516373069261147	0.89903004814626	0.863874719375422
0	0	0	0	0	0	0	0	0	0	0	0	0	0	0	0	0	0	0	0	0	0	0	0	0	0	0	0	0	0	0	0	0	0	0	0	0	0	0	0	0	0	0	0	0	0	0	0	0	0	0	0	0	0	0	0	0	0	0	0	0.570920408282305	0.547882019680602	0	0	0	0.683825400719668	0	0.872118731070695	0.5768241425283	0	0	0.915071813868305	0.905869130835542	0	0	0	0	0.543582678057455	0	0.870634578678741	0.910306679463504	0	0.898743865564296	0.892090208125134	0	0	0.772073411003872	0	0	0
0	0	0	0	0	0	0	0	0	0	0	0	0	0	0	0	0	0	0	0	0	0	0	0	0	0	0	0	0	0	0	0	0	0	0	0	0	0	0	0	0	0	0	0	0	0	0	0	0	0	0	0	0	0	0	0	0	0	0	0	0.760262996397832	0	0.819742612696438	0.619919714474601	0	0	0	0.634354664524928	0.793358574623411	0	0	0.537267719929587	0	0	0	0.644381424214151	0	0	0	0	0	0.58672196146617	0	0.717346084185163	0.821276336506095	0	0.537612258592811	0	0	0
0	0	0	0	0	0	0	0	0	0	0	0	0	0	0	0	0	0	0	0	0	0	0	0	0	0	0	0	0	0	0	0	0	0	0	0	0	0	0	0	0	0	0	0	0	0	0	0	0	0	0	0	0	0	0	0	0	0	0	0	0	0.786427316526683	0.844564172059507	0	0	0.616387148348114	0.650883357853878	0.942873152333133	0	0	0.874415728802516	0	0.970791620004176	0	0.815676155515026	0	0	0	0.849202441905011	0	0.682436481757822	0	0	0	0	0	0.910393796958535	0	0	0
