0	0.870372999971845	0.960847532430063	0.990869543699811	0.58435163200749	0	0	0.53745024615969	0	0	0	0	0	0	0	0	0	0	0	0	0	0	0	0	0	0	0	0.984004023335044	0.526126285552016	0.900095451031203	0	0	0	0	0	0	0	0	0	0	0	0	0	0	0	0	0	0	0	0	0	0	0	0	0	0	0	0	0	0	0	0	0	0	0	0	0	0	0	0	0	0	0	0	0	0	0	0	0	0	0	0	0	0	0	0	0	0	0	0
0.6373583515635	0	0.589900828076264	0.619344584109101	0.838130938903789	0.656981585672872	0	0	0	0	0	0	0	0	0	0	0	0	0	0	0	0	0	0	0	0	0	0.756817220120727	0.56352746660866	0.917224638680152	0	0	0	0	0	0	0	0	0	0	0	0	0	0	0	0	0	0	0	0	0	0	0	0	0	0	0	0	0	0	0	0	0	0	0	0	0	0	0	0	0	0	0	0	0	0	0	0	0	0	0	0	0	0	0	0	0	0	0	0
0.882940110778938	0.626924492938213	0	0.808668812703858	0	0.778097170210456	0.960012472328271	0	0	0	0	0	0	0.793901032987006	0.821920176263854	0	0	0	0	0	0.766990600575069	0	0	0	0	0	0	0	0.85022308677864	0.64309200876393	0	0	0	0	0	0	0	0	0	0	0	0	0	0	0	0	0	0	0	0	0	0	0	0	0	0	0	0	0	0	0	0	0	0	0	0	0	0	0	0	0	0	0	0	0	0	0	0	0	0	0	0	0	0	0	0	0	0	0	0
0.708654528876749	0.841229101581926	0.747529855270928	0	0.909790001285229	0.892961853610372	0.823361359605148	0.765174833198782	0	0	0	0	0	0	0	0	0	0	0	0	0	0	0	0	0	0	0	0	0	0.625435166391038	0	0	0	0	0	0	0	0	0	0	0	0	0	0	0	0	0	0	0	0	0	0	0	0	0	0	0	0	0	0	0	0	0	0	0	0	0	0	0	0	0	0	0	0	0	0	0	0	0	0	0	0	0	0	0	0	0	0	0	0
0.918092703631976	0.896962950808608	0	0.83734809586705	0	0.975947494323471	0.772935044896709	0.526563942121904	0.650284642859893	0	0	0	0	0	0	0	0	0	0	0	0	0	0	0	0	0	0.718192277393344	0	0	0	0	0	0	0	0	0	0	0	0	0	0	0	0	0	0	0	0	0	0	0	0	0	0	0	0	0	0	0	0	0	0	0	0	0	0	0	0	0	0	0	0	0	0	0	0	0	0	0	0	0	0	0	0	0	0	0	0	0	0	0
0	0.860053858764306	0.815557140671535	0.532576605517911	0.886285977392397	0	0.839249501604816	0.548012104727696	0.611723773960194	0	0	0	0	0	0	0	0	0	0.638973305841381	0	0	0	0	0	0	0	0	0	0	0	0	0	0	0	0	0	0	0	0	0	0	0	0	0	0	0	0	0	0	0	0	0	0	0	0	0	0	0	0	0	0	0	0	0	0	0	0	0	0	0	0	0	0	0	0	0	0	0	0	0	0	0	0	0	0	0	0	0	0	0
0	0	0.533529482262741	0.90088087155349	0.795740430260032	0.613375645089048	0	0	0.859334520005105	0.832402002732231	0.743458229649189	0.601160131375884	0	0	0	0	0	0	0	0	0	0	0	0	0	0	0	0	0	0	0	0	0	0	0	0	0	0	0	0	0	0	0	0	0	0	0	0	0	0	0	0	0	0	0	0	0	0	0	0	0	0	0	0	0	0	0	0	0	0	0	0	0	0	0	0	0	0	0	0	0	0	0	0	0	0	0	0	0	0
0.859696998814867	0	0	0.730063423583538	0.833113804748134	0.995543474238095	0	0	0	0	0.817339092309393	0.572380948064497	0	0	0	0	0.840987440210131	0	0	0	0	0	0	0.969763736594132	0	0	0	0	0	0	0	0	0	0	0	0	0	0	0	0	0	0	0	0	0	0	0	0	0	0	0	0	0	0	0	0	0	0	0	0	0	0	0	0	0	0	0	0	0	0	0	0	0	0	0	0	0	0	0	0	0	0	0	0	0	0	0	0	0	0
0	0	0	0	0.723388460081236	0.726525149561089	0.927263395637052	0	0	0.704177409022775	0	0.574920064199991	0.868735598604184	0	0	0	0	0	0	0	0	0	0	0	0.574591935477101	0	0	0	0	0	0	0	0	0	0	0	0	0	0	0	0	0	0	0	0	0	0	0	0	0	0	0	0	0	0	0	0	0	0	0	0	0	0	0	0	0	0	0	0	0	0	0	0	0	0	0	0	0	0	0	0	0	0	0	0	0	0	0	0	0
0	0	0	0	0	0	0.821923000141977	0	0.790658437351351	0	0.901695636764768	0.551545031728341	0.864668646871042	0.763644911097614	0	0	0	0	0	0	0	0	0	0	0	0	0	0	0	0	0	0	0	0	0	0	0	0	0	0	0	0	0	0	0	0	0	0	0	0	0	0	0	0	0	0	0	0	0	0	0	0	0	0	0	0	0	0	0	0	0	0	0	0	0	0	0	0	0	0	0	0	0	0	0	0	0	0	0	0
0	0	0	0	0	0	0.722761019599926	0.803789636587835	0	0.620122510271124	0	0.871389123293713	0.984782656010053	0.735690750411565	0.590555619593887	0	0	0	0	0	0	0	0	0	0	0	0	0	0	0	0	0	0	0	0	0	0	0	0	0	0	0	0	0	0	0	0	0	0	0	0	0	0	0	0	0	0	0	0	0	0	0	0	0	0	0	0	0	0	0	0	0	0	0	0	0	0	0	0	0	0	0	0	0	0	0	0	0	0	0
0	0	0	0	0	0	0.56522581902855	0.793654074892711	0.540611252501979	0.718540986515107	0.778929977380913	0	0.782040236728862	0.52508019172159	0.825025114669351	0.805535131655735	0	0	0	0	0	0	0	0	0	0	0	0	0	0	0	0	0	0	0	0	0	0	0	0	0	0	0	0	0	0	0	0	0	0	0	0	0	0	0	0	0	0	0	0	0	0	0	0	0	0	0	0	0	0	0	0	0	0	0	0	0	0	0	0	0	0	0	0	0	0	0	0	0	0
0	0	0	0	0	0	0	0	0.632701173284931	0.676953750491816	0.93161128192706	0.920619965773483	0	0.60391654230474	0.931663702854284	0.757331478663896	0.727153888435731	0	0	0	0	0	0	0	0	0	0	0	0	0	0	0	0	0	0	0	0	0	0	0	0	0	0	0	0	0	0	0	0	0	0	0	0	0	0	0	0	0	0	0	0	0	0	0	0	0	0	0	0	0	0	0	0	0	0	0	0	0	0	0	0	0	0	0	0	0	0	0	0	0
0	0	0.587046779726475	0	0	0	0	0	0	0.566887041441483	0.921016630842344	0.977568855092935	0.535963572922172	0	0.744956364836496	0.555167299330691	0.6979725593708	0	0	0	0	0	0	0	0	0	0	0	0	0	0	0	0	0	0	0	0	0	0	0	0	0	0	0	0	0	0	0	0	0	0	0	0	0	0	0	0	0	0	0	0	0	0	0	0	0	0	0	0	0	0	0	0	0	0	0	0	0	0	0	0	0	0	0	0	0	0	0	0	0
0	0	0.990952394436813	0	0	0	0	0	0	0	0.622997800419833	0.924970004547857	0.921254886564909	0.683264315923592	0	0.941354892911817	0.677255369895138	0.791354159954715	0	0	0	0	0	0	0	0	0	0	0	0	0	0	0	0	0	0	0	0	0	0	0	0	0	0	0	0	0	0	0	0	0	0	0	0	0	0	0	0	0	0	0	0	0	0	0	0	0	0	0	0	0	0	0	0	0	0	0	0	0	0	0	0	0	0	0	0	0	0	0	0
0	0	0	0	0	0	0	0	0	0	0	0.606800493029533	0.691203958446318	0.766397922687389	0.537229601632314	0	0.642844676924386	0.831845355778102	0.999536459432482	0.592837135010557	0	0	0	0	0	0	0	0	0	0	0	0	0	0	0	0	0	0	0	0	0	0	0	0	0	0	0	0	0	0	0	0	0	0	0	0	0	0	0	0	0	0	0	0	0	0	0	0	0	0	0	0	0	0	0	0	0	0	0	0	0	0	0	0	0	0	0	0	0	0
0	0	0	0	0	0	0	0.940193953516767	0	0	0	0	0.661181836197133	0.761483885886308	0.546675143615297	0.721459434191693	0	0.736152100412164	0.835348416008218	0	0.636241995691102	0	0	0	0	0	0	0	0	0	0	0	0	0	0	0	0	0	0	0	0	0	0	0	0	0	0	0	0	0	0	0	0	0	0	0	0	0	0	0	0	0	0	0	0	0	0	0	0	0	0	0	0	0	0	0	0	0	0	0	0	0	0	0	0	0	0	0	0	0
0	0	0	0	0	0	0	0	0	0	0	0	0	0	0.563151949522361	0.90492740086139	0.535364679410592	0	0.834488470595458	0	0.681749347448549	0.741948938754973	0	0	0.951265020883815	0	0	0	0	0	0	0	0	0	0	0	0	0	0	0	0	0	0	0	0	0	0	0	0	0	0	0	0	0	0	0	0	0	0	0	0	0	0	0	0	0	0	0	0	0	0	0	0	0	0	0	0	0	0	0	0	0	0	0	0	0	0	0	0	0
0	0	0	0	0	0.75749127697925	0	0	0	0	0	0	0	0	0	0.887172676704514	0.513670647353081	0.719604060265162	0	0.748569270513639	0.706462599839059	0.537494365279016	0.772124934431064	0	0	0	0	0	0	0	0	0	0	0	0	0	0	0	0	0	0	0	0	0	0	0	0	0	0	0	0	0	0	0	0	0	0	0	0	0	0	0	0	0	0	0	0	0	0	0	0	0	0	0	0	0	0	0	0	0	0	0	0	0	0	0	0	0	0	0
0	0	0	0	0	0	0	0	0	0	0	0	0	0	0	0.841716421116396	0	0	0.867749710824587	0	0.606687859304077	0.866430395051853	0.674379992743702	0.744675130877714	0	0	0	0	0	0	0	0	0	0	0	0	0	0	0	0	0	0	0	0	0	0	0	0	0	0	0	0	0	0	0	0	0	0	0	0	0	0	0	0	0	0	0	0	0	0	0	0	0	0	0	0	0	0	0	0	0	0	0	0	0	0	0	0	0	0
0	0	0.890797080353802	0	0	0	0	0	0	0	0	0	0	0	0	0	0.801049774454553	0.864973837868054	0.953974688531788	0.719688063477688	0	0.66826092154686	0.895234285014468	0.968443023783975	0.993904169168766	0	0	0	0	0	0	0	0	0	0	0	0	0	0	0	0	0	0	0	0	0	0	0	0	0	0	0	0	0	0	0	0	0	0	0	0	0	0	0	0	0	0	0	0	0	0	0	0	0	0	0	0	0	0	0	0	0	0	0	0	0	0	0	0	0
0	0	0	0	0	0	0	0	0	0	0	0	0	0	0	0	0	0.759418832886822	0.981652280698044	0.70119335616621	0.534593438517679	0	0.996655100789101	0.924525294354811	0.507225662154537	0.773664883315472	0	0	0	0	0	0	0	0	0	0	0	0	0	0	0	0	0	0	0	0	0	0	0	0	0	0	0	0	0	0	0	0	0	0	0	0	0	0	0	0	0	0	0	0	0	0	0	0	0	0	0	0	0	0	0	0	0	0	0	0	0	0	0	0
0	0	0	0	0	0	0	0	0	0	0	0	0	0	0	0	0	0	0.609281378430456	0.809481617993268	0.555111183737433	0.510994244761332	0	0.59563342852687	0.905571331817125	0.605891859861919	0.84692158977746	0	0	0	0	0	0	0	0	0	0	0	0	0	0	0	0	0	0	0	0	0	0	0	0	0	0	0	0	0	0	0	0	0	0	0	0	0	0	0	0	0	0	0	0	0	0	0	0	0	0	0	0	0	0	0	0	0	0	0	0	0	0	0
0	0	0	0	0	0	0	0.746254674244842	0	0	0	0	0	0	0	0	0	0	0	0.610114710423075	0.570538298531763	0.731416410778972	0.937120921727776	0	0.836261114461791	0.883999470175646	0.803561096869574	0.996310622241063	0	0	0	0	0	0	0	0	0	0	0	0	0	0	0	0	0	0	0	0	0	0	0	0	0	0	0	0	0	0	0	0	0	0	0	0	0	0	0	0	0	0	0	0	0	0	0	0	0	0	0	0	0	0	0	0	0	0	0	0	0	0
0	0	0	0	0	0	0	0	0.798028761145075	0	0	0	0	0	0	0	0	0.673032825488444	0	0	0.83223172484481	0.930293337731084	0.592139630720576	0.986255879702329	0	0.529952341713246	0.894138913437808	0.618894482108324	0.779123953569744	0	0	0	0	0	0	0	0	0	0	0	0	0	0	0	0	0	0	0	0	0	0	0	0	0	0	0	0	0	0	0	0	0	0	0	0	0	0	0	0	0	0	0	0	0	0	0	0	0	0	0	0	0	0	0	0	0	0	0	0	0
0	0	0	0	0	0	0	0	0	0	0	0	0	0	0	0	0	0	0	0	0	0.72663733262077	0.789077476614751	0.960961771660076	0.679864823634997	0	0.920972704522642	0.621484578067674	0.985335352549591	0.779529529943812	0	0	0	0	0	0	0	0	0	0	0	0	0	0	0	0	0	0	0	0	0	0	0	0	0	0	0	0	0	0	0	0	0	0	0	0	0	0	0	0	0	0	0	0	0	0	0	0	0	0	0	0	0	0	0	0	0	0	0	0
0	0	0	0	0.825429787905964	0	0	0	0	0	0	0	0	0	0	0	0	0	0	0	0	0	0.746909383473725	0.807422323210812	0.51425373159184	0.560098342261791	0	0.910816300226772	0.600989538885005	0.865023463716666	0	0	0	0	0	0	0	0	0	0	0	0	0	0	0	0	0	0	0	0	0	0	0	0	0	0	0	0	0	0	0	0	0	0	0	0	0	0	0	0	0	0	0	0	0	0	0	0	0	0	0	0	0	0	0	0	0	0	0	0
0.768559085488336	0.99923209133997	0	0	0	0	0	0	0	0	0	0	0	0	0	0	0	0	0	0	0	0	0	0.561226312874652	0.640240896449292	0.824202235145516	0.972307107805346	0	0.593150454535316	0.714745902748138	0	0	0	0	0	0	0	0	0	0	0	0	0	0	0	0	0	0	0	0	0	0	0	0	0	0	0	0	0	0	0	0	0	0	0	0	0	0	0	0	0	0	0	0	0	0	0	0	0	0	0	0	0	0	0	0	0	0	0	0
0.538521350283701	0.892002457889839	0.737143441429628	0	0	0	0	0	0	0	0	0	0	0	0	0	0	0	0	0	0	0	0	0	0.780546740109904	0.840326478553354	0.626092504638004	0.729137910458072	0	0.558705617479774	0	0	0	0	0	0	0	0	0	0	0	0	0	0	0	0	0	0	0	0	0	0	0	0	0	0	0	0	0	0	0	0	0	0	0	0	0	0	0	0	0	0	0	0	0	0	0	0	0	0	0	0	0	0	0	0	0	0	0	0
0.968589087089547	0.545404162077865	0.694793583738511	0.838098614022128	0	0	0	0	0	0	0	0	0	0	0	0	0	0	0	0	0	0	0	0	0	0.857818362633557	0.746226662434486	0.894562428127306	0.848773982952304	0	0	0	0	0	0	0	0	0	0	0	0	0	0	0	0	0	0	0	0	0	0	0	0	0	0	0	0	0	0	0	0	0	0	0	0	0	0	0	0	0	0	0	0	0	0	0	0	0	0	0	0	0	0	0	0	0	0	0	0	0
0	0	0	0	0	0	0	0	0	0	0	0	0	0	0	0	0	0	0	0	0	0	0	0	0	0	0	0	0	0	0	0.601938754151568	0	0	0	0.821210528958571	0.894641664506944	0	0	0	0	0	0	0	0	0	0	0.592878675642584	0.916685037252821	0	0	0	0	0	0	0.633035149052369	0.962937009814077	0.503456777719384	0.71293160818674	0.839242457114382	0	0	0	0	0	0	0	0	0	0	0	0	0	0	0	0	0	0	0	0	0	0	0	0	0	0	0	0	0	0
0	0	0	0	0	0	0	0	0	0	0	0	0	0	0	0	0	0	0	0	0	0	0	0	0	0	0	0	0	0	0.622986830971896	0	0.941439006099188	0.650925303066132	0.672088318417579	0	0.599882306634963	0	0	0	0	0	0	0	0	0	0	0	0	0	0	0	0	0	0	0.681657614552843	0.604504816137067	0	0.590578035500904	0	0	0	0	0	0	0	0	0	0	0	0	0	0	0	0	0	0	0	0	0	0	0	0	0	0	0	0	0	0	0
0	0	0	0	0	0	0	0	0	0	0	0	0	0	0	0	0	0	0	0	0	0	0	0	0	0	0	0	0	0	0	0.796747630275315	0	0	0	0.889721170848697	0.90074669465217	0	0	0.835709131795023	0	0	0.609596271169175	0	0	0	0.563278250486892	0	0	0	0	0	0	0	0	0	0	0.586275222989072	0	0.653853231366795	0	0	0	0	0	0	0	0	0	0	0	0	0	0	0	0	0	0	0	0	0	0	0	0	0	0	0	0	0	0
0	0	0	0	0	0	0	0	0	0	0	0	0	0	0	0	0	0	0	0	0	0	0	0	0	0	0	0	0	0	0	0.509731532231465	0	0	0.702450984220835	0.778433234731632	0.727801182909316	0.740365781750217	0.730540255136124	0	0	0	0	0	0	0	0	0	0	0	0	0	0	0	0	0	0	0.960517711862475	0.983797165117574	0.842641286513398	0	0	0	0	0	0	0	0	0	0	0	0	0	0	0	0	0	0	0	0	0	0	0	0	0	0	0	0	0	0
0	0	0	0	0	0	0	0	0	0	0	0	0	0	0	0	0	0	0	0	0	0	0	0	0	0	0	0	0	0	0	0.658910474668018	0	0.798463828232457	0	0.861501720244149	0.518166108828742	0.88724481074378	0.584959649622612	0	0	0	0	0.917600741761007	0	0	0	0	0	0	0	0.77996298909655	0	0	0	0	0.568648608469827	0	0	0.764259247796456	0	0	0	0	0	0	0	0	0	0	0	0	0	0	0	0	0	0	0	0	0	0	0	0	0	0	0	0	0	0
0	0	0	0	0	0	0	0	0	0	0	0	0	0	0	0	0	0	0	0	0	0	0	0	0	0	0	0	0	0	0.556928421223704	0	0.85395166818419	0.74147198297155	0.817814671806921	0	0.786553181575828	0.560289542999133	0.612651464281925	0.609120964994169	0.63763715421868	0	0	0	0	0	0	0	0	0	0.795297997686675	0	0	0	0	0	0	0	0	0	0	0	0	0	0	0	0	0	0	0	0	0	0	0	0	0	0	0	0	0	0	0	0	0	0	0	0	0	0	0
0	0	0	0	0	0	0	0	0	0	0	0	0	0	0	0	0	0	0	0	0	0	0	0	0	0	0	0	0	0	0.821731744543571	0.739405871808358	0.622233657557722	0.693550895972732	0.757608742067101	0.684862748525837	0	0	0.796165760035631	0.550165414706615	0.565357086021535	0.700704704341333	0	0	0	0	0.712242406455011	0	0	0	0	0	0	0	0.961654550528797	0	0	0.700820786718182	0	0	0	0	0	0	0	0	0	0	0	0	0	0	0	0	0	0	0	0	0	0	0	0	0	0	0	0	0	0	0	0
0	0	0	0	0	0	0	0	0	0	0	0	0	0	0	0	0	0	0	0	0	0	0	0	0	0	0	0	0	0	0	0	0	0.680935262696805	0.599703758925844	0.916030115442121	0	0	0	0	0.571173391487425	0.846722710565905	0	0	0	0	0	0	0	0	0	0	0	0	0	0.605014151690967	0.734153643015586	0	0	0	0	0	0	0	0	0	0	0	0	0	0	0	0	0	0	0	0	0	0	0	0	0	0	0	0	0	0	0	0	0
0	0	0	0	0	0	0	0	0	0	0	0	0	0	0	0	0	0	0	0	0	0	0	0	0	0	0	0	0	0	0	0	0	0.683525947976238	0.77242477575619	0.559644717619738	0.539153322391615	0	0	0.910627308944333	0.890174487455333	0	0.770221760246186	0.967939744154041	0	0	0	0	0	0.700590226528235	0	0	0	0	0	0.565798372360497	0	0	0	0.781000090556146	0	0	0	0	0	0	0	0	0	0	0	0	0	0	0	0	0	0	0	0	0	0	0	0	0	0	0	0	0	0
0	0	0	0	0	0	0	0	0	0	0	0	0	0	0	0	0	0	0	0	0	0	0	0	0	0	0	0	0	0	0	0	0.691180510004696	0	0	0.900129965767311	0.880066391806804	0	0.951098243179793	0	0.574150936866213	0.832890943174816	0.573230727359798	0.757557771908818	0.800678864317646	0	0	0	0	0.697568342850784	0	0	0.627162270582194	0	0	0	0	0	0.806604021370507	0	0	0	0	0	0	0	0	0	0	0	0	0	0	0	0	0	0	0	0	0	0	0	0	0	0	0	0	0	0	0
0	0	0	0	0	0	0	0	0	0	0	0	0	0	0	0	0	0	0	0	0	0	0	0	0	0	0	0	0	0	0	0	0	0	0	0.902736918341644	0.939100566316359	0.631027910537546	0.64313170806242	0.964759910845725	0	0.889593998315317	0.888056942956744	0.676835681884406	0	0	0	0	0.669832709885622	0	0	0	0.686030796405032	0	0	0	0	0	0	0	0	0	0	0	0	0	0	0	0	0	0	0	0	0	0	0	0	0	0	0	0	0	0	0	0	0	0	0	0	0
0	0	0	0	0	0	0	0	0	0	0	0	0	0	0	0	0	0	0	0	0	0	0	0	0	0	0	0	0	0	0	0	0	0	0	0	0.617014753453526	0.979904959792253	0	0.942900915801497	0.78307531290767	0	0.663060298244354	0.652131496163821	0.724433186029018	0.580664147866778	0.552779354377769	0	0	0	0	0	0	0	0	0	0	0	0	0	0	0	0	0	0	0	0	0	0	0	0	0	0	0	0	0	0	0	0	0	0	0	0	0	0	0	0	0	0	0
0	0	0	0	0	0	0	0	0	0	0	0	0	0	0	0	0	0	0	0	0	0	0	0	0	0	0	0	0	0	0	0	0.603953643570263	0	0	0	0	0	0.808926456221965	0.877182130920592	0.901397968289055	0.69898050610959	0	0.841338664058908	0.572320502864219	0.524357511193262	0.597203550523359	0.937479880848298	0	0	0	0.67034496981328	0	0	0	0	0	0	0	0	0	0	0	0	0	0	0	0	0	0	0	0	0	0	0	0	0	0	0	0	0	0	0	0	0	0	0	0	0	0
0	0	0	0	0	0	0	0	0	0	0	0	0	0	0	0	0	0	0	0	0	0	0	0	0	0	0	0	0	0	0	0	0	0	0.704150799598367	0	0	0	0.97939986652899	0.644201958330318	0.57834068824122	0.624166665035335	0.833138019165202	0	0	0.550723239647755	0.846208372610402	0.775214263403659	0.972582033003065	0	0.86296428962939	0	0	0	0	0	0	0	0	0	0	0	0	0	0	0	0	0	0	0	0	0	0	0	0	0	0	0	0	0	0	0	0	0	0	0	0	0	0	0
0	0	0	0	0	0	0	0	0	0	0	0	0	0	0	0	0	0	0	0	0	0	0	0	0	0	0	0	0	0	0	0	0	0	0	0	0	0	0	0.625955343930841	0	0.616964557133605	0.608031492812397	0	0	0.661540249539862	0	0.824902309086331	0	0.728716112658779	0	0.502121972946196	0	0	0	0	0	0	0.799401659458104	0	0	0	0	0	0	0	0	0	0	0	0	0	0	0	0	0	0	0	0	0	0	0	0	0	0	0	0	0	0	0
0	0	0	0	0	0	0	0	0	0	0	0	0	0	0	0	0	0	0	0	0	0	0	0	0	0	0	0	0	0	0	0	0	0	0	0	0	0	0	0	0	0.927105890341672	0.782369866186186	0.63692733648998	0.513140338693902	0	0.793916079989899	0.731935862364259	0.801232840555296	0.629808760780738	0.895837027416261	0	0	0	0	0.934802561894036	0	0	0	0	0	0	0	0	0	0	0	0	0	0	0	0	0	0	0	0	0	0	0	0	0	0	0	0	0	0	0	0	0	0
0	0	0	0	0	0	0	0	0	0	0	0	0	0	0	0	0	0	0	0	0	0	0	0	0	0	0	0	0	0	0	0	0.821174569074536	0	0	0	0.99984910908856	0	0	0	0	0.871242264803388	0.719877901813214	0.803096123353208	0	0.773738525317306	0	0.649000398558202	0.662531416002274	0.665813297114196	0.874619037316543	0.533321660561754	0	0	0	0	0	0	0	0	0	0	0	0	0	0	0	0	0	0	0	0	0	0	0	0	0	0	0	0	0	0	0	0	0	0	0	0	0	0
0	0	0	0	0	0	0	0	0	0	0	0	0	0	0	0	0	0	0	0	0	0	0	0	0	0	0	0	0	0	0.994237700864643	0	0	0	0	0	0	0	0	0	0	0	0.542039488657955	0.527883581268948	0.76058164549346	0.813113821067915	0.987333521329412	0	0.819552161247378	0.713241273942525	0.62421655808703	0.741694309177478	0.932605298907115	0.87364738648059	0	0	0	0	0	0	0	0	0	0	0	0	0	0	0	0	0	0	0	0	0	0	0	0	0	0	0	0	0	0	0	0	0	0	0	0
0	0	0	0	0	0	0	0	0	0	0	0	0	0	0	0	0	0	0	0	0	0	0	0	0	0	0	0	0	0	0.975967045738026	0	0	0	0	0	0	0	0	0	0.744524825280278	0	0	0.762018102196566	0	0.511810217142203	0.941251250241437	0.760139851635851	0	0.715428591215572	0	0.507394053749463	0.521545909248747	0.792271287804593	0	0	0	0	0	0	0	0	0	0	0	0	0	0	0	0	0	0	0	0	0	0	0	0	0	0	0	0	0	0	0	0	0	0	0	0
0	0	0	0	0	0	0	0	0	0	0	0	0	0	0	0	0	0	0	0	0	0	0	0	0	0	0	0	0	0	0	0	0	0	0	0	0	0	0.724689029028109	0.594386880243747	0	0	0	0	0.834428613714912	0.791285919429176	0.617838277132037	0.729916043534686	0.908361065812663	0	0.582025912261372	0.634155861064825	0	0.992920851544794	0	0	0	0	0	0	0	0	0	0	0	0	0	0	0	0	0	0	0	0	0	0	0	0	0	0	0	0	0	0	0	0	0	0	0	0
0	0	0	0	0	0	0	0	0	0	0	0	0	0	0	0	0	0	0	0	0	0	0	0	0	0	0	0	0	0	0	0	0	0	0	0.554760444146168	0	0	0	0	0	0	0	0.545277620181537	0	0.538492244151439	0.528756140881472	0.893549632283882	0	0.795380340796064	0	0.996605358241141	0.742011172149039	0	0.657237945753326	0.697689648124893	0.90945490710843	0	0	0	0	0	0	0	0	0	0	0	0	0	0	0	0	0	0	0	0	0	0	0	0	0	0	0	0	0	0	0	0	0
0	0	0	0	0	0	0	0	0	0	0	0	0	0	0	0	0	0	0	0	0	0	0	0	0	0	0	0	0	0	0	0	0	0	0.634969496027286	0	0	0	0	0	0	0	0.687397385162888	0	0.700718501242194	0	0.786843691727324	0.544091150132185	0.665256591301269	0.863725846515627	0.745287195089781	0	0	0	0.691608682883742	0.601029404146541	0.664001956232788	0	0	0	0	0	0	0	0	0	0	0	0	0	0	0	0	0	0	0	0	0	0	0	0	0	0	0	0	0	0	0	0	0
0	0	0	0	0	0	0	0	0	0	0	0	0	0	0	0	0	0	0	0	0	0	0	0	0	0	0	0	0	0	0	0	0	0	0	0	0	0	0	0.582953657950671	0.794199170937581	0	0	0	0	0	0	0.771741619850994	0.96565581009159	0	0.502680647475545	0	0	0.585010842703908	0.966750212530419	0	0.932942126817987	0.842229270425493	0	0	0	0	0	0	0	0	0	0	0	0	0	0	0	0	0	0	0	0	0	0	0	0	0	0	0	0	0	0	0	0
0	0	0	0	0	0	0	0	0	0	0	0	0	0	0	0	0	0	0	0	0	0	0	0	0	0	0	0	0	0	0	0	0	0	0	0	0	0	0	0	0	0	0	0	0	0	0	0.825984609738586	0.985318222991845	0.872998966209302	0	0	0.949131858235607	0	0.960250934138985	0.722737208224228	0.857243030608115	0.828981726473462	0.837447572937772	0	0	0	0	0	0	0	0	0	0	0	0	0	0	0	0	0	0	0	0	0	0	0	0	0	0	0	0	0	0	0
0	0	0	0	0	0	0	0	0	0	0	0	0	0	0	0	0	0	0	0	0	0	0	0	0	0	0	0	0	0	0	0	0	0	0	0	0.936923610250939	0	0	0	0	0	0	0	0	0	0	0	0	0	0.571738243748105	0.669126976995053	0.614313157060121	0.870609524324282	0	0	0.688034735564491	0.820974007985977	0.551719099678647	0.945237173766943	0	0	0	0	0	0	0	0	0	0	0	0	0	0	0	0	0	0	0	0	0	0	0	0	0	0	0	0	0	0
0	0	0	0	0	0	0	0	0	0	0	0	0	0	0	0	0	0	0	0	0	0	0	0	0	0	0	0	0	0	0.716392776608961	0.967082290506315	0	0	0	0	0	0.771758989381345	0.874374246070307	0	0	0	0	0	0	0.696361384506385	0	0	0	0	0.966131181268194	0.741897187476124	0	0.767989374790572	0	0	0.592231677950677	0.717646942537375	0	0.853631932970034	0	0	0	0	0	0	0	0	0	0	0	0	0	0	0	0	0	0	0	0	0	0	0	0	0	0	0	0	0	0
0	0	0	0	0	0	0	0	0	0	0	0	0	0	0	0	0	0	0	0	0	0	0	0	0	0	0	0	0	0	0.929975677814047	0.76689473001173	0	0	0.766814539865669	0	0	0.867609746511585	0	0	0	0	0	0	0	0	0	0	0	0	0.927200034497779	0.793638187156887	0.596831489061094	0.996790500196582	0.744685940422497	0.968623175986936	0	0.844345583033868	0	0.761927675082339	0	0	0	0	0	0	0	0	0	0	0	0	0	0	0	0	0	0	0	0	0	0	0	0	0	0	0	0	0	0
0	0	0	0	0	0	0	0	0	0	0	0	0	0	0	0	0	0	0	0	0	0	0	0	0	0	0	0	0	0	0.579515055776805	0	0.586866318499688	0.596329723369584	0	0	0.795718833706817	0	0	0	0	0	0	0	0	0	0	0	0	0	0	0	0.918446738817011	0.609918701997473	0.586372039053165	0.857113529470504	0.614183573469131	0	0	0.619121010495307	0	0	0	0	0	0	0	0	0	0	0	0	0	0	0	0	0	0	0	0	0	0	0	0	0	0	0	0	0	0
0	0	0	0	0	0	0	0	0	0	0	0	0	0	0	0	0	0	0	0	0	0	0	0	0	0	0	0	0	0	0.638836392249364	0.580951188449545	0	0.622878528872817	0	0	0	0	0	0.644469122693732	0	0	0	0	0.794443492906558	0	0	0	0	0	0	0	0	0.915146464033479	0.512619008333819	0	0	0	0	0.890759743244006	0	0	0	0	0	0	0	0	0	0	0	0	0	0	0	0	0	0	0	0	0	0	0	0	0	0	0	0	0	0
0	0	0	0	0	0	0	0	0	0	0	0	0	0	0	0	0	0	0	0	0	0	0	0	0	0	0	0	0	0	0.951881468810415	0	0.727780179146671	0.802946702569239	0.666010476221299	0	0	0	0.893721878755214	0	0	0	0	0	0	0	0	0	0	0	0	0	0	0	0.541478434023357	0.61707714796818	0.712965734957764	0.544188343041052	0.957879963122319	0	0	0	0	0	0	0	0	0	0	0	0	0	0	0	0	0	0	0	0	0	0	0	0	0	0	0	0	0	0	0
0	0	0	0	0	0	0	0	0	0	0	0	0	0	0	0	0	0	0	0	0	0	0	0	0	0	0	0	0	0	0	0	0	0	0	0	0	0	0	0	0	0	0	0	0	0	0	0	0	0	0	0	0	0	0	0	0	0	0	0	0	0.665706455222461	0	0.850925384248092	0.870921588080398	0.505051704586279	0	0.511628124015943	0.736771483388431	0.998065934496117	0	0.985488503975976	0	0	0.780331618945543	0	0	0	0	0	0	0	0	0	0.742532130788107	0.872093895389535	0	0	0	0
0	0	0	0	0	0	0	0	0	0	0	0	0	0	0	0	0	0	0	0	0	0	0	0	0	0	0	0	0	0	0	0	0	0	0	0	0	0	0	0	0	0	0	0	0	0	0	0	0	0	0	0	0	0	0	0	0	0	0	0	0.595673373547608	0	0	0.710133267148327	0.551800946204127	0.833561232339005	0	0.679389100001416	0.834409895431707	0	0	0.873093691944967	0.874007646442532	0.624224899244369	0	0.717924615598996	0.956131006036132	0.725792605163177	0	0.627621930518387	0	0	0	0	0.987524700168222	0	0.670531005782485	0.845435896520222	0.675769879261134	0
0	0	0	0	0	0	0	0	0	0	0	0	0	0	0	0	0	0	0	0	0	0	0	0	0	0	0	0	0	0	0	0	0	0	0	0	0	0	0	0	0	0	0	0	0	0	0	0	0	0	0	0	0	0	0	0	0	0	0	0	0	0	0	0.515832879265641	0	0.929457208721523	0.795726448142422	0	0	0.503324377717482	0.65823482927521	0	0	0.565903404225974	0	0	0	0	0.967150338776174	0	0	0	0.61648669264286	0.600288812787133	0	0	0.921112632070568	0.780025554018756	0.921188194018211	0
0	0	0	0	0	0	0	0	0	0	0	0	0	0	0	0	0	0	0	0	0	0	0	0	0	0	0	0	0	0	0	0	0	0	0	0	0	0	0	0	0	0	0	0	0	0	0	0	0	0	0	0	0	0	0	0	0	0	0	0	0.722638379900621	0.895474809583726	0.850147426060717	0	0	0	0.59993304951977	0.872826530992851	0.722358525170849	0	0.612787412351194	0	0	0	0	0.510214272676154	0	0.632177467911935	0	0.836732550194424	0.875093802713132	0	0	0	0	0.812067588055478	0	0.798730032837297	0	0.751203514338073
0	0	0	0	0	0	0	0	0	0	0	0	0	0	0	0	0	0	0	0	0	0	0	0	0	0	0	0	0	0	0	0	0	0	0	0	0	0	0	0	0	0	0	0	0	0	0	0	0	0	0	0	0	0	0	0	0	0	0	0	0.794626292236644	0.765403425619315	0	0	0	0	0	0	0.779224278388793	0	0.936752216657939	0.744368524326308	0.762381658738412	0	0.750258667686428	0.783272752425099	0	0	0	0	0	0.743230571513379	0	0.96793233799546	0.548693565143046	0.859687471301763	0	0	0	0.688450944402829
0	0	0	0	0	0	0	0	0	0	0	0	0	0	0	0	0	0	0	0	0	0	0	0	0	0	0	0	0	0	0	0	0	0	0	0	0	0	0	0	0	0	0	0	0	0	0	0	0	0	0	0	0	0	0	0	0	0	0	0	0.737041179348145	0.960942996048224	0.976950786062172	0	0	0	0	0	0	0	0	0.590283847887676	0	0.733374711075416	0.721374259082417	0	0.528420728744404	0	0.905640316302706	0.634124701542831	0.785819557697667	0.906965779658071	0.743816110831367	0.637068314455979	0	0	0.71790681574467	0	0.505045072537	0
0	0	0	0	0	0	0	0	0	0	0	0	0	0	0	0	0	0	0	0	0	0	0	0	0	0	0	0	0	0	0	0	0	0	0	0	0	0	0	0	0	0	0	0	0	0	0	0	0	0	0	0	0	0	0	0	0	0	0	0	0	0	0.995569560119091	0.910430174594023	0	0	0	0	0	0	0.97751021062856	0.821485658363541	0	0.920449113534653	0.587000307423385	0.649976171535311	0.54775195903239	0.793508163344947	0	0	0.514243319705642	0.642161929614294	0.891370361198843	0	0	0.99593462766335	0.683356395277602	0	0.863563203872559	0.799147852658412
0	0	0	0	0	0	0	0	0	0	0	0	0	0	0	0	0	0	0	0	0	0	0	0	0	0	0	0	0	0	0	0	0	0	0	0	0	0	0	0	0	0	0	0	0	0	0	0	0	0	0	0	0	0	0	0	0	0	0	0	0.733244131912294	0.581492454628354	0	0.899707473918096	0	0	0	0	0	0	0	0	0.634799882062626	0	0.666358242369819	0	0.840875112735431	0.867917236460508	0.929669146691418	0	0.56127436586921	0.718375801336217	0.944738079240543	0	0	0	0.655648490154449	0	0	0
0	0	0	0	0	0	0	0	0	0	0	0	0	0	0	0	0	0	0	0	0	0	0	0	0	0	0	0	0	0	0	0	0	0	0	0	0	0	0	0	0	0	0	0	0	0	0	0	0	0	0	0	0	0	0	0	0	0	0	0	0.706195519940032	0.776495019700851	0	0.830807310370122	0.875023699639661	0	0	0	0	0.511721590763653	0.697752256381563	0.771851129426735	0.876600731107139	0	0	0.779207577424061	0	0	0	0	0.8795906356147	0	0.872689756480347	0	0.894800302306342	0.781836677619443	0	0	0.559148333055307	0
0	0	0	0	0	0	0	0	0	0	0	0	0	0	0	0	0	0	0	0	0	0	0	0	0	0	0	0	0	0	0	0	0	0	0	0	0	0	0	0	0	0	0	0	0	0	0	0	0	0	0	0	0	0	0	0	0	0	0	0	0.796910521592585	0	0.70738945359814	0	0	0	0	0	0.521074663591845	0	0	0	0	0.734811712651507	0	0.645009234721924	0.701097908242398	0	0.738088694729934	0	0	0	0.785556525348936	0	0.958428049571784	0	0.514314103788399	0	0.708948177396987	0.839367791067404
0	0	0	0	0	0	0	0	0	0	0	0	0	0	0	0	0	0	0	0	0	0	0	0	0	0	0	0	0	0	0	0	0	0	0	0	0	0	0	0	0	0	0	0	0	0	0	0	0	0	0	0	0	0	0	0	0	0	0	0	0	0	0.971014286781479	0.631600114177822	0.827152800637552	0	0.937615330416237	0	0.531809745865139	0	0	0	0.592539640923133	0.507600003365929	0.804195864065083	0.586899639212958	0.544223652841042	0	0.716185596833173	0.979866797661102	0.767836519492509	0	0	0.873330716663629	0	0	0.549862977636851	0	0.77901815430241	0
0	0	0	0	0	0	0	0	0	0	0	0	0	0	0	0	0	0	0	0	0	0	0	0	0	0	0	0	0	0	0	0	0	0	0	0	0	0	0	0	0	0	0	0	0	0	0	0	0	0	0	0	0	0	0	0	0	0	0	0	0.675797285023962	0.904449615267736	0	0	0.747999011488149	0.700948450270931	0.542713536366545	0	0.522257879143395	0	0	0	0	0.96477542080478	0	0	0.590454417276671	0.74725929835614	0.985805044201905	0	0	0.878069205991384	0	0	0	0	0	0.726316350650096	0.810685739816855	0
0	0	0	0	0	0	0	0	0	0	0	0	0	0	0	0	0	0	0	0	0	0	0	0	0	0	0	0	0	0	0	0	0	0	0	0	0	0	0	0	0	0	0	0	0	0	0	0	0	0	0	0	0	0	0	0	0	0	0	0	0	0.948033932149581	0	0	0.600131083662894	0	0	0.910507559263355	0.874221100857399	0	0.681270918038105	0	0	0.848386266052038	0.572629583814636	0.989909732728636	0	0	0.551858706154528	0.697823648195487	0	0.85738268316937	0	0	0	0	0	0	0	0
0	0	0	0	0	0	0	0	0	0	0	0	0	0	0	0	0	0	0	0	0	0	0	0	0	0	0	0	0	0	0	0	0	0	0	0	0	0	0	0	0	0	0	0	0	0	0	0	0	0	0	0	0	0	0	0	0	0	0	0	0	0.745197982953117	0.883777757764479	0	0	0.637202878951713	0.90646810589901	0	0	0.58682845866642	0.880111501373004	0.887063883802564	0.986733645039174	0	0	0	0.943511817353931	0.747626557133394	0	0.729310438789258	0	0	0	0	0	0	0	0	0.866458738961594	0
0	0	0	0	0	0	0	0	0	0	0	0	0	0	0	0	0	0	0	0	0	0	0	0	0	0	0	0	0	0	0	0	0	0	0	0	0	0	0	0	0	0	0	0	0	0	0	0	0	0	0	0	0	0	0	0	0	0	0	0	0.714833924313127	0	0	0	0.952628670809707	0.791730509937006	0.964722014094647	0.987297299202099	0	0	0.919624902120378	0	0.744095236894818	0	0	0.548074860194351	0	0	0.829000270259812	0.668893713260054	0	0	0	0.592040850063642	0	0	0	0	0.512460513013739	0.955481086976297
0	0	0	0	0	0	0	0	0	0	0	0	0	0	0	0	0	0	0	0	0	0	0	0	0	0	0	0	0	0	0	0	0	0	0	0	0	0	0	0	0	0	0	0	0	0	0	0	0	0	0	0	0	0	0	0	0	0	0	0	0	0.866800057711308	0	0.70914763679545	0.997005888308477	0	0.913168987098426	0	0.693751091307494	0.675107115528516	0.633779576168102	0	0.631207918066205	0	0.618582512605015	0	0.878547218086481	0	0.643743460633436	0.797223984680842	0.96416588018951	0	0.945909453072239	0	0	0	0	0	0	0.912357359391149
0	0	0	0	0	0	0	0	0	0	0	0	0	0	0	0	0	0	0	0	0	0	0	0	0	0	0	0	0	0	0	0	0	0	0	0	0	0	0	0	0	0	0	0	0	0	0	0	0	0	0	0	0	0	0	0	0	0	0	0	0	0.591307592488966	0	0	0	0.769772147479363	0.623977054621768	0.659046663568209	0	0.849908675549187	0.853878358271859	0.647721399859823	0	0.660540256011699	0	0.529144692486054	0	0.554373745515187	0	0.630945757199409	0.821885857316816	0.779636918495491	0.782616608422095	0.894385936014061	0	0	0	0	0	0.703611880109705
0	0	0	0	0	0	0	0	0	0	0	0	0	0	0	0	0	0	0	0	0	0	0	0	0	0	0	0	0	0	0	0	0	0	0	0	0	0	0	0	0	0	0	0	0	0	0	0	0	0	0	0	0	0	0	0	0	0	0	0	0	0.83758040086226	0	0.555778448421446	0	0	0.855413727968049	0.971127708960683	0	0	0	0.950652348357257	0	0.758749887517562	0	0	0.637912974455546	0	0	0.869459947461176	0	0.608598546365624	0.589616210458212	0	0	0.774008431896818	0.759168618414211	0.5687213398877	0	0
0	0	0	0	0	0	0	0	0	0	0	0	0	0	0	0	0	0	0	0	0	0	0	0	0	0	0	0	0	0	0	0	0	0	0	0	0	0	0	0	0	0	0	0	0	0	0	0	0	0	0	0	0	0	0	0	0	0	0	0	0	0	0.945621538667973	0	0	0.734273083421151	0	0.56220705196223	0	0.531180008619335	0.763064603762792	0.5842305027732	0.927357119497053	0	0.998633824264975	0.571319770406168	0	0	0	0	0	0	0	0.782224289577224	0	0.897083992338714	0	0.73262634079355	0	0.885116890284661
0	0	0	0	0	0	0	0	0	0	0	0	0	0	0	0	0	0	0	0	0	0	0	0	0	0	0	0	0	0	0	0	0	0	0	0	0	0	0	0	0	0	0	0	0	0	0	0	0	0	0	0	0	0	0	0	0	0	0	0	0	0.781473551447719	0	0.817254992948565	0	0.733565744382766	0	0	0	0	0.853634538497058	0	0.531640580774125	0.561554546238317	0.858669170193245	0.646361883353578	0.986209802216368	0.911624229243244	0	0	0	0	0.590703514588632	0.752728186178537	0.870604457353822	0.682139440252651	0.624151934015044	0.546125757964918	0	0.908622059365481
0	0	0	0	0	0	0	0	0	0	0	0	0	0	0	0	0	0	0	0	0	0	0	0	0	0	0	0	0	0	0	0	0	0	0	0	0	0	0	0	0	0	0	0	0	0	0	0	0	0	0	0	0	0	0	0	0	0	0	0	0	0	0	0.82136007281672	0	0.539843166249531	0.61696902786382	0.573354581824384	0.938506719267557	0	0.962531318859994	0	0	0	0	0.932235303360222	0.859688061834195	0	0	0	0	0	0.980359578210559	0.86002728314723	0	0.667907651121876	0.651693014127178	0.585575690051839	0.971014734845264	0
0	0	0	0	0	0	0	0	0	0	0	0	0	0	0	0	0	0	0	0	0	0	0	0	0	0	0	0	0	0	0	0	0	0	0	0	0	0	0	0	0	0	0	0	0	0	0	0	0	0	0	0	0	0	0	0	0	0	0	0	0	0	0	0	0.519463580547071	0.601735765610697	0.643113762998609	0.537846734407549	0	0	0	0.939298548080093	0.618291394817935	0	0	0	0.598822924645953	0.841345694465176	0	0	0	0	0.762990302501015	0.620431428173969	0.976734720027096	0.92052479991488	0.640460720598677	0.964702903255333	0	0.923863682030402
0	0	0	0	0	0	0	0	0	0	0	0	0	0	0	0	0	0	0	0	0	0	0	0	0	0	0	0	0	0	0	0	0	0	0	0	0	0	0	0	0	0	0	0	0	0	0	0	0	0	0	0	0	0	0	0	0	0	0	0	0	0	0.680314462417045	0	0	0.791573641167484	0.822100339585623	0.872364436844336	0.871022115050454	0.979264914432762	0	0	0	0	0	0.773404212482092	0.683534839603557	0.960100378956466	0	0.829437176026658	0.986723152346914	0.815555288327946	0	0.575907530285087	0.975858043517147	0.995518866707685	0.851953152069122	0	0.677925549129054	0.558921660021922
0	0	0	0	0	0	0	0	0	0	0	0	0	0	0	0	0	0	0	0	0	0	0	0	0	0	0	0	0	0	0	0	0	0	0	0	0	0	0	0	0	0	0	0	0	0	0	0	0	0	0	0	0	0	0	0	0	0	0	0	0	0	0.974330973983462	0	0.804751930632373	0.804712385528898	0	0	0	0	0.856909085621512	0	0	0	0.782450207077674	0	0.92202535980503	0	0.88516091566141	0.744116845012658	0.926443756617246	0.589564348217039	0.894803174651782	0	0.542771573141605	0	0	0.565753259743509	0	0.800498240106325
0	0	0	0	0	0	0	0	0	0	0	0	0	0	0	0	0	0	0	0	0	0	0	0	0	0	0	0	0	0	0	0	0	0	0	0	0	0	0	0	0	0	0	0	0	0	0	0	0	0	0	0	0	0	0	0	0	0	0	0	0.525593718999773	0.751347258747688	0	0	0.589410181006723	0	0	0	0.960710493091014	0.827468667894477	0	0	0	0	0	0	0	0	0	0.504212155383989	0	0.835959373756184	0.777201799206291	0.510517701691463	0	0	0.882910496316033	0.534732756756085	0	0.869421424679685
0	0	0	0	0	0	0	0	0	0	0	0	0	0	0	0	0	0	0	0	0	0	0	0	0	0	0	0	0	0	0	0	0	0	0	0	0	0	0	0	0	0	0	0	0	0	0	0	0	0	0	0	0	0	0	0	0	0	0	0	0.612455558873255	0	0	0.763517098812867	0.848299242322545	0	0.659076768679106	0	0.814895498511187	0	0	0	0	0	0	0	0	0.836796710244144	0.999431086047316	0.587629393091279	0.759437011985113	0.971207967716848	0.823217315509213	0	0	0	0	0	0.66213082448934	0.815878751409967
0	0	0	0	0	0	0	0	0	0	0	0	0	0	0	0	0	0	0	0	0	0	0	0	0	0	0	0	0	0	0	0	0	0	0	0	0	0	0	0	0	0	0	0	0	0	0	0	0	0	0	0	0	0	0	0	0	0	0	0	0	0.969061192243758	0.561534933545915	0	0	0.852007576568516	0.821582671437834	0.931666209318294	0	0.828309123862725	0.533569254363341	0	0	0	0	0	0	0.557661497160386	0	0.923490675319205	0.692022430039791	0.928006195239629	0.601483434956222	0	0.982481031472872	0	0	0	0.681588654977707	0.882648232410665
0	0	0	0	0	0	0	0	0	0	0	0	0	0	0	0	0	0	0	0	0	0	0	0	0	0	0	0	0	0	0	0	0	0	0	0	0	0	0	0	0	0	0	0	0	0	0	0	0	0	0	0	0	0	0	0	0	0	0	0	0	0.768754988272068	0.913717355145114	0.918576024961425	0	0	0	0	0	0	0	0.579947319523432	0	0	0	0	0	0.645916678459682	0.633730426743051	0.508086190865404	0.60939599187828	0.512319227937873	0	0.872548524862457	0.503017562756736	0	0	0	0	0.855869749929822
0	0	0	0	0	0	0	0	0	0	0	0	0	0	0	0	0	0	0	0	0	0	0	0	0	0	0	0	0	0	0	0	0	0	0	0	0	0	0	0	0	0	0	0	0	0	0	0	0	0	0	0	0	0	0	0	0	0	0	0	0	0.638214849076634	0.704134424195316	0	0	0.641771968011565	0.732773169809561	0	0.633175419557569	0.86582324850721	0.865626802561133	0.540690140339568	0	0.86264932472388	0.659165388018564	0	0	0	0	0	0.741525716588568	0	0.922336316445776	0	0	0.588685390882789	0.833630794054832	0	0	0.94338538384247
0	0	0	0	0	0	0	0	0	0	0	0	0	0	0	0	0	0	0	0	0	0	0	0	0	0	0	0	0	0	0	0	0	0	0	0	0	0	0	0	0	0	0	0	0	0	0	0	0	0	0	0	0	0	0	0	0	0	0	0	0	0	0	0.771787592315803	0.676293389241271	0	0.720744479210507	0	0	0.650977335537039	0	0	0	0	0.914131073355627	0.973119747280029	0.611654029337067	0	0.801007054869908	0.566874702486135	0	0.873850199654507	0.991360447098813	0.881837182279098	0.579665010370626	0.788354559629299	0.93853118038825	0.867548491808002	0.712364564120185	0
