0	0.508712487184314	0.687307399764686	0.546259467810095	0.755364178908069	0.820362431287144	0.500815418137634	0	0	0	0	0	0.981114349612499	0.99390905837962	0.875909892057263	0.688638651311513	0.954305545892645	0.741612462153768	0	0	0	0	0	0	0	0	0	0	0	0	0	0	0	0	0	0	0	0	0	0	0	0	0	0	0	0	0	0	0	0	0	0	0	0	0	0	0	0	0	0	0	0	0	0	0	0	0	0	0	0	0	0	0	0	0	0	0	0	0	0	0	0	0	0	0	0	0	0	0	0
0.7473978257668	0	0.918335400828925	0.908206617532077	0.602521271268609	0.758355417108448	0.961152135741697	0.827315165704172	0	0	0	0	0	0.544081314965773	0.53883936989664	0.883385557868036	0.882453215382415	0.884350060474881	0	0	0	0	0	0	0	0	0	0	0	0	0	0	0	0	0	0	0	0	0	0	0	0	0	0	0	0	0	0	0	0	0	0	0	0	0	0	0	0	0	0	0	0	0	0	0	0	0	0	0	0	0	0	0	0	0	0	0	0	0	0	0	0	0	0	0	0	0	0	0	0
0.793444865898927	0.563690269630189	0	0.738661292559333	0.758547154357256	0.681702689763397	0.555276327029704	0.741190793265431	0.768686424554358	0	0	0	0	0	0.623364262613483	0.935404477835735	0.726519663787567	0.592502944171187	0	0	0	0	0	0	0	0	0	0	0	0	0	0	0	0	0	0	0	0	0	0	0	0	0	0	0	0	0	0	0	0	0	0	0	0	0	0	0	0	0	0	0	0	0	0	0	0	0	0	0	0	0	0	0	0	0	0	0	0	0	0	0	0	0	0	0	0	0	0	0	0
0.771700086401682	0.932920498582064	0.584369596084457	0	0.642554805711365	0.775918302627931	0.668048612018451	0.739439970504378	0.829522547813855	0.518715825507816	0	0	0	0	0	0.693058997020343	0.955225267424581	0.570522395360666	0	0	0	0	0	0	0	0	0	0	0	0	0	0	0	0	0	0	0	0	0	0	0	0	0	0	0	0	0	0	0	0	0	0	0	0	0	0	0	0	0	0	0	0	0	0	0	0	0	0	0	0	0	0	0	0	0	0	0	0	0	0	0	0	0	0	0	0	0	0	0	0
0.963460047844334	0.553828375214304	0.545731043203297	0.771457481234511	0	0.741466752279572	0.704041956487176	0.874520565427286	0.575464825616433	0.818876051329847	0.934491616178283	0	0	0.824635857605393	0	0	0.998656071417062	0.872411690310842	0	0	0	0	0	0	0	0	0	0	0	0	0	0	0	0	0	0	0	0	0	0	0	0	0	0	0	0	0	0	0	0	0	0	0	0	0	0	0	0	0	0	0	0	0	0	0	0	0	0	0	0	0	0	0	0	0	0	0	0	0	0	0	0	0	0	0	0	0	0	0	0
0.655091459917825	0.690246002052387	0.678327374931189	0.795766412839519	0.911178399108823	0	0.860123893251297	0.848357723856159	0.695038195202486	0.531771494452961	0.786883041145256	0.676076403533439	0	0	0	0	0	0.765337061274076	0	0	0	0	0	0	0	0	0	0	0	0	0	0	0	0	0	0	0	0	0	0	0	0	0	0	0	0	0	0	0	0	0	0	0	0	0	0	0	0	0	0	0	0	0	0	0	0	0	0	0	0	0	0	0	0	0	0	0	0	0	0	0	0	0	0	0	0	0	0	0	0
0.90702633602717	0.529365906941617	0.988729965683617	0.733219379035881	0.551336724121639	0.950226981055498	0	0.880808171694912	0.746120051029753	0.999977409405953	0.808816985140999	0.598760085431847	0.905473282484165	0	0	0	0	0	0	0	0	0	0	0	0	0	0	0	0	0	0	0	0	0	0	0	0	0	0	0	0	0	0	0	0	0	0	0	0	0	0	0	0	0	0	0	0	0	0	0	0	0	0	0	0	0	0	0	0	0	0	0	0	0	0	0	0	0	0	0	0	0	0	0	0	0	0	0	0	0
0	0.754152524347726	0.509584348297964	0.886329109078031	0.672770098135175	0.953062073638461	0.913692227811158	0	0.991283497559265	0.823719263268394	0.682012689940406	0.595257062415564	0.581821160422464	0.852235846133921	0.64314406174808	0	0	0	0	0	0	0	0	0	0	0	0	0	0	0	0	0	0	0	0	0	0	0	0	0	0	0	0	0	0	0	0	0	0	0	0	0	0	0	0	0	0	0	0	0	0	0	0	0	0	0	0	0	0	0	0	0	0	0	0	0	0	0	0	0	0	0	0	0	0	0	0	0	0	0
0	0	0.706596972295057	0.822765229201244	0.828109018090797	0.862616982487169	0.963746293167681	0.886547078217027	0	0.507175563509125	0.676625219368161	0.656996249628909	0.702759974856936	0.930278828338386	0.788530156456293	0	0	0	0	0	0	0	0	0	0	0	0	0	0	0	0	0	0	0	0	0	0	0	0	0	0	0	0	0	0	0	0	0	0	0	0	0	0	0	0	0	0	0	0	0	0	0	0	0	0	0	0	0	0	0	0	0	0	0	0	0	0	0	0	0	0	0	0	0	0	0	0	0	0	0
0	0	0	0.952526589534717	0.5254453573705	0.805719305470612	0.927135724059441	0.657260687477608	0.648087321673577	0	0.774024434151074	0.808846381075759	0.7431900121301	0.571815313655001	0.893767677969596	0.667691632439501	0	0	0	0	0	0	0	0	0	0	0	0	0	0	0	0	0	0	0	0	0	0	0	0	0	0	0	0	0	0	0	0	0	0	0	0	0	0	0	0	0	0	0	0	0	0	0	0	0	0	0	0	0	0	0	0	0	0	0	0	0	0	0	0	0	0	0	0	0	0	0	0	0	0
0	0	0	0	0.907499461514589	0.71325934114533	0.589744826560158	0.98418927246421	0.591684928177437	0.542585434158392	0	0.511660181437633	0.987363496231318	0.765507183942646	0.731704292464749	0.966792963735358	0.681927155108087	0	0	0	0	0	0	0	0	0	0	0	0	0	0	0	0	0	0	0	0	0	0	0	0	0	0	0	0	0	0	0	0	0	0	0	0	0	0	0	0	0	0	0	0	0	0	0	0	0	0	0	0	0	0	0	0	0	0	0	0	0	0	0	0	0	0	0	0	0	0	0	0	0
0	0	0	0	0	0.503201061493649	0.542945600418577	0.988390948811215	0.705043291107662	0.837198543948497	0.602827362744274	0	0.572378357173635	0.583338440220232	0.504285897930998	0.980406891334573	0.590247832934442	0.636334812080714	0	0	0	0	0	0	0	0	0	0	0	0	0	0	0	0	0	0	0	0	0	0	0	0	0	0	0	0	0	0	0	0	0	0	0	0	0	0	0	0	0	0	0	0	0	0	0	0	0	0	0	0	0	0	0	0	0	0	0	0	0	0	0	0	0	0	0	0	0	0	0	0
0.611044424159387	0	0	0	0	0	0.773621585390598	0.668629388084517	0.871505900901994	0.627742095690703	0.65044001746365	0.655562182490026	0	0.828436371466391	0.58567118351741	0.651292187896264	0.722223894557544	0.518260980428886	0	0	0	0	0	0	0	0	0	0	0	0	0	0	0	0	0	0	0	0	0	0	0	0	0	0	0	0	0	0	0	0	0	0	0	0	0	0	0	0	0	0	0	0	0	0	0	0	0	0	0	0	0	0	0	0	0	0	0	0	0	0	0	0	0	0	0	0	0	0	0	0
0.845175750323611	0.920385551401722	0	0	0.612005994605103	0	0	0.841153208483363	0.644514924689286	0.893247007284862	0.709553599021284	0.549578130479276	0.556184385566132	0	0	0.724178319351305	0.95239730527817	0.984847416144033	0	0	0	0	0	0	0	0	0	0	0	0	0	0	0	0	0	0	0	0	0	0	0	0	0	0	0	0	0	0	0	0	0	0	0	0	0	0	0	0	0	0	0	0	0	0	0	0	0	0	0	0	0	0	0	0	0	0	0	0	0	0	0	0	0	0	0	0	0	0	0	0
0.836095903971264	0.832941802819452	0.946190797463188	0	0	0	0	0.773880179856785	0.715527906952135	0.908157646501612	0.799671195981596	0.979516487293478	0.847200689131538	0	0	0.73390239163785	0	0.872976863500213	0	0	0	0	0	0	0	0	0	0	0	0	0	0	0	0	0	0	0	0	0	0	0	0	0	0	0	0	0	0	0	0	0	0	0	0	0	0	0	0	0	0	0	0	0	0	0	0	0	0	0	0	0	0	0	0	0	0	0	0	0	0	0	0	0	0	0	0	0	0	0	0
0.752815374871297	0.623542784728303	0.673985030190473	0.706179437639642	0	0	0	0	0	0.827504870064503	0.763199393818588	0.97152185069819	0.739436824468602	0.662928765095951	0.5369919099234	0	0.771256920307557	0.845727618127679	0	0	0	0	0	0	0	0	0	0	0	0	0	0	0	0	0	0	0	0	0	0	0	0	0	0	0	0	0	0	0	0	0	0	0	0	0	0	0	0	0	0	0	0	0	0	0	0	0	0	0	0	0	0	0	0	0	0	0	0	0	0	0	0	0	0	0	0	0	0	0	0
0.655797029533256	0.590515011825178	0.838959734532652	0.553777481119473	0.740554435482199	0	0	0	0	0	0.754506082330408	0.626982555038765	0.842564892235141	0.923395495701206	0	0.835379848504759	0	0.542715005242851	0	0	0	0	0	0	0	0	0	0	0	0	0	0	0	0	0	0	0	0	0	0	0	0	0	0	0	0	0	0	0	0	0	0	0	0	0	0	0	0	0	0	0	0	0	0	0	0	0	0	0	0	0	0	0	0	0	0	0	0	0	0	0	0	0	0	0	0	0	0	0	0
0.522664060344112	0.879716853200474	0.700360652190186	0.616607818010352	0.53076776520046	0.879844713111837	0	0	0	0	0	0.516340738352246	0.920446059907477	0.534070287931868	0.849155741488284	0.586199420323454	0.700924523967454	0	0	0	0	0	0	0	0	0	0	0	0	0	0	0	0	0	0	0	0	0	0	0	0	0	0	0	0	0	0	0	0	0	0	0	0	0	0	0	0	0	0	0	0	0	0	0	0	0	0	0	0	0	0	0	0	0	0	0	0	0	0	0	0	0	0	0	0	0	0	0	0	0
0	0	0	0	0	0	0	0	0	0	0	0	0	0	0	0	0	0	0	0.940472593522481	0.904383657009137	0.910373941989974	0.762520339710973	0.539308429648572	0	0	0	0	0	0	0	0.753144875311617	0.714372717724533	0.753411477172525	0.653139939223647	0.740909800691228	0	0	0	0	0	0	0	0	0	0	0	0	0	0	0	0	0	0	0	0	0	0	0	0	0	0	0	0	0	0	0	0	0	0	0	0	0	0	0	0	0	0	0	0	0	0	0	0	0	0	0	0	0	0
0	0	0	0	0	0	0	0	0	0	0	0	0	0	0	0	0	0	0.74732812203058	0	0.64100894377136	0.989010162561698	0.696324113416638	0.858714654924021	0.846381389922398	0	0	0	0	0	0	0	0.546825426572114	0.914583675243265	0.924988386293447	0.636327568583682	0	0	0	0	0	0	0	0	0	0	0	0	0	0	0	0	0	0	0	0	0	0	0	0	0	0	0	0	0	0	0	0	0	0	0	0	0	0	0	0	0	0	0	0	0	0	0	0	0	0	0	0	0	0
0	0	0	0	0	0	0	0	0	0	0	0	0	0	0	0	0	0	0.514142014963376	0.772849561170775	0	0.500867375419177	0.787436429734162	0.97900784990418	0.722043122405536	0.70524252048156	0	0	0	0	0	0	0	0.683006326410744	0.642479431273865	0.86551843549367	0	0	0	0	0	0	0	0	0	0	0	0	0	0	0	0	0	0	0	0	0	0	0	0	0	0	0	0	0	0	0	0	0	0	0	0	0	0	0	0	0	0	0	0	0	0	0	0	0	0	0	0	0	0
0	0	0	0	0	0	0	0	0	0	0	0	0	0	0	0	0	0	0.528922762673295	0.875800899822488	0.933945172658587	0	0.66366946552932	0.990572558591247	0.787840558609222	0.91652530786177	0.704529030065428	0	0	0	0	0	0	0	0.998096588244072	0.646869492297621	0	0	0	0	0	0	0	0	0	0	0	0	0	0	0	0	0	0	0	0	0	0	0	0	0	0	0	0	0	0	0	0	0	0	0	0	0	0	0	0	0	0	0	0	0	0	0	0	0	0	0	0	0	0
0	0	0	0	0	0	0	0	0	0	0	0	0	0	0	0	0	0	0.745051877083485	0.511689985087592	0.705001806475507	0.870595189908332	0	0.620250808946539	0.895294549737689	0.96333665476911	0.761102392899687	0.842107085111357	0	0	0	0	0	0	0	0.684557391518896	0	0	0	0	0	0	0	0	0	0	0	0	0	0	0	0	0	0	0	0	0	0	0	0	0	0	0	0	0	0	0	0	0	0	0	0	0	0	0	0	0	0	0	0	0	0	0	0	0	0	0	0	0	0
0	0	0	0	0	0	0	0	0	0	0	0	0	0	0	0	0	0	0.782909203125898	0.559841351250747	0.887990140423004	0.677605560965228	0.800899841508603	0	0.543386174032123	0.725210135947133	0.882765305365643	0.855011378063917	0.576000551231898	0	0	0	0	0	0	0	0	0	0	0	0	0	0	0	0	0	0	0	0	0	0	0	0	0	0	0	0	0	0	0	0	0	0	0	0	0	0	0	0	0	0	0	0	0	0	0	0	0	0	0	0	0	0	0	0	0	0	0	0	0
0	0	0	0	0	0	0	0	0	0	0	0	0	0	0	0	0	0	0	0.678702537377515	0.931887597739371	0.558164463374669	0.833368887918934	0.516094359966568	0	0.500998466454877	0.588004173902545	0.887984735638497	0.679108139143876	0.993629214926026	0	0	0	0	0	0	0	0	0	0	0	0	0	0	0	0	0	0	0	0	0	0	0	0	0	0	0	0	0	0	0	0	0	0	0	0	0	0	0	0	0	0	0	0	0	0	0	0	0	0	0	0	0	0	0	0	0	0	0	0
0	0	0	0	0	0	0	0	0	0	0	0	0	0	0	0	0	0	0	0	0.687258703671199	0.824407054662264	0.866487633145594	0.792809389813468	0.908172183371984	0	0.650112575179263	0.572867076444097	0.758021368159479	0.998168471797779	0.621103029386624	0	0	0	0	0	0	0	0	0	0	0	0	0	0	0	0	0	0	0	0	0	0	0	0	0	0	0	0	0	0	0	0	0	0	0	0	0	0	0	0	0	0	0	0	0	0	0	0	0	0	0	0	0	0	0	0	0	0	0
0	0	0	0	0	0	0	0	0	0	0	0	0	0	0	0	0	0	0	0	0	0.631747721066363	0.70336265848081	0.638078494337227	0.548402572553101	0.851191450390877	0	0.908393632688093	0.712704083903501	0.665334684754148	0.955392458510985	0.578138612106207	0	0	0	0	0	0	0	0	0	0	0	0	0	0	0	0	0	0	0	0	0	0	0	0	0	0	0	0	0	0	0	0	0	0	0	0	0	0	0	0	0	0	0	0	0	0	0	0	0	0	0	0	0	0	0	0	0	0
0	0	0	0	0	0	0	0	0	0	0	0	0	0	0	0	0	0	0	0	0	0	0.946537453071559	0.62562717185082	0.671983412126048	0.626788289851209	0.735660371335489	0	0.981627515940184	0.596867828539971	0.933650185960587	0.929987576213541	0.738545394277007	0	0	0	0	0	0	0	0	0	0	0	0	0	0	0	0	0	0	0	0	0	0	0	0	0	0	0	0	0	0	0	0	0	0	0	0	0	0	0	0	0	0	0	0	0	0	0	0	0	0	0	0	0	0	0	0	0
0	0	0	0	0	0	0	0	0	0	0	0	0	0	0	0	0	0	0	0	0	0	0	0.619570674574959	0.633297424254444	0.552624483681123	0.890268468900834	0.71951687520539	0	0.684094244941891	0.891376238322976	0.670620367046057	0	0.929040251068391	0.678051179982707	0	0	0	0	0	0	0	0	0	0	0	0	0	0	0	0	0	0	0	0	0	0	0	0	0	0	0	0	0	0	0	0	0	0	0	0	0	0	0	0	0	0	0	0	0	0	0	0	0	0	0	0	0	0	0
0	0	0	0	0	0	0	0	0	0	0	0	0	0	0	0	0	0	0	0	0	0	0	0	0.790801994545879	0.674748559245385	0.671438711475128	0.805420759258364	0.774851939826815	0	0.559514103320456	0.797045531512276	0.794263999972684	0.543398274233188	0.807298262836719	0	0	0	0	0	0	0	0	0	0	0	0	0	0	0	0	0	0	0	0	0	0	0	0	0	0	0	0	0	0	0	0	0	0	0	0	0	0	0	0	0	0	0	0	0	0	0	0	0	0	0	0	0	0	0
0	0	0	0	0	0	0	0	0	0	0	0	0	0	0	0	0	0	0	0	0	0	0	0	0	0.754965135053984	0.604592354007613	0.519008056911233	0.656373998084204	0.662730432171779	0	0.730907442640069	0.891361000273004	0.892113508015816	0.839502742105941	0.561391821067901	0	0	0	0	0	0	0	0	0	0	0	0	0	0	0	0	0	0	0	0	0	0	0	0	0	0	0	0	0	0	0	0	0	0	0	0	0	0	0	0	0	0	0	0	0	0	0	0	0	0	0	0	0	0
0	0	0	0	0	0	0	0	0	0	0	0	0	0	0	0	0	0	0.715978575705759	0	0	0	0	0	0	0	0.714797600402456	0.653326965284724	0.887414716030167	0.618461207073673	0.93777491104185	0	0.813416069104351	0.846133498357241	0.92850878384881	0.955134077966226	0	0	0	0	0	0	0	0	0	0	0	0	0	0	0	0	0	0	0	0	0	0	0	0	0	0	0	0	0	0	0	0	0	0	0	0	0	0	0	0	0	0	0	0	0	0	0	0	0	0	0	0	0	0
0	0	0	0	0	0	0	0	0	0	0	0	0	0	0	0	0	0	0.718689941831323	0.681362173220203	0	0	0	0	0	0	0	0.856728476442071	0	0.916677269475538	0.603968393475348	0.846146483567998	0	0.620472981205949	0.991758862639069	0.535060226171659	0	0	0	0	0	0	0	0	0	0	0	0	0	0	0	0	0	0	0	0	0	0	0	0	0	0	0	0	0	0	0	0	0	0	0	0	0	0	0	0	0	0	0	0	0	0	0	0	0	0	0	0	0	0
0	0	0	0	0	0	0	0	0	0	0	0	0	0	0	0	0	0	0.539964278216218	0.651996950534515	0.922080087027638	0	0	0	0	0	0	0	0.697860136911231	0.638107017347943	0.817078890980558	0.753571498174306	0.736026937870095	0	0.716578875909497	0.896847196964148	0	0	0	0	0	0	0	0	0	0	0	0	0	0	0	0	0	0	0	0	0	0	0	0	0	0	0	0	0	0	0	0	0	0	0	0	0	0	0	0	0	0	0	0	0	0	0	0	0	0	0	0	0	0
0	0	0	0	0	0	0	0	0	0	0	0	0	0	0	0	0	0	0.968111063810778	0.530594408828374	0.868179561047224	0.947374126198353	0	0	0	0	0	0	0.605855160889457	0.679206560840447	0.566670958840425	0.504986090573513	0.632848335314753	0.790613419447065	0	0.945319184040354	0	0	0	0	0	0	0	0	0	0	0	0	0	0	0	0	0	0	0	0	0	0	0	0	0	0	0	0	0	0	0	0	0	0	0	0	0	0	0	0	0	0	0	0	0	0	0	0	0	0	0	0	0	0
0	0	0	0	0	0	0	0	0	0	0	0	0	0	0	0	0	0	0.817222720783748	0.99905929941823	0.60657981660513	0.983921430683391	0.686256151927024	0	0	0	0	0	0	0	0.761437852106311	0.77072317465845	0.572895106500498	0.805979046180715	0.637530851104529	0	0	0	0	0	0	0	0	0	0	0	0	0	0	0	0	0	0	0	0	0	0	0	0	0	0	0	0	0	0	0	0	0	0	0	0	0	0	0	0	0	0	0	0	0	0	0	0	0	0	0	0	0	0	0
0	0	0	0	0	0	0	0	0	0	0	0	0	0	0	0	0	0	0	0	0	0	0	0	0	0	0	0	0	0	0	0	0	0	0	0	0	0.914640173116748	0.813190765184664	0.814352377448001	0.87102810879223	0.808578565682729	0.996721904901027	0.625776801084347	0.53118459425953	0.812748519292541	0.695778910235626	0.725522833478764	0.514183805095006	0.858427061548792	0.69646055366621	0.864175778428197	0.516634139909656	0	0	0	0	0	0	0	0	0	0	0	0	0	0	0	0	0	0	0	0	0	0	0	0	0	0	0	0	0	0	0	0	0	0	0	0	0
0	0	0	0	0	0	0	0	0	0	0	0	0	0	0	0	0	0	0	0	0	0	0	0	0	0	0	0	0	0	0	0	0	0	0	0	0.96174105111688	0	0.73576707150385	0.629876450092152	0.832157773459662	0.691489986050484	0.510223685002748	0.84872885113231	0	0	0	0.563599890260053	0	0.60166001415184	0.755754561981878	0.935499941057325	0.695015570207155	0.69194904337132	0	0	0	0	0	0	0	0	0	0	0	0	0	0	0	0	0	0	0	0	0	0	0	0	0	0	0	0	0	0	0	0	0	0	0	0
0	0	0	0	0	0	0	0	0	0	0	0	0	0	0	0	0	0	0	0	0	0	0	0	0	0	0	0	0	0	0	0	0	0	0	0	0.751581140251666	0.646435109170486	0	0.982236280496732	0	0.636133926597461	0.737708832691489	0.564765151775042	0.885566521756455	0.92131705975223	0.532961266934964	0	0.828594676010409	0.634240276877244	0.912230993979305	0	0.583168689549077	0	0	0	0	0	0	0	0	0	0	0	0	0	0	0	0	0	0	0	0	0	0	0	0	0	0	0	0	0	0	0	0	0	0	0	0	0
0	0	0	0	0	0	0	0	0	0	0	0	0	0	0	0	0	0	0	0	0	0	0	0	0	0	0	0	0	0	0	0	0	0	0	0	0.753017154736151	0.95367662392247	0.869114513582629	0	0.739010976940071	0.821803293211873	0.692596977860347	0.977793515705884	0	0.703558417328791	0.943117850125659	0.721196902435936	0.950513433673548	0.534376580989716	0.508001467424231	0	0.845064557276192	0.911705786136493	0	0	0	0	0	0	0	0	0	0	0	0	0	0	0	0	0	0	0	0	0	0	0	0	0	0	0	0	0	0	0	0	0	0	0	0
0	0	0	0	0	0	0	0	0	0	0	0	0	0	0	0	0	0	0	0	0	0	0	0	0	0	0	0	0	0	0	0	0	0	0	0	0.919585940319139	0.630122251940929	0	0.511444134648648	0	0.907815300908534	0.892303633591913	0.762163600215726	0.787399417158879	0.554431371383192	0.649231770728498	0	0.988737176365172	0.975299719790702	0.932927404572805	0.758223990242096	0.761725585406883	0.676137834722765	0	0	0	0	0	0	0	0	0	0	0	0	0	0	0	0	0	0	0	0	0	0	0	0	0	0	0	0	0	0	0	0	0	0	0	0
0	0	0	0	0	0	0	0	0	0	0	0	0	0	0	0	0	0	0	0	0	0	0	0	0	0	0	0	0	0	0	0	0	0	0	0	0.585290909388643	0.930738491614205	0.577783913369959	0.658480775816091	0.713695720000375	0	0.687225436624674	0.782654178002928	0.625116562142174	0.512148408167841	0.700432848038902	0	0	0.519607530332493	0.565868824045941	0	0.598679692639491	0.98383056561992	0	0	0	0	0	0	0	0	0	0	0	0	0	0	0	0	0	0	0	0	0	0	0	0	0	0	0	0	0	0	0	0	0	0	0	0
0	0	0	0	0	0	0	0	0	0	0	0	0	0	0	0	0	0	0	0	0	0	0	0	0	0	0	0	0	0	0	0	0	0	0	0	0.706788458229423	0.603842668511203	0.946886020831676	0.793626242083399	0.817459620621746	0.907192265437966	0	0.727669278700395	0	0.889341359384332	0	0.784348332342693	0.956542563941775	0.889707471172387	0.896324327500976	0.988584726871416	0	0.712703752431994	0	0	0	0	0	0	0	0	0	0	0	0	0	0	0	0	0	0	0	0	0	0	0	0	0	0	0	0	0	0	0	0	0	0	0	0
0	0	0	0	0	0	0	0	0	0	0	0	0	0	0	0	0	0	0	0	0	0	0	0	0	0	0	0	0	0	0	0	0	0	0	0	0.914505936650628	0.68264114619222	0.808602088881397	0.596074407040932	0.729200568756534	0.57797642090578	0.60625836387174	0	0.740402898365375	0.993298369444775	0	0.940896112294384	0.819593239145159	0.841402223552468	0.923024056684766	0	0.674519009793842	0.665128454847995	0	0	0	0	0	0	0	0	0	0	0	0	0	0	0	0	0	0	0	0	0	0	0	0	0	0	0	0	0	0	0	0	0	0	0	0
0	0	0	0	0	0	0	0	0	0	0	0	0	0	0	0	0	0	0	0	0	0	0	0	0	0	0	0	0	0	0	0	0	0	0	0	0.707859151208971	0	0.687544466010478	0	0.575953712827466	0.547238684025038	0	0.640997150685953	0	0.550930284932063	0.66802439941459	0.812773105492684	0.751727401938076	0.691426332738484	0.790591765247857	0.726799881944064	0.582012262471629	0	0	0	0	0	0	0	0	0	0	0	0	0	0	0	0	0	0	0	0	0	0	0	0	0	0	0	0	0	0	0	0	0	0	0	0	0
0	0	0	0	0	0	0	0	0	0	0	0	0	0	0	0	0	0	0	0	0	0	0	0	0	0	0	0	0	0	0	0	0	0	0	0	0.975436048396371	0	0.785872964029945	0.988961417374983	0.97864720755427	0.924697284278207	0.53936655985731	0.983988211593401	0.938608729590358	0	0.699830844330275	0.517772633584353	0.870290441161202	0.825698819318676	0.778239708772875	0.715764685525421	0.840559619919625	0	0	0	0	0	0	0	0	0	0	0	0	0	0	0	0	0	0	0	0	0	0	0	0	0	0	0	0	0	0	0	0	0	0	0	0	0
0	0	0	0	0	0	0	0	0	0	0	0	0	0	0	0	0	0	0	0	0	0	0	0	0	0	0	0	0	0	0	0	0	0	0	0	0.764410665327689	0	0.952689366352023	0.870319939938463	0.627795162798487	0.63775198108827	0	0	0.534507627860681	0.760692345884243	0	0.878424031982466	0.756424145946813	0.923275810973239	0.693636786524349	0.526588845015107	0.734600703676477	0.79581869009234	0	0	0	0	0	0	0	0	0	0	0	0	0	0	0	0	0	0	0	0	0	0	0	0	0	0	0	0	0	0	0	0	0	0	0	0
0	0	0	0	0	0	0	0	0	0	0	0	0	0	0	0	0	0	0	0	0	0	0	0	0	0	0	0	0	0	0	0	0	0	0	0	0.949369520941698	0.829841430136753	0	0.56918461574301	0	0	0.892255777728356	0.563087112048491	0.565682322629475	0.537965685058041	0.502185633996161	0	0.716116116352253	0.882138969088374	0.737158040649604	0.646529224085671	0	0.959878915452686	0	0	0	0	0	0	0	0	0	0	0	0	0	0	0	0	0	0	0	0	0	0	0	0	0	0	0	0	0	0	0	0	0	0	0	0
0	0	0	0	0	0	0	0	0	0	0	0	0	0	0	0	0	0	0	0	0	0	0	0	0	0	0	0	0	0	0	0	0	0	0	0	0.758014060935501	0	0.816188276253917	0.523897351098589	0.537169873548615	0	0.632904818795991	0.605260203825946	0.656973517131583	0.98877477709921	0.998381450681505	0.887426257214544	0	0	0	0.821589913459079	0.902163859482434	0.874532658380358	0	0	0	0	0	0	0	0	0	0	0	0	0	0	0	0	0	0	0	0	0	0	0	0	0	0	0	0	0	0	0	0	0	0	0	0
0	0	0	0	0	0	0	0	0	0	0	0	0	0	0	0	0	0	0	0	0	0	0	0	0	0	0	0	0	0	0	0	0	0	0	0	0.760350569227894	0.647552030785935	0.575606187565007	0.549800192525263	0.566340881868307	0.643591419663811	0.895323380864677	0.70420361351126	0.567457005311658	0.670652191010961	0.957855937791161	0.88417708368275	0	0	0.774295128745757	0.72768860249091	0	0.722230015582275	0	0	0	0	0	0	0	0	0	0	0	0	0	0	0	0	0	0	0	0	0	0	0	0	0	0	0	0	0	0	0	0	0	0	0	0
0	0	0	0	0	0	0	0	0	0	0	0	0	0	0	0	0	0	0	0	0	0	0	0	0	0	0	0	0	0	0	0	0	0	0	0	0.746464405427363	0.785658922354344	0.851504169848136	0.88128071499673	0.862582020434135	0.885970608436848	0.948762652516838	0.594359520243881	0.689607222160687	0.787962213633095	0.512171473429902	0.893664587838557	0	0.801722325934735	0	0.819555097515232	0.749303972290418	0	0	0	0	0	0	0	0	0	0	0	0	0	0	0	0	0	0	0	0	0	0	0	0	0	0	0	0	0	0	0	0	0	0	0	0	0
0	0	0	0	0	0	0	0	0	0	0	0	0	0	0	0	0	0	0	0	0	0	0	0	0	0	0	0	0	0	0	0	0	0	0	0	0.899167482921314	0.727256971153703	0	0	0.843181746840503	0	0.513908111993266	0	0.623795139973522	0.839740191733132	0.904813087390796	0.524848830693224	0.530115503397605	0.590239281048055	0.623359746696094	0	0.799534227094069	0.665660177901998	0	0	0	0	0	0	0	0	0	0	0	0	0	0	0	0	0	0	0	0	0	0	0	0	0	0	0	0	0	0	0	0	0	0	0	0
0	0	0	0	0	0	0	0	0	0	0	0	0	0	0	0	0	0	0	0	0	0	0	0	0	0	0	0	0	0	0	0	0	0	0	0	0.785092594255934	0.673701432080565	0.779854800523972	0.736921068158343	0.681392616788429	0.595871262475772	0	0.527979742618944	0.69421397905568	0.697115865020593	0.652681195131264	0	0.841007984732897	0	0.92026025170266	0.546306550488433	0	0.536425208430417	0	0	0	0	0	0	0	0	0	0	0	0	0	0	0	0	0	0	0	0	0	0	0	0	0	0	0	0	0	0	0	0	0	0	0	0
0	0	0	0	0	0	0	0	0	0	0	0	0	0	0	0	0	0	0	0	0	0	0	0	0	0	0	0	0	0	0	0	0	0	0	0	0	0.603662328979749	0	0.763091160664884	0.941621562630352	0.900682883083906	0.919016421262072	0.700874946803177	0	0	0.54744762920639	0.717556919533932	0.924234163542039	0.591036741893658	0	0.856930669410544	0.968839137682068	0	0	0	0	0	0	0	0	0	0	0	0	0	0	0	0	0	0	0	0	0	0	0	0	0	0	0	0	0	0	0	0	0	0	0	0	0
0	0	0	0	0	0	0	0	0	0	0	0	0	0	0	0	0	0	0	0	0	0	0	0	0	0	0	0	0	0	0	0	0	0	0	0	0	0	0	0	0	0	0	0	0	0	0	0	0	0	0	0	0	0	0	0.897523223122985	0	0.552084804271138	0.622165980433826	0	0.797166463858416	0	0	0.642268896883577	0	0	0	0	0.990722870131941	0.581121483661706	0.651384990289389	0.886603794760389	0	0	0	0	0	0	0	0	0	0	0	0	0	0	0	0	0	0
0	0	0	0	0	0	0	0	0	0	0	0	0	0	0	0	0	0	0	0	0	0	0	0	0	0	0	0	0	0	0	0	0	0	0	0	0	0	0	0	0	0	0	0	0	0	0	0	0	0	0	0	0	0	0.985796126495114	0	0.577145136533098	0	0.923701766639972	0.580223286981082	0	0	0	0	0	0	0	0	0.554774504564659	0.968740834038667	0.87205260667409	0.841599439597607	0	0	0	0	0	0	0	0	0	0	0	0	0	0	0	0	0	0
0	0	0	0	0	0	0	0	0	0	0	0	0	0	0	0	0	0	0	0	0	0	0	0	0	0	0	0	0	0	0	0	0	0	0	0	0	0	0	0	0	0	0	0	0	0	0	0	0	0	0	0	0	0	0	0.670164574435292	0	0.62340806491981	0	0.937395258488047	0	0.989879665545014	0	0.623314514644698	0	0.736541215372275	0	0.647502156467972	0	0.940457055492452	0.971885204221961	0.752741204161567	0	0	0	0	0	0	0	0	0	0	0	0	0	0	0	0	0	0
0	0	0	0	0	0	0	0	0	0	0	0	0	0	0	0	0	0	0	0	0	0	0	0	0	0	0	0	0	0	0	0	0	0	0	0	0	0	0	0	0	0	0	0	0	0	0	0	0	0	0	0	0	0	0.708326119660434	0	0.671419486917824	0	0.978032661632031	0.569958440048459	0.791649089732661	0.730221231184761	0	0	0	0	0	0	0	0	0	0	0	0	0	0	0	0	0	0	0	0	0	0	0	0	0	0	0	0
0	0	0	0	0	0	0	0	0	0	0	0	0	0	0	0	0	0	0	0	0	0	0	0	0	0	0	0	0	0	0	0	0	0	0	0	0	0	0	0	0	0	0	0	0	0	0	0	0	0	0	0	0	0	0.645069768124084	0.579619603333251	0	0.733953796866453	0	0.850128024829338	0.986317870493346	0.990265075558041	0	0	0.654292209480789	0	0	0	0	0	0.898693491904169	0	0	0	0	0	0	0	0	0	0	0	0	0	0	0	0	0	0	0
0	0	0	0	0	0	0	0	0	0	0	0	0	0	0	0	0	0	0	0	0	0	0	0	0	0	0	0	0	0	0	0	0	0	0	0	0	0	0	0	0	0	0	0	0	0	0	0	0	0	0	0	0	0	0	0.939612066490613	0.986115314608942	0.870344692558651	0.967684993415246	0	0.862016641095695	0.854836232702465	0.770490661935083	0.794231756611637	0	0	0	0	0	0	0	0	0	0	0	0	0	0	0	0	0	0	0	0	0	0	0	0	0	0
0	0	0	0	0	0	0	0	0	0	0	0	0	0	0	0	0	0	0	0	0	0	0	0	0	0	0	0	0	0	0	0	0	0	0	0	0	0	0	0	0	0	0	0	0	0	0	0	0	0	0	0	0	0	0.966717745040238	0	0	0.663680199051661	0.920716391065015	0.931497665429367	0	0	0.853178055254953	0.90494736728782	0.500038260953647	0	0	0	0	0	0	0	0	0	0	0	0	0	0	0	0	0	0	0	0	0	0	0	0	0
0	0	0	0	0	0	0	0	0	0	0	0	0	0	0	0	0	0	0	0	0	0	0	0	0	0	0	0	0	0	0	0	0	0	0	0	0	0	0	0	0	0	0	0	0	0	0	0	0	0	0	0	0	0	0	0	0.949261327451326	0.836362962723829	0.841272125544425	0.886106325406591	0	0	0	0.804689961054229	0.949331731575406	0.926471914621808	0	0	0	0	0.602667424331938	0.511546258079986	0	0	0	0	0	0	0	0	0	0	0	0	0	0	0	0	0	0
0	0	0	0	0	0	0	0	0	0	0	0	0	0	0	0	0	0	0	0	0	0	0	0	0	0	0	0	0	0	0	0	0	0	0	0	0	0	0	0	0	0	0	0	0	0	0	0	0	0	0	0	0	0	0	0	0	0	0	0.571445340858331	0.78235868647192	0	0	0.738922827784679	0.671442273306144	0.640634165102908	0.722336468049245	0	0	0	0	0	0	0	0	0	0	0	0	0	0	0	0	0	0	0	0	0	0	0
0	0	0	0	0	0	0	0	0	0	0	0	0	0	0	0	0	0	0	0	0	0	0	0	0	0	0	0	0	0	0	0	0	0	0	0	0	0	0	0	0	0	0	0	0	0	0	0	0	0	0	0	0	0	0.783998391455403	0	0.910570373087963	0	0	0.556069272800282	0.995830606249831	0.788534516335619	0.663073960838999	0	0.955258081089675	0.715236485718291	0.545060814875937	0.55334689754451	0.932329031056972	0	0	0	0	0	0	0	0	0	0	0	0	0	0	0	0	0	0	0	0	0
0	0	0	0	0	0	0	0	0	0	0	0	0	0	0	0	0	0	0	0	0	0	0	0	0	0	0	0	0	0	0	0	0	0	0	0	0	0	0	0	0	0	0	0	0	0	0	0	0	0	0	0	0	0	0	0	0	0	0.726937070932575	0	0.608308334578907	0.667711127537855	0.59088098541111	0.764023491749652	0	0.924325010675262	0.869909517646758	0	0	0	0	0.705364177838803	0	0	0	0	0	0	0	0	0	0	0	0	0	0	0	0	0	0
0	0	0	0	0	0	0	0	0	0	0	0	0	0	0	0	0	0	0	0	0	0	0	0	0	0	0	0	0	0	0	0	0	0	0	0	0	0	0	0	0	0	0	0	0	0	0	0	0	0	0	0	0	0	0	0	0.852752853923731	0	0	0	0	0.758339387078633	0.811642225549395	0.664062452125858	0.573261909361432	0	0.611274413536573	0.89400055719721	0	0	0	0	0	0	0	0	0	0	0	0	0	0	0	0	0	0	0	0	0	0
0	0	0	0	0	0	0	0	0	0	0	0	0	0	0	0	0	0	0	0	0	0	0	0	0	0	0	0	0	0	0	0	0	0	0	0	0	0	0	0	0	0	0	0	0	0	0	0	0	0	0	0	0	0	0	0	0	0	0	0	0	0	0.811087798574209	0.836277953201845	0.846429932945639	0.872701309328982	0	0.698102974332174	0	0.895856405253886	0.809487250492705	0.786192033027927	0	0	0	0	0	0	0	0	0	0	0	0	0	0	0	0	0	0
0	0	0	0	0	0	0	0	0	0	0	0	0	0	0	0	0	0	0	0	0	0	0	0	0	0	0	0	0	0	0	0	0	0	0	0	0	0	0	0	0	0	0	0	0	0	0	0	0	0	0	0	0	0	0	0	0.860821064693486	0	0	0	0	0	0	0.894933798794957	0	0.722710796027256	0.819892307676983	0	0.889221470742298	0.977873637331083	0.978463798499123	0.763759647675519	0	0	0	0	0	0	0	0	0	0	0	0	0	0	0	0	0	0
0	0	0	0	0	0	0	0	0	0	0	0	0	0	0	0	0	0	0	0	0	0	0	0	0	0	0	0	0	0	0	0	0	0	0	0	0	0	0	0	0	0	0	0	0	0	0	0	0	0	0	0	0	0	0.577331776828836	0.834372905887388	0	0	0	0	0	0	0	0.852483822678749	0	0	0	0.678652798244535	0	0.717068221277706	0	0.878428564424687	0	0	0	0	0	0	0	0	0	0	0	0	0	0	0	0	0	0
0	0	0	0	0	0	0	0	0	0	0	0	0	0	0	0	0	0	0	0	0	0	0	0	0	0	0	0	0	0	0	0	0	0	0	0	0	0	0	0	0	0	0	0	0	0	0	0	0	0	0	0	0	0	0.569969161266747	0.929925268455395	0.89954377433053	0	0	0	0	0	0	0	0	0	0.64108004879688	0.931497169894024	0.959005752509716	0	0.686963833200374	0	0	0	0	0	0	0	0	0	0	0	0	0	0	0	0	0	0	0
0	0	0	0	0	0	0	0	0	0	0	0	0	0	0	0	0	0	0	0	0	0	0	0	0	0	0	0	0	0	0	0	0	0	0	0	0	0	0	0	0	0	0	0	0	0	0	0	0	0	0	0	0	0	0.812298540860196	0.906534234314987	0.99294908785988	0	0.856451603911883	0	0	0.707707531349277	0	0	0	0	0.889153795011067	0.906529281358863	0	0.862848104840263	0	0.673899359720974	0	0	0	0	0	0	0	0	0	0	0	0	0	0	0	0	0	0
0	0	0	0	0	0	0	0	0	0	0	0	0	0	0	0	0	0	0	0	0	0	0	0	0	0	0	0	0	0	0	0	0	0	0	0	0	0	0	0	0	0	0	0	0	0	0	0	0	0	0	0	0	0	0.927857403832086	0.716840823302818	0.731631610404093	0	0	0	0	0.727435004307422	0	0	0.867234639143417	0	0.832636937212437	0.757291357071337	0.671035150227691	0	0.807440699845465	0	0	0	0	0	0	0	0	0	0	0	0	0	0	0	0	0	0	0
0	0	0	0	0	0	0	0	0	0	0	0	0	0	0	0	0	0	0	0	0	0	0	0	0	0	0	0	0	0	0	0	0	0	0	0	0	0	0	0	0	0	0	0	0	0	0	0	0	0	0	0	0	0	0	0	0	0	0	0	0	0	0	0	0	0	0	0	0	0	0	0	0	0.939194895664061	0	0	0	0	0	0	0	0	0.659071311379493	0	0	0.576224046693595	0	0.806131421935158	0.56290334853086	0.793783857744692
0	0	0	0	0	0	0	0	0	0	0	0	0	0	0	0	0	0	0	0	0	0	0	0	0	0	0	0	0	0	0	0	0	0	0	0	0	0	0	0	0	0	0	0	0	0	0	0	0	0	0	0	0	0	0	0	0	0	0	0	0	0	0	0	0	0	0	0	0	0	0	0	0.788418303913026	0	0	0	0.937202127923269	0.761697356959054	0.629549021833681	0	0	0	0	0	0.717744401822981	0	0	0	0.667770948011478	0
0	0	0	0	0	0	0	0	0	0	0	0	0	0	0	0	0	0	0	0	0	0	0	0	0	0	0	0	0	0	0	0	0	0	0	0	0	0	0	0	0	0	0	0	0	0	0	0	0	0	0	0	0	0	0	0	0	0	0	0	0	0	0	0	0	0	0	0	0	0	0	0	0	0	0	0.775279911577026	0.951492347232596	0	0	0	0.623456649922355	0	0	0	0.544884251929635	0	0	0	0	0.602575453143493
0	0	0	0	0	0	0	0	0	0	0	0	0	0	0	0	0	0	0	0	0	0	0	0	0	0	0	0	0	0	0	0	0	0	0	0	0	0	0	0	0	0	0	0	0	0	0	0	0	0	0	0	0	0	0	0	0	0	0	0	0	0	0	0	0	0	0	0	0	0	0	0	0	0	0.721483383471268	0	0	0.668285016204695	0.507189688772845	0	0	0	0.98545515107178	0	0.999396118652457	0	0	0	0	0
0	0	0	0	0	0	0	0	0	0	0	0	0	0	0	0	0	0	0	0	0	0	0	0	0	0	0	0	0	0	0	0	0	0	0	0	0	0	0	0	0	0	0	0	0	0	0	0	0	0	0	0	0	0	0	0	0	0	0	0	0	0	0	0	0	0	0	0	0	0	0	0	0	0.609955728239512	0.746121205651967	0	0	0.574690696106359	0	0	0	0.987628602126994	0	0	0.581261393439101	0	0	0	0	0
0	0	0	0	0	0	0	0	0	0	0	0	0	0	0	0	0	0	0	0	0	0	0	0	0	0	0	0	0	0	0	0	0	0	0	0	0	0	0	0	0	0	0	0	0	0	0	0	0	0	0	0	0	0	0	0	0	0	0	0	0	0	0	0	0	0	0	0	0	0	0	0	0	0.873666565634068	0	0.805680383357782	0.903733084753175	0	0.501350297000028	0.865416963585183	0.537786571556238	0.902635953764962	0	0	0	0	0	0	0	0
0	0	0	0	0	0	0	0	0	0	0	0	0	0	0	0	0	0	0	0	0	0	0	0	0	0	0	0	0	0	0	0	0	0	0	0	0	0	0	0	0	0	0	0	0	0	0	0	0	0	0	0	0	0	0	0	0	0	0	0	0	0	0	0	0	0	0	0	0	0	0	0	0	0.550029264169833	0	0.991608906950713	0	0.852483312335207	0	0.983396495499636	0.520510688294873	0.535408495339171	0.811105101337584	0	0	0	0	0	0	0
0	0	0	0	0	0	0	0	0	0	0	0	0	0	0	0	0	0	0	0	0	0	0	0	0	0	0	0	0	0	0	0	0	0	0	0	0	0	0	0	0	0	0	0	0	0	0	0	0	0	0	0	0	0	0	0	0	0	0	0	0	0	0	0	0	0	0	0	0	0	0	0	0	0	0	0	0	0.950117235350604	0.535432408845356	0	0	0.590435618070912	0	0	0	0.547948699723321	0.909811418311545	0	0	0
0	0	0	0	0	0	0	0	0	0	0	0	0	0	0	0	0	0	0	0	0	0	0	0	0	0	0	0	0	0	0	0	0	0	0	0	0	0	0	0	0	0	0	0	0	0	0	0	0	0	0	0	0	0	0	0	0	0	0	0	0	0	0	0	0	0	0	0	0	0	0	0	0	0	0.770442154958044	0	0	0.616286759865235	0.875291002353476	0	0	0.846876074946736	0	0.789730508692664	0	0	0	0	0	0
0	0	0	0	0	0	0	0	0	0	0	0	0	0	0	0	0	0	0	0	0	0	0	0	0	0	0	0	0	0	0	0	0	0	0	0	0	0	0	0	0	0	0	0	0	0	0	0	0	0	0	0	0	0	0	0	0	0	0	0	0	0	0	0	0	0	0	0	0	0	0	0	0	0	0	0	0.608573740237903	0.755617689534769	0.773340941187854	0.701781512139373	0.531109369626072	0	0.71495840328198	0.601747479493699	0	0	0	0	0	0
0	0	0	0	0	0	0	0	0	0	0	0	0	0	0	0	0	0	0	0	0	0	0	0	0	0	0	0	0	0	0	0	0	0	0	0	0	0	0	0	0	0	0	0	0	0	0	0	0	0	0	0	0	0	0	0	0	0	0	0	0	0	0	0	0	0	0	0	0	0	0	0	0.697779460067576	0	0	0.523111631932522	0	0	0.690310613061542	0	0	0.565628918653604	0	0.588117926414863	0.941680727551435	0	0	0.600413953851839	0	0
0	0	0	0	0	0	0	0	0	0	0	0	0	0	0	0	0	0	0	0	0	0	0	0	0	0	0	0	0	0	0	0	0	0	0	0	0	0	0	0	0	0	0	0	0	0	0	0	0	0	0	0	0	0	0	0	0	0	0	0	0	0	0	0	0	0	0	0	0	0	0	0	0	0	0	0	0	0	0	0	0.81550491583074	0.979027532689708	0.528100014198847	0	0.736679079253554	0.547108859205158	0	0	0	0
0	0	0	0	0	0	0	0	0	0	0	0	0	0	0	0	0	0	0	0	0	0	0	0	0	0	0	0	0	0	0	0	0	0	0	0	0	0	0	0	0	0	0	0	0	0	0	0	0	0	0	0	0	0	0	0	0	0	0	0	0	0	0	0	0	0	0	0	0	0	0	0	0	0.710665980869501	0.821409315170053	0.913809963735207	0.922509618458705	0	0	0	0	0	0.662789952277605	0.593809261574667	0	0.982611291608218	0	0.675690596518774	0.983267711206856	0.52537696736141
0	0	0	0	0	0	0	0	0	0	0	0	0	0	0	0	0	0	0	0	0	0	0	0	0	0	0	0	0	0	0	0	0	0	0	0	0	0	0	0	0	0	0	0	0	0	0	0	0	0	0	0	0	0	0	0	0	0	0	0	0	0	0	0	0	0	0	0	0	0	0	0	0.897662420907198	0	0	0	0	0	0	0.865664740205823	0	0	0	0.942308521528356	0.54771827038963	0	0.678185333275363	0	0.875305624153675	0
0	0	0	0	0	0	0	0	0	0	0	0	0	0	0	0	0	0	0	0	0	0	0	0	0	0	0	0	0	0	0	0	0	0	0	0	0	0	0	0	0	0	0	0	0	0	0	0	0	0	0	0	0	0	0	0	0	0	0	0	0	0	0	0	0	0	0	0	0	0	0	0	0	0	0	0	0	0	0	0.880745712773673	0	0	0	0	0	0.573311164989922	0	0.589997810432817	0.88685339039612	0.564166446741847
0	0	0	0	0	0	0	0	0	0	0	0	0	0	0	0	0	0	0	0	0	0	0	0	0	0	0	0	0	0	0	0	0	0	0	0	0	0	0	0	0	0	0	0	0	0	0	0	0	0	0	0	0	0	0	0	0	0	0	0	0	0	0	0	0	0	0	0	0	0	0	0	0.520477453181516	0	0	0	0	0	0	0	0	0	0.888346622593553	0	0.888062344451388	0	0.914859081486953	0	0	0.79769823678407
0	0	0	0	0	0	0	0	0	0	0	0	0	0	0	0	0	0	0	0	0	0	0	0	0	0	0	0	0	0	0	0	0	0	0	0	0	0	0	0	0	0	0	0	0	0	0	0	0	0	0	0	0	0	0	0	0	0	0	0	0	0	0	0	0	0	0	0	0	0	0	0	0.536256838561515	0.737630273464758	0	0	0	0	0	0	0	0	0	0	0.804062881579105	0.734345760114077	0.733463477772067	0	0	0.745200064628708
0	0	0	0	0	0	0	0	0	0	0	0	0	0	0	0	0	0	0	0	0	0	0	0	0	0	0	0	0	0	0	0	0	0	0	0	0	0	0	0	0	0	0	0	0	0	0	0	0	0	0	0	0	0	0	0	0	0	0	0	0	0	0	0	0	0	0	0	0	0	0	0	0.666319059375264	0	0.587528131074937	0	0	0	0	0	0	0	0	0	0.729598223137674	0	0.901895165104293	0.904155434953491	0.57243911267589	0
