0	0.716525742104603	0.928610928583174	0.556239739345972	0.729416854004642	0.72106870237632	0	0	0	0	0	0	0	0.91051007357111	0	0.936980498867671	0.681798272128492	0.69773293239084	0	0	0	0	0	0	0	0	0	0	0	0	0	0	0	0	0	0	0	0	0	0	0	0	0	0	0	0	0	0	0	0	0	0	0	0	0	0	0	0	0	0	0	0	0	0	0	0	0	0	0	0	0	0	0	0	0	0	0	0	0	0	0	0	0	0	0	0	0	0	0	0
0.965239466618217	0	0.758590053277002	0.83949043627451	0	0	0.773694983586806	0	0	0	0	0.773607270421023	0	0.67712398972771	0.783218420311137	0	0.555810353842407	0	0	0	0	0	0	0	0	0	0	0	0	0	0	0	0	0	0	0	0	0	0	0	0	0	0	0	0	0	0	0	0	0	0	0	0	0	0	0	0	0	0	0	0	0	0	0	0	0	0	0	0	0	0	0	0	0	0	0	0	0	0	0	0	0	0	0	0	0	0	0	0	0
0.564630831897983	0.583569272713638	0	0.777391517395885	0.69860523527798	0.632793914957014	0.84714346064544	0.742641742889488	0	0	0	0.519330963199768	0.996539018217556	0	0.614589262457153	0.554532092647224	0.727530949027682	0.863878702114176	0	0	0	0	0	0	0	0	0	0	0	0	0	0	0	0	0	0	0	0	0	0	0	0	0	0	0	0	0	0	0	0	0	0	0	0	0	0	0	0	0	0	0	0	0	0	0	0	0	0	0	0	0	0	0	0	0	0	0	0	0	0	0	0	0	0	0	0	0	0	0	0
0.811700187292282	0.881864382168985	0.780286513944072	0	0.588441344903208	0.985258737672801	0.98479625589704	0.585116184480256	0.755540629317748	0	0	0	0	0.816848717275439	0.635766362807046	0	0.964228482343788	0.698779649261068	0	0	0	0	0	0	0	0	0	0	0	0	0	0	0	0	0	0	0	0	0	0	0	0	0	0	0	0	0	0	0	0	0	0	0	0	0	0	0	0	0	0	0	0	0	0	0	0	0	0	0	0	0	0	0	0	0	0	0	0	0	0	0	0	0	0	0	0	0	0	0	0
0.837778271092632	0	0.699540347654048	0.835064850190509	0	0.566858053101051	0.946423424830945	0.91020680695258	0.9301115145389	0.52687076133987	0.883195986965664	0	0.614914962324818	0	0	0	0	0	0	0	0	0	0	0	0	0	0	0	0	0	0	0	0	0	0	0	0	0	0	0	0	0	0	0	0	0	0	0	0	0	0	0	0	0	0	0	0	0	0	0	0	0	0	0	0	0	0	0	0	0	0	0	0	0	0	0	0	0	0	0	0	0	0	0	0	0	0	0	0	0
0.873816727273051	0	0.593420324695274	0.971048524208629	0.507786769221664	0	0	0.624326350842391	0.794471813457437	0.938682983328041	0.61183147662031	0	0.704284195806046	0	0	0.640450976414232	0	0	0	0	0	0	0	0	0	0	0	0	0	0	0	0	0	0	0	0	0	0	0	0	0	0	0	0	0	0	0	0	0	0	0	0	0	0	0	0	0	0	0	0	0	0	0	0	0	0	0	0	0	0	0	0	0	0	0	0	0	0	0	0	0	0	0	0	0	0	0	0	0	0
0	0.771225949547586	0.90941416265504	0.868474462174763	0.977833843623316	0	0	0.56580287108323	0.653657612294828	0.902931347747961	0.755138243493527	0	0	0	0	0	0.774450817748162	0	0	0	0	0	0	0	0	0	0	0	0	0	0	0	0	0	0	0	0	0	0	0	0	0	0	0	0	0	0	0	0	0	0	0	0	0	0	0	0	0	0	0	0	0	0	0	0	0	0	0	0	0	0	0	0	0	0	0	0	0	0	0	0	0	0	0	0	0	0	0	0	0
0	0	0.896830858420949	0.502435766514104	0.631926547050575	0.977127202777925	0.50136726641149	0	0.627259603403935	0.792858266389733	0	0.652866282272506	0.986725291775484	0	0	0	0	0.7911471844539	0	0	0	0	0	0	0	0	0	0	0	0	0	0	0	0	0	0	0	0	0	0	0	0	0	0	0	0	0	0	0	0	0	0	0	0	0	0	0	0	0	0	0	0	0	0	0	0	0	0	0	0	0	0	0	0	0	0	0	0	0	0	0	0	0	0	0	0	0	0	0	0
0	0	0	0.743858758759104	0.737938628378685	0.985271028450911	0.995270647755824	0.501942175438788	0	0.598230065387303	0.967569487541682	0.598969910451112	0.736259353942617	0.868069132549298	0	0	0	0	0	0	0	0	0	0	0	0	0	0	0	0	0	0	0	0	0	0	0	0	0	0	0	0	0	0	0	0	0	0	0	0	0	0	0	0	0	0	0	0	0	0	0	0	0	0	0	0	0	0	0	0	0	0	0	0	0	0	0	0	0	0	0	0	0	0	0	0	0	0	0	0
0	0	0	0	0.990654561787285	0.77892305786169	0.719727579455847	0.649592018237734	0.954789612541773	0	0.989406069169495	0.682361876521956	0.813962759216209	0	0.956712643762242	0.953226386507028	0	0	0	0	0	0	0	0	0	0	0	0	0	0	0	0	0	0	0	0	0	0	0	0	0	0	0	0	0	0	0	0	0	0	0	0	0	0	0	0	0	0	0	0	0	0	0	0	0	0	0	0	0	0	0	0	0	0	0	0	0	0	0	0	0	0	0	0	0	0	0	0	0	0
0	0	0	0	0.878144596535805	0.94107832928407	0.516593085716162	0	0.915903542474299	0.756062959347064	0	0.580558974018229	0.769245930234141	0	0	0.683070113074068	0.690576189903215	0.638376840573339	0	0	0	0	0	0	0	0	0	0	0	0	0	0	0	0	0	0	0	0	0	0	0	0	0	0	0	0	0	0	0	0	0	0	0	0	0	0	0	0	0	0	0	0	0	0	0	0	0	0	0	0	0	0	0	0	0	0	0	0	0	0	0	0	0	0	0	0	0	0	0	0
0	0.648658387499608	0.766412706010939	0	0	0	0	0.545807447626847	0.706989513862461	0.78028465546785	0.65986595832119	0	0	0.942208794576611	0.700815238223145	0.996448971559694	0.987565253291395	0	0	0	0	0	0	0	0	0	0	0	0	0	0	0	0	0	0	0	0	0	0	0	0	0	0	0	0	0	0	0	0	0	0	0	0	0	0	0	0	0	0	0	0	0	0	0	0	0	0	0	0	0	0	0	0	0	0	0	0	0	0	0	0	0	0	0	0	0	0	0	0	0
0	0	0.895239670345784	0	0.584877401166955	0.889589786133367	0	0.866540167530528	0.624314944316327	0.76242517215369	0.524763964751193	0	0	0	0.570109107849229	0.600062098935968	0.883045791588854	0.57711213417031	0	0	0	0	0	0	0	0	0	0	0	0	0	0	0	0	0	0	0	0	0	0	0	0	0	0	0	0	0	0	0	0	0	0	0	0	0	0	0	0	0	0	0	0	0	0	0	0	0	0	0	0	0	0	0	0	0	0	0	0	0	0	0	0	0	0	0	0	0	0	0	0
0.75864309649549	0.781587484925595	0	0.568478238189531	0	0	0	0	0.644803545787258	0	0	0.630450547466717	0	0	0.791744867904509	0.765575829611111	0.671788102160883	0	0	0	0	0	0	0	0	0	0	0	0	0	0	0	0	0	0	0	0	0	0	0	0	0	0	0	0	0	0	0	0	0	0	0	0	0	0	0	0	0	0	0	0	0	0	0	0	0	0	0	0	0	0	0	0	0	0	0	0	0	0	0	0	0	0	0	0	0	0	0	0	0
0	0.970767250247217	0.708865558879893	0.655979493216176	0	0	0	0	0	0.763169128934037	0	0.89197529085878	0.521978151170857	0.687732650094546	0	0.673936666324583	0	0.784957873844998	0	0	0	0	0	0	0	0	0	0	0	0	0	0	0	0	0	0	0	0	0	0	0	0	0	0	0	0	0	0	0	0	0	0	0	0	0	0	0	0	0	0	0	0	0	0	0	0	0	0	0	0	0	0	0	0	0	0	0	0	0	0	0	0	0	0	0	0	0	0	0	0
0.672296352032768	0	0.812412427983395	0	0	0.975651857802387	0	0	0	0.856175951906131	0.573810182006692	0.729146686551854	0.887991004625018	0.817477736998306	0.510122552916882	0	0.906445245752338	0.908822568314391	0	0	0	0	0	0	0	0	0	0	0	0	0	0	0	0	0	0	0	0	0	0	0	0	0	0	0	0	0	0	0	0	0	0	0	0	0	0	0	0	0	0	0	0	0	0	0	0	0	0	0	0	0	0	0	0	0	0	0	0	0	0	0	0	0	0	0	0	0	0	0	0
0.896976262283055	0.805859432125184	0.677290859741922	0.804509389169929	0	0	0.626768768755525	0	0	0	0.898573706727239	0.569324469936022	0.855153049904728	0.779085934235378	0	0.539666656269876	0	0.826347602653749	0	0	0	0	0	0	0	0	0	0	0	0	0	0	0	0	0	0	0	0	0	0	0	0	0	0	0	0	0	0	0	0	0	0	0	0	0	0	0	0	0	0	0	0	0	0	0	0	0	0	0	0	0	0	0	0	0	0	0	0	0	0	0	0	0	0	0	0	0	0	0	0
0.745771508294468	0	0.50622049312006	0.953703375566206	0	0	0	0.800876561891321	0	0	0.589698101887765	0	0.512127116780064	0	0.900635358035798	0.596577162916011	0.917523211174686	0	0	0	0	0	0	0	0	0	0	0	0	0	0	0	0	0	0	0	0	0	0	0	0	0	0	0	0	0	0	0	0	0	0	0	0	0	0	0	0	0	0	0	0	0	0	0	0	0	0	0	0	0	0	0	0	0	0	0	0	0	0	0	0	0	0	0	0	0	0	0	0	0
0	0	0	0	0	0	0	0	0	0	0	0	0	0	0	0	0	0	0	0.753739632852367	0	0.875409345630747	0.955563937356551	0	0.58799921156993	0	0	0	0	0	0	0	0.566110741165348	0.612939344550691	0.739086363585382	0.584142152260318	0	0	0	0	0	0	0	0	0	0	0	0	0	0	0	0	0	0	0	0	0	0	0	0	0	0	0	0	0	0	0	0	0	0	0	0	0	0	0	0	0	0	0	0	0	0	0	0	0	0	0	0	0	0
0	0	0	0	0	0	0	0	0	0	0	0	0	0	0	0	0	0	0.551227439220685	0	0	0.694067848530232	0.955012575219974	0.9504382944875	0.512260912298054	0	0	0	0	0	0	0	0	0.721697363326987	0.566014287425402	0.940794039716895	0	0	0	0	0	0	0	0	0	0	0	0	0	0	0	0	0	0	0	0	0	0	0	0	0	0	0	0	0	0	0	0	0	0	0	0	0	0	0	0	0	0	0	0	0	0	0	0	0	0	0	0	0	0
0	0	0	0	0	0	0	0	0	0	0	0	0	0	0	0	0	0	0	0	0	0.609752872441818	0.814941992701377	0.985192702294189	0.631865620805675	0	0	0	0	0	0	0	0	0	0.580204233601786	0.63667382460035	0	0	0	0	0	0	0	0	0	0	0	0	0	0	0	0	0	0	0	0	0	0	0	0	0	0	0	0	0	0	0	0	0	0	0	0	0	0	0	0	0	0	0	0	0	0	0	0	0	0	0	0	0	0
0	0	0	0	0	0	0	0	0	0	0	0	0	0	0	0	0	0	0.960071548221438	0.908677342524122	0.832437961595228	0	0.853072281472069	0.748429855681282	0.580144366472595	0	0	0	0	0.997281122264229	0	0.514633016252297	0	0	0	0.56879569979428	0	0	0	0	0	0	0	0	0	0	0	0	0	0	0	0	0	0	0	0	0	0	0	0	0	0	0	0	0	0	0	0	0	0	0	0	0	0	0	0	0	0	0	0	0	0	0	0	0	0	0	0	0	0
0	0	0	0	0	0	0	0	0	0	0	0	0	0	0	0	0	0	0.507329815277697	0.619940935259377	0.807269573012439	0.929795519175809	0	0.686155989819972	0.73702458436784	0.613164915286807	0	0	0	0	0	0	0	0	0.774544583278351	0	0	0	0	0	0	0	0	0	0	0	0	0	0	0	0	0	0	0	0	0	0	0	0	0	0	0	0	0	0	0	0	0	0	0	0	0	0	0	0	0	0	0	0	0	0	0	0	0	0	0	0	0	0	0
0	0	0	0	0	0	0	0	0	0	0	0	0	0	0	0	0	0	0	0.618817069003014	0.546088682271598	0.640120956023371	0.896617290654324	0	0	0.621538846608278	0.712790906787428	0.757136364735435	0	0.793408668915704	0	0	0	0	0	0	0	0	0	0	0	0	0	0	0	0	0	0	0	0	0	0	0	0	0	0	0	0	0	0	0	0	0	0	0	0	0	0	0	0	0	0	0	0	0	0	0	0	0	0	0	0	0	0	0	0	0	0	0	0
0	0	0	0	0	0	0	0	0	0	0	0	0	0	0	0	0	0	0.719655069036973	0.738110084889427	0.628410102929525	0.960321953350746	0.585809818742339	0	0	0.893437288227879	0.929885215068371	0.565813452142753	0.989979401734812	0	0	0	0	0	0.656865076118382	0	0	0	0	0	0	0	0	0	0	0	0	0	0	0	0	0	0	0	0	0	0	0	0	0	0	0	0	0	0	0	0	0	0	0	0	0	0	0	0	0	0	0	0	0	0	0	0	0	0	0	0	0	0	0
0	0	0	0	0	0	0	0	0	0	0	0	0	0	0	0	0	0	0	0	0	0	0.712554396937381	0.902926902004728	0.67888983711532	0	0.595937773149766	0.912048749186721	0.755742091253133	0.624361336151625	0	0	0	0	0	0	0	0	0	0	0	0	0	0	0	0	0	0	0	0	0	0	0	0	0	0	0	0	0	0	0	0	0	0	0	0	0	0	0	0	0	0	0	0	0	0	0	0	0	0	0	0	0	0	0	0	0	0	0	0
0	0	0	0	0	0	0	0	0	0	0	0	0	0	0	0	0	0	0	0	0	0	0	0.826493862451425	0.939648616327218	0.947514273422946	0	0.740061505067411	0.759227395439507	0.519233857169053	0.813761520149112	0	0	0	0	0	0	0	0	0	0	0	0	0	0	0	0	0	0	0	0	0	0	0	0	0	0	0	0	0	0	0	0	0	0	0	0	0	0	0	0	0	0	0	0	0	0	0	0	0	0	0	0	0	0	0	0	0	0	0
0	0	0	0	0	0	0	0	0	0	0	0	0	0	0	0	0	0	0	0	0	0	0	0.788445893289256	0.545750621463504	0.741726242280208	0.866249343985376	0	0.668774749703192	0.843433702621542	0.901950160444196	0.59858454939879	0	0	0	0	0	0	0	0	0	0	0	0	0	0	0	0	0	0	0	0	0	0	0	0	0	0	0	0	0	0	0	0	0	0	0	0	0	0	0	0	0	0	0	0	0	0	0	0	0	0	0	0	0	0	0	0	0	0
0	0	0	0	0	0	0	0	0	0	0	0	0	0	0	0	0	0	0	0	0	0	0	0	0.771035810306236	0.933676145332691	0.66820612757535	0.944435770659001	0	0.940120176006635	0.973495365159755	0.829803410471642	0.768615662658478	0	0	0	0	0	0	0	0	0	0	0	0	0	0	0	0	0	0	0	0	0	0	0	0	0	0	0	0	0	0	0	0	0	0	0	0	0	0	0	0	0	0	0	0	0	0	0	0	0	0	0	0	0	0	0	0	0
0	0	0	0	0	0	0	0	0	0	0	0	0	0	0	0	0	0	0	0	0	0.975026252529876	0	0.883915771164037	0	0.811724174602248	0.979179175655625	0.83672110351101	0.865061850348159	0	0.881163551363338	0	0.629544853004042	0.74499147271649	0	0	0	0	0	0	0	0	0	0	0	0	0	0	0	0	0	0	0	0	0	0	0	0	0	0	0	0	0	0	0	0	0	0	0	0	0	0	0	0	0	0	0	0	0	0	0	0	0	0	0	0	0	0	0	0
0	0	0	0	0	0	0	0	0	0	0	0	0	0	0	0	0	0	0	0	0	0	0	0	0	0	0.962343674018928	0.679880009554177	0.797894508891841	0.56086306662066	0	0.803461479925835	0.526134524692461	0.55495538612136	0.641240155451409	0	0	0	0	0	0	0	0	0	0	0	0	0	0	0	0	0	0	0	0	0	0	0	0	0	0	0	0	0	0	0	0	0	0	0	0	0	0	0	0	0	0	0	0	0	0	0	0	0	0	0	0	0	0	0
0	0	0	0	0	0	0	0	0	0	0	0	0	0	0	0	0	0	0	0	0	0.544773741975617	0	0	0	0	0	0.924640108840095	0.663740374662783	0	0.565570427645516	0	0.833454623410238	0.835114873567285	0.721301097058052	0.989768217699895	0	0	0	0	0	0	0	0	0	0	0	0	0	0	0	0	0	0	0	0	0	0	0	0	0	0	0	0	0	0	0	0	0	0	0	0	0	0	0	0	0	0	0	0	0	0	0	0	0	0	0	0	0	0
0	0	0	0	0	0	0	0	0	0	0	0	0	0	0	0	0	0	0.835264696730585	0	0	0	0	0	0	0	0	0	0.601074696822156	0.617740434198736	0.614737249962755	0.900819188777981	0	0.923024546169522	0.526106577042599	0.607192716261711	0	0	0	0	0	0	0	0	0	0	0	0	0	0	0	0	0	0	0	0	0	0	0	0	0	0	0	0	0	0	0	0	0	0	0	0	0	0	0	0	0	0	0	0	0	0	0	0	0	0	0	0	0	0
0	0	0	0	0	0	0	0	0	0	0	0	0	0	0	0	0	0	0.777558931213581	0.964675012973408	0	0	0	0	0	0	0	0	0	0.502319512171454	0.520909231503458	0.581214804801501	0.664100812627028	0	0.913589155402726	0.623271583413802	0	0	0	0	0	0	0	0	0	0	0	0	0	0	0	0	0	0	0	0	0	0	0	0	0	0	0	0	0	0	0	0	0	0	0	0	0	0	0	0	0	0	0	0	0	0	0	0	0	0	0	0	0	0
0	0	0	0	0	0	0	0	0	0	0	0	0	0	0	0	0	0	0.600646363625341	0.779023554435976	0.652977348679987	0	0.921162632197321	0	0.58804524274351	0	0	0	0	0	0.847699715329464	0.80332913273975	0.571703117232121	0.694656255363783	0	0	0	0	0	0	0	0	0	0	0	0	0	0	0	0	0	0	0	0	0	0	0	0	0	0	0	0	0	0	0	0	0	0	0	0	0	0	0	0	0	0	0	0	0	0	0	0	0	0	0	0	0	0	0	0
0	0	0	0	0	0	0	0	0	0	0	0	0	0	0	0	0	0	0.797777949938356	0.918610975126817	0.544778986877861	0.825583343636387	0	0	0	0	0	0	0	0	0	0.763039260644391	0.556429083351847	0.885029302572063	0	0	0	0	0	0	0	0	0	0	0	0	0	0	0	0	0	0	0	0	0	0	0	0	0	0	0	0	0	0	0	0	0	0	0	0	0	0	0	0	0	0	0	0	0	0	0	0	0	0	0	0	0	0	0	0
0	0	0	0	0	0	0	0	0	0	0	0	0	0	0	0	0	0	0	0	0	0	0	0	0	0	0	0	0	0	0	0	0	0	0	0	0	0.832826070894778	0.646978475156933	0	0.900434780866243	0.630226956963137	0.630165889143695	0.836426123426784	0.721648197358933	0.685775117765355	0.986147753127643	0	0.806483599041603	0.664467849100601	0.738901133474726	0.527591691669234	0.549689294697971	0.78916200822132	0	0	0	0	0	0	0	0	0	0	0	0	0	0	0	0	0	0	0	0	0	0	0	0	0	0	0	0	0	0	0	0	0	0	0	0
0	0	0	0	0	0	0	0	0	0	0	0	0	0	0	0	0	0	0	0	0	0	0	0	0	0	0	0	0	0	0	0	0	0	0	0	0.728640143355875	0	0.682695360130345	0.737158199077921	0	0.685076821128879	0.824837890620785	0.547259420533683	0	0.678282204585597	0	0.693774840576548	0.806451888030767	0	0.584988203863548	0.819853540099927	0.667856326353606	0.761273992722311	0	0	0	0	0	0	0	0	0	0	0	0	0	0	0	0	0	0	0	0	0	0	0	0	0	0	0	0	0	0	0	0	0	0	0	0
0	0	0	0	0	0	0	0	0	0	0	0	0	0	0	0	0	0	0	0	0	0	0	0	0	0	0	0	0	0	0	0	0	0	0	0	0.93532140324728	0.910405864457785	0	0.574208775014962	0	0.607901905805936	0.701874864031654	0.941702705807142	0.661827278032658	0.746303881883699	0	0.750972372448159	0.554783742660192	0.541296316463871	0	0	0.846038620446943	0.504286468433969	0	0	0	0	0	0	0	0	0	0	0	0	0	0	0	0	0	0	0	0	0	0	0	0	0	0	0	0	0	0	0	0	0	0	0	0
0	0	0	0	0	0	0	0	0	0	0	0	0	0	0	0	0	0	0	0	0	0	0	0	0	0	0	0	0	0	0	0	0	0	0	0	0	0.512003264883863	0.58533044215973	0	0.663914828182392	0	0.631516127709887	0.872027847951929	0	0.803518424903834	0.626591422659668	0.744052856516031	0.765737592562062	0.869904940594227	0.904998298945444	0.779641423108978	0.784987959740745	0.734042123968054	0	0	0	0	0	0	0	0	0	0	0	0	0	0	0	0	0	0	0	0	0	0	0	0	0	0	0	0	0	0	0	0	0	0	0	0
0	0	0	0	0	0	0	0	0	0	0	0	0	0	0	0	0	0	0	0	0	0	0	0	0	0	0	0	0	0	0	0	0	0	0	0	0.885348680480714	0	0	0.932682831087416	0	0.784464208173276	0.503149541902475	0.887159643880273	0.752040281731578	0.581786823355882	0	0.680971742899266	0	0.586052359247387	0.576425658092453	0.825681673647502	0.985290669504278	0	0	0	0	0	0	0	0	0	0	0	0	0	0	0	0	0	0	0	0	0	0	0	0	0	0	0	0	0	0	0	0	0	0	0	0	0
0	0	0	0	0	0	0	0	0	0	0	0	0	0	0	0	0	0	0	0	0	0	0	0	0	0	0	0	0	0	0	0	0	0	0	0	0.96056626872547	0.806724224275436	0.606569362085176	0	0.721165412349434	0	0.71100172344825	0.795722801801226	0	0	0.523116151907697	0.913769226860378	0.804439118546221	0.735096722272098	0	0.53058144176684	0.607994267866561	0.618284315929729	0	0	0	0	0	0	0	0	0	0	0	0	0	0	0	0	0	0	0	0	0	0	0	0	0	0	0	0	0	0	0	0	0	0	0	0
0	0	0	0	0	0	0	0	0	0	0	0	0	0	0	0	0	0	0	0	0	0	0	0	0	0	0	0	0	0	0	0	0	0	0	0	0.731155464000623	0.87815174595624	0.853341957746358	0.848420355737241	0.88487308825129	0.926166351380645	0	0.845817174544919	0.709181289219104	0	0.95778329326477	0.601272666107822	0.797270077990063	0.628801311439835	0.554381771531019	0.961643078479514	0.902118347923992	0	0	0	0	0	0	0	0	0	0	0	0	0	0	0	0	0	0	0	0	0	0	0	0	0	0	0	0	0	0	0	0	0	0	0	0	0
0	0	0	0	0	0	0	0	0	0	0	0	0	0	0	0	0	0	0	0	0	0	0	0	0	0	0	0	0	0	0	0	0	0	0	0	0.542847715375581	0.587303758753271	0.553441763865263	0.727135075580487	0.762650740859922	0.722943773101065	0.780813160970797	0	0	0.519997443975273	0.65728463467463	0.873260776061647	0.90103991461549	0.55946527311952	0.949008719314991	0.999120112081748	0	0.605782759484367	0	0	0	0	0	0	0	0	0	0	0	0	0	0	0	0	0	0	0	0	0	0	0	0	0	0	0	0	0	0	0	0	0	0	0	0
0	0	0	0	0	0	0	0	0	0	0	0	0	0	0	0	0	0	0	0	0	0	0	0	0	0	0	0	0	0	0	0	0	0	0	0	0.818413467876035	0	0.500219948230268	0	0.931107855725023	0	0.722245010603169	0	0	0.829026621590283	0.634406207039033	0.84743404195029	0.60588886648338	0.811230130568101	0.766591022234194	0.79818592301365	0	0	0	0	0	0	0	0	0	0	0	0	0	0	0	0	0	0	0	0	0	0	0	0	0	0	0	0	0	0	0	0	0	0	0	0	0	0
0	0	0	0	0	0	0	0	0	0	0	0	0	0	0	0	0	0	0	0	0	0	0	0	0	0	0	0	0	0	0	0	0	0	0	0	0.547162819647107	0.529922427239287	0.872469696227835	0.521947595330757	0.998837154615062	0	0	0.819180099991108	0.971682154250142	0	0.671646714104631	0.654362350074929	0.994283952693367	0.991469586335554	0	0.50392675870328	0.849230130197174	0.69011043069841	0	0	0	0	0	0	0	0	0	0	0	0	0	0	0	0	0	0	0	0	0	0	0	0	0	0	0	0	0	0	0	0	0	0	0	0
0	0	0	0	0	0	0	0	0	0	0	0	0	0	0	0	0	0	0	0	0	0	0	0	0	0	0	0	0	0	0	0	0	0	0	0	0.601340529130674	0	0	0.629151128411179	0	0.597708524681686	0.725316548335302	0.544152272630178	0.774021377976771	0.534893127503355	0	0.652186664797031	0.990848426212958	0.685022578860213	0.886262160832478	0.608231853770242	0.761871367589841	0.749927763923693	0	0	0	0	0	0	0	0	0	0	0	0	0	0	0	0	0	0	0	0	0	0	0	0	0	0	0	0	0	0	0	0	0	0	0	0
0	0	0	0	0	0	0	0	0	0	0	0	0	0	0	0	0	0	0	0	0	0	0	0	0	0	0	0	0	0	0	0	0	0	0	0	0	0.828889159591137	0.898021666212333	0.77223023450422	0.963297641697406	0.955052794197962	0.672913418836372	0.713655564873527	0.802824169596447	0.578028750253526	0.645125275265815	0	0.911597521619449	0.517556804742775	0.725314055999371	0.706307826559618	0.572098136642919	0.667496815015649	0	0	0	0	0	0	0	0	0	0	0	0	0	0	0	0	0	0	0	0	0	0	0	0	0	0	0	0	0	0	0	0	0	0	0	0
0	0	0	0	0	0	0	0	0	0	0	0	0	0	0	0	0	0	0	0	0	0	0	0	0	0	0	0	0	0	0	0	0	0	0	0	0.628600354081656	0.719755898066607	0.69757044713038	0.762471537134519	0	0.66958275897255	0.837384356575428	0.960835276867262	0.875457943254559	0.847441869821041	0.857010176424099	0.505838666767979	0	0.722558845369608	0.963297461153934	0.711153338297725	0.773695626604783	0.562405453489425	0	0	0	0	0	0	0	0	0	0	0	0	0	0	0	0	0	0	0	0	0	0	0	0	0	0	0	0	0	0	0	0	0	0	0	0
0	0	0	0	0	0	0	0	0	0	0	0	0	0	0	0	0	0	0	0	0	0	0	0	0	0	0	0	0	0	0	0	0	0	0	0	0.626882627744767	0	0.854715727804651	0.797236336984325	0.500167385001846	0.874115826904231	0.940331108628946	0.608894348086086	0.58275596709522	0.834229920790426	0.744831845320915	0.698231370530353	0.860382066033034	0	0.819301241400695	0.757730723056896	0.603285479266495	0.942606929126217	0	0	0	0	0	0	0	0	0	0	0	0	0	0	0	0	0	0	0	0	0	0	0	0	0	0	0	0	0	0	0	0	0	0	0	0
0	0	0	0	0	0	0	0	0	0	0	0	0	0	0	0	0	0	0	0	0	0	0	0	0	0	0	0	0	0	0	0	0	0	0	0	0.640232311928658	0.817909944943772	0	0.618359262504653	0.946463438199523	0	0.912548424085365	0.856161503247505	0.746754814613249	0	0.821639838794387	0.686108244600054	0.541886543108612	0.691893517657494	0	0.658875115569467	0.688538993229273	0	0	0	0	0	0	0	0	0	0	0	0	0	0	0	0	0	0	0	0	0	0	0	0	0	0	0	0	0	0	0	0	0	0	0	0	0
0	0	0	0	0	0	0	0	0	0	0	0	0	0	0	0	0	0	0	0	0	0	0	0	0	0	0	0	0	0	0	0	0	0	0	0	0.787012050184597	0.92272793746066	0	0.63641930340643	0.59398730161762	0.792501921985608	0.783791689133844	0.788858480228202	0.529904199286496	0.869704650533905	0.606567475999628	0.533733812488628	0.531126001711329	0.769381126399928	0.750979934687778	0	0.550846833580752	0.67265342198161	0	0	0	0	0	0	0	0	0	0	0	0	0	0	0	0	0	0	0	0	0	0	0	0	0	0	0	0	0	0	0	0	0	0	0	0
0	0	0	0	0	0	0	0	0	0	0	0	0	0	0	0	0	0	0	0	0	0	0	0	0	0	0	0	0	0	0	0	0	0	0	0	0.739324036234887	0.5642458819291	0.630067981738293	0.606953896445849	0.572276680653041	0.798281833689807	0.755353790603329	0	0	0.586903240805342	0.568793404241742	0.556297349420283	0.829373645509044	0.933103321649975	0.680850572943921	0.74154936776416	0	0	0	0	0	0	0	0	0	0	0	0	0	0	0	0	0	0	0	0	0	0	0	0	0	0	0	0	0	0	0	0	0	0	0	0	0	0
0	0	0	0	0	0	0	0	0	0	0	0	0	0	0	0	0	0	0	0	0	0	0	0	0	0	0	0	0	0	0	0	0	0	0	0	0.833583463691486	0.656638635521251	0.715269003907819	0.665294347659157	0	0.788445718936424	0	0.809332071557529	0	0.540393188664473	0.527634428932259	0.672109633556713	0.81473103645131	0.525713534596117	0	0.660828954106654	0	0	0	0	0	0	0	0	0	0	0	0	0	0	0	0	0	0	0	0	0	0	0	0	0	0	0	0	0	0	0	0	0	0	0	0	0	0
0	0	0	0	0	0	0	0	0	0	0	0	0	0	0	0	0	0	0	0	0	0	0	0	0	0	0	0	0	0	0	0	0	0	0	0	0	0	0	0	0	0	0	0	0	0	0	0	0	0	0	0	0	0	0	0	0.51977577258566	0.633968845029987	0	0.66544915294456	0	0	0	0	0	0.544915086578546	0	0	0	0	0	0.600318065902745	0	0	0	0	0	0	0	0	0	0	0	0	0	0	0	0	0	0
0	0	0	0	0	0	0	0	0	0	0	0	0	0	0	0	0	0	0	0	0	0	0	0	0	0	0	0	0	0	0	0	0	0	0	0	0	0	0	0	0	0	0	0	0	0	0	0	0	0	0	0	0	0	0	0	0.799061696370974	0.839856032542723	0	0.642816627829634	0.687612484831436	0	0	0	0	0	0	0	0.541282823166297	0	0	0.563529827756614	0	0	0	0	0	0	0	0	0	0	0	0	0	0	0	0	0	0
0	0	0	0	0	0	0	0	0	0	0	0	0	0	0	0	0	0	0	0	0	0	0	0	0	0	0	0	0	0	0	0	0	0	0	0	0	0	0	0	0	0	0	0	0	0	0	0	0	0	0	0	0	0	0.9619460504419	0.61709984825678	0	0	0.507495128887501	0.573313370165187	0	0	0	0.845831235295748	0.947951301192892	0	0	0	0	0.574250044881706	0.710367332224568	0.87896303361336	0	0	0	0	0	0	0	0	0	0	0	0	0	0	0	0	0	0
0	0	0	0	0	0	0	0	0	0	0	0	0	0	0	0	0	0	0	0	0	0	0	0	0	0	0	0	0	0	0	0	0	0	0	0	0	0	0	0	0	0	0	0	0	0	0	0	0	0	0	0	0	0	0.709602468493712	0.559015737187412	0	0	0	0	0	0.810990147416391	0.591786141341205	0	0	0	0	0	0	0	0	0.60338756843234	0	0	0	0	0	0	0	0	0	0	0	0	0	0	0	0	0	0
0	0	0	0	0	0	0	0	0	0	0	0	0	0	0	0	0	0	0	0	0	0	0	0	0	0	0	0	0	0	0	0	0	0	0	0	0	0	0	0	0	0	0	0	0	0	0	0	0	0	0	0	0	0	0	0	0.725064106653537	0	0	0.501305140913665	0	0.965493581914229	0	0	0.980116579469626	0	0	0.553312647619658	0	0.898427836750047	0	0	0	0	0	0	0	0	0	0	0	0	0	0	0	0	0	0	0	0
0	0	0	0	0	0	0	0	0	0	0	0	0	0	0	0	0	0	0	0	0	0	0	0	0	0	0	0	0	0	0	0	0	0	0	0	0	0	0	0	0	0	0	0	0	0	0	0	0	0	0	0	0	0	0.938355201324822	0.823650490459301	0.806274396713948	0	0.923052832744615	0	0	0	0.520299793374364	0	0	0	0.548496338757436	0	0	0	0	0	0	0	0	0	0	0	0	0	0	0	0	0	0	0	0	0	0	0
0	0	0	0	0	0	0	0	0	0	0	0	0	0	0	0	0	0	0	0	0	0	0	0	0	0	0	0	0	0	0	0	0	0	0	0	0	0	0	0	0	0	0	0	0	0	0	0	0	0	0	0	0	0	0	0.654056671052666	0	0	0	0	0	0.783805239533833	0	0.817750268896955	0	0	0	0	0	0	0.955557306603958	0	0	0	0	0	0	0	0	0	0	0	0	0	0	0	0	0	0	0
0	0	0	0	0	0	0	0	0	0	0	0	0	0	0	0	0	0	0	0	0	0	0	0	0	0	0	0	0	0	0	0	0	0	0	0	0	0	0	0	0	0	0	0	0	0	0	0	0	0	0	0	0	0	0	0	0	0.894375341856687	0.595844458152625	0	0.614667576001169	0	0	0	0.751753012269583	0	0	0	0	0	0.926348531563939	0	0	0	0	0	0	0	0	0	0	0	0	0	0	0	0	0	0	0
0	0	0	0	0	0	0	0	0	0	0	0	0	0	0	0	0	0	0	0	0	0	0	0	0	0	0	0	0	0	0	0	0	0	0	0	0	0	0	0	0	0	0	0	0	0	0	0	0	0	0	0	0	0	0	0	0	0.94855728183812	0	0.842719137397778	0	0	0	0.78440421862679	0	0.814954409785268	0.753330184959942	0	0	0.923178207685321	0	0	0	0	0	0	0	0	0	0	0	0	0	0	0	0	0	0	0	0
0	0	0	0	0	0	0	0	0	0	0	0	0	0	0	0	0	0	0	0	0	0	0	0	0	0	0	0	0	0	0	0	0	0	0	0	0	0	0	0	0	0	0	0	0	0	0	0	0	0	0	0	0	0	0	0	0.819179563903931	0	0	0	0.732217651482113	0	0.854376759178717	0	0.950062230038352	0	0.815361468192792	0	0.923443056493256	0	0.956974157825188	0.956317929709858	0	0	0	0	0	0	0	0	0	0	0	0	0	0	0	0	0	0
0	0	0	0	0	0	0	0	0	0	0	0	0	0	0	0	0	0	0	0	0	0	0	0	0	0	0	0	0	0	0	0	0	0	0	0	0	0	0	0	0	0	0	0	0	0	0	0	0	0	0	0	0	0	0	0	0.602554903282685	0	0.560641728689998	0	0	0.508231335707302	0	0.641390228984023	0	0.614181361887659	0	0	0.623398255757006	0.883549283903272	0	0	0	0	0	0	0	0	0	0	0	0	0	0	0	0	0	0	0	0
0	0	0	0	0	0	0	0	0	0	0	0	0	0	0	0	0	0	0	0	0	0	0	0	0	0	0	0	0	0	0	0	0	0	0	0	0	0	0	0	0	0	0	0	0	0	0	0	0	0	0	0	0	0	0.622674902751866	0	0	0	0	0	0	0	0.765470732122565	0	0.653634638944797	0	0.834495191690785	0.983032466160869	0.91789341517767	0	0.868505182947191	0	0	0	0	0	0	0	0	0	0	0	0	0	0	0	0	0	0	0
0	0	0	0	0	0	0	0	0	0	0	0	0	0	0	0	0	0	0	0	0	0	0	0	0	0	0	0	0	0	0	0	0	0	0	0	0	0	0	0	0	0	0	0	0	0	0	0	0	0	0	0	0	0	0	0	0	0	0	0.578864886661577	0	0	0.614783271762165	0.763432147833285	0	0.865567827463313	0	0.659374212561047	0.738018597446864	0	0	0	0	0	0	0	0	0	0	0	0	0	0	0	0	0	0	0	0	0
0	0	0	0	0	0	0	0	0	0	0	0	0	0	0	0	0	0	0	0	0	0	0	0	0	0	0	0	0	0	0	0	0	0	0	0	0	0	0	0	0	0	0	0	0	0	0	0	0	0	0	0	0	0	0	0	0	0	0.828292398383009	0	0	0	0	0	0	0.83305397324411	0.859446538382421	0	0.524808390011532	0	0	0	0	0	0	0	0	0	0	0	0	0	0	0	0	0	0	0	0	0
0	0	0	0	0	0	0	0	0	0	0	0	0	0	0	0	0	0	0	0	0	0	0	0	0	0	0	0	0	0	0	0	0	0	0	0	0	0	0	0	0	0	0	0	0	0	0	0	0	0	0	0	0	0	0	0.555660252232568	0	0	0	0	0	0	0	0.612878260482638	0.647120566828698	0.940223310004439	0.547184496550858	0.942876453649753	0	0.907320332720871	0	0	0	0	0	0	0	0	0	0	0	0	0	0	0	0	0	0	0	0
0	0	0	0	0	0	0	0	0	0	0	0	0	0	0	0	0	0	0	0	0	0	0	0	0	0	0	0	0	0	0	0	0	0	0	0	0	0	0	0	0	0	0	0	0	0	0	0	0	0	0	0	0	0	0	0	0.94425750743572	0	0.819119714770286	0	0	0	0.940170001925455	0	0.732593822114898	0	0	0	0.755100192068048	0	0	0.695378432235518	0	0	0	0	0	0	0	0	0	0	0	0	0	0	0	0	0	0
0	0	0	0	0	0	0	0	0	0	0	0	0	0	0	0	0	0	0	0	0	0	0	0	0	0	0	0	0	0	0	0	0	0	0	0	0	0	0	0	0	0	0	0	0	0	0	0	0	0	0	0	0	0	0	0	0.918060249262331	0	0	0	0.897287700095249	0.75689266540558	0	0.967708092403942	0	0.789851966193258	0	0	0	0	0	0	0	0	0	0	0	0	0	0	0	0	0	0	0	0	0	0	0	0
0	0	0	0	0	0	0	0	0	0	0	0	0	0	0	0	0	0	0	0	0	0	0	0	0	0	0	0	0	0	0	0	0	0	0	0	0	0	0	0	0	0	0	0	0	0	0	0	0	0	0	0	0	0	0.973106965958865	0.566805068885644	0.823803177188184	0.703814709949718	0	0	0	0	0	0.847907378216776	0	0	0	0	0	0.784136362723137	0	0	0	0	0	0	0	0	0	0	0	0	0	0	0	0	0	0	0	0
0	0	0	0	0	0	0	0	0	0	0	0	0	0	0	0	0	0	0	0	0	0	0	0	0	0	0	0	0	0	0	0	0	0	0	0	0	0	0	0	0	0	0	0	0	0	0	0	0	0	0	0	0	0	0	0	0	0	0	0	0	0	0	0	0	0	0	0	0	0	0	0	0	0.924444222079256	0.592258193419029	0.718054824754761	0.854092051207311	0.814573520620063	0.770438547377912	0	0	0	0	0	0.970034477848418	0.511798972202986	0.798166552247228	0.885672096154836	0.608344552701626	0.937222964273457
0	0	0	0	0	0	0	0	0	0	0	0	0	0	0	0	0	0	0	0	0	0	0	0	0	0	0	0	0	0	0	0	0	0	0	0	0	0	0	0	0	0	0	0	0	0	0	0	0	0	0	0	0	0	0	0	0	0	0	0	0	0	0	0	0	0	0	0	0	0	0	0	0.640167193319693	0	0.520841518453112	0.777824868804302	0.588834593932268	0.530863474034604	0.819779298921398	0.661455510892569	0	0	0	0	0	0	0.725748029390787	0.600777167236644	0.581273208410885	0.524213817654591
0	0	0	0	0	0	0	0	0	0	0	0	0	0	0	0	0	0	0	0	0	0	0	0	0	0	0	0	0	0	0	0	0	0	0	0	0	0	0	0	0	0	0	0	0	0	0	0	0	0	0	0	0	0	0	0	0	0	0	0	0	0	0	0	0	0	0	0	0	0	0	0	0.744716944762921	0.844517224453412	0	0.847003357256193	0.579895871011117	0.969822096222721	0.511275721895826	0.764165595581469	0.909262722735664	0	0	0	0	0.890393621419942	0.614362297224744	0.828102835714772	0.683212707187817	0.977900585827596
0	0	0	0	0	0	0	0	0	0	0	0	0	0	0	0	0	0	0	0	0	0	0	0	0	0	0	0	0	0	0	0	0	0	0	0	0	0	0	0	0	0	0	0	0	0	0	0	0	0	0	0	0	0	0	0	0	0	0	0	0	0	0	0	0	0	0	0	0	0	0	0	0.870270105326303	0.69593884764371	0.726545620335799	0	0.709251565680657	0.746974778598537	0.879228104600267	0.867774586598094	0.973527256476258	0.614569815402292	0	0	0	0	0	0.842592772704691	0.799183480807404	0.805578591596699
0	0	0	0	0	0	0	0	0	0	0	0	0	0	0	0	0	0	0	0	0	0	0	0	0	0	0	0	0	0	0	0	0	0	0	0	0	0	0	0	0	0	0	0	0	0	0	0	0	0	0	0	0	0	0	0	0	0	0	0	0	0	0	0	0	0	0	0	0	0	0	0	0.839029460880077	0.886317761666111	0.8061779827096	0.739601845735732	0	0.743117469332293	0.953786349378911	0.780486931307485	0.915699977339261	0.966723235281063	0.756341510486139	0	0	0	0	0	0.598109232080333	0.572055030027515
0	0	0	0	0	0	0	0	0	0	0	0	0	0	0	0	0	0	0	0	0	0	0	0	0	0	0	0	0	0	0	0	0	0	0	0	0	0	0	0	0	0	0	0	0	0	0	0	0	0	0	0	0	0	0	0	0	0	0	0	0	0	0	0	0	0	0	0	0	0	0	0	0.902585842827498	0.566887981645451	0.618543115139338	0.926542801306997	0.587043726828408	0	0.791548022681602	0.944287056635487	0.958404220070578	0.773656215946191	0.715186401004041	0.787875775964816	0	0	0	0	0	0.698402096924365
0	0	0	0	0	0	0	0	0	0	0	0	0	0	0	0	0	0	0	0	0	0	0	0	0	0	0	0	0	0	0	0	0	0	0	0	0	0	0	0	0	0	0	0	0	0	0	0	0	0	0	0	0	0	0	0	0	0	0	0	0	0	0	0	0	0	0	0	0	0	0	0	0.778641724143096	0.742319296258895	0.921198560696382	0.84371493698915	0.539860429180529	0.76774283958642	0	0.558653637105805	0.830155449674074	0.720361119442274	0.707936485120249	0.641393266295732	0.82756417873458	0	0	0	0	0
0	0	0	0	0	0	0	0	0	0	0	0	0	0	0	0	0	0	0	0	0	0	0	0	0	0	0	0	0	0	0	0	0	0	0	0	0	0	0	0	0	0	0	0	0	0	0	0	0	0	0	0	0	0	0	0	0	0	0	0	0	0	0	0	0	0	0	0	0	0	0	0	0	0.526876887165557	0.932193384465468	0.819568651771585	0.708122467592849	0.975775172424768	0.787669374450382	0	0.847187370317566	0.875047036652846	0.89574486568398	0.514316167850983	0.595886768137991	0.939536548394656	0	0	0	0
0	0	0	0	0	0	0	0	0	0	0	0	0	0	0	0	0	0	0	0	0	0	0	0	0	0	0	0	0	0	0	0	0	0	0	0	0	0	0	0	0	0	0	0	0	0	0	0	0	0	0	0	0	0	0	0	0	0	0	0	0	0	0	0	0	0	0	0	0	0	0	0	0	0	0.637197987700066	0.704832379854271	0.847427386078108	0.674294534361131	0.533831110935569	0.840366052856544	0	0.882571491400549	0.986649041277037	0.566625440030744	0.931157874000519	0.897711617577745	0.88193817289433	0	0	0
0	0	0	0	0	0	0	0	0	0	0	0	0	0	0	0	0	0	0	0	0	0	0	0	0	0	0	0	0	0	0	0	0	0	0	0	0	0	0	0	0	0	0	0	0	0	0	0	0	0	0	0	0	0	0	0	0	0	0	0	0	0	0	0	0	0	0	0	0	0	0	0	0	0	0	0.737390583384368	0.857828429511146	0.725140719424076	0.537792463081287	0.709792167099892	0.612940169693339	0	0.561746313976201	0.526503290994867	0.786309910026957	0.895691800335022	0.954954716711306	0.806022266426873	0	0
0	0	0	0	0	0	0	0	0	0	0	0	0	0	0	0	0	0	0	0	0	0	0	0	0	0	0	0	0	0	0	0	0	0	0	0	0	0	0	0	0	0	0	0	0	0	0	0	0	0	0	0	0	0	0	0	0	0	0	0	0	0	0	0	0	0	0	0	0	0	0	0	0	0	0	0	0.824329616478696	0.967093328693982	0.711182882765184	0.60125376923275	0.889176329038784	0.704916984249187	0	0.866626032536301	0.934358457370651	0.935838964289857	0.547737622041913	0.56306611961915	0.863110540646181	0
0	0	0	0	0	0	0	0	0	0	0	0	0	0	0	0	0	0	0	0	0	0	0	0	0	0	0	0	0	0	0	0	0	0	0	0	0	0	0	0	0	0	0	0	0	0	0	0	0	0	0	0	0	0	0	0	0	0	0	0	0	0	0	0	0	0	0	0	0	0	0	0	0	0	0	0	0	0.76496879682531	0.752944709401659	0.668412446188787	0.922344800895597	0.897456739886476	0.915813248250262	0	0.592216242336953	0.832623904043985	0.52690904567228	0.826979595052125	0.710894354298087	0.790776517203881
0	0	0	0	0	0	0	0	0	0	0	0	0	0	0	0	0	0	0	0	0	0	0	0	0	0	0	0	0	0	0	0	0	0	0	0	0	0	0	0	0	0	0	0	0	0	0	0	0	0	0	0	0	0	0	0	0	0	0	0	0	0	0	0	0	0	0	0	0	0	0	0	0.827552023786715	0	0	0	0	0	0.575569741275058	0.542591045310892	0.683912138043153	0.949586186336279	0.817678982765716	0.592173529010901	0	0.749885910855716	0.939505605483452	0.986699124360447	0.747473332351739	0.590641448016706
0	0	0	0	0	0	0	0	0	0	0	0	0	0	0	0	0	0	0	0	0	0	0	0	0	0	0	0	0	0	0	0	0	0	0	0	0	0	0	0	0	0	0	0	0	0	0	0	0	0	0	0	0	0	0	0	0	0	0	0	0	0	0	0	0	0	0	0	0	0	0	0	0.643141232113609	0	0.794630532436017	0	0	0	0	0.507596093594639	0.552174036933357	0.9090808582751	0.618728377337126	0.663880445498228	0.604831842247148	0	0.949483915581848	0.536087243332183	0.710336736129034	0.668781474869472
0	0	0	0	0	0	0	0	0	0	0	0	0	0	0	0	0	0	0	0	0	0	0	0	0	0	0	0	0	0	0	0	0	0	0	0	0	0	0	0	0	0	0	0	0	0	0	0	0	0	0	0	0	0	0	0	0	0	0	0	0	0	0	0	0	0	0	0	0	0	0	0	0.697013702728934	0.624335856733127	0.936905642771512	0	0	0	0	0	0.828084285849857	0.760078709780087	0.901803676936082	0.629209669131918	0.849121497751046	0.652468624415028	0	0.802730097188261	0.712775246981664	0.60902049127806
0	0	0	0	0	0	0	0	0	0	0	0	0	0	0	0	0	0	0	0	0	0	0	0	0	0	0	0	0	0	0	0	0	0	0	0	0	0	0	0	0	0	0	0	0	0	0	0	0	0	0	0	0	0	0	0	0	0	0	0	0	0	0	0	0	0	0	0	0	0	0	0	0.822150115821529	0.531265453971398	0.691314336533442	0.592018045087712	0	0	0	0	0	0.707754110828575	0.846168180298027	0.735524328404347	0.714283244251891	0.678131302885946	0.996209304893486	0	0.816890844561889	0.85904745260163
0	0	0	0	0	0	0	0	0	0	0	0	0	0	0	0	0	0	0	0	0	0	0	0	0	0	0	0	0	0	0	0	0	0	0	0	0	0	0	0	0	0	0	0	0	0	0	0	0	0	0	0	0	0	0	0	0	0	0	0	0	0	0	0	0	0	0	0	0	0	0	0	0.971326238127828	0.604119327551804	0.542742895228074	0.788318631155756	0.844637980874771	0	0	0	0	0	0.518315153498683	0.855905204960212	0.599553686823992	0.817918229149239	0.756595626719974	0.976577525066699	0	0.736010315167567
0	0	0	0	0	0	0	0	0	0	0	0	0	0	0	0	0	0	0	0	0	0	0	0	0	0	0	0	0	0	0	0	0	0	0	0	0	0	0	0	0	0	0	0	0	0	0	0	0	0	0	0	0	0	0	0	0	0	0	0	0	0	0	0	0	0	0	0	0	0	0	0	0.82826874916367	0.913297317806362	0.642554463207139	0.834495999252869	0.710049760972385	0.808382097306429	0	0	0	0	0	0.830465683534135	0.586800813439782	0.662237633699407	0.948119789041854	0.937245117263466	0.710360906171783	0
