0	0	0.633340378388926	0.92762746238121	0.840107793093701	0.559535852420975	0.579979960421943	0.562997611369843	0.734634646612519	0.544633487551364	0	0.615604732887151	0.768540106852056	0	0.623911894941842	0.669982851020468	0.907474251609488	0	0	0	0	0	0	0	0	0	0	0	0	0	0	0	0	0	0	0	0	0	0	0	0	0	0	0	0	0	0	0	0	0	0	0	0	0	0	0	0	0	0	0	0	0	0	0	0	0	0	0	0	0	0	0	0	0	0	0	0	0	0	0	0	0	0	0	0	0	0	0	0	0
0	0	0.674448626247596	0.738506595901473	0	0.83366076255124	0.635663596787393	0	0.719188550004574	0.644622986099914	0.522867232858495	0.965037412953898	0.629754768005226	0.822107543150225	0.536507104095064	0.599183925435093	0.801128323379782	0.509414228119777	0	0	0	0	0	0	0	0	0	0	0	0	0	0	0	0	0	0	0	0	0	0	0	0	0	0	0	0	0	0	0	0	0	0	0	0	0	0	0	0	0	0	0	0	0	0	0	0	0	0	0	0	0	0	0	0	0	0	0	0	0	0	0	0	0	0	0	0	0	0	0	0
0.628126356923227	0.73730857282405	0	0.83303737433683	0.768783177331355	0.928652265375346	0.765279184350916	0.96140348743716	0.90936472701561	0.949933048030114	0	0	0.685034962346437	0.657532512373383	0.690023992792324	0.756739973189536	0	0.659476500145902	0	0	0	0	0	0	0	0	0	0	0	0	0	0	0	0	0	0	0	0	0	0	0	0	0	0	0	0	0	0	0	0	0	0	0	0	0	0	0	0	0	0	0	0	0	0	0	0	0	0	0	0	0	0	0	0	0	0	0	0	0	0	0	0	0	0	0	0	0	0	0	0
0.553863911153665	0.968888691488541	0.542015051210523	0	0.653904238109642	0.671868876004701	0.5241270408429	0.898630303333512	0	0	0.847131079445621	0.905480987813746	0	0.606332925489221	0.760909903309201	0	0.762591187637496	0.972720637950435	0	0	0	0	0	0	0	0	0	0	0	0	0	0	0	0	0	0	0	0	0	0	0	0	0	0	0	0	0	0	0	0	0	0	0	0	0	0	0	0	0	0	0	0	0	0	0	0	0	0	0	0	0	0	0	0	0	0	0	0	0	0	0	0	0	0	0	0	0	0	0	0
0.687939936493709	0	0.661093454088531	0.517498534049721	0	0.938371300863311	0.684532867411648	0.909298253800211	0.557693312072688	0.910812557510219	0.560103959577618	0.662053851175109	0.559731023297735	0.533982670133001	0	0	0	0.757137417316811	0	0	0	0	0	0	0	0	0	0	0	0	0	0	0	0	0	0	0	0	0	0	0	0	0	0	0	0	0	0	0	0	0	0	0	0	0	0	0	0	0	0	0	0	0	0	0	0	0	0	0	0	0	0	0	0	0	0	0	0	0	0	0	0	0	0	0	0	0	0	0	0
0.95276532197525	0.864448255702896	0.791732373723183	0.61985952955449	0.772355908877566	0	0.502002757965088	0.788963516315892	0.504479430026881	0.533176161716182	0.731214755682748	0.718181850838172	0.959379853998296	0	0.595805077330823	0.612263632732736	0.638335752645968	0	0	0	0	0	0	0	0	0	0	0	0	0	0	0	0	0	0	0	0	0	0	0	0	0	0	0	0	0	0	0	0	0	0	0	0	0	0	0	0	0	0	0	0	0	0	0	0	0	0	0	0	0	0	0	0	0	0	0	0	0	0	0	0	0	0	0	0	0	0	0	0	0
0.685510433419133	0.984412852105003	0.99674203023328	0.571591780079803	0.855668632391888	0.987661249479942	0	0.884918489616581	0	0.564804117930826	0.588840475742912	0.89552729652872	0.563201995784385	0.793355793994778	0.642198915375229	0	0	0.798012773183769	0	0	0	0	0	0	0	0	0	0	0	0	0	0	0	0	0	0	0	0	0	0	0	0	0	0	0	0	0	0	0	0	0	0	0	0	0	0	0	0	0	0	0	0	0	0	0	0	0	0	0	0	0	0	0	0	0	0	0	0	0	0	0	0	0	0	0	0	0	0	0	0
0.867418669692744	0	0.791871781149748	0.660098576615564	0.732689781210243	0.781954224274732	0.605009838093848	0	0.88923846754793	0.792437086754159	0.631713231555395	0.588671452950078	0	0	0.992942203160818	0.851065271057808	0	0.557659565162287	0	0	0	0	0	0	0	0	0	0	0	0	0	0	0	0	0	0	0	0	0	0	0	0	0	0	0	0	0	0	0	0	0	0	0	0	0	0	0	0	0	0	0	0	0	0	0	0	0	0	0	0	0	0	0	0	0	0	0	0	0	0	0	0	0	0	0	0	0	0	0	0
0.947271007553465	0.74259721775163	0.729007298144415	0	0.696945529693376	0.575298563147006	0	0.97064860718953	0	0.807408076759773	0.875314207246213	0.596540123543169	0.643379928744781	0.870162862648528	0.7332095627973	0.94469514713016	0	0.928793634334488	0	0	0	0	0	0	0	0	0	0	0	0	0	0	0	0	0	0	0	0	0	0	0	0	0	0	0	0	0	0	0	0	0	0	0	0	0	0	0	0	0	0	0	0	0	0	0	0	0	0	0	0	0	0	0	0	0	0	0	0	0	0	0	0	0	0	0	0	0	0	0	0
0.86597182619604	0.780363469426025	0.80176957138932	0	0.943430768470555	0.688761589483165	0.666007105168853	0.913760650974946	0.811154360220938	0	0.595093395017724	0.512825412720395	0.626873673439535	0.728784544973384	0	0.894247531031969	0.702706141956895	0.743455129060322	0	0	0	0	0	0	0	0	0	0	0	0	0	0	0	0	0	0	0	0	0	0	0	0	0	0	0	0	0	0	0	0	0	0	0	0	0	0	0	0	0	0	0	0	0	0	0	0	0	0	0	0	0	0	0	0	0	0	0	0	0	0	0	0	0	0	0	0	0	0	0	0
0	0.868404158295355	0	0.907491845232477	0.506330912554531	0.507386438956524	0.551770261626479	0.937972814536901	0.65930548249676	0.657981182622805	0	0.679117279432692	0.537105458323739	0.908984050826596	0.810818930668216	0.666848955286401	0.677131009912147	0.774228327202214	0	0	0	0	0	0	0	0	0	0	0	0	0	0	0	0	0	0	0	0	0	0	0	0	0	0	0	0	0	0	0	0	0	0	0	0	0	0	0	0	0	0	0	0	0	0	0	0	0	0	0	0	0	0	0	0	0	0	0	0	0	0	0	0	0	0	0	0	0	0	0	0
0.530819368856489	0.885595961333305	0	0.740873621078555	0.822198393275857	0.95929182907463	0.887994705931486	0.969131500262049	0.82808415656979	0.728216408204344	0.577579328407265	0	0.634223501555384	0	0.638991668309031	0.504938263150767	0.74294593141889	0.694876713774861	0	0	0	0	0	0	0	0	0	0	0	0	0	0	0	0	0	0	0	0	0	0	0	0	0	0	0	0	0	0	0	0	0	0	0	0	0	0	0	0	0	0	0	0	0	0	0	0	0	0	0	0	0	0	0	0	0	0	0	0	0	0	0	0	0	0	0	0	0	0	0	0
0.513602438896755	0.634231401248602	0.81438463917201	0	0.963352718314439	0.947343951732255	0.739769716435511	0	0.701425212456592	0.511302411797465	0.61396807772834	0.865417785112624	0	0.541378591510008	0.61673905992234	0.502308666792633	0.838135763077117	0.925263904137079	0	0	0	0	0	0	0	0	0	0	0	0	0	0	0	0	0	0	0	0	0	0	0	0	0	0	0	0	0	0	0	0	0	0	0	0	0	0	0	0	0	0	0	0	0	0	0	0	0	0	0	0	0	0	0	0	0	0	0	0	0	0	0	0	0	0	0	0	0	0	0	0
0	0.813442874646533	0.809042160958671	0.782839406920392	0.620416407234811	0	0.670572161022567	0	0.698184903973252	0.718939884734649	0.642933048520397	0	0.871510115589976	0	0.744693705978895	0.843284737367908	0.696750052916959	0.587215888164193	0	0	0	0	0	0	0	0	0	0	0	0	0	0	0	0	0	0	0	0	0	0	0	0	0	0	0	0	0	0	0	0	0	0	0	0	0	0	0	0	0	0	0	0	0	0	0	0	0	0	0	0	0	0	0	0	0	0	0	0	0	0	0	0	0	0	0	0	0	0	0	0
0.854539607137038	0.684004858596364	0.728065346355683	0.567787512070649	0	0.674554049338154	0.831112670827729	0.931531669254791	0.655035725750694	0	0.685874452823923	0.603504288595911	0.661039146568494	0.762271962943167	0	0.570744044887246	0.597638188198456	0.928659282786936	0	0	0	0	0	0	0	0	0	0	0	0	0	0	0	0	0	0	0	0	0	0	0	0	0	0	0	0	0	0	0	0	0	0	0	0	0	0	0	0	0	0	0	0	0	0	0	0	0	0	0	0	0	0	0	0	0	0	0	0	0	0	0	0	0	0	0	0	0	0	0	0
0.53179126020623	0.867208090573482	0.816034042733394	0	0	0.870677857309943	0	0.564850446779179	0.582670626502077	0.511472874333143	0.610423164217832	0.70274567478634	0.854102211711856	0.996190783867776	0.577604277747952	0	0.780482832464476	0.790927722384147	0	0	0	0	0	0	0	0	0	0	0	0	0	0	0	0	0	0	0	0	0	0	0	0	0	0	0	0	0	0	0	0	0	0	0	0	0	0	0	0	0	0	0	0	0	0	0	0	0	0	0	0	0	0	0	0	0	0	0	0	0	0	0	0	0	0	0	0	0	0	0	0
0.994919138180051	0.788491860835003	0	0.703942179028404	0	0.520374455390902	0	0	0	0.52166139794839	0.923418950144407	0.920566571961697	0.787692751557495	0.769792273230585	0.617705014557842	0.836746467659768	0	0.631348224552926	0	0	0	0	0	0	0	0	0	0	0	0	0	0	0	0	0	0	0	0	0	0	0	0	0	0	0	0	0	0	0	0	0	0	0	0	0	0	0	0	0	0	0	0	0	0	0	0	0	0	0	0	0	0	0	0	0	0	0	0	0	0	0	0	0	0	0	0	0	0	0	0
0	0.950300992712471	0.98136685393481	0.647875460665141	0.867940856820832	0	0.815189129142079	0.733596765147352	0.82829961925365	0.628517365594127	0.883921981946797	0.569886558961379	0.934930565440077	0.740142291191819	0.876323170763943	0.915571060798932	0.820666506294298	0	0	0	0	0	0	0	0	0	0	0	0	0	0	0	0	0	0	0	0	0	0	0	0	0	0	0	0	0	0	0	0	0	0	0	0	0	0	0	0	0	0	0	0	0	0	0	0	0	0	0	0	0	0	0	0	0	0	0	0	0	0	0	0	0	0	0	0	0	0	0	0	0
0	0	0	0	0	0	0	0	0	0	0	0	0	0	0	0	0	0	0	0	0.867764802213307	0.994143445164877	0.630808028817441	0	0	0.80605877866745	0.927459519121734	0	0.551049335215355	0	0.693582218446485	0.788374700954418	0	0.942159421804473	0.748177216102395	0.629447069223688	0	0	0	0	0	0	0	0	0	0	0	0	0	0	0	0	0	0	0	0	0	0	0	0	0	0	0	0	0	0	0	0	0	0	0	0	0	0	0	0	0	0	0	0	0	0	0	0	0	0	0	0	0	0
0	0	0	0	0	0	0	0	0	0	0	0	0	0	0	0	0	0	0	0	0.894174473026366	0.743563494569267	0.637810440402917	0.590276243118901	0.877749261729712	0	0	0	0.774345393336846	0	0.502974022185757	0.512498575086725	0.650531777759636	0	0.523676368110833	0.95478632514491	0	0	0	0	0	0	0	0	0	0	0	0	0	0	0	0	0	0	0	0	0	0	0	0	0	0	0	0	0	0	0	0	0	0	0	0	0	0	0	0	0	0	0	0	0	0	0	0	0	0	0	0	0	0
0	0	0	0	0	0	0	0	0	0	0	0	0	0	0	0	0	0	0.673218201421367	0.712942225520606	0	0.521353275195995	0.850405557688362	0.867378184765642	0.878105893481967	0.903060761223196	0	0.643100379081667	0	0	0	0	0	0.843290901040394	0.910848787296709	0.846795302041062	0	0	0	0	0	0	0	0	0	0	0	0	0	0	0	0	0	0	0	0	0	0	0	0	0	0	0	0	0	0	0	0	0	0	0	0	0	0	0	0	0	0	0	0	0	0	0	0	0	0	0	0	0	0
0	0	0	0	0	0	0	0	0	0	0	0	0	0	0	0	0	0	0.815093004430612	0.828193678651166	0.69607850264745	0	0.53671017824899	0.618197747401031	0.589258651257431	0.694775989816341	0	0.908103050692353	0.776669736091153	0	0	0	0	0	0.976729642453629	0.614017492246846	0	0	0	0	0	0	0	0	0	0	0	0	0	0	0	0	0	0	0	0	0	0	0	0	0	0	0	0	0	0	0	0	0	0	0	0	0	0	0	0	0	0	0	0	0	0	0	0	0	0	0	0	0	0
0	0	0	0	0	0	0	0	0	0	0	0	0	0	0	0	0	0	0.845288938286614	0.600255523607894	0.705251100567437	0.792764740214119	0	0	0	0.6375551598911	0	0.793618152454037	0	0.690866205494432	0	0	0.680634824466512	0	0	0	0	0	0	0	0	0	0	0	0	0	0	0	0	0	0	0	0	0	0	0	0	0	0	0	0	0	0	0	0	0	0	0	0	0	0	0	0	0	0	0	0	0	0	0	0	0	0	0	0	0	0	0	0	0
0	0	0	0	0	0	0	0	0	0	0	0	0	0	0	0	0	0	0	0.712929211058474	0.656961450639359	0.795258200533795	0	0	0.849595709197274	0.909551537573029	0.592878371308008	0.602718830395114	0.612110016102467	0	0	0	0	0	0.505975819213748	0	0	0	0	0	0	0	0	0	0	0	0	0	0	0	0	0	0	0	0	0	0	0	0	0	0	0	0	0	0	0	0	0	0	0	0	0	0	0	0	0	0	0	0	0	0	0	0	0	0	0	0	0	0	0
0	0	0	0	0	0	0	0	0	0	0	0	0	0	0	0	0	0	0	0.539155212992817	0.812739021777524	0.611840093267347	0	0.665433544408888	0	0.806025078993541	0.771939290869216	0.78897541064537	0	0.618557007607467	0	0	0.588550941037565	0	0	0	0	0	0	0	0	0	0	0	0	0	0	0	0	0	0	0	0	0	0	0	0	0	0	0	0	0	0	0	0	0	0	0	0	0	0	0	0	0	0	0	0	0	0	0	0	0	0	0	0	0	0	0	0	0
0	0	0	0	0	0	0	0	0	0	0	0	0	0	0	0	0	0	0.822448123334406	0	0.717565909208504	0.697617915608674	0.868658910379507	0.517894126941066	0.828621138409736	0	0.89498685556662	0.967258347926508	0.957913058005806	0.682719539453517	0	0	0.949270263540173	0	0	0.665018026522438	0	0	0	0	0	0	0	0	0	0	0	0	0	0	0	0	0	0	0	0	0	0	0	0	0	0	0	0	0	0	0	0	0	0	0	0	0	0	0	0	0	0	0	0	0	0	0	0	0	0	0	0	0	0
0	0	0	0	0	0	0	0	0	0	0	0	0	0	0	0	0	0	0.922572597249236	0	0	0	0	0.659976833588181	0.975036512727404	0.575202100400313	0	0.874808148011158	0.623000612626879	0.756297787073949	0.887112752325452	0	0.883925989529014	0	0	0	0	0	0	0	0	0	0	0	0	0	0	0	0	0	0	0	0	0	0	0	0	0	0	0	0	0	0	0	0	0	0	0	0	0	0	0	0	0	0	0	0	0	0	0	0	0	0	0	0	0	0	0	0	0
0	0	0	0	0	0	0	0	0	0	0	0	0	0	0	0	0	0	0	0	0.598211486206915	0.588274445823324	0.61125127665806	0.529932324334067	0.751803255864287	0.81455273966883	0.681402733205761	0	0.983046851746727	0	0.678499087688828	0.9863171765721	0.66522717977285	0	0	0	0	0	0	0	0	0	0	0	0	0	0	0	0	0	0	0	0	0	0	0	0	0	0	0	0	0	0	0	0	0	0	0	0	0	0	0	0	0	0	0	0	0	0	0	0	0	0	0	0	0	0	0	0	0
0	0	0	0	0	0	0	0	0	0	0	0	0	0	0	0	0	0	0.872863979360538	0.514610857638538	0	0.877931676450403	0	0.865637726823547	0	0.746402971217018	0.532352432707405	0.863783277516551	0	0.722962729354498	0.533142145105761	0.557151958926441	0	0	0	0.7490718638353	0	0	0	0	0	0	0	0	0	0	0	0	0	0	0	0	0	0	0	0	0	0	0	0	0	0	0	0	0	0	0	0	0	0	0	0	0	0	0	0	0	0	0	0	0	0	0	0	0	0	0	0	0	0
0	0	0	0	0	0	0	0	0	0	0	0	0	0	0	0	0	0	0	0	0	0	0.75156165361223	0	0.715468161476383	0.883887079306941	0.844487453644183	0	0.783161856107749	0	0.785602494057406	0.543281631136614	0.786584757205874	0	0.514795267700432	0	0	0	0	0	0	0	0	0	0	0	0	0	0	0	0	0	0	0	0	0	0	0	0	0	0	0	0	0	0	0	0	0	0	0	0	0	0	0	0	0	0	0	0	0	0	0	0	0	0	0	0	0	0	0
0	0	0	0	0	0	0	0	0	0	0	0	0	0	0	0	0	0	0.721494627020088	0.973821894574808	0	0	0	0	0	0	0.575703387444586	0.671169429555719	0.823386946622342	0.539851156442003	0	0	0.721093406377151	0.71667797869734	0.99991365004019	0.545667985171388	0	0	0	0	0	0	0	0	0	0	0	0	0	0	0	0	0	0	0	0	0	0	0	0	0	0	0	0	0	0	0	0	0	0	0	0	0	0	0	0	0	0	0	0	0	0	0	0	0	0	0	0	0	0
0	0	0	0	0	0	0	0	0	0	0	0	0	0	0	0	0	0	0.549793045948972	0.800810856194162	0	0	0	0	0	0	0	0.69023150104352	0.842604002774281	0.788327918483648	0	0	0	0.715868644186726	0.72387477891715	0.68875872747402	0	0	0	0	0	0	0	0	0	0	0	0	0	0	0	0	0	0	0	0	0	0	0	0	0	0	0	0	0	0	0	0	0	0	0	0	0	0	0	0	0	0	0	0	0	0	0	0	0	0	0	0	0	0
0	0	0	0	0	0	0	0	0	0	0	0	0	0	0	0	0	0	0	0.645224443777911	0	0	0.67358167840471	0	0.850648629928676	0.660477085822455	0.597397459866593	0.956602465791759	0	0.522578848569128	0.507165565611319	0	0	0.799533990613281	0.691863689708964	0.973593947401322	0	0	0	0	0	0	0	0	0	0	0	0	0	0	0	0	0	0	0	0	0	0	0	0	0	0	0	0	0	0	0	0	0	0	0	0	0	0	0	0	0	0	0	0	0	0	0	0	0	0	0	0	0	0
0	0	0	0	0	0	0	0	0	0	0	0	0	0	0	0	0	0	0.959085372709058	0	0.517867285848163	0	0	0	0	0	0	0	0	0	0.881608536285776	0.609543909271921	0.976579886682667	0	0.983367495554911	0.726460292461578	0	0	0	0	0	0	0	0	0	0	0	0	0	0	0	0	0	0	0	0	0	0	0	0	0	0	0	0	0	0	0	0	0	0	0	0	0	0	0	0	0	0	0	0	0	0	0	0	0	0	0	0	0	0
0	0	0	0	0	0	0	0	0	0	0	0	0	0	0	0	0	0	0.729113310766272	0.893995205772815	0.596064773135866	0.566899296619937	0	0.731160587737157	0	0	0	0	0	0.511837955811852	0.546740189224639	0.712520412482517	0.6568380822025	0.649157400022523	0	0.977435616417941	0	0	0	0	0	0	0	0	0	0	0	0	0	0	0	0	0	0	0	0	0	0	0	0	0	0	0	0	0	0	0	0	0	0	0	0	0	0	0	0	0	0	0	0	0	0	0	0	0	0	0	0	0	0
0	0	0	0	0	0	0	0	0	0	0	0	0	0	0	0	0	0	0.942886392466776	0.668046658081766	0.811075485743252	0.853282045074524	0	0	0	0.668135550028491	0	0	0.947413893037742	0	0.908114438967789	0.822781091380697	0.727254777719765	0.748810837887919	0.731198134299359	0	0	0	0	0	0	0	0	0	0	0	0	0	0	0	0	0	0	0	0	0	0	0	0	0	0	0	0	0	0	0	0	0	0	0	0	0	0	0	0	0	0	0	0	0	0	0	0	0	0	0	0	0	0	0
0	0	0	0	0	0	0	0	0	0	0	0	0	0	0	0	0	0	0	0	0	0	0	0	0	0	0	0	0	0	0	0	0	0	0	0	0	0.576102439940728	0	0.59947762433358	0.654089159629298	0.524956858570549	0.886471900128458	0	0.683378959225829	0.654181916400148	0	0	0.700394891144103	0.788550686387691	0	0.601037470320235	0.897207060886812	0.868829800625903	0	0	0	0	0	0	0	0	0	0	0	0	0	0	0	0	0	0	0	0	0	0	0	0	0	0	0	0	0	0	0	0	0	0	0	0
0	0	0	0	0	0	0	0	0	0	0	0	0	0	0	0	0	0	0	0	0	0	0	0	0	0	0	0	0	0	0	0	0	0	0	0	0.526392584621553	0	0.710825252018847	0.568004839896994	0.99693180455997	0.608564525955627	0.797702793977566	0	0	0	0	0	0.528625072631738	0	0	0	0.845201942229038	0.618559864892511	0	0	0	0	0	0	0	0	0	0	0	0	0	0	0	0	0	0	0	0	0	0	0	0	0	0	0	0	0	0	0	0	0	0	0	0
0	0	0	0	0	0	0	0	0	0	0	0	0	0	0	0	0	0	0	0	0	0	0	0	0	0	0	0	0	0	0	0	0	0	0	0	0	0.736509475055355	0	0	0.573769270550957	0.519959451668371	0.739413787746522	0.901354596186742	0.606356000103567	0.62923742194398	0	0.887964357072698	0	0	0.781599921293674	0.844727830576195	0.552369699574889	0.962469803610668	0	0	0	0	0	0	0	0	0	0	0	0	0	0	0	0	0	0	0	0	0	0	0	0	0	0	0	0	0	0	0	0	0	0	0	0
0	0	0	0	0	0	0	0	0	0	0	0	0	0	0	0	0	0	0	0	0	0	0	0	0	0	0	0	0	0	0	0	0	0	0	0	0.620931441791434	0.645424133865926	0	0	0.531098240243827	0.898922680768734	0.920928354485109	0.504506074987092	0.573939776320463	0.619251941089781	0.573271819303005	0.875647945328527	0.62488323876235	0	0	0	0.53689229489043	0.938777948508244	0	0	0	0	0	0	0	0	0	0	0	0	0	0	0	0	0	0	0	0	0	0	0	0	0	0	0	0	0	0	0	0	0	0	0	0
0	0	0	0	0	0	0	0	0	0	0	0	0	0	0	0	0	0	0	0	0	0	0	0	0	0	0	0	0	0	0	0	0	0	0	0	0.808937988666743	0.972589077967912	0.995475012099032	0.811367891815182	0	0.617096536002773	0	0	0	0.814274195376353	0.800701925423667	0.712257336823568	0.722369789828424	0	0.779852821266087	0.894809015113382	0.776686514136098	0	0	0	0	0	0	0	0	0	0	0	0	0	0	0	0	0	0	0	0	0	0	0	0	0	0	0	0	0	0	0	0	0	0	0	0	0
0	0	0	0	0	0	0	0	0	0	0	0	0	0	0	0	0	0	0	0	0	0	0	0	0	0	0	0	0	0	0	0	0	0	0	0	0.603284833565498	0.988251369796657	0.89213868523484	0.748311087553882	0.537325524448997	0	0.644008600939024	0	0	0.67259383791279	0.718481765410865	0.645553530861562	0.858220559365209	0.946894324864166	0	0	0.532340519481132	0	0	0	0	0	0	0	0	0	0	0	0	0	0	0	0	0	0	0	0	0	0	0	0	0	0	0	0	0	0	0	0	0	0	0	0	0
0	0	0	0	0	0	0	0	0	0	0	0	0	0	0	0	0	0	0	0	0	0	0	0	0	0	0	0	0	0	0	0	0	0	0	0	0.810689094788923	0.74134929744709	0.903894950788068	0.662379657891786	0	0.792479978370617	0	0.524953940038007	0	0.792115727270428	0.643067804806532	0.662818233117231	0.631836797322517	0	0	0.790811944259969	0	0.970516360709541	0	0	0	0	0	0	0	0	0	0	0	0	0	0	0	0	0	0	0	0	0	0	0	0	0	0	0	0	0	0	0	0	0	0	0	0
0	0	0	0	0	0	0	0	0	0	0	0	0	0	0	0	0	0	0	0	0	0	0	0	0	0	0	0	0	0	0	0	0	0	0	0	0	0	0.528242893238245	0.52159459412355	0	0	0.545063062343607	0	0	0.901196623425236	0.75103456055956	0.632014688124009	0.832237043763513	0.866717262594383	0.813465242588103	0.608412558051179	0	0	0	0	0	0	0	0	0	0	0	0	0	0	0	0	0	0	0	0	0	0	0	0	0	0	0	0	0	0	0	0	0	0	0	0	0	0
0	0	0	0	0	0	0	0	0	0	0	0	0	0	0	0	0	0	0	0	0	0	0	0	0	0	0	0	0	0	0	0	0	0	0	0	0.940448602928226	0	0.833992552611486	0.935742316724345	0	0	0	0	0	0.813950476256458	0.772761091816092	0.752904327883773	0.926355747642844	0.982538145565055	0.784005760414799	0	0.765450785013428	0.74116471034318	0	0	0	0	0	0	0	0	0	0	0	0	0	0	0	0	0	0	0	0	0	0	0	0	0	0	0	0	0	0	0	0	0	0	0	0
0	0	0	0	0	0	0	0	0	0	0	0	0	0	0	0	0	0	0	0	0	0	0	0	0	0	0	0	0	0	0	0	0	0	0	0	0.799856668568778	0	0.566700096173587	0.853387015501572	0.578034709339527	0.772732526350937	0.781030947671507	0.582570522380998	0.814082423390701	0	0.666302544148669	0.741508665459069	0.695912496457246	0	0.641069760207784	0.905799481892091	0	0	0	0	0	0	0	0	0	0	0	0	0	0	0	0	0	0	0	0	0	0	0	0	0	0	0	0	0	0	0	0	0	0	0	0	0	0
0	0	0	0	0	0	0	0	0	0	0	0	0	0	0	0	0	0	0	0	0	0	0	0	0	0	0	0	0	0	0	0	0	0	0	0	0	0	0	0.525981460136379	0.963916082532154	0.790330194101457	0.796272492227122	0.699702614320513	0.556245515525093	0.847501358243748	0	0.797782753114343	0	0.558955492565904	0.599381845972553	0.99540380581558	0.723871841673385	0.91213537089681	0	0	0	0	0	0	0	0	0	0	0	0	0	0	0	0	0	0	0	0	0	0	0	0	0	0	0	0	0	0	0	0	0	0	0	0
0	0	0	0	0	0	0	0	0	0	0	0	0	0	0	0	0	0	0	0	0	0	0	0	0	0	0	0	0	0	0	0	0	0	0	0	0	0	0.557890270666968	0.683518910127724	0.805342864643701	0.911232951411024	0.994340724205713	0.653605791467945	0.87373476895029	0.89580790682845	0.651225441463389	0	0	0.658991707317957	0.660459040490157	0	0.61989611302319	0.961895262738922	0	0	0	0	0	0	0	0	0	0	0	0	0	0	0	0	0	0	0	0	0	0	0	0	0	0	0	0	0	0	0	0	0	0	0	0
0	0	0	0	0	0	0	0	0	0	0	0	0	0	0	0	0	0	0	0	0	0	0	0	0	0	0	0	0	0	0	0	0	0	0	0	0.560334977275634	0.68194875429379	0	0.999955902928294	0.741384382127652	0.935536821974707	0.929050393621615	0.619551830057177	0.874268742327049	0.696200390284842	0	0	0	0	0.746951015954861	0.730191204390235	0.755076758277103	0.901211782860454	0	0	0	0	0	0	0	0	0	0	0	0	0	0	0	0	0	0	0	0	0	0	0	0	0	0	0	0	0	0	0	0	0	0	0	0
0	0	0	0	0	0	0	0	0	0	0	0	0	0	0	0	0	0	0	0	0	0	0	0	0	0	0	0	0	0	0	0	0	0	0	0	0.964378836818186	0	0	0	0	0.787869593496557	0	0.973911628813946	0.887153300587209	0	0.980945322714499	0.891275238808251	0	0	0.892009661630583	0.697648917298726	0.866287858323712	0.609839237067255	0	0	0	0	0	0	0	0	0	0	0	0	0	0	0	0	0	0	0	0	0	0	0	0	0	0	0	0	0	0	0	0	0	0	0	0
0	0	0	0	0	0	0	0	0	0	0	0	0	0	0	0	0	0	0	0	0	0	0	0	0	0	0	0	0	0	0	0	0	0	0	0	0	0	0.507441111829964	0	0.737294767653883	0	0	0.655075589999253	0.953011281193366	0.73982855682954	0.907187381558848	0.959805871481892	0.737288762107403	0.969993386524764	0	0.948322537851846	0.860743541409886	0.703938870459392	0	0	0	0	0	0	0	0	0	0	0	0	0	0	0	0	0	0	0	0	0	0	0	0	0	0	0	0	0	0	0	0	0	0	0	0
0	0	0	0	0	0	0	0	0	0	0	0	0	0	0	0	0	0	0	0	0	0	0	0	0	0	0	0	0	0	0	0	0	0	0	0	0.831563090359266	0	0.677181402851118	0	0.819434139829614	0	0.938535523021544	0.98924559663913	0	0.939243850338295	0.501938803843684	0	0.98719961915485	0.899744174692397	0.55278802996957	0	0.911740548104405	0.547571195294085	0	0	0	0	0	0	0	0	0	0	0	0	0	0	0	0	0	0	0	0	0	0	0	0	0	0	0	0	0	0	0	0	0	0	0	0
0	0	0	0	0	0	0	0	0	0	0	0	0	0	0	0	0	0	0	0	0	0	0	0	0	0	0	0	0	0	0	0	0	0	0	0	0.752530055081815	0.571698233057841	0.609581312349689	0.732868650177757	0.816977446215636	0.60761091214501	0	0	0.830748221601906	0	0.784383886322485	0.829855071730315	0.76556701268392	0.668499633998191	0.847984245387637	0.734058657250075	0	0.859424549472139	0	0	0	0	0	0	0	0	0	0	0	0	0	0	0	0	0	0	0	0	0	0	0	0	0	0	0	0	0	0	0	0	0	0	0	0
0	0	0	0	0	0	0	0	0	0	0	0	0	0	0	0	0	0	0	0	0	0	0	0	0	0	0	0	0	0	0	0	0	0	0	0	0.65451553361851	0.850412810360986	0.816986539859194	0.735988763193723	0	0	0.55242746867121	0	0.50150484822193	0	0.536945984560711	0.812238141638773	0.873417452835377	0.654529238577906	0.52747360818827	0.864105417122296	0.850820995321724	0	0	0	0	0	0	0	0	0	0	0	0	0	0	0	0	0	0	0	0	0	0	0	0	0	0	0	0	0	0	0	0	0	0	0	0	0
0	0	0	0	0	0	0	0	0	0	0	0	0	0	0	0	0	0	0	0	0	0	0	0	0	0	0	0	0	0	0	0	0	0	0	0	0	0	0	0	0	0	0	0	0	0	0	0	0	0	0	0	0	0	0	0.587827795859079	0.652948390022189	0	0	0	0.995845132813102	0	0	0	0	0	0	0	0	0	0.714275676059294	0.669654476117878	0	0	0	0	0	0	0	0	0	0	0	0	0	0	0	0	0	0
0	0	0	0	0	0	0	0	0	0	0	0	0	0	0	0	0	0	0	0	0	0	0	0	0	0	0	0	0	0	0	0	0	0	0	0	0	0	0	0	0	0	0	0	0	0	0	0	0	0	0	0	0	0	0.529489267444972	0	0.609632484238794	0.763823440096483	0.777150092332332	0	0	0	0	0	0	0	0	0	0	0	0.788621289552155	0.740771637219209	0	0	0	0	0	0	0	0	0	0	0	0	0	0	0	0	0	0
0	0	0	0	0	0	0	0	0	0	0	0	0	0	0	0	0	0	0	0	0	0	0	0	0	0	0	0	0	0	0	0	0	0	0	0	0	0	0	0	0	0	0	0	0	0	0	0	0	0	0	0	0	0	0.933894083625172	0.528993724165716	0	0.750596696175583	0.723018650300447	0.965517200816173	0	0	0	0	0	0	0	0	0	0	0	0.644331860019874	0	0	0	0	0	0	0	0	0	0	0	0	0	0	0	0	0	0
0	0	0	0	0	0	0	0	0	0	0	0	0	0	0	0	0	0	0	0	0	0	0	0	0	0	0	0	0	0	0	0	0	0	0	0	0	0	0	0	0	0	0	0	0	0	0	0	0	0	0	0	0	0	0	0.748611262059856	0.867594119116458	0	0.928701667152543	0.687991547272626	0.890624937785257	0	0	0	0	0	0	0	0	0.675244811179157	0	0	0	0	0	0	0	0	0	0	0	0	0	0	0	0	0	0	0	0
0	0	0	0	0	0	0	0	0	0	0	0	0	0	0	0	0	0	0	0	0	0	0	0	0	0	0	0	0	0	0	0	0	0	0	0	0	0	0	0	0	0	0	0	0	0	0	0	0	0	0	0	0	0	0	0.606445974136482	0.754799722541634	0.553167763616772	0	0.907722069286956	0.781775728984637	0.573119170453399	0	0	0	0	0	0	0	0	0	0	0	0	0	0	0	0	0	0	0	0	0	0	0	0	0	0	0	0
0	0	0	0	0	0	0	0	0	0	0	0	0	0	0	0	0	0	0	0	0	0	0	0	0	0	0	0	0	0	0	0	0	0	0	0	0	0	0	0	0	0	0	0	0	0	0	0	0	0	0	0	0	0	0	0	0.74970738661772	0.73438255669043	0.917042796353899	0	0.776979241018864	0	0.95833066463405	0	0	0	0.823815876406352	0	0	0	0	0	0	0	0	0	0	0	0	0	0	0	0	0	0	0	0	0	0	0
0	0	0	0	0	0	0	0	0	0	0	0	0	0	0	0	0	0	0	0	0	0	0	0	0	0	0	0	0	0	0	0	0	0	0	0	0	0	0	0	0	0	0	0	0	0	0	0	0	0	0	0	0	0	0.509332605357175	0	0	0.7924266181195	0.708559645773978	0.725442017759066	0	0.921213387124597	0.749474043868268	0.503773749555669	0	0	0	0	0	0	0	0	0	0	0	0	0	0	0	0	0	0	0	0	0	0	0	0	0	0
0	0	0	0	0	0	0	0	0	0	0	0	0	0	0	0	0	0	0	0	0	0	0	0	0	0	0	0	0	0	0	0	0	0	0	0	0	0	0	0	0	0	0	0	0	0	0	0	0	0	0	0	0	0	0	0	0	0	0.789185523307747	0	0.550777512714895	0	0.638839414446567	0.650466257638908	0.956337461773709	0	0	0	0	0	0	0	0	0	0	0	0	0	0	0	0	0	0	0	0	0	0	0	0	0
0	0	0	0	0	0	0	0	0	0	0	0	0	0	0	0	0	0	0	0	0	0	0	0	0	0	0	0	0	0	0	0	0	0	0	0	0	0	0	0	0	0	0	0	0	0	0	0	0	0	0	0	0	0	0	0	0	0	0	0.777394928287037	0.591612476170666	0.928956999070747	0	0.830124294905636	0.531701676019921	0.862481860746093	0	0	0	0	0	0	0	0	0	0	0	0	0	0	0	0	0	0	0	0	0	0	0	0
0	0	0	0	0	0	0	0	0	0	0	0	0	0	0	0	0	0	0	0	0	0	0	0	0	0	0	0	0	0	0	0	0	0	0	0	0	0	0	0	0	0	0	0	0	0	0	0	0	0	0	0	0	0	0	0	0	0	0	0	0.542126664372298	0.525967204897921	0.56407086920422	0	0.892951893940265	0.654630814018345	0.977596840370595	0	0	0	0	0	0	0	0	0	0	0	0	0	0	0	0	0	0	0	0	0	0	0
0	0	0	0	0	0	0	0	0	0	0	0	0	0	0	0	0	0	0	0	0	0	0	0	0	0	0	0	0	0	0	0	0	0	0	0	0	0	0	0	0	0	0	0	0	0	0	0	0	0	0	0	0	0	0	0	0	0	0	0	0	0.835896613706624	0.51565189666269	0.687849728352918	0	0.608944509033722	0.926474450060449	0.593553199536551	0	0	0	0	0	0	0	0	0	0	0	0	0	0	0	0	0	0	0	0	0	0
0	0	0	0	0	0	0	0	0	0	0	0	0	0	0	0	0	0	0	0	0	0	0	0	0	0	0	0	0	0	0	0	0	0	0	0	0	0	0	0	0	0	0	0	0	0	0	0	0	0	0	0	0	0	0	0	0	0	0	0	0	0	0.944640672393167	0.797434990911358	0.877173127689404	0	0.824170963479897	0.821101167763641	0.794725305848759	0	0	0	0	0	0	0	0	0	0	0	0	0	0	0	0	0	0	0	0	0
0	0	0	0	0	0	0	0	0	0	0	0	0	0	0	0	0	0	0	0	0	0	0	0	0	0	0	0	0	0	0	0	0	0	0	0	0	0	0	0	0	0	0	0	0	0	0	0	0	0	0	0	0	0	0	0	0	0	0	0.957370472883075	0	0	0	0.775933882105877	0.938052894456097	0.559235579279429	0	0.96928109627297	0.944561955479686	0.825649046115952	0	0	0	0	0	0	0	0	0	0	0	0	0	0	0	0	0	0	0	0
0	0	0	0	0	0	0	0	0	0	0	0	0	0	0	0	0	0	0	0	0	0	0	0	0	0	0	0	0	0	0	0	0	0	0	0	0	0	0	0	0	0	0	0	0	0	0	0	0	0	0	0	0	0	0	0	0	0	0	0	0	0	0	0	0.822709543043818	0.707158675912455	0.723199648647558	0	0.63158872036053	0.878480267686142	0.51038933884988	0	0	0	0	0	0	0	0	0	0	0	0	0	0	0	0	0	0	0
0	0	0	0	0	0	0	0	0	0	0	0	0	0	0	0	0	0	0	0	0	0	0	0	0	0	0	0	0	0	0	0	0	0	0	0	0	0	0	0	0	0	0	0	0	0	0	0	0	0	0	0	0	0	0	0	0	0	0	0	0	0	0	0	0	0.880605604631635	0.788728716710319	0.684542494055461	0	0.671292733483406	0.866382190487348	0.518658658602665	0	0	0	0	0	0	0	0	0	0	0	0	0	0	0	0	0	0
0	0	0	0	0	0	0	0	0	0	0	0	0	0	0	0	0	0	0	0	0	0	0	0	0	0	0	0	0	0	0	0	0	0	0	0	0	0	0	0	0	0	0	0	0	0	0	0	0	0	0	0	0	0	0	0	0	0.829046662736014	0	0	0	0	0	0	0	0	0.83542974901343	0.95860725303521	0.684631624725929	0	0.631516753527559	0.699527360527186	0	0	0	0	0	0	0	0	0	0	0	0	0	0	0	0	0	0
0	0	0	0	0	0	0	0	0	0	0	0	0	0	0	0	0	0	0	0	0	0	0	0	0	0	0	0	0	0	0	0	0	0	0	0	0	0	0	0	0	0	0	0	0	0	0	0	0	0	0	0	0	0	0.937730058010243	0.593244718346371	0	0	0	0	0	0	0	0	0	0	0	0.848590569686955	0.803582982546137	0.591377158648099	0	0.897682808085542	0	0	0	0	0	0	0	0	0	0	0	0	0	0	0	0	0	0
0	0	0	0	0	0	0	0	0	0	0	0	0	0	0	0	0	0	0	0	0	0	0	0	0	0	0	0	0	0	0	0	0	0	0	0	0	0	0	0	0	0	0	0	0	0	0	0	0	0	0	0	0	0	0.576570929624711	0.556056446183308	0.809833533064207	0	0	0	0	0	0	0	0	0	0	0	0.636915052435381	0.661784815348005	0.826161717807136	0	0	0	0	0	0	0	0	0	0	0	0	0	0	0	0	0	0	0
0	0	0	0	0	0	0	0	0	0	0	0	0	0	0	0	0	0	0	0	0	0	0	0	0	0	0	0	0	0	0	0	0	0	0	0	0	0	0	0	0	0	0	0	0	0	0	0	0	0	0	0	0	0	0	0	0	0	0	0	0	0	0	0	0	0	0	0	0	0	0	0	0	0.806763938466362	0.888859512530569	0.532620672246603	0.845526852796744	0	0	0	0	0	0	0	0	0	0.893233277625491	0.817004319066596	0.683415052517394	0.5613466655934
0	0	0	0	0	0	0	0	0	0	0	0	0	0	0	0	0	0	0	0	0	0	0	0	0	0	0	0	0	0	0	0	0	0	0	0	0	0	0	0	0	0	0	0	0	0	0	0	0	0	0	0	0	0	0	0	0	0	0	0	0	0	0	0	0	0	0	0	0	0	0	0	0.912399619308824	0	0.752220374273991	0.614934299185808	0.975968424962933	0.79566366661237	0	0	0	0	0	0	0	0	0	0.88747947680089	0.869367886428227	0.959736052610045
0	0	0	0	0	0	0	0	0	0	0	0	0	0	0	0	0	0	0	0	0	0	0	0	0	0	0	0	0	0	0	0	0	0	0	0	0	0	0	0	0	0	0	0	0	0	0	0	0	0	0	0	0	0	0	0	0	0	0	0	0	0	0	0	0	0	0	0	0	0	0	0	0.805488248058396	0.791631473376375	0	0.992301517041039	0.589570070483617	0.978751426138798	0.660925809568516	0	0	0	0	0	0	0	0	0	0.617734301599725	0.556523593289966
0	0	0	0	0	0	0	0	0	0	0	0	0	0	0	0	0	0	0	0	0	0	0	0	0	0	0	0	0	0	0	0	0	0	0	0	0	0	0	0	0	0	0	0	0	0	0	0	0	0	0	0	0	0	0	0	0	0	0	0	0	0	0	0	0	0	0	0	0	0	0	0	0.592119555410561	0.600172811671484	0.928942400803737	0	0.742149128637035	0.7705875908091	0.659368167353232	0.687428113423562	0	0	0	0	0	0	0	0	0	0.723159734021729
0	0	0	0	0	0	0	0	0	0	0	0	0	0	0	0	0	0	0	0	0	0	0	0	0	0	0	0	0	0	0	0	0	0	0	0	0	0	0	0	0	0	0	0	0	0	0	0	0	0	0	0	0	0	0	0	0	0	0	0	0	0	0	0	0	0	0	0	0	0	0	0	0.86890018862709	0.789044296851373	0.627936609641226	0.695018704558545	0	0.779813388758311	0.784349163070662	0.508144710788842	0.799499221806691	0	0	0	0	0	0	0.587727176118572	0	0
0	0	0	0	0	0	0	0	0	0	0	0	0	0	0	0	0	0	0	0	0	0	0	0	0	0	0	0	0	0	0	0	0	0	0	0	0	0	0	0	0	0	0	0	0	0	0	0	0	0	0	0	0	0	0	0	0	0	0	0	0	0	0	0	0	0	0	0	0	0	0	0	0	0.987924486497262	0.986186584933034	0.738357080733822	0.655141943716635	0	0.816086870833075	0.946209886695434	0.730417451731921	0.595614124716193	0	0	0	0	0	0	0	0
0	0	0	0	0	0	0	0	0	0	0	0	0	0	0	0	0	0	0	0	0	0	0	0	0	0	0	0	0	0	0	0	0	0	0	0	0	0	0	0	0	0	0	0	0	0	0	0	0	0	0	0	0	0	0	0	0	0	0	0	0	0	0	0	0	0	0	0	0	0	0	0	0	0	0.961396232553742	0.90579570928252	0.819035739341514	0.879617454524146	0	0.948270012445313	0.559033112507218	0.985591824535537	0.548540818100527	0	0	0	0	0	0	0
0	0	0	0	0	0	0	0	0	0	0	0	0	0	0	0	0	0	0	0	0	0	0	0	0	0	0	0	0	0	0	0	0	0	0	0	0	0	0	0	0	0	0	0	0	0	0	0	0	0	0	0	0	0	0	0	0	0	0	0	0	0	0	0	0	0	0	0	0	0	0	0	0	0	0	0.648314487887326	0.922503685698581	0.579801017844021	0.656164158746995	0	0.685872539958988	0.650956630579161	0.838843421603944	0.948339761732083	0	0	0	0	0	0
0	0	0	0	0	0	0	0	0	0	0	0	0	0	0	0	0	0	0	0	0	0	0	0	0	0	0	0	0	0	0	0	0	0	0	0	0	0	0	0	0	0	0	0	0	0	0	0	0	0	0	0	0	0	0	0	0	0	0	0	0	0	0	0	0	0	0	0	0	0	0	0	0	0	0	0	0.998386173430809	0.648289132081869	0.724250679660407	0.535230611696386	0	0.921283534049824	0	0.814656788084076	0.669577340411833	0	0	0.944388232636913	0	0
0	0	0	0	0	0	0	0	0	0	0	0	0	0	0	0	0	0	0	0	0	0	0	0	0	0	0	0	0	0	0	0	0	0	0	0	0	0	0	0	0	0	0	0	0	0	0	0	0	0	0	0	0	0	0	0	0	0	0	0	0	0	0	0	0	0	0	0	0	0	0	0	0	0	0	0	0	0.760495666718168	0.795510515923967	0.788085893553319	0.563528250351327	0	0.518415219224362	0.703275562207722	0.806361161244491	0.612315811648115	0	0	0	0
0	0	0	0	0	0	0	0	0	0	0	0	0	0	0	0	0	0	0	0	0	0	0	0	0	0	0	0	0	0	0	0	0	0	0	0	0	0	0	0	0	0	0	0	0	0	0	0	0	0	0	0	0	0	0	0	0	0	0	0	0	0	0	0	0	0	0	0	0	0	0	0	0	0	0	0	0	0	0.861827512312743	0.911927943328788	0	0.681584130683169	0	0.597472739711227	0.654862474089173	0.811901596327782	0.923118136698404	0	0	0
0	0	0	0	0	0	0	0	0	0	0	0	0	0	0	0	0	0	0	0	0	0	0	0	0	0	0	0	0	0	0	0	0	0	0	0	0	0	0	0	0	0	0	0	0	0	0	0	0	0	0	0	0	0	0	0	0	0	0	0	0	0	0	0	0	0	0	0	0	0	0	0	0	0	0	0	0	0	0	0.557292897162512	0.898025827373966	0.916472231223415	0.660533947346455	0	0.584676964509138	0.733051947861965	0.827500070807164	0.725950383334475	0	0
0	0	0	0	0	0	0	0	0	0	0	0	0	0	0	0	0	0	0	0	0	0	0	0	0	0	0	0	0	0	0	0	0	0	0	0	0	0	0	0	0	0	0	0	0	0	0	0	0	0	0	0	0	0	0	0	0	0	0	0	0	0	0	0	0	0	0	0	0	0	0	0	0	0	0	0	0	0	0	0	0.630512281386086	0.962366121399635	0.9731356446925	0.661932075742171	0	0.757972964090342	0.734645729718095	0.86472369973049	0.899191226483936	0
0	0	0	0	0	0	0	0	0	0	0	0	0	0	0	0	0	0	0	0	0	0	0	0	0	0	0	0	0	0	0	0	0	0	0	0	0	0	0	0	0	0	0	0	0	0	0	0	0	0	0	0	0	0	0	0	0	0	0	0	0	0	0	0	0	0	0	0	0	0	0	0	0	0	0	0	0	0	0	0	0	0.844595257661142	0.666988291346372	0.697045613943762	0.535819285830126	0	0.853234647887123	0.739598028413754	0.876629255047709	0.689462722956492
0	0	0	0	0	0	0	0	0	0	0	0	0	0	0	0	0	0	0	0	0	0	0	0	0	0	0	0	0	0	0	0	0	0	0	0	0	0	0	0	0	0	0	0	0	0	0	0	0	0	0	0	0	0	0	0	0	0	0	0	0	0	0	0	0	0	0	0	0	0	0	0	0.722966947550633	0	0	0	0	0	0	0	0	0	0.591005574035655	0.543917117909933	0.629644247281844	0.694080700157534	0	0.600981452621565	0.700124643207764	0.711815707993608
0	0	0	0	0	0	0	0	0	0	0	0	0	0	0	0	0	0	0	0	0	0	0	0	0	0	0	0	0	0	0	0	0	0	0	0	0	0	0	0	0	0	0	0	0	0	0	0	0	0	0	0	0	0	0	0	0	0	0	0	0	0	0	0	0	0	0	0	0	0	0	0	0.897131063250222	0.716428587046082	0	0	0.680091386421368	0	0	0	0.632428712122878	0	0	0.944080311266386	0.649348635207426	0.654364571518264	0.989058097672779	0	0	0.680913999109425
0	0	0	0	0	0	0	0	0	0	0	0	0	0	0	0	0	0	0	0	0	0	0	0	0	0	0	0	0	0	0	0	0	0	0	0	0	0	0	0	0	0	0	0	0	0	0	0	0	0	0	0	0	0	0	0	0	0	0	0	0	0	0	0	0	0	0	0	0	0	0	0	0.752895414397305	0.678769273534835	0.832757840806647	0	0	0	0	0	0	0	0	0	0.972655239450256	0.62386250319639	0.815383336520193	0	0	0.590965913826681
0	0	0	0	0	0	0	0	0	0	0	0	0	0	0	0	0	0	0	0	0	0	0	0	0	0	0	0	0	0	0	0	0	0	0	0	0	0	0	0	0	0	0	0	0	0	0	0	0	0	0	0	0	0	0	0	0	0	0	0	0	0	0	0	0	0	0	0	0	0	0	0	0.963180485844967	0.809252169697207	0.677424734000969	0.842414754307983	0	0	0	0	0	0	0	0	0	0.909100915365479	0.592126328241941	0.52926175637523	0.839644467554864	0
