0	0.948377237034973	0.586938708342444	0.938612516858506	0.602470728306634	0.678210882174722	0	0	0	0	0	0	0	0.663461459705756	0.969621819385092	0.946605124801456	0.765090670324876	0.50573445605805	0	0	0	0	0	0	0	0	0	0	0	0	0	0	0	0	0	0	0	0	0	0	0	0	0	0	0	0	0	0	0	0	0	0	0	0	0	0	0	0	0	0	0	0	0	0	0	0	0	0	0	0	0	0	0	0	0	0	0	0	0	0	0	0	0	0	0	0	0	0	0	0
0.910627603810024	0	0.801279155067366	0.72812623023867	0.884847523227265	0.660839557679064	0.661246879294315	0	0	0	0	0	0	0	0.936784499556586	0.957049486052048	0.839060051408966	0.69938496468067	0	0	0	0	0	0	0	0	0	0	0	0	0	0	0	0	0	0	0	0	0	0	0	0	0	0	0	0	0	0	0	0	0	0	0	0	0	0	0	0	0	0	0	0	0	0	0	0	0	0	0	0	0	0	0	0	0	0	0	0	0	0	0	0	0	0	0	0	0	0	0	0
0.926490846793679	0.780887202949719	0	0.925930538998618	0.554290957059415	0.99414017729315	0.504544883720286	0.736257554277744	0	0	0	0	0	0	0	0.798088300201451	0.816147461023001	0.819566920319848	0	0	0	0	0	0	0	0	0	0	0	0	0	0	0	0	0	0	0	0	0	0	0	0	0	0	0	0	0	0	0	0	0	0	0	0	0	0	0	0	0	0	0	0	0	0	0	0	0	0	0	0	0	0	0	0	0	0	0	0	0	0	0	0	0	0	0	0	0	0	0	0
0.831988790837693	0.869119259609025	0.974495407791349	0	0.601374380233548	0.951722703209648	0.603739903996009	0.589324399913999	0.649239042982214	0	0	0	0	0	0	0	0.990413510023005	0.704382168569026	0	0	0	0	0	0	0	0	0	0	0	0	0	0	0	0	0	0	0	0	0	0	0	0	0	0	0	0	0	0	0	0	0	0	0	0	0	0	0	0	0	0	0	0	0	0	0	0	0	0	0	0	0	0	0	0	0	0	0	0	0	0	0	0	0	0	0	0	0	0	0	0
0.715461172134082	0.507445755139895	0.62473377438837	0.796831585074973	0	0.811954786659186	0.53231668978226	0.54800686490682	0.809440848119889	0.959517586424386	0	0	0	0	0	0	0	0.618348468297185	0	0	0	0	0	0	0	0	0	0	0	0	0	0	0	0	0	0	0	0	0	0	0	0	0	0	0	0	0	0	0	0	0	0	0	0	0	0	0	0	0	0	0	0	0	0	0	0	0	0	0	0	0	0	0	0	0	0	0	0	0	0	0	0	0	0	0	0	0	0	0	0
0.513427902334886	0.90053504848503	0.568144404875534	0.567517467920571	0.603147842334328	0	0.638714473008862	0.70068546040536	0.635300752494278	0.57597866351115	0.727292108453042	0	0	0	0	0	0	0	0	0	0	0	0	0	0	0	0	0	0	0	0	0	0	0	0	0	0	0	0	0	0	0	0	0	0	0	0	0	0	0	0	0	0	0	0	0	0	0	0	0	0	0	0	0	0	0	0	0	0	0	0	0	0	0	0	0	0	0	0	0	0	0	0	0	0	0	0	0	0	0
0	0.994676148725286	0.613080294939359	0.869943262998552	0.775619585627499	0.845002682129204	0	0.710662743498851	0.547039105455528	0.767342444447376	0.980912643692603	0.799843324046429	0	0	0	0	0	0	0	0	0	0	0	0	0	0	0	0	0	0	0	0	0	0	0	0	0	0	0	0	0	0	0	0	0	0	0	0	0	0	0	0	0	0	0	0	0	0	0	0	0	0	0	0	0	0	0	0	0	0	0	0	0	0	0	0	0	0	0	0	0	0	0	0	0	0	0	0	0	0
0	0	0.500507088670908	0.852608531616195	0.61399716926031	0.83980165357124	0.533930925464322	0	0.968550050040688	0.941046210395172	0.624909460268885	0.986510720972598	0.985975363015423	0	0	0	0	0	0	0	0	0	0	0	0	0	0	0	0	0	0	0	0	0	0	0	0	0	0	0	0	0	0	0	0	0	0	0	0	0	0	0	0	0	0	0	0	0	0	0	0	0	0	0	0	0	0	0	0	0	0	0	0	0	0	0	0	0	0	0	0	0	0	0	0	0	0	0	0	0
0	0	0	0.782503108278826	0.851693282966417	0.87490691234371	0.697137908735927	0.945480821236974	0	0.924063021504314	0.552027860088257	0.716507227255395	0.839322942621862	0.630799733999158	0	0	0	0	0	0	0	0	0	0	0	0	0	0	0	0	0	0	0	0	0	0	0	0	0	0	0	0	0	0	0	0	0	0	0	0	0	0	0	0	0	0	0	0	0	0	0	0	0	0	0	0	0	0	0	0	0	0	0	0	0	0	0	0	0	0	0	0	0	0	0	0	0	0	0	0
0	0	0	0	0.943715109851872	0.907477199881682	0.623385381436618	0.527029906573315	0.511602308839954	0	0.710976858313477	0.569147700791111	0.541255164078995	0.643966804345739	0.64213482842292	0	0	0	0	0	0	0	0	0	0	0	0	0	0	0	0	0	0	0	0	0	0	0	0	0	0	0	0	0	0	0	0	0	0	0	0	0	0	0	0	0	0	0	0	0	0	0	0	0	0	0	0	0	0	0	0	0	0	0	0	0	0	0	0	0	0	0	0	0	0	0	0	0	0	0
0	0	0	0	0	0.694757506781425	0.592071789528089	0.682757113326156	0.934631335130863	0.884064200865423	0	0.85397329615848	0.655670883161945	0.522341022308614	0.75873934149908	0.854340064299158	0	0	0	0	0	0	0	0	0	0	0	0	0	0	0	0	0	0	0	0	0	0	0	0	0	0	0	0	0	0	0	0	0	0	0	0	0	0	0	0	0	0	0	0	0	0	0	0	0	0	0	0	0	0	0	0	0	0	0	0	0	0	0	0	0	0	0	0	0	0	0	0	0	0
0	0	0	0	0	0	0.756576797205868	0.638686875057078	0.679609452749197	0.783217898810736	0.850509825406747	0	0.631709283262277	0.87289679851554	0.589395541789321	0.771415500541908	0.971324429208282	0	0	0	0	0	0	0	0	0	0	0	0	0	0	0	0	0	0	0	0	0	0	0	0	0	0	0	0	0	0	0	0	0	0	0	0	0	0	0	0	0	0	0	0	0	0	0	0	0	0	0	0	0	0	0	0	0	0	0	0	0	0	0	0	0	0	0	0	0	0	0	0	0
0	0	0	0	0	0	0	0.85377673143337	0.678500024322276	0.866802261949125	0.579939024147232	0.58305247255751	0	0.899408941837229	0.736393838176329	0.90293781682322	0.95732516781104	0.548844659094206	0	0	0	0	0	0	0	0	0	0	0	0	0	0	0	0	0	0	0	0	0	0	0	0	0	0	0	0	0	0	0	0	0	0	0	0	0	0	0	0	0	0	0	0	0	0	0	0	0	0	0	0	0	0	0	0	0	0	0	0	0	0	0	0	0	0	0	0	0	0	0	0
0.871372852720238	0	0	0	0	0	0	0	0.727208290024882	0.929568412002298	0.691916976303001	0.822478118575271	0.853538156900395	0	0.814891492112099	0.707635877941185	0.794623869454843	0.928303608228928	0	0	0	0	0	0	0	0	0	0	0	0	0	0	0	0	0	0	0	0	0	0	0	0	0	0	0	0	0	0	0	0	0	0	0	0	0	0	0	0	0	0	0	0	0	0	0	0	0	0	0	0	0	0	0	0	0	0	0	0	0	0	0	0	0	0	0	0	0	0	0	0
0.991080168468657	0.813533813992517	0	0	0	0	0	0	0	0.902808033565211	0.778181975329669	0.826718101931054	0.608644752495413	0.5913669102982	0	0.996538288767643	0.798801722672073	0.566883676005357	0	0	0	0	0	0	0	0	0	0	0	0	0	0	0	0	0	0	0	0	0	0	0	0	0	0	0	0	0	0	0	0	0	0	0	0	0	0	0	0	0	0	0	0	0	0	0	0	0	0	0	0	0	0	0	0	0	0	0	0	0	0	0	0	0	0	0	0	0	0	0	0
0.800042707182294	0.89046082716066	0.557516216370062	0	0	0	0	0	0	0	0.916169800985653	0.837012972374609	0.943752411016187	0.682594245475068	0.701807245750349	0	0.557954680300781	0.502925698955542	0	0	0	0	0	0	0	0	0	0	0	0	0	0	0	0	0	0	0	0	0	0	0	0	0	0	0	0	0	0	0	0	0	0	0	0	0	0	0	0	0	0	0	0	0	0	0	0	0	0	0	0	0	0	0	0	0	0	0	0	0	0	0	0	0	0	0	0	0	0	0	0
0.841898668195065	0.861226415292259	0.921787758877154	0.764271119317812	0	0	0	0	0	0	0	0.733348816837313	0.692872944574573	0.601446187491413	0.513803229341819	0.684768657600581	0	0.948189681173544	0	0	0	0	0	0	0	0	0	0	0	0	0	0	0	0	0	0	0	0	0	0	0	0	0	0	0	0	0	0	0	0	0	0	0	0	0	0	0	0	0	0	0	0	0	0	0	0	0	0	0	0	0	0	0	0	0	0	0	0	0	0	0	0	0	0	0	0	0	0	0	0
0.94371739738089	0.820624386583121	0.9564002653805	0.768079188261356	0.638804778181112	0	0	0	0	0	0	0	0.919063433244184	0.769970175624105	0.770061133177375	0.721530156298507	0.789982183992806	0	0	0	0	0	0	0	0	0	0	0	0	0	0	0	0	0	0	0	0	0	0	0	0	0	0	0	0	0	0	0	0	0	0	0	0	0	0	0	0	0	0	0	0	0	0	0	0	0	0	0	0	0	0	0	0	0	0	0	0	0	0	0	0	0	0	0	0	0	0	0	0	0
0	0	0	0	0	0	0	0	0	0	0	0	0	0	0	0	0	0	0	0.713550289128185	0.96916438809778	0.948922891455343	0	0.840538310369888	0.633686278735461	0.684459339911804	0	0.937940773683358	0.899233189757654	0	0	0.916857698414447	0.513092968324042	0.662526125941628	0.869967535090055	0	0	0	0	0	0	0	0	0	0	0	0	0	0	0	0	0	0	0	0	0	0	0	0	0	0	0	0	0	0	0	0	0	0	0	0	0	0	0	0	0	0	0	0	0	0	0	0	0	0	0	0	0	0	0
0	0	0	0	0	0	0	0	0	0	0	0	0	0	0	0	0	0	0.73364345317879	0	0.52961435180808	0.763569413116378	0.584318986856676	0.532940994293954	0.724380806943548	0.913050941699721	0.507324107932986	0.857639863527416	0	0.609402027227133	0.817292321636482	0	0	0	0.618834916195582	0	0	0	0	0	0	0	0	0	0	0	0	0	0	0	0	0	0	0	0	0	0	0	0	0	0	0	0	0	0	0	0	0	0	0	0	0	0	0	0	0	0	0	0	0	0	0	0	0	0	0	0	0	0	0
0	0	0	0	0	0	0	0	0	0	0	0	0	0	0	0	0	0	0.761278888994574	0.860090751849878	0	0.831658287469339	0.763526971118355	0.679830010740785	0	0.823313577990544	0.722766490814752	0.503489598093227	0.971200791280883	0.791979226614302	0.876152556791859	0.898807815750062	0.757758156151505	0	0.547719260821021	0	0	0	0	0	0	0	0	0	0	0	0	0	0	0	0	0	0	0	0	0	0	0	0	0	0	0	0	0	0	0	0	0	0	0	0	0	0	0	0	0	0	0	0	0	0	0	0	0	0	0	0	0	0	0
0	0	0	0	0	0	0	0	0	0	0	0	0	0	0	0	0	0	0.864196576309332	0.773531138317707	0.853702368233721	0	0.64602766236855	0.547140765090669	0.868778348802318	0.768483918380092	0.70096544726693	0.587033846859087	0.951471088495722	0.558614898853412	0.974766540468805	0.582414941151619	0	0.709017378106401	0.576451718010143	0	0	0	0	0	0	0	0	0	0	0	0	0	0	0	0	0	0	0	0	0	0	0	0	0	0	0	0	0	0	0	0	0	0	0	0	0	0	0	0	0	0	0	0	0	0	0	0	0	0	0	0	0	0	0
0	0	0	0	0	0	0	0	0	0	0	0	0	0	0	0	0	0	0	0.897564536698912	0.547867900675513	0.92008414991511	0	0.51114918833195	0.554769629508441	0.686387111291136	0.869842813678789	0	0.610281567777954	0.622133370277212	0.821166177473135	0.570106649533603	0.807695189133975	0.944995899803389	0.710603264239505	0.514881271914892	0	0	0	0	0	0	0	0	0	0	0	0	0	0	0	0	0	0	0	0	0	0	0	0	0	0	0	0	0	0	0	0	0	0	0	0	0	0	0	0	0	0	0	0	0	0	0	0	0	0	0	0	0	0
0	0	0	0	0	0	0	0	0	0	0	0	0	0	0	0	0	0	0.894943069124427	0.952705234589695	0.620256343321838	0.984930038253058	0.690589297253744	0	0.802800290420636	0	0.571499651652275	0.535287587640676	0	0	0.741587791017059	0.72168338604527	0.59948285613912	0.800226670467142	0	0.706212813315903	0	0	0	0	0	0	0	0	0	0	0	0	0	0	0	0	0	0	0	0	0	0	0	0	0	0	0	0	0	0	0	0	0	0	0	0	0	0	0	0	0	0	0	0	0	0	0	0	0	0	0	0	0	0
0	0	0	0	0	0	0	0	0	0	0	0	0	0	0	0	0	0	0.852838616900358	0.54512310956795	0	0.563333228222093	0.747104596040218	0.860817839017959	0	0.630125242796963	0.967853672996686	0.705014194385105	0	0.534103877154425	0.882027699533984	0.615332691230343	0.788587431631739	0.605612228699194	0.652712567012807	0.709460843752225	0	0	0	0	0	0	0	0	0	0	0	0	0	0	0	0	0	0	0	0	0	0	0	0	0	0	0	0	0	0	0	0	0	0	0	0	0	0	0	0	0	0	0	0	0	0	0	0	0	0	0	0	0	0
0	0	0	0	0	0	0	0	0	0	0	0	0	0	0	0	0	0	0.776807924913561	0.956256287425761	0.521326834521628	0.820160434159498	0.813060074410778	0	0.797228318188822	0	0.60310939246017	0.967131612564852	0.579142175181938	0.855232691709092	0	0.756191610178821	0.768483576254758	0.983322843925105	0.619631497860809	0.571587213331774	0	0	0	0	0	0	0	0	0	0	0	0	0	0	0	0	0	0	0	0	0	0	0	0	0	0	0	0	0	0	0	0	0	0	0	0	0	0	0	0	0	0	0	0	0	0	0	0	0	0	0	0	0	0
0	0	0	0	0	0	0	0	0	0	0	0	0	0	0	0	0	0	0	0.911560143975966	0.975850840128418	0.673947707753966	0.710616061675865	0.71497013158367	0.737467796440018	0.561222518649946	0	0.668535778252421	0.500372945008825	0.812021434918907	0	0.739375585049566	0	0.680358068305962	0.704813085103397	0.684385535373977	0	0	0	0	0	0	0	0	0	0	0	0	0	0	0	0	0	0	0	0	0	0	0	0	0	0	0	0	0	0	0	0	0	0	0	0	0	0	0	0	0	0	0	0	0	0	0	0	0	0	0	0	0	0
0	0	0	0	0	0	0	0	0	0	0	0	0	0	0	0	0	0	0.969340685875916	0.514333218008796	0.967707988200992	0.798891291145133	0	0.506827377176585	0.588223720671283	0.905928897558838	0.745840010063057	0	0.951197768147152	0.636717485875784	0.84454766775803	0.804937860868351	0.980664985067763	0.666244719878431	0.986001588304587	0.891855714032051	0	0	0	0	0	0	0	0	0	0	0	0	0	0	0	0	0	0	0	0	0	0	0	0	0	0	0	0	0	0	0	0	0	0	0	0	0	0	0	0	0	0	0	0	0	0	0	0	0	0	0	0	0	0
0	0	0	0	0	0	0	0	0	0	0	0	0	0	0	0	0	0	0.927801713702038	0	0.948180580601508	0.75608389125857	0.879652010317505	0	0	0.5396397089127	0.876988992134865	0.692131802677925	0	0.840534569032498	0.817701778657732	0.570543111182263	0.751077113296226	0.959305639153198	0.99295325414163	0.964693143522994	0	0	0	0	0	0	0	0	0	0	0	0	0	0	0	0	0	0	0	0	0	0	0	0	0	0	0	0	0	0	0	0	0	0	0	0	0	0	0	0	0	0	0	0	0	0	0	0	0	0	0	0	0	0
0	0	0	0	0	0	0	0	0	0	0	0	0	0	0	0	0	0	0	0.604090919103528	0.654586557685071	0.870229339634711	0.733315309946466	0	0.868517390879345	0.672843405413904	0.700292292084043	0.877153834012491	0.662126923485214	0	0.809053224158005	0	0	0.878045371112623	0.529398649321824	0.742949550984533	0	0	0	0	0	0	0	0	0	0	0	0	0	0	0	0	0	0	0	0	0	0	0	0	0	0	0	0	0	0	0	0	0	0	0	0	0	0	0	0	0	0	0	0	0	0	0	0	0	0	0	0	0	0
0	0	0	0	0	0	0	0	0	0	0	0	0	0	0	0	0	0	0	0.873621321391149	0.980120817602284	0.787073349515615	0.833754878749984	0.554701058265613	0.521026265355325	0	0	0.826958028312005	0.789175385486662	0.767194380141496	0	0.960052476124763	0.703314394546767	0.690782183963629	0	0.892014854634632	0	0	0	0	0	0	0	0	0	0	0	0	0	0	0	0	0	0	0	0	0	0	0	0	0	0	0	0	0	0	0	0	0	0	0	0	0	0	0	0	0	0	0	0	0	0	0	0	0	0	0	0	0	0
0	0	0	0	0	0	0	0	0	0	0	0	0	0	0	0	0	0	0.826168204378586	0	0.618936883895693	0.899867364591286	0.54220363633286	0.672109577428366	0.892064148930851	0.881674261813421	0.661306695288531	0.80550440588981	0.966457689042533	0	0.730449651014976	0	0.969624865115727	0.708138667551925	0.992037967572391	0.984974070274018	0	0	0	0	0	0	0	0	0	0	0	0	0	0	0	0	0	0	0	0	0	0	0	0	0	0	0	0	0	0	0	0	0	0	0	0	0	0	0	0	0	0	0	0	0	0	0	0	0	0	0	0	0	0
0	0	0	0	0	0	0	0	0	0	0	0	0	0	0	0	0	0	0.531075066899421	0	0.5153631001344	0	0.730515806462798	0.985964368057053	0.63152002633371	0.96353242179113	0	0.618058830223046	0.703734418335979	0	0.625701155718445	0.590810055854945	0	0.721223589483573	0.652960763645599	0.544682750329829	0	0	0	0	0	0	0	0	0	0	0	0	0	0	0	0	0	0	0	0	0	0	0	0	0	0	0	0	0	0	0	0	0	0	0	0	0	0	0	0	0	0	0	0	0	0	0	0	0	0	0	0	0	0
0	0	0	0	0	0	0	0	0	0	0	0	0	0	0	0	0	0	0.902755270816474	0	0	0.881991179987012	0.603103226074647	0.539712390994433	0.800726030652822	0.616277811075864	0.846074920745356	0.618426817603528	0.619586781454414	0.828995666239577	0.720027153575156	0.7173099159702	0.540393900033931	0	0.630465341588439	0.938970163043332	0	0	0	0	0	0	0	0	0	0	0	0	0	0	0	0	0	0	0	0	0	0	0	0	0	0	0	0	0	0	0	0	0	0	0	0	0	0	0	0	0	0	0	0	0	0	0	0	0	0	0	0	0	0
0	0	0	0	0	0	0	0	0	0	0	0	0	0	0	0	0	0	0.851630354462301	0.731405237068849	0.535231871793981	0.508587053196737	0.983421146321509	0	0.510285125750518	0.574454130557094	0.769951241144591	0.628265573350336	0.960264547312588	0.620091678938392	0	0.73942749912912	0.980092222849623	0.654266882518478	0	0.920156640991685	0	0	0	0	0	0	0	0	0	0	0	0	0	0	0	0	0	0	0	0	0	0	0	0	0	0	0	0	0	0	0	0	0	0	0	0	0	0	0	0	0	0	0	0	0	0	0	0	0	0	0	0	0	0
0	0	0	0	0	0	0	0	0	0	0	0	0	0	0	0	0	0	0	0	0	0	0.910517934414636	0.622289018575371	0.935559606250187	0.758238691933111	0.781597123917571	0.738114733160093	0.715981176594532	0.970896664660104	0.750379072660526	0.794928676757575	0.790089684279111	0.988901191671328	0.680770613991405	0	0	0	0	0	0	0	0	0	0	0	0	0	0	0	0	0	0	0	0	0	0	0	0	0	0	0	0	0	0	0	0	0	0	0	0	0	0	0	0	0	0	0	0	0	0	0	0	0	0	0	0	0	0	0
0	0	0	0	0	0	0	0	0	0	0	0	0	0	0	0	0	0	0	0	0	0	0	0	0	0	0	0	0	0	0	0	0	0	0	0	0	0.962814565484117	0.779099952326486	0.919260990645899	0	0	0	0	0	0	0	0	0	0	0.942440122089119	0	0	0	0	0	0	0	0	0	0	0	0	0	0	0	0	0	0	0	0	0	0	0	0	0	0	0	0	0	0	0	0	0	0	0	0	0	0	0
0	0	0	0	0	0	0	0	0	0	0	0	0	0	0	0	0	0	0	0	0	0	0	0	0	0	0	0	0	0	0	0	0	0	0	0	0.731416575393841	0	0.623619704854189	0.732242610962837	0.858111619315709	0.531089830823997	0	0	0	0.710345536049535	0	0	0	0	0	0	0.614962120982171	0.917033261267685	0	0	0	0	0	0	0	0	0	0	0	0	0	0	0	0	0	0	0	0	0	0	0	0	0	0	0	0	0	0	0	0	0	0	0	0
0	0	0	0	0	0	0	0	0	0	0	0	0	0	0	0	0	0	0	0	0	0	0	0	0	0	0	0	0	0	0	0	0	0	0	0	0.970616811820913	0.609720397156547	0	0	0	0.999510908520414	0	0.903861144335125	0	0	0.702307730886453	0	0	0.550929641056332	0	0	0	0	0	0	0	0	0	0	0	0	0	0	0	0	0	0	0	0	0	0	0	0	0	0	0	0	0	0	0	0	0	0	0	0	0	0	0	0
0	0	0	0	0	0	0	0	0	0	0	0	0	0	0	0	0	0	0	0	0	0	0	0	0	0	0	0	0	0	0	0	0	0	0	0	0.588323121670868	0.586996755813675	0	0	0.875618763256464	0	0.735979672278579	0	0	0	0	0	0	0	0	0.642972903427072	0.540633635017516	0	0	0	0	0	0	0	0	0	0	0	0	0	0	0	0	0	0	0	0	0	0	0	0	0	0	0	0	0	0	0	0	0	0	0	0	0
0	0	0	0	0	0	0	0	0	0	0	0	0	0	0	0	0	0	0	0	0	0	0	0	0	0	0	0	0	0	0	0	0	0	0	0	0	0.526995948536604	0	0.890442571372838	0	0.758920488035322	0.838036306894352	0	0	0	0	0	0	0	0	0	0	0	0	0	0	0	0	0	0	0	0	0	0	0	0	0	0	0	0	0	0	0	0	0	0	0	0	0	0	0	0	0	0	0	0	0	0	0
0	0	0	0	0	0	0	0	0	0	0	0	0	0	0	0	0	0	0	0	0	0	0	0	0	0	0	0	0	0	0	0	0	0	0	0	0	0.807401314903522	0.525976897258112	0	0.602306354238013	0	0	0.721828377310982	0.78941288099757	0	0	0.520018899820571	0	0	0	0	0.663396841825965	0	0	0	0	0	0	0	0	0	0	0	0	0	0	0	0	0	0	0	0	0	0	0	0	0	0	0	0	0	0	0	0	0	0	0	0	0
0	0	0	0	0	0	0	0	0	0	0	0	0	0	0	0	0	0	0	0	0	0	0	0	0	0	0	0	0	0	0	0	0	0	0	0	0	0	0	0.502534601081584	0.577333824375863	0	0	0.819359120314023	0.627900249068205	0	0	0	0.788329566301513	0.723042956257155	0.560899067475423	0	0.680849375538904	0	0	0	0	0	0	0	0	0	0	0	0	0	0	0	0	0	0	0	0	0	0	0	0	0	0	0	0	0	0	0	0	0	0	0	0	0
0	0	0	0	0	0	0	0	0	0	0	0	0	0	0	0	0	0	0	0	0	0	0	0	0	0	0	0	0	0	0	0	0	0	0	0	0	0	0.589543855614049	0	0	0.788317150334028	0.514434350875223	0	0	0.594701156151782	0	0.614504201619685	0	0	0.802230403924783	0	0	0	0	0	0	0	0	0	0	0	0	0	0	0	0	0	0	0	0	0	0	0	0	0	0	0	0	0	0	0	0	0	0	0	0	0	0	0
0	0	0	0	0	0	0	0	0	0	0	0	0	0	0	0	0	0	0	0	0	0	0	0	0	0	0	0	0	0	0	0	0	0	0	0	0	0	0	0	0	0.512909557842655	0.988417512270628	0	0	0.900654978205261	0.815650099864103	0.621819666231415	0	0.758591554525882	0	0	0	0	0	0	0	0	0	0	0	0	0	0	0	0	0	0	0	0	0	0	0	0	0	0	0	0	0	0	0	0	0	0	0	0	0	0	0	0
0	0	0	0	0	0	0	0	0	0	0	0	0	0	0	0	0	0	0	0	0	0	0	0	0	0	0	0	0	0	0	0	0	0	0	0	0	0.727845809498835	0	0	0	0	0	0.949737536896043	0.567817065220168	0	0	0	0	0	0.985297348329105	0	0	0.995814644905922	0	0	0	0	0	0	0	0	0	0	0	0	0	0	0	0	0	0	0	0	0	0	0	0	0	0	0	0	0	0	0	0	0	0	0	0
0	0	0	0	0	0	0	0	0	0	0	0	0	0	0	0	0	0	0	0	0	0	0	0	0	0	0	0	0	0	0	0	0	0	0	0	0	0	0.886526971832212	0	0	0	0	0	0.557780101489961	0	0	0.760846229849266	0.990711582169911	0.667454851756224	0	0	0	0	0	0	0	0	0	0	0	0	0	0	0	0	0	0	0	0	0	0	0	0	0	0	0	0	0	0	0	0	0	0	0	0	0	0	0	0
0	0	0	0	0	0	0	0	0	0	0	0	0	0	0	0	0	0	0	0	0	0	0	0	0	0	0	0	0	0	0	0	0	0	0	0	0	0	0	0	0	0.890816696748549	0	0.894507514843637	0.87154144885296	0	0.594723335343923	0	0.60532201814435	0	0	0.652975736002698	0.834176125947915	0.507231339470806	0	0	0	0	0	0	0	0	0	0	0	0	0	0	0	0	0	0	0	0	0	0	0	0	0	0	0	0	0	0	0	0	0	0	0	0
0	0	0	0	0	0	0	0	0	0	0	0	0	0	0	0	0	0	0	0	0	0	0	0	0	0	0	0	0	0	0	0	0	0	0	0	0	0	0	0	0	0	0.551881037868388	0	0	0	0.96900130672083	0.977198782714933	0	0	0.976465013163648	0.804500943158111	0	0.817750647876917	0	0	0	0	0	0	0	0	0	0	0	0	0	0	0	0	0	0	0	0	0	0	0	0	0	0	0	0	0	0	0	0	0	0	0	0
0	0	0	0	0	0	0	0	0	0	0	0	0	0	0	0	0	0	0	0	0	0	0	0	0	0	0	0	0	0	0	0	0	0	0	0	0	0	0.893048740971892	0	0	0	0.718736145975397	0	0.579527607655031	0	0.68066598512817	0	0	0	0.811487209470996	0	0.734640389288947	0	0	0	0	0	0	0	0	0	0	0	0	0	0	0	0	0	0	0	0	0	0	0	0	0	0	0	0	0	0	0	0	0	0	0	0	0
0	0	0	0	0	0	0	0	0	0	0	0	0	0	0	0	0	0	0	0	0	0	0	0	0	0	0	0	0	0	0	0	0	0	0	0	0.68676942474675	0	0	0	0	0	0.512453266235377	0.812450408691296	0	0.875930895929429	0	0	0.63408177981395	0.766960324654805	0	0	0	0	0	0	0	0	0	0	0	0	0	0	0	0	0	0	0	0	0	0	0	0	0	0	0	0	0	0	0	0	0	0	0	0	0	0	0	0
0	0	0	0	0	0	0	0	0	0	0	0	0	0	0	0	0	0	0	0	0	0	0	0	0	0	0	0	0	0	0	0	0	0	0	0	0	0	0	0.626966765326395	0	0	0	0	0	0	0	0.85772117840519	0.749138778666948	0	0	0	0.885780337734285	0.746989778786751	0	0	0	0	0	0	0	0	0	0	0	0	0	0	0	0	0	0	0	0	0	0	0	0	0	0	0	0	0	0	0	0	0	0	0	0
0	0	0	0	0	0	0	0	0	0	0	0	0	0	0	0	0	0	0	0	0	0	0	0	0	0	0	0	0	0	0	0	0	0	0	0	0	0.668480603097335	0	0.735889793576603	0	0.707136947647155	0.909964907159527	0	0	0	0	0.593177940186372	0	0.907192813579312	0	0.825818315517568	0	0	0	0	0	0	0	0	0	0	0	0	0	0	0	0	0	0	0	0	0	0	0	0	0	0	0	0	0	0	0	0	0	0	0	0	0	0
0	0	0	0	0	0	0	0	0	0	0	0	0	0	0	0	0	0	0	0	0	0	0	0	0	0	0	0	0	0	0	0	0	0	0	0	0	0.976059885097719	0	0	0	0	0	0	0	0.715289345603985	0	0.981307601434199	0.645077707687044	0	0	0.853579184996524	0	0	0	0	0	0	0	0	0	0	0	0	0	0	0	0	0	0	0	0	0	0	0	0	0	0	0	0	0	0	0	0	0	0	0	0	0	0
0	0	0	0	0	0	0	0	0	0	0	0	0	0	0	0	0	0	0	0	0	0	0	0	0	0	0	0	0	0	0	0	0	0	0	0	0	0	0	0	0	0	0	0	0	0	0	0	0	0	0	0	0	0	0	0.628944530007563	0.766257859610729	0.603517637419487	0.71873972758118	0.801682525688705	0	0	0.964160807317882	0	0	0	0	0	0.921749054971446	0.523633277785149	0	0.979236726080807	0	0	0	0	0	0	0	0	0	0	0	0	0	0	0	0	0	0
0	0	0	0	0	0	0	0	0	0	0	0	0	0	0	0	0	0	0	0	0	0	0	0	0	0	0	0	0	0	0	0	0	0	0	0	0	0	0	0	0	0	0	0	0	0	0	0	0	0	0	0	0	0	0.690093292318104	0	0.931842410650695	0.757221634753165	0.747690800176149	0.874668463694349	0	0	0	0	0	0	0	0	0	0.963241381854348	0.642132568938313	0.875667887552948	0	0	0	0	0	0	0	0	0	0	0	0	0	0	0	0	0	0
0	0	0	0	0	0	0	0	0	0	0	0	0	0	0	0	0	0	0	0	0	0	0	0	0	0	0	0	0	0	0	0	0	0	0	0	0	0	0	0	0	0	0	0	0	0	0	0	0	0	0	0	0	0	0.889352700867432	0.899018634251976	0	0.923708072703633	0.984507809820983	0.660786334938299	0	0	0	0	0	0.515113556790222	0	0	0	0	0.931479210892474	0	0	0	0	0	0	0	0	0	0	0	0	0	0	0	0	0	0	0
0	0	0	0	0	0	0	0	0	0	0	0	0	0	0	0	0	0	0	0	0	0	0	0	0	0	0	0	0	0	0	0	0	0	0	0	0	0	0	0	0	0	0	0	0	0	0	0	0	0	0	0	0	0	0.981227952172353	0.931852179869185	0.516099743200576	0	0.825380985301684	0	0.759041737767369	0.540754875113157	0	0	0	0	0	0.7659456238665	0	0	0	0	0	0	0	0	0	0	0	0	0	0	0	0	0	0	0	0	0	0
0	0	0	0	0	0	0	0	0	0	0	0	0	0	0	0	0	0	0	0	0	0	0	0	0	0	0	0	0	0	0	0	0	0	0	0	0	0	0	0	0	0	0	0	0	0	0	0	0	0	0	0	0	0	0.790051942439877	0.641851676126933	0.500068304849798	0.931514754599971	0	0.554060709940795	0.836733419965293	0.949000790996413	0	0	0	0	0	0.661797412294098	0	0	0	0.984993116421255	0	0	0	0	0	0	0	0	0	0	0	0	0	0	0	0	0	0
0	0	0	0	0	0	0	0	0	0	0	0	0	0	0	0	0	0	0	0	0	0	0	0	0	0	0	0	0	0	0	0	0	0	0	0	0	0	0	0	0	0	0	0	0	0	0	0	0	0	0	0	0	0	0.827186514528086	0.771046008599846	0.784247891137	0	0.89801353611684	0	0	0.984311543607931	0	0.805208260458904	0	0	0	0	0.501920341458016	0	0.525938607811676	0	0	0	0	0	0	0	0	0	0	0	0	0	0	0	0	0	0	0
0	0	0	0	0	0	0	0	0	0	0	0	0	0	0	0	0	0	0	0	0	0	0	0	0	0	0	0	0	0	0	0	0	0	0	0	0	0	0	0	0	0	0	0	0	0	0	0	0	0	0	0	0	0	0	0	0	0.533812158023267	0.79765521748594	0	0	0.60214931715903	0.700820084293764	0.800123505078737	0	0.616375714361711	0	0	0	0	0	0	0	0	0	0	0	0	0	0	0	0	0	0	0	0	0	0	0	0
0	0	0	0	0	0	0	0	0	0	0	0	0	0	0	0	0	0	0	0	0	0	0	0	0	0	0	0	0	0	0	0	0	0	0	0	0	0	0	0	0	0	0	0	0	0	0	0	0	0	0	0	0	0	0	0	0	0.652715675884963	0.586169939620181	0.931575491554463	0.819361278419125	0	0	0.815001569248638	0.506519196801454	0.624383894037842	0	0	0	0.703249369122363	0	0	0	0	0	0	0	0	0	0	0	0	0	0	0	0	0	0	0	0
0	0	0	0	0	0	0	0	0	0	0	0	0	0	0	0	0	0	0	0	0	0	0	0	0	0	0	0	0	0	0	0	0	0	0	0	0	0	0	0	0	0	0	0	0	0	0	0	0	0	0	0	0	0	0.787464076999607	0	0	0	0	0	0.883765277140693	0	0	0	0	0.69917682369172	0	0	0.696418137517872	0.736370031803241	0.55224416852745	0	0	0	0	0	0	0	0	0	0	0	0	0	0	0	0	0	0	0
0	0	0	0	0	0	0	0	0	0	0	0	0	0	0	0	0	0	0	0	0	0	0	0	0	0	0	0	0	0	0	0	0	0	0	0	0	0	0	0	0	0	0	0	0	0	0	0	0	0	0	0	0	0	0	0	0	0	0	0.948174879768748	0.687779829016767	0.940287362563295	0	0	0.585871525037434	0	0.534004757394323	0.869059884495025	0	0.704610735581324	0.631471873468836	0	0	0	0	0	0	0	0	0	0	0	0	0	0	0	0	0	0	0
0	0	0	0	0	0	0	0	0	0	0	0	0	0	0	0	0	0	0	0	0	0	0	0	0	0	0	0	0	0	0	0	0	0	0	0	0	0	0	0	0	0	0	0	0	0	0	0	0	0	0	0	0	0	0	0	0	0	0	0	0	0.634040566751124	0	0.954441712184667	0	0.822725787791599	0.97825832382554	0.856455363465601	0.552496780618344	0	0	0	0	0	0	0	0	0	0	0	0	0	0	0	0	0	0	0	0	0
0	0	0	0	0	0	0	0	0	0	0	0	0	0	0	0	0	0	0	0	0	0	0	0	0	0	0	0	0	0	0	0	0	0	0	0	0	0	0	0	0	0	0	0	0	0	0	0	0	0	0	0	0	0	0	0	0.591952009135327	0	0	0	0.621444846799092	0.815863566817493	0.517768876450798	0	0.939379687218144	0	0.783921508507	0	0.510123578324425	0.703176420940187	0.941488596819497	0	0	0	0	0	0	0	0	0	0	0	0	0	0	0	0	0	0	0
0	0	0	0	0	0	0	0	0	0	0	0	0	0	0	0	0	0	0	0	0	0	0	0	0	0	0	0	0	0	0	0	0	0	0	0	0	0	0	0	0	0	0	0	0	0	0	0	0	0	0	0	0	0	0	0	0	0	0	0	0	0	0	0.847999851879949	0.611443937036206	0.996205481598093	0	0.580572462866942	0.512796960249186	0.94844004320945	0.963364342631178	0.539891181019876	0	0	0	0	0	0	0	0	0	0	0	0	0	0	0	0	0	0
0	0	0	0	0	0	0	0	0	0	0	0	0	0	0	0	0	0	0	0	0	0	0	0	0	0	0	0	0	0	0	0	0	0	0	0	0	0	0	0	0	0	0	0	0	0	0	0	0	0	0	0	0	0	0	0	0	0.916250273187979	0.567197899778648	0	0	0	0	0.81859566338854	0.641634388501076	0	0.592277806841316	0	0.805015544372506	0.604197279510715	0.607305693931359	0.816333427338144	0	0	0	0	0	0	0	0	0	0	0	0	0	0	0	0	0	0
0	0	0	0	0	0	0	0	0	0	0	0	0	0	0	0	0	0	0	0	0	0	0	0	0	0	0	0	0	0	0	0	0	0	0	0	0	0	0	0	0	0	0	0	0	0	0	0	0	0	0	0	0	0	0.810212485250024	0	0	0	0	0.553022146488456	0	0	0.971041024801831	0	0.682015045722279	0.705531247897623	0.86023691837401	0.979605020099495	0	0.835677173605472	0	0.573908036781503	0	0	0	0	0	0	0	0	0	0	0	0	0	0	0	0	0	0
0	0	0	0	0	0	0	0	0	0	0	0	0	0	0	0	0	0	0	0	0	0	0	0	0	0	0	0	0	0	0	0	0	0	0	0	0	0	0	0	0	0	0	0	0	0	0	0	0	0	0	0	0	0	0.740729142622351	0.621750622225313	0	0	0	0	0	0.994013278230041	0.809143653868587	0.648126467279044	0	0.832968461152104	0.791980328258395	0.733325018432629	0.835418866744745	0	0.874521165050476	0	0	0	0	0	0	0	0	0	0	0	0	0	0	0	0	0	0	0
0	0	0	0	0	0	0	0	0	0	0	0	0	0	0	0	0	0	0	0	0	0	0	0	0	0	0	0	0	0	0	0	0	0	0	0	0	0	0	0	0	0	0	0	0	0	0	0	0	0	0	0	0	0	0	0.586405871079804	0.690238255717873	0	0	0.980204962019287	0	0	0.91526219046211	0.538128961828041	0	0.955529698637394	0.506992414439139	0.580089855423182	0	0.915133947368983	0	0.531632257633015	0	0	0	0	0	0	0	0	0	0	0	0	0	0	0	0	0	0
0	0	0	0	0	0	0	0	0	0	0	0	0	0	0	0	0	0	0	0	0	0	0	0	0	0	0	0	0	0	0	0	0	0	0	0	0	0	0	0	0	0	0	0	0	0	0	0	0	0	0	0	0	0	0.865252084364108	0.968235699074313	0	0	0.964270526187999	0	0	0	0	0	0	0	0.625723690898878	0.599242888020773	0.844610963352757	0	0.695496821326753	0	0	0	0	0	0	0	0	0	0	0	0	0	0	0	0	0	0	0
0	0	0	0	0	0	0	0	0	0	0	0	0	0	0	0	0	0	0	0	0	0	0	0	0	0	0	0	0	0	0	0	0	0	0	0	0	0	0	0	0	0	0	0	0	0	0	0	0	0	0	0	0	0	0	0	0	0	0	0	0	0	0	0	0	0	0	0	0	0	0	0	0	0.79846832745262	0.832145417646694	0.725025614986778	0.562402481655334	0.575331415947326	0.884708972768348	0	0	0.931779683802002	0	0.805990661460661	0.690526851078094	0.789630089456607	0.854216580983354	0.912011040950627	0.626110663870515	0.813540931167546
0	0	0	0	0	0	0	0	0	0	0	0	0	0	0	0	0	0	0	0	0	0	0	0	0	0	0	0	0	0	0	0	0	0	0	0	0	0	0	0	0	0	0	0	0	0	0	0	0	0	0	0	0	0	0	0	0	0	0	0	0	0	0	0	0	0	0	0	0	0	0	0	0.650170109921464	0	0.746305209236021	0.53001466688948	0.603395168300237	0.57827412110185	0.964697248966021	0.775207175702308	0	0	0	0	0.669724851682666	0.860024061251785	0.783164836049523	0.580066205148528	0.930719809906654	0.574231521902342
0	0	0	0	0	0	0	0	0	0	0	0	0	0	0	0	0	0	0	0	0	0	0	0	0	0	0	0	0	0	0	0	0	0	0	0	0	0	0	0	0	0	0	0	0	0	0	0	0	0	0	0	0	0	0	0	0	0	0	0	0	0	0	0	0	0	0	0	0	0	0	0	0.996167482460309	0.69750950971987	0	0.707072482119146	0.950125691943832	0.734756754446244	0	0.866998953518823	0.628542574827788	0.586198656372134	0	0	0	0	0.808591752774621	0.661968653928707	0.837157845129946	0.879920302365984
0	0	0	0	0	0	0	0	0	0	0	0	0	0	0	0	0	0	0	0	0	0	0	0	0	0	0	0	0	0	0	0	0	0	0	0	0	0	0	0	0	0	0	0	0	0	0	0	0	0	0	0	0	0	0	0	0	0	0	0	0	0	0	0	0	0	0	0	0	0	0	0	0.613505173307388	0.544475019120599	0.906270334900755	0	0.851921183754349	0.735509439843299	0.701097158098992	0.965604467151923	0.953577121473417	0.725930139779835	0	0	0	0	0	0.829243156462756	0.774105974059615	0.608246865683661
0	0	0	0	0	0	0	0	0	0	0	0	0	0	0	0	0	0	0	0	0	0	0	0	0	0	0	0	0	0	0	0	0	0	0	0	0	0	0	0	0	0	0	0	0	0	0	0	0	0	0	0	0	0	0	0	0	0	0	0	0	0	0	0	0	0	0	0	0	0	0	0	0.653527529153417	0.984207840219531	0.876255797172865	0.604815699038064	0	0.938053191771132	0.930788188440389	0.881475409858388	0	0.715657766544497	0.814298204158214	0	0	0	0	0.529077481202233	0.96489222247282	0.684348128213911
0	0	0	0	0	0	0	0	0	0	0	0	0	0	0	0	0	0	0	0	0	0	0	0	0	0	0	0	0	0	0	0	0	0	0	0	0	0	0	0	0	0	0	0	0	0	0	0	0	0	0	0	0	0	0	0	0	0	0	0	0	0	0	0	0	0	0	0	0	0	0	0	0.707830718356377	0.577395853556611	0.625474326816564	0.536128868674997	0.808471404188007	0	0.838592134867023	0.536995129749829	0.954214693434569	0.855638396326267	0.773907340707556	0.988667420434884	0	0	0	0	0	0.831382331911455
0	0	0	0	0	0	0	0	0	0	0	0	0	0	0	0	0	0	0	0	0	0	0	0	0	0	0	0	0	0	0	0	0	0	0	0	0	0	0	0	0	0	0	0	0	0	0	0	0	0	0	0	0	0	0	0	0	0	0	0	0	0	0	0	0	0	0	0	0	0	0	0	0.719793258867393	0.905774063192404	0	0.996214207450716	0.951255252645372	0.58826907275378	0	0.770936059014395	0.95433888532684	0.756831770984667	0	0.86533898790772	0.587418460031491	0.666185736938565	0	0	0	0
0	0	0	0	0	0	0	0	0	0	0	0	0	0	0	0	0	0	0	0	0	0	0	0	0	0	0	0	0	0	0	0	0	0	0	0	0	0	0	0	0	0	0	0	0	0	0	0	0	0	0	0	0	0	0	0	0	0	0	0	0	0	0	0	0	0	0	0	0	0	0	0	0	0.772345369129016	0.50336655370082	0.749200634971625	0.801083346296452	0.823599157242798	0.707169762600401	0	0.693310589981432	0.50447960498304	0.982026467561206	0.825502020643384	0.872101433641287	0.519752937289604	0	0	0	0
0	0	0	0	0	0	0	0	0	0	0	0	0	0	0	0	0	0	0	0	0	0	0	0	0	0	0	0	0	0	0	0	0	0	0	0	0	0	0	0	0	0	0	0	0	0	0	0	0	0	0	0	0	0	0	0	0	0	0	0	0	0	0	0	0	0	0	0	0	0	0	0	0	0	0.609986968136603	0.51934428464326	0	0.542553348999432	0.883220733222758	0.86012471157656	0	0.686799819674744	0.558692050430134	0.638741567147675	0.600501533959556	0.737826477614902	0.5442551883174	0	0	0
0	0	0	0	0	0	0	0	0	0	0	0	0	0	0	0	0	0	0	0	0	0	0	0	0	0	0	0	0	0	0	0	0	0	0	0	0	0	0	0	0	0	0	0	0	0	0	0	0	0	0	0	0	0	0	0	0	0	0	0	0	0	0	0	0	0	0	0	0	0	0	0	0.879643783054595	0	0.553141810761402	0.505946781326471	0.981068054417116	0.969840783408847	0.564644561535637	0.872952803228795	0.810278156866887	0	0.881835588400187	0.85291991774489	0.947564855173494	0	0.541545516279885	0.851758389077578	0	0
0	0	0	0	0	0	0	0	0	0	0	0	0	0	0	0	0	0	0	0	0	0	0	0	0	0	0	0	0	0	0	0	0	0	0	0	0	0	0	0	0	0	0	0	0	0	0	0	0	0	0	0	0	0	0	0	0	0	0	0	0	0	0	0	0	0	0	0	0	0	0	0	0	0	0	0	0.504242015881362	0.731031316381465	0	0.89017246522792	0.603341763315014	0.955447700029986	0	0.538042681104899	0.525753732352311	0.989564448258908	0.677475489740191	0.87370206824768	0.672443992658922	0
0	0	0	0	0	0	0	0	0	0	0	0	0	0	0	0	0	0	0	0	0	0	0	0	0	0	0	0	0	0	0	0	0	0	0	0	0	0	0	0	0	0	0	0	0	0	0	0	0	0	0	0	0	0	0	0	0	0	0	0	0	0	0	0	0	0	0	0	0	0	0	0	0.752857564469881	0	0	0	0	0.518431721690603	0.842532174296658	0.750315478404719	0.507683297662461	0.995993301264791	0.734262158939712	0	0.641057213517046	0.644375729303813	0.605908049411186	0.696704068936854	0.816236172544691	0
0	0	0	0	0	0	0	0	0	0	0	0	0	0	0	0	0	0	0	0	0	0	0	0	0	0	0	0	0	0	0	0	0	0	0	0	0	0	0	0	0	0	0	0	0	0	0	0	0	0	0	0	0	0	0	0	0	0	0	0	0	0	0	0	0	0	0	0	0	0	0	0	0.608750217629288	0.784818870375428	0	0	0	0	0.595530057700842	0.845515754542871	0.888818327440482	0.539445278333988	0.624895703953131	0.812439058054962	0	0.730145354217125	0.644089235032856	0.507222798767406	0.595536160182376	0
0	0	0	0	0	0	0	0	0	0	0	0	0	0	0	0	0	0	0	0	0	0	0	0	0	0	0	0	0	0	0	0	0	0	0	0	0	0	0	0	0	0	0	0	0	0	0	0	0	0	0	0	0	0	0	0	0	0	0	0	0	0	0	0	0	0	0	0	0	0	0	0	0.890925090844593	0.544974567779696	0	0	0	0	0.767688065311509	0.504098216100379	0.625892119235058	0	0.860036555353301	0.586580937210957	0.992896439302075	0	0.930580009248897	0.731116218906518	0.746890466097733	0.671773505527633
0	0	0	0	0	0	0	0	0	0	0	0	0	0	0	0	0	0	0	0	0	0	0	0	0	0	0	0	0	0	0	0	0	0	0	0	0	0	0	0	0	0	0	0	0	0	0	0	0	0	0	0	0	0	0	0	0	0	0	0	0	0	0	0	0	0	0	0	0	0	0	0	0.896195715227167	0.81736953015729	0.649758312651784	0	0	0	0	0	0.667350842292252	0.574620727283508	0.681735761064675	0.780583960409116	0.835680476096693	0.540739563600726	0	0.624562618619556	0.665469395306171	0.774169496763842
0	0	0	0	0	0	0	0	0	0	0	0	0	0	0	0	0	0	0	0	0	0	0	0	0	0	0	0	0	0	0	0	0	0	0	0	0	0	0	0	0	0	0	0	0	0	0	0	0	0	0	0	0	0	0	0	0	0	0	0	0	0	0	0	0	0	0	0	0	0	0	0	0.655444670611465	0.893093272523242	0.797456179848152	0.890377434257371	0.657244363250897	0	0	0	0	0.683158576509419	0.874212215140289	0.706384533868119	0.860107502967621	0.728769888904256	0.951803133492955	0	0.643400661293152	0.54184107718904
0	0	0	0	0	0	0	0	0	0	0	0	0	0	0	0	0	0	0	0	0	0	0	0	0	0	0	0	0	0	0	0	0	0	0	0	0	0	0	0	0	0	0	0	0	0	0	0	0	0	0	0	0	0	0	0	0	0	0	0	0	0	0	0	0	0	0	0	0	0	0	0	0.550938753822737	0.613109108053334	0.738456215311934	0.846627994521818	0.903400976242307	0	0	0	0	0	0.843932740622263	0.76801940080346	0.844587872065993	0.814374322044643	0.8862016726277	0.66820343551942	0	0.819593766185234
0	0	0	0	0	0	0	0	0	0	0	0	0	0	0	0	0	0	0	0	0	0	0	0	0	0	0	0	0	0	0	0	0	0	0	0	0	0	0	0	0	0	0	0	0	0	0	0	0	0	0	0	0	0	0	0	0	0	0	0	0	0	0	0	0	0	0	0	0	0	0	0	0.57962354500893	0.732557855961789	0.636604406097095	0.945988990627408	0.730914796631759	0.663836564638253	0	0	0	0	0	0	0	0.7091364814418	0.694743816916437	0.695605231422132	0.69725294705246	0
