0	0.552265816521504	0.619901195421022	0.704425591885796	0.680733261737503	0.583797209753601	0.772782354631504	0	0	0	0	0	0.521977445859287	0.582340282216709	0.949821996763549	0.57987028580413	0.587229528804931	0.710533249950107	0	0	0	0	0	0	0	0	0	0	0	0	0	0	0	0	0	0	0	0	0	0	0	0	0	0	0	0	0	0	0	0	0	0	0	0	0	0	0	0	0	0	0	0	0	0	0	0	0	0	0	0	0	0	0	0	0	0	0	0	0	0	0	0	0	0	0	0	0	0	0	0
0.738979416423194	0	0.661907147209966	0.974124743882323	0.69740298418996	0.594320355972162	0.927695800029324	0.891111600353524	0	0	0	0	0	0.997464468474205	0.918892273152574	0.889178297872529	0.641714637641595	0.821142813236682	0	0	0	0	0	0	0	0	0	0	0	0	0	0	0	0	0	0	0	0	0	0	0	0	0	0	0	0	0	0	0	0	0	0	0	0	0	0	0	0	0	0	0	0	0	0	0	0	0	0	0	0	0	0	0	0	0	0	0	0	0	0	0	0	0	0	0	0	0	0	0	0
0.770710428585572	0.584170796046851	0	0	0.908287215992533	0.867061248037149	0.592491375183384	0.825875595590944	0	0.959791273633921	0	0	0	0.72020597892475	0.511726509334389	0.532793918437786	0.761529482193103	0.915877739586786	0	0	0	0	0	0	0	0	0	0	0	0	0	0	0	0	0	0	0	0	0	0	0	0	0	0	0	0	0	0	0	0	0	0	0	0	0	0	0	0	0	0	0	0	0	0	0	0	0	0	0	0	0	0	0	0	0	0	0	0	0	0	0	0	0	0	0	0	0	0	0	0
0.649898247436685	0.976140689092102	0	0	0.838750986029534	0.804231392448473	0.743167205039167	0.574144934449497	0.636712665476966	0.506739204405749	0	0	0	0	0	0.949224379302427	0.566430293932825	0.619477627388032	0	0	0	0	0	0	0	0	0	0	0	0	0	0	0	0	0	0	0	0	0	0	0	0	0	0	0	0	0	0	0	0	0	0	0	0	0	0	0	0	0	0	0	0	0	0	0	0	0	0	0	0	0	0	0	0	0	0	0	0	0	0	0	0	0	0	0	0	0	0	0	0
0.550006317712604	0.560608269006333	0.751588412290576	0.567183468241979	0	0.550630026742104	0.708658684519684	0.876620557446142	0.864732393413374	0.892621467400501	0.724955948257319	0	0	0	0	0	0.56459279494713	0.893967126580467	0	0	0	0	0	0	0	0	0	0	0	0	0	0	0	0	0	0	0	0	0	0	0	0	0	0	0	0	0	0	0	0	0	0	0	0	0	0	0	0	0	0	0	0	0	0	0	0	0	0	0	0	0	0	0	0	0	0	0	0	0	0	0	0	0	0	0	0	0	0	0	0
0.768899183737914	0.528736060073789	0.921484208634362	0.704112738698338	0.957907012311555	0	0.57684341974336	0.618011030480915	0.685219113905935	0.790060299671453	0.81564606712549	0.542187191187355	0	0	0	0	0	0.508457183613975	0	0	0	0	0	0	0	0	0	0	0	0	0	0	0	0	0	0	0	0	0	0	0	0	0	0	0	0	0	0	0	0	0	0	0	0	0	0	0	0	0	0	0	0	0	0	0	0	0	0	0	0	0	0	0	0	0	0	0	0	0	0	0	0	0	0	0	0	0	0	0	0
0.571255721835974	0.600477155090347	0.920695790550368	0.886087725383491	0.626246247096837	0.943861432377767	0	0.912874709307404	0.841927589720363	0.800166852949165	0.822571316003698	0.566077742484757	0.706243501635117	0	0	0	0	0	0	0	0	0	0	0	0	0	0	0	0	0	0	0	0	0	0	0	0	0	0	0	0	0	0	0	0	0	0	0	0	0	0	0	0	0	0	0	0	0	0	0	0	0	0	0	0	0	0	0	0	0	0	0	0	0	0	0	0	0	0	0	0	0	0	0	0	0	0	0	0	0
0	0.711545862819421	0.792786445263715	0.918709015815618	0.96075977096609	0.803028955326789	0.617332241826275	0	0.747949762493315	0.603833014881282	0.933276887515515	0.638081482953596	0.653606931509187	0.897234588526081	0	0	0	0	0	0	0	0	0	0	0	0	0	0	0	0	0	0	0	0	0	0	0	0	0	0	0	0	0	0	0	0	0	0	0	0	0	0	0	0	0	0	0	0	0	0	0	0	0	0	0	0	0	0	0	0	0	0	0	0	0	0	0	0	0	0	0	0	0	0	0	0	0	0	0	0
0	0	0	0.947695793786985	0.699254987727473	0.982627444841018	0.647242181840396	0.62110020020264	0	0.581535890026446	0.922147579379739	0.620334607257737	0.613945033819614	0.792624623257731	0.917654301360288	0	0	0	0	0	0	0	0	0	0	0	0	0	0	0	0	0	0	0	0	0	0	0	0	0	0	0	0	0	0	0	0	0	0	0	0	0	0	0	0	0	0	0	0	0	0	0	0	0	0	0	0	0	0	0	0	0	0	0	0	0	0	0	0	0	0	0	0	0	0	0	0	0	0	0
0	0	0.570219540064851	0.867789826279808	0.545242241306211	0.70613950933926	0.812641371070875	0.59624131932274	0.946618388917865	0	0.727780711408077	0.958035564756959	0.845581890935026	0.873003852206291	0.701559008234717	0.552095984448771	0	0	0	0	0	0	0	0	0	0	0	0	0	0	0	0	0	0	0	0	0	0	0	0	0	0	0	0	0	0	0	0	0	0	0	0	0	0	0	0	0	0	0	0	0	0	0	0	0	0	0	0	0	0	0	0	0	0	0	0	0	0	0	0	0	0	0	0	0	0	0	0	0	0
0	0	0	0	0.585228156273646	0.927381941505947	0.708173960527429	0.854964815973206	0.80552722840326	0.725200104555717	0	0.746593172970613	0.90621066511334	0.838533254577958	0.54146192516451	0.554512623850914	0.882289962809728	0	0	0	0	0	0	0	0	0	0	0	0	0	0	0	0	0	0	0	0	0	0	0	0	0	0	0	0	0	0	0	0	0	0	0	0	0	0	0	0	0	0	0	0	0	0	0	0	0	0	0	0	0	0	0	0	0	0	0	0	0	0	0	0	0	0	0	0	0	0	0	0	0
0	0	0	0	0	0.871022971391761	0.65384591749281	0.757853100911016	0.661085819517688	0.697916835741943	0.975578483228332	0	0.528991223493891	0.578611838852636	0.794535199665446	0.943590214351654	0.821184713478658	0.663332452598758	0	0	0	0	0	0	0	0	0	0	0	0	0	0	0	0	0	0	0	0	0	0	0	0	0	0	0	0	0	0	0	0	0	0	0	0	0	0	0	0	0	0	0	0	0	0	0	0	0	0	0	0	0	0	0	0	0	0	0	0	0	0	0	0	0	0	0	0	0	0	0	0
0.72976391893898	0	0	0	0	0	0.62587661014388	0.898686491187402	0.603639832137469	0.511588643927761	0.943738136438698	0.761100481794343	0	0.977715118986078	0.82453220634564	0.782063471631721	0.778696092659242	0.590759624090492	0	0	0	0	0	0	0	0	0	0	0	0	0	0	0	0	0	0	0	0	0	0	0	0	0	0	0	0	0	0	0	0	0	0	0	0	0	0	0	0	0	0	0	0	0	0	0	0	0	0	0	0	0	0	0	0	0	0	0	0	0	0	0	0	0	0	0	0	0	0	0	0
0.7323540272608	0.929126457312469	0.650737667568223	0	0	0	0	0.71422651569294	0.559315976432819	0.988346096616501	0.804451118255237	0.677518523516017	0.795387406231955	0	0.797770316215976	0.506853977764218	0.707409524022952	0.549685373236268	0	0	0	0	0	0	0	0	0	0	0	0	0	0	0	0	0	0	0	0	0	0	0	0	0	0	0	0	0	0	0	0	0	0	0	0	0	0	0	0	0	0	0	0	0	0	0	0	0	0	0	0	0	0	0	0	0	0	0	0	0	0	0	0	0	0	0	0	0	0	0	0
0.602770240714283	0.509496472679055	0.761056317849407	0	0	0	0	0	0.987145853305731	0.674708642392508	0.504921822092721	0.598892506632902	0.697699675726109	0.531578897309201	0	0.927035122071273	0.865359986534948	0.809528345794324	0	0	0	0	0	0	0	0	0	0	0	0	0	0	0	0	0	0	0	0	0	0	0	0	0	0	0	0	0	0	0	0	0	0	0	0	0	0	0	0	0	0	0	0	0	0	0	0	0	0	0	0	0	0	0	0	0	0	0	0	0	0	0	0	0	0	0	0	0	0	0	0
0.870100127337647	0.538474353512526	0.675355710970419	0.681359673049387	0	0	0	0	0	0.768544633255602	0.666570997270505	0.760312186277071	0.926287244364894	0.901028181459661	0.697149305833022	0	0.894268088624866	0.606284210712101	0	0	0	0	0	0	0	0	0	0	0	0	0	0	0	0	0	0	0	0	0	0	0	0	0	0	0	0	0	0	0	0	0	0	0	0	0	0	0	0	0	0	0	0	0	0	0	0	0	0	0	0	0	0	0	0	0	0	0	0	0	0	0	0	0	0	0	0	0	0	0	0
0.669967435399377	0.500958637891692	0.548664455975271	0.556506973828868	0.633194739734197	0	0	0	0	0	0.565531086558167	0.905830304491413	0.525590829246253	0.643497970257329	0.728839181968656	0.516277451716974	0	0.810500196684755	0	0	0	0	0	0	0	0	0	0	0	0	0	0	0	0	0	0	0	0	0	0	0	0	0	0	0	0	0	0	0	0	0	0	0	0	0	0	0	0	0	0	0	0	0	0	0	0	0	0	0	0	0	0	0	0	0	0	0	0	0	0	0	0	0	0	0	0	0	0	0	0
0.524914232212434	0.577529965743285	0.645813119168539	0.67961541104611	0.803361162620641	0.801032944238521	0	0	0	0	0	0.954029521051343	0.730673830366741	0.53490080165361	0.899374586709715	0.552698488198542	0.853815346914195	0	0	0	0	0	0	0	0	0	0	0	0	0	0	0	0	0	0	0	0	0	0	0	0	0	0	0	0	0	0	0	0	0	0	0	0	0	0	0	0	0	0	0	0	0	0	0	0	0	0	0	0	0	0	0	0	0	0	0	0	0	0	0	0	0	0	0	0	0	0	0	0	0
0	0	0	0	0	0	0	0	0	0	0	0	0	0	0	0	0	0	0	0.53098479869741	0	0.517558599399944	0	0	0	0	0.626963750848511	0	0.959840274544689	0.842636677585621	0.713324153140118	0	0.675881300595786	0	0	0.521092190908119	0	0	0	0	0	0	0	0	0	0	0	0	0	0	0	0	0	0	0	0	0	0	0	0	0	0	0	0	0	0	0	0	0	0	0	0	0	0	0	0	0	0	0	0	0	0	0	0	0	0	0	0	0	0
0	0	0	0	0	0	0	0	0	0	0	0	0	0	0	0	0	0	0.999533370894446	0	0	0	0.576936084890422	0	0.87853043045564	0.772358052597257	0	0.910851749445214	0	0	0.626060480661706	0	0	0.669360964173347	0.719513314417062	0	0	0	0	0	0	0	0	0	0	0	0	0	0	0	0	0	0	0	0	0	0	0	0	0	0	0	0	0	0	0	0	0	0	0	0	0	0	0	0	0	0	0	0	0	0	0	0	0	0	0	0	0	0	0
0	0	0	0	0	0	0	0	0	0	0	0	0	0	0	0	0	0	0	0	0	0.821253960381642	0.983016680740796	0.521035665121289	0	0.710079602355873	0.774471479235084	0	0.556832875218366	0.51398014006144	0.718563318409923	0	0	0.797269195935522	0	0.888131164765236	0	0	0	0	0	0	0	0	0	0	0	0	0	0	0	0	0	0	0	0	0	0	0	0	0	0	0	0	0	0	0	0	0	0	0	0	0	0	0	0	0	0	0	0	0	0	0	0	0	0	0	0	0	0
0	0	0	0	0	0	0	0	0	0	0	0	0	0	0	0	0	0	0.638048080617495	0	0.534169692292529	0	0	0.957494472582246	0.810343675738419	0	0.650716053453916	0	0	0.717092607660019	0	0.698148847612611	0	0.946030280066058	0	0.783500234317499	0	0	0	0	0	0	0	0	0	0	0	0	0	0	0	0	0	0	0	0	0	0	0	0	0	0	0	0	0	0	0	0	0	0	0	0	0	0	0	0	0	0	0	0	0	0	0	0	0	0	0	0	0	0
0	0	0	0	0	0	0	0	0	0	0	0	0	0	0	0	0	0	0	0.939146022405228	0.803329684116613	0	0	0.894514217618239	0.826996070393873	0.549498625625698	0	0.754383196622457	0.506715237317833	0.992736811691279	0	0	0.919868143441908	0.832451566870868	0.506478353183942	0	0	0	0	0	0	0	0	0	0	0	0	0	0	0	0	0	0	0	0	0	0	0	0	0	0	0	0	0	0	0	0	0	0	0	0	0	0	0	0	0	0	0	0	0	0	0	0	0	0	0	0	0	0	0
0	0	0	0	0	0	0	0	0	0	0	0	0	0	0	0	0	0	0	0	0.655231083344129	0.747621542419288	0.97112157964151	0	0	0.656934134835392	0.560558767972337	0	0.934854702898383	0.834787656231176	0.511801632277977	0	0	0	0	0	0	0	0	0	0	0	0	0	0	0	0	0	0	0	0	0	0	0	0	0	0	0	0	0	0	0	0	0	0	0	0	0	0	0	0	0	0	0	0	0	0	0	0	0	0	0	0	0	0	0	0	0	0	0
0	0	0	0	0	0	0	0	0	0	0	0	0	0	0	0	0	0	0	0.811778053849305	0	0.545615321005297	0.787204307921962	0	0	0.674244987945058	0.777254884743247	0	0	0.854844789022034	0	0	0.960278278348452	0	0	0.874393111486088	0	0	0	0	0	0	0	0	0	0	0	0	0	0	0	0	0	0	0	0	0	0	0	0	0	0	0	0	0	0	0	0	0	0	0	0	0	0	0	0	0	0	0	0	0	0	0	0	0	0	0	0	0	0
0	0	0	0	0	0	0	0	0	0	0	0	0	0	0	0	0	0	0	0.521575774524538	0.763842519806133	0	0.695299524679365	0.947327498178555	0.930509134479978	0	0	0.891709501340871	0	0.908518076353595	0	0.506161522555397	0.860568944761306	0.789277819159653	0.686758717850623	0.533550402047815	0	0	0	0	0	0	0	0	0	0	0	0	0	0	0	0	0	0	0	0	0	0	0	0	0	0	0	0	0	0	0	0	0	0	0	0	0	0	0	0	0	0	0	0	0	0	0	0	0	0	0	0	0	0
0	0	0	0	0	0	0	0	0	0	0	0	0	0	0	0	0	0	0.773343361572	0	0.516235219138757	0.927341838665957	0	0.579295606464987	0.729228467897783	0	0	0	0	0.764010364444517	0	0.90834011190027	0	0.978562914727782	0.859131255844502	0.569693997553087	0	0	0	0	0	0	0	0	0	0	0	0	0	0	0	0	0	0	0	0	0	0	0	0	0	0	0	0	0	0	0	0	0	0	0	0	0	0	0	0	0	0	0	0	0	0	0	0	0	0	0	0	0	0
0	0	0	0	0	0	0	0	0	0	0	0	0	0	0	0	0	0	0	0.849089892775336	0	0	0.531664485035551	0	0	0.623010587346357	0	0	0.643512337816476	0.755861996796374	0.981585315191111	0.510905110918768	0.962048359043384	0.695160846129151	0.803690612796065	0.775102708892976	0	0	0	0	0	0	0	0	0	0	0	0	0	0	0	0	0	0	0	0	0	0	0	0	0	0	0	0	0	0	0	0	0	0	0	0	0	0	0	0	0	0	0	0	0	0	0	0	0	0	0	0	0	0
0	0	0	0	0	0	0	0	0	0	0	0	0	0	0	0	0	0	0.928226504856223	0	0.778939456412201	0	0.878801846016186	0.604452285391437	0	0	0	0.566952799508655	0	0.945728352764317	0	0.795696808332691	0	0.67504753514667	0.916145948923697	0	0	0	0	0	0	0	0	0	0	0	0	0	0	0	0	0	0	0	0	0	0	0	0	0	0	0	0	0	0	0	0	0	0	0	0	0	0	0	0	0	0	0	0	0	0	0	0	0	0	0	0	0	0	0
0	0	0	0	0	0	0	0	0	0	0	0	0	0	0	0	0	0	0.898594334516065	0	0.718925167224982	0.95614165261095	0.918706590311017	0.789336686802298	0.603209626697254	0.723288422436951	0.988406352240382	0.671361275041173	0.72590800446892	0	0	0	0	0.528444517604095	0.63784979950762	0.894514848787105	0	0	0	0	0	0	0	0	0	0	0	0	0	0	0	0	0	0	0	0	0	0	0	0	0	0	0	0	0	0	0	0	0	0	0	0	0	0	0	0	0	0	0	0	0	0	0	0	0	0	0	0	0	0
0	0	0	0	0	0	0	0	0	0	0	0	0	0	0	0	0	0	0.831205542019142	0.833313672063955	0.519951576054445	0	0	0.922525699621701	0	0	0	0.607417745026358	0	0	0	0.637985367828566	0	0.543016188132718	0.799815051656571	0.610825117402676	0	0	0	0	0	0	0	0	0	0	0	0	0	0	0	0	0	0	0	0	0	0	0	0	0	0	0	0	0	0	0	0	0	0	0	0	0	0	0	0	0	0	0	0	0	0	0	0	0	0	0	0	0	0
0	0	0	0	0	0	0	0	0	0	0	0	0	0	0	0	0	0	0	0	0	0.577165354673566	0	0	0	0.963265997094355	0.508956963144275	0.606856325413424	0.684138395776699	0	0.813343242550985	0	0.733423240098483	0.903179411891966	0.878939422418775	0.614682048029267	0	0	0	0	0	0	0	0	0	0	0	0	0	0	0	0	0	0	0	0	0	0	0	0	0	0	0	0	0	0	0	0	0	0	0	0	0	0	0	0	0	0	0	0	0	0	0	0	0	0	0	0	0	0
0	0	0	0	0	0	0	0	0	0	0	0	0	0	0	0	0	0	0.871019032992435	0	0	0	0.581483762974778	0	0.669540117773294	0.542439571030396	0	0.823767069876288	0	0	0	0.895790651710735	0	0	0.575003833288856	0.633003228499549	0	0	0	0	0	0	0	0	0	0	0	0	0	0	0	0	0	0	0	0	0	0	0	0	0	0	0	0	0	0	0	0	0	0	0	0	0	0	0	0	0	0	0	0	0	0	0	0	0	0	0	0	0	0
0	0	0	0	0	0	0	0	0	0	0	0	0	0	0	0	0	0	0	0.871747088881909	0.51577268890028	0.862152184535696	0.628273139140576	0	0	0.646461056946157	0.824203839396832	0.534444566268058	0.653679865514398	0.587589014528065	0.751633470431989	0.875883102178245	0	0	0.912153064056787	0	0	0	0	0	0	0	0	0	0	0	0	0	0	0	0	0	0	0	0	0	0	0	0	0	0	0	0	0	0	0	0	0	0	0	0	0	0	0	0	0	0	0	0	0	0	0	0	0	0	0	0	0	0	0
0	0	0	0	0	0	0	0	0	0	0	0	0	0	0	0	0	0	0	0.743363343743987	0	0	0.740304407319613	0	0	0.691130792275068	0.990084065954321	0.843961027677336	0.557610617097553	0.665912849013708	0.827675570535989	0.989240940316448	0.684796161152331	0.906871241629371	0	0.984125924594064	0	0	0	0	0	0	0	0	0	0	0	0	0	0	0	0	0	0	0	0	0	0	0	0	0	0	0	0	0	0	0	0	0	0	0	0	0	0	0	0	0	0	0	0	0	0	0	0	0	0	0	0	0	0
0	0	0	0	0	0	0	0	0	0	0	0	0	0	0	0	0	0	0.828724773487584	0	0.72756746454416	0.64813883238892	0	0	0.76199273747456	0.722082909957467	0.976693390044671	0.545583925564489	0	0.525234808148571	0.699873322493669	0.705944728762443	0.725862298727353	0	0.597450069217079	0	0	0	0	0	0	0	0	0	0	0	0	0	0	0	0	0	0	0	0	0	0	0	0	0	0	0	0	0	0	0	0	0	0	0	0	0	0	0	0	0	0	0	0	0	0	0	0	0	0	0	0	0	0	0
0	0	0	0	0	0	0	0	0	0	0	0	0	0	0	0	0	0	0	0	0	0	0	0	0	0	0	0	0	0	0	0	0	0	0	0	0	0.902384780328908	0	0.733763396390017	0.804510840223963	0	0	0	0	0	0	0.512188710673224	0	0.558911563582421	0.820983136187453	0	0	0	0	0	0	0	0	0	0	0	0	0	0	0	0	0	0	0	0	0	0	0	0	0	0	0	0	0	0	0	0	0	0	0	0	0	0	0
0	0	0	0	0	0	0	0	0	0	0	0	0	0	0	0	0	0	0	0	0	0	0	0	0	0	0	0	0	0	0	0	0	0	0	0	0.591279100392671	0	0.735755817981449	0.601762895417389	0.736381348252155	0.784722708420224	0	0	0	0.674639255959261	0	0.847929628659991	0	0	0.630010319036396	0.615633728894028	0	0.672773723129458	0	0	0	0	0	0	0	0	0	0	0	0	0	0	0	0	0	0	0	0	0	0	0	0	0	0	0	0	0	0	0	0	0	0	0	0
0	0	0	0	0	0	0	0	0	0	0	0	0	0	0	0	0	0	0	0	0	0	0	0	0	0	0	0	0	0	0	0	0	0	0	0	0	0.515083723855521	0	0	0.82166192194831	0.969799307861316	0	0	0.50648035884496	0	0	0	0.94640713158582	0.606891469763034	0.843719261350147	0	0.972135305122135	0	0	0	0	0	0	0	0	0	0	0	0	0	0	0	0	0	0	0	0	0	0	0	0	0	0	0	0	0	0	0	0	0	0	0	0	0
0	0	0	0	0	0	0	0	0	0	0	0	0	0	0	0	0	0	0	0	0	0	0	0	0	0	0	0	0	0	0	0	0	0	0	0	0.951028138525221	0.977570010687289	0	0	0.611907319811134	0.548479127461064	0.532021625951526	0.942956988781405	0	0	0	0.729978587730941	0	0	0	0	0	0.786096296733046	0	0	0	0	0	0	0	0	0	0	0	0	0	0	0	0	0	0	0	0	0	0	0	0	0	0	0	0	0	0	0	0	0	0	0	0
0	0	0	0	0	0	0	0	0	0	0	0	0	0	0	0	0	0	0	0	0	0	0	0	0	0	0	0	0	0	0	0	0	0	0	0	0.769257951868747	0.952670007649772	0.762263341992035	0.859119175193517	0	0.722603153721641	0	0.686052764007919	0.731255433790261	0	0.878338447373204	0	0	0	0	0	0	0	0	0	0	0	0	0	0	0	0	0	0	0	0	0	0	0	0	0	0	0	0	0	0	0	0	0	0	0	0	0	0	0	0	0	0	0
0	0	0	0	0	0	0	0	0	0	0	0	0	0	0	0	0	0	0	0	0	0	0	0	0	0	0	0	0	0	0	0	0	0	0	0	0	0.62871938791491	0.568819284985652	0.78054453977368	0.845468116497858	0	0	0	0.998936495181433	0.749907813819126	0.919140004859313	0.727812737768838	0	0.860153829431297	0	0	0	0	0	0	0	0	0	0	0	0	0	0	0	0	0	0	0	0	0	0	0	0	0	0	0	0	0	0	0	0	0	0	0	0	0	0	0	0
0	0	0	0	0	0	0	0	0	0	0	0	0	0	0	0	0	0	0	0	0	0	0	0	0	0	0	0	0	0	0	0	0	0	0	0	0	0	0	0.623595839835317	0	0	0	0.784247381485574	0.694531045300005	0.732726921114316	0	0.927892135828436	0	0	0	0	0.976194095294344	0	0	0	0	0	0	0	0	0	0	0	0	0	0	0	0	0	0	0	0	0	0	0	0	0	0	0	0	0	0	0	0	0	0	0	0	0
0	0	0	0	0	0	0	0	0	0	0	0	0	0	0	0	0	0	0	0	0	0	0	0	0	0	0	0	0	0	0	0	0	0	0	0	0	0	0	0.729883615951681	0.582768714786796	0	0.96756946303169	0	0.959460321581616	0.734972481207204	0.891810389572424	0.862800216339715	0	0.877270014304974	0.922065491589097	0.807450168695923	0	0	0	0	0	0	0	0	0	0	0	0	0	0	0	0	0	0	0	0	0	0	0	0	0	0	0	0	0	0	0	0	0	0	0	0	0	0
0	0	0	0	0	0	0	0	0	0	0	0	0	0	0	0	0	0	0	0	0	0	0	0	0	0	0	0	0	0	0	0	0	0	0	0	0	0	0.586730005673356	0	0.764055721952596	0.72794715974606	0.597701046685408	0.74238646869952	0	0.552679837599274	0.686314461797666	0	0	0	0	0.832475315346552	0	0.917329013265202	0	0	0	0	0	0	0	0	0	0	0	0	0	0	0	0	0	0	0	0	0	0	0	0	0	0	0	0	0	0	0	0	0	0	0	0
0	0	0	0	0	0	0	0	0	0	0	0	0	0	0	0	0	0	0	0	0	0	0	0	0	0	0	0	0	0	0	0	0	0	0	0	0	0.767093158818675	0	0	0	0.815042688528419	0.649800740248905	0.793185733643463	0.515083560104818	0	0	0.807950492889536	0.768021346374727	0	0.815662312474679	0.602985067495365	0	0	0	0	0	0	0	0	0	0	0	0	0	0	0	0	0	0	0	0	0	0	0	0	0	0	0	0	0	0	0	0	0	0	0	0	0	0
0	0	0	0	0	0	0	0	0	0	0	0	0	0	0	0	0	0	0	0	0	0	0	0	0	0	0	0	0	0	0	0	0	0	0	0	0	0	0	0	0.69936253657042	0.559394872167853	0	0.58219175563394	0.686325202799877	0	0	0	0	0.829227064367696	0.758893669903802	0.641692258875247	0	0	0	0	0	0	0	0	0	0	0	0	0	0	0	0	0	0	0	0	0	0	0	0	0	0	0	0	0	0	0	0	0	0	0	0	0	0
0	0	0	0	0	0	0	0	0	0	0	0	0	0	0	0	0	0	0	0	0	0	0	0	0	0	0	0	0	0	0	0	0	0	0	0	0.852364463646069	0.841969952813014	0	0.585988615307734	0	0.788784434765522	0.824384710937356	0.676241247547846	0	0.924344834209248	0	0	0	0.734501345626899	0	0	0.744088562889225	0.672723107676414	0	0	0	0	0	0	0	0	0	0	0	0	0	0	0	0	0	0	0	0	0	0	0	0	0	0	0	0	0	0	0	0	0	0	0	0
0	0	0	0	0	0	0	0	0	0	0	0	0	0	0	0	0	0	0	0	0	0	0	0	0	0	0	0	0	0	0	0	0	0	0	0	0	0	0.922275912770208	0	0	0	0	0	0	0.88562325882452	0	0	0	0.731773039697805	0	0	0.558217872525511	0	0	0	0	0	0	0	0	0	0	0	0	0	0	0	0	0	0	0	0	0	0	0	0	0	0	0	0	0	0	0	0	0	0	0	0	0
0	0	0	0	0	0	0	0	0	0	0	0	0	0	0	0	0	0	0	0	0	0	0	0	0	0	0	0	0	0	0	0	0	0	0	0	0.846491873603969	0	0.951908012592583	0	0	0.692165429273882	0	0.674804324745999	0	0	0.994820261652437	0.868124742313955	0.76749119225431	0	0	0	0.533530577833838	0.911743318301912	0	0	0	0	0	0	0	0	0	0	0	0	0	0	0	0	0	0	0	0	0	0	0	0	0	0	0	0	0	0	0	0	0	0	0	0
0	0	0	0	0	0	0	0	0	0	0	0	0	0	0	0	0	0	0	0	0	0	0	0	0	0	0	0	0	0	0	0	0	0	0	0	0.857092693792804	0.756706802815624	0.5230062133147	0	0	0	0	0.670100550492031	0	0.926050203035318	0.825923773197681	0	0	0	0	0.776836331014651	0	0.52379156243359	0	0	0	0	0	0	0	0	0	0	0	0	0	0	0	0	0	0	0	0	0	0	0	0	0	0	0	0	0	0	0	0	0	0	0	0
0	0	0	0	0	0	0	0	0	0	0	0	0	0	0	0	0	0	0	0	0	0	0	0	0	0	0	0	0	0	0	0	0	0	0	0	0	0.807104365713826	0	0	0	0	0	0.741171629595716	0.677504462491451	0.795261268902181	0.883048358779	0	0	0	0.864389039631559	0	0.76299940114234	0.659680914206697	0	0	0	0	0	0	0	0	0	0	0	0	0	0	0	0	0	0	0	0	0	0	0	0	0	0	0	0	0	0	0	0	0	0	0	0
0	0	0	0	0	0	0	0	0	0	0	0	0	0	0	0	0	0	0	0	0	0	0	0	0	0	0	0	0	0	0	0	0	0	0	0	0	0	0.73388665112809	0	0	0	0.512266900878783	0	0	0	0	0.956575526041132	0.732069351292224	0.983883889879068	0	0.808778445942305	0	0.852413513051487	0	0	0	0	0	0	0	0	0	0	0	0	0	0	0	0	0	0	0	0	0	0	0	0	0	0	0	0	0	0	0	0	0	0	0	0
0	0	0	0	0	0	0	0	0	0	0	0	0	0	0	0	0	0	0	0	0	0	0	0	0	0	0	0	0	0	0	0	0	0	0	0	0	0.646483502111174	0	0.820680821216116	0	0	0	0	0.682762066511181	0	0	0.933078607460054	0	0.745608262740135	0.946662838694375	0.774468272435096	0.969020537509273	0	0	0	0	0	0	0	0	0	0	0	0	0	0	0	0	0	0	0	0	0	0	0	0	0	0	0	0	0	0	0	0	0	0	0	0	0
0	0	0	0	0	0	0	0	0	0	0	0	0	0	0	0	0	0	0	0	0	0	0	0	0	0	0	0	0	0	0	0	0	0	0	0	0	0	0	0	0	0	0	0	0	0	0	0	0	0	0	0	0	0	0	0.5675447867899	0.661061291659013	0.547469293624295	0	0	0	0	0	0	0	0	0	0	0	0.989515566659423	0.655958204345605	0.831503145137748	0	0	0	0	0	0	0	0	0	0	0	0	0	0	0	0	0	0
0	0	0	0	0	0	0	0	0	0	0	0	0	0	0	0	0	0	0	0	0	0	0	0	0	0	0	0	0	0	0	0	0	0	0	0	0	0	0	0	0	0	0	0	0	0	0	0	0	0	0	0	0	0	0.795589699105813	0	0.987160123743525	0.800859994275315	0.592051775623276	0	0	0	0	0	0	0	0	0	0	0	0.717161397024221	0.928483275864957	0	0	0	0	0	0	0	0	0	0	0	0	0	0	0	0	0	0
0	0	0	0	0	0	0	0	0	0	0	0	0	0	0	0	0	0	0	0	0	0	0	0	0	0	0	0	0	0	0	0	0	0	0	0	0	0	0	0	0	0	0	0	0	0	0	0	0	0	0	0	0	0	0.878234276008587	0.52313103698267	0	0.99742212600698	0.822030285300478	0.900972382416269	0	0	0	0	0	0.875205940457947	0	0	0	0	0	0.569271855122865	0	0	0	0	0	0	0	0	0	0	0	0	0	0	0	0	0	0
0	0	0	0	0	0	0	0	0	0	0	0	0	0	0	0	0	0	0	0	0	0	0	0	0	0	0	0	0	0	0	0	0	0	0	0	0	0	0	0	0	0	0	0	0	0	0	0	0	0	0	0	0	0	0.638194387985137	0.722971011446747	0.775460032375374	0	0.517023065373745	0.874436317129652	0.910887522912792	0	0	0	0	0	0	0	0	0	0	0	0	0	0	0	0	0	0	0	0	0	0	0	0	0	0	0	0	0
0	0	0	0	0	0	0	0	0	0	0	0	0	0	0	0	0	0	0	0	0	0	0	0	0	0	0	0	0	0	0	0	0	0	0	0	0	0	0	0	0	0	0	0	0	0	0	0	0	0	0	0	0	0	0	0.688628591155692	0.964317617249542	0.537200312537475	0	0.984409233711347	0.870704159161201	0.870199668379149	0	0	0	0	0	0	0	0	0	0	0	0	0	0	0	0	0	0	0	0	0	0	0	0	0	0	0	0
0	0	0	0	0	0	0	0	0	0	0	0	0	0	0	0	0	0	0	0	0	0	0	0	0	0	0	0	0	0	0	0	0	0	0	0	0	0	0	0	0	0	0	0	0	0	0	0	0	0	0	0	0	0	0	0	0.973065838500337	0.695180370904214	0.686395621827959	0	0.913121882545965	0.907978679937722	0	0	0	0	0.663189201798268	0	0.562157718518985	0	0	0	0	0	0	0	0	0	0	0	0	0	0	0	0	0	0	0	0	0
0	0	0	0	0	0	0	0	0	0	0	0	0	0	0	0	0	0	0	0	0	0	0	0	0	0	0	0	0	0	0	0	0	0	0	0	0	0	0	0	0	0	0	0	0	0	0	0	0	0	0	0	0	0	0	0	0	0.896881841175184	0.59812976031871	0.953198545428422	0	0.500303461759033	0.535417008302276	0.757909613780968	0	0	0	0	0	0	0	0	0	0	0	0	0	0	0	0	0	0	0	0	0	0	0	0	0	0
0	0	0	0	0	0	0	0	0	0	0	0	0	0	0	0	0	0	0	0	0	0	0	0	0	0	0	0	0	0	0	0	0	0	0	0	0	0	0	0	0	0	0	0	0	0	0	0	0	0	0	0	0	0	0	0	0	0	0.694108108781942	0.574701746587097	0.723874443096307	0	0.698768738035213	0.823151295151566	0.619935079813804	0	0	0	0	0	0	0	0	0	0	0	0	0	0	0	0	0	0	0	0	0	0	0	0	0
0	0	0	0	0	0	0	0	0	0	0	0	0	0	0	0	0	0	0	0	0	0	0	0	0	0	0	0	0	0	0	0	0	0	0	0	0	0	0	0	0	0	0	0	0	0	0	0	0	0	0	0	0	0	0	0	0	0	0	0	0.847766955096746	0.973021835501388	0	0.94610406292902	0.898907402487655	0.696648523678739	0	0	0	0	0	0	0	0	0	0	0	0	0	0	0	0	0	0	0	0	0	0	0	0
0	0	0	0	0	0	0	0	0	0	0	0	0	0	0	0	0	0	0	0	0	0	0	0	0	0	0	0	0	0	0	0	0	0	0	0	0	0	0	0	0	0	0	0	0	0	0	0	0	0	0	0	0	0	0	0	0	0	0	0	0.601381943937918	0.729027764591036	0.693042180282371	0	0.708941936071767	0.808243878722469	0.637236527540181	0	0	0	0	0	0	0	0	0	0	0	0	0	0	0	0	0	0	0	0	0	0	0
0	0	0	0	0	0	0	0	0	0	0	0	0	0	0	0	0	0	0	0	0	0	0	0	0	0	0	0	0	0	0	0	0	0	0	0	0	0	0	0	0	0	0	0	0	0	0	0	0	0	0	0	0	0	0	0	0	0	0	0	0	0.786841302735084	0.983044267517503	0.582241823669671	0	0.8881693273416	0.69542137646678	0.800061439404867	0	0	0	0	0	0	0	0	0	0	0	0	0	0	0	0	0	0	0	0	0	0
0	0	0	0	0	0	0	0	0	0	0	0	0	0	0	0	0	0	0	0	0	0	0	0	0	0	0	0	0	0	0	0	0	0	0	0	0	0	0	0	0	0	0	0	0	0	0	0	0	0	0	0	0	0	0	0	0.561735768545816	0	0	0	0	0	0.788547101632392	0.5300263451486	0.75806186681456	0	0.585677412678432	0	0.85516913507394	0	0	0	0	0	0	0	0	0	0	0	0	0	0	0	0	0	0	0	0	0
0	0	0	0	0	0	0	0	0	0	0	0	0	0	0	0	0	0	0	0	0	0	0	0	0	0	0	0	0	0	0	0	0	0	0	0	0	0	0	0	0	0	0	0	0	0	0	0	0	0	0	0	0	0	0	0	0	0	0	0.75466808915146	0	0	0	0.707548372891685	0.875691981841101	0.597398088689865	0	0.750403789537965	0.656776749506251	0.856411755326032	0	0	0	0	0	0	0	0	0	0	0	0	0	0	0	0	0	0	0	0
0	0	0	0	0	0	0	0	0	0	0	0	0	0	0	0	0	0	0	0	0	0	0	0	0	0	0	0	0	0	0	0	0	0	0	0	0	0	0	0	0	0	0	0	0	0	0	0	0	0	0	0	0	0	0	0	0	0	0	0	0	0	0	0	0.613389426859571	0	0.638919363914829	0	0.884169703800588	0.656640006180419	0.535038262273428	0	0	0	0	0	0	0	0	0	0	0	0	0	0	0	0	0	0	0
0	0	0	0	0	0	0	0	0	0	0	0	0	0	0	0	0	0	0	0	0	0	0	0	0	0	0	0	0	0	0	0	0	0	0	0	0	0	0	0	0	0	0	0	0	0	0	0	0	0	0	0	0	0	0	0	0	0	0	0.591209844656073	0	0	0	0	0	0.653926559747513	0.754214821267318	0.702635151960313	0	0.551053513391008	0	0.567583288023886	0	0	0	0	0	0	0	0	0	0	0	0	0	0	0	0	0	0
0	0	0	0	0	0	0	0	0	0	0	0	0	0	0	0	0	0	0	0	0	0	0	0	0	0	0	0	0	0	0	0	0	0	0	0	0	0	0	0	0	0	0	0	0	0	0	0	0	0	0	0	0	0	0.650187121865754	0	0	0	0	0	0	0	0	0	0	0	0.940884168012891	0.738191231234656	0.988871090329605	0	0.694723507581141	0.58718574481608	0	0	0	0	0	0	0	0	0	0	0	0	0	0	0	0	0	0
0	0	0	0	0	0	0	0	0	0	0	0	0	0	0	0	0	0	0	0	0	0	0	0	0	0	0	0	0	0	0	0	0	0	0	0	0	0	0	0	0	0	0	0	0	0	0	0	0	0	0	0	0	0	0.992508496695466	0.853845727476855	0	0	0	0	0	0	0	0	0	0	0	0.898453863630507	0	0.650910144727166	0	0.604809514216132	0	0	0	0	0	0	0	0	0	0	0	0	0	0	0	0	0	0
0	0	0	0	0	0	0	0	0	0	0	0	0	0	0	0	0	0	0	0	0	0	0	0	0	0	0	0	0	0	0	0	0	0	0	0	0	0	0	0	0	0	0	0	0	0	0	0	0	0	0	0	0	0	0.876443350168661	0.60575818973214	0.73576164695334	0	0	0	0	0	0	0	0	0	0	0	0.835732126734914	0.903184026850542	0.74252740508934	0	0	0	0	0	0	0	0	0	0	0	0	0	0	0	0	0	0	0
0	0	0	0	0	0	0	0	0	0	0	0	0	0	0	0	0	0	0	0	0	0	0	0	0	0	0	0	0	0	0	0	0	0	0	0	0	0	0	0	0	0	0	0	0	0	0	0	0	0	0	0	0	0	0	0	0	0	0	0	0	0	0	0	0	0	0	0	0	0	0	0	0	0.619813799440707	0.657250530007023	0.923155462515437	0.577606368154191	0.965425142410863	0.529137890214846	0.775076437431032	0	0.582807247939908	0	0.948346416406654	0.587661262867462	0.642484548037459	0.630305619481216	0.520732039173641	0	0.53827865211733
0	0	0	0	0	0	0	0	0	0	0	0	0	0	0	0	0	0	0	0	0	0	0	0	0	0	0	0	0	0	0	0	0	0	0	0	0	0	0	0	0	0	0	0	0	0	0	0	0	0	0	0	0	0	0	0	0	0	0	0	0	0	0	0	0	0	0	0	0	0	0	0	0.661671821613907	0	0.774453528077335	0.882933703598445	0.735279560622624	0.520891597901086	0.554246232737833	0.857116150291164	0.77151335478515	0	0	0	0.629875282610672	0.982767305965509	0	0.592091491609951	0.840969056884186	0
0	0	0	0	0	0	0	0	0	0	0	0	0	0	0	0	0	0	0	0	0	0	0	0	0	0	0	0	0	0	0	0	0	0	0	0	0	0	0	0	0	0	0	0	0	0	0	0	0	0	0	0	0	0	0	0	0	0	0	0	0	0	0	0	0	0	0	0	0	0	0	0	0.616300154671151	0.869014857031345	0	0.786343853462208	0	0.954276979191506	0.891642198820333	0.952955140814142	0.592953708404894	0.619953315182872	0.625584846538235	0.659207070792328	0.834123082077277	0.78769774964804	0.86901550369418	0.509395600401666	0.653602389006461	0.915562391687304
0	0	0	0	0	0	0	0	0	0	0	0	0	0	0	0	0	0	0	0	0	0	0	0	0	0	0	0	0	0	0	0	0	0	0	0	0	0	0	0	0	0	0	0	0	0	0	0	0	0	0	0	0	0	0	0	0	0	0	0	0	0	0	0	0	0	0	0	0	0	0	0	0.724960756684398	0.742833747865421	0.996910614763318	0	0	0.826927353610537	0.794317142768644	0.67309061850122	0	0.566941336548655	0.515821889445675	0.879040677840738	0	0.829640344558026	0.69856219042351	0.681395347938781	0.825610824899032	0.990097070576028
0	0	0	0	0	0	0	0	0	0	0	0	0	0	0	0	0	0	0	0	0	0	0	0	0	0	0	0	0	0	0	0	0	0	0	0	0	0	0	0	0	0	0	0	0	0	0	0	0	0	0	0	0	0	0	0	0	0	0	0	0	0	0	0	0	0	0	0	0	0	0	0	0.980482046904175	0.756994931752766	0	0	0	0.883971558462443	0.678657964289525	0.925883545006573	0.701290023227151	0.53691262703959	0	0.793447279211696	0.910524204063409	0	0.648370847402912	0.801253241823816	0.644202698223219	0
0	0	0	0	0	0	0	0	0	0	0	0	0	0	0	0	0	0	0	0	0	0	0	0	0	0	0	0	0	0	0	0	0	0	0	0	0	0	0	0	0	0	0	0	0	0	0	0	0	0	0	0	0	0	0	0	0	0	0	0	0	0	0	0	0	0	0	0	0	0	0	0	0.952655801796055	0.725348844932187	0.531175008650744	0.655776626263242	0.7577939249219	0	0.51831395444932	0.568837322395226	0.881540154513245	0.680661272874211	0	0.98133043330654	0.637958483965771	0.736879586416103	0.818527454431598	0.556934634553309	0.510737017185993	0.655509815627142
0	0	0	0	0	0	0	0	0	0	0	0	0	0	0	0	0	0	0	0	0	0	0	0	0	0	0	0	0	0	0	0	0	0	0	0	0	0	0	0	0	0	0	0	0	0	0	0	0	0	0	0	0	0	0	0	0	0	0	0	0	0	0	0	0	0	0	0	0	0	0	0	0.989766305302501	0.948513118742334	0.802119818093196	0.586336533463389	0.806624107880028	0.705587265270533	0	0.860875235246104	0.514674971790881	0.607555990284562	0.922442662606415	0.663468436570369	0.942218372041959	0	0	0.82509292229517	0.854104944743375	0.593160849333873
0	0	0	0	0	0	0	0	0	0	0	0	0	0	0	0	0	0	0	0	0	0	0	0	0	0	0	0	0	0	0	0	0	0	0	0	0	0	0	0	0	0	0	0	0	0	0	0	0	0	0	0	0	0	0	0	0	0	0	0	0	0	0	0	0	0	0	0	0	0	0	0	0.844259512251393	0.53642517567085	0.74057892228821	0.780976494601266	0.636477870878122	0.643363143949985	0.959435191166628	0	0.846706782977902	0.790103752283177	0	0.815560512531407	0.973857963712424	0.639897709760972	0.669026243085255	0	0	0
0	0	0	0	0	0	0	0	0	0	0	0	0	0	0	0	0	0	0	0	0	0	0	0	0	0	0	0	0	0	0	0	0	0	0	0	0	0	0	0	0	0	0	0	0	0	0	0	0	0	0	0	0	0	0	0	0	0	0	0	0	0	0	0	0	0	0	0	0	0	0	0	0	0.872225885399088	0.773757792578272	0	0.944576433124753	0.533217862144274	0.891439891969111	0.669517367119667	0	0.553182644236997	0.932100445853399	0.621811791121795	0.618634084258325	0.750811829790959	0.668210154273604	0.726903341635994	0	0.722110326747558
0	0	0	0	0	0	0	0	0	0	0	0	0	0	0	0	0	0	0	0	0	0	0	0	0	0	0	0	0	0	0	0	0	0	0	0	0	0	0	0	0	0	0	0	0	0	0	0	0	0	0	0	0	0	0	0	0	0	0	0	0	0	0	0	0	0	0	0	0	0	0	0	0.818418709628693	0	0.815064446703929	0.750935181063939	0.716565229701672	0.85175145468507	0.867156443964443	0.504432038298224	0.628742904375951	0	0	0.51542711035032	0.954026620005062	0.719596828441547	0.944890846540741	0.572176381111225	0.841549886620688	0
0	0	0	0	0	0	0	0	0	0	0	0	0	0	0	0	0	0	0	0	0	0	0	0	0	0	0	0	0	0	0	0	0	0	0	0	0	0	0	0	0	0	0	0	0	0	0	0	0	0	0	0	0	0	0	0	0	0	0	0	0	0	0	0	0	0	0	0	0	0	0	0	0	0	0.978578443579878	0.876970142600785	0	0	0.644038194933364	0	0.539994454163406	0	0	0.719474312567347	0.986160139087068	0.953933033565345	0.866057059752637	0.977102256045754	0.785115578535742	0.698967597935127
0	0	0	0	0	0	0	0	0	0	0	0	0	0	0	0	0	0	0	0	0	0	0	0	0	0	0	0	0	0	0	0	0	0	0	0	0	0	0	0	0	0	0	0	0	0	0	0	0	0	0	0	0	0	0	0	0	0	0	0	0	0	0	0	0	0	0	0	0	0	0	0	0.802249723526288	0	0.856751411876354	0.815397754589523	0.638929700619266	0.529952076856573	0.76643434066629	0.72980002687146	0.898623641063098	0.95703876791903	0.749015163177609	0	0.60420760474933	0.929578372995684	0.870299187575815	0.923465556687713	0.823104104825812	0.826521618165867
0	0	0	0	0	0	0	0	0	0	0	0	0	0	0	0	0	0	0	0	0	0	0	0	0	0	0	0	0	0	0	0	0	0	0	0	0	0	0	0	0	0	0	0	0	0	0	0	0	0	0	0	0	0	0	0	0	0	0	0	0	0	0	0	0	0	0	0	0	0	0	0	0.554598903200626	0.665485585752816	0.948398433836571	0	0.696630735750391	0.597318648678763	0.953948965033104	0.645023636900583	0.970193121127566	0.962028918570644	0.941999237446202	0.871077470709279	0	0.817583285665946	0.840970997211726	0.99010424360597	0.732620278190834	0.766104423151239
0	0	0	0	0	0	0	0	0	0	0	0	0	0	0	0	0	0	0	0	0	0	0	0	0	0	0	0	0	0	0	0	0	0	0	0	0	0	0	0	0	0	0	0	0	0	0	0	0	0	0	0	0	0	0	0	0	0	0	0	0	0	0	0	0	0	0	0	0	0	0	0	0.826988410007087	0.58443152460227	0.964352681394867	0.81051307303232	0	0.862520752183021	0	0.642485566811611	0.579198857441886	0.797667566142298	0.547311840666454	0.694060911419587	0.937056432326912	0	0	0.946305321343839	0.859412501376512	0.543148576556095
0	0	0	0	0	0	0	0	0	0	0	0	0	0	0	0	0	0	0	0	0	0	0	0	0	0	0	0	0	0	0	0	0	0	0	0	0	0	0	0	0	0	0	0	0	0	0	0	0	0	0	0	0	0	0	0	0	0	0	0	0	0	0	0	0	0	0	0	0	0	0	0	0.513851675599091	0	0.514392495949563	0.696352268942051	0.814042596499226	0.83455785385494	0	0.704382247758926	0.692525225171331	0.909484509404631	0.510387508770494	0.545258370778385	0.854348242028684	0	0	0.526029925909874	0.674200767207139	0.867377527299658
0	0	0	0	0	0	0	0	0	0	0	0	0	0	0	0	0	0	0	0	0	0	0	0	0	0	0	0	0	0	0	0	0	0	0	0	0	0	0	0	0	0	0	0	0	0	0	0	0	0	0	0	0	0	0	0	0	0	0	0	0	0	0	0	0	0	0	0	0	0	0	0	0.801821102078502	0.700946248300208	0.74007309504013	0.689186814941974	0.530839877396641	0.956908934880199	0.945918508962556	0	0.972423574816785	0.980855990754526	0.557397999958042	0.790161662918181	0.573207477327579	0.7393688136757	0.745065768828386	0	0.519306119155366	0.692967572491784
0	0	0	0	0	0	0	0	0	0	0	0	0	0	0	0	0	0	0	0	0	0	0	0	0	0	0	0	0	0	0	0	0	0	0	0	0	0	0	0	0	0	0	0	0	0	0	0	0	0	0	0	0	0	0	0	0	0	0	0	0	0	0	0	0	0	0	0	0	0	0	0	0	0.778374882923927	0.815323035215942	0.564074310689115	0.614895153659708	0.91235165932623	0.763179642661822	0	0	0.802395857649707	0.579201984598964	0.803819036462112	0.69973628121136	0.603128947860594	0.97342298281817	0.592370897491768	0	0
0	0	0	0	0	0	0	0	0	0	0	0	0	0	0	0	0	0	0	0	0	0	0	0	0	0	0	0	0	0	0	0	0	0	0	0	0	0	0	0	0	0	0	0	0	0	0	0	0	0	0	0	0	0	0	0	0	0	0	0	0	0	0	0	0	0	0	0	0	0	0	0	0.536784514311335	0	0.747019594399736	0.583713875293745	0	0.970400298702087	0.696992433565952	0	0.804247476334496	0	0.647954790446035	0.512302323152078	0.803579910131949	0.800297467503414	0.976476776461303	0.801594356300349	0	0
