0	0.537842224660717	0	0.911152110018382	0	0	0.586877629970617	0.652130129073667	0	0	0	0	0	0	0	0	0	0	0	0.898306628168723	0.693363525211545	0	0.942225292911383	0.896577157968762	0.557125129199927	0.963587955567787	0.987092897749184	0.785297413946885	0.613164679040258	0	0	0	0	0	0	0	0	0	0	0	0	0	0	0	0	0	0	0	0	0	0	0	0	0	0	0	0	0	0	0	0	0	0	0	0	0	0	0	0	0	0	0	0	0	0	0	0	0	0	0	0	0	0	0	0	0	0	0	0	0
0.696704053943981	0	0.633889349709651	0	0.608707907925109	0.703948963078995	0	0.555029376079978	0.523213037221253	0	0	0	0	0.836364250274287	0	0	0	0.837095600902183	0.573964586748619	0.651872682946023	0	0	0	0.668466237603154	0.599032266788425	0.691670653780906	0.763792205857005	0.937718917061783	0.647937438211632	0.640120153230097	0	0	0	0	0	0	0	0	0	0	0	0	0	0	0	0	0	0	0	0	0	0	0	0	0	0	0	0	0	0	0	0	0	0	0	0	0	0	0	0	0	0	0	0	0	0	0	0	0	0	0	0	0	0	0	0	0	0	0	0
0	0.831685127548214	0	0.787829055296264	0	0.99627371043719	0.964532586593096	0.903432260072818	0.526674093034101	0	0	0	0.727983341961994	0	0	0	0	0.720669904398523	0	0.937177481844057	0	0	0.638740389859609	0	0	0.669086941173768	0	0.941490974480075	0	0.976428481508248	0	0	0	0	0	0	0	0	0	0	0	0	0	0	0	0	0	0	0	0	0	0	0	0	0	0	0	0	0	0	0	0	0	0	0	0	0	0	0	0	0	0	0	0	0	0	0	0	0	0	0	0	0	0	0	0	0	0	0	0
0.868244255882065	0	0.552471456359317	0	0.560443758589644	0.585733818226967	0	0.613526441306209	0.919193873393048	0.58048817511052	0	0	0.842731662218775	0	0	0	0	0	0.689845196189993	0	0	0	0	0	0	0	0.607059038552931	0.842977474455744	0.807368944713907	0	0	0	0	0	0	0	0	0	0	0	0	0	0	0	0	0	0	0	0	0	0	0	0	0	0	0	0	0	0	0	0	0	0	0	0	0	0	0	0	0	0	0	0	0	0	0	0	0	0	0	0	0	0	0	0	0	0	0	0	0
0	0.739496763986297	0	0.673978919606122	0	0	0	0.837935551487488	0.54960314978755	0.505730034280877	0.585744259559789	0.65785833471782	0	0.761027090499206	0	0	0.911981312096594	0	0	0	0	0	0	0	0.61156865623242	0	0.773466947994831	0.628207517301846	0	0	0	0	0	0	0	0	0	0	0	0	0	0	0	0	0	0	0	0	0	0	0	0	0	0	0	0	0	0	0	0	0	0	0	0	0	0	0	0	0	0	0	0	0	0	0	0	0	0	0	0	0	0	0	0	0	0	0	0	0	0
0	0.852953484725174	0.585938567583501	0.556147853838969	0	0	0	0.516043091080805	0.526524385546659	0.893231701727942	0	0	0.539580536374821	0	0	0	0	0.807961559561136	0	0.670881033960445	0	0	0	0	0.648890357880613	0	0	0	0	0.838325422064034	0	0	0	0	0	0	0	0	0	0	0	0	0	0	0	0	0	0	0	0	0	0	0	0	0	0	0	0	0	0	0	0	0	0	0	0	0	0	0	0	0	0	0	0	0	0	0	0	0	0	0	0	0	0	0	0	0	0	0	0
0.776933797098684	0	0.848507889432623	0	0	0	0	0	0.849788289108247	0.668183937603018	0.537662645402525	0.999305489010729	0.650162445904432	0.82156756034768	0	0	0	0	0	0.507174576627507	0	0	0	0	0	0	0	0	0	0	0	0	0	0	0	0	0	0	0	0	0	0	0	0	0	0	0	0	0	0	0	0	0	0	0	0	0	0	0	0	0	0	0	0	0	0	0	0	0	0	0	0	0	0	0	0	0	0	0	0	0	0	0	0	0	0	0	0	0	0
0.969848419865255	0.77741689284938	0.571463685389276	0.858578149365538	0.586380463380401	0.97213242456409	0	0	0	0.94532558870716	0.657146701687842	0.751958142247786	0.633215633880455	0	0.892443506266471	0.813606780206016	0	0	0	0	0.876333048112036	0	0.555873325234223	0	0	0.728392865144213	0	0	0	0	0	0	0	0	0	0	0	0	0	0	0	0	0	0	0	0	0	0	0	0	0	0	0	0	0	0	0	0	0	0	0	0	0	0	0	0	0	0	0	0	0	0	0	0	0	0	0	0	0	0	0	0	0	0	0	0	0	0	0	0
0	0.547260064846101	0.715107207393829	0.978364814693863	0.887456566910014	0.707358585300692	0.807412893110193	0	0	0.646544579728282	0.997262785120174	0.909495978305201	0.916439944858639	0.902468878446463	0.842296897030852	0.822678610503235	0	0	0	0	0	0.873500817084763	0	0.828546749309631	0.785793679173024	0	0.930004958120848	0	0	0	0	0	0	0	0	0	0	0	0	0	0	0	0	0	0	0	0	0	0	0	0	0	0	0	0	0	0	0	0	0	0	0	0	0	0	0	0	0	0	0	0	0	0	0	0	0	0	0	0	0	0	0	0	0	0	0	0	0	0	0
0	0	0	0.746773685782929	0.688121510569439	0.984569915421287	0.533277790301832	0.976575815755327	0.522461670894097	0	0.571044663741541	0	0.64424887835316	0.669284884354091	0.506674419825246	0.582996903479501	0.908278155387922	0.995313883808028	0	0	0	0	0	0.556461147695587	0	0	0	0	0	0.561679478302567	0	0	0	0	0	0	0	0	0	0	0	0	0	0	0	0	0	0	0	0	0	0	0	0	0	0	0	0	0	0	0	0	0	0	0	0	0	0	0	0	0	0	0	0	0	0	0	0	0	0	0	0	0	0	0	0	0	0	0	0
0	0	0	0	0.513446901592213	0	0.759431899052115	0.694301461984987	0.587817066773506	0.960101606041337	0	0.672798204345273	0.694627853887977	0.639316692250772	0	0.596030935004159	0.744921921929418	0.595466385978858	0	0.808181228192854	0.721895170252537	0	0	0	0	0	0	0	0.721913353548717	0	0	0	0	0	0	0	0	0	0	0	0	0	0	0	0	0	0	0	0	0	0	0	0	0	0	0	0	0	0	0	0	0	0	0	0	0	0	0	0	0	0	0	0	0	0	0	0	0	0	0	0	0	0	0	0	0	0	0	0	0
0	0	0	0	0.663136316588613	0	0.569528272526679	0.690815342325641	0.501971069003105	0	0.521981659661621	0	0.670903976427913	0	0.928717906840309	0.604268037315778	0.763222956132539	0.674340375723555	0.845614697946346	0	0	0	0	0	0	0.635494044590897	0	0	0	0.99936328477438	0	0	0	0	0	0	0	0	0	0	0	0	0	0	0	0	0	0	0	0	0	0	0	0	0	0	0	0	0	0	0	0	0	0	0	0	0	0	0	0	0	0	0	0	0	0	0	0	0	0	0	0	0	0	0	0	0	0	0	0
0	0	0.626525698628455	0.961342309216535	0	0.958971957792159	0.760869932137195	0.926559104135117	0.572912998251211	0.674907005301938	0.58179130490358	0.964109414776954	0	0	0.759757472520487	0	0.890844242531463	0.839818797856823	0.63728822889726	0.69924173474646	0	0	0	0	0	0	0.899182132056688	0.967910424344486	0	0.56041103410919	0	0	0	0	0	0	0	0	0	0	0	0	0	0	0	0	0	0	0	0	0	0	0	0	0	0	0	0	0	0	0	0	0	0	0	0	0	0	0	0	0	0	0	0	0	0	0	0	0	0	0	0	0	0	0	0	0	0	0	0
0	0.967098201149684	0	0	0.667588910061645	0	0.512338932592742	0	0.85165324312566	0.61054100335339	0.997291724472906	0	0	0	0.770074877790832	0.604714221115496	0.784661352863474	0	0.547294829963816	0.611859986081652	0.75119405833524	0.749464788131664	0.954488568404738	0	0	0	0	0	0	0	0	0	0	0	0	0	0	0	0	0	0	0	0	0	0	0	0	0	0	0	0	0	0	0	0	0	0	0	0	0	0	0	0	0	0	0	0	0	0	0	0	0	0	0	0	0	0	0	0	0	0	0	0	0	0	0	0	0	0	0
0	0	0	0	0	0	0	0.724689748034112	0.639756398118603	0.857423380431761	0	0.768425261284535	0.641989495756735	0.983132428418093	0	0.872348225944537	0.807529440714835	0.734829663184957	0	0.768953912271286	0.788283222134056	0.558242152612586	0	0	0.500928420270019	0	0	0	0.883086159610502	0	0	0	0	0	0	0	0	0	0	0	0	0	0	0	0	0	0	0	0	0	0	0	0	0	0	0	0	0	0	0	0	0	0	0	0	0	0	0	0	0	0	0	0	0	0	0	0	0	0	0	0	0	0	0	0	0	0	0	0	0
0	0	0	0	0	0	0	0.82456503514674	0.758633121782229	0.867322445950028	0.678065508499931	0.684469792731199	0	0.523173295979356	0.712200950302982	0	0.830018196118448	0.532383295390762	0.72636462938418	0.978157886651195	0.761956069588024	0	0	0	0.797004075268452	0	0	0	0.576805574769364	0	0	0	0	0	0	0	0	0	0	0	0	0	0	0	0	0	0	0	0	0	0	0	0	0	0	0	0	0	0	0	0	0	0	0	0	0	0	0	0	0	0	0	0	0	0	0	0	0	0	0	0	0	0	0	0	0	0	0	0	0
0	0	0	0	0.920336851307272	0	0	0	0	0.950022090295913	0.934675086190443	0.943445920191639	0.532670872590512	0.755793673502203	0.62871967451505	0.710796253288863	0	0.744427137810042	0.882284146212369	0.89690635505412	0	0.993840392647136	0.93191205856757	0.822839610816169	0.595430125290272	0.709097399724602	0	0	0	0	0	0	0	0	0	0	0	0	0	0	0	0	0	0	0	0	0	0	0	0	0	0	0	0	0	0	0	0	0	0	0	0	0	0	0	0	0	0	0	0	0	0	0	0	0	0	0	0	0	0	0	0	0	0	0	0	0	0	0	0
0	0.584052160498757	0.724305860118368	0	0	0.529216684862696	0	0	0	0.734453009040079	0.71412137659299	0.5066370768866	0.618890495702041	0	0.933454355125294	0.832016794307678	0.920717567178067	0	0	0.744441456308852	0.912119457709081	0.842725981669217	0.508602216296737	0	0.71242894550583	0	0	0	0	0.705754194520108	0	0	0	0	0	0	0	0	0	0	0	0	0	0	0	0	0	0	0	0	0	0	0	0	0	0	0	0	0	0	0	0	0	0	0	0	0	0	0	0	0	0	0	0	0	0	0	0	0	0	0	0	0	0	0	0	0	0	0	0
0	0.758865929186187	0	0.614466692945724	0	0	0	0	0	0	0	0.657300959167365	0.788604985338471	0.574127615892976	0	0.977111769699774	0.639896625896589	0	0	0.764151244571159	0.591491119523422	0.632044196512986	0.599931894876405	0.819579034226621	0.993462041683436	0	0	0	0	0	0	0	0	0	0	0	0	0	0	0	0	0	0	0	0	0	0	0	0	0	0	0	0	0	0	0	0	0	0	0	0	0	0	0	0	0	0	0	0	0	0	0	0	0	0	0	0	0	0	0	0	0	0	0	0	0	0	0	0	0
0.90482380750533	0.846085637002593	0.732935326846859	0	0	0.624323763558659	0.774273953654363	0	0	0	0.987601527026167	0	0.60121556721858	0.959828519921675	0.954933195996819	0.686441839380301	0.941712855388708	0.585847508319295	0.579066165176402	0	0.574242859247994	0.61820008145795	0.852307884186207	0	0.999850229235629	0	0.667775192973286	0.503762563092493	0	0	0	0	0	0	0	0	0	0	0	0	0	0	0	0	0	0	0	0	0	0	0	0	0	0	0	0	0	0	0	0	0	0	0	0	0	0	0	0	0	0	0	0	0	0	0	0	0	0	0	0	0	0	0	0	0	0	0	0	0	0
0.830338149669992	0	0	0	0	0	0	0.607691612081592	0	0	0.977871239489989	0	0	0.670399508961311	0.760953184191324	0.614241179128553	0	0.762284337594446	0.869794763735104	0.635519634244734	0	0.769380295636692	0.633677871826292	0	0	0.807501715028692	0.658045608791053	0.80541801199116	0	0	0	0	0	0	0	0	0	0	0	0	0	0	0	0	0	0	0	0	0	0	0	0	0	0	0	0	0	0	0	0	0	0	0	0	0	0	0	0	0	0	0	0	0	0	0	0	0	0	0	0	0	0	0	0	0	0	0	0	0	0
0	0	0	0	0	0	0	0	0.589737472570394	0	0	0	0	0.865608708568775	0.784911774926253	0	0.67366132453216	0.762377453545804	0.64566821374194	0.941934508732715	0.688285036636186	0	0.980910545978598	0.586903213208144	0.686698571540937	0.799882243628237	0.740692230539063	0	0.511387669612501	0.878440246561363	0	0	0	0	0	0	0	0	0	0	0	0	0	0	0	0	0	0	0	0	0	0	0	0	0	0	0	0	0	0	0	0	0	0	0	0	0	0	0	0	0	0	0	0	0	0	0	0	0	0	0	0	0	0	0	0	0	0	0	0
0.562194060074776	0	0.915739850825342	0	0	0	0	0.509507959119047	0	0	0	0	0	0.771476600726251	0	0	0.954034944312045	0.667164763327279	0.545976860358492	0.661391634153076	0.758407131517219	0.626947763386325	0	0.60235449678079	0.556209975546441	0.874024996870468	0	0.572004634276485	0.517228181916843	0	0	0	0	0	0	0	0	0	0	0	0	0	0	0	0	0	0	0	0	0	0	0	0	0	0	0	0	0	0	0	0	0	0	0	0	0	0	0	0	0	0	0	0	0	0	0	0	0	0	0	0	0	0	0	0	0	0	0	0	0
0.601055565343187	0.539845335690653	0	0	0	0	0	0	0.649628037042706	0.578907559216347	0	0	0	0	0	0	0.803551093221478	0	0.661019672581985	0	0	0.577229118936343	0.848919523401046	0	0.954131612963381	0	0	0	0	0.894913551781694	0	0	0	0	0	0	0	0	0	0	0	0	0	0	0	0	0	0	0	0	0	0	0	0	0	0	0	0	0	0	0	0	0	0	0	0	0	0	0	0	0	0	0	0	0	0	0	0	0	0	0	0	0	0	0	0	0	0	0	0
0.86748702465014	0.529548999076418	0	0	0.635294358176533	0.955656195010079	0	0	0.745458930582908	0	0	0	0	0	0.577199449181693	0.678054029779154	0.752417931110546	0.627438006886699	0.759891469701184	0.511606465074045	0	0.985217143958095	0.792361601138595	0.641731390259897	0	0	0.587845621826256	0	0.902034056446725	0.931195310465839	0	0	0	0	0	0	0	0	0	0	0	0	0	0	0	0	0	0	0	0	0	0	0	0	0	0	0	0	0	0	0	0	0	0	0	0	0	0	0	0	0	0	0	0	0	0	0	0	0	0	0	0	0	0	0	0	0	0	0	0
0.543079426833952	0.907231826730822	0.717822027741017	0	0	0	0	0.750804266109812	0	0	0	0.769989816480085	0	0	0	0	0.682817096851851	0	0	0	0.946370105155464	0.878499340700632	0.84324360647549	0	0	0	0.50934431824084	0.75033235979843	0.637135656434477	0.82732255548621	0	0	0	0	0	0	0	0	0	0	0	0	0	0	0	0	0	0	0	0	0	0	0	0	0	0	0	0	0	0	0	0	0	0	0	0	0	0	0	0	0	0	0	0	0	0	0	0	0	0	0	0	0	0	0	0	0	0	0	0
0.748439529581715	0.858908501933952	0	0.996543266020121	0.542379341328332	0	0	0	0.651763300619757	0	0	0	0.914178649325299	0	0	0	0	0	0	0.550747412011823	0.633419763575993	0.638318212470775	0	0	0.868037427333867	0.632934754461678	0	0	0.542867297659701	0.968788661092625	0	0	0	0	0	0	0	0	0	0	0	0	0	0	0	0	0	0	0	0	0	0	0	0	0	0	0	0	0	0	0	0	0	0	0	0	0	0	0	0	0	0	0	0	0	0	0	0	0	0	0	0	0	0	0	0	0	0	0	0
0.776402072916198	0.589697959149621	0.677854084947155	0.550344357087124	0.757624787379006	0	0	0	0	0	0	0	0.84172472983457	0	0	0	0	0	0	0.675933331076929	0.687989040318855	0	0.701495466298881	0	0	0.667772603116228	0	0	0.666000632876637	0.729031417235862	0	0	0	0	0	0	0	0	0	0	0	0	0	0	0	0	0	0	0	0	0	0	0	0	0	0	0	0	0	0	0	0	0	0	0	0	0	0	0	0	0	0	0	0	0	0	0	0	0	0	0	0	0	0	0	0	0	0	0	0
0.600672303245792	0.948539784859069	0	0.508799573694243	0	0	0	0	0	0	0.559342963851814	0	0	0	0.908689108761108	0.79038290566858	0	0	0	0	0	0.906594609973098	0.587836120395529	0	0.567977628248642	0.728027540104614	0.809920636457224	0.666221411639325	0	0.961272275958109	0	0	0	0	0	0	0	0	0	0	0	0	0	0	0	0	0	0	0	0	0	0	0	0	0	0	0	0	0	0	0	0	0	0	0	0	0	0	0	0	0	0	0	0	0	0	0	0	0	0	0	0	0	0	0	0	0	0	0	0
0	0.739912994270356	0.759303864254086	0	0	0.788967161506451	0	0	0	0.746724543773307	0	0.574223018137783	0.585128253674789	0	0	0	0	0.562952569170392	0	0	0	0.891806906965392	0	0.69266904401687	0.96626391076343	0.500431787912557	0.535674805971874	0.514410817161604	0.840749930379239	0	0	0	0	0	0	0	0	0	0	0	0	0	0	0	0	0	0	0	0	0	0	0	0	0	0	0	0	0	0	0	0	0	0	0	0	0	0	0	0	0	0	0	0	0	0	0	0	0	0	0	0	0	0	0	0	0	0	0	0	0
0	0	0	0	0	0	0	0	0	0	0	0	0	0	0	0	0	0	0	0	0	0	0	0	0	0	0	0	0	0	0	0.626486084583142	0.714770532799029	0	0.598039834799722	0.660370839052102	0	0	0	0	0.712105105135109	0	0	0.753417048707146	0	0	0	0.550535939403213	0	0	0	0.642298151748849	0.828492987509351	0.803239764424261	0	0.745585850041018	0	0.709937312186471	0	0	0	0	0	0	0	0	0	0	0	0	0	0	0	0	0	0	0	0	0	0	0	0	0	0	0	0	0	0	0	0
0	0	0	0	0	0	0	0	0	0	0	0	0	0	0	0	0	0	0	0	0	0	0	0	0	0	0	0	0	0	0.836093330203703	0	0	0.515528076430554	0	0	0.803572779765314	0	0.837557123138987	0	0	0.694602902322034	0	0	0	0	0	0	0	0.786696028097595	0.687544806814634	0.637172319011414	0	0	0	0	0.720825312709976	0	0.804827713887292	0	0	0	0	0	0	0	0	0	0	0	0	0	0	0	0	0	0	0	0	0	0	0	0	0	0	0	0	0	0	0
0	0	0	0	0	0	0	0	0	0	0	0	0	0	0	0	0	0	0	0	0	0	0	0	0	0	0	0	0	0	0.639550328169307	0	0	0.790524639727485	0	0.938324246669907	0	0.513588437159168	0	0	0	0	0.960094314280054	0	0.634037339957806	0.719617769204866	0.919797657638151	0	0	0	0.725058137810077	0	0	0	0	0.533621757640374	0	0.653649538776659	0.684419336042741	0.599271107507289	0	0	0	0	0	0	0	0	0	0	0	0	0	0	0	0	0	0	0	0	0	0	0	0	0	0	0	0	0	0
0	0	0	0	0	0	0	0	0	0	0	0	0	0	0	0	0	0	0	0	0	0	0	0	0	0	0	0	0	0	0	0.784705981042951	0.743771158264898	0	0.993605423571471	0.871264494002938	0	0	0	0.580292122360122	0	0.628036175734565	0.864993203727601	0	0	0.641055784889792	0	0.991217896507075	0	0.959299093969332	0	0	0	0	0	0.987483715548948	0.759298820477399	0	0	0	0	0	0	0	0	0	0	0	0	0	0	0	0	0	0	0	0	0	0	0	0	0	0	0	0	0	0	0	0	0
0	0	0	0	0	0	0	0	0	0	0	0	0	0	0	0	0	0	0	0	0	0	0	0	0	0	0	0	0	0	0.844330411448305	0	0	0.817095718008885	0	0	0.80465075326067	0	0.809379627411809	0.711523229921921	0	0	0	0	0	0	0	0	0.682563571155331	0.688964418344746	0	0	0	0	0	0	0	0	0	0	0	0	0	0	0	0	0	0	0	0	0	0	0	0	0	0	0	0	0	0	0	0	0	0	0	0	0	0	0	0
0	0	0	0	0	0	0	0	0	0	0	0	0	0	0	0	0	0	0	0	0	0	0	0	0	0	0	0	0	0	0.955494772509962	0	0.631575716820743	0.802453614213646	0	0	0	0	0.987129082113192	0.610191821818865	0	0	0	0.692832115643798	0.815933700681303	0	0	0	0	0	0	0	0	0.747263773180685	0	0.673377301188904	0	0	0.547934713491203	0	0	0	0	0	0	0	0	0	0	0	0	0	0	0	0	0	0	0	0	0	0	0	0	0	0	0	0	0	0	0
0	0	0	0	0	0	0	0	0	0	0	0	0	0	0	0	0	0	0	0	0	0	0	0	0	0	0	0	0	0	0	0.970529476531953	0	0	0.812738227658541	0	0	0	0.736076465567239	0.981494236711999	0	0	0	0	0.520366241993574	0	0	0	0	0	0	0	0.947228720113455	0.774600242527201	0	0	0	0.821139732681993	0	0.617850690746863	0	0	0	0	0	0	0	0	0	0	0	0	0	0	0	0	0	0	0	0	0	0	0	0	0	0	0	0	0	0
0	0	0	0	0	0	0	0	0	0	0	0	0	0	0	0	0	0	0	0	0	0	0	0	0	0	0	0	0	0	0	0	0.880443367391572	0	0	0	0	0	0	0	0.781236968239301	0.712713316188088	0.677476596860754	0	0	0	0.658506284654493	0.993414024518316	0	0.932086410393049	0	0.900939987557144	0.524874782293345	0	0	0	0	0	0	0.587596981709629	0	0	0	0	0	0	0	0	0	0	0	0	0	0	0	0	0	0	0	0	0	0	0	0	0	0	0	0	0	0
0	0	0	0	0	0	0	0	0	0	0	0	0	0	0	0	0	0	0	0	0	0	0	0	0	0	0	0	0	0	0	0.667327522652907	0	0	0.565710799732678	0.548738556339476	0.781209744576014	0	0	0.814469744575048	0.598138504047126	0	0	0	0	0	0	0	0	0.745011482405699	0.792712095299997	0	0	0	0	0	0	0.611639737201865	0.866874534363167	0	0	0	0	0	0	0	0	0	0	0	0	0	0	0	0	0	0	0	0	0	0	0	0	0	0	0	0	0	0	0
0	0	0	0	0	0	0	0	0	0	0	0	0	0	0	0	0	0	0	0	0	0	0	0	0	0	0	0	0	0	0	0	0	0.72728367256478	0.822453305026829	0.715552894067326	0.982028648400636	0	0.971649102119649	0	0	0	0.540689603339132	0	0	0.598381295748785	0.950232799947316	0	0.622050700897713	0	0	0	0.910309467390881	0	0	0	0.516854327989814	0	0	0	0	0	0	0	0	0	0	0	0	0	0	0	0	0	0	0	0	0	0	0	0	0	0	0	0	0	0	0	0	0
0	0	0	0	0	0	0	0	0	0	0	0	0	0	0	0	0	0	0	0	0	0	0	0	0	0	0	0	0	0	0.822823130184151	0	0	0	0	0	0	0.928084290149207	0.645716734303839	0	0	0.676677339888313	0.956757318517859	0	0	0	0	0	0	0.71508495792873	0	0	0	0.955524021445364	0	0	0.801954685834962	0	0	0.871957188543345	0	0	0	0	0	0	0	0	0	0	0	0	0	0	0	0	0	0	0	0	0	0	0	0	0	0	0	0	0	0
0	0	0	0	0	0	0	0	0	0	0	0	0	0	0	0	0	0	0	0	0	0	0	0	0	0	0	0	0	0	0	0.859878521323557	0	0.861144632616454	0	0	0	0.807918186981521	0	0	0.660653982532523	0	0	0	0.866302881297336	0	0.680531971975145	0	0	0.615446513933478	0	0	0	0.939280498606092	0.917365897565471	0.509260901707403	0	0.545099200998737	0	0.669241914858573	0	0	0	0	0	0	0	0	0	0	0	0	0	0	0	0	0	0	0	0	0	0	0	0	0	0	0	0	0	0
0	0	0	0	0	0	0	0	0	0	0	0	0	0	0	0	0	0	0	0	0	0	0	0	0	0	0	0	0	0	0	0	0.582354200354434	0.964217584942903	0	0	0	0.771980141885223	0	0.649434531697935	0.589227262772445	0	0	0.882792005046002	0	0.664095786067278	0.820413118768558	0.79713220526578	0	0.612220585760281	0	0.796834140528116	0	0.682155380454305	0	0	0	0	0.687018751278831	0	0	0	0	0	0	0	0	0	0	0	0	0	0	0	0	0	0	0	0	0	0	0	0	0	0	0	0	0	0	0
0	0	0	0	0	0	0	0	0	0	0	0	0	0	0	0	0	0	0	0	0	0	0	0	0	0	0	0	0	0	0.607735474813203	0	0	0	0	0.626078433919528	0	0	0	0	0	0	0.688263615014131	0	0	0	0	0.747093183921382	0.959698499141248	0.708616304459291	0	0	0	0.730348166925842	0	0.591661210594835	0	0	0	0	0	0	0	0	0	0	0	0	0	0	0	0	0	0	0	0	0	0	0	0	0	0	0	0	0	0	0	0	0	0
0	0	0	0	0	0	0	0	0	0	0	0	0	0	0	0	0	0	0	0	0	0	0	0	0	0	0	0	0	0	0	0	0.636070560009118	0	0	0.973091517268443	0.50529389322264	0	0	0	0	0.776413712014633	0	0	0	0	0	0	0.573417108169894	0	0	0	0	0	0	0	0	0.575841925294626	0	0.906191354787728	0	0	0	0	0	0	0	0	0	0	0	0	0	0	0	0	0	0	0	0	0	0	0	0	0	0	0	0	0	0
0	0	0	0	0	0	0	0	0	0	0	0	0	0	0	0	0	0	0	0	0	0	0	0	0	0	0	0	0	0	0	0	0.93611596101831	0.754358723829764	0	0	0	0	0	0.726119707570127	0	0	0.901435539378179	0	0	0	0.780679919449308	0	0	0	0.617590586114669	0	0	0	0	0.581006665879951	0	0.808865142000893	0	0	0	0	0	0	0	0	0	0	0	0	0	0	0	0	0	0	0	0	0	0	0	0	0	0	0	0	0	0	0	0
0	0	0	0	0	0	0	0	0	0	0	0	0	0	0	0	0	0	0	0	0	0	0	0	0	0	0	0	0	0	0	0	0.848321614036154	0	0	0	0	0.554032845558834	0	0.599129421661918	0	0.655841744265519	0.526081311651873	0	0	0.93464554525574	0	0	0	0	0.535632336036168	0	0.787244540737746	0	0	0	0.545796273458004	0.721155293945098	0	0	0	0	0	0	0	0	0	0	0	0	0	0	0	0	0	0	0	0	0	0	0	0	0	0	0	0	0	0	0	0
0	0	0	0	0	0	0	0	0	0	0	0	0	0	0	0	0	0	0	0	0	0	0	0	0	0	0	0	0	0	0.832457510869685	0	0	0.777004050832185	0	0	0	0.828262203694424	0	0	0	0	0.816983842071942	0.546045698510122	0	0	0	0	0.998075640357077	0	0	0	0.58026175346317	0	0.671207419125628	0	0	0	0	0.597226302549538	0	0	0	0	0	0	0	0	0	0	0	0	0	0	0	0	0	0	0	0	0	0	0	0	0	0	0	0	0	0
0	0	0	0	0	0	0	0	0	0	0	0	0	0	0	0	0	0	0	0	0	0	0	0	0	0	0	0	0	0	0	0	0	0	0.996128289290225	0	0	0	0	0.779084431426708	0	0	0	0.906312734308237	0.520777014948869	0	0	0.931823759742698	0	0	0	0.63604629980659	0.758850566986759	0.702495243174196	0.528642461887405	0	0	0	0	0	0	0	0	0	0	0	0	0	0	0	0	0	0	0	0	0	0	0	0	0	0	0	0	0	0	0	0	0	0	0
0	0	0	0	0	0	0	0	0	0	0	0	0	0	0	0	0	0	0	0	0	0	0	0	0	0	0	0	0	0	0	0.770340057415659	0	0.921270945011559	0.65150652927231	0	0	0.851597267948936	0.509408536435362	0	0.623940072272147	0.679285060498395	0.765904801119765	0.675594886987246	0	0	0	0	0	0	0	0	0.555588362375321	0.831542961791037	0	0	0	0.675905420167644	0.533246718875634	0	0	0	0	0	0	0	0	0	0	0	0	0	0	0	0	0	0	0	0	0	0	0	0	0	0	0	0	0	0	0
0	0	0	0	0	0	0	0	0	0	0	0	0	0	0	0	0	0	0	0	0	0	0	0	0	0	0	0	0	0	0	0.525074750020586	0.719818529907066	0	0	0	0	0	0.580692357555962	0	0	0	0	0	0	0.966279510818627	0.905013193319245	0	0	0	0	0	0.806022960536379	0.562293412972335	0.791409867451851	0.803916810981232	0	0	0.758552373109085	0	0	0	0	0	0	0	0	0	0	0	0	0	0	0	0	0	0	0	0	0	0	0	0	0	0	0	0	0	0	0
0	0	0	0	0	0	0	0	0	0	0	0	0	0	0	0	0	0	0	0	0	0	0	0	0	0	0	0	0	0	0.935313879851186	0.597455151890681	0	0	0	0	0	0.769923829472721	0	0	0	0	0.869506043923964	0	0	0	0	0	0.869767879557384	0	0	0	0.655419423395831	0.580415861842445	0	0.641500425331189	0	0	0	0	0	0	0	0	0	0	0	0	0	0	0	0	0	0	0	0	0	0	0	0	0	0	0	0	0	0	0	0	0	0
0	0	0	0	0	0	0	0	0	0	0	0	0	0	0	0	0	0	0	0	0	0	0	0	0	0	0	0	0	0	0.689540579967183	0	0	0	0	0	0.529774594596603	0.526482403642157	0	0.542735157803998	0	0	0	0	0	0	0.741570651781907	0.749623106395278	0.501404831250276	0.510002832770012	0.551420896673406	0.940657206426392	0	0	0	0.934735545281425	0	0	0	0	0	0	0	0	0	0	0	0	0	0	0	0	0	0	0	0	0	0	0	0	0	0	0	0	0	0	0	0	0	0
0	0	0	0	0	0	0	0	0	0	0	0	0	0	0	0	0	0	0	0	0	0	0	0	0	0	0	0	0	0	0.586462040959497	0	0	0	0	0.572570301681499	0.952351774976359	0	0	0	0.514170889721728	0.694439759442248	0.834664732142566	0.731138328413725	0	0	0	0	0.706209897972329	0.549468528633646	0.808834092881235	0.874852062090882	0	0	0	0.634572593834344	0	0	0	0	0	0	0	0	0	0	0	0	0	0	0	0	0	0	0	0	0	0	0	0	0	0	0	0	0	0	0	0	0	0
0	0	0	0	0	0	0	0	0	0	0	0	0	0	0	0	0	0	0	0	0	0	0	0	0	0	0	0	0	0	0	0	0	0	0	0	0	0	0	0	0	0.692550456099718	0	0	0	0	0	0.540481596137253	0.75280456441548	0	0.6444249216663	0	0	0	0	0	0	0	0.633661901553506	0.675341466119508	0	0	0	0	0	0	0	0	0	0	0	0	0	0	0	0	0	0	0	0	0	0	0	0	0	0	0	0	0	0
0	0	0	0	0	0	0	0	0	0	0	0	0	0	0	0	0	0	0	0	0	0	0	0	0	0	0	0	0	0	0.553387946834889	0	0.749689234574207	0.930280104875024	0	0.62004502134027	0	0	0	0	0	0.836202190420968	0	0.922589757980331	0	0.623663292081981	0	0	0	0	0.726802123105748	0.646585494579439	0.849485699444607	0.694290160118563	0	0	0.879074388458179	0.791692389460753	0	0.932383861643608	0	0	0	0	0	0	0	0	0	0	0	0	0	0	0	0	0	0	0	0	0	0	0	0	0	0	0	0	0	0
0	0	0	0	0	0	0	0	0	0	0	0	0	0	0	0	0	0	0	0	0	0	0	0	0	0	0	0	0	0	0	0.790993866166228	0	0.926448543607802	0	0	0	0	0	0.508918008742516	0.582728803625402	0	0	0	0	0	0.692075496694586	0	0	0	0	0	0	0	0	0.879210750340745	0	0	0.609606830701407	0.599638057157736	0	0	0	0	0	0	0	0	0	0	0	0	0	0	0	0	0	0	0	0	0	0	0	0	0	0	0	0	0	0
0	0	0	0	0	0	0	0	0	0	0	0	0	0	0	0	0	0	0	0	0	0	0	0	0	0	0	0	0	0	0.997141876495349	0	0.75780538527767	0	0	0	0.980933023045094	0	0.857975859903976	0	0	0.624818354339976	0	0	0.772104183203798	0.58059739724092	0.888169244500402	0	0	0.526600888134492	0	0	0	0	0	0.629834057778134	0	0	0	0	0	0	0	0	0	0	0	0	0	0	0	0	0	0	0	0	0	0	0	0	0	0	0	0	0	0	0	0	0	0
0	0	0	0	0	0	0	0	0	0	0	0	0	0	0	0	0	0	0	0	0	0	0	0	0	0	0	0	0	0	0	0.56360393106882	0.975968430992316	0	0	0.829055272924	0	0	0.912455243108507	0	0	0	0.883351683832455	0	0	0	0	0	0	0.991947579851806	0.519759245853235	0	0	0	0.642828747087994	0	0.9511306136954	0	0	0	0	0	0	0	0	0	0	0	0	0	0	0	0	0	0	0	0	0	0	0	0	0	0	0	0	0	0	0	0	0
0	0	0	0	0	0	0	0	0	0	0	0	0	0	0	0	0	0	0	0	0	0	0	0	0	0	0	0	0	0	0	0	0.969638796772956	0	0	0	0.915671458331444	0.609377146640043	0	0	0.793193933332158	0.744416017051505	0	0	0.770745738923937	0	0	0.777786011326428	0	0	0	0	0	0	0.823681186465207	0.631482245565884	0.655163099778362	0	0	0	0	0	0	0	0	0	0	0	0	0	0	0	0	0	0	0	0	0	0	0	0	0	0	0	0	0	0	0	0	0
0	0	0	0	0	0	0	0	0	0	0	0	0	0	0	0	0	0	0	0	0	0	0	0	0	0	0	0	0	0	0	0	0	0	0	0	0	0	0	0	0	0	0	0	0	0	0	0	0	0	0	0	0	0	0	0	0	0	0	0	0	0.64020981349648	0.947006858760059	0.676609674403072	0	0	0	0	0	0	0.520976706076998	0	0	0	0	0	0	0	0	0	0	0	0	0	0.792714745049543	0	0.953422746126351	0.93718544119842	0.639323355197088	0
0	0	0	0	0	0	0	0	0	0	0	0	0	0	0	0	0	0	0	0	0	0	0	0	0	0	0	0	0	0	0	0	0	0	0	0	0	0	0	0	0	0	0	0	0	0	0	0	0	0	0	0	0	0	0	0	0	0	0	0	0.782927776765548	0	0.964288016606086	0.513365259804482	0.873553730644616	0.877290792413098	0	0	0	0	0	0	0	0	0	0	0	0	0	0	0	0	0	0	0	0	0	0.714555738932448	0.887167754291576	0.879500666064557
0	0	0	0	0	0	0	0	0	0	0	0	0	0	0	0	0	0	0	0	0	0	0	0	0	0	0	0	0	0	0	0	0	0	0	0	0	0	0	0	0	0	0	0	0	0	0	0	0	0	0	0	0	0	0	0	0	0	0	0	0.854669284491522	0.875505107418487	0	0.592919071075449	0.723188186438373	0.792215606363857	0.772834488752592	0	0	0	0	0	0	0	0	0	0	0	0	0	0	0	0	0	0	0	0	0	0.692662288101086	0.778527912504242
0	0	0	0	0	0	0	0	0	0	0	0	0	0	0	0	0	0	0	0	0	0	0	0	0	0	0	0	0	0	0	0	0	0	0	0	0	0	0	0	0	0	0	0	0	0	0	0	0	0	0	0	0	0	0	0	0	0	0	0	0.689150700829967	0.620990534463483	0.716340888059547	0	0.893292194849036	0.970494237208682	0.88524487283911	0.970352338342283	0	0.663757442875515	0	0	0	0	0	0	0	0	0	0	0.572693175889962	0	0	0	0	0	0	0	0	0.575247696392449
0	0	0	0	0	0	0	0	0	0	0	0	0	0	0	0	0	0	0	0	0	0	0	0	0	0	0	0	0	0	0	0	0	0	0	0	0	0	0	0	0	0	0	0	0	0	0	0	0	0	0	0	0	0	0	0	0	0	0	0	0	0.992174564720113	0.510720234732526	0.949170696405061	0	0.549438538485566	0.629288823124891	0.599866432827478	0.959519061804087	0	0	0.623053682546596	0	0	0	0	0	0	0	0	0	0	0	0	0	0	0.555970789691424	0	0	0
0	0	0	0	0	0	0	0	0	0	0	0	0	0	0	0	0	0	0	0	0	0	0	0	0	0	0	0	0	0	0	0	0	0	0	0	0	0	0	0	0	0	0	0	0	0	0	0	0	0	0	0	0	0	0	0	0	0	0	0	0	0.693820260196741	0.806585547113653	0.610496380882473	0.992353466624853	0	0.531316723809456	0	0.531693112425415	0.649860361553929	0	0	0	0	0	0	0	0	0	0	0	0	0	0	0	0	0.706170249060576	0	0	0
0	0	0	0	0	0	0	0	0	0	0	0	0	0	0	0	0	0	0	0	0	0	0	0	0	0	0	0	0	0	0	0	0	0	0	0	0	0	0	0	0	0	0	0	0	0	0	0	0	0	0	0	0	0	0	0	0	0	0	0	0	0	0.571719639402983	0.998164552433742	0.989427251936189	0.720123584384058	0	0	0.813756373803456	0.830976266690008	0.977136632876396	0	0	0	0	0.628842350625814	0	0	0	0	0	0	0	0	0	0	0	0	0	0
0	0	0	0	0	0	0	0	0	0	0	0	0	0	0	0	0	0	0	0	0	0	0	0	0	0	0	0	0	0	0	0	0	0	0	0	0	0	0	0	0	0	0	0	0	0	0	0	0	0	0	0	0	0	0	0	0	0	0	0	0	0	0	0.712440000613697	0.768729845820892	0	0	0	0.906540264305694	0	0.581394567469362	0.557977222675362	0	0	0	0	0	0	0	0	0	0	0	0.917644580579807	0	0	0	0	0	0
0	0	0	0	0	0	0	0	0	0	0	0	0	0	0	0	0	0	0	0	0	0	0	0	0	0	0	0	0	0	0	0	0	0	0	0	0	0	0	0	0	0	0	0	0	0	0	0	0	0	0	0	0	0	0	0	0	0	0	0	0	0	0	0	0.767961743609812	0.965393904140669	0.639058627680335	0.848958343250088	0	0.928516390466029	0.636393901388987	0.729267342630296	0.545017563632655	0	0	0	0	0	0	0	0	0	0	0	0	0	0	0	0	0
0	0	0	0	0	0	0	0	0	0	0	0	0	0	0	0	0	0	0	0	0	0	0	0	0	0	0	0	0	0	0	0	0	0	0	0	0	0	0	0	0	0	0	0	0	0	0	0	0	0	0	0	0	0	0	0	0	0	0	0	0	0	0	0.848206284005599	0	0.99317096641255	0.860823559758868	0	0.582535582616212	0	0.850721299368566	0.871907204471977	0	0.524818247793092	0	0	0	0	0	0	0.66669082101421	0	0	0	0	0	0	0	0	0.934868606336515
0	0	0	0	0	0	0	0	0	0	0	0	0	0	0	0	0	0	0	0	0	0	0	0	0	0	0	0	0	0	0	0	0	0	0	0	0	0	0	0	0	0	0	0	0	0	0	0	0	0	0	0	0	0	0	0	0	0	0	0	0.912370107752195	0	0	0	0	0	0.777000878098513	0.687955961157399	0.836265816289032	0.937348652598515	0	0.829304558239405	0	0.79804605552731	0.53634750416988	0	0	0	0	0	0	0	0	0	0	0	0	0	0	0
0	0	0	0	0	0	0	0	0	0	0	0	0	0	0	0	0	0	0	0	0	0	0	0	0	0	0	0	0	0	0	0	0	0	0	0	0	0	0	0	0	0	0	0	0	0	0	0	0	0	0	0	0	0	0	0	0	0	0	0	0	0	0	0	0.654733225650614	0	0	0.507079848290926	0.605989148375061	0.915448698856606	0.767918054721927	0	0.743183152706122	0	0	0.623375497606767	0.677776214333758	0	0	0	0	0	0	0	0	0	0	0	0	0
0	0	0	0	0	0	0	0	0	0	0	0	0	0	0	0	0	0	0	0	0	0	0	0	0	0	0	0	0	0	0	0	0	0	0	0	0	0	0	0	0	0	0	0	0	0	0	0	0	0	0	0	0	0	0	0	0	0	0	0	0	0	0	0	0	0	0	0	0.96362456528613	0	0	0.915575314355768	0	0.868541643479429	0.585347847740458	0.737420874274146	0.738871437485432	0	0	0	0	0	0	0	0	0	0	0	0	0
0	0	0	0	0	0	0	0	0	0	0	0	0	0	0	0	0	0	0	0	0	0	0	0	0	0	0	0	0	0	0	0	0	0	0	0	0	0	0	0	0	0	0	0	0	0	0	0	0	0	0	0	0	0	0	0	0	0	0	0	0	0	0	0	0	0	0	0	0	0.920449266953497	0.535120105785697	0	0.726469089097679	0	0	0.648975541927812	0.599746175501769	0.584195388831048	0	0	0	0	0	0	0	0	0	0	0	0.689402344099088
0	0	0	0	0	0	0	0	0	0	0	0	0	0	0	0	0	0	0	0	0	0	0	0	0	0	0	0	0	0	0	0	0	0	0	0	0	0	0	0	0	0	0	0	0	0	0	0	0	0	0	0	0	0	0	0	0	0	0	0	0	0	0	0	0	0	0	0	0	0	0.700545255383987	0	0.523605518379444	0	0	0.962321771991604	0.901658294573188	0	0.917420940696888	0	0	0	0.578592456419077	0	0	0	0	0	0	0
0	0	0	0	0	0	0	0	0	0	0	0	0	0	0	0	0	0	0	0	0	0	0	0	0	0	0	0	0	0	0	0	0	0	0	0	0	0	0	0	0	0	0	0	0	0	0	0	0	0	0	0	0	0	0	0	0	0	0	0	0	0	0	0	0	0	0.665949720623613	0	0	0	0	0.94118159862643	0.883620179146076	0.858151525709551	0.944398802174066	0	0.908923974987676	0.998165724209048	0	0.893840790492398	0	0.991896702158191	0	0	0	0	0	0	0	0
0	0	0	0	0	0	0	0	0	0	0	0	0	0	0	0	0	0	0	0	0	0	0	0	0	0	0	0	0	0	0	0	0	0	0	0	0	0	0	0	0	0	0	0	0	0	0	0	0	0	0	0	0	0	0	0	0	0	0	0	0	0	0	0	0	0	0	0	0	0	0	0.945884583864022	0.829362787745991	0.984703583552406	0.853973013439026	0.975598384242895	0	0.814455427425654	0.706197375875337	0.812683103871079	0.652191661504238	0	0	0	0	0	0	0	0	0
0	0	0	0	0	0	0	0	0	0	0	0	0	0	0	0	0	0	0	0	0	0	0	0	0	0	0	0	0	0	0	0	0	0	0	0	0	0	0	0	0	0	0	0	0	0	0	0	0	0	0	0	0	0	0	0	0	0	0	0	0	0	0	0	0	0	0	0	0	0	0	0	0	0.950461461187748	0	0.820966267117399	0.522759031084467	0	0.795606883836547	0.690420592493311	0.887738122230535	0.684518107308833	0	0	0	0	0	0	0	0
0	0	0	0	0	0	0	0	0	0	0	0	0	0	0	0	0	0	0	0	0	0	0	0	0	0	0	0	0	0	0	0	0	0	0	0	0	0	0	0	0	0	0	0	0	0	0	0	0	0	0	0	0	0	0	0	0	0	0	0	0	0	0	0	0	0	0	0	0	0	0	0	0	0	0.899982859988052	0	0.599385217492804	0.684762562449749	0	0.876309567159323	0.745631230431291	0.860046119262227	0.61600867303031	0	0	0	0	0	0	0
0	0	0	0	0	0	0	0	0	0	0	0	0	0	0	0	0	0	0	0	0	0	0	0	0	0	0	0	0	0	0	0	0	0	0	0	0	0	0	0	0	0	0	0	0	0	0	0	0	0	0	0	0	0	0	0	0	0	0	0	0	0	0	0	0	0	0	0	0	0	0	0	0	0	0	0.873002856756311	0.991305086365621	0.681192486942902	0.871693202179415	0	0.919888567176063	0.562821644844821	0.90590320552214	0.956928170876399	0.816319721793007	0	0	0	0	0
0	0	0	0	0	0	0	0	0	0	0	0	0	0	0	0	0	0	0	0	0	0	0	0	0	0	0	0	0	0	0	0	0	0	0	0	0	0	0	0	0	0	0	0	0	0	0	0	0	0	0	0	0	0	0	0	0	0	0	0	0	0	0	0.891115609475045	0	0	0	0	0	0.893890880863255	0	0	0	0	0	0	0.956504017953624	0.780947331345055	0.533856940705332	0.929148026035857	0	0.809889283869231	0.772980372815942	0	0	0	0	0	0	0
0	0	0	0	0	0	0	0	0	0	0	0	0	0	0	0	0	0	0	0	0	0	0	0	0	0	0	0	0	0	0	0	0	0	0	0	0	0	0	0	0	0	0	0	0	0	0	0	0	0	0	0	0	0	0	0	0	0	0	0	0	0	0	0	0	0	0	0	0	0	0	0	0	0	0	0.587736844193636	0	0.747780111734897	0.959829664961846	0.743637337657559	0.870407422925374	0	0	0.795768427511114	0.86275964777243	0.936290444172954	0	0.967823039735121	0	0
0	0	0	0	0	0	0	0	0	0	0	0	0	0	0	0	0	0	0	0	0	0	0	0	0	0	0	0	0	0	0	0	0	0	0	0	0	0	0	0	0	0	0	0	0	0	0	0	0	0	0	0	0	0	0	0	0	0	0	0	0	0	0	0	0	0	0	0	0	0	0	0	0	0	0.842572251975365	0	0	0	0.891587702044554	0.520465514477834	0.677122652637388	0	0	0.567786622540178	0.670124816052576	0.61547925277594	0.82767872283886	0	0	0
0	0	0	0	0	0	0	0	0	0	0	0	0	0	0	0	0	0	0	0	0	0	0	0	0	0	0	0	0	0	0	0	0	0	0	0	0	0	0	0	0	0	0	0	0	0	0	0	0	0	0	0	0	0	0	0	0	0	0	0	0	0	0	0	0	0	0	0.732188193704461	0	0	0	0	0	0	0	0	0	0	0	0.677737541348781	0	0.693811188608074	0.598501588092806	0	0.632632814308279	0.809506782215277	0.978580433699703	0.621391915714951	0	0
0	0	0	0	0	0	0	0	0	0	0	0	0	0	0	0	0	0	0	0	0	0	0	0	0	0	0	0	0	0	0	0	0	0	0	0	0	0	0	0	0	0	0	0	0	0	0	0	0	0	0	0	0	0	0	0	0	0	0	0	0.758272385440303	0	0	0	0	0	0	0	0	0	0	0	0	0	0	0	0	0	0	0.876101707399646	0	0.631286105104644	0.655328338225768	0.537057467868535	0	0	0.917837621998622	0.994202000526773	0.69792500685666	0
0	0	0	0	0	0	0	0	0	0	0	0	0	0	0	0	0	0	0	0	0	0	0	0	0	0	0	0	0	0	0	0	0	0	0	0	0	0	0	0	0	0	0	0	0	0	0	0	0	0	0	0	0	0	0	0	0	0	0	0	0	0	0	0	0	0	0	0	0	0	0	0	0	0	0	0	0	0	0	0	0	0.977662893862628	0.646416693322232	0.890252542836095	0	0	0.815995062331383	0.839539511870611	0.614852684943772	0.938387033308064
0	0	0	0	0	0	0	0	0	0	0	0	0	0	0	0	0	0	0	0	0	0	0	0	0	0	0	0	0	0	0	0	0	0	0	0	0	0	0	0	0	0	0	0	0	0	0	0	0	0	0	0	0	0	0	0	0	0	0	0	0.925129277411342	0	0	0	0.559243214917044	0.982423478104963	0	0	0	0	0	0	0	0	0	0	0	0	0	0	0	0	0.536750398862572	0.568765816904554	0.705297714776411	0.672427507590794	0	0.881247400719357	0.955189373344545	0
0	0	0	0	0	0	0	0	0	0	0	0	0	0	0	0	0	0	0	0	0	0	0	0	0	0	0	0	0	0	0	0	0	0	0	0	0	0	0	0	0	0	0	0	0	0	0	0	0	0	0	0	0	0	0	0	0	0	0	0	0.944366519066356	0.899174878663682	0	0	0	0	0	0	0	0	0	0	0	0	0	0	0	0	0	0	0	0.72248690393299	0	0.623724335799783	0.752042928065977	0.608733086757244	0.845977853778812	0	0.659714072248786	0.833552813857772
0	0	0	0	0	0	0	0	0	0	0	0	0	0	0	0	0	0	0	0	0	0	0	0	0	0	0	0	0	0	0	0	0	0	0	0	0	0	0	0	0	0	0	0	0	0	0	0	0	0	0	0	0	0	0	0	0	0	0	0	0.851274481852189	0.940715124835122	0.836176012739871	0	0	0	0	0	0	0	0	0	0	0	0	0	0	0	0	0	0	0	0	0	0.681838496781849	0.687960294118093	0.93609869072346	0.616926398424164	0	0.889573285271689
0	0	0	0	0	0	0	0	0	0	0	0	0	0	0	0	0	0	0	0	0	0	0	0	0	0	0	0	0	0	0	0	0	0	0	0	0	0	0	0	0	0	0	0	0	0	0	0	0	0	0	0	0	0	0	0	0	0	0	0	0	0.587376941015083	0.753425856724237	0.896527508830439	0	0	0	0	0	0.623592219837535	0	0	0	0.548537094795588	0	0	0	0	0	0	0	0	0	0	0	0.796724125844143	0	0.616793617631261	0.881824458435008	0
