0	0.719664914730892	0.798717468176127	0.736681384370924	0.636457231468601	0	0	0	0	0	0	0	0	0.928936554264945	0.679113199941203	0.99548599265576	0	0.674854030273933	0	0	0	0	0	0	0	0	0	0	0	0	0	0	0	0	0	0	0	0	0	0	0	0	0	0	0	0	0	0	0	0	0	0	0	0	0	0	0	0	0	0	0	0	0	0	0	0	0	0	0	0	0	0	0	0	0	0	0	0	0	0	0	0	0	0	0	0	0	0	0	0
0.763319757566592	0	0	0.654255854562643	0.787017846966866	0.914272530112806	0	0.733214914740835	0	0	0	0	0	0	0.846543389232404	0	0	0	0	0	0	0	0	0	0	0	0	0	0	0	0	0	0	0	0	0	0	0	0	0	0	0	0	0	0	0	0	0	0	0	0	0	0	0	0	0	0	0	0	0	0	0	0	0	0	0	0	0	0	0	0	0	0	0	0	0	0	0	0	0	0	0	0	0	0	0	0	0	0	0
0.727457822969637	0	0	0.597861284270112	0.922978227404601	0.883308731908451	0.750692059115216	0	0	0	0	0	0	0	0	0	0.530169417980154	0.909853802663172	0	0	0	0	0	0	0	0	0	0	0	0	0	0	0	0	0	0	0	0	0	0	0	0	0	0	0	0	0	0	0	0	0	0	0	0	0	0	0	0	0	0	0	0	0	0	0	0	0	0	0	0	0	0	0	0	0	0	0	0	0	0	0	0	0	0	0	0	0	0	0	0
0.605017082567586	0.915093765345155	0.842093135852856	0	0.607193245826059	0	0.713022287336327	0.924052604745685	0	0	0	0.520575313025879	0	0	0	0	0	0.994564239308759	0	0	0	0	0	0	0	0	0	0	0	0	0	0	0	0	0	0	0	0	0	0	0	0	0	0	0	0	0	0	0	0	0	0	0	0	0	0	0	0	0	0	0	0	0	0	0	0	0	0	0	0	0	0	0	0	0	0	0	0	0	0	0	0	0	0	0	0	0	0	0	0
0.627991188161727	0.798067068771846	0.634816117155642	0.756875289542404	0	0	0.752729205747136	0.80727012405143	0.597696351677772	0	0.668795695333421	0	0	0	0	0	0	0	0	0	0	0	0	0	0	0	0	0	0	0	0	0	0	0	0	0	0	0	0	0	0	0	0	0	0	0	0	0	0	0	0	0	0	0	0	0	0	0	0	0	0	0	0	0	0	0	0	0	0	0	0	0	0	0	0	0	0	0	0	0	0	0	0	0	0	0	0	0	0	0
0	0.677837668541145	0.717357988451388	0	0	0	0	0	0.961420706567863	0.842336390078729	0	0.742418979663495	0	0	0.986718683242521	0.728569818902258	0	0.880347338387114	0	0	0	0	0	0	0	0	0	0	0	0	0	0	0	0	0	0	0	0	0	0	0	0	0	0	0	0	0	0	0	0	0	0	0	0	0	0	0	0	0	0	0	0	0	0	0	0	0	0	0	0	0	0	0	0	0	0	0	0	0	0	0	0	0	0	0	0	0	0	0	0
0	0	0.510204182068794	0.977090870678858	0.647796814921244	0	0	0.882797047014238	0.567897023585425	0.83060154453249	0.563200597969204	0	0	0	0	0	0	0	0	0	0	0	0	0	0	0	0	0	0	0	0	0	0	0	0	0	0	0	0	0	0	0	0	0	0	0	0	0	0	0	0	0	0	0	0	0	0	0	0	0	0	0	0	0	0	0	0	0	0	0	0	0	0	0	0	0	0	0	0	0	0	0	0	0	0	0	0	0	0	0
0	0.848739910213936	0	0.568348919278122	0.621268715585135	0	0.527956956391225	0	0.961855507234294	0.905598936928335	0.9099416958356	0.818881041625109	0.655437536509343	0	0	0	0	0	0	0	0	0	0	0	0	0	0	0	0	0	0	0	0	0	0	0	0	0	0	0	0	0	0	0	0	0	0	0	0	0	0	0	0	0	0	0	0	0	0	0	0	0	0	0	0	0	0	0	0	0	0	0	0	0	0	0	0	0	0	0	0	0	0	0	0	0	0	0	0	0
0	0	0	0	0.796815190362574	0.82004826416039	0.544762950300245	0.724797955675276	0	0.626541322293133	0.583476270162136	0.658505629867108	0	0.660253902465874	0	0	0	0	0	0	0	0	0	0	0	0	0	0	0	0	0	0	0	0	0	0	0	0	0	0	0	0	0	0	0	0	0	0	0	0	0	0	0	0	0	0	0	0	0	0	0	0	0	0	0	0	0	0	0	0	0	0	0	0	0	0	0	0	0	0	0	0	0	0	0	0	0	0	0	0
0	0	0	0	0	0.593504233358677	0.676237662250199	0.904926677155061	0.817993201342764	0	0.840269954055716	0.751806096180079	0.54016088617859	0.709832960931166	0	0	0.898360581876208	0	0	0	0	0	0	0	0	0	0	0	0	0	0	0	0	0	0	0	0	0	0	0	0	0	0	0	0	0	0	0	0	0	0	0	0	0	0	0	0	0	0	0	0	0	0	0	0	0	0	0	0	0	0	0	0	0	0	0	0	0	0	0	0	0	0	0	0	0	0	0	0	0
0	0	0	0	0.815726957968498	0	0.533324717907313	0.971346899725416	0.919634650695218	0.797791503809303	0	0	0.830057142787124	0.692095688523053	0.65448891504442	0	0.524949078804979	0.85637839610577	0	0	0	0	0	0	0	0	0	0	0	0	0	0	0	0	0	0	0	0	0	0	0	0	0	0	0	0	0	0	0	0	0	0	0	0	0	0	0	0	0	0	0	0	0	0	0	0	0	0	0	0	0	0	0	0	0	0	0	0	0	0	0	0	0	0	0	0	0	0	0	0
0	0	0	0.601878457006694	0	0.621334722474049	0	0.831265763562045	0.64490580370644	0.563702229931684	0	0	0	0.772894436820352	0.839744536414271	0.733129108500775	0	0.760760107495958	0	0	0	0	0	0	0	0	0	0	0	0	0	0	0	0	0	0	0	0	0	0	0	0	0	0	0	0	0	0	0	0	0	0	0	0	0	0	0	0	0	0	0	0	0	0	0	0	0	0	0	0	0	0	0	0	0	0	0	0	0	0	0	0	0	0	0	0	0	0	0	0
0	0	0	0	0	0	0	0.915261303000048	0	0.782575672730538	0.54957457068461	0	0	0.672844602988765	0.746990584708185	0.80218005356421	0.63445377845793	0	0	0	0	0	0	0	0	0	0	0	0	0	0	0	0	0	0	0	0	0	0	0	0	0	0	0	0	0	0	0	0	0	0	0	0	0	0	0	0	0	0	0	0	0	0	0	0	0	0	0	0	0	0	0	0	0	0	0	0	0	0	0	0	0	0	0	0	0	0	0	0	0
0.959131336174906	0	0	0	0	0	0	0	0.818457738386713	0.820306473691892	0.718499360167768	0.942459528015803	0.700226826914461	0	0.528042074424335	0.762631271699912	0.518242531775876	0	0	0	0	0	0	0	0	0	0	0	0	0	0	0	0	0	0	0	0	0	0	0	0	0	0	0	0	0	0	0	0	0	0	0	0	0	0	0	0	0	0	0	0	0	0	0	0	0	0	0	0	0	0	0	0	0	0	0	0	0	0	0	0	0	0	0	0	0	0	0	0	0
0.83130324989751	0.839292802850468	0	0	0	0.800899573344627	0	0	0	0	0.659001769614525	0.817333057137747	0.533208869656348	0.796738888697747	0	0	0.670363818770459	0.953873382874928	0	0	0	0	0	0	0	0	0	0	0	0	0	0	0	0	0	0	0	0	0	0	0	0	0	0	0	0	0	0	0	0	0	0	0	0	0	0	0	0	0	0	0	0	0	0	0	0	0	0	0	0	0	0	0	0	0	0	0	0	0	0	0	0	0	0	0	0	0	0	0	0
0.572636610530481	0	0	0	0	0.744165499181867	0	0	0	0	0	0.820464896885945	0.709218521414862	0.61873344971127	0	0	0.591475356447932	0.665972402806772	0	0	0	0	0	0	0	0	0	0	0	0	0	0	0	0	0	0	0	0	0	0	0	0	0	0	0	0	0	0	0	0	0	0	0	0	0	0	0	0	0	0	0	0	0	0	0	0	0	0	0	0	0	0	0	0	0	0	0	0	0	0	0	0	0	0	0	0	0	0	0	0
0	0	0.962300451468674	0	0	0	0	0	0	0.920919930013084	0.789027287692989	0	0.628554485532618	0.798789803909416	0.590278262353019	0.690903897045616	0	0	0	0	0	0	0	0	0	0	0	0	0	0	0	0	0	0	0	0	0	0	0	0	0	0	0	0	0	0	0	0	0	0	0	0	0	0	0	0	0	0	0	0	0	0	0	0	0	0	0	0	0	0	0	0	0	0	0	0	0	0	0	0	0	0	0	0	0	0	0	0	0	0
0.798452713697225	0	0.89244495430468	0.861795181888826	0	0.748652960709577	0	0	0	0	0.683553266753242	0.625848171895025	0	0	0.998459307259066	0.511474354128813	0	0	0	0	0	0	0	0	0	0	0	0	0	0	0	0	0	0	0	0	0	0	0	0	0	0	0	0	0	0	0	0	0	0	0	0	0	0	0	0	0	0	0	0	0	0	0	0	0	0	0	0	0	0	0	0	0	0	0	0	0	0	0	0	0	0	0	0	0	0	0	0	0	0
0	0	0	0	0	0	0	0	0	0	0	0	0	0	0	0	0	0	0	0	0.567151046063244	0.992746224649705	0.79768294713593	0.844805416962187	0	0.678154318216214	0.506463151721472	0	0	0	0.738103546711631	0	0.884344559819311	0	0.820754447066277	0.559174641509933	0	0	0	0	0	0	0	0	0	0	0	0	0	0	0	0	0	0	0	0	0	0	0	0	0	0	0	0	0	0	0	0	0	0	0	0	0	0	0	0	0	0	0	0	0	0	0	0	0	0	0	0	0	0
0	0	0	0	0	0	0	0	0	0	0	0	0	0	0	0	0	0	0	0	0.909171096788902	0.785429435864807	0.626188685344205	0.703799370897986	0	0.794825915846921	0	0	0	0.737115150081917	0	0.957147617895926	0.593622014117776	0	0	0	0	0	0	0	0	0	0	0	0	0	0	0	0	0	0	0	0	0	0	0	0	0	0	0	0	0	0	0	0	0	0	0	0	0	0	0	0	0	0	0	0	0	0	0	0	0	0	0	0	0	0	0	0	0
0	0	0	0	0	0	0	0	0	0	0	0	0	0	0	0	0	0	0.965125814199808	0.742666873575143	0	0.562179342503594	0	0.852832353613606	0.61994520508763	0	0	0.789225123197555	0	0.919130775338144	0.80746122273176	0.880303624531645	0	0.689415406574031	0.529793208163126	0.803802517712824	0	0	0	0	0	0	0	0	0	0	0	0	0	0	0	0	0	0	0	0	0	0	0	0	0	0	0	0	0	0	0	0	0	0	0	0	0	0	0	0	0	0	0	0	0	0	0	0	0	0	0	0	0	0
0	0	0	0	0	0	0	0	0	0	0	0	0	0	0	0	0	0	0.516216674566407	0.712442590846451	0.87907171231648	0	0	0	0.999157377201752	0.628997232150055	0	0	0.786840581961207	0	0.805381898163688	0.571426386914213	0.621264085158257	0.699823331573679	0	0.577495224348881	0	0	0	0	0	0	0	0	0	0	0	0	0	0	0	0	0	0	0	0	0	0	0	0	0	0	0	0	0	0	0	0	0	0	0	0	0	0	0	0	0	0	0	0	0	0	0	0	0	0	0	0	0	0
0	0	0	0	0	0	0	0	0	0	0	0	0	0	0	0	0	0	0.653417328455727	0.751332326956123	0	0	0	0	0.771529500277669	0	0.707224982861065	0.798670273171951	0.989658327181584	0	0.569749893062899	0	0.737239766931897	0	0.567091960147782	0	0	0	0	0	0	0	0	0	0	0	0	0	0	0	0	0	0	0	0	0	0	0	0	0	0	0	0	0	0	0	0	0	0	0	0	0	0	0	0	0	0	0	0	0	0	0	0	0	0	0	0	0	0	0
0	0	0	0	0	0	0	0	0	0	0	0	0	0	0	0	0	0	0.952307051551336	0.969246646845049	0.518464873368567	0	0	0	0.547577835026084	0	0	0.931374384644377	0.757901483203584	0	0.986033654813295	0.589871669973732	0.799800108221474	0.605330835608691	0.789276621365237	0	0	0	0	0	0	0	0	0	0	0	0	0	0	0	0	0	0	0	0	0	0	0	0	0	0	0	0	0	0	0	0	0	0	0	0	0	0	0	0	0	0	0	0	0	0	0	0	0	0	0	0	0	0	0
0	0	0	0	0	0	0	0	0	0	0	0	0	0	0	0	0	0	0	0	0.506344395301823	0.590309109858801	0.555180538481705	0.993715846130093	0	0.964171124535543	0.831926822623931	0.861909406251788	0	0.506199036110068	0	0	0	0.554986470266324	0.789691049051718	0.523365841986437	0	0	0	0	0	0	0	0	0	0	0	0	0	0	0	0	0	0	0	0	0	0	0	0	0	0	0	0	0	0	0	0	0	0	0	0	0	0	0	0	0	0	0	0	0	0	0	0	0	0	0	0	0	0
0	0	0	0	0	0	0	0	0	0	0	0	0	0	0	0	0	0	0.764346662950922	0.902850085157893	0	0.979441559527288	0	0	0.585488761357575	0	0.559886306356446	0.557359738384908	0	0.752453297423197	0.625708084573601	0	0.933920972190694	0.858720647908128	0	0	0	0	0	0	0	0	0	0	0	0	0	0	0	0	0	0	0	0	0	0	0	0	0	0	0	0	0	0	0	0	0	0	0	0	0	0	0	0	0	0	0	0	0	0	0	0	0	0	0	0	0	0	0	0
0	0	0	0	0	0	0	0	0	0	0	0	0	0	0	0	0	0	0.51078931422859	0	0	0	0.909088003412986	0	0.96294297876129	0.785361548307521	0	0	0.633351654747567	0.744351079638301	0.678358542579596	0.611271241926727	0.975749356277751	0.576598457488049	0	0	0	0	0	0	0	0	0	0	0	0	0	0	0	0	0	0	0	0	0	0	0	0	0	0	0	0	0	0	0	0	0	0	0	0	0	0	0	0	0	0	0	0	0	0	0	0	0	0	0	0	0	0	0	0
0	0	0	0	0	0	0	0	0	0	0	0	0	0	0	0	0	0	0	0	0.687021455081685	0	0.877395493439347	0.717481743143943	0.562245318991078	0.924068669568944	0	0	0	0.944496140373199	0	0.646043715394528	0.620412696949761	0.741959871651578	0	0.731906655711077	0	0	0	0	0	0	0	0	0	0	0	0	0	0	0	0	0	0	0	0	0	0	0	0	0	0	0	0	0	0	0	0	0	0	0	0	0	0	0	0	0	0	0	0	0	0	0	0	0	0	0	0	0	0
0	0	0	0	0	0	0	0	0	0	0	0	0	0	0	0	0	0	0	0	0	0.815802691314262	0.859604771853147	0.87392154577837	0	0	0.502581815988699	0	0	0.983478666942212	0.986321231090503	0.817549621654202	0.798086988981561	0.82035222519057	0	0	0	0	0	0	0	0	0	0	0	0	0	0	0	0	0	0	0	0	0	0	0	0	0	0	0	0	0	0	0	0	0	0	0	0	0	0	0	0	0	0	0	0	0	0	0	0	0	0	0	0	0	0	0	0
0	0	0	0	0	0	0	0	0	0	0	0	0	0	0	0	0	0	0	0.799525198735672	0.762862733423628	0	0	0	0.803391630610812	0.531335793598956	0.675653036214293	0.89797276372962	0.53458643153849	0	0.827737978638444	0	0.869230683837468	0.891010406324192	0.630454644767989	0	0	0	0	0	0	0	0	0	0	0	0	0	0	0	0	0	0	0	0	0	0	0	0	0	0	0	0	0	0	0	0	0	0	0	0	0	0	0	0	0	0	0	0	0	0	0	0	0	0	0	0	0	0	0
0	0	0	0	0	0	0	0	0	0	0	0	0	0	0	0	0	0	0.528847490042569	0	0.559110691574204	0.77391254290614	0.698509300966984	0.993277583607374	0	0.69938703962106	0.991991963869583	0	0.6124232005869	0.797343150430374	0	0	0	0.536341036457297	0	0.788680198915502	0	0	0	0	0	0	0	0	0	0	0	0	0	0	0	0	0	0	0	0	0	0	0	0	0	0	0	0	0	0	0	0	0	0	0	0	0	0	0	0	0	0	0	0	0	0	0	0	0	0	0	0	0	0
0	0	0	0	0	0	0	0	0	0	0	0	0	0	0	0	0	0	0	0.786245311927311	0.839475208986513	0.527969978244488	0	0.947166303570854	0	0	0.51085492680418	0.553454518456091	0.607145456892273	0	0	0	0	0.928207033252708	0	0.573832512371296	0	0	0	0	0	0	0	0	0	0	0	0	0	0	0	0	0	0	0	0	0	0	0	0	0	0	0	0	0	0	0	0	0	0	0	0	0	0	0	0	0	0	0	0	0	0	0	0	0	0	0	0	0	0
0	0	0	0	0	0	0	0	0	0	0	0	0	0	0	0	0	0	0.614132994024529	0.706873036106393	0	0.599130798676897	0.833482567515225	0.864943599882954	0	0.725258312720106	0.505288340392462	0.671474256132911	0.831345000994965	0.989133320979555	0	0	0	0	0	0.808095177657209	0	0	0	0	0	0	0	0	0	0	0	0	0	0	0	0	0	0	0	0	0	0	0	0	0	0	0	0	0	0	0	0	0	0	0	0	0	0	0	0	0	0	0	0	0	0	0	0	0	0	0	0	0	0
0	0	0	0	0	0	0	0	0	0	0	0	0	0	0	0	0	0	0	0	0.619963846444296	0.949317629683567	0	0.715312262038693	0.895019729056644	0.598702946315	0.758899796903757	0.996513874395005	0.529064310505604	0.827376186311839	0.822167220236965	0.878565665329873	0	0	0	0	0	0	0	0	0	0	0	0	0	0	0	0	0	0	0	0	0	0	0	0	0	0	0	0	0	0	0	0	0	0	0	0	0	0	0	0	0	0	0	0	0	0	0	0	0	0	0	0	0	0	0	0	0	0
0	0	0	0	0	0	0	0	0	0	0	0	0	0	0	0	0	0	0.968238950441312	0	0.950690010670921	0	0.554306200337281	0.607172609468759	0.654911520131823	0	0	0	0	0.911953797829009	0	0	0	0	0	0.984232088140092	0	0	0	0	0	0	0	0	0	0	0	0	0	0	0	0	0	0	0	0	0	0	0	0	0	0	0	0	0	0	0	0	0	0	0	0	0	0	0	0	0	0	0	0	0	0	0	0	0	0	0	0	0	0
0	0	0	0	0	0	0	0	0	0	0	0	0	0	0	0	0	0	0.907682701642052	0	0.926323776731055	0.703328473981164	0	0	0.653153877041486	0	0	0.840958533837983	0	0	0.911049934688246	0.59998075124208	0.596075548383262	0	0.9413899507887	0	0	0	0	0	0	0	0	0	0	0	0	0	0	0	0	0	0	0	0	0	0	0	0	0	0	0	0	0	0	0	0	0	0	0	0	0	0	0	0	0	0	0	0	0	0	0	0	0	0	0	0	0	0	0
0	0	0	0	0	0	0	0	0	0	0	0	0	0	0	0	0	0	0	0	0	0	0	0	0	0	0	0	0	0	0	0	0	0	0	0	0	0.57910567912752	0.552289924983848	0.624904446546453	0.969045626431987	0.856196727606543	0.65222528498958	0.525448806348669	0	0	0	0.837905805805461	0.632160226444232	0.811857702111075	0.724400952349382	0.531888202387767	0.927532027802926	0.506295491995185	0	0	0	0	0	0	0	0	0	0	0	0	0	0	0	0	0	0	0	0	0	0	0	0	0	0	0	0	0	0	0	0	0	0	0	0
0	0	0	0	0	0	0	0	0	0	0	0	0	0	0	0	0	0	0	0	0	0	0	0	0	0	0	0	0	0	0	0	0	0	0	0	0.522110139276487	0	0.548487960424285	0.658527821620995	0.577950434541416	0.591918044234014	0.996226224840136	0.719397521887892	0.735017384445975	0	0	0	0.960328833008223	0.710001424882697	0.596764257703353	0.909448372995122	0.762237585518031	0.853818627528965	0	0	0	0	0	0	0	0	0	0	0	0	0	0	0	0	0	0	0	0	0	0	0	0	0	0	0	0	0	0	0	0	0	0	0	0
0	0	0	0	0	0	0	0	0	0	0	0	0	0	0	0	0	0	0	0	0	0	0	0	0	0	0	0	0	0	0	0	0	0	0	0	0.586497779338453	0.641042573463676	0	0.867224088797591	0.875995658620175	0.583087220024961	0.6196482254733	0.616399746283734	0.610216952964038	0.953079472819536	0	0	0	0.711710153756416	0.702623448711442	0.839631254016116	0.810430283400812	0.930506949403649	0	0	0	0	0	0	0	0	0	0	0	0	0	0	0	0	0	0	0	0	0	0	0	0	0	0	0	0	0	0	0	0	0	0	0	0
0	0	0	0	0	0	0	0	0	0	0	0	0	0	0	0	0	0	0	0	0	0	0	0	0	0	0	0	0	0	0	0	0	0	0	0	0.662234930917655	0.908609837294601	0.812011372302853	0	0.537768081892407	0.747638934431251	0.663214297373477	0.739293505838123	0.942856800439689	0.664400342242576	0.918204252931929	0	0.515260361636834	0	0.870316979218889	0.877054862473711	0.589718495631196	0.533795818051335	0	0	0	0	0	0	0	0	0	0	0	0	0	0	0	0	0	0	0	0	0	0	0	0	0	0	0	0	0	0	0	0	0	0	0	0
0	0	0	0	0	0	0	0	0	0	0	0	0	0	0	0	0	0	0	0	0	0	0	0	0	0	0	0	0	0	0	0	0	0	0	0	0.633577650432149	0.995291311493068	0.846643690936542	0.928471133960447	0	0.64412144114758	0.546757252723799	0.648169686184097	0.983489337600794	0.899773588518003	0.895109754711645	0.912934352481605	0	0	0	0.883510480427885	0.739205925559001	0.655825017517591	0	0	0	0	0	0	0	0	0	0	0	0	0	0	0	0	0	0	0	0	0	0	0	0	0	0	0	0	0	0	0	0	0	0	0	0
0	0	0	0	0	0	0	0	0	0	0	0	0	0	0	0	0	0	0	0	0	0	0	0	0	0	0	0	0	0	0	0	0	0	0	0	0.952758748263014	0.675190631531766	0.541293259192198	0.713361618593923	0.933982754186708	0	0.685770637268786	0.687413057213726	0.899933713984098	0.579157406379395	0.628331252190104	0.672697521253834	0.87676221043446	0.769365381177397	0	0	0.832105201913857	0.649282268638842	0	0	0	0	0	0	0	0	0	0	0	0	0	0	0	0	0	0	0	0	0	0	0	0	0	0	0	0	0	0	0	0	0	0	0	0
0	0	0	0	0	0	0	0	0	0	0	0	0	0	0	0	0	0	0	0	0	0	0	0	0	0	0	0	0	0	0	0	0	0	0	0	0.779822824465486	0.983206503346503	0.849258298567223	0.595834446137108	0.724881234809315	0.73933340125564	0	0.778464760537431	0.927959796037919	0.600593277835946	0.623422330996837	0.532647350704911	0.653542948472141	0.646414889039987	0	0	0	0.903932874877213	0	0	0	0	0	0	0	0	0	0	0	0	0	0	0	0	0	0	0	0	0	0	0	0	0	0	0	0	0	0	0	0	0	0	0	0
0	0	0	0	0	0	0	0	0	0	0	0	0	0	0	0	0	0	0	0	0	0	0	0	0	0	0	0	0	0	0	0	0	0	0	0	0.707016134041983	0.694571028015047	0.630621256893542	0.957437164543733	0.537935757302021	0.630103164588091	0.757705263269055	0	0.906824450762919	0.534642607794007	0.874393094364846	0.542273912322382	0.890991672240703	0.991106336204615	0.773913907928833	0	0	0	0	0	0	0	0	0	0	0	0	0	0	0	0	0	0	0	0	0	0	0	0	0	0	0	0	0	0	0	0	0	0	0	0	0	0	0
0	0	0	0	0	0	0	0	0	0	0	0	0	0	0	0	0	0	0	0	0	0	0	0	0	0	0	0	0	0	0	0	0	0	0	0	0	0.600671875117609	0.707191736668278	0.501358049596753	0.869897925991135	0.624414169278646	0.950347045263736	0.865813431447807	0	0.843201620707537	0.953494263150408	0.780359083815138	0.851383129692606	0.659674795761653	0.805082869874594	0.943107695318239	0	0	0	0	0	0	0	0	0	0	0	0	0	0	0	0	0	0	0	0	0	0	0	0	0	0	0	0	0	0	0	0	0	0	0	0	0	0
0	0	0	0	0	0	0	0	0	0	0	0	0	0	0	0	0	0	0	0	0	0	0	0	0	0	0	0	0	0	0	0	0	0	0	0	0	0	0.875999058344276	0.670534241715846	0.998112109372116	0.869815158463961	0.668917931146439	0.575799188085607	0.858447751556201	0	0.873373905115487	0.744160344171571	0.862490425790328	0.547739218614725	0.503380740660322	0.885948159157387	0.723165520516145	0	0	0	0	0	0	0	0	0	0	0	0	0	0	0	0	0	0	0	0	0	0	0	0	0	0	0	0	0	0	0	0	0	0	0	0	0
0	0	0	0	0	0	0	0	0	0	0	0	0	0	0	0	0	0	0	0	0	0	0	0	0	0	0	0	0	0	0	0	0	0	0	0	0	0	0	0.603404452364833	0.702904742337753	0.989788477243322	0.754043848851004	0.643159962276251	0.977511226852473	0.715226793699394	0	0.927728858244471	0.912546874062202	0.84581872968525	0.684829604375148	0.593494756861632	0.718562735470008	0.752805275879018	0	0	0	0	0	0	0	0	0	0	0	0	0	0	0	0	0	0	0	0	0	0	0	0	0	0	0	0	0	0	0	0	0	0	0	0
0	0	0	0	0	0	0	0	0	0	0	0	0	0	0	0	0	0	0	0	0	0	0	0	0	0	0	0	0	0	0	0	0	0	0	0	0.633228975311994	0	0	0	0.561854398730449	0.855340308683939	0.885733195240943	0.713588504398138	0.655222197110381	0.738390882169749	0.807552976103426	0	0.602657035011038	0.947828572076755	0.713845597295624	0.807154476558134	0.569908866559512	0.518919386065055	0	0	0	0	0	0	0	0	0	0	0	0	0	0	0	0	0	0	0	0	0	0	0	0	0	0	0	0	0	0	0	0	0	0	0	0
0	0	0	0	0	0	0	0	0	0	0	0	0	0	0	0	0	0	0	0	0	0	0	0	0	0	0	0	0	0	0	0	0	0	0	0	0.640857689908074	0.681411350335737	0	0.936104011819848	0	0.558886932465851	0.564627815615553	0.549844647792163	0.566835832639095	0.974630010968426	0.84163372636651	0.859208505094405	0	0.598529885254344	0.92788703919734	0.580638190755797	0	0.881433239579037	0	0	0	0	0	0	0	0	0	0	0	0	0	0	0	0	0	0	0	0	0	0	0	0	0	0	0	0	0	0	0	0	0	0	0	0
0	0	0	0	0	0	0	0	0	0	0	0	0	0	0	0	0	0	0	0	0	0	0	0	0	0	0	0	0	0	0	0	0	0	0	0	0.762132607732369	0.712942506112485	0.71867879314019	0	0	0.535567783753442	0.529783771751455	0.516465915044752	0.503069274377466	0.974644360289759	0.792673261314561	0.612164888608666	0.712301959885688	0	0.713133944608533	0	0.998064564332754	0.963382307451828	0	0	0	0	0	0	0	0	0	0	0	0	0	0	0	0	0	0	0	0	0	0	0	0	0	0	0	0	0	0	0	0	0	0	0	0
0	0	0	0	0	0	0	0	0	0	0	0	0	0	0	0	0	0	0	0	0	0	0	0	0	0	0	0	0	0	0	0	0	0	0	0	0.587739267796354	0.540295801754946	0.532298349905238	0.691289716859685	0	0	0	0.729695027067385	0.716241011108385	0.54953070693841	0.535208828291335	0.928759194590135	0.75265692274229	0.79915631128713	0	0.800082020008778	0.74069786559099	0.826036549907953	0	0	0	0	0	0	0	0	0	0	0	0	0	0	0	0	0	0	0	0	0	0	0	0	0	0	0	0	0	0	0	0	0	0	0	0
0	0	0	0	0	0	0	0	0	0	0	0	0	0	0	0	0	0	0	0	0	0	0	0	0	0	0	0	0	0	0	0	0	0	0	0	0.621048888996556	0.757297339888026	0.987350087896951	0.945075488304949	0.613089720386021	0	0	0	0.696521096075618	0.850806665755279	0.809150943317712	0.965046423287206	0.781019066098507	0	0.83936738133581	0	0.822367762762374	0.74174929641792	0	0	0	0	0	0	0	0	0	0	0	0	0	0	0	0	0	0	0	0	0	0	0	0	0	0	0	0	0	0	0	0	0	0	0	0
0	0	0	0	0	0	0	0	0	0	0	0	0	0	0	0	0	0	0	0	0	0	0	0	0	0	0	0	0	0	0	0	0	0	0	0	0.760158036844849	0.898867194800294	0.658130425634223	0.578322606277978	0.676975861131015	0.847290996797271	0	0	0	0.752736313007304	0.594124516774545	0.554248296809005	0	0.775591413513667	0.873696492045916	0.730250990294579	0	0.688760803154218	0	0	0	0	0	0	0	0	0	0	0	0	0	0	0	0	0	0	0	0	0	0	0	0	0	0	0	0	0	0	0	0	0	0	0	0
0	0	0	0	0	0	0	0	0	0	0	0	0	0	0	0	0	0	0	0	0	0	0	0	0	0	0	0	0	0	0	0	0	0	0	0	0.726799064469079	0.623508644306219	0.667429036465306	0.630035064449646	0.980319669568598	0.643168715660754	0.828490182672158	0	0	0	0.929557384297366	0.581889428704068	0.701920354972232	0.953542800210371	0.553032144631759	0.982585228006124	0.875511607232641	0	0	0	0	0	0	0	0	0	0	0	0	0	0	0	0	0	0	0	0	0	0	0	0	0	0	0	0	0	0	0	0	0	0	0	0	0
0	0	0	0	0	0	0	0	0	0	0	0	0	0	0	0	0	0	0	0	0	0	0	0	0	0	0	0	0	0	0	0	0	0	0	0	0	0	0	0	0	0	0	0	0	0	0	0	0	0	0	0	0	0	0	0	0.714580901238993	0	0.783225185283428	0	0	0.748550107557972	0.667171861431496	0	0	0	0.955071764339805	0	0	0	0	0	0	0	0	0	0	0	0	0	0	0	0	0	0	0	0	0	0	0
0	0	0	0	0	0	0	0	0	0	0	0	0	0	0	0	0	0	0	0	0	0	0	0	0	0	0	0	0	0	0	0	0	0	0	0	0	0	0	0	0	0	0	0	0	0	0	0	0	0	0	0	0	0	0	0	0	0.540435097177619	0.869750541538565	0	0.980430550968485	0	0	0	0	0.744068304061235	0	0	0	0	0	0	0	0	0	0	0	0	0	0	0	0	0	0	0	0	0	0	0	0
0	0	0	0	0	0	0	0	0	0	0	0	0	0	0	0	0	0	0	0	0	0	0	0	0	0	0	0	0	0	0	0	0	0	0	0	0	0	0	0	0	0	0	0	0	0	0	0	0	0	0	0	0	0	0.646200095457241	0	0	0	0.973314389753488	0	0	0.546937478059263	0	0.699103067410084	0	0	0.530557061556259	0	0	0	0	0	0	0	0	0	0	0	0	0	0	0	0	0	0	0	0	0	0	0
0	0	0	0	0	0	0	0	0	0	0	0	0	0	0	0	0	0	0	0	0	0	0	0	0	0	0	0	0	0	0	0	0	0	0	0	0	0	0	0	0	0	0	0	0	0	0	0	0	0	0	0	0	0	0	0.881610311783353	0	0	0	0.638141537164447	0.535991926476988	0	0	0	0	0	0	0	0.515783803513382	0.78093576242708	0	0.519429721500162	0	0	0	0	0	0	0	0	0	0	0	0	0	0	0	0	0	0
0	0	0	0	0	0	0	0	0	0	0	0	0	0	0	0	0	0	0	0	0	0	0	0	0	0	0	0	0	0	0	0	0	0	0	0	0	0	0	0	0	0	0	0	0	0	0	0	0	0	0	0	0	0	0.604543594135096	0.907450132729958	0.826892972795575	0	0	0	0.972207030425067	0	0.65894587049943	0.618764443973544	0	0	0	0	0	0.664070419451361	0	0	0	0	0	0	0	0	0	0	0	0	0	0	0	0	0	0	0	0
0	0	0	0	0	0	0	0	0	0	0	0	0	0	0	0	0	0	0	0	0	0	0	0	0	0	0	0	0	0	0	0	0	0	0	0	0	0	0	0	0	0	0	0	0	0	0	0	0	0	0	0	0	0	0	0	0	0.75791649598482	0	0	0.699110136387145	0	0.78744659113153	0.720398310634065	0	0.807472139399244	0	0.911787487477686	0.940700637218223	0	0.515948854048326	0.623700133676259	0	0	0	0	0	0	0	0	0	0	0	0	0	0	0	0	0	0
0	0	0	0	0	0	0	0	0	0	0	0	0	0	0	0	0	0	0	0	0	0	0	0	0	0	0	0	0	0	0	0	0	0	0	0	0	0	0	0	0	0	0	0	0	0	0	0	0	0	0	0	0	0	0	0.804162629112021	0	0.976698799283549	0.856110943889993	0.982558665538147	0	0	0	0.797225572124847	0	0	0	0.997944122750741	0	0	0.816770284098788	0	0	0	0	0	0	0	0	0	0	0	0	0	0	0	0	0	0	0
0	0	0	0	0	0	0	0	0	0	0	0	0	0	0	0	0	0	0	0	0	0	0	0	0	0	0	0	0	0	0	0	0	0	0	0	0	0	0	0	0	0	0	0	0	0	0	0	0	0	0	0	0	0	0.541176967401714	0	0.829637637082713	0	0	0	0	0	0	0.856661009820065	0.817591950805842	0	0	0	0	0	0.737958268015972	0	0	0	0	0	0	0	0	0	0	0	0	0	0	0	0	0	0	0
0	0	0	0	0	0	0	0	0	0	0	0	0	0	0	0	0	0	0	0	0	0	0	0	0	0	0	0	0	0	0	0	0	0	0	0	0	0	0	0	0	0	0	0	0	0	0	0	0	0	0	0	0	0	0.985871167443532	0	0	0	0.551254377248272	0.902097539255959	0	0	0	0.61791943162378	0	0	0.678095815951469	0.888129537434363	0	0	0	0	0	0	0	0	0	0	0	0	0	0	0	0	0	0	0	0	0	0
0	0	0	0	0	0	0	0	0	0	0	0	0	0	0	0	0	0	0	0	0	0	0	0	0	0	0	0	0	0	0	0	0	0	0	0	0	0	0	0	0	0	0	0	0	0	0	0	0	0	0	0	0	0	0	0	0.928882255345715	0	0.592634855330226	0.878778747034325	0.921234929523416	0.570137014633179	0.640575280562037	0	0	0	0.612915153637205	0.925894597595623	0.893173656832016	0	0	0.755179070010931	0	0	0	0	0	0	0	0	0	0	0	0	0	0	0	0	0	0
0	0	0	0	0	0	0	0	0	0	0	0	0	0	0	0	0	0	0	0	0	0	0	0	0	0	0	0	0	0	0	0	0	0	0	0	0	0	0	0	0	0	0	0	0	0	0	0	0	0	0	0	0	0	0	0	0	0	0	0	0	0.939553600387161	0	0	0	0.579352708434725	0.692010309659287	0.729575232221086	0	0	0	0	0	0	0	0	0	0	0	0	0	0	0	0	0	0	0	0	0	0
0	0	0	0	0	0	0	0	0	0	0	0	0	0	0	0	0	0	0	0	0	0	0	0	0	0	0	0	0	0	0	0	0	0	0	0	0	0	0	0	0	0	0	0	0	0	0	0	0	0	0	0	0	0	0	0.713801770878365	0	0	0	0.871283390175799	0	0	0	0	0.67999042293072	0	0	0.546214864249667	0.518163722228404	0.80341531778904	0	0.866331250384213	0	0	0	0	0	0	0	0	0	0	0	0	0	0	0	0	0	0
0	0	0	0	0	0	0	0	0	0	0	0	0	0	0	0	0	0	0	0	0	0	0	0	0	0	0	0	0	0	0	0	0	0	0	0	0	0	0	0	0	0	0	0	0	0	0	0	0	0	0	0	0	0	0.503296511622171	0	0.866858728690932	0	0	0	0	0	0.573161503788922	0.969030684454002	0.686773277889036	0	0	0	0	0.606802860383875	0	0	0	0	0	0	0	0	0	0	0	0	0	0	0	0	0	0	0	0
0	0	0	0	0	0	0	0	0	0	0	0	0	0	0	0	0	0	0	0	0	0	0	0	0	0	0	0	0	0	0	0	0	0	0	0	0	0	0	0	0	0	0	0	0	0	0	0	0	0	0	0	0	0	0	0	0	0	0	0.776338299041129	0.622674685730889	0	0.921822324062019	0.864336131121623	0.775118136414263	0.956404970527177	0	0	0.967686525790079	0	0.98567932141158	0	0	0	0	0	0	0	0	0	0	0	0	0	0	0	0	0	0	0
0	0	0	0	0	0	0	0	0	0	0	0	0	0	0	0	0	0	0	0	0	0	0	0	0	0	0	0	0	0	0	0	0	0	0	0	0	0	0	0	0	0	0	0	0	0	0	0	0	0	0	0	0	0	0	0	0	0.959552205166187	0	0.837991125479574	0	0	0	0.654139162736783	0	0.57630010485858	0	0.771793868753152	0	0	0	0	0	0	0	0	0	0	0	0	0	0	0	0	0	0	0	0	0	0
0	0	0	0	0	0	0	0	0	0	0	0	0	0	0	0	0	0	0	0	0	0	0	0	0	0	0	0	0	0	0	0	0	0	0	0	0	0	0	0	0	0	0	0	0	0	0	0	0	0	0	0	0	0	0	0	0	0.737379184765967	0.553854850494569	0	0	0	0	0	0	0.730397291718925	0.882758095272736	0	0	0	0.665687268349952	0	0	0	0	0	0	0	0	0	0	0	0	0	0	0	0	0	0	0
0	0	0	0	0	0	0	0	0	0	0	0	0	0	0	0	0	0	0	0	0	0	0	0	0	0	0	0	0	0	0	0	0	0	0	0	0	0	0	0	0	0	0	0	0	0	0	0	0	0	0	0	0	0	0	0	0	0	0	0.839265357018602	0.786943415146411	0.513841239278066	0	0	0	0	0	0.906744534424095	0	0.654110833788712	0	0	0	0	0	0	0	0	0	0	0	0	0	0	0	0	0	0	0	0
0	0	0	0	0	0	0	0	0	0	0	0	0	0	0	0	0	0	0	0	0	0	0	0	0	0	0	0	0	0	0	0	0	0	0	0	0	0	0	0	0	0	0	0	0	0	0	0	0	0	0	0	0	0	0	0	0	0.66676013967988	0	0.59034301059755	0	0	0	0.775181661626031	0	0.807141310852785	0	0	0	0	0	0	0	0	0	0	0	0	0	0	0	0	0	0	0	0	0	0	0	0
0	0	0	0	0	0	0	0	0	0	0	0	0	0	0	0	0	0	0	0	0	0	0	0	0	0	0	0	0	0	0	0	0	0	0	0	0	0	0	0	0	0	0	0	0	0	0	0	0	0	0	0	0	0	0	0	0	0	0	0	0	0	0	0	0	0	0	0	0	0	0	0	0	0.825768228493211	0.639522614586375	0	0.969459847012197	0.805559118106176	0.634335397253924	0	0.695098152178227	0	0	0.635399104099815	0	0.962778732826496	0	0.686388534212836	0.655281311407189	0
0	0	0	0	0	0	0	0	0	0	0	0	0	0	0	0	0	0	0	0	0	0	0	0	0	0	0	0	0	0	0	0	0	0	0	0	0	0	0	0	0	0	0	0	0	0	0	0	0	0	0	0	0	0	0	0	0	0	0	0	0	0	0	0	0	0	0	0	0	0	0	0	0.642565717400752	0	0.534278010470298	0	0.963517032180219	0.933289889791313	0.582488600390507	0.507672550044974	0	0.776432908002413	0.668708350428365	0.616569586383541	0	0.757623439726542	0.608847545606304	0.926925998844061	0.822601862088142	0.650687022330008
0	0	0	0	0	0	0	0	0	0	0	0	0	0	0	0	0	0	0	0	0	0	0	0	0	0	0	0	0	0	0	0	0	0	0	0	0	0	0	0	0	0	0	0	0	0	0	0	0	0	0	0	0	0	0	0	0	0	0	0	0	0	0	0	0	0	0	0	0	0	0	0	0.667901752942954	0.818029315345836	0	0.667215312350523	0.866089221118997	0.839179577368584	0.821376854319824	0.550378249682106	0.747719948848803	0	0	0	0.72571185268283	0	0.820689442173693	0.859639287491014	0.801463006911064	0
0	0	0	0	0	0	0	0	0	0	0	0	0	0	0	0	0	0	0	0	0	0	0	0	0	0	0	0	0	0	0	0	0	0	0	0	0	0	0	0	0	0	0	0	0	0	0	0	0	0	0	0	0	0	0	0	0	0	0	0	0	0	0	0	0	0	0	0	0	0	0	0	0	0	0.820004341535471	0	0.753289461417641	0.880240736012565	0.80330721136441	0.956031600800999	0.958624734039846	0.677929765464565	0	0.794886688922773	0	0	0.897879322322795	0.764528173307969	0.56490623455834	0.566297479189727
0	0	0	0	0	0	0	0	0	0	0	0	0	0	0	0	0	0	0	0	0	0	0	0	0	0	0	0	0	0	0	0	0	0	0	0	0	0	0	0	0	0	0	0	0	0	0	0	0	0	0	0	0	0	0	0	0	0	0	0	0	0	0	0	0	0	0	0	0	0	0	0	0.876609326712182	0.847888698984976	0.632803378782816	0.832311228367377	0	0.652180274167333	0.697388114390364	0.761475108978501	0.912358544754593	0.688473990603186	0.517730492449476	0	0.974550396522968	0.64052159399488	0	0	0.699321975221628	0.888696415419415
0	0	0	0	0	0	0	0	0	0	0	0	0	0	0	0	0	0	0	0	0	0	0	0	0	0	0	0	0	0	0	0	0	0	0	0	0	0	0	0	0	0	0	0	0	0	0	0	0	0	0	0	0	0	0	0	0	0	0	0	0	0	0	0	0	0	0	0	0	0	0	0	0.917950077620498	0.805393463930202	0.792022811596348	0.902887257567869	0.827885588556709	0	0.808058417494644	0.544391859808631	0.849155385014142	0.675617985588301	0.778979652858858	0.966352037014782	0	0	0	0	0	0.676393536533668
0	0	0	0	0	0	0	0	0	0	0	0	0	0	0	0	0	0	0	0	0	0	0	0	0	0	0	0	0	0	0	0	0	0	0	0	0	0	0	0	0	0	0	0	0	0	0	0	0	0	0	0	0	0	0	0	0	0	0	0	0	0	0	0	0	0	0	0	0	0	0	0	0.713586659236419	0.766226736424385	0.887486250639994	0.872615121673201	0.920632043274427	0.968206766953597	0	0.980590289206886	0.728108000857271	0.833675137230358	0.873152711818732	0.79791087840648	0.880000366580648	0	0.52035040816149	0	0	0
0	0	0	0	0	0	0	0	0	0	0	0	0	0	0	0	0	0	0	0	0	0	0	0	0	0	0	0	0	0	0	0	0	0	0	0	0	0	0	0	0	0	0	0	0	0	0	0	0	0	0	0	0	0	0	0	0	0	0	0	0	0	0	0	0	0	0	0	0	0	0	0	0	0.535472845780152	0.539189531279939	0.738627595611273	0.911101072677294	0.883870727973522	0.71946668911204	0	0	0	0.755958548159091	0.722509572578315	0.868099371531455	0.928930914519184	0.889318204113863	0	0	0
0	0	0	0	0	0	0	0	0	0	0	0	0	0	0	0	0	0	0	0	0	0	0	0	0	0	0	0	0	0	0	0	0	0	0	0	0	0	0	0	0	0	0	0	0	0	0	0	0	0	0	0	0	0	0	0	0	0	0	0	0	0	0	0	0	0	0	0	0	0	0	0	0.649124393767718	0	0.771463974219499	0.787820121594969	0.822763436850355	0.930092994673651	0.921159707456385	0	0	0.58550996673141	0.937249944815879	0.852402563086392	0.749924997089544	0.855693608352453	0.701866999670908	0.601991360466962	0	0.533040265000468
0	0	0	0	0	0	0	0	0	0	0	0	0	0	0	0	0	0	0	0	0	0	0	0	0	0	0	0	0	0	0	0	0	0	0	0	0	0	0	0	0	0	0	0	0	0	0	0	0	0	0	0	0	0	0	0	0	0	0	0	0	0	0	0	0	0	0	0	0	0	0	0	0	0.750711543595258	0	0.935007260369702	0.706218033825084	0.823056492472453	0.922659242444313	0	0.721851694272308	0	0.674020507966619	0.69105851298982	0.951023802349388	0.804837954162851	0.934830301542896	0	0	0
0	0	0	0	0	0	0	0	0	0	0	0	0	0	0	0	0	0	0	0	0	0	0	0	0	0	0	0	0	0	0	0	0	0	0	0	0	0	0	0	0	0	0	0	0	0	0	0	0	0	0	0	0	0	0	0	0	0	0	0	0	0	0	0	0	0	0	0	0	0	0	0	0	0.577485158076402	0	0	0.992553770492873	0.775840515263543	0.725554741539144	0.725321331853303	0.598783149621693	0.720574125779888	0	0.696202527720353	0.790231439013113	0.60022016206516	0.803272328885211	0.75179421614938	0.951043881640749	0
0	0	0	0	0	0	0	0	0	0	0	0	0	0	0	0	0	0	0	0	0	0	0	0	0	0	0	0	0	0	0	0	0	0	0	0	0	0	0	0	0	0	0	0	0	0	0	0	0	0	0	0	0	0	0	0	0	0	0	0	0	0	0	0	0	0	0	0	0	0	0	0	0.768568203912269	0.61480333976969	0	0.92778428412152	0	0.712553629525245	0.653509090363151	0.995206817757705	0.720394514590928	0.57700857200146	0.594886322140339	0	0.766668688521947	0	0.884512690653694	0	0.71551891577869	0.944403008647167
0	0	0	0	0	0	0	0	0	0	0	0	0	0	0	0	0	0	0	0	0	0	0	0	0	0	0	0	0	0	0	0	0	0	0	0	0	0	0	0	0	0	0	0	0	0	0	0	0	0	0	0	0	0	0	0	0	0	0	0	0	0	0	0	0	0	0	0	0	0	0	0	0	0	0.863135376140197	0	0.931926033457701	0	0.521505773510429	0.550515806793153	0.580971387905651	0.777123469932968	0.569244555710664	0.960644845432984	0	0	0.746342765953101	0.938821945236082	0.687882471864507	0.969800837164219
0	0	0	0	0	0	0	0	0	0	0	0	0	0	0	0	0	0	0	0	0	0	0	0	0	0	0	0	0	0	0	0	0	0	0	0	0	0	0	0	0	0	0	0	0	0	0	0	0	0	0	0	0	0	0	0	0	0	0	0	0	0	0	0	0	0	0	0	0	0	0	0	0.87219284241663	0.754650515571736	0	0	0.98376613999604	0	0	0.570457533689696	0.915099663769418	0.674432351566178	0.546944510609806	0	0	0	0.657220529402999	0.917133976876014	0.587172286210504	0.984792342180269
0	0	0	0	0	0	0	0	0	0	0	0	0	0	0	0	0	0	0	0	0	0	0	0	0	0	0	0	0	0	0	0	0	0	0	0	0	0	0	0	0	0	0	0	0	0	0	0	0	0	0	0	0	0	0	0	0	0	0	0	0	0	0	0	0	0	0	0	0	0	0	0	0	0.905007642357428	0.561002031785665	0.984849740096265	0	0	0.54898166905918	0.932718512484738	0.913314743898821	0.826506977754232	0.527279041398367	0.980425231960323	0.592961539485743	0.795123823914629	0	0.757085457607444	0.521907636333072	0
0	0	0	0	0	0	0	0	0	0	0	0	0	0	0	0	0	0	0	0	0	0	0	0	0	0	0	0	0	0	0	0	0	0	0	0	0	0	0	0	0	0	0	0	0	0	0	0	0	0	0	0	0	0	0	0	0	0	0	0	0	0	0	0	0	0	0	0	0	0	0	0	0.506412126188332	0.751975301460465	0.861395262879761	0.694345173079278	0	0	0	0	0.667748656023536	0	0.973757063402049	0	0.529818470642712	0.507594817538199	0.679410846070758	0	0.563387604729888	0.670385904573919
0	0	0	0	0	0	0	0	0	0	0	0	0	0	0	0	0	0	0	0	0	0	0	0	0	0	0	0	0	0	0	0	0	0	0	0	0	0	0	0	0	0	0	0	0	0	0	0	0	0	0	0	0	0	0	0	0	0	0	0	0	0	0	0	0	0	0	0	0	0	0	0	0.667920949117147	0.897858352437468	0.814613129082534	0.969608218875589	0.90761976668646	0	0	0	0	0	0.5710035013456	0.86159823462298	0.868749776301518	0.516209103466727	0.668177872370036	0.5047236684265	0	0
0	0	0	0	0	0	0	0	0	0	0	0	0	0	0	0	0	0	0	0	0	0	0	0	0	0	0	0	0	0	0	0	0	0	0	0	0	0	0	0	0	0	0	0	0	0	0	0	0	0	0	0	0	0	0	0	0	0	0	0	0	0	0	0	0	0	0	0	0	0	0	0	0	0.723859065985657	0	0.887200743657972	0.808937177964033	0.939799601932507	0	0	0.582821487486609	0	0	0.706052462039873	0.700489514960561	0.891797772259638	0	0.833853044301186	0	0
