0	0	0.655697900625353	0	0	0	0.567062226853906	0.993501262396612	0	0.639426995566966	0	0	0	0.953326260346571	0	0	0	0	0	0.876867670342639	0	0	0.901499456282308	0.85758048909521	0	0	0	0.870874051340808	0	0.74315063131775	0	0	0	0	0	0	0	0	0	0	0	0	0	0	0	0	0	0	0	0	0	0	0	0	0	0	0	0	0	0	0	0	0	0	0	0	0	0	0	0	0	0	0	0	0	0	0	0	0	0	0	0	0	0	0	0	0	0	0	0
0	0	0	0.643311381658346	0	0	0.876732883237922	0	0	0.960419501933555	0.930911318213526	0.838896843014726	0.537030163340543	0	0	0.634004134180689	0	0	0	0	0.920608604594154	0	0	0	0	0	0.611061169497417	0	0.909702662682391	0.508092702671374	0	0	0	0	0	0	0	0	0	0	0	0	0	0	0	0	0	0	0	0	0	0	0	0	0	0	0	0	0	0	0	0	0	0	0	0	0	0	0	0	0	0	0	0	0	0	0	0	0	0	0	0	0	0	0	0	0	0	0	0
0.867454517482948	0	0	0.67639955297123	0.765834035702836	0	0	0	0	0.70841228564034	0	0	0	0	0.684518089887268	0	0	0.790652880550212	0	0.648194178812457	0	0.90884405859673	0	0	0	0	0.851535893616184	0	0	0	0	0	0	0	0	0	0	0	0	0	0	0	0	0	0	0	0	0	0	0	0	0	0	0	0	0	0	0	0	0	0	0	0	0	0	0	0	0	0	0	0	0	0	0	0	0	0	0	0	0	0	0	0	0	0	0	0	0	0	0
0	0.765450469195171	0.663437843695892	0	0	0	0.58860837265881	0	0	0.95425157732059	0.831876087370525	0	0	0.640455402547126	0.50264252930458	0.52306120361052	0.956306394687009	0	0	0	0.515161847385017	0	0	0	0	0	0.617386624370795	0	0	0	0	0	0	0	0	0	0	0	0	0	0	0	0	0	0	0	0	0	0	0	0	0	0	0	0	0	0	0	0	0	0	0	0	0	0	0	0	0	0	0	0	0	0	0	0	0	0	0	0	0	0	0	0	0	0	0	0	0	0	0
0	0	0.867277533546855	0	0	0.673912566876794	0	0	0	0.666436285406581	0	0	0.56134549361556	0	0	0	0	0.973184963806129	0	0.992340103043877	0	0.998538173410028	0	0	0	0	0	0	0	0	0	0	0	0	0	0	0	0	0	0	0	0	0	0	0	0	0	0	0	0	0	0	0	0	0	0	0	0	0	0	0	0	0	0	0	0	0	0	0	0	0	0	0	0	0	0	0	0	0	0	0	0	0	0	0	0	0	0	0	0
0	0	0	0	0.609820848411106	0	0	0.711906091121774	0	0	0	0	0.750673589068205	0	0	0	0	0.607162537370749	0.514988003720071	0	0.742514256744143	0	0	0.939509906295631	0.988793330637118	0	0	0	0	0	0	0	0	0	0	0	0	0	0	0	0	0	0	0	0	0	0	0	0	0	0	0	0	0	0	0	0	0	0	0	0	0	0	0	0	0	0	0	0	0	0	0	0	0	0	0	0	0	0	0	0	0	0	0	0	0	0	0	0	0
0.90380661171294	0.529450068659571	0	0.556553371966261	0	0	0	0	0	0.644177315427351	0	0	0	0	0	0	0	0	0	0.773728869482083	0	0	0.743003500586938	0	0	0.949000472416638	0	0.872901061509015	0.8707446588112	0	0	0	0	0	0	0	0	0	0	0	0	0	0	0	0	0	0	0	0	0	0	0	0	0	0	0	0	0	0	0	0	0	0	0	0	0	0	0	0	0	0	0	0	0	0	0	0	0	0	0	0	0	0	0	0	0	0	0	0	0
0.932275607168224	0	0	0	0	0.514714221320738	0	0	0.787312589076244	0.833394773175803	0.596484653654952	0	0.594410379488154	0	0	0.577631308920297	0	0	0	0.889938871923688	0.760290510878033	0	0	0.519913935037892	0	0	0	0	0	0	0	0	0	0	0	0	0	0	0	0	0	0	0	0	0	0	0	0	0	0	0	0	0	0	0	0	0	0	0	0	0	0	0	0	0	0	0	0	0	0	0	0	0	0	0	0	0	0	0	0	0	0	0	0	0	0	0	0	0	0
0	0	0	0	0	0	0	0.729225512999062	0	0	0.913913670174916	0.870821083099672	0	0	0.507483074232351	0	0.502414682985731	0.512235753337128	0	0	0.538063599686981	0	0	0	0	0	0	0	0	0.594729528545562	0	0	0	0	0	0	0	0	0	0	0	0	0	0	0	0	0	0	0	0	0	0	0	0	0	0	0	0	0	0	0	0	0	0	0	0	0	0	0	0	0	0	0	0	0	0	0	0	0	0	0	0	0	0	0	0	0	0	0	0
0.732729611035715	0.723059257182398	0.998470737085686	0.878814780678301	0.532402881941147	0	0.931981290360335	0.702623281425519	0	0	0	0.859473994173114	0	0.693120731618946	0	0.591457494484161	0	0.692361670063006	0	0	0	0	0	0	0	0	0	0	0	0	0	0	0	0	0	0	0	0	0	0	0	0	0	0	0	0	0	0	0	0	0	0	0	0	0	0	0	0	0	0	0	0	0	0	0	0	0	0	0	0	0	0	0	0	0	0	0	0	0	0	0	0	0	0	0	0	0	0	0	0
0	0.617192768116167	0	0.564412100042423	0	0	0	0.851216267209206	0.590750690252746	0	0	0	0	0	0.899358136063171	0	0.72303800470201	0.82689289503373	0	0	0.726706923197732	0.984418975536226	0.925230840715837	0	0	0.754651942014686	0.892982452137231	0	0	0.604455125683989	0	0	0	0	0	0	0	0	0	0	0	0	0	0	0	0	0	0	0	0	0	0	0	0	0	0	0	0	0	0	0	0	0	0	0	0	0	0	0	0	0	0	0	0	0	0	0	0	0	0	0	0	0	0	0	0	0	0	0	0
0	0.75315158320609	0	0	0	0	0	0	0.831820713471615	0.620541934285182	0	0	0	0	0	0.719128349034311	0.72350223266254	0	0	0	0	0	0	0	0	0.83597189769578	0	0	0.608037946784947	0.803708871868334	0	0	0	0	0	0	0	0	0	0	0	0	0	0	0	0	0	0	0	0	0	0	0	0	0	0	0	0	0	0	0	0	0	0	0	0	0	0	0	0	0	0	0	0	0	0	0	0	0	0	0	0	0	0	0	0	0	0	0	0
0	0.549927437259247	0	0	0.700502635244451	0.780491167369703	0	0.645259725186996	0	0	0	0	0	0.770318646968228	0.534484755723887	0	0.865787527894091	0.827603226136274	0	0	0	0	0	0	0	0	0	0	0	0	0	0	0	0	0	0	0	0	0	0	0	0	0	0	0	0	0	0	0	0	0	0	0	0	0	0	0	0	0	0	0	0	0	0	0	0	0	0	0	0	0	0	0	0	0	0	0	0	0	0	0	0	0	0	0	0	0	0	0	0
0.648822852782738	0	0	0.51473027053757	0	0	0	0	0	0.789082180706608	0	0	0.98167158039278	0	0	0	0	0	0	0.684306194078301	0	0	0	0	0.661951374987723	0	0	0.550709617122847	0	0	0	0	0	0	0	0	0	0	0	0	0	0	0	0	0	0	0	0	0	0	0	0	0	0	0	0	0	0	0	0	0	0	0	0	0	0	0	0	0	0	0	0	0	0	0	0	0	0	0	0	0	0	0	0	0	0	0	0	0	0
0	0	0.585724980283405	0.570520971037291	0	0	0	0	0.506894866114913	0	0.5504057503163	0	0.872541466182632	0	0	0.779342151221577	0.505055581437938	0.697366633726903	0	0	0	0.791246513984891	0.979182727286913	0	0	0	0	0.625223168179057	0	0	0	0	0	0	0	0	0	0	0	0	0	0	0	0	0	0	0	0	0	0	0	0	0	0	0	0	0	0	0	0	0	0	0	0	0	0	0	0	0	0	0	0	0	0	0	0	0	0	0	0	0	0	0	0	0	0	0	0	0	0
0	0.836158807782133	0	0.938643815894951	0	0	0	0.922852668918081	0	0.84408494555094	0	0.764917281846116	0	0	0.980942530204073	0	0.679020249035787	0	0	0	0	0	0	0	0	0	0.864168788807947	0.566772565717881	0	0	0	0	0	0	0	0	0	0	0	0	0	0	0	0	0	0	0	0	0	0	0	0	0	0	0	0	0	0	0	0	0	0	0	0	0	0	0	0	0	0	0	0	0	0	0	0	0	0	0	0	0	0	0	0	0	0	0	0	0	0
0	0	0	0.739698308778045	0	0	0	0	0.929507373085857	0	0.920738616349603	0.700584582745565	0.915930450876401	0	0.618297615016363	0.594109550631162	0	0	0	0	0.609860954699033	0	0.5722608786437	0	0	0	0.906309305791203	0.613472133219807	0.887044532266101	0	0	0	0	0	0	0	0	0	0	0	0	0	0	0	0	0	0	0	0	0	0	0	0	0	0	0	0	0	0	0	0	0	0	0	0	0	0	0	0	0	0	0	0	0	0	0	0	0	0	0	0	0	0	0	0	0	0	0	0	0
0	0	0.888809017185966	0	0.705990948904391	0.940678143968691	0	0	0.770980326702323	0.518197916147941	0.634873558381756	0	0.588356058061273	0	0.95041635999451	0	0	0	0.694784052223793	0	0	0	0	0	0.677562337517813	0	0	0	0	0	0	0	0	0	0	0	0	0	0	0	0	0	0	0	0	0	0	0	0	0	0	0	0	0	0	0	0	0	0	0	0	0	0	0	0	0	0	0	0	0	0	0	0	0	0	0	0	0	0	0	0	0	0	0	0	0	0	0	0	0
0	0	0	0	0	0.818199220252152	0	0	0	0	0	0	0	0	0	0	0	0.781307911488738	0	0	0.894202603339511	0.566437828406567	0	0.761357315569814	0.882411468160264	0	0	0.915099333683572	0	0.769190213499072	0	0	0	0	0	0	0	0	0	0	0	0	0	0	0	0	0	0	0	0	0	0	0	0	0	0	0	0	0	0	0	0	0	0	0	0	0	0	0	0	0	0	0	0	0	0	0	0	0	0	0	0	0	0	0	0	0	0	0	0
0.621869014806443	0	0.834346103593445	0	0.662178565461397	0	0.930231941436639	0.611972540926115	0	0	0	0	0	0.649484639255719	0	0	0	0	0	0	0	0	0.68230329897287	0.519938244390199	0.522939046081638	0	0	0	0.650012673870903	0.887062041766122	0	0	0	0	0	0	0	0	0	0	0	0	0	0	0	0	0	0	0	0	0	0	0	0	0	0	0	0	0	0	0	0	0	0	0	0	0	0	0	0	0	0	0	0	0	0	0	0	0	0	0	0	0	0	0	0	0	0	0	0
0	0.772995951884207	0	0.529652195050582	0	0.807246045200174	0	0.89258459811917	0.761976582277109	0	0.865293195380259	0	0	0	0	0	0.91864622670483	0	0.717954085921456	0	0	0.555355051155031	0.968081404427731	0.803998221581615	0	0	0	0.520597798650832	0.89453588649294	0	0	0	0	0	0	0	0	0	0	0	0	0	0	0	0	0	0	0	0	0	0	0	0	0	0	0	0	0	0	0	0	0	0	0	0	0	0	0	0	0	0	0	0	0	0	0	0	0	0	0	0	0	0	0	0	0	0	0	0	0
0	0	0.925645086065402	0	0.515278230846716	0	0	0	0	0	0.719640533997579	0	0	0	0.95971815160374	0	0	0	0.772785622011697	0	0.857740418625575	0	0.87643131367301	0	0	0	0.855658006929528	0.713269072000104	0	0.530925106978246	0	0	0	0	0	0	0	0	0	0	0	0	0	0	0	0	0	0	0	0	0	0	0	0	0	0	0	0	0	0	0	0	0	0	0	0	0	0	0	0	0	0	0	0	0	0	0	0	0	0	0	0	0	0	0	0	0	0	0	0
0.877324783714381	0	0	0	0	0	0.801946469903048	0	0	0	0.945356572833084	0	0	0	0.859288003092098	0	0.651428224642036	0	0	0.673095856171306	0.790831891625948	0.731959516505873	0	0	0	0.624206527986443	0	0.622739628030547	0	0	0	0	0	0	0	0	0	0	0	0	0	0	0	0	0	0	0	0	0	0	0	0	0	0	0	0	0	0	0	0	0	0	0	0	0	0	0	0	0	0	0	0	0	0	0	0	0	0	0	0	0	0	0	0	0	0	0	0	0	0
0.501029607465563	0	0	0	0	0.996759185825752	0	0.90642470982327	0	0	0	0	0	0	0	0	0	0	0.675977291962593	0.8777369970791	0.855941158778689	0	0	0	0	0.702593089718493	0	0	0.852978483913161	0.527251326223364	0	0	0	0	0	0	0	0	0	0	0	0	0	0	0	0	0	0	0	0	0	0	0	0	0	0	0	0	0	0	0	0	0	0	0	0	0	0	0	0	0	0	0	0	0	0	0	0	0	0	0	0	0	0	0	0	0	0	0	0
0	0	0	0	0	0.656159230873329	0	0	0	0	0	0	0	0.848176923461225	0	0	0	0.614733111066089	0.829128039333479	0.669908502048666	0	0	0	0	0	0.817806075064605	0.943746046338561	0.903626379924588	0.812412264264225	0	0	0	0	0	0	0	0	0	0	0	0	0	0	0	0	0	0	0	0	0	0	0	0	0	0	0	0	0	0	0	0	0	0	0	0	0	0	0	0	0	0	0	0	0	0	0	0	0	0	0	0	0	0	0	0	0	0	0	0	0
0	0	0	0	0	0	0.903694951695133	0	0	0	0.776209402972651	0.642798197152978	0	0	0	0	0	0	0	0	0	0	0.705781466062426	0.989864868651324	0.810411128487262	0	0.804947349695816	0.501116552507779	0	0.972010049197573	0	0	0	0	0	0	0	0	0	0	0	0	0	0	0	0	0	0	0	0	0	0	0	0	0	0	0	0	0	0	0	0	0	0	0	0	0	0	0	0	0	0	0	0	0	0	0	0	0	0	0	0	0	0	0	0	0	0	0	0
0	0.999575314921984	0.781208115878243	0.955034344554166	0	0	0	0	0	0	0.547188647305546	0	0	0	0	0.644278053809439	0.733326710639606	0	0	0	0	0.847630530645732	0	0	0.596445018581962	0.621244264255986	0	0.698458793690248	0	0.833399303796511	0	0	0	0	0	0	0	0	0	0	0	0	0	0	0	0	0	0	0	0	0	0	0	0	0	0	0	0	0	0	0	0	0	0	0	0	0	0	0	0	0	0	0	0	0	0	0	0	0	0	0	0	0	0	0	0	0	0	0	0
0.703923995010376	0	0	0	0	0	0.646322553724557	0	0	0	0	0	0	0.727570454638283	0.592495906207551	0.866274000564986	0.784666050144873	0	0.68825077489724	0	0.769114021738662	0.546623787955088	0.767273778846096	0	0.810101329228176	0.828797991067655	0.610443147715709	0	0.98766346478559	0.707903106334045	0	0	0	0	0	0	0	0	0	0	0	0	0	0	0	0	0	0	0	0	0	0	0	0	0	0	0	0	0	0	0	0	0	0	0	0	0	0	0	0	0	0	0	0	0	0	0	0	0	0	0	0	0	0	0	0	0	0	0	0
0	0.937252930039043	0	0	0	0	0.876573968852634	0	0	0	0	0.649480093896343	0	0	0	0	0.726592558731887	0	0	0.559629930303874	0.934806574973933	0	0	0.601523575470295	0.89099039183381	0	0	0.967835139849127	0	0.655623757009468	0	0	0	0	0	0	0	0	0	0	0	0	0	0	0	0	0	0	0	0	0	0	0	0	0	0	0	0	0	0	0	0	0	0	0	0	0	0	0	0	0	0	0	0	0	0	0	0	0	0	0	0	0	0	0	0	0	0	0	0
0.592948100232038	0.533293075111177	0	0	0	0	0	0	0.834942376530855	0	0.894387347072726	0.665212060910388	0	0	0	0	0	0	0.609390439367306	0.843473197937157	0	0.781816309928558	0	0.630957416775998	0	0.763021563295514	0.745474273452364	0.619438713353289	0.560383100870946	0	0	0	0	0	0	0	0	0	0	0	0	0	0	0	0	0	0	0	0	0	0	0	0	0	0	0	0	0	0	0	0	0	0	0	0	0	0	0	0	0	0	0	0	0	0	0	0	0	0	0	0	0	0	0	0	0	0	0	0	0
0	0	0	0	0	0	0	0	0	0	0	0	0	0	0	0	0	0	0	0	0	0	0	0	0	0	0	0	0	0	0	0	0.836898942894957	0.856457238698812	0.834669109528911	0	0.624991222698788	0	0	0.756127259564234	0	0	0	0	0	0	0	0	0	0	0	0	0	0	0	0	0.559334986019391	0.631499847136942	0.69931637436154	0.681617202188033	0	0	0	0	0	0	0	0	0	0	0	0	0	0	0	0	0	0	0	0	0	0	0	0	0	0	0	0	0	0
0	0	0	0	0	0	0	0	0	0	0	0	0	0	0	0	0	0	0	0	0	0	0	0	0	0	0	0	0	0	0	0	0.776713409864584	0.80641777224513	0.7530105249849	0.637397711045692	0	0	0	0	0	0	0	0	0	0	0	0	0	0	0	0	0	0	0	0	0	0.601355669779774	0.621250032211083	0.514826379773244	0	0	0	0	0	0	0	0	0	0	0	0	0	0	0	0	0	0	0	0	0	0	0	0	0	0	0	0	0	0
0	0	0	0	0	0	0	0	0	0	0	0	0	0	0	0	0	0	0	0	0	0	0	0	0	0	0	0	0	0	0.955958489537548	0.950060621818022	0	0.575951540410394	0.593225507421585	0.91999910569034	0.543950780742778	0	0	0	0	0	0	0	0	0	0	0	0	0	0	0	0	0	0	0	0	0	0.565089430443081	0.887921541582627	0	0	0	0	0	0	0	0	0	0	0	0	0	0	0	0	0	0	0	0	0	0	0	0	0	0	0	0	0	0
0	0	0	0	0	0	0	0	0	0	0	0	0	0	0	0	0	0	0	0	0	0	0	0	0	0	0	0	0	0	0.757769791850332	0.642158508166397	0.991109268877967	0	0	0.833657199630897	0.726073067928375	0.921120579293628	0	0	0	0	0	0	0	0	0	0	0	0	0	0	0.848110462650261	0	0	0	0	0	0	0.907987100982882	0	0	0	0	0	0	0	0	0	0	0	0	0	0	0	0	0	0	0	0	0	0	0	0	0	0	0	0	0	0
0	0	0	0	0	0	0	0	0	0	0	0	0	0	0	0	0	0	0	0	0	0	0	0	0	0	0	0	0	0	0.528319589335587	0.900465132786012	0.840557705359813	0	0	0.631763032469056	0.989004691730318	0.845825897031098	0	0	0	0	0	0	0	0.976371136812072	0	0	0	0	0	0	0	0	0.851389466236826	0	0	0	0	0	0	0	0	0	0	0	0	0	0	0	0	0	0	0	0	0	0	0	0	0	0	0	0	0	0	0	0	0	0	0
0	0	0	0	0	0	0	0	0	0	0	0	0	0	0	0	0	0	0	0	0	0	0	0	0	0	0	0	0	0	0	0.504868463216268	0.534616490572056	0.852100297685699	0.818352184398048	0	0.665681011585796	0.850813926910993	0.8433781130764	0.531794968606581	0	0	0	0	0.584213309230964	0	0	0	0	0	0	0	0	0	0	0	0	0	0	0	0	0	0	0	0	0	0	0	0	0	0	0	0	0	0	0	0	0	0	0	0	0	0	0	0	0	0	0	0	0
0	0	0	0	0	0	0	0	0	0	0	0	0	0	0	0	0	0	0	0	0	0	0	0	0	0	0	0	0	0	0.558516320750206	0	0.514522153384386	0.539309435885058	0.782042838699809	0.624475524126051	0	0.662942855211019	0.848781251046066	0	0.753763162504342	0	0	0	0	0	0	0	0	0	0.826150082588013	0	0	0	0	0	0	0	0	0	0	0	0	0	0	0	0	0	0	0	0	0	0	0	0	0	0	0	0	0	0	0	0	0	0	0	0	0	0	0
0	0	0	0	0	0	0	0	0	0	0	0	0	0	0	0	0	0	0	0	0	0	0	0	0	0	0	0	0	0	0	0	0	0.995244946427413	0.715718307922343	0.806409111256545	0.622991315057798	0	0.881874612764223	0.805444224657368	0.505400347402241	0.818598194633338	0	0	0	0	0	0	0	0	0	0	0	0	0	0	0	0	0	0	0	0	0	0	0	0	0	0	0	0	0	0	0	0	0	0	0	0	0	0	0	0	0	0	0	0	0	0	0	0
0	0	0	0	0	0	0	0	0	0	0	0	0	0	0	0	0	0	0	0	0	0	0	0	0	0	0	0	0	0	0	0	0	0	0	0.722174066436566	0.957691917796297	0.593281026853863	0	0.770078034184931	0.930705582259954	0.86145366074952	0.564974388355049	0	0	0	0	0	0	0	0	0	0	0	0	0	0	0	0	0	0	0	0	0	0	0	0	0	0	0	0	0	0	0	0	0	0	0	0	0	0	0	0	0	0	0	0	0	0	0
0	0	0	0	0	0	0	0	0	0	0	0	0	0	0	0	0	0	0	0	0	0	0	0	0	0	0	0	0	0	0.58288661948714	0	0	0	0	0.930225574539181	0	0.661035252175419	0.679680136733749	0	0.931473222367854	0	0.589509195213446	0.773646960499485	0	0	0	0	0	0	0	0	0	0	0	0	0	0	0	0	0	0	0	0	0	0	0	0	0	0	0	0	0	0	0	0	0	0	0	0	0	0	0	0	0	0	0	0	0	0
0	0	0	0	0	0	0	0	0	0	0	0	0	0	0	0	0	0	0	0	0	0	0	0	0	0	0	0	0	0	0	0	0	0	0	0	0.530679130468023	0.837822698856193	0.659189446118244	0.648814216199517	0	0.651825715436003	0.944158983657925	0.828354143871864	0.998902748907414	0	0	0	0	0	0	0	0	0	0	0	0	0	0	0	0	0	0	0	0	0	0	0	0	0	0	0	0	0	0	0	0	0	0	0	0	0	0	0	0	0	0	0	0	0
0	0	0	0	0	0	0	0	0	0	0	0	0	0	0	0	0	0	0	0	0	0	0	0	0	0	0	0	0	0	0	0	0	0	0	0	0	0.550505703292265	0.955458865946116	0	0.533140419996181	0	0.854961673172321	0.844861169964201	0.703243241432685	0	0	0	0	0.689815461099943	0	0	0	0	0	0	0	0	0	0	0	0	0	0	0	0	0	0	0	0	0	0	0	0	0	0	0	0	0	0	0	0	0	0	0	0	0	0	0	0
0	0	0	0	0	0	0	0	0	0	0	0	0	0	0	0	0	0	0	0	0	0	0	0	0	0	0	0	0	0	0	0	0	0	0	0	0	0	0.917262676288345	0.922319903948092	0.601558915353941	0.516372220884606	0	0.581841974977058	0.606136910798887	0.618758229528807	0.842580614257835	0	0	0	0	0	0	0	0	0	0	0	0	0	0	0	0	0	0	0	0	0	0	0	0	0	0	0	0	0	0	0	0	0	0	0	0	0	0	0	0	0	0	0
0	0	0	0	0	0	0	0	0	0	0	0	0	0	0	0	0	0	0	0	0	0	0	0	0	0	0	0	0	0	0	0	0	0	0	0	0	0	0	0.87095538257018	0.54473712962204	0.670398972654073	0.728425275523728	0	0.587044596655171	0.754908790499811	0.509968967362014	0.786095035863756	0	0	0	0	0	0	0	0	0	0	0	0	0	0	0	0	0	0	0	0	0	0	0	0	0	0	0	0	0	0	0	0	0	0	0	0	0	0	0	0	0	0
0	0	0	0	0	0	0	0	0	0	0	0	0	0	0	0	0	0	0	0	0	0	0	0	0	0	0	0	0	0	0	0	0	0	0	0.792639557570281	0	0	0	0	0.852839826653919	0.574722002366194	0.92223812113787	0.687883956280808	0	0.852532390440106	0.587468416858375	0	0.507077486878149	0	0	0	0	0	0	0	0	0	0	0	0	0	0	0	0	0	0	0	0	0	0	0	0	0	0	0	0	0	0	0	0	0	0	0	0	0	0	0	0	0
0	0	0	0	0	0	0	0	0	0	0	0	0	0	0	0	0	0	0	0	0	0	0	0	0	0	0	0	0	0	0	0	0	0	0.864478964093492	0	0	0	0	0	0	0	0.661458980278233	0.836381876055029	0.88566096456255	0	0.71915973163363	0.726596231638649	0.582373877553227	0.746019098676897	0	0	0	0	0	0	0	0	0	0	0	0	0	0	0	0	0	0	0	0	0	0	0	0	0	0	0	0	0	0	0	0	0	0	0	0	0	0	0	0
0	0	0	0	0	0	0	0	0	0	0	0	0	0	0	0	0	0	0	0	0	0	0	0	0	0	0	0	0	0	0	0	0	0	0	0	0	0	0	0	0	0	0.977991543356731	0.811702537624626	0.991295994810732	0.648107634483496	0	0.971144713128865	0	0.789200390270899	0.663320306181417	0.533130768930903	0	0	0	0	0	0	0	0	0	0	0	0	0	0	0	0	0	0	0	0	0	0	0	0	0	0	0	0	0	0	0	0	0	0	0	0	0	0
0	0	0	0	0	0	0	0	0	0	0	0	0	0	0	0	0	0	0	0	0	0	0	0	0	0	0	0	0	0	0	0	0	0	0	0	0	0	0	0	0	0	0	0.845283244766392	0	0.918757182021484	0.992416856151056	0	0.972109006943675	0.592679672982297	0.888264659981769	0.818429652119949	0	0	0	0	0	0	0	0	0	0	0	0	0	0	0	0	0	0	0	0	0	0	0	0	0	0	0	0	0	0	0	0	0	0	0	0	0	0
0	0	0	0	0	0	0	0	0	0	0	0	0	0	0	0	0	0	0	0	0	0	0	0	0	0	0	0	0	0	0	0	0	0	0	0	0	0	0	0	0	0	0	0	0.75404692925947	0.622819345826832	0	0.780221838978127	0	0.530441114160369	0.781772947101277	0.907180883856085	0.591249619157607	0	0.73696153408972	0	0	0	0	0	0	0	0	0	0	0	0	0	0	0	0	0	0	0	0	0	0	0	0	0	0	0	0	0	0	0	0	0	0	0
0	0	0	0	0	0	0	0	0	0	0	0	0	0	0	0	0	0	0	0	0	0	0	0	0	0	0	0	0	0	0	0	0	0	0	0	0	0	0	0	0	0.554879952899688	0	0	0	0.609886577310158	0.954693123289661	0.821890483006674	0.751619236995405	0	0.88528867500037	0.585526633203072	0.812352723263317	0.62797837833795	0	0	0	0	0	0	0	0	0	0	0	0	0	0	0	0	0	0	0	0	0	0	0	0	0	0	0	0	0	0	0	0	0	0	0	0
0	0	0	0	0	0	0	0	0	0	0	0	0	0	0	0	0	0	0	0	0	0	0	0	0	0	0	0	0	0	0	0	0	0	0	0	0.567932353125263	0	0	0	0	0	0	0	0	0	0.515878474387851	0.831301109013821	0.931186497285209	0.93243972201956	0	0.805273206275921	0.896553643389018	0.942293796833185	0.6214003512516	0	0	0	0	0	0	0	0	0	0	0	0	0	0	0	0	0	0	0	0	0	0	0	0	0	0	0	0	0	0	0	0	0	0	0
0	0	0	0	0	0	0	0	0	0	0	0	0	0	0	0	0	0	0	0	0	0	0	0	0	0	0	0	0	0	0	0	0	0	0	0	0	0	0	0	0	0	0	0	0	0	0.888142417936826	0.999690209742285	0.94436642787758	0.972179158057886	0.531449154711654	0	0.800022460175669	0.705140379855454	0.571922678401607	0.968479207353671	0	0	0	0	0	0	0	0	0	0	0	0	0	0	0	0	0	0	0	0	0	0	0	0	0	0	0	0	0	0	0	0	0	0
0	0	0	0	0	0	0	0	0	0	0	0	0	0	0	0	0	0	0	0	0	0	0	0	0	0	0	0	0	0	0	0	0	0.893356851367252	0	0	0	0	0	0	0	0	0	0	0	0	0	0	0.633277215068808	0.610942646985406	0.742870480161023	0.554057691644839	0	0.951770298604632	0.693689510843656	0.565422052863936	0.517590584515895	0	0	0	0	0	0	0	0	0	0	0	0	0	0	0	0	0	0	0	0	0	0	0	0	0	0	0	0	0	0	0	0	0
0	0	0	0	0	0	0	0	0	0	0	0	0	0	0	0	0	0	0	0	0	0	0	0	0	0	0	0	0	0	0	0	0	0	0	0	0	0	0	0	0	0	0	0	0	0	0	0	0	0.617779837656497	0.991342252673919	0.771557943027768	0.750922547821736	0	0.695605572461654	0.853310169887411	0.658723719567137	0.845470169336073	0	0	0	0	0	0	0	0	0	0	0	0	0	0	0	0	0	0	0	0	0	0	0	0	0	0	0	0	0	0	0	0
0	0	0	0	0	0	0	0	0	0	0	0	0	0	0	0	0	0	0	0	0	0	0	0	0	0	0	0	0	0	0	0	0	0	0.801303934919096	0	0	0	0	0	0	0	0	0	0	0	0	0	0.990322332428605	0	0.783327529599464	0.532456151524347	0.784035251111389	0.628287472061202	0	0.880362291928907	0	0.662275192809145	0	0	0	0	0	0	0	0	0	0	0	0	0	0	0	0	0	0	0	0	0	0	0	0	0	0	0	0	0	0	0	0
0	0	0	0	0	0	0	0	0	0	0	0	0	0	0	0	0	0	0	0	0	0	0	0	0	0	0	0	0	0	0	0	0	0	0	0	0	0	0	0	0	0	0	0	0	0	0	0	0	0	0	0.770227384200665	0.780523594596009	0.886767831760734	0.918539247998389	0	0.937141266770893	0.925553682019099	0.848342849883206	0.548131641594003	0	0	0	0	0	0	0	0	0	0	0	0	0	0	0	0	0	0	0	0	0	0	0	0	0	0	0	0	0	0
0	0	0	0	0	0	0	0	0	0	0	0	0	0	0	0	0	0	0	0	0	0	0	0	0	0	0	0	0	0	0.517066742821945	0	0	0	0	0	0	0	0	0	0	0	0	0	0	0	0	0	0	0	0	0	0.715568358889992	0.852967380491221	0	0.517265722931182	0	0.518574833705064	0.59189819593704	0.917557409093759	0	0	0	0	0	0	0	0	0	0	0	0	0	0	0	0	0	0	0	0	0	0	0	0	0	0	0	0	0	0
0	0	0	0	0	0	0	0	0	0	0	0	0	0	0	0	0	0	0	0	0	0	0	0	0	0	0	0	0	0	0.842371240541838	0.93139404977021	0	0	0	0	0	0	0	0	0	0	0	0	0	0	0	0	0	0	0	0	0	0.73024433375422	0.985582547132745	0.646295645061363	0.808509034837029	0	0.612293753712526	0.937945860395627	0	0	0	0	0	0	0	0	0	0	0	0	0	0	0	0	0	0	0	0	0	0	0	0	0	0	0	0	0	0
0	0	0	0	0	0	0	0	0	0	0	0	0	0	0	0	0	0	0	0	0	0	0	0	0	0	0	0	0	0	0.658557332654914	0.918192057954421	0.730439249407161	0	0	0	0	0	0	0	0	0	0	0	0	0	0	0	0	0	0	0	0	0	0	0.716222030061776	0.586525235878413	0.982707531128084	0	0.907184936404783	0	0	0	0	0	0	0	0	0	0	0	0	0	0	0	0	0	0	0	0	0	0	0	0	0	0	0	0	0	0
0	0	0	0	0	0	0	0	0	0	0	0	0	0	0	0	0	0	0	0	0	0	0	0	0	0	0	0	0	0	0.878115666854913	0.815542558494414	0.626553329753689	0.612625929610518	0	0	0	0	0	0	0	0	0	0	0	0	0	0	0	0	0	0	0	0	0	0.780297106300047	0.501059691225551	0.9687134770482	0.82173474048868	0	0	0	0	0	0	0	0	0	0	0	0	0	0	0	0	0	0	0	0	0	0	0	0	0	0	0	0	0	0	0
0	0	0	0	0	0	0	0	0	0	0	0	0	0	0	0	0	0	0	0	0	0	0	0	0	0	0	0	0	0	0	0	0	0	0	0	0	0	0	0	0	0	0	0	0	0	0	0	0	0	0	0	0	0	0	0	0	0	0	0	0	0.865990500641236	0.524043609932552	0.935325244049964	0.562557169893658	0	0.785663257743506	0.558288951429642	0	0	0	0	0	0.680289883359119	0	0.801108393332276	0	0.553440881383872	0	0	0	0	0	0.541371348077213	0.926698374510527	0.740382059300425	0.697924555548862	0.728050573792523	0	0.841630180434841
0	0	0	0	0	0	0	0	0	0	0	0	0	0	0	0	0	0	0	0	0	0	0	0	0	0	0	0	0	0	0	0	0	0	0	0	0	0	0	0	0	0	0	0	0	0	0	0	0	0	0	0	0	0	0	0	0	0	0	0	0.517881845845377	0	0.720402882190534	0.522042702789415	0	0	0.802481290393748	0.855759950963334	0.680470738067935	0	0	0.683738494068819	0	0	0.983526145366772	0	0	0	0	0.990071971911286	0	0	0	0	0	0.539989532193937	0.663107047458579	0	0.858184230625427	0.985267837406666
0	0	0	0	0	0	0	0	0	0	0	0	0	0	0	0	0	0	0	0	0	0	0	0	0	0	0	0	0	0	0	0	0	0	0	0	0	0	0	0	0	0	0	0	0	0	0	0	0	0	0	0	0	0	0	0	0	0	0	0	0.684203302254293	0.544880180964046	0	0.984765523771388	0.974965295507498	0.748284036253447	0.557499275522732	0	0.793917151133567	0.863155332920053	0.827396988218319	0	0	0	0	0	0	0	0	0.523537001914327	0	0	0.910177356213173	0	0	0.547154716315246	0.733456479899917	0.925623911543457	0.715936072498612	0.888941000156925
0	0	0	0	0	0	0	0	0	0	0	0	0	0	0	0	0	0	0	0	0	0	0	0	0	0	0	0	0	0	0	0	0	0	0	0	0	0	0	0	0	0	0	0	0	0	0	0	0	0	0	0	0	0	0	0	0	0	0	0	0.514954250929292	0.50768322111482	0.818004069950698	0	0	0.703792375711648	0.862671270772417	0.696070184258139	0.777118499034364	0.795310163704044	0.672698763484363	0.842896176513787	0	0	0	0	0.937889591575638	0	0	0	0.930087637051856	0	0	0	0	0.658918819288867	0	0	0.994884143424499	0
0	0	0	0	0	0	0	0	0	0	0	0	0	0	0	0	0	0	0	0	0	0	0	0	0	0	0	0	0	0	0	0	0	0	0	0	0	0	0	0	0	0	0	0	0	0	0	0	0	0	0	0	0	0	0	0	0	0	0	0	0.690625161030093	0	0.788213911594715	0	0	0.658746262374682	0.517837046707612	0.575605232764639	0.857638804539925	0.68316285827519	0	0.666629935888327	0	0	0	0	0.865829177155086	0	0.752141769650708	0	0	0	0	0	0	0	0	0.540298088213219	0.637923118407004	0
0	0	0	0	0	0	0	0	0	0	0	0	0	0	0	0	0	0	0	0	0	0	0	0	0	0	0	0	0	0	0	0	0	0	0	0	0	0	0	0	0	0	0	0	0	0	0	0	0	0	0	0	0	0	0	0	0	0	0	0	0	0	0.717528563678069	0.80630572898975	0.823481262005251	0	0.692929514396177	0.579538326183004	0	0.586229507418677	0.603023397203428	0.533389959233612	0.619435360309565	0	0.633816158989257	0	0	0	0	0.537428613837006	0	0	0	0.658813352297843	0	0	0.734668561067232	0	0	0.737215216477427
0	0	0	0	0	0	0	0	0	0	0	0	0	0	0	0	0	0	0	0	0	0	0	0	0	0	0	0	0	0	0	0	0	0	0	0	0	0	0	0	0	0	0	0	0	0	0	0	0	0	0	0	0	0	0	0	0	0	0	0	0.836672941845876	0.926443779595617	0.903562814612419	0.573193152363361	0.9248698017547	0.653040546158251	0	0.76837775910753	0	0.736523048471805	0.533932233169701	0	0.918115193656525	0.592650953183007	0.65893677439544	0	0.903706723554039	0	0	0	0	0	0	0	0	0	0	0	0.585918928121357	0.716996885432204
0	0	0	0	0	0	0	0	0	0	0	0	0	0	0	0	0	0	0	0	0	0	0	0	0	0	0	0	0	0	0	0	0	0	0	0	0	0	0	0	0	0	0	0	0	0	0	0	0	0	0	0	0	0	0	0	0	0	0	0	0.660378373492259	0.834586825229514	0	0.506164502282185	0.842223191118689	0.893413769543659	0.71554486280778	0	0.567383510138324	0	0	0.504564647918777	0	0.661993073024294	0.642707781770769	0	0	0	0	0	0	0	0	0.968105432346546	0	0	0.936327003359811	0	0.580328737236271	0.787997131063354
0	0	0	0	0	0	0	0	0	0	0	0	0	0	0	0	0	0	0	0	0	0	0	0	0	0	0	0	0	0	0	0	0	0	0	0	0	0	0	0	0	0	0	0	0	0	0	0	0	0	0	0	0	0	0	0	0	0	0	0	0	0.644530913622584	0.539357021182203	0.550183928157263	0.758537732836667	0	0	0.647919535025044	0	0.649402414980993	0	0.627271625414475	0	0.593075361021637	0.553960803777593	0	0	0.523728637373347	0	0	0	0	0	0	0	0	0.598397522692849	0.546924724360104	0	0.740850474795058
0	0	0	0	0	0	0	0	0	0	0	0	0	0	0	0	0	0	0	0	0	0	0	0	0	0	0	0	0	0	0	0	0	0	0	0	0	0	0	0	0	0	0	0	0	0	0	0	0	0	0	0	0	0	0	0	0	0	0	0	0	0	0.566407999737141	0.642541729213929	0.704837995094893	0.653273900023203	0.888941684596994	0	0.708152650109433	0	0.596891300718352	0	0.772946057966314	0.593550988398753	0.830643235346254	0.911677488788842	0.807640119440098	0	0	0.960974460962327	0	0.932253209646676	0	0	0	0	0	0	0	0
0	0	0	0	0	0	0	0	0	0	0	0	0	0	0	0	0	0	0	0	0	0	0	0	0	0	0	0	0	0	0	0	0	0	0	0	0	0	0	0	0	0	0	0	0	0	0	0	0	0	0	0	0	0	0	0	0	0	0	0	0	0	0.837373476046338	0.6731632236872	0	0.525839347354473	0.941238827698277	0	0	0.909453346850097	0	0.861825719509989	0.871306276553813	0.854793018599449	0.644804618924341	0.863300394081996	0.627076426609414	0.756041173771681	0	0	0	0	0	0	0	0	0.947334102526756	0	0.941200582667733	0
0	0	0	0	0	0	0	0	0	0	0	0	0	0	0	0	0	0	0	0	0	0	0	0	0	0	0	0	0	0	0	0	0	0	0	0	0	0	0	0	0	0	0	0	0	0	0	0	0	0	0	0	0	0	0	0	0	0	0	0	0	0.545934857220831	0	0.623508605732931	0.746886353592462	0.688744798917248	0	0.958421380630761	0.953661017033035	0	0.994343209046811	0	0	0	0	0.72842245851051	0.623706547436309	0	0.566714378135131	0.647260250061501	0	0	0	0	0.661392460402956	0	0.888344407451895	0	0.803997532234743	0
0	0	0	0	0	0	0	0	0	0	0	0	0	0	0	0	0	0	0	0	0	0	0	0	0	0	0	0	0	0	0	0	0	0	0	0	0	0	0	0	0	0	0	0	0	0	0	0	0	0	0	0	0	0	0	0	0	0	0	0	0	0	0	0	0	0.819944881924788	0.794111793235928	0	0	0.746812198068128	0.788847554511937	0	0	0	0	0	0.690445380683686	0.604870330369201	0.743191467033895	0.899689001283643	0.580308391389354	0	0	0	0	0.787659888713308	0	0.683013667424277	0	0
0	0	0	0	0	0	0	0	0	0	0	0	0	0	0	0	0	0	0	0	0	0	0	0	0	0	0	0	0	0	0	0	0	0	0	0	0	0	0	0	0	0	0	0	0	0	0	0	0	0	0	0	0	0	0	0	0	0	0	0	0.648380127179108	0	0	0	0	0	0.971406832698758	0.571372257428424	0.565963846859428	0.87918698554951	0.541574765822255	0	0	0	0.594166384546574	0.972610517784914	0.901803434276975	0.923487656075262	0.525557747673314	0	0.844235298455668	0	0.619768907739118	0	0	0	0	0	0	0
0	0	0	0	0	0	0	0	0	0	0	0	0	0	0	0	0	0	0	0	0	0	0	0	0	0	0	0	0	0	0	0	0	0	0	0	0	0	0	0	0	0	0	0	0	0	0	0	0	0	0	0	0	0	0	0	0	0	0	0	0	0.687458909188134	0	0	0	0.660036043284252	0.80520018569478	0.763332327702143	0.527275623849437	0.739123849831937	0.610831439802898	0	0	0.665150301301819	0	0.938400239417295	0.710977872800324	0.561441658857067	0	0	0.923052756900471	0	0	0.98837762451668	0.820226374407351	0	0	0.60781240687072	0	0
0	0	0	0	0	0	0	0	0	0	0	0	0	0	0	0	0	0	0	0	0	0	0	0	0	0	0	0	0	0	0	0	0	0	0	0	0	0	0	0	0	0	0	0	0	0	0	0	0	0	0	0	0	0	0	0	0	0	0	0	0.75384218016592	0	0	0	0	0	0	0	0	0.911693075729096	0.62163230690588	0.565811258141946	0	0.827860963804807	0.928557266529272	0	0.75030872900814	0.721198361877441	0.562711389291265	0.77809056109841	0.862290364431928	0	0.692316533922242	0	0	0.604658224591863	0	0	0	0.870795818676673
0	0	0	0	0	0	0	0	0	0	0	0	0	0	0	0	0	0	0	0	0	0	0	0	0	0	0	0	0	0	0	0	0	0	0	0	0	0	0	0	0	0	0	0	0	0	0	0	0	0	0	0	0	0	0	0	0	0	0	0	0	0	0	0.98033267439785	0.76046499182926	0	0.672087284974195	0	0	0.727618627800976	0.768584947950926	0.624409385884203	0.797261570728052	0.596662285757746	0.607641198277068	0.677652977127462	0	0.76474424823521	0	0.709020188317804	0.566470380910369	0.760368765056681	0.839804229868799	0.784033768456293	0	0	0	0	0	0
0	0	0	0	0	0	0	0	0	0	0	0	0	0	0	0	0	0	0	0	0	0	0	0	0	0	0	0	0	0	0	0	0	0	0	0	0	0	0	0	0	0	0	0	0	0	0	0	0	0	0	0	0	0	0	0	0	0	0	0	0.994985774784204	0	0	0	0	0	0	0	0.653574862787544	0	0.52665682134041	0	0.922772007247539	0.966786031096455	0.70299697215772	0.653208863731671	0.704056536290451	0	0.529790845883638	0.623420711557725	0	0.695265316915071	0.563210492690136	0.676352908773645	0.511844007333681	0	0	0	0	0.738738634838197
0	0	0	0	0	0	0	0	0	0	0	0	0	0	0	0	0	0	0	0	0	0	0	0	0	0	0	0	0	0	0	0	0	0	0	0	0	0	0	0	0	0	0	0	0	0	0	0	0	0	0	0	0	0	0	0	0	0	0	0	0	0	0	0	0.642194465608035	0	0	0	0	0	0	0.963015859752467	0.766032695048101	0.976021425049152	0	0.546656700608429	0	0.877630211168437	0	0.519881713644723	0	0	0.775120493181654	0.543749043420391	0.89423810803492	0.525129946896811	0.555277746344858	0	0	0
0	0	0	0	0	0	0	0	0	0	0	0	0	0	0	0	0	0	0	0	0	0	0	0	0	0	0	0	0	0	0	0	0	0	0	0	0	0	0	0	0	0	0	0	0	0	0	0	0	0	0	0	0	0	0	0	0	0	0	0	0	0.718553898999577	0.814448813362237	0	0	0.958419645551817	0	0	0	0.7362388556015	0	0.593201435855263	0.879210663938989	0	0	0.900407632891201	0.623894935210084	0.58962720052531	0.55748724152589	0	0	0.800493590048188	0.890146459054821	0.679690857027157	0	0	0.686327255913264	0	0	0.763043535560736
0	0	0	0	0	0	0	0	0	0	0	0	0	0	0	0	0	0	0	0	0	0	0	0	0	0	0	0	0	0	0	0	0	0	0	0	0	0	0	0	0	0	0	0	0	0	0	0	0	0	0	0	0	0	0	0	0	0	0	0	0	0	0	0.910601435054128	0	0	0	0	0	0	0	0	0.671410503139792	0.649105112338079	0.853202597721975	0.894175725507958	0.910776646212532	0	0	0	0	0.629967084006779	0.975592378942662	0.920464320246916	0.756028900574439	0	0.692841791879692	0.946379340317882	0	0
0	0	0	0	0	0	0	0	0	0	0	0	0	0	0	0	0	0	0	0	0	0	0	0	0	0	0	0	0	0	0	0	0	0	0	0	0	0	0	0	0	0	0	0	0	0	0	0	0	0	0	0	0	0	0	0	0	0	0	0	0	0	0	0	0	0	0	0	0	0.546955956743081	0	0	0	0	0	0	0.726134909833607	0.828858849843523	0	0.762929337333242	0.512339679324979	0	0.778149287344273	0.593853608630017	0	0.54377038938689	0.611950961283268	0.817714071731344	0.887405972717637	0
0	0	0	0	0	0	0	0	0	0	0	0	0	0	0	0	0	0	0	0	0	0	0	0	0	0	0	0	0	0	0	0	0	0	0	0	0	0	0	0	0	0	0	0	0	0	0	0	0	0	0	0	0	0	0	0	0	0	0	0	0	0	0.919422762439951	0	0	0	0	0	0	0	0	0	0	0.625475748236516	0	0.519697938682589	0.692611653026073	0.956718742490194	0.67740456578778	0.571328487995739	0.611587268749986	0.679546483939963	0	0	0.557782019760777	0.922873947542022	0.70645907997409	0.995290137522023	0.85542418943311	0.614912332733225
0	0	0	0	0	0	0	0	0	0	0	0	0	0	0	0	0	0	0	0	0	0	0	0	0	0	0	0	0	0	0	0	0	0	0	0	0	0	0	0	0	0	0	0	0	0	0	0	0	0	0	0	0	0	0	0	0	0	0	0	0.689481482254345	0	0	0	0	0.885108036091807	0	0.823999890476498	0	0	0	0	0	0	0.960776674335267	0	0.518641656684046	0.968595147604715	0.87477672003284	0.674209948696289	0.516585758791858	0.704436124439589	0	0	0	0.971886706826551	0.642325815611544	0.830049224247152	0.720887522173489	0
0	0	0	0	0	0	0	0	0	0	0	0	0	0	0	0	0	0	0	0	0	0	0	0	0	0	0	0	0	0	0	0	0	0	0	0	0	0	0	0	0	0	0	0	0	0	0	0	0	0	0	0	0	0	0	0	0	0	0	0	0.993480250691229	0	0	0	0	0	0	0	0	0	0	0.730749357677393	0	0	0.501029996488832	0	0	0.897638766087105	0.86205561498034	0	0.886573602109911	0	0.681970780711969	0	0	0.652391968007001	0.800895085998601	0.930289274718406	0.64762625842745	0.825200238930037
0	0	0	0	0	0	0	0	0	0	0	0	0	0	0	0	0	0	0	0	0	0	0	0	0	0	0	0	0	0	0	0	0	0	0	0	0	0	0	0	0	0	0	0	0	0	0	0	0	0	0	0	0	0	0	0	0	0	0	0	0.670261696709236	0.707435483732176	0.780801700873794	0.74549946331655	0	0	0	0	0	0	0	0	0.775705456499718	0	0	0.59517314570844	0	0	0.645174130966464	0	0	0.918705535722901	0.643787650529941	0.774972364068137	0.595451361744542	0	0.969406759450141	0	0	0.976863649327562
0	0	0	0	0	0	0	0	0	0	0	0	0	0	0	0	0	0	0	0	0	0	0	0	0	0	0	0	0	0	0	0	0	0	0	0	0	0	0	0	0	0	0	0	0	0	0	0	0	0	0	0	0	0	0	0	0	0	0	0	0.957855635923998	0.639094616191483	0.600687213647937	0	0	0.906601817396792	0	0.797766180055255	0.598103745577193	0	0.764787309673765	0.518057964891973	0	0	0	0	0	0	0.5301589349899	0.948104274389689	0.68994220623072	0.51968464057549	0.575418326922563	0.815992764395697	0.985246283612515	0.929143515573122	0	0.544225068316963	0.71344441665749	0.928775785886626
0	0	0	0	0	0	0	0	0	0	0	0	0	0	0	0	0	0	0	0	0	0	0	0	0	0	0	0	0	0	0	0	0	0	0	0	0	0	0	0	0	0	0	0	0	0	0	0	0	0	0	0	0	0	0	0	0	0	0	0	0.920126890740049	0	0.603873827778781	0	0.599619758883381	0	0	0	0.540242723272944	0	0	0	0.864226451533418	0	0.923552672884096	0	0	0	0	0	0.693999299438567	0.582030807595572	0.932055097983548	0.646076332633231	0.914984916680947	0	0.798193466006269	0	0.89791678895729	0.987142503114004
0	0	0	0	0	0	0	0	0	0	0	0	0	0	0	0	0	0	0	0	0	0	0	0	0	0	0	0	0	0	0	0	0	0	0	0	0	0	0	0	0	0	0	0	0	0	0	0	0	0	0	0	0	0	0	0	0	0	0	0	0	0.995698572244063	0.607790896797824	0.902744955030285	0.504931807889379	0	0.506432012351476	0.933142641488309	0	0	0.631352079341498	0.557742871327027	0	0	0	0	0	0	0	0	0	0.523170296880406	0.85476692981863	0.835782390167368	0.57963755179293	0	0.9968619943952	0.672866143944936	0	0.945663362808804
0	0	0	0	0	0	0	0	0	0	0	0	0	0	0	0	0	0	0	0	0	0	0	0	0	0	0	0	0	0	0	0	0	0	0	0	0	0	0	0	0	0	0	0	0	0	0	0	0	0	0	0	0	0	0	0	0	0	0	0	0.517313246932854	0.624665703309896	0.949975975894197	0	0	0.622223917743885	0.829332221564281	0.980010039434908	0.849018169987852	0	0	0	0	0	0	0.558538693947104	0	0.601058102816221	0	0.808019827844176	0	0	0.673739445635802	0	0.529497221619274	0.644820410839211	0.978312243535048	0.55244772297844	0.502852383375952	0
