0	0.894386902962394	0	0.954050140055934	0	0	0	0	0	0.930057671177382	0	0	0	0	0	0	0.824454826755223	0	0	0	0	0	0	0	0	0	0	0	0	0	0	0	0	0	0	0	0	0	0	0	0	0	0	0	0	0	0	0	0	0	0	0	0	0	0	0	0	0	0	0	0	0	0	0	0	0	0	0	0	0	0	0	0	0	0	0	0	0	0	0	0	0	0	0	0	0	0	0	0	0
0.558086392323043	0	0.590139758168054	0.760540958569989	0.782383491462346	0	0	0.623468851138137	0	0.993801641675446	0	0	0	0	0	0	0.532958226823846	0	0	0	0	0	0	0	0	0	0	0	0	0	0	0	0	0	0	0	0	0	0	0	0	0	0	0	0	0	0	0	0	0	0	0	0	0	0	0	0	0	0	0	0	0	0	0	0	0	0	0	0	0	0	0	0	0	0	0	0	0	0	0	0	0	0	0	0	0	0	0	0	0
0	0.63965947552226	0	0	0	0.696260496894067	0	0	0	0	0	0	0	0	0.738270017221571	0	0	0.919554256280799	0	0	0	0	0	0	0	0	0	0	0	0	0	0	0	0	0	0	0	0	0	0	0	0	0	0	0	0	0	0	0	0	0	0	0	0	0	0	0	0	0	0	0	0	0	0	0	0	0	0	0	0	0	0	0	0	0	0	0	0	0	0	0	0	0	0	0	0	0	0	0	0
0.932453702611309	0.669749198157663	0	0	0.662875268283326	0.819420071720142	0.825458880617869	0	0	0	0	0.741968266233766	0	0	0	0	0	0	0	0	0	0	0	0	0	0	0	0	0	0	0	0	0	0	0	0	0	0	0	0	0	0	0	0	0	0	0	0	0	0	0	0	0	0	0	0	0	0	0	0	0	0	0	0	0	0	0	0	0	0	0	0	0	0	0	0	0	0	0	0	0	0	0	0	0	0	0	0	0	0
0	0.871711494696491	0	0.80038100952611	0	0	0	0	0	0	0	0	0	0.893563386614332	0.950097398504425	0.63867756930275	0	0	0	0	0	0	0	0	0	0	0	0	0	0	0	0	0	0	0	0	0	0	0	0	0	0	0	0	0	0	0	0	0	0	0	0	0	0	0	0	0	0	0	0	0	0	0	0	0	0	0	0	0	0	0	0	0	0	0	0	0	0	0	0	0	0	0	0	0	0	0	0	0	0
0	0	0.736756297691181	0.729102437006752	0	0	0.608710581322652	0.645939866753734	0.575763030880498	0	0	0.784368992659128	0	0	0	0	0	0.834793324688493	0	0	0	0	0	0	0	0	0	0	0	0	0	0	0	0	0	0	0	0	0	0	0	0	0	0	0	0	0	0	0	0	0	0	0	0	0	0	0	0	0	0	0	0	0	0	0	0	0	0	0	0	0	0	0	0	0	0	0	0	0	0	0	0	0	0	0	0	0	0	0	0
0	0	0	0.516810555899114	0	0.878375867702284	0	0.514542256953383	0.770484522092429	0	0	0	0	0	0	0	0.850539879001966	0	0	0	0	0	0	0	0	0	0	0	0	0	0	0	0	0	0	0	0	0	0	0	0	0	0	0	0	0	0	0	0	0	0	0	0	0	0	0	0	0	0	0	0	0	0	0	0	0	0	0	0	0	0	0	0	0	0	0	0	0	0	0	0	0	0	0	0	0	0	0	0	0
0	0.89273498730518	0	0	0	0.930488995616346	0.701802526513689	0	0	0	0.609617081417678	0.649417542272626	0	0	0	0.998976937432935	0	0.862508452053989	0	0	0	0	0	0	0	0	0	0	0	0	0	0	0	0	0	0	0	0	0	0	0	0	0	0	0	0	0	0	0	0	0	0	0	0	0	0	0	0	0	0	0	0	0	0	0	0	0	0	0	0	0	0	0	0	0	0	0	0	0	0	0	0	0	0	0	0	0	0	0	0
0	0	0	0	0	0.755074479366704	0.75522403836065	0	0	0	0	0.597040035754389	0.948418999182795	0	0	0.912145705635266	0	0	0	0	0	0	0	0	0	0	0	0	0	0	0	0	0	0	0	0	0	0	0	0	0	0	0	0	0	0	0	0	0	0	0	0	0	0	0	0	0	0	0	0	0	0	0	0	0	0	0	0	0	0	0	0	0	0	0	0	0	0	0	0	0	0	0	0	0	0	0	0	0	0
0.616308680009925	0.541418907903073	0	0	0	0	0	0	0	0	0	0	0.920338582236757	0	0	0.539584151806381	0.912586398886169	0	0	0	0	0	0	0	0	0	0	0	0	0	0	0	0	0	0	0	0	0	0	0	0	0	0	0	0	0	0	0	0	0	0	0	0	0	0	0	0	0	0	0	0	0	0	0	0	0	0	0	0	0	0	0	0	0	0	0	0	0	0	0	0	0	0	0	0	0	0	0	0	0
0	0	0	0	0	0	0	0.986694552842455	0	0	0	0.745617258018071	0.59650175525632	0.595227117477684	0	0	0	0	0	0	0	0	0	0	0	0	0	0	0	0	0	0	0	0	0	0	0	0	0	0	0	0	0	0	0	0	0	0	0	0	0	0	0	0	0	0	0	0	0	0	0	0	0	0	0	0	0	0	0	0	0	0	0	0	0	0	0	0	0	0	0	0	0	0	0	0	0	0	0	0
0	0	0	0.611275506865594	0	0.583447037344689	0	0.649136905897717	0.990618274425565	0	0.748745454292318	0	0.914495746426176	0	0.612763687371685	0	0	0	0	0	0	0	0	0	0	0	0	0	0	0	0	0	0	0	0	0	0	0	0	0	0	0	0	0	0	0	0	0	0	0	0	0	0	0	0	0	0	0	0	0	0	0	0	0	0	0	0	0	0	0	0	0	0	0	0	0	0	0	0	0	0	0	0	0	0	0	0	0	0	0
0	0	0	0	0	0	0	0	0.850980017486361	0.945019401024511	0.73796476142208	0.891107331479067	0	0.554290049610414	0.831958685753078	0.720173231503174	0	0	0	0	0	0	0	0	0	0	0	0	0	0	0	0	0	0	0	0	0	0	0	0	0	0	0	0	0	0	0	0	0	0	0	0	0	0	0	0	0	0	0	0	0	0	0	0	0	0	0	0	0	0	0	0	0	0	0	0	0	0	0	0	0	0	0	0	0	0	0	0	0	0
0	0	0	0	0.922475422760334	0	0	0	0	0	0.599856611463284	0	0.655677107700259	0	0.800021501908574	0.998184231790839	0.735070174126782	0	0	0	0	0	0	0	0	0	0	0	0	0	0	0	0	0	0	0	0	0	0	0	0	0	0	0	0	0	0	0	0	0	0	0	0	0	0	0	0	0	0	0	0	0	0	0	0	0	0	0	0	0	0	0	0	0	0	0	0	0	0	0	0	0	0	0	0	0	0	0	0	0
0	0	0.900279457033071	0	0.653069492974948	0	0	0	0	0	0	0.565691033477666	0.947578403198096	0.554324785200003	0	0	0.59472984328599	0.659950926851485	0	0	0	0	0	0	0	0	0	0	0	0	0	0	0	0	0	0	0	0	0	0	0	0	0	0	0	0	0	0	0	0	0	0	0	0	0	0	0	0	0	0	0	0	0	0	0	0	0	0	0	0	0	0	0	0	0	0	0	0	0	0	0	0	0	0	0	0	0	0	0	0
0	0	0	0	0.827617719816538	0	0	0.872457608998751	0.616695031863359	0.689112541243916	0	0	0.856450196286331	0.810735657565657	0	0	0.890149778270257	0.689995359235833	0	0	0	0	0	0	0	0	0	0	0	0	0	0	0	0	0	0	0	0	0	0	0	0	0	0	0	0	0	0	0	0	0	0	0	0	0	0	0	0	0	0	0	0	0	0	0	0	0	0	0	0	0	0	0	0	0	0	0	0	0	0	0	0	0	0	0	0	0	0	0	0
0.792400278950055	0.76276422022828	0	0	0	0	0.916920687968167	0	0	0.975529618159633	0	0	0	0.653064774518757	0.726947359831912	0.717668502801856	0	0.61605729977221	0	0	0	0	0	0	0	0	0	0	0	0	0	0	0	0	0	0	0	0	0	0	0	0	0	0	0	0	0	0	0	0	0	0	0	0	0	0	0	0	0	0	0	0	0	0	0	0	0	0	0	0	0	0	0	0	0	0	0	0	0	0	0	0	0	0	0	0	0	0	0	0
0	0	0.715760347554298	0	0	0.841543198339991	0	0.712667173359908	0	0	0	0	0	0	0.586892896583803	0.767641815395713	0.919190288043947	0	0	0	0	0	0	0	0	0	0	0	0	0	0	0	0	0	0	0	0	0	0	0	0	0	0	0	0	0	0	0	0	0	0	0	0	0	0	0	0	0	0	0	0	0	0	0	0	0	0	0	0	0	0	0	0	0	0	0	0	0	0	0	0	0	0	0	0	0	0	0	0	0
0	0	0	0	0	0	0	0	0	0	0	0	0	0	0	0	0	0	0	0.760491514350612	0.798405000537357	0.729521485202995	0.773538998538146	0	0	0	0	0	0	0	0	0	0.994324714242176	0.587774360247023	0.705850826178254	0.505720789777595	0	0	0	0	0	0	0	0	0	0	0	0	0	0	0	0	0	0	0	0	0	0	0	0	0	0	0	0	0	0	0	0	0	0	0	0	0	0	0	0	0	0	0	0	0	0	0	0	0	0	0	0	0	0
0	0	0	0	0	0	0	0	0	0	0	0	0	0	0	0	0	0	0.776616399909763	0	0.651651623174662	0.725228015805607	0.93903147944796	0.966894398042438	0	0	0	0.511826960350027	0	0	0	0	0	0.657629674365291	0.934888433129344	0.773518152582487	0	0	0	0	0	0	0	0	0	0	0	0	0	0	0	0	0	0	0	0	0	0	0	0	0	0	0	0	0	0	0	0	0	0	0	0	0	0	0	0	0	0	0	0	0	0	0	0	0	0	0	0	0	0
0	0	0	0	0	0	0	0	0	0	0	0	0	0	0	0	0	0	0.526800706325725	0.991217630382758	0	0.518844160732189	0.58480874087345	0.985985116078032	0.818708429763569	0	0	0	0	0	0	0.788107637512482	0	0	0.626980935881235	0.557211710264432	0	0	0	0	0	0	0	0	0	0	0	0	0	0	0	0	0	0	0	0	0	0	0	0	0	0	0	0	0	0	0	0	0	0	0	0	0	0	0	0	0	0	0	0	0	0	0	0	0	0	0	0	0	0
0	0	0	0	0	0	0	0	0	0	0	0	0	0	0	0	0	0	0.795984132604627	0.903347261077382	0.651667104884961	0	0.933180068424818	0.540749751959151	0.571934212786475	0.631917120274903	0	0	0	0	0	0	0	0	0	0.75374158166636	0	0	0	0	0	0	0	0	0	0	0	0	0	0	0	0	0	0	0	0	0	0	0	0	0	0	0	0	0	0	0	0	0	0	0	0	0	0	0	0	0	0	0	0	0	0	0	0	0	0	0	0	0	0
0	0	0	0	0	0	0	0	0	0	0	0	0	0	0	0	0	0	0.921704405477469	0.646082102551724	0.877631951667182	0.877187870550974	0	0.530688096651617	0.502661749154159	0.948234935781361	0	0	0	0	0	0	0	0	0.74739039907494	0	0	0	0	0	0	0	0	0	0	0	0	0	0	0	0	0	0	0	0	0	0	0	0	0	0	0	0	0	0	0	0	0	0	0	0	0	0	0	0	0	0	0	0	0	0	0	0	0	0	0	0	0	0	0
0	0	0	0	0	0	0	0	0	0	0	0	0	0	0	0	0	0	0	0.807807169988067	0.738706107819478	0.597130198175054	0.898548635513763	0	0.930759829997407	0	0.979619566688317	0.854615355330318	0	0.72226716917735	0	0.531734461480631	0	0	0	0	0	0	0	0	0	0	0	0	0	0	0	0	0	0	0	0	0	0	0	0	0	0	0	0	0	0	0	0	0	0	0	0	0	0	0	0	0	0	0	0	0	0	0	0	0	0	0	0	0	0	0	0	0	0
0	0	0	0	0	0	0	0	0	0	0	0	0	0	0	0	0	0	0	0	0.77426493879508	0.737483377584418	0.64731269336805	0.756805063793748	0	0.623447299242166	0.760198123826174	0.684023530602623	0.595539180043988	0	0	0	0	0	0	0	0	0	0	0	0	0	0	0	0	0	0	0	0	0	0	0	0	0	0	0	0	0	0	0	0	0	0	0	0	0	0	0	0	0	0	0	0	0	0	0	0	0	0	0	0	0	0	0	0	0	0	0	0	0
0	0	0	0	0	0	0	0	0	0	0	0	0	0	0	0	0	0	0	0	0	0.956732753378483	0.826311569078048	0	0.905961464368408	0	0.9553732058438	0.655792277479385	0.774752922454723	0.965255929575046	0.848858107812559	0	0	0	0	0	0	0	0	0	0	0	0	0	0	0	0	0	0	0	0	0	0	0	0	0	0	0	0	0	0	0	0	0	0	0	0	0	0	0	0	0	0	0	0	0	0	0	0	0	0	0	0	0	0	0	0	0	0	0
0	0	0	0	0	0	0	0	0	0	0	0	0	0	0	0	0	0	0	0	0	0	0	0.858993432466174	0.816487533770822	0.683010474122611	0	0.646034683095328	0.585079354762099	0.834848017574313	0.899109251684698	0	0	0	0	0	0	0	0	0	0	0	0	0	0	0	0	0	0	0	0	0	0	0	0	0	0	0	0	0	0	0	0	0	0	0	0	0	0	0	0	0	0	0	0	0	0	0	0	0	0	0	0	0	0	0	0	0	0	0
0	0	0	0	0	0	0	0	0	0	0	0	0	0	0	0	0	0	0	0.934588511451167	0	0	0	0.732085091192784	0.916708458878186	0.747465839158851	0.772932682620693	0	0.521976374975071	0.517213400291415	0	0.526486700997032	0	0	0	0	0	0	0	0	0	0	0	0	0	0	0	0	0	0	0	0	0	0	0	0	0	0	0	0	0	0	0	0	0	0	0	0	0	0	0	0	0	0	0	0	0	0	0	0	0	0	0	0	0	0	0	0	0	0
0	0	0	0	0	0	0	0	0	0	0	0	0	0	0	0	0	0	0	0	0	0	0	0	0.602232989210205	0.737234901420414	0.850623951285594	0.987608924398928	0	0.559808298954441	0.586522450891155	0.962582300818927	0.89126486806663	0	0	0	0	0	0	0	0	0	0	0	0	0	0	0	0	0	0	0	0	0	0	0	0	0	0	0	0	0	0	0	0	0	0	0	0	0	0	0	0	0	0	0	0	0	0	0	0	0	0	0	0	0	0	0	0	0
0	0	0	0	0	0	0	0	0	0	0	0	0	0	0	0	0	0	0	0	0	0	0	0.980956570066223	0	0.92763500062649	0.95295381877528	0.740383181549232	0.638664312519154	0	0.808010026485934	0.777062230785124	0.971563632199016	0.822900385428088	0	0	0	0	0	0	0	0	0	0	0	0	0	0	0	0	0	0	0	0	0	0	0	0	0	0	0	0	0	0	0	0	0	0	0	0	0	0	0	0	0	0	0	0	0	0	0	0	0	0	0	0	0	0	0	0
0	0	0	0	0	0	0	0	0	0	0	0	0	0	0	0	0	0	0	0	0	0	0	0	0	0.618623117843511	0.932636940021925	0	0.894964131089958	0.625732941112926	0	0.61388353529641	0.513113814282673	0.542449802511092	0	0	0	0	0	0	0	0	0	0	0	0	0	0	0	0	0	0	0	0	0	0	0	0	0	0	0	0	0	0	0	0	0	0	0	0	0	0	0	0	0	0	0	0	0	0	0	0	0	0	0	0	0	0	0	0
0	0	0	0	0	0	0	0	0	0	0	0	0	0	0	0	0	0	0	0	0.52959226533608	0	0	0.820801615388126	0	0	0	0.982364525881808	0.778017453213965	0.98626158524409	0.724246883882344	0	0.577414292798491	0.838974410401035	0	0	0	0	0	0	0	0	0	0	0	0	0	0	0	0	0	0	0	0	0	0	0	0	0	0	0	0	0	0	0	0	0	0	0	0	0	0	0	0	0	0	0	0	0	0	0	0	0	0	0	0	0	0	0	0
0	0	0	0	0	0	0	0	0	0	0	0	0	0	0	0	0	0	0.706506044897372	0	0	0	0	0	0	0	0	0	0.934765569049847	0.958049228330202	0.721405145830264	0.840402402625886	0	0.80503052285708	0.929030937648905	0.508405200938153	0	0	0	0	0	0	0	0	0	0	0	0	0	0	0	0	0	0	0	0	0	0	0	0	0	0	0	0	0	0	0	0	0	0	0	0	0	0	0	0	0	0	0	0	0	0	0	0	0	0	0	0	0	0
0	0	0	0	0	0	0	0	0	0	0	0	0	0	0	0	0	0	0.898631841415091	0.931040431855013	0	0	0	0	0	0	0	0	0	0.612142090965059	0.639286080490404	0.665774641454442	0.974352529981094	0	0.795990691999477	0.700830223855006	0	0	0	0	0	0	0	0	0	0	0	0	0	0	0	0	0	0	0	0	0	0	0	0	0	0	0	0	0	0	0	0	0	0	0	0	0	0	0	0	0	0	0	0	0	0	0	0	0	0	0	0	0	0
0	0	0	0	0	0	0	0	0	0	0	0	0	0	0	0	0	0	0.591553072355991	0.661386362805346	0.870371996614815	0	0.517291919654757	0	0	0	0	0	0	0	0	0	0.732583036374559	0.600916406973363	0	0.99251656334854	0	0	0	0	0	0	0	0	0	0	0	0	0	0	0	0	0	0	0	0	0	0	0	0	0	0	0	0	0	0	0	0	0	0	0	0	0	0	0	0	0	0	0	0	0	0	0	0	0	0	0	0	0	0
0	0	0	0	0	0	0	0	0	0	0	0	0	0	0	0	0	0	0.584533165452395	0.808445166633112	0.77742933420189	0.974234178812377	0	0	0	0	0	0	0	0	0	0	0.601824005409958	0.600525109895253	0.709664095368769	0	0	0	0	0	0	0	0	0	0	0	0	0	0	0	0	0	0	0	0	0	0	0	0	0	0	0	0	0	0	0	0	0	0	0	0	0	0	0	0	0	0	0	0	0	0	0	0	0	0	0	0	0	0	0
0	0	0	0	0	0	0	0	0	0	0	0	0	0	0	0	0	0	0	0	0	0	0	0	0	0	0	0	0	0	0	0	0	0	0	0	0	0.957738815222687	0.714471424249872	0.57221714356647	0.953947787464377	0.893981550496204	0	0.562157605863957	0	0	0.673760920791758	0	0	0.810499818498032	0.751167811895187	0.826639280686903	0.856446516991409	0	0	0	0	0	0	0	0	0	0	0	0	0	0	0	0	0	0	0	0	0	0	0	0	0	0	0	0	0	0	0	0	0	0	0	0	0
0	0	0	0	0	0	0	0	0	0	0	0	0	0	0	0	0	0	0	0	0	0	0	0	0	0	0	0	0	0	0	0	0	0	0	0	0.576101822007026	0	0.736417051106381	0.635955804819127	0.662742468833358	0.658666611867482	0.537801174565883	0	0.510203693852219	0	0.900359880824235	0	0.661237409014015	0.916950919272756	0	0.953325619161422	0	0.86659981369068	0	0	0	0	0	0	0	0	0	0	0	0	0	0	0	0	0	0	0	0	0	0	0	0	0	0	0	0	0	0	0	0	0	0	0	0
0	0	0	0	0	0	0	0	0	0	0	0	0	0	0	0	0	0	0	0	0	0	0	0	0	0	0	0	0	0	0	0	0	0	0	0	0.52384569869538	0.801406991558688	0	0	0	0.649404096603588	0.823183724191586	0.859059941649303	0	0	0	0.746637186081515	0.999212165810531	0	0.700834241142513	0	0.664537772033077	0.956990194627173	0	0	0	0	0	0	0	0	0	0	0	0	0	0	0	0	0	0	0	0	0	0	0	0	0	0	0	0	0	0	0	0	0	0	0	0
0	0	0	0	0	0	0	0	0	0	0	0	0	0	0	0	0	0	0	0	0	0	0	0	0	0	0	0	0	0	0	0	0	0	0	0	0.734200715089834	0.893335221595421	0	0	0.824843255541377	0.548124705051574	0	0.967436659563908	0	0	0	0	0.800347946607701	0.954279718935548	0	0	0	0	0	0	0	0	0	0	0	0	0	0	0	0	0	0	0	0	0	0	0	0	0	0	0	0	0	0	0	0	0	0	0	0	0	0	0	0
0	0	0	0	0	0	0	0	0	0	0	0	0	0	0	0	0	0	0	0	0	0	0	0	0	0	0	0	0	0	0	0	0	0	0	0	0.806276205808768	0.905192163537542	0	0.984367037769965	0	0.651584048205671	0	0.666329845334607	0.543707562489344	0	0.639974164252499	0	0.519468476470475	0.780804756761184	0.703206982757915	0.716910450002732	0	0	0	0	0	0	0	0	0	0	0	0	0	0	0	0	0	0	0	0	0	0	0	0	0	0	0	0	0	0	0	0	0	0	0	0	0	0
0	0	0	0	0	0	0	0	0	0	0	0	0	0	0	0	0	0	0	0	0	0	0	0	0	0	0	0	0	0	0	0	0	0	0	0	0.73429835828775	0.710282616260429	0.916540807660148	0.752177198941508	0.979755109141871	0	0.513760826882934	0	0	0.946484523596751	0	0.520340915982421	0.983587491565532	0.554208960383429	0	0.735992767540927	0.950634745591036	0	0	0	0	0	0	0	0	0	0	0	0	0	0	0	0	0	0	0	0	0	0	0	0	0	0	0	0	0	0	0	0	0	0	0	0	0
0	0	0	0	0	0	0	0	0	0	0	0	0	0	0	0	0	0	0	0	0	0	0	0	0	0	0	0	0	0	0	0	0	0	0	0	0	0.566860495334859	0.859411768147053	0	0	0.846669617622014	0	0	0.952686539277479	0	0	0.689376502216331	0.819154836037164	0.852630581431544	0	0	0	0	0	0	0	0	0	0	0	0	0	0	0	0	0	0	0	0	0	0	0	0	0	0	0	0	0	0	0	0	0	0	0	0	0	0	0	0
0	0	0	0	0	0	0	0	0	0	0	0	0	0	0	0	0	0	0	0	0	0	0	0	0	0	0	0	0	0	0	0	0	0	0	0	0.920799444165486	0	0.951690628407915	0.880701037800534	0.769015416940817	0	0	0	0	0.528959792349916	0	0.939649925792517	0.8297446955958	0.875635609127077	0	0	0	0.785216962725576	0	0	0	0	0	0	0	0	0	0	0	0	0	0	0	0	0	0	0	0	0	0	0	0	0	0	0	0	0	0	0	0	0	0	0	0
0	0	0	0	0	0	0	0	0	0	0	0	0	0	0	0	0	0	0	0	0	0	0	0	0	0	0	0	0	0	0	0	0	0	0	0	0	0.717596277554253	0	0	0.647410147703312	0	0.786982452271983	0	0	0	0	0.638745594144154	0.861692466192064	0.876519622772951	0.660063427897574	0.811914450892275	0	0.693943836408992	0	0	0	0	0	0	0	0	0	0	0	0	0	0	0	0	0	0	0	0	0	0	0	0	0	0	0	0	0	0	0	0	0	0	0	0
0	0	0	0	0	0	0	0	0	0	0	0	0	0	0	0	0	0	0	0	0	0	0	0	0	0	0	0	0	0	0	0	0	0	0	0	0	0	0	0	0	0.639401855111337	0	0.598792216767461	0	0	0.725085196068704	0.803004918900824	0.682484594734189	0	0.50075462237894	0.966458646005883	0.55886999302365	0.928042348404029	0	0	0	0	0	0	0	0	0	0	0	0	0	0	0	0	0	0	0	0	0	0	0	0	0	0	0	0	0	0	0	0	0	0	0	0
0	0	0	0	0	0	0	0	0	0	0	0	0	0	0	0	0	0	0	0	0	0	0	0	0	0	0	0	0	0	0	0	0	0	0	0	0.836682299514257	0.9854738724597	0	0	0.579579970370697	0	0	0	0	0.976606791929592	0	0.560560943941564	0.506451494563678	0.926296631488013	0.81284505598693	0	0.966124291857905	0.845717830729747	0	0	0	0	0	0	0	0	0	0	0	0	0	0	0	0	0	0	0	0	0	0	0	0	0	0	0	0	0	0	0	0	0	0	0	0
0	0	0	0	0	0	0	0	0	0	0	0	0	0	0	0	0	0	0	0	0	0	0	0	0	0	0	0	0	0	0	0	0	0	0	0	0	0	0.529505143769954	0	0	0.804891181266313	0.507533748095934	0.945219140930462	0.742526360188151	0.949615414994272	0.750231756508467	0	0.907319765037585	0	0.656121458509133	0	0	0.57495907667144	0	0	0	0	0	0	0	0	0	0	0	0	0	0	0	0	0	0	0	0	0	0	0	0	0	0	0	0	0	0	0	0	0	0	0	0
0	0	0	0	0	0	0	0	0	0	0	0	0	0	0	0	0	0	0	0	0	0	0	0	0	0	0	0	0	0	0	0	0	0	0	0	0	0.611947640479905	0.940833264441739	0.981791293808389	0.996569738126299	0.788194517684741	0.651779947066249	0.850045193074988	0.853281455903971	0.871709101308142	0.702253904915842	0.719050750475885	0	0.913445608514263	0.742460958816781	0	0.532790367287249	0	0	0	0	0	0	0	0	0	0	0	0	0	0	0	0	0	0	0	0	0	0	0	0	0	0	0	0	0	0	0	0	0	0	0	0	0
0	0	0	0	0	0	0	0	0	0	0	0	0	0	0	0	0	0	0	0	0	0	0	0	0	0	0	0	0	0	0	0	0	0	0	0	0.688456293923862	0.685910658542884	0	0.7842961031685	0.505513119257568	0.534099538716302	0.914187220814095	0.649180720833642	0.873815432820155	0	0.52028453944572	0	0.764909025346944	0	0	0	0.510496381491524	0.854472704410851	0	0	0	0	0	0	0	0	0	0	0	0	0	0	0	0	0	0	0	0	0	0	0	0	0	0	0	0	0	0	0	0	0	0	0	0
0	0	0	0	0	0	0	0	0	0	0	0	0	0	0	0	0	0	0	0	0	0	0	0	0	0	0	0	0	0	0	0	0	0	0	0	0.91613681942086	0	0.641602022705397	0	0.945219303603145	0	0	0	0.619057581385485	0.580678695247156	0.519048722859021	0.812974884481753	0.898824874200392	0	0	0	0.761453392695044	0	0	0	0	0	0	0	0	0	0	0	0	0	0	0	0	0	0	0	0	0	0	0	0	0	0	0	0	0	0	0	0	0	0	0	0	0
0	0	0	0	0	0	0	0	0	0	0	0	0	0	0	0	0	0	0	0	0	0	0	0	0	0	0	0	0	0	0	0	0	0	0	0	0.810895705295097	0.722803963115157	0	0	0.586149811025159	0.993857343652965	0	0	0.680388856020036	0.824110830074309	0	0	0	0	0	0	0.959742110158035	0.942529378286359	0	0	0	0	0	0	0	0	0	0	0	0	0	0	0	0	0	0	0	0	0	0	0	0	0	0	0	0	0	0	0	0	0	0	0	0
0	0	0	0	0	0	0	0	0	0	0	0	0	0	0	0	0	0	0	0	0	0	0	0	0	0	0	0	0	0	0	0	0	0	0	0	0.805932379642238	0	0.997688386132992	0	0	0.544675640848468	0	0	0	0.983471378921394	0.547818118050383	0	0.595863064513072	0.6457725488432	0.866050761583792	0.533697191402049	0	0.539266315289241	0	0	0	0	0	0	0	0	0	0	0	0	0	0	0	0	0	0	0	0	0	0	0	0	0	0	0	0	0	0	0	0	0	0	0	0
0	0	0	0	0	0	0	0	0	0	0	0	0	0	0	0	0	0	0	0	0	0	0	0	0	0	0	0	0	0	0	0	0	0	0	0	0	0.861943515376293	0.672724989442129	0	0	0	0	0.991964246822935	0.74308806174635	0.911052022464332	0.954678087218133	0.988909181795721	0	0.659882639450754	0	0.765293767210182	0.76691982445949	0	0	0	0	0	0	0	0	0	0	0	0	0	0	0	0	0	0	0	0	0	0	0	0	0	0	0	0	0	0	0	0	0	0	0	0	0
0	0	0	0	0	0	0	0	0	0	0	0	0	0	0	0	0	0	0	0	0	0	0	0	0	0	0	0	0	0	0	0	0	0	0	0	0	0	0	0	0	0	0	0	0	0	0	0	0	0	0	0	0	0	0	0.86705749685109	0.891979948960931	0.998525910216053	0.757495588636888	0	0.758513480246755	0.723973617600832	0.909431125907151	0	0.944569651835949	0.680358209059594	0.913035660568255	0.944694577927355	0.561115734409683	0	0.555546716147432	0.700944375357484	0	0	0	0	0	0	0	0	0	0	0	0	0	0	0	0	0	0
0	0	0	0	0	0	0	0	0	0	0	0	0	0	0	0	0	0	0	0	0	0	0	0	0	0	0	0	0	0	0	0	0	0	0	0	0	0	0	0	0	0	0	0	0	0	0	0	0	0	0	0	0	0	0.929181832376323	0	0	0.812366771865006	0.736035141800794	0.909036499973356	0.915354770839126	0.665638184245008	0.97730051919097	0.784689312513345	0.53370302124051	0	0.85293749893611	0.765487745126992	0.627798256882907	0.550715066759521	0.678998664827054	0.715148357270458	0	0	0	0	0	0	0	0	0	0	0	0	0	0	0	0	0	0
0	0	0	0	0	0	0	0	0	0	0	0	0	0	0	0	0	0	0	0	0	0	0	0	0	0	0	0	0	0	0	0	0	0	0	0	0	0	0	0	0	0	0	0	0	0	0	0	0	0	0	0	0	0	0.581345965729509	0	0	0	0.536403197522412	0.859615784501058	0.548468132393852	0.801963884798241	0.504293018071229	0.577599385631559	0.62254411210978	0.857843611811359	0	0	0.749169254824583	0.669654220434045	0.959870956249199	0	0	0	0	0	0	0	0	0	0	0	0	0	0	0	0	0	0	0
0	0	0	0	0	0	0	0	0	0	0	0	0	0	0	0	0	0	0	0	0	0	0	0	0	0	0	0	0	0	0	0	0	0	0	0	0	0	0	0	0	0	0	0	0	0	0	0	0	0	0	0	0	0	0.798055879369952	0.957670198873391	0	0	0.966400409179614	0.550376817789191	0.754682934866194	0	0.957014484673679	0.91865947043814	0.555980852482943	0.650129998280326	0	0.852132536614476	0.862728356289773	0.946998347676456	0.584624067661777	0.74526833724243	0	0	0	0	0	0	0	0	0	0	0	0	0	0	0	0	0	0
0	0	0	0	0	0	0	0	0	0	0	0	0	0	0	0	0	0	0	0	0	0	0	0	0	0	0	0	0	0	0	0	0	0	0	0	0	0	0	0	0	0	0	0	0	0	0	0	0	0	0	0	0	0	0.572589129073582	0.804184596016001	0.739153124712742	0.837373278333393	0	0.729133432361826	0	0.629722260975106	0	0.879073260814186	0.759512145678743	0.672197183390421	0	0.619307116975885	0	0.603362675469716	0	0.607781002635094	0	0	0	0	0	0	0	0	0	0	0	0	0	0	0	0	0	0
0	0	0	0	0	0	0	0	0	0	0	0	0	0	0	0	0	0	0	0	0	0	0	0	0	0	0	0	0	0	0	0	0	0	0	0	0	0	0	0	0	0	0	0	0	0	0	0	0	0	0	0	0	0	0	0.504966749013944	0.99847385885127	0.773816090262988	0.916631688692097	0	0	0.789226062107084	0.851964463553864	0.928283186092535	0.887518666047326	0	0.938795720725388	0.744077586380938	0	0.644415688006098	0.73375755859789	0.866589069595192	0	0	0	0	0	0	0	0	0	0	0	0	0	0	0	0	0	0
0	0	0	0	0	0	0	0	0	0	0	0	0	0	0	0	0	0	0	0	0	0	0	0	0	0	0	0	0	0	0	0	0	0	0	0	0	0	0	0	0	0	0	0	0	0	0	0	0	0	0	0	0	0	0.70037654747376	0.509884763865322	0.74322714938157	0.903878345760494	0	0	0	0.6387316246994	0	0.973203961045798	0.87128525352814	0.842826327159313	0.732195712852013	0.806563702314403	0.574175628293327	0	0.66550214775994	0.816123135946577	0	0	0	0	0	0	0	0	0	0	0	0	0	0	0	0	0	0
0	0	0	0	0	0	0	0	0	0	0	0	0	0	0	0	0	0	0	0	0	0	0	0	0	0	0	0	0	0	0	0	0	0	0	0	0	0	0	0	0	0	0	0	0	0	0	0	0	0	0	0	0	0	0.807062906064752	0.920787033942507	0.654133966161419	0	0.602620886315546	0.804508139660198	0.76503603438259	0	0.816846352623683	0.992475777669377	0.683527384040167	0.616087440574834	0	0.990397881275755	0.719320401688863	0	0.580139611272371	0.858109267365947	0	0	0	0	0	0	0	0	0	0	0	0	0	0	0	0	0	0
0	0	0	0	0	0	0	0	0	0	0	0	0	0	0	0	0	0	0	0	0	0	0	0	0	0	0	0	0	0	0	0	0	0	0	0	0	0	0	0	0	0	0	0	0	0	0	0	0	0	0	0	0	0	0.869577327603733	0.783562540286444	0.58308989733069	0.504828027142498	0	0.532851720220444	0	0.945086036279731	0	0.676399738361958	0.828755834918576	0.518329538086141	0.874067319700122	0.804325096825047	0.834029660416939	0.990710946977059	0.94237605088462	0	0	0	0	0	0	0	0	0	0	0	0	0	0	0	0	0	0	0
0	0	0	0	0	0	0	0	0	0	0	0	0	0	0	0	0	0	0	0	0	0	0	0	0	0	0	0	0	0	0	0	0	0	0	0	0	0	0	0	0	0	0	0	0	0	0	0	0	0	0	0	0	0	0	0.666949958681763	0.625640939663217	0.713219541688906	0.707154739286055	0.74813485195621	0.708687609154275	0.930720522925671	0.630317102607612	0	0.651833011034449	0.597485762688635	0.950437115425575	0	0.67129750464648	0.631861059103939	0.870648191869698	0	0	0	0	0	0	0	0	0	0	0	0	0	0	0	0	0	0	0
0	0	0	0	0	0	0	0	0	0	0	0	0	0	0	0	0	0	0	0	0	0	0	0	0	0	0	0	0	0	0	0	0	0	0	0	0	0	0	0	0	0	0	0	0	0	0	0	0	0	0	0	0	0	0.840068999305665	0.936189869986479	0.893306596508607	0.553878721236659	0.793012910736396	0.618787149180719	0.872173629851886	0.89650041377362	0.755951113082904	0.629919490537651	0	0.863375114478631	0.57456228474892	0.857433344876604	0.781636941939375	0.872181470977858	0.683771057918983	0	0	0	0	0	0	0	0	0	0	0	0	0	0	0	0	0	0	0
0	0	0	0	0	0	0	0	0	0	0	0	0	0	0	0	0	0	0	0	0	0	0	0	0	0	0	0	0	0	0	0	0	0	0	0	0	0	0	0	0	0	0	0	0	0	0	0	0	0	0	0	0	0	0.570199617263783	0	0.797051454988228	0.932719625478242	0.858972479054603	0	0.582515985442155	0.933958749772602	0.878721479052799	0.84646251070309	0.574881514792917	0	0.579582229961218	0.799835694324278	0.545831478332372	0.793789340135765	0.982712162266358	0.980011001909635	0	0	0	0	0	0	0	0	0	0	0	0	0	0	0	0	0	0
0	0	0	0	0	0	0	0	0	0	0	0	0	0	0	0	0	0	0	0	0	0	0	0	0	0	0	0	0	0	0	0	0	0	0	0	0	0	0	0	0	0	0	0	0	0	0	0	0	0	0	0	0	0	0.724675492568496	0.766922412213242	0	0	0	0.692257992263836	0.922789218498445	0	0.909318013881572	0.523708492815634	0.504992796257794	0.531784151510325	0	0.668881894798013	0.797550004478048	0.75695879698743	0.716330196094046	0.656333572366187	0	0	0	0	0	0	0	0	0	0	0	0	0	0	0	0	0	0
0	0	0	0	0	0	0	0	0	0	0	0	0	0	0	0	0	0	0	0	0	0	0	0	0	0	0	0	0	0	0	0	0	0	0	0	0	0	0	0	0	0	0	0	0	0	0	0	0	0	0	0	0	0	0.999903422412714	0.511816136598956	0	0.631586985900068	0.860539102923345	0.878666976653979	0.64711979293689	0.705783968481827	0.516091030066562	0	0.616661403011183	0.835724266406829	0.947929631898519	0	0.889147886035283	0.689491651702255	0.612727629168157	0.545040848304461	0	0	0	0	0	0	0	0	0	0	0	0	0	0	0	0	0	0
0	0	0	0	0	0	0	0	0	0	0	0	0	0	0	0	0	0	0	0	0	0	0	0	0	0	0	0	0	0	0	0	0	0	0	0	0	0	0	0	0	0	0	0	0	0	0	0	0	0	0	0	0	0	0.735537943582729	0.862769587966499	0.967402593560825	0.617296956933731	0	0	0.841184643759622	0.970780834045469	0.545051458750361	0.990775559907096	0.961495824177389	0.527677320508516	0.881376887655575	0.960383703060303	0	0.95281697483235	0.708669375284473	0.852478820741858	0	0	0	0	0	0	0	0	0	0	0	0	0	0	0	0	0	0
0	0	0	0	0	0	0	0	0	0	0	0	0	0	0	0	0	0	0	0	0	0	0	0	0	0	0	0	0	0	0	0	0	0	0	0	0	0	0	0	0	0	0	0	0	0	0	0	0	0	0	0	0	0	0	0.673420050161236	0.749067841778698	0.647945878081405	0.736428715243451	0.733589887684348	0	0	0.546117149409441	0.624583646888956	0.760460204054944	0.813425123615479	0.62617413691268	0.666291628350093	0.588789164887059	0	0.520573575008973	0.578746681729374	0	0	0	0	0	0	0	0	0	0	0	0	0	0	0	0	0	0
0	0	0	0	0	0	0	0	0	0	0	0	0	0	0	0	0	0	0	0	0	0	0	0	0	0	0	0	0	0	0	0	0	0	0	0	0	0	0	0	0	0	0	0	0	0	0	0	0	0	0	0	0	0	0.940460140088466	0.954375066532273	0.604725227719183	0.855697296280051	0	0.815322652945403	0.942946025441659	0.60374735633575	0.824861107845196	0.670125875957061	0.928438135611554	0.777669845780242	0.915963481582783	0.981682237498506	0.530692160820449	0.600030878980445	0	0.837397162130434	0	0	0	0	0	0	0	0	0	0	0	0	0	0	0	0	0	0
0	0	0	0	0	0	0	0	0	0	0	0	0	0	0	0	0	0	0	0	0	0	0	0	0	0	0	0	0	0	0	0	0	0	0	0	0	0	0	0	0	0	0	0	0	0	0	0	0	0	0	0	0	0	0.557030486863434	0.511539321798955	0	0.941500524583154	0.841278245133717	0.585340178541651	0.534130244558429	0.65981197601563	0	0	0	0.509152687876681	0.590288831403408	0.918961890428235	0.901232801532231	0.828081016888585	0.713700954636579	0	0	0	0	0	0	0	0	0	0	0	0	0	0	0	0	0	0	0
0	0	0	0	0	0	0	0	0	0	0	0	0	0	0	0	0	0	0	0	0	0	0	0	0	0	0	0	0	0	0	0	0	0	0	0	0	0	0	0	0	0	0	0	0	0	0	0	0	0	0	0	0	0	0	0	0	0	0	0	0	0	0	0	0	0	0	0	0	0	0	0	0	0.792449815296384	0.824104759281872	0.674275973866955	0.839695823030085	0.827561783773384	0.84055041974219	0	0	0	0	0	0.69110263966039	0.911908504394158	0.520151250151565	0.787063366268468	0.881186844639805	0.979835293315432
0	0	0	0	0	0	0	0	0	0	0	0	0	0	0	0	0	0	0	0	0	0	0	0	0	0	0	0	0	0	0	0	0	0	0	0	0	0	0	0	0	0	0	0	0	0	0	0	0	0	0	0	0	0	0	0	0	0	0	0	0	0	0	0	0	0	0	0	0	0	0	0	0.630095361142424	0	0.947563681295915	0.91679194375872	0.547982118244715	0.632394110761308	0.894960435715126	0.885375911239902	0	0	0	0	0	0.846178460995861	0.692951695568272	0.691030416717892	0.63443581685859	0.613182662361352
0	0	0	0	0	0	0	0	0	0	0	0	0	0	0	0	0	0	0	0	0	0	0	0	0	0	0	0	0	0	0	0	0	0	0	0	0	0	0	0	0	0	0	0	0	0	0	0	0	0	0	0	0	0	0	0	0	0	0	0	0	0	0	0	0	0	0	0	0	0	0	0	0.689880036919523	0.749249414766619	0	0.962503173413838	0.947025741920796	0.886722985331661	0.888501530650482	0	0.537572904715363	0	0	0.991629616889456	0	0	0.601425395239051	0.577854159273785	0.993595181786646	0.98538880366961
0	0	0	0	0	0	0	0	0	0	0	0	0	0	0	0	0	0	0	0	0	0	0	0	0	0	0	0	0	0	0	0	0	0	0	0	0	0	0	0	0	0	0	0	0	0	0	0	0	0	0	0	0	0	0	0	0	0	0	0	0	0	0	0	0	0	0	0	0	0	0	0	0.887545615702611	0.65525717959427	0.546044990878012	0	0.634809801836873	0.825069464336354	0.668505307696224	0.622644781008609	0.676923822065625	0.896588575169043	0	0	0.87925644509359	0	0	0.850253574038494	0.567677114233815	0.953917230141976
0	0	0	0	0	0	0	0	0	0	0	0	0	0	0	0	0	0	0	0	0	0	0	0	0	0	0	0	0	0	0	0	0	0	0	0	0	0	0	0	0	0	0	0	0	0	0	0	0	0	0	0	0	0	0	0	0	0	0	0	0	0	0	0	0	0	0	0	0	0	0	0	0.642226283855689	0.792771718254503	0.515626336254556	0.528264261571289	0	0.829563040398719	0.914729455590585	0.740482434240711	0.521379555872973	0.862089536032008	0.827218024469813	0	0	0	0	0	0.775834544646417	0.716137651728133
0	0	0	0	0	0	0	0	0	0	0	0	0	0	0	0	0	0	0	0	0	0	0	0	0	0	0	0	0	0	0	0	0	0	0	0	0	0	0	0	0	0	0	0	0	0	0	0	0	0	0	0	0	0	0	0	0	0	0	0	0	0	0	0	0	0	0	0	0	0	0	0	0.910489207088546	0.536353110040886	0.96516479431598	0.899977472007137	0.602599718431452	0	0.612106280306297	0.813230761025812	0.574809903967484	0.809961862765229	0.682130265522947	0.774523048294964	0	0	0	0	0	0.519286987772904
0	0	0	0	0	0	0	0	0	0	0	0	0	0	0	0	0	0	0	0	0	0	0	0	0	0	0	0	0	0	0	0	0	0	0	0	0	0	0	0	0	0	0	0	0	0	0	0	0	0	0	0	0	0	0	0	0	0	0	0	0	0	0	0	0	0	0	0	0	0	0	0	0.747027982985085	0.90006989332884	0.659864719845007	0.523736103052572	0.726440981900607	0.56611783592665	0	0.649430061048182	0.514670966640461	0.770601703609822	0.760624164654945	0.760963580711183	0.721835866533906	0	0	0	0	0
0	0	0	0	0	0	0	0	0	0	0	0	0	0	0	0	0	0	0	0	0	0	0	0	0	0	0	0	0	0	0	0	0	0	0	0	0	0	0	0	0	0	0	0	0	0	0	0	0	0	0	0	0	0	0	0	0	0	0	0	0	0	0	0	0	0	0	0	0	0	0	0	0	0.809471530206268	0	0.724511361139145	0.707453744786309	0.87934549741323	0.61789592701818	0	0.631197921560773	0.836871288056654	0.66389994689131	0.511470490974959	0.503889996338689	0.760841879046591	0	0	0	0
0	0	0	0	0	0	0	0	0	0	0	0	0	0	0	0	0	0	0	0	0	0	0	0	0	0	0	0	0	0	0	0	0	0	0	0	0	0	0	0	0	0	0	0	0	0	0	0	0	0	0	0	0	0	0	0	0	0	0	0	0	0	0	0	0	0	0	0	0	0	0	0	0	0	0.681708755062477	0.913208377632126	0.750985064458195	0.830312969509208	0.623781399425217	0.671306923145086	0	0.744883418733957	0.806599486384554	0.866564118085453	0.815159330485029	0.773584593926396	0.750829645547604	0	0	0
0	0	0	0	0	0	0	0	0	0	0	0	0	0	0	0	0	0	0	0	0	0	0	0	0	0	0	0	0	0	0	0	0	0	0	0	0	0	0	0	0	0	0	0	0	0	0	0	0	0	0	0	0	0	0	0	0	0	0	0	0	0	0	0	0	0	0	0	0	0	0	0	0	0	0	0.979947751072937	0.959362766076973	0.993775086257753	0.76578930565895	0.871967298549255	0.681118120038887	0	0.907570354672543	0.821494277799723	0.52496505229823	0.717378959967074	0.722279140319726	0.906633402652664	0	0
0	0	0	0	0	0	0	0	0	0	0	0	0	0	0	0	0	0	0	0	0	0	0	0	0	0	0	0	0	0	0	0	0	0	0	0	0	0	0	0	0	0	0	0	0	0	0	0	0	0	0	0	0	0	0	0	0	0	0	0	0	0	0	0	0	0	0	0	0	0	0	0	0	0	0	0	0.954339942798856	0.782899976906331	0.505376249603011	0.580387885362614	0.552080013981759	0.637192792784429	0	0.682527461454049	0.895034410279147	0.975689102259574	0.686664670122681	0.631194108168704	0.5170891934073	0
0	0	0	0	0	0	0	0	0	0	0	0	0	0	0	0	0	0	0	0	0	0	0	0	0	0	0	0	0	0	0	0	0	0	0	0	0	0	0	0	0	0	0	0	0	0	0	0	0	0	0	0	0	0	0	0	0	0	0	0	0	0	0	0	0	0	0	0	0	0	0	0	0	0	0.768219436761653	0	0	0.543657712373568	0.678872651790985	0.699298479736848	0.677230586113401	0.581846156194094	0.666841637963011	0	0.571863596924939	0.74873077168326	0.6839074364444	0.65256595882999	0.686001865184057	0.816614923710934
0	0	0	0	0	0	0	0	0	0	0	0	0	0	0	0	0	0	0	0	0	0	0	0	0	0	0	0	0	0	0	0	0	0	0	0	0	0	0	0	0	0	0	0	0	0	0	0	0	0	0	0	0	0	0	0	0	0	0	0	0	0	0	0	0	0	0	0	0	0	0	0	0.902095855084208	0	0	0.543862634277146	0	0	0.588004152954899	0.697380388750201	0.795766802118439	0.669033472332723	0.658823634575617	0.898095689124115	0	0.779474977380511	0.873385409853888	0.910275303842549	0.839863427584994	0
0	0	0	0	0	0	0	0	0	0	0	0	0	0	0	0	0	0	0	0	0	0	0	0	0	0	0	0	0	0	0	0	0	0	0	0	0	0	0	0	0	0	0	0	0	0	0	0	0	0	0	0	0	0	0	0	0	0	0	0	0	0	0	0	0	0	0	0	0	0	0	0	0.551257883659971	0.668365894882112	0	0	0	0	0	0.924221379985697	0.516514519399667	0.7473008286543	0.905868900449695	0.819490237742336	0.769735117822768	0	0.566855528888786	0.637074411200741	0.536168389161125	0.988777478874411
0	0	0	0	0	0	0	0	0	0	0	0	0	0	0	0	0	0	0	0	0	0	0	0	0	0	0	0	0	0	0	0	0	0	0	0	0	0	0	0	0	0	0	0	0	0	0	0	0	0	0	0	0	0	0	0	0	0	0	0	0	0	0	0	0	0	0	0	0	0	0	0	0.557876328135789	0.566569858733035	0.673581041104086	0	0	0	0	0	0.978525043141509	0.688825027975453	0.976579519748937	0.746210551156216	0.808741919013199	0.90215774621724	0	0.581102776350879	0.732602099457873	0.54858989240528
0	0	0	0	0	0	0	0	0	0	0	0	0	0	0	0	0	0	0	0	0	0	0	0	0	0	0	0	0	0	0	0	0	0	0	0	0	0	0	0	0	0	0	0	0	0	0	0	0	0	0	0	0	0	0	0	0	0	0	0	0	0	0	0	0	0	0	0	0	0	0	0	0.522231527054472	0.711145428451662	0.879562093547483	0.586155775549376	0	0	0	0	0	0.878770639510575	0.591861993692324	0.752610971877274	0.993726821635377	0.925663769571947	0.904677148692541	0	0.919438500878961	0.837803257943694
0	0	0	0	0	0	0	0	0	0	0	0	0	0	0	0	0	0	0	0	0	0	0	0	0	0	0	0	0	0	0	0	0	0	0	0	0	0	0	0	0	0	0	0	0	0	0	0	0	0	0	0	0	0	0	0	0	0	0	0	0	0	0	0	0	0	0	0	0	0	0	0	0.914832993407735	0.649655633244417	0.936213221694279	0.501564733359505	0.961957373001703	0	0	0	0	0	0.560376421346747	0.89025760768055	0.755660512412662	0.918268871486736	0.534786897585639	0.728636651895453	0	0.943751585212885
0	0	0	0	0	0	0	0	0	0	0	0	0	0	0	0	0	0	0	0	0	0	0	0	0	0	0	0	0	0	0	0	0	0	0	0	0	0	0	0	0	0	0	0	0	0	0	0	0	0	0	0	0	0	0	0	0	0	0	0	0	0	0	0	0	0	0	0	0	0	0	0	0.749402256659491	0.727492727197351	0.795916411033562	0.707876935995859	0.585310076647815	0.566999166592866	0	0	0	0	0	0.900773610558778	0	0.66427010178009	0.999924494103112	0.530256701096886	0.677856525864903	0
