0	0.730499805214597	0.599080184661847	0.928801370663124	0	0.51083672305884	0	0	0	0	0	0	0	0.520305816558679	0	0	0	0	0	0	0	0	0	0	0	0.95771868732276	0.970866335062944	0.934630629413754	0.941568463008447	0.506923330520714	0	0	0	0	0	0	0	0	0	0	0	0	0	0	0	0	0	0	0	0	0	0	0	0	0	0	0	0	0	0	0	0	0	0	0	0	0	0	0	0	0	0	0	0	0	0	0	0	0	0	0	0	0	0	0	0	0	0	0	0
0.72639468444362	0	0.990573094465844	0.679983026865925	0.576968962563425	0.938839482878586	0	0	0	0	0	0.8284433839792	0	0	0	0	0	0	0	0	0	0	0	0	0	0	0.653549162341743	0.683416802573771	0.84765483141241	0.980802652991908	0	0	0	0	0	0	0	0	0	0	0	0	0	0	0	0	0	0	0	0	0	0	0	0	0	0	0	0	0	0	0	0	0	0	0	0	0	0	0	0	0	0	0	0	0	0	0	0	0	0	0	0	0	0	0	0	0	0	0	0
0.918283492965017	0.784005188802688	0	0.515802885521732	0	0.968208210753103	0.542413323739894	0.831943111053809	0	0	0	0	0	0.731990173700018	0	0	0	0	0.673424068739835	0.910313380751352	0	0	0	0	0	0	0	0.643432477724034	0.741501602611261	0	0	0	0	0	0	0	0	0	0	0	0	0	0	0	0	0	0	0	0	0	0	0	0	0	0	0	0	0	0	0	0	0	0	0	0	0	0	0	0	0	0	0	0	0	0	0	0	0	0	0	0	0	0	0	0	0	0	0	0	0
0.633093179201733	0.706539478845895	0.550307775152205	0	0.577897023187977	0.848736690770557	0.790496364101093	0	0.91591837840454	0	0	0	0	0	0	0	0	0	0	0	0	0	0	0	0	0	0.670843137067432	0	0.950969998630056	0	0	0	0	0	0	0	0	0	0	0	0	0	0	0	0	0	0	0	0	0	0	0	0	0	0	0	0	0	0	0	0	0	0	0	0	0	0	0	0	0	0	0	0	0	0	0	0	0	0	0	0	0	0	0	0	0	0	0	0	0
0	0.611491666153339	0	0.552538765663478	0	0.582432794259673	0.579097223502389	0.753894908098811	0.641188622042723	0.986436519576633	0	0	0	0	0	0	0	0	0	0	0	0	0	0	0	0	0	0	0	0.820085683347037	0	0	0	0	0	0	0	0	0	0	0	0	0	0	0	0	0	0	0	0	0	0	0	0	0	0	0	0	0	0	0	0	0	0	0	0	0	0	0	0	0	0	0	0	0	0	0	0	0	0	0	0	0	0	0	0	0	0	0	0
0.781127291351565	0.795592114562291	0.957018419269148	0.524505260562296	0.783621670073573	0	0.837602723071899	0.616683153783576	0.741474755639949	0.551190944055149	0.608952783800998	0	0	0	0	0	0	0	0	0	0	0	0	0	0	0	0	0	0	0	0	0	0	0	0	0	0	0	0	0	0	0	0	0	0	0	0	0	0	0	0	0	0	0	0	0	0	0	0	0	0	0	0	0	0	0	0	0	0	0	0	0	0	0	0	0	0	0	0	0	0	0	0	0	0	0	0	0	0	0
0	0	0.816614673219064	0.672126497678947	0.976414336500529	0.577544096882865	0	0.531370507366754	0.675693940224734	0.761440751553769	0.798757329081853	0.629510228889399	0.650596038322592	0	0	0	0	0	0	0	0	0	0	0	0	0	0	0	0	0	0	0	0	0	0	0	0	0	0	0	0	0	0	0	0	0	0	0	0	0	0	0	0	0	0	0	0	0	0	0	0	0	0	0	0	0	0	0	0	0	0	0	0	0	0	0	0	0	0	0	0	0	0	0	0	0	0	0	0	0
0	0	0.718786547362441	0	0.923672226648914	0.797708107002074	0.905909568070402	0	0.8762923681036	0.590070061698619	0.76420828549118	0.864370831892167	0.871850016246501	0	0	0	0	0	0	0	0	0	0	0	0	0	0	0	0	0.600775083628505	0	0	0	0	0	0	0	0	0	0	0	0	0	0	0	0	0	0	0	0	0	0	0	0	0	0	0	0	0	0	0	0	0	0	0	0	0	0	0	0	0	0	0	0	0	0	0	0	0	0	0	0	0	0	0	0	0	0	0	0
0	0	0	0.93162755253715	0.743905875592468	0.703153692810831	0.976128455333855	0.619245904655536	0	0.574377014162691	0.687896763505801	0.717278925317465	0.914575501790452	0.91816623482619	0	0	0	0	0	0	0	0	0	0	0	0	0	0	0	0	0	0	0	0	0	0	0	0	0	0	0	0	0	0	0	0	0	0	0	0	0	0	0	0	0	0	0	0	0	0	0	0	0	0	0	0	0	0	0	0	0	0	0	0	0	0	0	0	0	0	0	0	0	0	0	0	0	0	0	0
0	0	0	0	0.775129626897312	0.614757620211145	0.792130476772432	0.642842106277406	0.991449972388672	0	0.777736479683876	0.73095016641242	0.860766420067254	0.915361444476486	0	0	0	0	0	0	0.913315471350285	0	0	0	0	0	0	0	0	0	0	0	0	0	0	0	0	0	0	0	0	0	0	0	0	0	0	0	0	0	0	0	0	0	0	0	0	0	0	0	0	0	0	0	0	0	0	0	0	0	0	0	0	0	0	0	0	0	0	0	0	0	0	0	0	0	0	0	0	0
0	0	0	0	0	0.588495620786515	0.829008331946875	0.556110872006729	0.547675709189532	0.957951166799673	0	0.647082515626409	0	0.570566786255221	0.99047316104448	0.965875722971224	0	0	0.521968584073868	0	0	0	0	0	0	0	0	0	0	0	0	0	0	0	0	0	0	0	0	0	0	0	0	0	0	0	0	0	0	0	0	0	0	0	0	0	0	0	0	0	0	0	0	0	0	0	0	0	0	0	0	0	0	0	0	0	0	0	0	0	0	0	0	0	0	0	0	0	0	0
0	0.568803393289774	0	0	0	0	0.966901655744903	0.664911249820124	0.711434241344505	0.779890162998857	0.568074269106273	0	0.896365442731114	0.759678649490391	0	0.705225957112272	0.691240787481721	0	0.962658673542086	0	0	0	0	0	0	0	0	0	0	0.593306258937973	0	0	0	0	0	0	0	0	0	0	0	0	0	0	0	0	0	0	0	0	0	0	0	0	0	0	0	0	0	0	0	0	0	0	0	0	0	0	0	0	0	0	0	0	0	0	0	0	0	0	0	0	0	0	0	0	0	0	0	0
0	0	0	0	0	0	0.909466289546601	0.523738586597408	0.507903561244114	0.562322138332016	0	0.71160633688532	0	0.800256051495417	0	0.829865632763604	0.924396354799118	0.607353058762306	0	0	0	0	0	0	0	0	0	0	0	0	0	0	0	0	0	0	0	0	0	0	0	0	0	0	0	0	0	0	0	0	0	0	0	0	0	0	0	0	0	0	0	0	0	0	0	0	0	0	0	0	0	0	0	0	0	0	0	0	0	0	0	0	0	0	0	0	0	0	0	0
0.91923136322205	0	0.949105031648175	0	0	0	0	0	0.952444765747832	0.963349259777239	0.60861196754117	0.529284951402937	0.982480699314615	0	0	0.624266264909607	0.571382149321016	0.76684462339525	0.769981952295718	0	0	0.896508823033992	0	0	0.861574508186034	0	0	0	0	0	0	0	0	0	0	0	0	0	0	0	0	0	0	0	0	0	0	0	0	0	0	0	0	0	0	0	0	0	0	0	0	0	0	0	0	0	0	0	0	0	0	0	0	0	0	0	0	0	0	0	0	0	0	0	0	0	0	0	0	0
0	0	0	0	0	0	0	0	0	0	0.536031539156223	0	0	0	0	0.815392923435735	0.875125058073791	0.628767474730135	0.876561894797703	0.64334776875312	0	0	0	0	0	0	0	0	0	0.925511604322532	0	0	0	0	0	0	0	0	0	0	0	0	0	0	0	0	0	0	0	0	0	0	0	0	0	0	0	0	0	0	0	0	0	0	0	0	0	0	0	0	0	0	0	0	0	0	0	0	0	0	0	0	0	0	0	0	0	0	0	0
0	0	0	0	0	0	0	0	0	0	0.51480196629942	0.778276330799494	0.571820883460568	0.922586462505636	0.542724211944365	0	0.985595868334707	0.637453517300893	0.864585117154232	0.516188144550332	0.950109918334727	0	0	0	0	0	0	0	0	0	0	0	0	0	0	0	0	0	0	0	0	0	0	0	0	0	0	0	0	0	0	0	0	0	0	0	0	0	0	0	0	0	0	0	0	0	0	0	0	0	0	0	0	0	0	0	0	0	0	0	0	0	0	0	0	0	0	0	0	0
0	0	0	0	0	0	0	0	0	0	0	0.751350281343897	0.664377618587945	0.638759686365092	0.768935287289477	0.594471002440193	0	0.626667841258279	0.950171694488679	0.8946880126059	0.93600383365904	0.969233057243841	0	0	0	0	0	0	0	0	0	0	0	0	0	0	0	0	0	0	0	0	0	0	0	0	0	0	0	0	0	0	0	0	0	0	0	0	0	0	0	0	0	0	0	0	0	0	0	0	0	0	0	0	0	0	0	0	0	0	0	0	0	0	0	0	0	0	0	0
0	0	0	0	0	0	0	0	0	0	0	0	0.59609651408747	0.669511866198703	0.569062490448267	0.965306043603485	0.836385010519752	0	0.7905030574714	0.748305690197409	0.625683116221577	0.923771773593528	0.753720271756662	0	0	0	0	0	0	0	0	0	0	0	0	0	0	0	0	0	0	0	0	0	0	0	0	0	0	0	0	0	0	0	0	0	0	0	0	0	0	0	0	0	0	0	0	0	0	0	0	0	0	0	0	0	0	0	0	0	0	0	0	0	0	0	0	0	0	0
0	0	0.762900523102139	0	0	0	0	0	0	0	0.556753026205303	0.668387968113711	0	0.919892341286368	0.998325579181106	0.534630265261659	0.777923209175204	0.569820276010812	0	0.917413107381715	0	0.874865508635117	0.644804042554976	0	0	0	0	0	0	0	0	0	0	0	0	0	0	0	0	0	0	0	0	0	0	0	0	0	0	0	0	0	0	0	0	0	0	0	0	0	0	0	0	0	0	0	0	0	0	0	0	0	0	0	0	0	0	0	0	0	0	0	0	0	0	0	0	0	0	0
0	0	0.903159439197742	0	0	0	0	0	0	0	0	0	0	0	0.541808331557909	0.699265923162306	0.909358784398789	0.732270875331576	0.820323248937753	0	0.562839630190157	0	0.823780493739275	0.689708317564564	0.654247344883127	0	0	0	0	0	0	0	0	0	0	0	0	0	0	0	0	0	0	0	0	0	0	0	0	0	0	0	0	0	0	0	0	0	0	0	0	0	0	0	0	0	0	0	0	0	0	0	0	0	0	0	0	0	0	0	0	0	0	0	0	0	0	0	0	0
0	0	0	0	0	0	0	0	0	0.884414830054663	0	0	0	0	0	0.953515189414443	0.596060375834459	0.858193663547758	0	0.590083423001747	0	0.578992811912039	0.555874837217479	0.769129903246285	0.841589091274086	0.775568574525332	0	0	0	0	0	0	0	0	0	0	0	0	0	0	0	0	0	0	0	0	0	0	0	0	0	0	0	0	0	0	0	0	0	0	0	0	0	0	0	0	0	0	0	0	0	0	0	0	0	0	0	0	0	0	0	0	0	0	0	0	0	0	0	0
0	0	0	0	0	0	0	0	0	0	0	0	0	0.589937945795708	0	0	0.800492336808263	0.823252815886252	0.52435537662163	0	0.801359990315546	0	0.765455366328864	0.966102112269936	0.765557538753299	0.843366480327821	0.874102485889505	0	0	0	0	0	0	0	0	0	0	0	0	0	0	0	0	0	0	0	0	0	0	0	0	0	0	0	0	0	0	0	0	0	0	0	0	0	0	0	0	0	0	0	0	0	0	0	0	0	0	0	0	0	0	0	0	0	0	0	0	0	0	0
0	0	0	0	0	0	0	0	0	0	0	0	0	0	0	0	0	0.552495772125828	0.67328790880454	0.592034853070018	0.842183651775309	0.598339459717403	0	0.782659156842404	0.705525245327564	0.952880360209738	0.661442026492867	0.566546030250914	0	0	0	0	0	0	0	0	0	0	0	0	0	0	0	0	0	0	0	0	0	0	0	0	0	0	0	0	0	0	0	0	0	0	0	0	0	0	0	0	0	0	0	0	0	0	0	0	0	0	0	0	0	0	0	0	0	0	0	0	0	0
0	0	0	0	0	0	0	0	0	0	0	0	0	0	0	0	0	0	0	0.547007442920398	0.945135344790854	0.745083501029514	0.789046375715517	0	0.85555276734192	0.837437778851514	0.686350218702934	0.862393785182053	0.858277854499733	0	0	0	0	0	0	0	0	0	0	0	0	0	0	0	0	0	0	0	0	0	0	0	0	0	0	0	0	0	0	0	0	0	0	0	0	0	0	0	0	0	0	0	0	0	0	0	0	0	0	0	0	0	0	0	0	0	0	0	0	0
0	0	0	0	0	0	0	0	0	0	0	0	0	0.6663323104165	0	0	0	0	0	0.788403090445126	0.623786594002179	0.84600526070142	0.982489392318254	0.793823036955026	0	0.964015164982969	0.534644439283171	0.543766569038061	0	0.971349178398029	0	0	0	0	0	0	0	0	0	0	0	0	0	0	0	0	0	0	0	0	0	0	0	0	0	0	0	0	0	0	0	0	0	0	0	0	0	0	0	0	0	0	0	0	0	0	0	0	0	0	0	0	0	0	0	0	0	0	0	0
0.726560625666665	0	0	0	0	0	0	0	0	0	0	0	0	0	0	0	0	0	0	0	0.743575775608331	0.951036944646622	0.692893122547843	0.594217518752821	0.784986426975757	0	0.715653636773677	0.670366587161318	0.670102425886581	0.633486912170858	0	0	0	0	0	0	0	0	0	0	0	0	0	0	0	0	0	0	0	0	0	0	0	0	0	0	0	0	0	0	0	0	0	0	0	0	0	0	0	0	0	0	0	0	0	0	0	0	0	0	0	0	0	0	0	0	0	0	0	0
0.766266274162711	0.927715493734988	0	0.700794106642454	0	0	0	0	0	0	0	0	0	0	0	0	0	0	0	0	0	0.700550577479661	0.518697616514998	0.670530057060773	0.941018818107792	0.575007949163036	0	0.587720132587521	0.741956463880745	0.808914149812319	0	0	0	0	0	0	0	0	0	0	0	0	0	0	0	0	0	0	0	0	0	0	0	0	0	0	0	0	0	0	0	0	0	0	0	0	0	0	0	0	0	0	0	0	0	0	0	0	0	0	0	0	0	0	0	0	0	0	0	0
0.965227115679208	0.947239517860248	0.536378734580139	0	0	0	0	0	0	0	0	0	0	0	0	0	0	0	0	0	0	0	0.684497875735307	0.954891724020988	0.81616982679845	0.719038007570746	0.704046858316793	0	0.934622790759505	0.787906887397934	0	0	0	0	0	0	0	0	0	0	0	0	0	0	0	0	0	0	0	0	0	0	0	0	0	0	0	0	0	0	0	0	0	0	0	0	0	0	0	0	0	0	0	0	0	0	0	0	0	0	0	0	0	0	0	0	0	0	0	0
0.990740605053853	0.538610171369879	0.864999914778127	0.939276053619012	0	0	0	0	0	0	0	0	0	0	0	0	0	0	0	0	0	0	0	0.98964723975219	0	0.860235862973479	0.755718545444633	0.971359910557817	0	0.779527486546812	0	0	0	0	0	0	0	0	0	0	0	0	0	0	0	0	0	0	0	0	0	0	0	0	0	0	0	0	0	0	0	0	0	0	0	0	0	0	0	0	0	0	0	0	0	0	0	0	0	0	0	0	0	0	0	0	0	0	0	0
0.975988666513258	0.921002082732538	0	0	0.970764341041979	0	0	0.722100215856447	0	0	0	0.804991791100596	0	0	0.95104395488347	0	0	0	0	0	0	0	0	0	0.9758147293439	0.977802393943603	0.520788213525071	0.674925777760503	0.691719286045591	0	0	0	0	0	0	0	0	0	0	0	0	0	0	0	0	0	0	0	0	0	0	0	0	0	0	0	0	0	0	0	0	0	0	0	0	0	0	0	0	0	0	0	0	0	0	0	0	0	0	0	0	0	0	0	0	0	0	0	0	0
0	0	0	0	0	0	0	0	0	0	0	0	0	0	0	0	0	0	0	0	0	0	0	0	0	0	0	0	0	0	0	0.623927959208164	0	0.756701211801323	0	0.723856298547375	0	0	0	0	0	0	0	0	0	0	0	0.592430324803512	0	0	0	0	0	0	0	0	0.603920389180353	0.84856786939711	0	0	0	0	0	0	0	0	0	0	0	0	0	0	0	0	0	0	0	0	0	0	0	0	0	0	0	0	0	0	0	0
0	0	0	0	0	0	0	0	0	0	0	0	0	0	0	0	0	0	0	0	0	0	0	0	0	0	0	0	0	0	0.541053626050281	0	0.571123998295172	0.635036663099093	0	0.568335477514111	0	0.94078149704966	0	0	0	0	0.838460663830502	0	0	0	0	0	0	0.810234251067311	0	0	0	0	0	0.719428544340194	0	0	0.975356056719185	0.6643751958017	0	0	0	0	0	0	0	0	0	0	0	0	0	0	0	0	0	0	0	0	0	0	0	0	0	0	0	0	0	0
0	0	0	0	0	0	0	0	0	0	0	0	0	0	0	0	0	0	0	0	0	0	0	0	0	0	0	0	0	0	0	0.83586219119535	0	0.583653570483926	0.810474559059796	0.674111350382248	0	0.639286379961892	0	0	0	0	0	0	0	0	0	0	0	0	0	0	0	0	0	0	0.560687076574475	0	0	0.934122915917682	0	0	0	0	0	0	0	0	0	0	0	0	0	0	0	0	0	0	0	0	0	0	0	0	0	0	0	0	0	0
0	0	0	0	0	0	0	0	0	0	0	0	0	0	0	0	0	0	0	0	0	0	0	0	0	0	0	0	0	0	0.832292886508874	0.511247613511592	0.564591709038337	0	0	0.981204718423519	0	0.707853728336224	0	0	0	0	0	0	0	0	0	0	0	0	0.708322360144923	0.788081562122277	0	0	0	0	0	0	0	0.96136091315822	0	0	0	0	0	0	0	0	0	0	0	0	0	0	0	0	0	0	0	0	0	0	0	0	0	0	0	0	0	0
0	0	0	0	0	0	0	0	0	0	0	0	0	0	0	0	0	0	0	0	0	0	0	0	0	0	0	0	0	0	0	0	0.749959879766422	0	0	0	0.765597580217214	0.593346022212891	0.547407881289391	0	0	0	0	0	0	0	0	0	0	0	0	0.724751667215524	0	0	0	0	0.931832832525878	0.605511966752968	0	0	0	0	0	0	0	0	0	0	0	0	0	0	0	0	0	0	0	0	0	0	0	0	0	0	0	0	0	0	0	0
0	0	0	0	0	0	0	0	0	0	0	0	0	0	0	0	0	0	0	0	0	0	0	0	0	0	0	0	0	0	0.513747495362683	0.58405178178494	0.711656203207469	0.931838761354534	0	0	0.67423699223599	0	0.925310909317544	0.566365532214469	0	0.510715249448975	0	0	0	0	0	0	0	0	0	0	0	0	0	0	0	0	0	0	0	0	0	0	0	0	0	0	0	0	0	0	0	0	0	0	0	0	0	0	0	0	0	0	0	0	0	0	0	0
0	0	0	0	0	0	0	0	0	0	0	0	0	0	0	0	0	0	0	0	0	0	0	0	0	0	0	0	0	0	0	0	0	0	0.740843802731601	0.570932469779933	0	0.667237128425495	0.603044264916031	0.789650230963387	0.968135363776551	0	0	0	0	0	0	0.98741768586715	0	0	0	0	0	0	0	0	0	0	0.550340035825921	0	0	0	0	0	0	0	0	0	0	0	0	0	0	0	0	0	0	0	0	0	0	0	0	0	0	0	0	0	0	0
0	0	0	0	0	0	0	0	0	0	0	0	0	0	0	0	0	0	0	0	0	0	0	0	0	0	0	0	0	0	0	0.723870907323563	0.51165505579604	0.838772500202586	0.546795766255172	0	0.988646573114763	0	0	0.899493225646618	0	0.679055094227724	0	0	0	0	0	0	0	0	0	0	0	0	0	0	0	0	0	0	0	0	0	0	0	0	0	0	0	0	0	0	0	0	0	0	0	0	0	0	0	0	0	0	0	0	0	0	0	0
0	0	0	0	0	0	0	0	0	0	0	0	0	0	0	0	0	0	0	0	0	0	0	0	0	0	0	0	0	0	0	0	0	0	0.910027575418293	0.588614468009654	0.655779446006695	0	0	0.510437452224824	0.777180185435989	0.999615827605588	0.955892299570495	0	0	0	0	0	0	0	0	0	0	0	0	0	0	0	0	0	0	0	0	0	0	0	0	0	0	0	0	0	0	0	0	0	0	0	0	0	0	0	0	0	0	0	0	0	0	0
0	0	0	0	0	0	0	0	0	0	0	0	0	0	0	0	0	0	0	0	0	0	0	0	0	0	0	0	0	0	0	0	0	0	0	0.827284457074416	0.514252801994358	0.563020428141477	0.856465470652116	0	0	0	0.863615627058882	0.654012495129751	0	0	0.537145426212836	0	0	0	0	0	0	0	0	0	0	0	0	0	0	0	0	0	0	0	0	0	0	0	0	0	0	0	0	0	0	0	0	0	0	0	0	0	0	0	0	0	0	0
0	0	0	0	0	0	0	0	0	0	0	0	0	0	0	0	0	0	0	0	0	0	0	0	0	0	0	0	0	0	0	0	0	0	0	0	0.689622358283894	0	0.785826775269758	0	0	0	0.976817375287537	0	0.737174104563233	0	0	0	0	0.881429757418333	0	0	0	0	0	0	0.981483353004126	0.544723452563594	0	0	0	0	0	0	0	0	0	0	0	0	0	0	0	0	0	0	0	0	0	0	0	0	0	0	0	0	0	0	0	0
0	0	0	0	0	0	0	0	0	0	0	0	0	0	0	0	0	0	0	0	0	0	0	0	0	0	0	0	0	0	0	0	0	0	0	0.986407281374599	0	0.989748670891112	0.648952194390925	0	0	0	0.920929886280009	0.570506790422872	0	0	0.610469103754164	0	0	0	0	0	0	0	0	0	0	0	0	0.709214877300322	0	0	0	0	0	0	0	0	0	0	0	0	0	0	0	0	0	0	0	0	0	0	0	0	0	0	0	0	0	0
0	0	0	0	0	0	0	0	0	0	0	0	0	0	0	0	0	0	0	0	0	0	0	0	0	0	0	0	0	0	0	0.758605386768103	0	0	0	0	0	0	0.892845258244389	0.770796373666975	0.841131292342113	0.737454561744413	0	0	0	0.874178605991587	0.685817332839374	0	0.902734417700823	0	0	0	0	0	0	0	0.95051980618932	0	0	0	0	0	0	0	0	0	0	0	0	0	0	0	0	0	0	0	0	0	0	0	0	0	0	0	0	0	0	0	0	0
0	0	0	0	0	0	0	0	0	0	0	0	0	0	0	0	0	0	0	0	0	0	0	0	0	0	0	0	0	0	0	0	0	0	0	0	0	0	0	0.702406266326551	0	0.700741118242254	0	0	0.920503988447617	0.535947881752842	0.938995583979246	0.663512433247963	0	0	0	0	0	0	0	0	0	0	0	0	0	0	0	0	0	0	0	0	0	0	0	0	0	0	0	0	0	0	0	0	0	0	0	0	0	0	0	0	0	0
0	0	0	0	0	0	0	0	0	0	0	0	0	0	0	0	0	0	0	0	0	0	0	0	0	0	0	0	0	0	0	0	0	0	0	0	0	0	0	0	0.884717399772386	0	0	0.65035743540124	0	0.693410549992087	0	0.762527105979952	0.594390626541872	0	0	0	0	0	0	0	0.589111645732627	0	0	0	0	0	0	0	0	0	0	0	0	0	0	0	0	0	0	0	0	0	0	0	0	0	0	0	0	0	0	0	0	0
0	0	0	0	0	0	0	0	0	0	0	0	0	0	0	0	0	0	0	0	0	0	0	0	0	0	0	0	0	0	0	0	0	0	0	0	0	0	0	0	0	0	0.667138969280097	0.980576827254645	0.761102230129532	0	0.615489268262489	0.593116503171966	0.950526859180228	0.999765309601529	0	0	0	0	0	0	0	0	0	0	0	0	0	0	0	0	0	0	0	0	0	0	0	0	0	0	0	0	0	0	0	0	0	0	0	0	0	0	0	0
0	0	0	0	0	0	0	0	0	0	0	0	0	0	0	0	0	0	0	0	0	0	0	0	0	0	0	0	0	0	0	0	0	0	0	0	0	0	0	0.736515395572572	0	0.671697222367483	0.662602816714738	0.629340528651402	0	0.742568712267158	0	0.752953739313399	0.803154252295543	0.528073731506034	0.916020878206838	0	0	0	0	0	0	0	0	0	0	0	0	0	0	0	0	0	0	0	0	0	0	0	0	0	0	0	0	0	0	0	0	0	0	0	0	0	0	0
0	0	0	0	0	0	0	0	0	0	0	0	0	0	0	0	0	0	0	0	0	0	0	0	0	0	0	0	0	0	0.978814726507101	0	0	0	0	0	0.945729633328507	0	0	0	0	0	0	0.532216606462655	0.601276784028801	0.650665215979812	0.970706606098083	0	0	0.94851311678843	0.774033140804518	0.528316728297138	0	0.525865332055754	0	0.805396579602697	0	0	0	0	0	0	0	0	0	0	0	0	0	0	0	0	0	0	0	0	0	0	0	0	0	0	0	0	0	0	0	0	0	0
0	0	0	0	0	0	0	0	0	0	0	0	0	0	0	0	0	0	0	0	0	0	0	0	0	0	0	0	0	0	0	0	0	0	0	0	0	0	0	0	0	0	0.797079139089808	0	0.938086562801114	0.515306111112225	0.62789047012683	0	0	0.946205192156767	0	0.715316693206137	0.598458385317195	0	0	0	0	0	0	0	0	0	0	0	0	0	0	0	0	0	0	0	0	0	0	0	0	0	0	0	0	0	0	0	0	0	0	0	0	0
0	0	0	0	0	0	0	0	0	0	0	0	0	0	0	0	0	0	0	0	0	0	0	0	0	0	0	0	0	0	0	0.926649248916584	0	0	0	0	0	0	0	0	0.816191283888132	0	0	0	0	0.595507880491863	0.513089513466522	0.835087861763752	0.572594469540381	0	0.582526514519104	0.587916539616989	0.796502837389697	0	0	0	0	0	0.598239305209516	0	0	0	0	0	0	0	0	0	0	0	0	0	0	0	0	0	0	0	0	0	0	0	0	0	0	0	0	0	0	0
0	0	0	0	0	0	0	0	0	0	0	0	0	0	0	0	0	0	0	0	0	0	0	0	0	0	0	0	0	0	0	0	0	0.942800294078908	0	0	0	0	0	0	0	0	0	0	0	0	0.896433672615301	0.916840661788108	0	0.977830938243069	0	0.553713231251355	0.576607212296208	0.871344917495163	0.85419444352664	0	0	0	0	0	0	0	0	0	0	0	0	0	0	0	0	0	0	0	0	0	0	0	0	0	0	0	0	0	0	0	0	0	0	0
0	0	0	0	0	0	0	0	0	0	0	0	0	0	0	0	0	0	0	0	0	0	0	0	0	0	0	0	0	0	0	0	0	0.53855425195343	0.93582003062409	0	0	0	0	0	0	0	0	0	0	0	0	0.517413200146998	0.828098888762015	0.560373722390388	0.52511498770352	0	0.878364361645979	0.919938436229987	0.921801819649741	0.79791507234054	0	0	0.859367302218595	0.630812813181844	0	0	0	0	0	0	0	0	0	0	0	0	0	0	0	0	0	0	0	0	0	0	0	0	0	0	0	0	0	0
0	0	0	0	0	0	0	0	0	0	0	0	0	0	0	0	0	0	0	0	0	0	0	0	0	0	0	0	0	0	0	0	0	0	0	0	0	0	0	0	0	0	0	0	0	0	0	0	0.761269181547317	0.618059988200226	0.917531376082173	0.774915700868665	0	0	0.816427888151192	0.867559284387601	0.83767616567955	0	0	0.686035290722729	0	0	0	0	0	0	0	0	0	0	0	0	0	0	0	0	0	0	0	0	0	0	0	0	0	0	0	0	0	0
0	0	0	0	0	0	0	0	0	0	0	0	0	0	0	0	0	0	0	0	0	0	0	0	0	0	0	0	0	0	0	0	0	0	0	0	0	0	0	0	0	0	0	0	0	0	0	0.925661518426891	0	0	0.703177026735966	0.754354152565893	0	0	0.515165635511671	0.6330577392289	0.604718449797167	0.727947907351971	0	0	0	0	0	0	0	0	0	0	0	0	0	0	0	0	0	0	0	0	0	0	0	0	0	0	0	0	0	0	0	0
0	0	0	0	0	0	0	0	0	0	0	0	0	0	0	0	0	0	0	0	0	0	0	0	0	0	0	0	0	0	0	0	0	0	0	0	0	0	0	0	0	0	0	0	0	0	0	0	0	0	0.582805491702368	0.536140342145466	0.973550837639933	0.618632159161798	0	0.56812762262245	0.592304840580578	0.902340307406952	0.886626282068021	0	0	0	0	0	0	0	0	0	0	0	0	0	0	0	0	0	0	0	0	0	0	0	0	0	0	0	0	0	0	0
0	0	0	0	0	0	0	0	0	0	0	0	0	0	0	0	0	0	0	0	0	0	0	0	0	0	0	0	0	0	0	0.946053171654061	0	0	0	0	0	0	0	0	0	0	0	0	0	0	0	0.824907689283856	0	0	0	0.609318808170197	0.924988942818497	0.727456216028947	0.938844800542262	0	0	0.648417885752825	0.691176158166108	0.978466826178019	0	0	0	0	0	0	0	0	0	0	0	0	0	0	0	0	0	0	0	0	0	0	0	0	0	0	0	0	0	0
0	0	0	0	0	0	0	0	0	0	0	0	0	0	0	0	0	0	0	0	0	0	0	0	0	0	0	0	0	0	0.819078236782449	0	0.632490433232061	0	0.584183965577006	0	0	0	0	0	0.773958472699435	0	0.57694204910341	0	0.723908535171109	0	0	0	0	0	0	0	0.629922951607232	0.734991071674477	0.52873215933427	0	0	0	0	0.92498241153823	0	0	0	0	0	0	0	0	0	0	0	0	0	0	0	0	0	0	0	0	0	0	0	0	0	0	0	0	0	0
0	0	0	0	0	0	0	0	0	0	0	0	0	0	0	0	0	0	0	0	0	0	0	0	0	0	0	0	0	0	0.98001328024818	0	0	0	0.922241374075966	0	0	0	0	0	0.963598048325126	0	0	0	0	0	0	0	0	0	0	0	0	0.854852411246888	0.534559616570657	0.562988855278573	0	0	0	0.975923777831555	0	0	0	0	0	0	0	0	0	0	0	0	0	0	0	0	0	0	0	0	0	0	0	0	0	0	0	0	0	0
0	0	0	0	0	0	0	0	0	0	0	0	0	0	0	0	0	0	0	0	0	0	0	0	0	0	0	0	0	0	0	0.802876771123853	0	0	0	0	0.657011752571062	0	0	0	0	0	0	0	0	0	0	0	0	0.826864657269629	0	0.999258545593036	0	0	0.995867697278575	0.531521352153262	0	0	0	0.559764867465104	0	0	0	0	0	0	0	0	0	0	0	0	0	0	0	0	0	0	0	0	0	0	0	0	0	0	0	0	0	0
0	0	0	0	0	0	0	0	0	0	0	0	0	0	0	0	0	0	0	0	0	0	0	0	0	0	0	0	0	0	0	0.638628192118432	0.777973718858379	0.929174379665147	0	0	0	0	0	0	0	0.58464101937301	0	0	0	0	0	0	0	0	0	0.509354850751096	0.624892362888506	0	0	0.987089571921912	0.719772089523825	0.982578722957627	0.758978664625319	0	0	0	0	0	0	0	0	0	0	0	0	0	0	0	0	0	0	0	0	0	0	0	0	0	0	0	0	0	0	0
0	0	0	0	0	0	0	0	0	0	0	0	0	0	0	0	0	0	0	0	0	0	0	0	0	0	0	0	0	0	0	0	0	0	0	0	0	0	0	0	0	0	0	0	0	0	0	0	0	0	0	0	0	0	0	0	0	0	0	0	0	0.51980734173795	0.509407434083741	0.927937349639596	0.798194689132549	0.93088605270942	0	0	0.980970573393239	0	0.945306130375792	0	0	0	0	0	0	0	0.760693404233688	0	0.923781602946822	0	0	0.646503281869239	0.502622802513893	0	0	0.867031600414456	0.798619716009485	0.692565127341389
0	0	0	0	0	0	0	0	0	0	0	0	0	0	0	0	0	0	0	0	0	0	0	0	0	0	0	0	0	0	0	0	0	0	0	0	0	0	0	0	0	0	0	0	0	0	0	0	0	0	0	0	0	0	0	0	0	0	0	0	0.813129389226731	0	0.54391515082713	0.549673289141326	0	0	0	0	0.920272385147279	0.745942115543297	0	0.794104467894818	0	0	0	0.508933614078953	0.844874882167153	0.994196438622101	0	0	0	0.875922327804489	0.5696602489278	0.894361040777813	0	0.960646926552052	0.594334646829623	0.783095881272726	0	0.846926254141058
0	0	0	0	0	0	0	0	0	0	0	0	0	0	0	0	0	0	0	0	0	0	0	0	0	0	0	0	0	0	0	0	0	0	0	0	0	0	0	0	0	0	0	0	0	0	0	0	0	0	0	0	0	0	0	0	0	0	0	0	0.784012646485621	0.737379599795437	0	0.953333598250499	0.925905866403872	0	0	0	0.728065019160197	0.990165247190537	0	0	0.975452243268437	0	0.98354014084729	0.713547629398635	0	0	0	0	0.722284900132017	0	0.583517298611313	0	0.952598946642171	0	0	0.652878804248448	0	0.994563637261798
0	0	0	0	0	0	0	0	0	0	0	0	0	0	0	0	0	0	0	0	0	0	0	0	0	0	0	0	0	0	0	0	0	0	0	0	0	0	0	0	0	0	0	0	0	0	0	0	0	0	0	0	0	0	0	0	0	0	0	0	0.569470196484391	0.924584513733963	0.978100963430424	0	0	0.566693728114234	0.603785198662758	0.945893809876128	0	0	0	0.86621894631201	0	0	0	0.502748694381697	0.961444865369566	0	0	0	0.989184718409275	0.798911973742	0	0	0.611076936068717	0.886304619784818	0.789936782791281	0	0	0
0	0	0	0	0	0	0	0	0	0	0	0	0	0	0	0	0	0	0	0	0	0	0	0	0	0	0	0	0	0	0	0	0	0	0	0	0	0	0	0	0	0	0	0	0	0	0	0	0	0	0	0	0	0	0	0	0	0	0	0	0.956228584340029	0	0.680937333470867	0	0	0	0.625497146970771	0.582014079994104	0	0	0.807836659640293	0	0.961278494330932	0.507764715705179	0	0.919288464111538	0	0	0.588722655340571	0	0.690269593590895	0	0	0	0	0.913591484744192	0	0.639774178353332	0.882372099580785	0
0	0	0	0	0	0	0	0	0	0	0	0	0	0	0	0	0	0	0	0	0	0	0	0	0	0	0	0	0	0	0	0	0	0	0	0	0	0	0	0	0	0	0	0	0	0	0	0	0	0	0	0	0	0	0	0	0	0	0	0	0.826649505196699	0	0	0.928405037929389	0	0	0	0.517765514609625	0.520163687430674	0	0.805739598596762	0	0.792160883340501	0	0	0.531858845368839	0	0.978515185492558	0	0	0	0.674325588034471	0.921446746848621	0	0	0	0	0.500257812260091	0.879627307872331	0.50358151728375
0	0	0	0	0	0	0	0	0	0	0	0	0	0	0	0	0	0	0	0	0	0	0	0	0	0	0	0	0	0	0	0	0	0	0	0	0	0	0	0	0	0	0	0	0	0	0	0	0	0	0	0	0	0	0	0	0	0	0	0	0	0	0	0.664725660596214	0.69993145598055	0	0	0.657296580749284	0.784789811866569	0.675801034010945	0	0	0.768722309888151	0.789542579314322	0	0.532207507748131	0	0.765586999042316	0.715917624569828	0	0	0.555194718305712	0.617907139041505	0.552223901058599	0.51602203086544	0	0	0	0.667799282502473	0
0	0	0	0	0	0	0	0	0	0	0	0	0	0	0	0	0	0	0	0	0	0	0	0	0	0	0	0	0	0	0	0	0	0	0	0	0	0	0	0	0	0	0	0	0	0	0	0	0	0	0	0	0	0	0	0	0	0	0	0	0	0	0	0.73663242629764	0.604020342088268	0.538948269316623	0.835799458394059	0	0	0.65940896787499	0.660957233606354	0	0.82247719630884	0	0	0.969324595264963	0.75794027360578	0.890655363835707	0.569931380829018	0	0	0	0.542694333402928	0.848104594788626	0.735568241038587	0.961838502543053	0.920222183113769	0	0	0
0	0	0	0	0	0	0	0	0	0	0	0	0	0	0	0	0	0	0	0	0	0	0	0	0	0	0	0	0	0	0	0	0	0	0	0	0	0	0	0	0	0	0	0	0	0	0	0	0	0	0	0	0	0	0	0	0	0	0	0	0.752163119961345	0.577318595023526	0.917734224113033	0	0	0.842470321570705	0.872017052614182	0	0	0	0.905733966563333	0.794028822144967	0	0.508497773362515	0.503385286850778	0	0	0	0	0	0	0	0.562671562995301	0	0	0	0	0	0	0.508938112804351
0	0	0	0	0	0	0	0	0	0	0	0	0	0	0	0	0	0	0	0	0	0	0	0	0	0	0	0	0	0	0	0	0	0	0	0	0	0	0	0	0	0	0	0	0	0	0	0	0	0	0	0	0	0	0	0	0	0	0	0	0	0.808160034277838	0.946047740822791	0	0	0	0.879716516193624	0.99838611305797	0	0	0	0	0	0.696060412317055	0.717815820761124	0.536942296466507	0.940395553554133	0	0.706798598361005	0	0	0.972629924159335	0.739536717207379	0.903325361380463	0.802569881403475	0.744678978503007	0	0	0.570414528012044	0
0	0	0	0	0	0	0	0	0	0	0	0	0	0	0	0	0	0	0	0	0	0	0	0	0	0	0	0	0	0	0	0	0	0	0	0	0	0	0	0	0	0	0	0	0	0	0	0	0	0	0	0	0	0	0	0	0	0	0	0	0.723833371114804	0	0	0	0.981396082039707	0.736903824407612	0	0.825821232490179	0.909975221892872	0	0	0.597560210627014	0	0	0	0	0.94022570421849	0	0	0	0.993706977994151	0	0	0	0	0	0	0.999065761426613	0.729712602537604	0.74617367857163
0	0	0	0	0	0	0	0	0	0	0	0	0	0	0	0	0	0	0	0	0	0	0	0	0	0	0	0	0	0	0	0	0	0	0	0	0	0	0	0	0	0	0	0	0	0	0	0	0	0	0	0	0	0	0	0	0	0	0	0	0	0.676742810095856	0	0.547003674068156	0	0	0	0	0.613749100541848	0	0.901463358959184	0	0	0	0	0.582096531949536	0.854171581755464	0.775862989663862	0	0	0.544009061078687	0.994175676505247	0.687606670298316	0	0.711488481166938	0.644680584427752	0	0	0.560882332697621	0
0	0	0	0	0	0	0	0	0	0	0	0	0	0	0	0	0	0	0	0	0	0	0	0	0	0	0	0	0	0	0	0	0	0	0	0	0	0	0	0	0	0	0	0	0	0	0	0	0	0	0	0	0	0	0	0	0	0	0	0	0	0	0.58846168890533	0	0.980593208642245	0.731045939380748	0.663417510673124	0.93438054352942	0	0	0	0	0	0	0	0	0	0.904662984083425	0.56573324462228	0.675886130179207	0.509156449008309	0.929315199630685	0.540981834354581	0	0	0	0	0	0.680789989549643	0.73734987863552
0	0	0	0	0	0	0	0	0	0	0	0	0	0	0	0	0	0	0	0	0	0	0	0	0	0	0	0	0	0	0	0	0	0	0	0	0	0	0	0	0	0	0	0	0	0	0	0	0	0	0	0	0	0	0	0	0	0	0	0	0	0	0	0	0.656393609268776	0	0.872070615188554	0	0.664306476421523	0.878246523660377	0	0	0	0	0.646363374892593	0.760775374833503	0	0.835307588910564	0.750633334675164	0.655196174895016	0.823328540978287	0.90258382880087	0	0	0	0.558728190572862	0.866499397695559	0.730366047492624	0	0.693760004127127
0	0	0	0	0	0	0	0	0	0	0	0	0	0	0	0	0	0	0	0	0	0	0	0	0	0	0	0	0	0	0	0	0	0	0	0	0	0	0	0	0	0	0	0	0	0	0	0	0	0	0	0	0	0	0	0	0	0	0	0	0	0	0.666777952348245	0	0	0	0	0	0.731735304204402	0.914791386382442	0	0	0	0.837204874330108	0	0	0.715517032982461	0	0.712048145933472	0	0.675844539984238	0.965375641540604	0.622563258132052	0.878156906035559	0	0.667810734449844	0	0	0	0.549049712762139
0	0	0	0	0	0	0	0	0	0	0	0	0	0	0	0	0	0	0	0	0	0	0	0	0	0	0	0	0	0	0	0	0	0	0	0	0	0	0	0	0	0	0	0	0	0	0	0	0	0	0	0	0	0	0	0	0	0	0	0	0	0.795706371402977	0.952783463045862	0.684683065881439	0.763422104101299	0.668095755042551	0.940028044251758	0.69051208139599	0	0.869015468999652	0	0.643747752984062	0	0.600561897654977	0	0	0.580950462185781	0	0	0.604993691057604	0.868176127396555	0	0	0	0.826963646857027	0	0	0	0	0.853218049111275
0	0	0	0	0	0	0	0	0	0	0	0	0	0	0	0	0	0	0	0	0	0	0	0	0	0	0	0	0	0	0	0	0	0	0	0	0	0	0	0	0	0	0	0	0	0	0	0	0	0	0	0	0	0	0	0	0	0	0	0	0	0.520701978039123	0	0.505938401159859	0	0	0	0.923031216396101	0	0.67010495698248	0.88255750762967	0.933295404175902	0	0	0.974696157334202	0.84198807141663	0	0.9123585921729	0.946325176306668	0.546254248331117	0	0.633185774564156	0	0	0	0	0.771047062196299	0.621465752362063	0.605685482666481	0
0	0	0	0	0	0	0	0	0	0	0	0	0	0	0	0	0	0	0	0	0	0	0	0	0	0	0	0	0	0	0	0	0	0	0	0	0	0	0	0	0	0	0	0	0	0	0	0	0	0	0	0	0	0	0	0	0	0	0	0	0	0.700037192563002	0	0	0	0.506847802014075	0.688709576306709	0.554474680113642	0	0	0	0.921357692976664	0.557835665786528	0.806768311587574	0	0	0.540224341848716	0	0	0	0.851560220900169	0	0	0.508554060797314	0	0	0.695995997508697	0	0	0.550916175356711
0	0	0	0	0	0	0	0	0	0	0	0	0	0	0	0	0	0	0	0	0	0	0	0	0	0	0	0	0	0	0	0	0	0	0	0	0	0	0	0	0	0	0	0	0	0	0	0	0	0	0	0	0	0	0	0	0	0	0	0	0.808720087429308	0	0	0	0.947663796232797	0	0.912916670774312	0.67332108686101	0	0.677000454279034	0	0	0.909867092563989	0.577090026134261	0.951684412337471	0	0.776144463671934	0	0	0.680179432060154	0	0.899827098130957	0.711046046262405	0	0	0.879005787812356	0	0	0.57934168629684	0
0	0	0	0	0	0	0	0	0	0	0	0	0	0	0	0	0	0	0	0	0	0	0	0	0	0	0	0	0	0	0	0	0	0	0	0	0	0	0	0	0	0	0	0	0	0	0	0	0	0	0	0	0	0	0	0	0	0	0	0	0	0	0	0	0	0	0	0	0	0	0	0	0.707761102499493	0.623454532621991	0	0.929779223396126	0.85849452871145	0	0.683339772404545	0	0.54264773219911	0	0.992866221903123	0.639524332790529	0.987563467345142	0.906884205840952	0.699229600868295	0.63495278062775	0	0.762700766610832
0	0	0	0	0	0	0	0	0	0	0	0	0	0	0	0	0	0	0	0	0	0	0	0	0	0	0	0	0	0	0	0	0	0	0	0	0	0	0	0	0	0	0	0	0	0	0	0	0	0	0	0	0	0	0	0	0	0	0	0	0.658272780359889	0	0.811180877262593	0.801483482099132	0.593912404467704	0	0	0	0	0	0.538435881812368	0.803556221625763	0.948441940331481	0.952450073549598	0.539499777002608	0.661474715745863	0	0.664887753233264	0	0.98855604529793	0	0.58872022155784	0.606551874792007	0	0.866584193571134	0	0	0	0.88265174520426	0
0	0	0	0	0	0	0	0	0	0	0	0	0	0	0	0	0	0	0	0	0	0	0	0	0	0	0	0	0	0	0	0	0	0	0	0	0	0	0	0	0	0	0	0	0	0	0	0	0	0	0	0	0	0	0	0	0	0	0	0	0	0.8282018592485	0	0.517669444805012	0	0.536957216886265	0.569222121587077	0	0	0.689937330911242	0	0.572018286532552	0.557701325408589	0.973247019886272	0.802008293840481	0	0.763468181984925	0	0.913083958729291	0	0.885794047347856	0	0.936018188614232	0	0.791970025004887	0	0.847163178995503	0	0.756349024129512	0
0	0	0	0	0	0	0	0	0	0	0	0	0	0	0	0	0	0	0	0	0	0	0	0	0	0	0	0	0	0	0	0	0	0	0	0	0	0	0	0	0	0	0	0	0	0	0	0	0	0	0	0	0	0	0	0	0	0	0	0	0	0.831825330858372	0.741554895585597	0	0	0.966480418121627	0.703657134177204	0.961551659891894	0.602698247381805	0.616109232136164	0	0.535949436062686	0.818911960230534	0	0.581263115919463	0	0	0	0.863192508665285	0.84061763797211	0.747356843522398	0.976516792301961	0	0	0	0	0.748852588498094	0	0.735032076972764	0.672639402590575
0	0	0	0	0	0	0	0	0	0	0	0	0	0	0	0	0	0	0	0	0	0	0	0	0	0	0	0	0	0	0	0	0	0	0	0	0	0	0	0	0	0	0	0	0	0	0	0	0	0	0	0	0	0	0	0	0	0	0	0	0.693097056958486	0.756735199418675	0	0	0	0	0.612477592227958	0.800012214485918	0	0.683441184943689	0	0	0	0	0.817043651123903	0	0	0.959487443828305	0	0.897544134432653	0	0	0	0	0	0	0.932784451544752	0.920596142821019	0.654406566572562	0.54352893301825
0	0	0	0	0	0	0	0	0	0	0	0	0	0	0	0	0	0	0	0	0	0	0	0	0	0	0	0	0	0	0	0	0	0	0	0	0	0	0	0	0	0	0	0	0	0	0	0	0	0	0	0	0	0	0	0	0	0	0	0	0.887698883732908	0	0.81529981741797	0.99413091543689	0	0	0.797280711278098	0.686896839014468	0	0.945109060708938	0	0.560571344168532	0	0	0	0.512980511207107	0	0	0	0.539912956622456	0.745582742520246	0.916545439423782	0	0	0	0.94147617986203	0.867810849370853	0	0	0
0	0	0	0	0	0	0	0	0	0	0	0	0	0	0	0	0	0	0	0	0	0	0	0	0	0	0	0	0	0	0	0	0	0	0	0	0	0	0	0	0	0	0	0	0	0	0	0	0	0	0	0	0	0	0	0	0	0	0	0	0	0.555980471386222	0	0.563683311685967	0.60258066571075	0	0	0.576687916743147	0	0.50211205679516	0	0.583767191548192	0	0.678517637459723	0.835570097603325	0	0	0	0.977716148593769	0.704187549015461	0	0	0	0	0.86971259556961	0	0	0.523446505645744	0.942235961048125	0
0	0	0	0	0	0	0	0	0	0	0	0	0	0	0	0	0	0	0	0	0	0	0	0	0	0	0	0	0	0	0	0	0	0	0	0	0	0	0	0	0	0	0	0	0	0	0	0	0	0	0	0	0	0	0	0	0	0	0	0	0	0.679874203906803	0	0.864080743507573	0	0	0	0.797611377926794	0	0	0	0	0	0.924771625591216	0	0	0.677160175937318	0.817829474000736	0	0.884201135915247	0	0.638461053712208	0.678730967889853	0.794114450582435	0.719858640456715	0	0	0	0.514373182191074	0.771161381877833
0	0	0	0	0	0	0	0	0	0	0	0	0	0	0	0	0	0	0	0	0	0	0	0	0	0	0	0	0	0	0	0	0	0	0	0	0	0	0	0	0	0	0	0	0	0	0	0	0	0	0	0	0	0	0	0	0	0	0	0	0.573146461509502	0.897498028822162	0.800198352332138	0	0.941791617942541	0.924667025752201	0	0	0	0	0.648919483621842	0	0	0.76865925774134	0	0	0.893258970150264	0	0	0.537406425899894	0	0	0	0.591111886594723	0	0.84414244720428	0	0	0.961128805214566	0.872062514458354
0	0	0	0	0	0	0	0	0	0	0	0	0	0	0	0	0	0	0	0	0	0	0	0	0	0	0	0	0	0	0	0	0	0	0	0	0	0	0	0	0	0	0	0	0	0	0	0	0	0	0	0	0	0	0	0	0	0	0	0	0.592604825997947	0	0	0	0.673480877341788	0.79407599766932	0.510008024067374	0	0	0.730106175732126	0.748582016347211	0.906053765606782	0.799554591013448	0	0	0	0.685818505358409	0	0.96492839561746	0	0.518583227046112	0.858784391581272	0.969799673106973	0.540308155084241	0	0.858044464242476	0.781290035124444	0.98983216507701	0	0
0	0	0	0	0	0	0	0	0	0	0	0	0	0	0	0	0	0	0	0	0	0	0	0	0	0	0	0	0	0	0	0	0	0	0	0	0	0	0	0	0	0	0	0	0	0	0	0	0	0	0	0	0	0	0	0	0	0	0	0	0.668899146480312	0.534351837093861	0.795425531482678	0	0	0.905633952249371	0	0	0.812263310943	0	0.895498003095439	0	0.738925788791982	0.927065715907608	0.91669681564507	0.547912651015097	0	0.510922904745345	0	0.898456044611644	0	0	0.579461829934774	0.726665372290947	0	0	0.523162553677234	0.942632322983526	0	0
