0	0.98943901175056	0.537127438284219	0.558972203601996	0.974557373635221	0.507999895868955	0.836514213739099	0	0	0	0	0	0	0	0	0	0	0	0	0	0	0	0	0.888733360500646	0	0.680356888977348	0.647047288689542	0.558530027551916	0.593306108024483	0	0	0	0	0	0	0	0	0	0	0	0	0	0	0	0	0	0	0	0	0	0	0	0	0	0	0	0	0	0	0	0	0	0	0	0	0	0	0	0	0	0	0	0	0	0	0	0	0	0	0	0	0	0	0	0	0	0	0	0	0
0.537855482791363	0	0	0.697445819978798	0.629586469560193	0.964187273784488	0.772123028799452	0	0.961953681810678	0	0	0	0	0	0	0	0	0	0	0	0	0	0	0	0	0	0.970833013146633	0.551566208787751	0.851125025176176	0.957932961195074	0	0	0	0	0	0	0	0	0	0	0	0	0	0	0	0	0	0	0	0	0	0	0	0	0	0	0	0	0	0	0	0	0	0	0	0	0	0	0	0	0	0	0	0	0	0	0	0	0	0	0	0	0	0	0	0	0	0	0	0
0.623994757734238	0	0	0.733788297446877	0	0	0.61435607550818	0.921937407774325	0.897331332259048	0	0	0	0	0	0	0	0	0	0	0.934134056366284	0	0	0	0.867861441050765	0	0	0.708441513079197	0.900206855259255	0.787329153884803	0	0	0	0	0	0	0	0	0	0	0	0	0	0	0	0	0	0	0	0	0	0	0	0	0	0	0	0	0	0	0	0	0	0	0	0	0	0	0	0	0	0	0	0	0	0	0	0	0	0	0	0	0	0	0	0	0	0	0	0	0
0.678438505728872	0.6983399698716	0.973033190486043	0	0.614622878770888	0.725096779201094	0.642579336876387	0.622478953498312	0.513985078471609	0	0	0	0	0	0	0	0	0	0	0	0	0	0	0	0	0	0	0	0.693603562584748	0.624483687672073	0	0	0	0	0	0	0	0	0	0	0	0	0	0	0	0	0	0	0	0	0	0	0	0	0	0	0	0	0	0	0	0	0	0	0	0	0	0	0	0	0	0	0	0	0	0	0	0	0	0	0	0	0	0	0	0	0	0	0	0
0.631375100807718	0.671647255396555	0	0.620571953775199	0	0.865802776610235	0.683428063290057	0.715271150780915	0.691488539927475	0.59409593973793	0	0	0	0	0	0	0	0	0	0	0	0	0	0	0	0	0	0	0	0.903488308036198	0	0	0	0	0	0	0	0	0	0	0	0	0	0	0	0	0	0	0	0	0	0	0	0	0	0	0	0	0	0	0	0	0	0	0	0	0	0	0	0	0	0	0	0	0	0	0	0	0	0	0	0	0	0	0	0	0	0	0	0
0.539618111133843	0.896005371239721	0	0.637943582062586	0.631397247961012	0	0.918461042358324	0	0.999703028228079	0	0.772347105025833	0	0	0	0	0	0	0	0.877653191481103	0	0	0	0	0.967661484884135	0	0.762357991632221	0	0	0	0	0	0	0	0	0	0	0	0	0	0	0	0	0	0	0	0	0	0	0	0	0	0	0	0	0	0	0	0	0	0	0	0	0	0	0	0	0	0	0	0	0	0	0	0	0	0	0	0	0	0	0	0	0	0	0	0	0	0	0	0
0.743070933752103	0.520133568373943	0.86446384094232	0.56238428353302	0.579624753736522	0.892816948546326	0	0	0.613425540594746	0	0.595947018277448	0.880001536332512	0	0.500641589373241	0	0	0	0	0	0	0	0	0	0	0	0.768030894530567	0.954755045165329	0	0	0	0	0	0	0	0	0	0	0	0	0	0	0	0	0	0	0	0	0	0	0	0	0	0	0	0	0	0	0	0	0	0	0	0	0	0	0	0	0	0	0	0	0	0	0	0	0	0	0	0	0	0	0	0	0	0	0	0	0	0	0
0	0	0.772503512867561	0.871540289621591	0.582181835760583	0	0	0	0.964306447636482	0.803303844768808	0.914122580720149	0.749499403160407	0.912654017182858	0	0	0	0	0	0	0	0	0	0	0	0	0	0	0	0	0	0	0	0	0	0	0	0	0	0	0	0	0	0	0	0	0	0	0	0	0	0	0	0	0	0	0	0	0	0	0	0	0	0	0	0	0	0	0	0	0	0	0	0	0	0	0	0	0	0	0	0	0	0	0	0	0	0	0	0	0
0	0.95590453754999	0.527334005443105	0.510108947305463	0.979524780580821	0.606172919638318	0.533515592819663	0.652310109036978	0	0.503712526572735	0.785812457288098	0.608411872989956	0.827966621727415	0	0	0	0	0	0	0	0	0	0	0	0	0	0	0	0	0	0	0	0	0	0	0	0	0	0	0	0	0	0	0	0	0	0	0	0	0	0	0	0	0	0	0	0	0	0	0	0	0	0	0	0	0	0	0	0	0	0	0	0	0	0	0	0	0	0	0	0	0	0	0	0	0	0	0	0	0
0	0	0	0	0.581074452963466	0	0	0.846866691562704	0.783730026127406	0	0.64842918855528	0.587372736871905	0.852507889464804	0.554286158986782	0.831312734571961	0	0	0	0	0	0	0	0	0	0	0	0	0	0	0	0	0	0	0	0	0	0	0	0	0	0	0	0	0	0	0	0	0	0	0	0	0	0	0	0	0	0	0	0	0	0	0	0	0	0	0	0	0	0	0	0	0	0	0	0	0	0	0	0	0	0	0	0	0	0	0	0	0	0	0
0	0	0	0	0	0.753191634745721	0.707072164840727	0.947519419309838	0.542610097227608	0.956863206581712	0	0.914814266291675	0.629015066836934	0.731428980048382	0.98184512274047	0.758851329620498	0	0	0	0	0	0	0	0	0	0	0	0	0	0	0	0	0	0	0	0	0	0	0	0	0	0	0	0	0	0	0	0	0	0	0	0	0	0	0	0	0	0	0	0	0	0	0	0	0	0	0	0	0	0	0	0	0	0	0	0	0	0	0	0	0	0	0	0	0	0	0	0	0	0
0	0	0	0	0	0	0.66336311279055	0.592463914105235	0.711785505091998	0.863700914230117	0.586508347457812	0	0	0.540738694920531	0.793440854874532	0.960493268830839	0.681601119846406	0	0.996330358278014	0	0	0	0	0	0	0	0	0	0	0	0	0	0	0	0	0	0	0	0	0	0	0	0	0	0	0	0	0	0	0	0	0	0	0	0	0	0	0	0	0	0	0	0	0	0	0	0	0	0	0	0	0	0	0	0	0	0	0	0	0	0	0	0	0	0	0	0	0	0	0
0	0	0	0	0	0	0	0.962560554156417	0.829874217702278	0.50047557775259	0.538035634827414	0	0	0.728252078027501	0.613973388359523	0.866807975862647	0.8835554107443	0.545805609714401	0	0	0	0.941494444931847	0	0	0	0	0	0.724890135966354	0	0	0	0	0	0	0	0	0	0	0	0	0	0	0	0	0	0	0	0	0	0	0	0	0	0	0	0	0	0	0	0	0	0	0	0	0	0	0	0	0	0	0	0	0	0	0	0	0	0	0	0	0	0	0	0	0	0	0	0	0	0
0	0	0	0	0	0	0.978415572375387	0	0	0.738407480710128	0.590690788227579	0.627510744177972	0.72309956247446	0	0.74073961261704	0.719254926003976	0	0	0.697336084019448	0	0	0	0.953198237677692	0	0	0	0	0	0	0	0	0	0	0	0	0	0	0	0	0	0	0	0	0	0	0	0	0	0	0	0	0	0	0	0	0	0	0	0	0	0	0	0	0	0	0	0	0	0	0	0	0	0	0	0	0	0	0	0	0	0	0	0	0	0	0	0	0	0	0
0	0	0	0	0	0	0	0	0	0.858727574886913	0.954417304112465	0.69615879604259	0.582013692637589	0.666663229071043	0	0.915486460211405	0.524448902996472	0.527039022876403	0.822870417605783	0.575082863270948	0	0	0	0	0	0	0	0	0	0	0	0	0	0	0	0	0	0	0	0	0	0	0	0	0	0	0	0	0	0	0	0	0	0	0	0	0	0	0	0	0	0	0	0	0	0	0	0	0	0	0	0	0	0	0	0	0	0	0	0	0	0	0	0	0	0	0	0	0	0
0	0	0	0	0	0	0	0	0	0	0.618245161730129	0.692629997315616	0.725528644656268	0.66576475333733	0.643102241747843	0	0.595155824378037	0.924490570996221	0.689756000351743	0.991395976435134	0.74520471786032	0	0	0	0	0	0	0	0	0	0	0	0	0	0	0	0	0	0	0	0	0	0	0	0	0	0	0	0	0	0	0	0	0	0	0	0	0	0	0	0	0	0	0	0	0	0	0	0	0	0	0	0	0	0	0	0	0	0	0	0	0	0	0	0	0	0	0	0	0
0	0	0	0	0	0	0	0	0	0	0	0.749641848791408	0.517484926155648	0	0.886835390739613	0.674129936174975	0	0.735298230320512	0.721884470427809	0.765393324370664	0.977822959133353	0.525085333389752	0	0	0	0	0	0	0	0.956793113344631	0	0	0	0	0	0	0	0	0	0	0	0	0	0	0	0	0	0	0	0	0	0	0	0	0	0	0	0	0	0	0	0	0	0	0	0	0	0	0	0	0	0	0	0	0	0	0	0	0	0	0	0	0	0	0	0	0	0	0	0
0	0	0	0	0	0	0	0	0	0	0	0	0.611828793260801	0	0.70906471407526	0.69918009734046	0.594237997713162	0	0.704807514067491	0.8095256189616	0.530131518962119	0.509747699448394	0.509896671261459	0	0	0	0	0	0	0	0	0	0	0	0	0	0	0	0	0	0	0	0	0	0	0	0	0	0	0	0	0	0	0	0	0	0	0	0	0	0	0	0	0	0	0	0	0	0	0	0	0	0	0	0	0	0	0	0	0	0	0	0	0	0	0	0	0	0	0
0	0	0	0	0	0.907092537435995	0	0	0	0	0	0.616818680958613	0	0.848588194790164	0.738347611467065	0.51528302619236	0.660526162282207	0.944290354833295	0	0.832846225739729	0.999892995497119	0.551895648513873	0.94894882784755	0.566967005076155	0	0	0	0	0	0	0	0	0	0	0	0	0	0	0	0	0	0	0	0	0	0	0	0	0	0	0	0	0	0	0	0	0	0	0	0	0	0	0	0	0	0	0	0	0	0	0	0	0	0	0	0	0	0	0	0	0	0	0	0	0	0	0	0	0	0
0	0	0.597217338984989	0	0	0	0	0	0	0	0	0	0	0	0.636621601166672	0.831394360831961	0.689144936380235	0.989255545826559	0.771531304614294	0	0.701257941460554	0	0.987906045570591	0.773199947774107	0.657766635768923	0	0	0	0	0.597333275809012	0	0	0	0	0	0	0	0	0	0	0	0	0	0	0	0	0	0	0	0	0	0	0	0	0	0	0	0	0	0	0	0	0	0	0	0	0	0	0	0	0	0	0	0	0	0	0	0	0	0	0	0	0	0	0	0	0	0	0	0
0	0	0	0	0	0	0	0	0	0	0	0	0	0	0	0.688121413619925	0.842362273902035	0.642570190168609	0.875155267680091	0.84261871583489	0	0.550651707150961	0.782832840805321	0.889355079289187	0.598361116750173	0.614611217543504	0	0	0	0	0	0	0	0	0	0	0	0	0	0	0	0	0	0	0	0	0	0	0	0	0	0	0	0	0	0	0	0	0	0	0	0	0	0	0	0	0	0	0	0	0	0	0	0	0	0	0	0	0	0	0	0	0	0	0	0	0	0	0	0
0	0	0	0	0	0	0	0	0	0	0	0	0.862528489382346	0	0	0	0.949461199404954	0.634077105990894	0.688753013251231	0	0.63557220712581	0	0.853561366248405	0.603821122383181	0.849219376578907	0.500307126699027	0.605418969883562	0	0	0	0	0	0	0	0	0	0	0	0	0	0	0	0	0	0	0	0	0	0	0	0	0	0	0	0	0	0	0	0	0	0	0	0	0	0	0	0	0	0	0	0	0	0	0	0	0	0	0	0	0	0	0	0	0	0	0	0	0	0	0
0	0	0	0	0	0	0	0	0	0	0	0	0	0.886788373957631	0	0	0	0.918100225841928	0.592321724277832	0.912058966216474	0.884332107462989	0.551673767766338	0	0.607994431494533	0.948160560193141	0.874760263617271	0.897648172357944	0.81094531376662	0	0	0	0	0	0	0	0	0	0	0	0	0	0	0	0	0	0	0	0	0	0	0	0	0	0	0	0	0	0	0	0	0	0	0	0	0	0	0	0	0	0	0	0	0	0	0	0	0	0	0	0	0	0	0	0	0	0	0	0	0	0
0.662226346910771	0	0.555348188627065	0	0	0.620551226156376	0	0	0	0	0	0	0	0	0	0	0	0	0.517774144634148	0.746824140709114	0.872772968273556	0.568902063495855	0.764379626466153	0	0.549930793814021	0.96569612702756	0	0.771661139532192	0	0	0	0	0	0	0	0	0	0	0	0	0	0	0	0	0	0	0	0	0	0	0	0	0	0	0	0	0	0	0	0	0	0	0	0	0	0	0	0	0	0	0	0	0	0	0	0	0	0	0	0	0	0	0	0	0	0	0	0	0	0
0	0	0	0	0	0	0	0	0	0	0	0	0	0	0	0	0	0	0	0.910760563867058	0.57611709618403	0.819814520117444	0.640256890170868	0.673287904999329	0	0	0.802712093742141	0.56729173711315	0.781097463690539	0.612153896628595	0	0	0	0	0	0	0	0	0	0	0	0	0	0	0	0	0	0	0	0	0	0	0	0	0	0	0	0	0	0	0	0	0	0	0	0	0	0	0	0	0	0	0	0	0	0	0	0	0	0	0	0	0	0	0	0	0	0	0	0
0.817604021247221	0	0	0	0	0.730414791129137	0.746274734059544	0	0	0	0	0	0	0	0	0	0	0	0	0	0.768070233623357	0.726771901305332	0.553691769690956	0.956355865441202	0	0	0.842466196957082	0	0.67355869652048	0.516380894713418	0	0	0	0	0	0	0	0	0	0	0	0	0	0	0	0	0	0	0	0	0	0	0	0	0	0	0	0	0	0	0	0	0	0	0	0	0	0	0	0	0	0	0	0	0	0	0	0	0	0	0	0	0	0	0	0	0	0	0	0
0.807666322712024	0.824812698579323	0.775842372161294	0	0	0	0.853270320991182	0	0	0	0	0	0	0	0	0	0	0	0	0	0	0.73153602432	0.604148013264314	0	0.771114891274271	0.603542139376748	0	0.716538732100999	0.557757816419609	0.930761885703759	0	0	0	0	0	0	0	0	0	0	0	0	0	0	0	0	0	0	0	0	0	0	0	0	0	0	0	0	0	0	0	0	0	0	0	0	0	0	0	0	0	0	0	0	0	0	0	0	0	0	0	0	0	0	0	0	0	0	0	0
0.722170641718709	0.588434963225301	0.823800425405055	0	0	0	0	0	0	0	0	0	0.504286740944293	0	0	0	0	0	0	0	0	0	0.927227514649843	0.638618083068512	0.805348646779914	0	0.771671807360389	0	0	0.864572883834585	0	0	0	0	0	0	0	0	0	0	0	0	0	0	0	0	0	0	0	0	0	0	0	0	0	0	0	0	0	0	0	0	0	0	0	0	0	0	0	0	0	0	0	0	0	0	0	0	0	0	0	0	0	0	0	0	0	0	0	0
0.837321610133077	0.598615610354212	0.912250426228366	0.50449343207089	0	0	0	0	0	0	0	0	0	0	0	0	0	0	0	0	0	0	0	0	0.708756549543252	0.634106481295597	0.943700163321646	0	0	0.539136057484178	0	0	0	0	0	0	0	0	0	0	0	0	0	0	0	0	0	0	0	0	0	0	0	0	0	0	0	0	0	0	0	0	0	0	0	0	0	0	0	0	0	0	0	0	0	0	0	0	0	0	0	0	0	0	0	0	0	0	0	0
0	0.906945612249946	0	0.966176519657861	0.625680825167795	0	0	0	0	0	0	0	0	0	0	0	0.507794285940875	0	0	0.613640313706104	0	0	0	0	0.567002600538555	0.878685874203281	0.952762888669581	0.621796805105678	0.530991181280629	0	0	0	0	0	0	0	0	0	0	0	0	0	0	0	0	0	0	0	0	0	0	0	0	0	0	0	0	0	0	0	0	0	0	0	0	0	0	0	0	0	0	0	0	0	0	0	0	0	0	0	0	0	0	0	0	0	0	0	0	0
0	0	0	0	0	0	0	0	0	0	0	0	0	0	0	0	0	0	0	0	0	0	0	0	0	0	0	0	0	0	0	0	0	0.870742863759547	0	0	0	0	0	0	0	0	0.703408470305118	0.569375867970946	0	0	0	0	0	0.640505052038676	0	0	0.881039455064603	0	0.822858031948544	0	0	0.75853480802571	0.58994861769664	0.575825124109298	0	0	0	0	0	0	0	0	0	0	0	0	0	0	0	0	0	0	0	0	0	0	0	0	0	0	0	0	0	0
0	0	0	0	0	0	0	0	0	0	0	0	0	0	0	0	0	0	0	0	0	0	0	0	0	0	0	0	0	0	0	0	0.909629125166403	0	0	0.670078752629969	0	0	0.642577299642662	0.579180000351828	0	0	0	0	0	0	0	0.804587534301854	0	0	0.557803525860315	0	0.936529874094148	0.922432820366475	0	0	0	0	0.940581633468529	0.644358393093293	0	0	0	0	0	0	0	0	0	0	0	0	0	0	0	0	0	0	0	0	0	0	0	0	0	0	0	0	0	0
0	0	0	0	0	0	0	0	0	0	0	0	0	0	0	0	0	0	0	0	0	0	0	0	0	0	0	0	0	0	0	0.551021003674655	0	0	0	0	0	0.974183812294454	0	0	0	0.854757566220147	0.818584407642588	0	0	0	0	0.67939197431948	0	0	0.750601905696245	0	0	0	0	0	0	0	0.922125560010709	0.751378299401009	0	0	0	0	0	0	0	0	0	0	0	0	0	0	0	0	0	0	0	0	0	0	0	0	0	0	0	0	0	0
0	0	0	0	0	0	0	0	0	0	0	0	0	0	0	0	0	0	0	0	0	0	0	0	0	0	0	0	0	0	0.541553963040975	0	0	0	0	0	0	0.82265597448729	0	0	0	0	0	0	0	0	0	0.713561721914012	0	0	0.717161308952385	0.665018021995636	0	0	0.622961002937686	0	0	0	0	0	0	0	0	0	0	0	0	0	0	0	0	0	0	0	0	0	0	0	0	0	0	0	0	0	0	0	0	0	0	0
0	0	0	0	0	0	0	0	0	0	0	0	0	0	0	0	0	0	0	0	0	0	0	0	0	0	0	0	0	0	0	0	0	0	0	0	0	0	0	0	0	0	0	0	0	0	0.827979411420407	0	0.720286521979794	0.89249014704841	0.701715271096578	0	0.799297683397119	0	0	0	0	0	0	0.906679885711299	0	0	0	0	0	0	0	0	0	0	0	0	0	0	0	0	0	0	0	0	0	0	0	0	0	0	0	0	0	0
0	0	0	0	0	0	0	0	0	0	0	0	0	0	0	0	0	0	0	0	0	0	0	0	0	0	0	0	0	0	0	0.77052888227294	0	0	0	0	0.89233976150715	0	0.664791192634566	0.830081140484767	0.702847943620448	0	0.624902645003846	0	0	0	0	0	0	0	0	0	0.906673366721817	0.808153550157355	0	0.580569281804218	0	0	0	0	0	0	0	0	0	0	0	0	0	0	0	0	0	0	0	0	0	0	0	0	0	0	0	0	0	0	0	0	0	0
0	0	0	0	0	0	0	0	0	0	0	0	0	0	0	0	0	0	0	0	0	0	0	0	0	0	0	0	0	0	0	0	0	0	0	0.972039651490676	0	0.917984610282931	0	0	0	0	0	0.625013286820519	0.646622954100438	0	0	0	0	0.851511322936748	0	0	0	0.844855600070193	0	0	0	0.990738560241802	0	0	0	0	0	0	0	0	0	0	0	0	0	0	0	0	0	0	0	0	0	0	0	0	0	0	0	0	0	0	0	0
0	0	0	0	0	0	0	0	0	0	0	0	0	0	0	0	0	0	0	0	0	0	0	0	0	0	0	0	0	0	0	0	0.712417081723312	0.84574077270063	0	0	0.77400971697006	0	0	0	0	0	0.613942594735216	0	0	0	0	0.545406475876728	0	0	0	0	0	0	0	0	0.929483995461396	0.824373013081541	0	0	0	0	0	0	0	0	0	0	0	0	0	0	0	0	0	0	0	0	0	0	0	0	0	0	0	0	0	0	0	0
0	0	0	0	0	0	0	0	0	0	0	0	0	0	0	0	0	0	0	0	0	0	0	0	0	0	0	0	0	0	0	0.72199072641657	0	0	0	0.576268508439085	0	0	0	0	0	0	0	0	0	0.911902760504701	0	0	0	0.584165646272061	0	0	0.695390945301289	0	0	0.779450521626861	0	0	0	0.706047314779392	0	0	0	0	0	0	0	0	0	0	0	0	0	0	0	0	0	0	0	0	0	0	0	0	0	0	0	0	0	0
0	0	0	0	0	0	0	0	0	0	0	0	0	0	0	0	0	0	0	0	0	0	0	0	0	0	0	0	0	0	0	0.700533865907677	0	0	0	0.735465023007437	0	0	0	0	0	0.618315358255295	0	0	0.806043421419516	0.809051407058301	0.579353352315823	0	0	0	0	0	0	0	0	0.966925667563268	0	0	0	0	0	0	0	0	0	0	0	0	0	0	0	0	0	0	0	0	0	0	0	0	0	0	0	0	0	0	0	0	0	0
0	0	0	0	0	0	0	0	0	0	0	0	0	0	0	0	0	0	0	0	0	0	0	0	0	0	0	0	0	0	0	0	0	0	0	0.557003550646053	0	0	0	0	0	0	0.50082533166943	0.588667906494275	0.742080706390515	0	0	0	0	0	0	0	0	0	0	0.961822336274119	0.586852673919537	0	0	0	0	0	0	0	0	0	0	0	0	0	0	0	0	0	0	0	0	0	0	0	0	0	0	0	0	0	0	0	0	0
0	0	0	0	0	0	0	0	0	0	0	0	0	0	0	0	0	0	0	0	0	0	0	0	0	0	0	0	0	0	0	0	0.669072764059939	0	0	0	0	0	0	0.70736799209062	0	0	0	0.557475423048639	0	0	0	0	0	0	0	0.722446248726887	0	0.968026818697896	0.648073832291425	0	0	0	0	0	0	0	0	0	0	0	0	0	0	0	0	0	0	0	0	0	0	0	0	0	0	0	0	0	0	0	0	0	0	0
0	0	0	0	0	0	0	0	0	0	0	0	0	0	0	0	0	0	0	0	0	0	0	0	0	0	0	0	0	0	0.782168486077289	0	0.895704048065789	0	0	0.822585990032221	0	0.589284487987831	0	0	0.75829081192191	0	0	0	0	0	0	0	0.64538884651044	0	0	0	0	0	0	0	0	0	0	0.691177468561659	0	0	0	0	0	0	0	0	0	0	0	0	0	0	0	0	0	0	0	0	0	0	0	0	0	0	0	0	0	0
0	0	0	0	0	0	0	0	0	0	0	0	0	0	0	0	0	0	0	0	0	0	0	0	0	0	0	0	0	0	0.99083094639288	0	0	0	0	0	0.533090798110013	0	0	0	0.880234405954931	0.861830602391652	0	0	0	0.563075174350399	0.833542180957908	0	0	0	0	0.666231193681077	0.617850975432527	0	0	0.72577065448624	0.739208505714513	0	0.508286162949712	0	0	0	0	0	0	0	0	0	0	0	0	0	0	0	0	0	0	0	0	0	0	0	0	0	0	0	0	0	0	0
0	0	0	0	0	0	0	0	0	0	0	0	0	0	0	0	0	0	0	0	0	0	0	0	0	0	0	0	0	0	0	0	0	0	0	0	0.603913831571305	0	0	0.895308602895919	0.709080215863216	0	0	0	0	0	0	0	0.909033377283439	0.662233067811646	0.674360035466956	0	0	0	0.879786706090338	0	0.567184292867212	0	0.613080331647656	0	0	0	0	0	0	0	0	0	0	0	0	0	0	0	0	0	0	0	0	0	0	0	0	0	0	0	0	0	0	0
0	0	0	0	0	0	0	0	0	0	0	0	0	0	0	0	0	0	0	0	0	0	0	0	0	0	0	0	0	0	0	0	0	0	0	0	0	0	0.614093897475827	0.521793156513087	0	0	0	0.972854215766292	0	0	0.841883271866086	0	0	0	0	0	0.833384424934243	0	0	0	0	0	0.640771981632489	0	0	0	0	0	0	0	0	0	0	0	0	0	0	0	0	0	0	0	0	0	0	0	0	0	0	0	0	0	0	0
0	0	0	0	0	0	0	0	0	0	0	0	0	0	0	0	0	0	0	0	0	0	0	0	0	0	0	0	0	0	0	0	0	0	0.507255988874419	0	0	0	0	0.935095696132553	0	0	0	0.517748139450393	0	0.601537221440011	0	0.777257175277669	0.500330194559285	0	0	0.597254342161984	0	0	0	0	0	0	0	0.504179818209356	0	0	0	0	0	0	0	0	0	0	0	0	0	0	0	0	0	0	0	0	0	0	0	0	0	0	0	0	0	0
0	0	0	0	0	0	0	0	0	0	0	0	0	0	0	0	0	0	0	0	0	0	0	0	0	0	0	0	0	0	0	0.596247304096507	0.862009556647001	0.758932499701859	0	0	0	0.888923973016749	0	0	0	0	0	0	0	0	0.543982721748736	0	0	0	0.696513960461593	0	0	0	0	0	0	0.561662468934382	0	0	0	0	0	0	0	0	0	0	0	0	0	0	0	0	0	0	0	0	0	0	0	0	0	0	0	0	0	0	0	0
0	0	0	0	0	0	0	0	0	0	0	0	0	0	0	0	0	0	0	0	0	0	0	0	0	0	0	0	0	0	0	0	0	0	0.535990806776919	0	0	0	0	0	0	0	0.71281154903002	0	0.903880947164872	0	0.612922797579014	0	0	0.598537015016907	0	0	0.603126759325118	0	0	0	0	0	0.519574049513097	0	0	0	0	0	0	0	0	0	0	0	0	0	0	0	0	0	0	0	0	0	0	0	0	0	0	0	0	0	0	0
0	0	0	0	0	0	0	0	0	0	0	0	0	0	0	0	0	0	0	0	0	0	0	0	0	0	0	0	0	0	0.959895342467677	0	0	0	0.725235661839165	0	0.830977703162616	0	0.886409571755516	0	0	0	0	0	0.520612760845557	0	0	0	0.729015851763285	0	0	0.636310997460447	0.821633924865207	0.719297616890929	0	0	0	0	0	0	0	0	0	0	0	0	0	0	0	0	0	0	0	0	0	0	0	0	0	0	0	0	0	0	0	0	0	0	0	0
0	0	0	0	0	0	0	0	0	0	0	0	0	0	0	0	0	0	0	0	0	0	0	0	0	0	0	0	0	0	0	0.741359381120016	0.680531887223218	0.506036559137185	0.743037298108689	0	0	0	0	0	0	0	0	0	0.538534374810949	0	0	0.536463677250896	0	0	0	0	0.596204314922525	0	0.644915424694195	0	0	0	0.675551086621112	0.930089322421935	0	0	0	0	0	0	0	0	0	0	0	0	0	0	0	0	0	0	0	0	0	0	0	0	0	0	0	0	0	0
0	0	0	0	0	0	0	0	0	0	0	0	0	0	0	0	0	0	0	0	0	0	0	0	0	0	0	0	0	0	0	0	0	0.533234252072029	0	0	0	0	0	0	0	0.504005839105012	0	0.898648821581999	0	0	0.796411332955671	0	0	0.660923853344673	0	0	0.860506413181827	0.608356607693571	0.974310643067889	0	0	0	0	0.539136732844286	0	0	0	0	0	0	0	0	0	0	0	0	0	0	0	0	0	0	0	0	0	0	0	0	0	0	0	0	0	0
0	0	0	0	0	0	0	0	0	0	0	0	0	0	0	0	0	0	0	0	0	0	0	0	0	0	0	0	0	0	0.626016494162432	0.921209125427213	0	0	0.522047349934124	0.8612553701585	0	0	0.760085985234273	0	0	0	0	0.862528428802562	0	0.830647278994578	0	0	0.739354003481837	0.571869153269746	0.630469602848553	0.645151180489799	0	0	0	0	0.775596056675874	0	0	0	0	0	0	0	0	0	0	0	0	0	0	0	0	0	0	0	0	0	0	0	0	0	0	0	0	0	0	0	0	0
0	0	0	0	0	0	0	0	0	0	0	0	0	0	0	0	0	0	0	0	0	0	0	0	0	0	0	0	0	0	0	0.731197996528901	0	0	0	0.866831671148334	0.88029506334587	0	0	0	0	0.834977614740275	0	0	0	0	0	0	0	0.599535986490121	0	0.502447828802292	0	0	0	0	0	0	0.564053878533075	0.605604540015342	0	0	0	0	0	0	0	0	0	0	0	0	0	0	0	0	0	0	0	0	0	0	0	0	0	0	0	0	0	0
0	0	0	0	0	0	0	0	0	0	0	0	0	0	0	0	0	0	0	0	0	0	0	0	0	0	0	0	0	0	0.834631278334221	0	0	0.781469401523639	0	0	0	0	0	0	0	0.673100920081122	0	0	0.857297904046357	0	0	0	0	0	0.89674628401159	0.554488860323017	0	0	0	0	0	0	0.679459543886829	0.958986709129338	0	0	0	0	0	0	0	0	0	0	0	0	0	0	0	0	0	0	0	0	0	0	0	0	0	0	0	0	0	0
0	0	0	0	0	0	0	0	0	0	0	0	0	0	0	0	0	0	0	0	0	0	0	0	0	0	0	0	0	0	0	0	0	0	0	0.960160151492681	0	0	0.988361592508942	0.704952751967905	0.613949939575363	0	0	0.646778742213611	0	0	0	0	0	0	0	0	0	0	0	0	0	0	0	0.854573972003608	0	0	0	0	0	0	0	0	0	0	0	0	0	0	0	0	0	0	0	0	0	0	0	0	0	0	0	0	0	0
0	0	0	0	0	0	0	0	0	0	0	0	0	0	0	0	0	0	0	0	0	0	0	0	0	0	0	0	0	0	0	0	0	0	0	0	0	0.722844101468319	0	0	0.973129099539176	0	0	0.638386710085981	0.804962384158753	0	0	0	0	0	0	0	0.704219834683028	0	0	0	0	0	0.532003939833	0	0	0	0	0	0	0	0	0	0	0	0	0	0	0	0	0	0	0	0	0	0	0	0	0	0	0	0	0	0	0
0	0	0	0	0	0	0	0	0	0	0	0	0	0	0	0	0	0	0	0	0	0	0	0	0	0	0	0	0	0	0.98240492084632	0	0	0	0	0	0.947246568291044	0.746167634829574	0	0	0	0	0	0	0	0	0	0.829663692616947	0	0	0	0	0	0	0	0	0	0	0.927559340081905	0	0	0	0	0	0	0	0	0	0	0	0	0	0	0	0	0	0	0	0	0	0	0	0	0	0	0	0	0	0	0
0	0	0	0	0	0	0	0	0	0	0	0	0	0	0	0	0	0	0	0	0	0	0	0	0	0	0	0	0	0	0.764637124854885	0.65773973979812	0.650227489452793	0	0	0	0	0	0	0	0	0	0	0.590936919079161	0.955411939702356	0.826411459092128	0	0	0.848421689353182	0	0.838213340987456	0	0	0.661413861919029	0.910373077384032	0	0.757142314019329	0.955384792769384	0	0	0	0	0	0	0	0	0	0	0	0	0	0	0	0	0	0	0	0	0	0	0	0	0	0	0	0	0	0	0	0
0	0	0	0	0	0	0	0	0	0	0	0	0	0	0	0	0	0	0	0	0	0	0	0	0	0	0	0	0	0	0.682729209515595	0.67267003717772	0.968819799298563	0	0.556882058643017	0	0	0	0.77095102643612	0	0	0	0.528796862654654	0	0	0	0.633270415801321	0	0	0	0.984241924970838	0.579163553671585	0	0.531840181020629	0.709648137303353	0.796817092694994	0	0	0	0	0	0	0	0	0	0	0	0	0	0	0	0	0	0	0	0	0	0	0	0	0	0	0	0	0	0	0	0	0	0
0	0	0	0	0	0	0	0	0	0	0	0	0	0	0	0	0	0	0	0	0	0	0	0	0	0	0	0	0	0	0	0	0	0	0	0	0	0	0	0	0	0	0	0	0	0	0	0	0	0	0	0	0	0	0	0	0	0	0	0	0	0.896535908772574	0.585470186170331	0.786467903053773	0.694312212558523	0.704003394888527	0.681671845353154	0	0	0.74015014229457	0	0.664227121988317	0	0	0	0	0	0	0	0	0	0	0	0	0.903231104526989	0.748531165056356	0	0	0	0.690823097409825
0	0	0	0	0	0	0	0	0	0	0	0	0	0	0	0	0	0	0	0	0	0	0	0	0	0	0	0	0	0	0	0	0	0	0	0	0	0	0	0	0	0	0	0	0	0	0	0	0	0	0	0	0	0	0	0	0	0	0	0	0.688313998446863	0	0.529301269732392	0	0	0.830001395869392	0.634523064232644	0	0.659291000046483	0.935453223050751	0	0	0	0	0.593527640395571	0.582706868935807	0.625562291284938	0.577983616666762	0.628256979618206	0	0	0.65224899255843	0.881529578492027	0.782681463037486	0	0.841383421741511	0.534667818029224	0.889482762862576	0.852283933221091	0.548833383272127
0	0	0	0	0	0	0	0	0	0	0	0	0	0	0	0	0	0	0	0	0	0	0	0	0	0	0	0	0	0	0	0	0	0	0	0	0	0	0	0	0	0	0	0	0	0	0	0	0	0	0	0	0	0	0	0	0	0	0	0	0.975183419234308	0.794063688240065	0	0.77348018653272	0.978685476213552	0.991591331653698	0.939768118910828	0.92391421853786	0.694859666675176	0.807046406113994	0	0	0	0.871380278143624	0.82431211697401	0	0	0	0	0.626302592084116	0	0	0	0.773265897646683	0	0.505000529951317	0	0.920955221254656	0.66994773031349	0.964025031977152
0	0	0	0	0	0	0	0	0	0	0	0	0	0	0	0	0	0	0	0	0	0	0	0	0	0	0	0	0	0	0	0	0	0	0	0	0	0	0	0	0	0	0	0	0	0	0	0	0	0	0	0	0	0	0	0	0	0	0	0	0.856965497986914	0	0.664373057939023	0	0.514495374384658	0.945578516112972	0.629453400349122	0.599750665765756	0.810039808801805	0.807336864443875	0	0	0	0	0	0	0	0	0	0	0	0	0	0	0	0	0.720351817128313	0	0	0.753756829450741
0	0	0	0	0	0	0	0	0	0	0	0	0	0	0	0	0	0	0	0	0	0	0	0	0	0	0	0	0	0	0	0	0	0	0	0	0	0	0	0	0	0	0	0	0	0	0	0	0	0	0	0	0	0	0	0	0	0	0	0	0.650138692820829	0	0.717270258990951	0.61598262590636	0	0.812250518695398	0.824471331375083	0.73050347266716	0.749067126234894	0.748770102385076	0.978038846792969	0	0	0	0.710991382701749	0.871470283777846	0.834408134183035	0	0	0	0	0	0	0.720770580797642	0	0	0	0.60084811175459	0.617164944250524	0
0	0	0	0	0	0	0	0	0	0	0	0	0	0	0	0	0	0	0	0	0	0	0	0	0	0	0	0	0	0	0	0	0	0	0	0	0	0	0	0	0	0	0	0	0	0	0	0	0	0	0	0	0	0	0	0	0	0	0	0	0.927889342031507	0.82020597144786	0.945521169834695	0.675900468567022	0.500493372357358	0	0.805361204325756	0.651483552560129	0	0.796413810439289	0	0.751809967014289	0.779023661182194	0	0	0	0.531203809145784	0	0	0.903845540291879	0.856989739658736	0.713588531718682	0.81522094386425	0	0	0	0.869463696276598	0	0.597354173414318	0.92653280138377
0	0	0	0	0	0	0	0	0	0	0	0	0	0	0	0	0	0	0	0	0	0	0	0	0	0	0	0	0	0	0	0	0	0	0	0	0	0	0	0	0	0	0	0	0	0	0	0	0	0	0	0	0	0	0	0	0	0	0	0	0.644207500987607	0.502480570048475	0.739399273806298	0.684418512432884	0.534140938732563	0.561753683144423	0	0.764003755649302	0	0.812137153653513	0.584452443342771	0.569486592769021	0.723105462790071	0.751554445392093	0.923451330461885	0.753062940609404	0.768604288920211	0	0.540090516388769	0	0	0	0	0	0	0.87677737022712	0	0.884090299203424	0	0.887638317060302
0	0	0	0	0	0	0	0	0	0	0	0	0	0	0	0	0	0	0	0	0	0	0	0	0	0	0	0	0	0	0	0	0	0	0	0	0	0	0	0	0	0	0	0	0	0	0	0	0	0	0	0	0	0	0	0	0	0	0	0	0	0	0.824060881853201	0.633851856441213	0.669677160852727	0.675798086775451	0.665551333568538	0	0	0.694684922744674	0	0.722463502352779	0	0.930641634884791	0.996552301541969	0	0.85593727879191	0	0.609729716990687	0.893049141496289	0.543891338763262	0	0	0	0	0	0	0	0	0.926009278637638
0	0	0	0	0	0	0	0	0	0	0	0	0	0	0	0	0	0	0	0	0	0	0	0	0	0	0	0	0	0	0	0	0	0	0	0	0	0	0	0	0	0	0	0	0	0	0	0	0	0	0	0	0	0	0	0	0	0	0	0	0	0.701092919271252	0.861601407547977	0.972091251084455	0.986790016368094	0	0	0	0	0	0.823344597218173	0.775421074155087	0.806093956696108	0	0	0	0	0	0	0	0.943132532938788	0	0	0.822632076274758	0.908974460797555	0	0	0.642898935455202	0	0.509004081950288
0	0	0	0	0	0	0	0	0	0	0	0	0	0	0	0	0	0	0	0	0	0	0	0	0	0	0	0	0	0	0	0	0	0	0	0	0	0	0	0	0	0	0	0	0	0	0	0	0	0	0	0	0	0	0	0	0	0	0	0	0.934025130310589	0.818765790399462	0.784166635572821	0.642022856726537	0.988272672340864	0.749834061027791	0.917809293197013	0.510775191195107	0	0	0.757594435498124	0	0	0.808766402720265	0.746935906802451	0.824790737067898	0.834234114630195	0	0	0	0.568202013083848	0.652391029622144	0	0	0.935409395787929	0	0	0	0	0
0	0	0	0	0	0	0	0	0	0	0	0	0	0	0	0	0	0	0	0	0	0	0	0	0	0	0	0	0	0	0	0	0	0	0	0	0	0	0	0	0	0	0	0	0	0	0	0	0	0	0	0	0	0	0	0	0	0	0	0	0	0	0	0	0.591836173893594	0	0.652293030438413	0	0.538168327435357	0.577651234534116	0	0.507719891350766	0.639692835634434	0.97780103061784	0.544614327676691	0.643409492860548	0.964560874729808	0.607426205372982	0	0	0	0	0	0	0	0	0	0	0	0
0	0	0	0	0	0	0	0	0	0	0	0	0	0	0	0	0	0	0	0	0	0	0	0	0	0	0	0	0	0	0	0	0	0	0	0	0	0	0	0	0	0	0	0	0	0	0	0	0	0	0	0	0	0	0	0	0	0	0	0	0.753420974434284	0	0	0	0	0.651460812574444	0.55212637546956	0.840807864411146	0.880364453707313	0	0.717542521591121	0	0.503179415212354	0.947684794584332	0.661168617474974	0.967705797189021	0.635488060531815	0.744135715735364	0	0.970645961579285	0	0	0	0	0	0	0	0.569805254885759	0	0
0	0	0	0	0	0	0	0	0	0	0	0	0	0	0	0	0	0	0	0	0	0	0	0	0	0	0	0	0	0	0	0	0	0	0	0	0	0	0	0	0	0	0	0	0	0	0	0	0	0	0	0	0	0	0	0	0	0	0	0	0	0	0	0	0	0.752245574118358	0.898620919364915	0	0.903587859903363	0	0.575735787705767	0.689703193541006	0	0.940765873329522	0.988228732300236	0.522612667636377	0.995250654815787	0.657019400941825	0.57099015628541	0	0.58818104933065	0	0	0	0	0	0	0	0	0.832121230187224
0	0	0	0	0	0	0	0	0	0	0	0	0	0	0	0	0	0	0	0	0	0	0	0	0	0	0	0	0	0	0	0	0	0	0	0	0	0	0	0	0	0	0	0	0	0	0	0	0	0	0	0	0	0	0	0	0	0	0	0	0	0	0.67294961949385	0	0	0	0.926533756657251	0.94357449582389	0	0.589581209425031	0.877244173314084	0.652168548457242	0.919980755609373	0	0	0	0	0.918888339355361	0.79896572227888	0.89528199152072	0	0	0.924559306580657	0	0.732433493136082	0	0	0	0	0
0	0	0	0	0	0	0	0	0	0	0	0	0	0	0	0	0	0	0	0	0	0	0	0	0	0	0	0	0	0	0	0	0	0	0	0	0	0	0	0	0	0	0	0	0	0	0	0	0	0	0	0	0	0	0	0	0	0	0	0	0	0.752243428982705	0.500285185164513	0	0.758101416690987	0	0.771652974994666	0.565018435882179	0	0.521382470018909	0.993194266397673	0.501369310962028	0.680458085966874	0	0	0.849244191758937	0	0.857939872449776	0.936831823777921	0	0	0.759882268924456	0	0	0.700788883059468	0.563305119171171	0	0.956108825798686	0	0
0	0	0	0	0	0	0	0	0	0	0	0	0	0	0	0	0	0	0	0	0	0	0	0	0	0	0	0	0	0	0	0	0	0	0	0	0	0	0	0	0	0	0	0	0	0	0	0	0	0	0	0	0	0	0	0	0	0	0	0	0	0.518918959334063	0	0	0.673246437097838	0	0.955487860500359	0	0	0.736143522800157	0.871851775327805	0.638819870434328	0.607645064454987	0	0.867115901716584	0	0.92269933287615	0	0.791573133023854	0.913976244829583	0.668570887879618	0	0.552658576169976	0	0	0	0	0.839245514650078	0.997440808383658	0.893790462969712
0	0	0	0	0	0	0	0	0	0	0	0	0	0	0	0	0	0	0	0	0	0	0	0	0	0	0	0	0	0	0	0	0	0	0	0	0	0	0	0	0	0	0	0	0	0	0	0	0	0	0	0	0	0	0	0	0	0	0	0	0	0.728598745990072	0	0	0.952963132799923	0.830928221185004	0.911411940441837	0.652947905227682	0	0.981667650574664	0.6728364043775	0.599310244348369	0.73104175132603	0	0	0.645599235353464	0	0	0	0.770135544452518	0.869004870992111	0	0	0.768721543524612	0.563587366779565	0.983561816409226	0.573308118166619	0	0	0
0	0	0	0	0	0	0	0	0	0	0	0	0	0	0	0	0	0	0	0	0	0	0	0	0	0	0	0	0	0	0	0	0	0	0	0	0	0	0	0	0	0	0	0	0	0	0	0	0	0	0	0	0	0	0	0	0	0	0	0	0	0.65063360598469	0	0	0	0	0	0	0	0	0.973181311635115	0.633175293274681	0.973568422405584	0.707779639196618	0.591272429952265	0	0	0	0.963690668562753	0.795455237948277	0	0	0.83570224982416	0	0.858977060228393	0	0.756354834801937	0	0.998731236036947	0.590413988658707
0	0	0	0	0	0	0	0	0	0	0	0	0	0	0	0	0	0	0	0	0	0	0	0	0	0	0	0	0	0	0	0	0	0	0	0	0	0	0	0	0	0	0	0	0	0	0	0	0	0	0	0	0	0	0	0	0	0	0	0	0	0.824651495951983	0	0	0	0	0.805245398028532	0.901260305492102	0	0	0	0	0.955447899242994	0.827167354901211	0.76566727983291	0.838012277119213	0	0.686432352130309	0	0.500999840799918	0.804314471996376	0.931520619079186	0	0.766487354968899	0.972938528204448	0.980897092119473	0	0	0	0
0	0	0	0	0	0	0	0	0	0	0	0	0	0	0	0	0	0	0	0	0	0	0	0	0	0	0	0	0	0	0	0	0	0	0	0	0	0	0	0	0	0	0	0	0	0	0	0	0	0	0	0	0	0	0	0	0	0	0	0	0	0	0.544225588017677	0	0	0.850706733208786	0	0.885312444181723	0	0	0	0.557842779757336	0	0.549193230065124	0	0.667266944306248	0.995829096134555	0.707243781420819	0.741806908244311	0	0	0.767024393249022	0	0.812039283119018	0.901178927867065	0.536090865891563	0.835168779334961	0	0	0
0	0	0	0	0	0	0	0	0	0	0	0	0	0	0	0	0	0	0	0	0	0	0	0	0	0	0	0	0	0	0	0	0	0	0	0	0	0	0	0	0	0	0	0	0	0	0	0	0	0	0	0	0	0	0	0	0	0	0	0	0	0	0	0	0	0.682418939544748	0	0.993293100660104	0.968689495721514	0.957726482595393	0	0	0.902457867143217	0	0	0.565332464896735	0.590947825603795	0	0.834855223019891	0	0	0.66276167573478	0	0.96786771251512	0	0	0	0.871080609435194	0	0
0	0	0	0	0	0	0	0	0	0	0	0	0	0	0	0	0	0	0	0	0	0	0	0	0	0	0	0	0	0	0	0	0	0	0	0	0	0	0	0	0	0	0	0	0	0	0	0	0	0	0	0	0	0	0	0	0	0	0	0	0	0.535387838709434	0	0	0	0.722216970661908	0	0	0	0.925112501676265	0	0	0	0	0.853544003359352	0	0	0	0.602231302046231	0.615273198614639	0.744371697938573	0	0	0.839229456050832	0.658030465682251	0.832393991108948	0.694678005562594	0.968293637091868	0	0
0	0	0	0	0	0	0	0	0	0	0	0	0	0	0	0	0	0	0	0	0	0	0	0	0	0	0	0	0	0	0	0	0	0	0	0	0	0	0	0	0	0	0	0	0	0	0	0	0	0	0	0	0	0	0	0	0	0	0	0	0	0.691448063590887	0	0	0	0.74392606892687	0	0	0	0	0	0	0	0.680235046218773	0	0.987572822629907	0	0.6249493349668	0	0	0	0	0	0.785742906294828	0.579984216757606	0.806422348010049	0	0.928050983017617	0.780863190070474	0
0	0	0	0	0	0	0	0	0	0	0	0	0	0	0	0	0	0	0	0	0	0	0	0	0	0	0	0	0	0	0	0	0	0	0	0	0	0	0	0	0	0	0	0	0	0	0	0	0	0	0	0	0	0	0	0	0	0	0	0	0	0.772902060279447	0.637807353169556	0	0.894056348382895	0	0	0	0.656899053535401	0	0	0	0	0	0	0	0.662400373227472	0	0.707747341293012	0.856849094421291	0.998619604046884	0.747363388790298	0.538634551246193	0	0.935505948441205	0	0	0.60267196671009	0.834130427599947	0
0	0	0	0	0	0	0	0	0	0	0	0	0	0	0	0	0	0	0	0	0	0	0	0	0	0	0	0	0	0	0	0	0	0	0	0	0	0	0	0	0	0	0	0	0	0	0	0	0	0	0	0	0	0	0	0	0	0	0	0	0.847128616848954	0	0	0	0	0	0	0	0.886667324971154	0.630384421105114	0	0	0	0.52898900465964	0.620589961038704	0	0.519709308679933	0.64499126331488	0.884336055269187	0.523976891246081	0	0.574465911639397	0.648256959837457	0.746442076235405	0	0.721369133442942	0.70332000173876	0.512325325776092	0.82239192178864	0
0	0	0	0	0	0	0	0	0	0	0	0	0	0	0	0	0	0	0	0	0	0	0	0	0	0	0	0	0	0	0	0	0	0	0	0	0	0	0	0	0	0	0	0	0	0	0	0	0	0	0	0	0	0	0	0	0	0	0	0	0.639016840336526	0.609191782013286	0.64110269631775	0	0	0	0.923794812571572	0	0	0	0	0	0	0	0.543680350473697	0	0.768364112699083	0	0.815076167503845	0.533718364731202	0	0.694989377131086	0.982514018582628	0	0.723887807653084	0	0.882346849237168	0	0.905109717195184	0.737365400838224
0	0	0	0	0	0	0	0	0	0	0	0	0	0	0	0	0	0	0	0	0	0	0	0	0	0	0	0	0	0	0	0	0	0	0	0	0	0	0	0	0	0	0	0	0	0	0	0	0	0	0	0	0	0	0	0	0	0	0	0	0	0.970874427867046	0	0.51617215203912	0	0.89540359301753	0	0	0	0	0	0	0	0	0	0	0.899420443993051	0.817890495172013	0	0.810995581205764	0	0.591366367546164	0	0	0.956906796095818	0.99071545491139	0	0.945879501369697	0.690069907521628	0.7150634320076
0	0	0	0	0	0	0	0	0	0	0	0	0	0	0	0	0	0	0	0	0	0	0	0	0	0	0	0	0	0	0	0	0	0	0	0	0	0	0	0	0	0	0	0	0	0	0	0	0	0	0	0	0	0	0	0	0	0	0	0	0	0.871997889206906	0.90872946480949	0	0.613465330386788	0	0.661919413091718	0	0.891215163377662	0	0	0.996028957643537	0	0	0.950199213082385	0.676215106367088	0	0	0	0	0.831852191439123	0.67727250511792	0.51422811295035	0.579816088068917	0.859550806120637	0	0.600447198990784	0	0	0.876675838893456
0	0	0	0	0	0	0	0	0	0	0	0	0	0	0	0	0	0	0	0	0	0	0	0	0	0	0	0	0	0	0	0	0	0	0	0	0	0	0	0	0	0	0	0	0	0	0	0	0	0	0	0	0	0	0	0	0	0	0	0	0	0.514570070189852	0.797837323798786	0	0.680619081772463	0.633859873650351	0	0	0	0	0	0	0	0	0	0.737915606244543	0	0.624310089307097	0	0	0	0	0.770461403480253	0.707800862975142	0.942369387138483	0.749962675624496	0.71462636803026	0	0	0.514126775689674
0	0	0	0	0	0	0	0	0	0	0	0	0	0	0	0	0	0	0	0	0	0	0	0	0	0	0	0	0	0	0	0	0	0	0	0	0	0	0	0	0	0	0	0	0	0	0	0	0	0	0	0	0	0	0	0	0	0	0	0	0.795656397971978	0.685684950503645	0.621826237821921	0.68197135022517	0	0.781368315050441	0.646893321707392	0.782906824762595	0.738709539562885	0	0	0	0.955284659290952	0	0	0.568953970453441	0	0.875156197300613	0	0	0	0	0	0	0	0.867044710816804	0.515250494272491	0.928167793563418	0.904097875724097	0
