0	0.79501698682205	0.735119158614375	0.787541467956641	0.611676412777832	0.763903005302516	0.638356468254279	0.672017805703346	0	0	0	0	0	0	0	0.514107827164086	0.637642966395502	0	0	0	0	0	0	0.651994541218722	0.543347572141501	0.721959445406239	0.516622832123841	0	0	0.574194248595285	0	0	0	0	0	0	0	0	0	0	0	0	0	0	0	0	0	0	0	0	0	0	0	0	0	0	0	0	0	0	0	0	0	0	0	0	0	0	0	0	0	0	0	0	0	0	0	0	0	0	0	0	0	0	0	0	0	0	0	0
0.798916747553029	0	0.57908328522762	0.792674505729879	0.716679495798152	0	0.926521655060036	0.812440726949987	0.818513273113621	0	0	0	0	0	0	0	0	0	0	0	0	0.948692972561065	0	0.860160853530468	0.870469269966428	0.862212708008195	0.644732373513741	0	0	0.827653706807803	0	0	0	0	0	0	0	0	0	0	0	0	0	0	0	0	0	0	0	0	0	0	0	0	0	0	0	0	0	0	0	0	0	0	0	0	0	0	0	0	0	0	0	0	0	0	0	0	0	0	0	0	0	0	0	0	0	0	0	0
0.53702912588936	0.830731108056467	0	0.797287893549737	0	0.621804247250086	0.649264234219483	0.76367494556246	0.551020223349555	0.776526724165036	0	0	0.754171641302335	0	0	0.750912569206174	0	0.669441394174463	0.881564776440961	0	0	0	0	0.795981774854441	0	0.839858909244706	0.919140074679617	0.625164774797783	0.652311539417076	0.79299259444683	0	0	0	0	0	0	0	0	0	0	0	0	0	0	0	0	0	0	0	0	0	0	0	0	0	0	0	0	0	0	0	0	0	0	0	0	0	0	0	0	0	0	0	0	0	0	0	0	0	0	0	0	0	0	0	0	0	0	0	0
0.663220483530357	0.744547591029016	0.84537273835673	0	0.553299377937801	0.805155948438801	0.512242803196596	0.874054212966703	0	0.672166336472428	0.679709130674984	0	0	0	0	0	0.697739428561852	0	0	0	0	0	0.994614207175716	0	0	0	0.601463467504771	0.513567555674447	0.726087244439794	0	0	0	0	0	0	0	0	0	0	0	0	0	0	0	0	0	0	0	0	0	0	0	0	0	0	0	0	0	0	0	0	0	0	0	0	0	0	0	0	0	0	0	0	0	0	0	0	0	0	0	0	0	0	0	0	0	0	0	0	0
0.800558862134197	0.775174150383176	0	0.774483366048594	0	0.736545588412009	0.59839280750461	0.721982293552834	0.626255030683339	0	0	0.665080218032702	0.518683284075607	0	0	0	0.575902221731252	0.752253876655909	0	0	0	0	0.500893798534165	0	0	0	0	0.503215350787597	0.997440241520064	0.600663601738752	0	0	0	0	0	0	0	0	0	0	0	0	0	0	0	0	0	0	0	0	0	0	0	0	0	0	0	0	0	0	0	0	0	0	0	0	0	0	0	0	0	0	0	0	0	0	0	0	0	0	0	0	0	0	0	0	0	0	0	0
0.828858095886257	0	0.720612084307089	0.699838550941057	0.722696521592738	0	0.643163581181033	0.633172887508636	0.985474159529286	0.921219472851697	0.774097117100939	0.509589885713477	0.938281700987555	0	0	0	0	0	0.890819667211606	0	0.592613319910378	0	0	0	0.9094418288107	0	0	0	0.932383007790092	0.71712883322786	0	0	0	0	0	0	0	0	0	0	0	0	0	0	0	0	0	0	0	0	0	0	0	0	0	0	0	0	0	0	0	0	0	0	0	0	0	0	0	0	0	0	0	0	0	0	0	0	0	0	0	0	0	0	0	0	0	0	0	0
0.895676730152697	0.911082890977632	0.687306500787107	0.62927608337212	0.966286379385498	0.802366978017631	0	0.895035515967352	0.726199123719065	0	0.743251129657317	0.584110634023618	0.940098565125041	0	0	0	0.502618808601894	0	0	0	0	0	0	0.984753398818517	0	0	0	0	0	0.994238283326909	0	0	0	0	0	0	0	0	0	0	0	0	0	0	0	0	0	0	0	0	0	0	0	0	0	0	0	0	0	0	0	0	0	0	0	0	0	0	0	0	0	0	0	0	0	0	0	0	0	0	0	0	0	0	0	0	0	0	0	0
0.897100022364568	0.81681250782854	0.57949610174654	0.551215099287278	0.747154910090388	0.795108042386062	0.653180777462153	0	0.936742280932577	0.899310776754223	0.96858786993648	0.565343795346225	0.840714325758433	0.880428863063565	0.717521664459861	0	0	0	0	0.989258908447365	0	0	0	0	0.977322760116348	0	0	0.640328379455448	0.884862848845772	0	0	0	0	0	0	0	0	0	0	0	0	0	0	0	0	0	0	0	0	0	0	0	0	0	0	0	0	0	0	0	0	0	0	0	0	0	0	0	0	0	0	0	0	0	0	0	0	0	0	0	0	0	0	0	0	0	0	0	0	0
0	0.510646133781367	0.730808206529066	0	0.780742466554543	0.591564244403578	0.894722270195476	0.674283949920219	0	0.797145657431476	0	0.610023659297037	0.653642409035007	0.542695976376834	0.878594799707198	0.995962191390812	0	0.999872294695452	0.971252394586411	0	0	0	0	0	0.995610885138945	0	0.948359536298386	0	0	0	0	0	0	0	0	0	0	0	0	0	0	0	0	0	0	0	0	0	0	0	0	0	0	0	0	0	0	0	0	0	0	0	0	0	0	0	0	0	0	0	0	0	0	0	0	0	0	0	0	0	0	0	0	0	0	0	0	0	0	0
0	0	0.893596833287513	0.895234227147819	0	0.803343495350779	0	0.97636915065758	0.653974848823176	0	0.765085135966871	0.957632622064617	0	0.502872109801812	0	0.79283011455604	0	0.576200324626829	0	0	0.524656507725928	0	0	0.881213153287808	0	0.765606673258282	0	0	0	0.987658393141774	0	0	0	0	0	0	0	0	0	0	0	0	0	0	0	0	0	0	0	0	0	0	0	0	0	0	0	0	0	0	0	0	0	0	0	0	0	0	0	0	0	0	0	0	0	0	0	0	0	0	0	0	0	0	0	0	0	0	0	0
0	0	0	0.646755790118037	0	0.715958655084304	0.763340370932212	0.912486293263478	0	0.785569825273432	0	0	0.905488359245931	0.723645557986453	0.647430122813765	0.695316175508271	0	0.815566622599496	0	0	0	0	0	0	0.928978445265157	0	0	0	0	0	0	0	0	0	0	0	0	0	0	0	0	0	0	0	0	0	0	0	0	0	0	0	0	0	0	0	0	0	0	0	0	0	0	0	0	0	0	0	0	0	0	0	0	0	0	0	0	0	0	0	0	0	0	0	0	0	0	0	0	0
0	0	0	0	0.630835609065031	0.696702123038361	0.947068527016404	0.746922773943433	0.986701013522406	0.55784652694173	0	0	0.555135524673275	0.949155697976561	0.769565897311454	0.578594680823084	0.913000021481832	0.79549700750332	0.809788206650247	0	0	0	0	0	0	0	0	0	0.678326820956743	0	0	0	0	0	0	0	0	0	0	0	0	0	0	0	0	0	0	0	0	0	0	0	0	0	0	0	0	0	0	0	0	0	0	0	0	0	0	0	0	0	0	0	0	0	0	0	0	0	0	0	0	0	0	0	0	0	0	0	0	0
0	0	0.597243181831466	0	0.781455861843889	0.572235795078442	0.85673683645096	0.838841196264975	0.962146489823339	0	0.949388174009466	0.789750742376059	0	0	0.588937815462612	0.593030216840997	0.867023311694878	0.569978967666814	0.534687869307637	0	0	0	0	0	0	0	0	0.687672039593425	0	0	0	0	0	0	0	0	0	0	0	0	0	0	0	0	0	0	0	0	0	0	0	0	0	0	0	0	0	0	0	0	0	0	0	0	0	0	0	0	0	0	0	0	0	0	0	0	0	0	0	0	0	0	0	0	0	0	0	0	0	0
0	0	0	0	0	0	0	0.645708488874063	0.607976510508424	0.857714065673488	0.618541728864424	0.769721310492436	0	0	0.589661937229084	0.632650108999139	0.612757748700525	0.645890313599086	0.927361662564158	0.718312725344235	0.645150504114708	0	0	0	0	0.727178296454603	0	0.905297822152271	0	0	0	0	0	0	0	0	0	0	0	0	0	0	0	0	0	0	0	0	0	0	0	0	0	0	0	0	0	0	0	0	0	0	0	0	0	0	0	0	0	0	0	0	0	0	0	0	0	0	0	0	0	0	0	0	0	0	0	0	0	0
0	0	0	0	0	0	0	0.550960644173306	0.657642078829035	0	0.971097889008931	0.718492221011537	0.785139811847757	0.574380197550654	0	0.721891626604025	0	0.737244529937639	0.857064456893168	0	0.589860306578223	0.656471466902434	0	0.759162065583997	0.782970076271877	0.754404856334736	0	0.741378493003042	0	0	0	0	0	0	0	0	0	0	0	0	0	0	0	0	0	0	0	0	0	0	0	0	0	0	0	0	0	0	0	0	0	0	0	0	0	0	0	0	0	0	0	0	0	0	0	0	0	0	0	0	0	0	0	0	0	0	0	0	0	0
0.786376537667668	0	0.622681982268069	0	0	0	0	0	0.703929576533918	0.621225909618066	0.926897898423494	0.976067899618468	0.753345120772732	0.770106100386954	0.815862535468846	0	0.976643605535483	0.557069173080773	0.912938075122455	0.941609109070915	0.5711472732934	0	0	0	0	0	0.745319066918965	0	0	0.764471763128157	0	0	0	0	0	0	0	0	0	0	0	0	0	0	0	0	0	0	0	0	0	0	0	0	0	0	0	0	0	0	0	0	0	0	0	0	0	0	0	0	0	0	0	0	0	0	0	0	0	0	0	0	0	0	0	0	0	0	0	0
0.781630436166966	0	0	0.972399870533925	0.728995929730595	0	0.654882722254913	0	0	0	0	0.844458199559181	0.719738071387472	0.852684672166074	0	0.618580001779711	0	0.768377162714386	0.675349698827892	0.610225992525118	0.795805674215253	0	0.535944830248392	0.730417345409602	0	0	0	0	0	0	0	0	0	0	0	0	0	0	0	0	0	0	0	0	0	0	0	0	0	0	0	0	0	0	0	0	0	0	0	0	0	0	0	0	0	0	0	0	0	0	0	0	0	0	0	0	0	0	0	0	0	0	0	0	0	0	0	0	0	0
0	0	0.920362534845465	0	0.635800532313736	0	0	0	0.871982430299497	0.76251931647093	0.938165675770892	0.953780624852827	0.652782564047809	0.695166989297744	0.745212210871761	0.671944321606634	0.597596916275697	0	0	0.941208465951473	0	0	0.871687255903105	0	0.989510790635304	0	0	0	0	0.983230498395976	0	0	0	0	0	0	0	0	0	0	0	0	0	0	0	0	0	0	0	0	0	0	0	0	0	0	0	0	0	0	0	0	0	0	0	0	0	0	0	0	0	0	0	0	0	0	0	0	0	0	0	0	0	0	0	0	0	0	0	0
0	0	0.879542914340053	0	0	0.787393157234394	0	0	0.646589806269923	0	0	0.964207296188633	0.512779206687679	0.873373136340825	0.86695618473789	0.569194942217628	0.742431162382523	0	0	0	0	0.793094188956406	0.607105328590926	0.979638363907723	0	0.6657048859086	0	0	0	0	0	0	0	0	0	0	0	0	0	0	0	0	0	0	0	0	0	0	0	0	0	0	0	0	0	0	0	0	0	0	0	0	0	0	0	0	0	0	0	0	0	0	0	0	0	0	0	0	0	0	0	0	0	0	0	0	0	0	0	0
0	0	0	0	0	0	0	0.752715349595819	0	0	0	0	0	0.771138764034799	0	0.825574520387652	0.595635755981794	0.811184057744572	0	0	0.632150406521681	0.571326449557777	0.899463682047559	0	0.561657831921589	0.743759482088403	0.628407088791261	0	0	0	0	0	0	0	0	0	0	0	0	0	0	0	0	0	0	0	0	0	0	0	0	0	0	0	0	0	0	0	0	0	0	0	0	0	0	0	0	0	0	0	0	0	0	0	0	0	0	0	0	0	0	0	0	0	0	0	0	0	0	0
0	0	0	0	0	0.573754052949899	0	0	0	0.580993864018054	0	0	0	0.593643159772088	0.611810504491288	0.794292459394519	0.71307872493207	0	0	0.905462380530472	0	0.642257998130848	0	0.980171965632489	0.532446850359859	0.534180505741723	0.562515584997943	0	0	0	0	0	0	0	0	0	0	0	0	0	0	0	0	0	0	0	0	0	0	0	0	0	0	0	0	0	0	0	0	0	0	0	0	0	0	0	0	0	0	0	0	0	0	0	0	0	0	0	0	0	0	0	0	0	0	0	0	0	0	0
0	0.942234587184144	0	0	0	0	0	0	0	0	0	0	0	0	0.700189631022419	0	0	0	0.729323844443927	0.581969810047713	0.996590061900535	0	0.997948608935348	0.785419177493138	0.563842191266084	0	0	0.707797591037138	0	0.946296426258315	0	0	0	0	0	0	0	0	0	0	0	0	0	0	0	0	0	0	0	0	0	0	0	0	0	0	0	0	0	0	0	0	0	0	0	0	0	0	0	0	0	0	0	0	0	0	0	0	0	0	0	0	0	0	0	0	0	0	0	0
0	0	0	0.786397693971923	0.711299228154791	0	0	0	0	0	0	0	0	0	0	0	0.60277169256154	0.797184109327107	0.646989022096972	0.576375668252515	0	0.5781600549478	0	0.537566327580693	0.732728070484551	0.531776026010698	0.962477164736396	0	0.766394392026289	0.956764017076137	0	0	0	0	0	0	0	0	0	0	0	0	0	0	0	0	0	0	0	0	0	0	0	0	0	0	0	0	0	0	0	0	0	0	0	0	0	0	0	0	0	0	0	0	0	0	0	0	0	0	0	0	0	0	0	0	0	0	0	0
0.904504982271308	0.794379841231477	0.730533908417479	0	0	0	0.591512963580961	0	0	0.98438183206288	0	0	0	0	0.92339416353034	0	0.744070138363548	0	0.838364276071654	0	0.624707501852802	0.727553430951554	0.925155787876839	0	0.879093634593703	0	0	0.601450933209788	0.556060339988262	0.612418195570873	0	0	0	0	0	0	0	0	0	0	0	0	0	0	0	0	0	0	0	0	0	0	0	0	0	0	0	0	0	0	0	0	0	0	0	0	0	0	0	0	0	0	0	0	0	0	0	0	0	0	0	0	0	0	0	0	0	0	0	0
0.946652849597757	0.713459916818632	0	0	0	0.845409491650444	0	0.807897932930031	0.773172621971503	0	0.552042215652671	0	0	0	0.984637654021169	0	0	0.682490097271553	0	0.785229998217648	0.721774093783739	0.615750237232013	0.631570707873224	0.662481375722078	0	0.622294634981369	0.798010995734386	0.57506051975691	0	0.947044970456197	0	0	0	0	0	0	0	0	0	0	0	0	0	0	0	0	0	0	0	0	0	0	0	0	0	0	0	0	0	0	0	0	0	0	0	0	0	0	0	0	0	0	0	0	0	0	0	0	0	0	0	0	0	0	0	0	0	0	0	0
0.673137615015257	0.821924586564533	0.510117712441299	0	0	0	0	0	0	0.589460698816991	0	0	0	0.529778681620893	0.917281652582807	0	0	0	0.853651315768608	0.94312393323615	0.786439696663297	0	0.69994173337467	0	0.884130728454218	0	0.942648989235827	0	0.506853846978487	0	0	0	0	0	0	0	0	0	0	0	0	0	0	0	0	0	0	0	0	0	0	0	0	0	0	0	0	0	0	0	0	0	0	0	0	0	0	0	0	0	0	0	0	0	0	0	0	0	0	0	0	0	0	0	0	0	0	0	0	0
0.633110164305731	0.506629899814561	0.539514209391325	0.723071615390647	0	0	0	0	0.72193819422608	0	0	0	0	0	0	0.542490572824502	0	0	0	0.526708597531233	0.936091928857688	0	0.998349463343812	0	0.930759647479649	0.678058175558871	0	0	0.624928168544642	0.974607744541238	0	0	0	0	0	0	0	0	0	0	0	0	0	0	0	0	0	0	0	0	0	0	0	0	0	0	0	0	0	0	0	0	0	0	0	0	0	0	0	0	0	0	0	0	0	0	0	0	0	0	0	0	0	0	0	0	0	0	0	0
0	0	0.718513883199059	0.961222447258252	0.641562339950664	0	0	0.904957009713955	0	0	0	0	0.845699765454192	0.564371325187061	0.827689908581678	0	0	0	0	0	0	0.808943359356163	0	0.96367804322552	0.824052074156473	0	0	0	0	0.737824366464786	0	0	0	0	0	0	0	0	0	0	0	0	0	0	0	0	0	0	0	0	0	0	0	0	0	0	0	0	0	0	0	0	0	0	0	0	0	0	0	0	0	0	0	0	0	0	0	0	0	0	0	0	0	0	0	0	0	0	0	0
0	0	0.736413854632718	0.664633848302062	0.799156630555125	0.750261736754097	0	0.691785798707173	0	0	0	0.968978943922426	0	0	0	0	0	0	0	0	0	0	0.890788886499614	0.941779980345232	0	0.632892761732766	0.802533393522893	0	0	0.703484359607977	0	0	0	0	0	0	0	0	0	0	0	0	0	0	0	0	0	0	0	0	0	0	0	0	0	0	0	0	0	0	0	0	0	0	0	0	0	0	0	0	0	0	0	0	0	0	0	0	0	0	0	0	0	0	0	0	0	0	0	0
0.513987315762221	0.800698269516403	0.7354756993823	0	0.868368037091849	0.749176023353808	0.93117902790269	0	0	0.868779950819559	0	0	0	0	0	0.616709935218667	0	0.964276891346337	0	0	0	0.773346433402988	0.695708390479743	0.771847718487971	0.911686002846293	0	0.658147803287456	0.541646537666966	0.914453093576741	0	0	0	0	0	0	0	0	0	0	0	0	0	0	0	0	0	0	0	0	0	0	0	0	0	0	0	0	0	0	0	0	0	0	0	0	0	0	0	0	0	0	0	0	0	0	0	0	0	0	0	0	0	0	0	0	0	0	0	0	0
0	0	0	0	0	0	0	0	0	0	0	0	0	0	0	0	0	0	0	0	0	0	0	0	0	0	0	0	0	0	0	0.562030685151746	0.526557041185557	0.846639986897651	0.885352448144079	0	0	0	0	0	0	0	0	0	0	0	0	0	0	0	0	0	0	0	0	0	0.720513214564014	0.929611260151698	0.915247126420018	0.865998897474642	0	0	0	0	0	0	0	0	0	0	0	0	0	0	0	0	0	0	0	0	0	0	0	0	0	0	0	0	0	0
0	0	0	0	0	0	0	0	0	0	0	0	0	0	0	0	0	0	0	0	0	0	0	0	0	0	0	0	0	0	0.807908803493269	0	0	0.825266480237602	0.878384075064902	0.705101082969354	0	0	0	0	0	0	0.933601664469373	0	0	0	0	0	0	0	0	0	0	0	0.940442149724783	0	0	0.974997798819998	0.988887950765223	0.740748564902811	0	0	0	0	0	0	0	0	0	0	0	0	0	0	0	0	0	0	0	0	0	0	0	0	0	0	0	0	0	0
0	0	0	0	0	0	0	0	0	0	0	0	0	0	0	0	0	0	0	0	0	0	0	0	0	0	0	0	0	0	0.869080500549064	0	0	0.576256067258138	0.5345390586266	0.509237890291983	0.534527111143172	0	0	0	0	0	0	0	0	0	0	0	0	0	0	0	0	0	0.857681028098433	0	0.807263253898479	0	0.732569770792828	0	0	0	0	0	0	0	0	0	0	0	0	0	0	0	0	0	0	0	0	0	0	0	0	0	0	0	0	0	0	0
0	0	0	0	0	0	0	0	0	0	0	0	0	0	0	0	0	0	0	0	0	0	0	0	0	0	0	0	0	0	0.550847950641831	0.699202521719329	0.940991029039265	0	0.729761565375297	0.91846925165067	0	0.810012075121436	0	0	0	0	0	0	0	0	0	0	0	0.824738108122141	0	0	0	0	0	0	0	0	0	0.799312621980481	0	0	0	0	0	0	0	0	0	0	0	0	0	0	0	0	0	0	0	0	0	0	0	0	0	0	0	0	0	0
0	0	0	0	0	0	0	0	0	0	0	0	0	0	0	0	0	0	0	0	0	0	0	0	0	0	0	0	0	0	0.53841046015688	0.688021853690249	0.873627605397539	0.908735414413846	0	0.5492849630943	0.940536030085096	0.854262458250997	0.526866892056154	0	0	0	0	0	0	0	0	0	0	0	0	0	0	0	0	0	0	0	0	0	0	0	0	0	0	0	0	0	0	0	0	0	0	0	0	0	0	0	0	0	0	0	0	0	0	0	0	0	0	0
0	0	0	0	0	0	0	0	0	0	0	0	0	0	0	0	0	0	0	0	0	0	0	0	0	0	0	0	0	0	0	0.57469521562111	0.859266223280133	0.826935149890077	0.720848796624958	0	0.522943934054264	0.804703870989699	0.545217230781038	0	0	0	0	0	0	0	0	0	0	0	0	0.781870589536034	0	0	0	0	0	0	0	0	0	0	0	0	0	0	0	0	0	0	0	0	0	0	0	0	0	0	0	0	0	0	0	0	0	0	0	0	0	0
0	0	0	0	0	0	0	0	0	0	0	0	0	0	0	0	0	0	0	0	0	0	0	0	0	0	0	0	0	0	0	0	0.589857216480256	0	0.789665010461265	0.74653900294366	0	0.668172225750751	0.830808196682227	0.986841365149448	0	0	0	0	0.608246805779656	0	0	0.964579817013406	0	0	0	0	0	0	0	0	0	0	0	0	0	0	0	0	0	0	0	0	0	0	0	0	0	0	0	0	0	0	0	0	0	0	0	0	0	0	0	0	0	0
0	0	0	0	0	0	0	0	0	0	0	0	0	0	0	0	0	0	0	0	0	0	0	0	0	0	0	0	0	0	0	0	0	0.576199456148774	0.608951563259266	0.702482008222982	0.695498238685399	0	0.97231401258153	0.908616966679827	0.754660773664389	0.700819608256427	0	0.989518948992461	0	0	0	0	0	0	0	0	0	0	0	0	0	0	0	0	0	0	0	0	0	0	0	0	0	0	0	0	0	0	0	0	0	0	0	0	0	0	0	0	0	0	0	0	0	0
0	0	0	0	0	0	0	0	0	0	0	0	0	0	0	0	0	0	0	0	0	0	0	0	0	0	0	0	0	0	0	0	0	0	0.824298974733409	0.689081587212727	0.686681955746586	0.635550948020179	0	0.881275288635426	0.986516152995372	0.508709655745527	0.510833714835615	0	0	0	0	0	0	0	0	0	0	0	0	0	0	0	0	0	0	0	0	0	0	0	0	0	0	0	0	0	0	0	0	0	0	0	0	0	0	0	0	0	0	0	0	0	0	0
0	0	0	0	0	0	0	0	0	0	0	0	0	0	0	0	0	0	0	0	0	0	0	0	0	0	0	0	0	0	0	0	0	0	0	0	0.932257097501646	0.734324910775674	0.55621552021723	0	0	0	0.637568031040757	0.662087302274733	0	0.851564866367161	0	0	0	0	0	0	0	0.516985952475002	0	0	0	0	0	0	0	0	0	0	0	0	0	0	0	0	0	0	0	0	0	0	0	0	0	0	0	0	0	0	0	0	0	0	0	0
0	0	0	0	0	0	0	0	0	0	0	0	0	0	0	0	0	0	0	0	0	0	0	0	0	0	0	0	0	0	0	0	0	0	0	0	0	0.823269048021922	0.841859487324946	0	0	0.777223426690019	0	0.827640181117237	0.863972613655106	0	0	0	0	0	0	0	0	0	0	0.869960477679549	0	0	0	0	0	0	0	0	0	0	0	0	0	0	0	0	0	0	0	0	0	0	0	0	0	0	0	0	0	0	0	0	0	0
0	0	0	0	0	0	0	0	0	0	0	0	0	0	0	0	0	0	0	0	0	0	0	0	0	0	0	0	0	0	0	0	0	0	0	0	0	0.889291566025285	0.595873876906525	0	0.760433354429512	0	0.786926836385842	0.714070437635507	0.919953325802758	0.924235650286825	0.775472383481489	0	0	0	0	0	0	0	0	0	0	0	0	0	0	0	0	0	0	0	0	0	0	0	0	0	0	0	0	0	0	0	0	0	0	0	0	0	0	0	0	0	0	0
0	0	0	0	0	0	0	0	0	0	0	0	0	0	0	0	0	0	0	0	0	0	0	0	0	0	0	0	0	0	0	0.863792708943505	0	0	0	0	0	0	0.673035200703097	0.698752957813865	0	0.533780158387281	0	0.717884794395026	0.595883445419714	0	0.703493918402492	0	0	0	0	0	0	0	0	0	0	0	0	0	0	0	0	0	0	0	0	0	0	0	0	0	0	0	0	0	0	0	0	0	0	0	0	0	0	0	0	0	0	0
0	0	0	0	0	0	0	0	0	0	0	0	0	0	0	0	0	0	0	0	0	0	0	0	0	0	0	0	0	0	0	0	0	0	0	0	0	0.585839671407361	0	0.72098991932572	0.846175175568708	0.523405810077542	0.847335778606113	0	0	0.812488343653668	0.801058116395286	0.637922087717462	0	0	0	0	0	0	0	0	0	0	0	0	0	0	0	0	0	0	0	0	0	0	0	0	0	0	0	0	0	0	0	0	0	0	0	0	0	0	0	0	0	0
0	0	0	0	0	0	0	0	0	0	0	0	0	0	0	0	0	0	0	0	0	0	0	0	0	0	0	0	0	0	0	0	0	0	0	0	0.548376329805848	0	0	0	0.963461049939921	0.755277283999229	0.545627773984344	0	0	0.79860021843777	0	0.667692227302965	0.737632529882914	0	0	0	0	0	0	0	0	0	0	0	0	0	0	0	0	0	0	0	0	0	0	0	0	0	0	0	0	0	0	0	0	0	0	0	0	0	0	0	0	0
0	0	0	0	0	0	0	0	0	0	0	0	0	0	0	0	0	0	0	0	0	0	0	0	0	0	0	0	0	0	0	0	0	0	0	0	0	0	0	0.927456937653364	0	0.743008663582454	0	0.583521078008606	0.746044553681252	0	0.810974157683178	0.990164118249078	0.703643761243941	0.60128815037412	0	0	0	0	0	0	0	0	0	0	0	0	0	0	0	0	0	0	0	0	0	0	0	0	0	0	0	0	0	0	0	0	0	0	0	0	0	0	0	0
0	0	0	0	0	0	0	0	0	0	0	0	0	0	0	0	0	0	0	0	0	0	0	0	0	0	0	0	0	0	0	0	0	0	0	0	0	0	0	0	0	0.99914406918397	0.88415261393273	0.503429444182955	0	0.520604045172367	0	0	0	0.666795804701649	0.566016372924371	0.953256734785331	0	0	0	0	0	0	0	0	0	0	0	0	0	0	0	0	0	0	0	0	0	0	0	0	0	0	0	0	0	0	0	0	0	0	0	0	0	0
0	0	0	0	0	0	0	0	0	0	0	0	0	0	0	0	0	0	0	0	0	0	0	0	0	0	0	0	0	0	0	0	0	0	0	0	0.941184831782153	0	0	0	0	0	0	0.655977710995781	0.803252580428715	0.953349466105792	0	0	0.651494886090457	0.712881526964088	0.725651983555227	0.757014488304463	0	0	0	0	0	0	0	0	0	0	0	0	0	0	0	0	0	0	0	0	0	0	0	0	0	0	0	0	0	0	0	0	0	0	0	0	0	0
0	0	0	0	0	0	0	0	0	0	0	0	0	0	0	0	0	0	0	0	0	0	0	0	0	0	0	0	0	0	0	0	0	0	0	0	0	0	0	0	0	0	0	0	0.599320885465871	0.946913224675791	0	0.591183770351883	0	0.718615102845902	0.816239686866971	0.520667474853285	0.954749024598632	0	0	0	0	0	0	0	0	0	0	0	0	0	0	0	0	0	0	0	0	0	0	0	0	0	0	0	0	0	0	0	0	0	0	0	0	0
0	0	0	0	0	0	0	0	0	0	0	0	0	0	0	0	0	0	0	0	0	0	0	0	0	0	0	0	0	0	0	0	0	0.960841596596272	0	0	0	0	0	0	0	0	0	0	0	0.632409870832482	0.739847690784114	0.542065875195107	0.823952832432872	0	0.999762629752256	0.872767415871606	0.86228996883664	0.711790736492178	0	0	0	0	0	0.660323871220849	0	0	0	0	0	0	0	0	0	0	0	0	0	0	0	0	0	0	0	0	0	0	0	0	0	0	0	0	0	0
0	0	0	0	0	0	0	0	0	0	0	0	0	0	0	0	0	0	0	0	0	0	0	0	0	0	0	0	0	0	0	0	0	0	0	0	0	0	0	0	0	0	0	0	0	0	0.601513422289138	0.821346558099777	0.650631906630873	0.770858472098231	0	0.709860430231326	0.828238927909072	0.804778975824407	0.783608249726763	0	0	0	0	0	0	0	0	0	0	0	0	0	0	0	0	0	0	0	0	0	0	0	0	0	0	0	0	0	0	0	0	0	0	0
0	0	0	0	0	0	0	0	0	0	0	0	0	0	0	0	0	0	0	0	0	0	0	0	0	0	0	0	0	0	0	0	0	0	0	0.692822597353709	0	0	0	0	0	0	0	0	0	0	0.631486393281736	0.815692003582035	0.932645596591644	0.720695106885436	0.517278932305505	0	0.721510811959111	0.848582050168234	0.852235191546542	0.844980668260169	0	0	0	0	0	0	0	0	0	0	0	0	0	0	0	0	0	0	0	0	0	0	0	0	0	0	0	0	0	0	0	0	0	0
0	0	0	0	0	0	0	0	0	0	0	0	0	0	0	0	0	0	0	0	0	0	0	0	0	0	0	0	0	0	0	0	0	0	0	0	0	0	0	0	0	0	0	0	0	0	0	0	0.539051963582253	0.622259156074776	0.649028971947897	0.562040190477364	0	0.869840870178627	0.826261708580314	0.644772776023769	0.891564744813307	0	0	0	0	0	0	0	0	0	0	0	0	0	0	0	0	0	0	0	0	0	0	0	0	0	0	0	0	0	0	0	0	0
0	0	0	0	0	0	0	0	0	0	0	0	0	0	0	0	0	0	0	0	0	0	0	0	0	0	0	0	0	0	0	0	0	0	0	0	0	0	0	0.685234309304642	0	0	0	0	0	0	0	0	0	0.734235153905204	0.522105671390129	0.808296826319973	0.675431220132993	0	0.572640462672477	0.543335055462482	0.787654430389449	0.634950098960863	0	0	0	0	0	0	0	0	0	0	0	0	0	0	0	0	0	0	0	0	0	0	0	0	0	0	0	0	0	0	0	0
0	0	0	0	0	0	0	0	0	0	0	0	0	0	0	0	0	0	0	0	0	0	0	0	0	0	0	0	0	0	0	0.529520860413555	0.680403989375052	0	0	0	0	0	0	0	0	0	0	0	0	0	0	0	0	0	0.880132194093661	0.812772703090727	0.570176931101326	0.610340157326311	0	0	0.59564932681498	0.950128970595132	0.70517216545388	0	0	0	0	0	0	0	0	0	0	0	0	0	0	0	0	0	0	0	0	0	0	0	0	0	0	0	0	0	0	0
0	0	0	0	0	0	0	0	0	0	0	0	0	0	0	0	0	0	0	0	0	0	0	0	0	0	0	0	0	0	0	0	0	0	0	0	0	0	0	0	0.525367722006946	0	0	0	0	0	0	0	0	0	0	0.680498338861728	0.598766433880839	0.536669545815954	0	0	0.677697375423992	0.65406323947	0.733076675206374	0.871401665297023	0	0	0	0	0	0	0	0	0	0	0	0	0	0	0	0	0	0	0	0	0	0	0	0	0	0	0	0	0	0
0	0	0	0	0	0	0	0	0	0	0	0	0	0	0	0	0	0	0	0	0	0	0	0	0	0	0	0	0	0	0.764790184087262	0	0.974071320469554	0	0	0	0	0	0	0	0	0	0	0	0	0	0	0	0	0	0	0	0.613414820436864	0.801933800407387	0.873624840419126	0.859237702664046	0	0.911412369895673	0	0.837691102519398	0	0	0	0	0	0	0	0	0	0	0	0	0	0	0	0	0	0	0	0	0	0	0	0	0	0	0	0	0	0
0	0	0	0	0	0	0	0	0	0	0	0	0	0	0	0	0	0	0	0	0	0	0	0	0	0	0	0	0	0	0.883098191617124	0.9750645482286	0	0	0	0	0	0	0	0	0	0	0	0	0	0	0	0	0	0	0	0	0	0.753756852172769	0.872528517960592	0.740901691772747	0.526056804552711	0	0.755111429221371	0.762226731956049	0	0	0	0	0	0	0	0	0	0	0	0	0	0	0	0	0	0	0	0	0	0	0	0	0	0	0	0	0	0
0	0	0	0	0	0	0	0	0	0	0	0	0	0	0	0	0	0	0	0	0	0	0	0	0	0	0	0	0	0	0.874423059538706	0.563365346307521	0.8408254655185	0	0	0	0	0	0	0	0	0	0	0	0	0	0	0	0	0	0	0	0	0	0.678143664965175	0.87650560784487	0	0.689040274441479	0	0.699181260835074	0	0	0	0	0	0	0	0	0	0	0	0	0	0	0	0	0	0	0	0	0	0	0	0	0	0	0	0	0	0
0	0	0	0	0	0	0	0	0	0	0	0	0	0	0	0	0	0	0	0	0	0	0	0	0	0	0	0	0	0	0.889171344292326	0.653345978991037	0	0.673059349297419	0	0	0	0	0	0	0	0	0	0	0	0	0	0	0	0.672103665333414	0	0	0	0	0	0.806604546971448	0.804848673698956	0.934486324944682	0.592705939850646	0	0	0	0	0	0	0	0	0	0	0	0	0	0	0	0	0	0	0	0	0	0	0	0	0	0	0	0	0	0	0
0	0	0	0	0	0	0	0	0	0	0	0	0	0	0	0	0	0	0	0	0	0	0	0	0	0	0	0	0	0	0	0	0	0	0	0	0	0	0	0	0	0	0	0	0	0	0	0	0	0	0	0	0	0	0	0	0	0	0	0	0	0.768079001296102	0	0.640316387305794	0.605276083819328	0.543294280906805	0	0	0.55403654839012	0.650990914204288	0	0	0	0	0	0	0	0	0.782417003929217	0.561825826409804	0.744708688416006	0.551460455041042	0	0	0	0.52497271637982	0	0	0.861035169353364	0.654147922137824
0	0	0	0	0	0	0	0	0	0	0	0	0	0	0	0	0	0	0	0	0	0	0	0	0	0	0	0	0	0	0	0	0	0	0	0	0	0	0	0	0	0	0	0	0	0	0	0	0	0	0	0	0	0	0	0	0	0	0	0	0.777210271480959	0	0	0	0.866132584437311	0	0.690137091962516	0.894540581694102	0	0	0.578874993904885	0	0	0	0	0.749943105744059	0.645315216807228	0	0	0	0	0.728853759801925	0	0	0	0	0	0	0	0.932420659635547
0	0	0	0	0	0	0	0	0	0	0	0	0	0	0	0	0	0	0	0	0	0	0	0	0	0	0	0	0	0	0	0	0	0	0	0	0	0	0	0	0	0	0	0	0	0	0	0	0	0	0	0	0	0	0	0	0	0	0	0	0	0	0	0	0	0.855878463760217	0.964080243735468	0	0	0	0	0.983522540537778	0.838185393191209	0	0.85758818242283	0	0.538985189492901	0.548023848640937	0	0	0	0	0	0	0	0	0	0	0	0
0	0	0	0	0	0	0	0	0	0	0	0	0	0	0	0	0	0	0	0	0	0	0	0	0	0	0	0	0	0	0	0	0	0	0	0	0	0	0	0	0	0	0	0	0	0	0	0	0	0	0	0	0	0	0	0	0	0	0	0	0.669916090879625	0	0	0	0	0.610628466104932	0	0	0	0	0.719360463396968	0	0	0.728936155308822	0	0	0	0	0	0.946197272653488	0.831228722184613	0	0	0.942837517109526	0.778932874388365	0.648695855772591	0	0	0.560154651515967	0
0	0	0	0	0	0	0	0	0	0	0	0	0	0	0	0	0	0	0	0	0	0	0	0	0	0	0	0	0	0	0	0	0	0	0	0	0	0	0	0	0	0	0	0	0	0	0	0	0	0	0	0	0	0	0	0	0	0	0	0	0.551254666015222	0.638565644231861	0	0	0	0.947048349141476	0.849252560060672	0	0	0	0	0	0.778500178423193	0	0	0	0	0.72539258289859	0.960727959122602	0	0	0	0	0	0.820726109457243	0	0	0.828580560156175	0	0.959523451959528
0	0	0	0	0	0	0	0	0	0	0	0	0	0	0	0	0	0	0	0	0	0	0	0	0	0	0	0	0	0	0	0	0	0	0	0	0	0	0	0	0	0	0	0	0	0	0	0	0	0	0	0	0	0	0	0	0	0	0	0	0.631520152728902	0	0.779489737206945	0.614343924350107	0.98012011287021	0	0	0.732317732631824	0	0	0.804717564417042	0.506100065741979	0.873064259155394	0	0.780562648249655	0	0.8674934777746	0	0	0	0.837692261213349	0	0	0.891235341258422	0	0	0	0	0	0.747239022408135
0	0	0	0	0	0	0	0	0	0	0	0	0	0	0	0	0	0	0	0	0	0	0	0	0	0	0	0	0	0	0	0	0	0	0	0	0	0	0	0	0	0	0	0	0	0	0	0	0	0	0	0	0	0	0	0	0	0	0	0	0	0.633872410082249	0.644115947553266	0	0.777619396994557	0	0	0	0.875998730482882	0	0	0	0.774150094893187	0	0.658380763056784	0.870376440167366	0.885285035912564	0	0	0	0	0	0	0	0	0.633484208062422	0.75241695843252	0	0	0
0	0	0	0	0	0	0	0	0	0	0	0	0	0	0	0	0	0	0	0	0	0	0	0	0	0	0	0	0	0	0	0	0	0	0	0	0	0	0	0	0	0	0	0	0	0	0	0	0	0	0	0	0	0	0	0	0	0	0	0	0	0.693645331784703	0	0	0	0.792689262064364	0	0	0	0	0.687187205053819	0.888551444683144	0	0	0	0.718180736616884	0.82057769410303	0	0	0	0	0	0	0	0.944623267451252	0	0.799702413849204	0.966558994471512	0.60388327225357	0
0	0	0	0	0	0	0	0	0	0	0	0	0	0	0	0	0	0	0	0	0	0	0	0	0	0	0	0	0	0	0	0	0	0	0	0	0	0	0	0	0	0	0	0	0	0	0	0	0	0	0	0	0	0	0	0	0	0	0	0	0.765387595458445	0	0	0	0	0	0.817455403631954	0	0	0	0.504320359463998	0	0.649716146686862	0	0	0	0	0	0.850045758707493	0	0	0	0.553892838363099	0	0	0	0.801229393710679	0	0.897089680139478	0
0	0	0	0	0	0	0	0	0	0	0	0	0	0	0	0	0	0	0	0	0	0	0	0	0	0	0	0	0	0	0	0	0	0	0	0	0	0	0	0	0	0	0	0	0	0	0	0	0	0	0	0	0	0	0	0	0	0	0	0	0.786023652033311	0	0	0	0	0	0	0	0	0	0	0	0.92323808216229	0.68017938003261	0.541062081774376	0	0	0.829673818203432	0	0	0	0.991177279124096	0	0	0	0	0.774713386733568	0	0.966657174667237	0.928425302821439
0	0	0	0	0	0	0	0	0	0	0	0	0	0	0	0	0	0	0	0	0	0	0	0	0	0	0	0	0	0	0	0	0	0	0	0	0	0	0	0	0	0	0	0	0	0	0	0	0	0	0	0	0	0	0	0	0	0	0	0	0	0.559341350225051	0	0.992473915006321	0	0.628906725011386	0	0.658092081692202	0.523577853114218	0	0	0	0	0	0.689915207687391	0	0	0.94843332418812	0.739476255265375	0	0.79001357358161	0.886269188566113	0	0.535493447899885	0	0	0	0	0	0.673978826886209
0	0	0	0	0	0	0	0	0	0	0	0	0	0	0	0	0	0	0	0	0	0	0	0	0	0	0	0	0	0	0	0	0	0	0	0	0	0	0	0	0	0	0	0	0	0	0	0	0	0	0	0	0	0	0	0	0	0	0	0	0	0	0.689317205023608	0	0	0.832109265883644	0	0.568314589701149	0	0	0	0	0.966951308075658	0.849413984386281	0.537480357280751	0	0	0	0	0.845671368543957	0	0	0	0	0	0	0.646533877414186	0.720191329639774	0	0
0	0	0	0	0	0	0	0	0	0	0	0	0	0	0	0	0	0	0	0	0	0	0	0	0	0	0	0	0	0	0	0	0	0	0	0	0	0	0	0	0	0	0	0	0	0	0	0	0	0	0	0	0	0	0	0	0	0	0	0	0	0	0.908838622113033	0	0.776998520077318	0.830955606704755	0.537315943917111	0	0.891429499710154	0.783493645516226	0	0.543667091857001	0	0	0.828339372282828	0	0	0	0	0	0	0.986114271192572	0.819811522463855	0	0	0.825100837966046	0.913010542510365	0	0	0
0	0	0	0	0	0	0	0	0	0	0	0	0	0	0	0	0	0	0	0	0	0	0	0	0	0	0	0	0	0	0	0	0	0	0	0	0	0	0	0	0	0	0	0	0	0	0	0	0	0	0	0	0	0	0	0	0	0	0	0	0	0	0	0.798441518913132	0	0	0	0	0	0.987982225077835	0	0.789848400917113	0	0	0	0	0.938137226112344	0	0.588684501982979	0.524145455091666	0	0	0	0	0.520990249812277	0	0.866586130258069	0	0	0
0	0	0	0	0	0	0	0	0	0	0	0	0	0	0	0	0	0	0	0	0	0	0	0	0	0	0	0	0	0	0	0	0	0	0	0	0	0	0	0	0	0	0	0	0	0	0	0	0	0	0	0	0	0	0	0	0	0	0	0	0	0	0.834386402682096	0	0	0.554398632215687	0.812839107549137	0	0	0.799237281946033	0.592524311869846	0.635342907069728	0.747029356232928	0	0	0.686594115698252	0	0	0.862389055245721	0	0	0	0	0	0	0	0	0	0.935461507424093	0
0	0	0	0	0	0	0	0	0	0	0	0	0	0	0	0	0	0	0	0	0	0	0	0	0	0	0	0	0	0	0	0	0	0	0	0	0	0	0	0	0	0	0	0	0	0	0	0	0	0	0	0	0	0	0	0	0	0	0	0	0	0.965562996941747	0	0	0	0	0.844625629116284	0.855310405820044	0	0	0	0	0	0	0.585409838012908	0	0.663131670753731	0.746685016525489	0	0	0	0	0	0.615342821224774	0	0	0.58441199127684	0	0	0
0	0	0	0	0	0	0	0	0	0	0	0	0	0	0	0	0	0	0	0	0	0	0	0	0	0	0	0	0	0	0	0	0	0	0	0	0	0	0	0	0	0	0	0	0	0	0	0	0	0	0	0	0	0	0	0	0	0	0	0	0	0.955518827914955	0.70822505291724	0	0	0.597117114645906	0.779775317589737	0.984837325886192	0	0	0	0	0	0.942305326271331	0	0.918203647454789	0	0.687190788927762	0.877063331842369	0	0.648565751933969	0	0	0.792706508354053	0	0	0	0	0	0
0	0	0	0	0	0	0	0	0	0	0	0	0	0	0	0	0	0	0	0	0	0	0	0	0	0	0	0	0	0	0	0	0	0	0	0	0	0	0	0	0	0	0	0	0	0	0	0	0	0	0	0	0	0	0	0	0	0	0	0	0	0	0.669125847461247	0	0.953076844069561	0	0	0	0	0.689773058710762	0.563122825154522	0	0	0	0	0.555067030015946	0.974571468916148	0	0	0.710379311234485	0.557822620440943	0.793273616113611	0.80030580255477	0.750795142448748	0.566210469227988	0.554387309082939	0.719036162846695	0	0.961278589821792	0
0	0	0	0	0	0	0	0	0	0	0	0	0	0	0	0	0	0	0	0	0	0	0	0	0	0	0	0	0	0	0	0	0	0	0	0	0	0	0	0	0	0	0	0	0	0	0	0	0	0	0	0	0	0	0	0	0	0	0	0	0.86157917753229	0	0	0	0.851247477673715	0	0	0	0.830268317248943	0	0.718246456231279	0	0	0.636524715266692	0.644177243954208	0	0.647836903176791	0	0	0	0	0	0	0.727813238974961	0	0	0.908939922895604	0	0	0
0	0	0	0	0	0	0	0	0	0	0	0	0	0	0	0	0	0	0	0	0	0	0	0	0	0	0	0	0	0	0	0	0	0	0	0	0	0	0	0	0	0	0	0	0	0	0	0	0	0	0	0	0	0	0	0	0	0	0	0	0.527363848496681	0	0	0.807738918911166	0	0	0	0	0	0	0	0.989434800609095	0	0.699070549643669	0	0	0	0.508822012496547	0	0	0	0.598956831350381	0	0	0.765331092395348	0	0	0	0	0.631846451859153
0	0	0	0	0	0	0	0	0	0	0	0	0	0	0	0	0	0	0	0	0	0	0	0	0	0	0	0	0	0	0	0	0	0	0	0	0	0	0	0	0	0	0	0	0	0	0	0	0	0	0	0	0	0	0	0	0	0	0	0	0.591357414263091	0	0	0.859937645657767	0	0.536007988427788	0	0	0	0	0.637460652571615	0	0	0	0	0	0.915285115459701	0.687095321466678	0	0	0	0.504963400132502	0.657531978934216	0.558852814834296	0	0	0	0	0.633606310969955	0.777086073571696
0	0	0	0	0	0	0	0	0	0	0	0	0	0	0	0	0	0	0	0	0	0	0	0	0	0	0	0	0	0	0	0	0	0	0	0	0	0	0	0	0	0	0	0	0	0	0	0	0	0	0	0	0	0	0	0	0	0	0	0	0.788342189052613	0.600705130810211	0	0	0	0	0	0	0	0.926377648693385	0.648291393284561	0	0.993426202380858	0	0	0	0	0.722118157623928	0	0.531038891049551	0.735316078111104	0	0	0.665102637074749	0	0	0	0	0	0
0	0	0	0	0	0	0	0	0	0	0	0	0	0	0	0	0	0	0	0	0	0	0	0	0	0	0	0	0	0	0	0	0	0	0	0	0	0	0	0	0	0	0	0	0	0	0	0	0	0	0	0	0	0	0	0	0	0	0	0	0	0	0	0	0	0	0	0	0.737719921092802	0	0	0	0.578081628484394	0	0	0	0	0.70649260086754	0	0	0.566089992534412	0	0	0.824281975227724	0.720404727958712	0.950112401102752	0	0	0.986043640943762	0.535991887604314
0	0	0	0	0	0	0	0	0	0	0	0	0	0	0	0	0	0	0	0	0	0	0	0	0	0	0	0	0	0	0	0	0	0	0	0	0	0	0	0	0	0	0	0	0	0	0	0	0	0	0	0	0	0	0	0	0	0	0	0	0	0	0	0.556148834598527	0	0.684735313781264	0	0	0	0	0.969162854155272	0	0	0	0	0.767103727292713	0.723852675740279	0.633949763662219	0.999383096180524	0	0.560170946329567	0.615403077434896	0.746223161494477	0	0	0	0	0	0.864479117668326	0
0	0	0	0	0	0	0	0	0	0	0	0	0	0	0	0	0	0	0	0	0	0	0	0	0	0	0	0	0	0	0	0	0	0	0	0	0	0	0	0	0	0	0	0	0	0	0	0	0	0	0	0	0	0	0	0	0	0	0	0	0	0	0	0.854174730529604	0.641774589093867	0	0	0.624176953469663	0	0	0	0	0	0.68518660040643	0	0	0	0.550182346176321	0	0.881388722869775	0	0	0.732932561473969	0	0	0.91829532668182	0	0	0	0.581006081624547
0	0	0	0	0	0	0	0	0	0	0	0	0	0	0	0	0	0	0	0	0	0	0	0	0	0	0	0	0	0	0	0	0	0	0	0	0	0	0	0	0	0	0	0	0	0	0	0	0	0	0	0	0	0	0	0	0	0	0	0	0.767660558758507	0	0	0.802856834180997	0	0	0.597792989559035	0	0	0	0	0	0.954845677696883	0	0	0	0	0.928836976712252	0	0	0	0	0.752907176947059	0	0.600178086786008	0	0	0.574042134523264	0	0.741829958533565
0	0	0	0	0	0	0	0	0	0	0	0	0	0	0	0	0	0	0	0	0	0	0	0	0	0	0	0	0	0	0	0	0	0	0	0	0	0	0	0	0	0	0	0	0	0	0	0	0	0	0	0	0	0	0	0	0	0	0	0	0	0	0	0	0	0	0.665820589760523	0.801190947613525	0.862247048287022	0.916318147364307	0	0.760869577616029	0.835642081195517	0.83634641634154	0	0.857843527312926	0	0.597478914110897	0.780554141630849	0	0	0	0	0	0	0	0	0	0	0.654206888914382
0	0	0	0	0	0	0	0	0	0	0	0	0	0	0	0	0	0	0	0	0	0	0	0	0	0	0	0	0	0	0	0	0	0	0	0	0	0	0	0	0	0	0	0	0	0	0	0	0	0	0	0	0	0	0	0	0	0	0	0	0	0	0	0	0.577168271470909	0	0	0.828051612207405	0	0	0	0.852860478570324	0	0	0	0	0	0	0	0	0	0	0	0	0	0.833759020182107	0	0	0.908010583499283	0.985146465086764
0	0	0	0	0	0	0	0	0	0	0	0	0	0	0	0	0	0	0	0	0	0	0	0	0	0	0	0	0	0	0	0	0	0	0	0	0	0	0	0	0	0	0	0	0	0	0	0	0	0	0	0	0	0	0	0	0	0	0	0	0.845237140984896	0	0	0.675776164829084	0	0	0	0.824547052256662	0.722801967649938	0.94952400344422	0	0	0	0	0.597309679348823	0	0	0.571681072808608	0	0	0.963440821156101	0	0.722999426930378	0.824324374703634	0	0	0	0.782416622722682	0	0
0	0	0	0	0	0	0	0	0	0	0	0	0	0	0	0	0	0	0	0	0	0	0	0	0	0	0	0	0	0	0	0	0	0	0	0	0	0	0	0	0	0	0	0	0	0	0	0	0	0	0	0	0	0	0	0	0	0	0	0	0.835757600621315	0.98295123192052	0	0	0.815272077572604	0.669618251866096	0	0	0	0.50246042959719	0.510316714833523	0	0	0	0	0	0	0	0	0.794266673180138	0.955350572347	0	0.650498769721257	0	0.594392416092465	0.590848294089328	0.779542296641555	0.528097014457241	0	0
