0	0.997289835722507	0.614092965648515	0	0	0.822942010932784	0.736144097557835	0	0.546522312616436	0	0	0	0.871617710545822	0	0	0.987973568897343	0.687645350403482	0	0	0	0	0	0	0	0	0	0	0	0	0	0	0	0	0	0	0	0	0	0	0	0	0	0	0	0	0	0	0	0	0	0	0	0	0	0	0	0	0	0	0	0	0	0	0	0	0	0	0	0	0	0	0	0	0	0	0	0	0	0	0	0	0	0	0	0	0	0	0	0	0
0.670553685837701	0	0.59011501410227	0	0.615515618656122	0.704586542373353	0	0.760799678482831	0	0	0.988089142603539	0.866815766816748	0.570736260571344	0.6507480015225	0.551594716515664	0.912705926695822	0.979868030027302	0	0	0	0	0	0	0	0	0	0	0	0	0	0	0	0	0	0	0	0	0	0	0	0	0	0	0	0	0	0	0	0	0	0	0	0	0	0	0	0	0	0	0	0	0	0	0	0	0	0	0	0	0	0	0	0	0	0	0	0	0	0	0	0	0	0	0	0	0	0	0	0	0
0.586782872613406	0.973909920890827	0	0.974921843534693	0	0	0	0.560447484753537	0.921778380299902	0.676183346416235	0	0.987972621770136	0	0	0	0.62164760659197	0.925283452887459	0	0	0	0	0	0	0	0	0	0	0	0	0	0	0	0	0	0	0	0	0	0	0	0	0	0	0	0	0	0	0	0	0	0	0	0	0	0	0	0	0	0	0	0	0	0	0	0	0	0	0	0	0	0	0	0	0	0	0	0	0	0	0	0	0	0	0	0	0	0	0	0	0
0	0	0.757732695287381	0	0.55953627943967	0.531482219318019	0.885677782572981	0	0.532298402982099	0	0.751347457646795	0	0	0.952223360151076	0	0	0.96165264441701	0	0	0	0	0	0	0	0	0	0	0	0	0	0	0	0	0	0	0	0	0	0	0	0	0	0	0	0	0	0	0	0	0	0	0	0	0	0	0	0	0	0	0	0	0	0	0	0	0	0	0	0	0	0	0	0	0	0	0	0	0	0	0	0	0	0	0	0	0	0	0	0	0
0	0.725483440416252	0	0.973037901843948	0	0.841139534025283	0.884456920808139	0.987836007431602	0	0.922920255966555	0.66438500448743	0	0.502117319821671	0.512409046141594	0	0	0	0	0	0	0	0	0	0	0	0	0	0	0	0	0	0	0	0	0	0	0	0	0	0	0	0	0	0	0	0	0	0	0	0	0	0	0	0	0	0	0	0	0	0	0	0	0	0	0	0	0	0	0	0	0	0	0	0	0	0	0	0	0	0	0	0	0	0	0	0	0	0	0	0
0.80748920433221	0.671358144575006	0	0.547404947823604	0.986680222855041	0	0	0.537228536951574	0.945502378913255	0	0	0.853731530851749	0	0	0.867207122831106	0.717770244765983	0.577805642417987	0.816828585818506	0	0	0	0	0	0	0	0	0	0	0	0	0	0	0	0	0	0	0	0	0	0	0	0	0	0	0	0	0	0	0	0	0	0	0	0	0	0	0	0	0	0	0	0	0	0	0	0	0	0	0	0	0	0	0	0	0	0	0	0	0	0	0	0	0	0	0	0	0	0	0	0
0.760919805789184	0	0	0.891095677004624	0.872863072809142	0	0	0	0.861733282592039	0.644093845374881	0	0	0.611123857298001	0.647244873384062	0.919058036124043	0.560030062820059	0.803458751710237	0.654455659586822	0	0	0	0	0	0	0	0	0	0	0	0	0	0	0	0	0	0	0	0	0	0	0	0	0	0	0	0	0	0	0	0	0	0	0	0	0	0	0	0	0	0	0	0	0	0	0	0	0	0	0	0	0	0	0	0	0	0	0	0	0	0	0	0	0	0	0	0	0	0	0	0
0	0.908093582698938	0.784642864701572	0	0.832021155235357	0.543821039155233	0	0	0	0.891999137016252	0.651974702635991	0.603412599627714	0.971346538019094	0	0.94860435312826	0.644616541251013	0.773585807505619	0.8588636971654	0	0	0	0	0	0	0	0	0	0	0	0	0	0	0	0	0	0	0	0	0	0	0	0	0	0	0	0	0	0	0	0	0	0	0	0	0	0	0	0	0	0	0	0	0	0	0	0	0	0	0	0	0	0	0	0	0	0	0	0	0	0	0	0	0	0	0	0	0	0	0	0
0.93751279320022	0	0.869852650809036	0.52221485626487	0	0.572672612930353	0.586287643099183	0	0	0.80529448684372	0	0.925946815135262	0.93932334133607	0	0	0	0.752606584974227	0.979521388161964	0	0	0	0	0	0	0	0	0	0	0	0	0	0	0	0	0	0	0	0	0	0	0	0	0	0	0	0	0	0	0	0	0	0	0	0	0	0	0	0	0	0	0	0	0	0	0	0	0	0	0	0	0	0	0	0	0	0	0	0	0	0	0	0	0	0	0	0	0	0	0	0
0	0	0.520237260933052	0	0.67456905565848	0	0.906451443997479	0.903165044487088	0.617553155520086	0	0.503247540887245	0	0.93014462948716	0.538062685707211	0	0	0.836185744401255	0	0	0	0	0	0	0	0	0	0	0	0	0	0	0	0	0	0	0	0	0	0	0	0	0	0	0	0	0	0	0	0	0	0	0	0	0	0	0	0	0	0	0	0	0	0	0	0	0	0	0	0	0	0	0	0	0	0	0	0	0	0	0	0	0	0	0	0	0	0	0	0	0
0	0.706125979951902	0	0.960675339417119	0.89595785962475	0	0	0.964290127922393	0	0.857633970365762	0	0.927464845596378	0	0.789748649462918	0	0.675595334766822	0	0.783704418983911	0	0	0	0	0	0	0	0	0	0	0	0	0	0	0	0	0	0	0	0	0	0	0	0	0	0	0	0	0	0	0	0	0	0	0	0	0	0	0	0	0	0	0	0	0	0	0	0	0	0	0	0	0	0	0	0	0	0	0	0	0	0	0	0	0	0	0	0	0	0	0	0
0	0.509003110160632	0.932723288971023	0	0	0.539518669725175	0	0.97514117386332	0.625836582900591	0	0.84210377983061	0	0	0.629783375015542	0.79848001882733	0.520607211893369	0.658885224789861	0.911069305714789	0	0	0	0	0	0	0	0	0	0	0	0	0	0	0	0	0	0	0	0	0	0	0	0	0	0	0	0	0	0	0	0	0	0	0	0	0	0	0	0	0	0	0	0	0	0	0	0	0	0	0	0	0	0	0	0	0	0	0	0	0	0	0	0	0	0	0	0	0	0	0	0
0.967356307159986	0.80635023386305	0	0	0.670826352987626	0	0.519697057381483	0.636987032793206	0.80252615831239	0.845089226969622	0	0	0	0.917256558958862	0.592706793926298	0.976642535610011	0	0	0	0	0	0	0	0	0	0	0	0	0	0	0	0	0	0	0	0	0	0	0	0	0	0	0	0	0	0	0	0	0	0	0	0	0	0	0	0	0	0	0	0	0	0	0	0	0	0	0	0	0	0	0	0	0	0	0	0	0	0	0	0	0	0	0	0	0	0	0	0	0	0
0	0.88060358984763	0	0.554904697868216	0.533694989572165	0	0.973728359282737	0	0	0.81845379764983	0.982258937248041	0.617593691707961	0.512605716329646	0	0.709619917163592	0	0	0	0	0	0	0	0	0	0	0	0	0	0	0	0	0	0	0	0	0	0	0	0	0	0	0	0	0	0	0	0	0	0	0	0	0	0	0	0	0	0	0	0	0	0	0	0	0	0	0	0	0	0	0	0	0	0	0	0	0	0	0	0	0	0	0	0	0	0	0	0	0	0	0
0	0.75691289402748	0	0	0	0.995663852142774	0.679569983067926	0.546539060990001	0	0	0	0.672890040938064	0.770544576502619	0.824715575539919	0	0.752626244486178	0.827190218001934	0.624986308302094	0	0	0	0	0	0	0	0	0	0	0	0	0	0	0	0	0	0	0	0	0	0	0	0	0	0	0	0	0	0	0	0	0	0	0	0	0	0	0	0	0	0	0	0	0	0	0	0	0	0	0	0	0	0	0	0	0	0	0	0	0	0	0	0	0	0	0	0	0	0	0	0
0.903739260444604	0.676478071065408	0.914089719438961	0	0	0.54765683135496	0.853638772857936	0.992231476012576	0	0	0.56579531356251	0.511644912565428	0.691508892565876	0	0.980454202943205	0	0.530508893990738	0	0	0	0	0	0	0	0	0	0	0	0	0	0	0	0	0	0	0	0	0	0	0	0	0	0	0	0	0	0	0	0	0	0	0	0	0	0	0	0	0	0	0	0	0	0	0	0	0	0	0	0	0	0	0	0	0	0	0	0	0	0	0	0	0	0	0	0	0	0	0	0	0
0.837477385994837	0.839218343368472	0.779957890486482	0.841633297111697	0	0.903188110432415	0.933060999728048	0.550647421914687	0.81088395099658	0.592079640362604	0	0.712760855445144	0	0	0.756624183093432	0.65004722414483	0	0.67729781902294	0	0	0	0	0	0	0	0	0	0	0	0	0	0	0	0	0	0	0	0	0	0	0	0	0	0	0	0	0	0	0	0	0	0	0	0	0	0	0	0	0	0	0	0	0	0	0	0	0	0	0	0	0	0	0	0	0	0	0	0	0	0	0	0	0	0	0	0	0	0	0	0
0	0	0	0	0	0.673277968701757	0.751674635938135	0.749800113958982	0.606529523935343	0	0.96331759699309	0.752067504023603	0	0	0.818903220932712	0	0.839944533007954	0	0	0	0	0	0	0	0	0	0	0	0	0	0	0	0	0	0	0	0	0	0	0	0	0	0	0	0	0	0	0	0	0	0	0	0	0	0	0	0	0	0	0	0	0	0	0	0	0	0	0	0	0	0	0	0	0	0	0	0	0	0	0	0	0	0	0	0	0	0	0	0	0
0	0	0	0	0	0	0	0	0	0	0	0	0	0	0	0	0	0	0	0.906729671455798	0.58939705045177	0.733978978246265	0	0	0	0	0	0	0	0	0	0	0	0.754656910526643	0.528241951510025	0.998489901963491	0	0	0	0	0	0	0	0	0	0	0	0	0	0	0	0	0	0	0	0	0	0	0	0	0	0	0	0	0	0	0	0	0	0	0	0	0	0	0	0	0	0	0	0	0	0	0	0	0	0	0	0	0	0
0	0	0	0	0	0	0	0	0	0	0	0	0	0	0	0	0	0	0.725984126778889	0	0.589077566856803	0.721852756189987	0.865240864977457	0	0	0	0	0	0	0	0	0	0	0	0.853242393272954	0.551413181301152	0	0	0	0	0	0	0	0	0	0	0	0	0	0	0	0	0	0	0	0	0	0	0	0	0	0	0	0	0	0	0	0	0	0	0	0	0	0	0	0	0	0	0	0	0	0	0	0	0	0	0	0	0	0
0	0	0	0	0	0	0	0	0	0	0	0	0	0	0	0	0	0	0.518913060143988	0.963696536341705	0	0.509731540731384	0.744980994517099	0.878842626769886	0	0	0	0	0	0	0	0	0	0	0	0.720886292084448	0	0	0	0	0	0	0	0	0	0	0	0	0	0	0	0	0	0	0	0	0	0	0	0	0	0	0	0	0	0	0	0	0	0	0	0	0	0	0	0	0	0	0	0	0	0	0	0	0	0	0	0	0	0
0	0	0	0	0	0	0	0	0	0	0	0	0	0	0	0	0	0	0.845856467565356	0.904063569146589	0.93759245187147	0	0.595726589681896	0.74826085311233	0.841066119080716	0	0	0	0	0	0	0	0	0	0	0	0	0	0	0	0	0	0	0	0	0	0	0	0	0	0	0	0	0	0	0	0	0	0	0	0	0	0	0	0	0	0	0	0	0	0	0	0	0	0	0	0	0	0	0	0	0	0	0	0	0	0	0	0	0
0	0	0	0	0	0	0	0	0	0	0	0	0	0	0	0	0	0	0	0.888587431706593	0.826936560920672	0.503308742446071	0	0.832736379425323	0.618071903242593	0.579737767005899	0	0	0	0	0	0	0.728155146630326	0	0	0	0	0	0	0	0	0	0	0	0	0	0	0	0	0	0	0	0	0	0	0	0	0	0	0	0	0	0	0	0	0	0	0	0	0	0	0	0	0	0	0	0	0	0	0	0	0	0	0	0	0	0	0	0	0
0	0	0	0	0	0	0	0	0	0	0	0	0	0	0	0	0	0	0	0	0.733653353313896	0.769032460299377	0.571954393337151	0	0.533411262466787	0.80233399618027	0.502291005348356	0	0	0	0	0	0	0	0	0	0	0	0	0	0	0	0	0	0	0	0	0	0	0	0	0	0	0	0	0	0	0	0	0	0	0	0	0	0	0	0	0	0	0	0	0	0	0	0	0	0	0	0	0	0	0	0	0	0	0	0	0	0	0
0	0	0	0	0	0	0	0	0	0	0	0	0	0	0	0	0	0	0	0	0	0.872689749338686	0.993328481468036	0.842197849905405	0	0.893196415372996	0.911256917103735	0.803561541106326	0	0	0	0	0	0	0	0	0	0	0	0	0	0	0	0	0	0	0	0	0	0	0	0	0	0	0	0	0	0	0	0	0	0	0	0	0	0	0	0	0	0	0	0	0	0	0	0	0	0	0	0	0	0	0	0	0	0	0	0	0	0
0	0	0	0	0	0	0	0	0	0	0	0	0	0	0	0	0	0	0	0	0	0	0.758770304283505	0.745184046056772	0.798449055097618	0	0.77476738594469	0.870082689036268	0.844519925203441	0	0	0	0	0	0	0	0	0	0	0	0	0	0	0	0	0	0	0	0	0	0	0	0	0	0	0	0	0	0	0	0	0	0	0	0	0	0	0	0	0	0	0	0	0	0	0	0	0	0	0	0	0	0	0	0	0	0	0	0	0
0	0	0	0	0	0	0	0	0	0	0	0	0	0	0	0	0	0	0	0	0	0	0	0.961979804005315	0.934216456483096	0.519565383637205	0	0.963511028715042	0.683416681655114	0.989184172007253	0	0	0	0	0	0	0	0	0	0	0	0	0	0	0	0	0	0	0	0	0	0	0	0	0	0	0	0	0	0	0	0	0	0	0	0	0	0	0	0	0	0	0	0	0	0	0	0	0	0	0	0	0	0	0	0	0	0	0	0
0	0	0	0	0	0	0	0	0	0	0	0	0	0	0	0	0	0	0	0	0	0	0	0	0.959867186043535	0.973772719482474	0.798946854167064	0	0.969334838534365	0.523784965570265	0.691708850044492	0	0	0	0	0	0	0	0	0	0	0	0	0	0	0	0	0	0	0	0	0	0	0	0	0	0	0	0	0	0	0	0	0	0	0	0	0	0	0	0	0	0	0	0	0	0	0	0	0	0	0	0	0	0	0	0	0	0	0
0	0	0	0	0	0	0	0	0	0	0	0	0	0	0	0	0	0	0	0	0	0	0	0	0	0.956584341087874	0.838558997865763	0.873042248070009	0	0	0.844133908153534	0.58606579978697	0	0	0.5752997815026	0	0	0	0	0	0	0	0	0	0	0	0	0	0	0	0	0	0	0	0	0	0	0	0	0	0	0	0	0	0	0	0	0	0	0	0	0	0	0	0	0	0	0	0	0	0	0	0	0	0	0	0	0	0	0
0	0	0	0	0	0	0	0	0	0	0	0	0	0	0	0	0	0	0	0	0	0	0	0	0	0	0.841898974095278	0.598158436153429	0	0	0.856784536520196	0.668445492607005	0.938700284901923	0	0	0	0	0	0	0	0	0	0	0	0	0	0	0	0	0	0	0	0	0	0	0	0	0	0	0	0	0	0	0	0	0	0	0	0	0	0	0	0	0	0	0	0	0	0	0	0	0	0	0	0	0	0	0	0	0
0	0	0	0	0	0	0	0	0	0	0	0	0	0	0	0	0	0	0	0	0	0	0	0	0	0	0	0.613318993912559	0.736741329242356	0.700455305516679	0	0.589847760510731	0.892092425884343	0.692634324838112	0	0	0	0	0	0	0	0	0	0	0	0	0	0	0	0	0	0	0	0	0	0	0	0	0	0	0	0	0	0	0	0	0	0	0	0	0	0	0	0	0	0	0	0	0	0	0	0	0	0	0	0	0	0	0	0
0	0	0	0	0	0	0	0	0	0	0	0	0	0	0	0	0	0	0	0	0	0	0	0	0	0	0	0	0.545575581905587	0.581555099305141	0.66320724507154	0	0.564630853326861	0.623350276297328	0.564852588786489	0	0	0	0	0	0	0	0	0	0	0	0	0	0	0	0	0	0	0	0	0	0	0	0	0	0	0	0	0	0	0	0	0	0	0	0	0	0	0	0	0	0	0	0	0	0	0	0	0	0	0	0	0	0	0
0	0	0	0	0	0	0	0	0	0	0	0	0	0	0	0	0	0	0	0	0	0	0.645848373276767	0	0	0	0	0	0	0.597573803553998	0.551731154735953	0.837733225946097	0	0.645928910125531	0	0.699530267218127	0	0	0	0	0	0	0	0	0	0	0	0	0	0	0	0	0	0	0	0	0	0	0	0	0	0	0	0	0	0	0	0	0	0	0	0	0	0	0	0	0	0	0	0	0	0	0	0	0	0	0	0	0	0
0	0	0	0	0	0	0	0	0	0	0	0	0	0	0	0	0	0	0.561053898826411	0	0	0	0	0	0	0	0	0	0	0	0.734942348331029	0.609449952154565	0.999847761201101	0	0.828115825219	0.732618577599443	0	0	0	0	0	0	0	0	0	0	0	0	0	0	0	0	0	0	0	0	0	0	0	0	0	0	0	0	0	0	0	0	0	0	0	0	0	0	0	0	0	0	0	0	0	0	0	0	0	0	0	0	0	0
0	0	0	0	0	0	0	0	0	0	0	0	0	0	0	0	0	0	0.733255026773829	0.586697951661272	0	0	0	0	0	0	0	0	0.891846987687113	0	0	0.565427598891228	0	0.716236861466608	0	0.748601339114752	0	0	0	0	0	0	0	0	0	0	0	0	0	0	0	0	0	0	0	0	0	0	0	0	0	0	0	0	0	0	0	0	0	0	0	0	0	0	0	0	0	0	0	0	0	0	0	0	0	0	0	0	0	0
0	0	0	0	0	0	0	0	0	0	0	0	0	0	0	0	0	0	0.694500482304313	0.905427432936809	0.738163207118419	0	0	0	0	0	0	0	0	0	0	0	0.700233512868988	0.977100634854111	0.648652601662848	0	0	0	0	0	0	0	0	0	0	0	0	0	0	0	0	0	0	0	0	0	0	0	0	0	0	0	0	0	0	0	0	0	0	0	0	0	0	0	0	0	0	0	0	0	0	0	0	0	0	0	0	0	0	0
0	0	0	0	0	0	0	0	0	0	0	0	0	0	0	0	0	0	0	0	0	0	0	0	0	0	0	0	0	0	0	0	0	0	0	0	0	0	0.80197585096378	0.975744640274421	0.55979540765119	0	0.70245979540908	0	0	0	0	0	0	0.562987690200648	0.518667178517756	0	0	0.969782115973767	0	0	0	0	0	0	0	0	0	0	0	0	0	0	0	0	0	0	0	0	0	0	0	0	0	0	0	0	0	0	0	0	0	0	0	0
0	0	0	0	0	0	0	0	0	0	0	0	0	0	0	0	0	0	0	0	0	0	0	0	0	0	0	0	0	0	0	0	0	0	0	0	0	0	0	0.529980653823518	0	0.560612985388349	0	0.515830061004809	0.728531707083763	0	0	0	0	0	0	0	0.741339190663123	0.836079190294897	0	0	0	0	0	0	0	0	0	0	0	0	0	0	0	0	0	0	0	0	0	0	0	0	0	0	0	0	0	0	0	0	0	0	0	0
0	0	0	0	0	0	0	0	0	0	0	0	0	0	0	0	0	0	0	0	0	0	0	0	0	0	0	0	0	0	0	0	0	0	0	0	0.950292987879356	0	0	0.577672219809434	0.958182700844869	0.509678370142766	0.726965287477998	0.751492953239869	0	0	0	0	0	0	0	0	0.8954359656309	0.835745747741873	0	0	0	0	0	0	0	0	0	0	0	0	0	0	0	0	0	0	0	0	0	0	0	0	0	0	0	0	0	0	0	0	0	0	0	0
0	0	0	0	0	0	0	0	0	0	0	0	0	0	0	0	0	0	0	0	0	0	0	0	0	0	0	0	0	0	0	0	0	0	0	0	0.960185865445097	0.812834267181398	0.518580333739353	0	0.517332738828133	0.764477935743991	0.628540217090956	0.626405674768342	0	0.985740907310705	0	0	0	0	0	0	0	0.574837189278635	0	0	0	0	0	0	0	0	0	0	0	0	0	0	0	0	0	0	0	0	0	0	0	0	0	0	0	0	0	0	0	0	0	0	0	0
0	0	0	0	0	0	0	0	0	0	0	0	0	0	0	0	0	0	0	0	0	0	0	0	0	0	0	0	0	0	0	0	0	0	0	0	0.944542036682221	0	0.824669202439371	0.548063619361109	0	0.523384567150721	0.691855773533784	0.576388616918025	0.969549186077642	0	0	0	0	0	0	0.678759693085692	0	0	0	0	0	0	0	0	0	0	0	0	0	0	0	0	0	0	0	0	0	0	0	0	0	0	0	0	0	0	0	0	0	0	0	0	0	0
0	0	0	0	0	0	0	0	0	0	0	0	0	0	0	0	0	0	0	0	0	0	0	0	0	0	0	0	0	0	0	0	0	0	0	0	0	0.67027402927034	0.970191473223424	0.719096556260717	0.568518245040538	0	0	0.529481389719077	0.912861373164526	0.509958024131648	0	0.641902038490495	0	0	0	0	0	0	0	0	0	0	0	0	0	0	0	0	0	0	0	0	0	0	0	0	0	0	0	0	0	0	0	0	0	0	0	0	0	0	0	0	0	0
0	0	0	0	0	0	0	0	0	0	0	0	0	0	0	0	0	0	0	0	0	0	0	0	0	0	0	0	0	0	0	0	0	0	0	0	0.725369790934828	0	0.962558791694361	0.653127299482765	0.538018462220297	0	0	0.815236323535823	0.587392384417464	0	0.904006953903797	0	0	0	0	0.961814659310037	0	0	0	0	0	0	0	0	0	0	0	0	0	0	0	0	0	0	0	0	0	0	0	0	0	0	0	0	0	0	0	0	0	0	0	0	0	0
0	0	0	0	0	0	0	0	0	0	0	0	0	0	0	0	0	0	0	0	0	0	0	0	0	0	0	0	0	0	0	0	0	0	0	0	0	0.666217002506963	0.736938554125296	0.62195349976787	0.950196143172942	0.967995891845352	0.888282475629826	0	0.518791041134736	0	0.670327059566975	0.677059055004829	0	0	0	0.921242808989248	0	0	0	0	0	0	0	0	0	0	0	0	0	0	0	0	0	0	0	0	0	0	0	0	0	0	0	0	0	0	0	0	0	0	0	0	0	0
0	0	0	0	0	0	0	0	0	0	0	0	0	0	0	0	0	0	0	0	0	0	0	0	0	0	0	0	0	0	0	0	0	0	0	0	0	0.936520912265229	0	0	0.517523802951347	0.54608332901207	0.768589080224942	0.521868211155168	0	0.916900532416453	0.717880891052868	0.628861727734648	0.9495791285682	0	0.6650131231937	0.985493311880489	0	0	0	0	0	0	0	0	0	0	0	0	0	0	0	0	0	0	0	0	0	0	0	0	0	0	0	0	0	0	0	0	0	0	0	0	0	0
0	0	0	0	0	0	0	0	0	0	0	0	0	0	0	0	0	0	0	0	0	0	0	0	0	0	0	0	0	0	0	0	0	0	0	0	0	0	0	0.712888724041741	0	0.501753555599408	0	0	0.692432072358461	0	0.96222615832921	0	0.888529648562016	0.804367112106697	0.893741049392188	0	0	0	0	0	0	0	0	0	0	0	0	0	0	0	0	0	0	0	0	0	0	0	0	0	0	0	0	0	0	0	0	0	0	0	0	0	0	0
0	0	0	0	0	0	0	0	0	0	0	0	0	0	0	0	0	0	0	0	0	0	0	0	0	0	0	0	0	0	0	0	0	0	0	0	0	0	0	0	0	0	0.975001859638637	0.750087376947893	0.503671359999287	0.88683167803495	0	0.665488496094666	0.901246318743015	0.923260203751572	0.707610859550414	0	0	0	0	0	0	0	0	0	0	0	0	0	0	0	0	0	0	0	0	0	0	0	0	0	0	0	0	0	0	0	0	0	0	0	0	0	0	0
0	0	0	0	0	0	0	0	0	0	0	0	0	0	0	0	0	0	0	0	0	0	0	0	0	0	0	0	0	0	0	0	0	0	0	0	0	0	0	0	0	0.994762092494139	0	0.502689999130891	0.529894239999595	0	0.587901771088076	0	0.923827001509942	0.959635741263122	0.696495451542542	0.851144028964536	0	0	0	0	0	0	0	0	0	0	0	0	0	0	0	0	0	0	0	0	0	0	0	0	0	0	0	0	0	0	0	0	0	0	0	0	0	0
0	0	0	0	0	0	0	0	0	0	0	0	0	0	0	0	0	0	0	0	0	0	0	0	0	0	0	0	0	0	0	0	0	0	0	0	0	0	0	0	0	0	0	0	0.799494427658786	0.502490576778859	0.885863905863383	0.790295166710264	0	0.902215558961383	0.620981473507434	0.633707334905228	0.958092999616384	0.646380142155161	0	0	0	0	0	0	0	0	0	0	0	0	0	0	0	0	0	0	0	0	0	0	0	0	0	0	0	0	0	0	0	0	0	0	0	0
0	0	0	0	0	0	0	0	0	0	0	0	0	0	0	0	0	0	0	0	0	0	0	0	0	0	0	0	0	0	0	0	0	0	0	0	0.638715482213422	0	0	0	0	0	0	0	0	0.557546555737745	0.988893424423496	0.942263804981434	0.500831762618455	0	0.779465530150039	0.941651612652843	0	0.746897306848708	0	0	0	0	0	0	0	0	0	0	0	0	0	0	0	0	0	0	0	0	0	0	0	0	0	0	0	0	0	0	0	0	0	0	0	0
0	0	0	0	0	0	0	0	0	0	0	0	0	0	0	0	0	0	0	0	0	0	0	0	0	0	0	0	0	0	0	0	0	0	0	0	0.53139202783539	0	0	0	0	0	0	0	0.750930394914836	0.639528018190231	0.909084839323963	0.803755274452111	0.821214440820987	0.547786175210661	0	0	0.995440875281986	0	0	0	0	0	0	0	0	0	0	0	0	0	0	0	0	0	0	0	0	0	0	0	0	0	0	0	0	0	0	0	0	0	0	0	0	0
0	0	0	0	0	0	0	0	0	0	0	0	0	0	0	0	0	0	0	0	0	0	0	0	0	0	0	0	0	0	0	0	0	0	0	0	0	0	0	0	0.525567026245566	0	0.870725246979714	0.557254455583104	0.834712165790586	0	0	0.93803681836963	0.642195494434713	0.660302701134561	0	0	0	0.972771749822315	0	0	0	0	0	0	0	0	0	0	0	0	0	0	0	0	0	0	0	0	0	0	0	0	0	0	0	0	0	0	0	0	0	0	0	0
0	0	0	0	0	0	0	0	0	0	0	0	0	0	0	0	0	0	0	0	0	0	0	0	0	0	0	0	0	0	0	0	0	0	0	0	0	0.85877847273519	0.873570120054075	0	0	0	0	0	0	0	0	0	0.750017315317625	0	0.742621813430193	0	0	0.900403194439006	0	0	0	0	0	0	0	0	0	0	0	0	0	0	0	0	0	0	0	0	0	0	0	0	0	0	0	0	0	0	0	0	0	0	0	0
0	0	0	0	0	0	0	0	0	0	0	0	0	0	0	0	0	0	0	0	0	0	0	0	0	0	0	0	0	0	0	0	0	0	0	0	0.902635439940291	0.591034065602568	0.805243116183497	0.949906569598562	0	0	0	0	0	0	0	0	0.677024288670055	0.902378888964634	0	0.860142213278541	0.840083889184069	0	0	0	0	0	0	0	0	0	0	0	0	0	0	0	0	0	0	0	0	0	0	0	0	0	0	0	0	0	0	0	0	0	0	0	0	0
0	0	0	0	0	0	0	0	0	0	0	0	0	0	0	0	0	0	0	0	0	0	0	0	0	0	0	0	0	0	0	0	0	0	0	0	0	0	0	0	0	0	0	0	0	0	0	0	0	0	0	0	0	0	0	0.635061486848889	0.687165831188476	0	0.774585648230248	0.601085997910769	0	0.61462386206495	0.662760748128011	0	0.823382385248938	0.77860069167292	0.923540094826523	0.542812721995788	0	0.657437418725995	0.603463420682703	0.874477566177604	0	0	0	0	0	0	0	0	0	0	0	0	0	0	0	0	0	0
0	0	0	0	0	0	0	0	0	0	0	0	0	0	0	0	0	0	0	0	0	0	0	0	0	0	0	0	0	0	0	0	0	0	0	0	0	0	0	0	0	0	0	0	0	0	0	0	0	0	0	0	0	0	0.778911838280434	0	0.570342579596801	0	0.762636256498185	0	0	0.715517253490914	0.662998076096734	0.754806875697353	0	0.846466626717872	0.550071013669331	0.535403455510715	0.96398589938725	0.67353785373573	0.810392329955357	0	0	0	0	0	0	0	0	0	0	0	0	0	0	0	0	0	0	0
0	0	0	0	0	0	0	0	0	0	0	0	0	0	0	0	0	0	0	0	0	0	0	0	0	0	0	0	0	0	0	0	0	0	0	0	0	0	0	0	0	0	0	0	0	0	0	0	0	0	0	0	0	0	0.676035408554848	0.721810448553335	0	0	0	0.957639579204186	0.66449506091281	0.50747956756735	0	0.891571879344008	0.794715874499896	0	0.971028969207369	0.774167187391734	0.976357518844439	0.805137838287794	0.669099999230668	0.653541774302188	0	0	0	0	0	0	0	0	0	0	0	0	0	0	0	0	0	0
0	0	0	0	0	0	0	0	0	0	0	0	0	0	0	0	0	0	0	0	0	0	0	0	0	0	0	0	0	0	0	0	0	0	0	0	0	0	0	0	0	0	0	0	0	0	0	0	0	0	0	0	0	0	0	0	0	0	0.981300693897693	0.884806301772642	0	0.550031065689998	0.785573026010738	0	0.70945425326344	0.910374375444134	0.579864924065897	0	0	0	0.604967858785739	0	0	0	0	0	0	0	0	0	0	0	0	0	0	0	0	0	0	0
0	0	0	0	0	0	0	0	0	0	0	0	0	0	0	0	0	0	0	0	0	0	0	0	0	0	0	0	0	0	0	0	0	0	0	0	0	0	0	0	0	0	0	0	0	0	0	0	0	0	0	0	0	0	0.994363548224734	0.587626432757665	0	0.579372275163073	0	0	0.908869858735567	0	0.981035631576559	0.67838209892608	0.709139434255236	0.920036449003561	0.66781992994268	0	0.773437003461197	0.660968009108026	0.772763004000836	0	0	0	0	0	0	0	0	0	0	0	0	0	0	0	0	0	0	0
0	0	0	0	0	0	0	0	0	0	0	0	0	0	0	0	0	0	0	0	0	0	0	0	0	0	0	0	0	0	0	0	0	0	0	0	0	0	0	0	0	0	0	0	0	0	0	0	0	0	0	0	0	0	0.918689859969138	0	0.824047786791088	0.679807353413615	0	0	0	0.594481511485512	0.78620849180944	0.819877243237191	0.798081349302648	0.656021941379643	0	0	0	0.650010726187629	0	0.888732779158246	0	0	0	0	0	0	0	0	0	0	0	0	0	0	0	0	0	0
0	0	0	0	0	0	0	0	0	0	0	0	0	0	0	0	0	0	0	0	0	0	0	0	0	0	0	0	0	0	0	0	0	0	0	0	0	0	0	0	0	0	0	0	0	0	0	0	0	0	0	0	0	0	0	0	0.820518379763782	0	0.939814059157644	0	0	0.961439277914194	0.630820737951122	0	0	0.688720135720988	0.804587746426693	0.681052075249656	0.659061265116191	0	0	0.633694997208154	0	0	0	0	0	0	0	0	0	0	0	0	0	0	0	0	0	0
0	0	0	0	0	0	0	0	0	0	0	0	0	0	0	0	0	0	0	0	0	0	0	0	0	0	0	0	0	0	0	0	0	0	0	0	0	0	0	0	0	0	0	0	0	0	0	0	0	0	0	0	0	0	0.567774307417524	0.721994032705633	0.688159016838538	0.950458902470426	0	0.658850703777784	0.906124405656905	0	0.558760705100675	0	0.512857532338506	0.590852433087004	0.964710985131188	0.618771515663613	0	0	0.692903747703489	0.740766532255579	0	0	0	0	0	0	0	0	0	0	0	0	0	0	0	0	0	0
0	0	0	0	0	0	0	0	0	0	0	0	0	0	0	0	0	0	0	0	0	0	0	0	0	0	0	0	0	0	0	0	0	0	0	0	0	0	0	0	0	0	0	0	0	0	0	0	0	0	0	0	0	0	0.566461866461706	0.90056393321223	0	0.89134553743933	0.675727138849378	0.560693940450684	0.671084820798512	0.923251401868458	0	0.886902938201138	0	0.530352591008384	0	0	0.732658849043371	0.956001108257261	0.915938388559565	0	0	0	0	0	0	0	0	0	0	0	0	0	0	0	0	0	0	0
0	0	0	0	0	0	0	0	0	0	0	0	0	0	0	0	0	0	0	0	0	0	0	0	0	0	0	0	0	0	0	0	0	0	0	0	0	0	0	0	0	0	0	0	0	0	0	0	0	0	0	0	0	0	0	0.903043431210701	0.772957690062062	0	0.862139337025808	0.872080395169219	0	0	0.857393162602249	0	0.666924668063373	0	0.887220427299081	0.860807097278482	0.763073633077498	0.56259559801853	0	0.546812289297015	0	0	0	0	0	0	0	0	0	0	0	0	0	0	0	0	0	0
0	0	0	0	0	0	0	0	0	0	0	0	0	0	0	0	0	0	0	0	0	0	0	0	0	0	0	0	0	0	0	0	0	0	0	0	0	0	0	0	0	0	0	0	0	0	0	0	0	0	0	0	0	0	0.980850460597128	0	0.792089412038455	0.57812439244225	0.607979245976438	0.925543067790652	0	0.791552680516947	0	0.862492772228993	0	0.904313452819132	0.512028766979421	0	0.610808486091604	0.610845340479407	0.989047660451556	0.510490821833193	0	0	0	0	0	0	0	0	0	0	0	0	0	0	0	0	0	0
0	0	0	0	0	0	0	0	0	0	0	0	0	0	0	0	0	0	0	0	0	0	0	0	0	0	0	0	0	0	0	0	0	0	0	0	0	0	0	0	0	0	0	0	0	0	0	0	0	0	0	0	0	0	0.545344408399143	0.864730014649032	0	0.616476585597083	0.8739868097914	0.797235323720448	0.522029560464331	0.60989821668363	0.960750071212583	0	0.597521494047791	0	0.999413005810334	0	0	0.865660958495732	0.898983414225087	0.93721943082252	0	0	0	0	0	0	0	0	0	0	0	0	0	0	0	0	0	0
0	0	0	0	0	0	0	0	0	0	0	0	0	0	0	0	0	0	0	0	0	0	0	0	0	0	0	0	0	0	0	0	0	0	0	0	0	0	0	0	0	0	0	0	0	0	0	0	0	0	0	0	0	0	0.997508753709053	0.911521122356219	0.717442955443243	0.595847714362952	0.696012169652892	0	0.8450867854649	0.768400557827479	0	0.863782159957822	0.890569938677523	0.841715626257789	0	0.555124857346765	0.73642746241701	0.659224451803451	0.906495132309005	0.502985843479234	0	0	0	0	0	0	0	0	0	0	0	0	0	0	0	0	0	0
0	0	0	0	0	0	0	0	0	0	0	0	0	0	0	0	0	0	0	0	0	0	0	0	0	0	0	0	0	0	0	0	0	0	0	0	0	0	0	0	0	0	0	0	0	0	0	0	0	0	0	0	0	0	0.806623348305577	0.597973945603928	0.816811731231614	0	0	0	0.898587224625587	0.70772213012731	0	0.62386382334576	0	0	0.876627849667698	0	0	0.698108144756814	0.914621731364825	0.911303579844765	0	0	0	0	0	0	0	0	0	0	0	0	0	0	0	0	0	0
0	0	0	0	0	0	0	0	0	0	0	0	0	0	0	0	0	0	0	0	0	0	0	0	0	0	0	0	0	0	0	0	0	0	0	0	0	0	0	0	0	0	0	0	0	0	0	0	0	0	0	0	0	0	0	0.86147918296953	0.864174827031418	0	0.968673777150608	0	0.644006211204214	0	0.537020782910929	0.816253946343284	0.998384953260753	0	0.842911204643023	0	0	0.977761286719366	0.907967359948566	0.551349013608526	0	0	0	0	0	0	0	0	0	0	0	0	0	0	0	0	0	0
0	0	0	0	0	0	0	0	0	0	0	0	0	0	0	0	0	0	0	0	0	0	0	0	0	0	0	0	0	0	0	0	0	0	0	0	0	0	0	0	0	0	0	0	0	0	0	0	0	0	0	0	0	0	0.721284787043658	0.635130397637691	0.675418435171177	0	0.905873272980114	0.903111875529772	0	0	0.929621539117078	0.693509037172661	0.753793439844636	0.636192896491938	0.628796470101645	0.882520188015219	0.757704490476504	0	0.678538519347595	0.843756861795508	0	0	0	0	0	0	0	0	0	0	0	0	0	0	0	0	0	0
0	0	0	0	0	0	0	0	0	0	0	0	0	0	0	0	0	0	0	0	0	0	0	0	0	0	0	0	0	0	0	0	0	0	0	0	0	0	0	0	0	0	0	0	0	0	0	0	0	0	0	0	0	0	0.695246385132912	0.51318453864143	0.543596684258305	0.709226598258334	0.603243031312068	0	0	0.914899751682303	0.986476469380175	0	0.660940122235657	0.562436708928746	0.867047912048342	0.799723486103322	0.609258033734051	0.896913530848407	0	0.895223080014305	0	0	0	0	0	0	0	0	0	0	0	0	0	0	0	0	0	0
0	0	0	0	0	0	0	0	0	0	0	0	0	0	0	0	0	0	0	0	0	0	0	0	0	0	0	0	0	0	0	0	0	0	0	0	0	0	0	0	0	0	0	0	0	0	0	0	0	0	0	0	0	0	0.831470378741691	0	0.816918711420374	0	0	0.719346223663643	0.951432928809836	0.555590043478402	0	0.909918456573009	0.927896064565828	0.708203056611083	0.768762570875927	0.833615767176828	0.564040926173377	0.512157004412387	0.719584356250474	0	0	0	0	0	0	0	0	0	0	0	0	0	0	0	0	0	0	0
0	0	0	0	0	0	0	0	0	0	0	0	0	0	0	0	0	0	0	0	0	0	0	0	0	0	0	0	0	0	0	0	0	0	0	0	0	0	0	0	0	0	0	0	0	0	0	0	0	0	0	0	0	0	0	0	0	0	0	0	0	0	0	0	0	0	0	0	0	0	0	0	0	0.830119683118154	0.903912836234405	0.601200098578097	0.786214851166732	0.568187935886766	0.689323356142289	0.976044448229648	0.829792898391188	0.952906076794253	0.801481120788052	0.698452060528961	0.548744594338679	0.717706636712623	0.888872026043928	0.90127592681476	0.687489010209078	0.59920157595974
0	0	0	0	0	0	0	0	0	0	0	0	0	0	0	0	0	0	0	0	0	0	0	0	0	0	0	0	0	0	0	0	0	0	0	0	0	0	0	0	0	0	0	0	0	0	0	0	0	0	0	0	0	0	0	0	0	0	0	0	0	0	0	0	0	0	0	0	0	0	0	0	0.98140039495091	0	0.633949741835903	0.584168515242645	0.585155032649537	0.904523997131372	0.739149883288551	0	0.987966822793296	0.861075784631884	0	0	0.861295496088696	0.558894922857235	0	0.970210483066654	0.591754800437378	0.513711352219612
0	0	0	0	0	0	0	0	0	0	0	0	0	0	0	0	0	0	0	0	0	0	0	0	0	0	0	0	0	0	0	0	0	0	0	0	0	0	0	0	0	0	0	0	0	0	0	0	0	0	0	0	0	0	0	0	0	0	0	0	0	0	0	0	0	0	0	0	0	0	0	0	0.798938629839682	0.780286853967819	0	0.610269165035094	0.804565632448142	0.590192682038145	0.550698199573299	0.678522592314782	0.682640232838021	0.840085857502524	0	0.772256242644767	0	0.587735895170048	0.600443330602912	0.929000819793203	0.645235020234368	0.810303262022539
0	0	0	0	0	0	0	0	0	0	0	0	0	0	0	0	0	0	0	0	0	0	0	0	0	0	0	0	0	0	0	0	0	0	0	0	0	0	0	0	0	0	0	0	0	0	0	0	0	0	0	0	0	0	0	0	0	0	0	0	0	0	0	0	0	0	0	0	0	0	0	0	0.589101289272615	0.927724812482118	0.508724344799172	0	0.558116439275871	0.571479955987916	0.544920509749477	0.942394501406941	0.6590187361985	0.870769725214364	0.962657359591685	0	0	0	0.656977489608819	0.509841600998465	0.717716616609972	0.742185562996043
0	0	0	0	0	0	0	0	0	0	0	0	0	0	0	0	0	0	0	0	0	0	0	0	0	0	0	0	0	0	0	0	0	0	0	0	0	0	0	0	0	0	0	0	0	0	0	0	0	0	0	0	0	0	0	0	0	0	0	0	0	0	0	0	0	0	0	0	0	0	0	0	0.622781440071489	0.704106531949191	0.989197595413913	0.776108982648515	0	0.940606120632778	0.502879259522883	0.742688069154071	0.968528152210605	0.738995766534206	0.909855926789515	0.536512146512092	0	0	0	0.954005960908582	0.716039427633916	0.942736393767557
0	0	0	0	0	0	0	0	0	0	0	0	0	0	0	0	0	0	0	0	0	0	0	0	0	0	0	0	0	0	0	0	0	0	0	0	0	0	0	0	0	0	0	0	0	0	0	0	0	0	0	0	0	0	0	0	0	0	0	0	0	0	0	0	0	0	0	0	0	0	0	0	0.779967390965029	0.647800156630414	0.899899545166174	0.690177890887561	0.540783102990381	0	0.850209563913435	0.535424947327676	0.994462958973858	0.826527507271756	0.914380714825635	0.800128722424803	0	0.609984430953648	0.912116048013542	0	0.755309155881771	0.680987052680802
0	0	0	0	0	0	0	0	0	0	0	0	0	0	0	0	0	0	0	0	0	0	0	0	0	0	0	0	0	0	0	0	0	0	0	0	0	0	0	0	0	0	0	0	0	0	0	0	0	0	0	0	0	0	0	0	0	0	0	0	0	0	0	0	0	0	0	0	0	0	0	0	0.890192191811412	0.93811521995048	0.900400571022518	0.604309257336497	0.919511787149441	0.890290471207646	0	0.514541074493979	0.732361230521199	0.840492493624547	0.81735880766741	0.857331435568714	0.695677160691392	0.772669476527517	0	0.627245752462925	0	0.954311215334322
0	0	0	0	0	0	0	0	0	0	0	0	0	0	0	0	0	0	0	0	0	0	0	0	0	0	0	0	0	0	0	0	0	0	0	0	0	0	0	0	0	0	0	0	0	0	0	0	0	0	0	0	0	0	0	0	0	0	0	0	0	0	0	0	0	0	0	0	0	0	0	0	0.944321604560427	0	0.966397699475554	0.992837670350067	0.779167642607963	0.897510869903888	0.741912630067558	0	0.82678253334841	0.964127954744185	0	0.826594732272057	0.563685671302006	0.863226815860013	0.940269816073254	0	0	0
0	0	0	0	0	0	0	0	0	0	0	0	0	0	0	0	0	0	0	0	0	0	0	0	0	0	0	0	0	0	0	0	0	0	0	0	0	0	0	0	0	0	0	0	0	0	0	0	0	0	0	0	0	0	0	0	0	0	0	0	0	0	0	0	0	0	0	0	0	0	0	0	0.955273236035153	0.635560410124306	0.890513501155023	0.804601393949961	0.554768343026955	0.527574038731242	0.621607678605399	0.906376060566506	0	0.779298915956707	0.955785991896421	0.933814050151675	0.574228099299458	0.825882565435278	0.732736267202021	0	0	0
0	0	0	0	0	0	0	0	0	0	0	0	0	0	0	0	0	0	0	0	0	0	0	0	0	0	0	0	0	0	0	0	0	0	0	0	0	0	0	0	0	0	0	0	0	0	0	0	0	0	0	0	0	0	0	0	0	0	0	0	0	0	0	0	0	0	0	0	0	0	0	0	0.928969894230987	0.749812696185065	0.573420840490593	0.994090746591218	0.617292554271889	0.668384703493893	0.770186247960033	0.617503968451363	0.672477548330177	0	0.588078763376935	0.527260006029185	0.553143658820126	0.714720132764394	0.678121888780596	0.504494686697195	0.708793333071985	0
0	0	0	0	0	0	0	0	0	0	0	0	0	0	0	0	0	0	0	0	0	0	0	0	0	0	0	0	0	0	0	0	0	0	0	0	0	0	0	0	0	0	0	0	0	0	0	0	0	0	0	0	0	0	0	0	0	0	0	0	0	0	0	0	0	0	0	0	0	0	0	0	0.555409284995325	0	0	0.79568880237786	0.73732682219511	0.852262038903549	0.526801120598574	0	0.603337870445515	0.948285934446134	0	0.953728803743456	0.818900711269754	0	0.90161816599895	0.502997127229722	0.790729577326346	0.57527896737573
0	0	0	0	0	0	0	0	0	0	0	0	0	0	0	0	0	0	0	0	0	0	0	0	0	0	0	0	0	0	0	0	0	0	0	0	0	0	0	0	0	0	0	0	0	0	0	0	0	0	0	0	0	0	0	0	0	0	0	0	0	0	0	0	0	0	0	0	0	0	0	0	0.906433458514119	0	0.696941088506669	0	0.563857240834896	0.688844667155341	0.872626927156926	0.831930578559227	0.69859431007657	0.971606926133591	0.533392047893855	0	0	0.656326692865706	0.915423177926668	0.866146911733134	0.516975765798864	0.794073551532843
0	0	0	0	0	0	0	0	0	0	0	0	0	0	0	0	0	0	0	0	0	0	0	0	0	0	0	0	0	0	0	0	0	0	0	0	0	0	0	0	0	0	0	0	0	0	0	0	0	0	0	0	0	0	0	0	0	0	0	0	0	0	0	0	0	0	0	0	0	0	0	0	0.714803097120016	0.921753070212905	0	0	0	0	0.912444737167727	0.67467036486508	0.780451713627327	0.519917404476559	0.957236674239502	0	0	0.514126923619224	0.559790638502829	0.859437500826978	0.808690362320593	0.687505962970855
0	0	0	0	0	0	0	0	0	0	0	0	0	0	0	0	0	0	0	0	0	0	0	0	0	0	0	0	0	0	0	0	0	0	0	0	0	0	0	0	0	0	0	0	0	0	0	0	0	0	0	0	0	0	0	0	0	0	0	0	0	0	0	0	0	0	0	0	0	0	0	0	0.892986999957034	0.844806999092793	0.668498930938762	0	0	0.886366717513453	0.705815476780931	0.706760175381549	0.722930077229256	0.50922640687389	0	0.509951972067627	0.576303020476898	0	0.570198079565743	0.641334226962289	0.535851132360045	0.871596113729189
0	0	0	0	0	0	0	0	0	0	0	0	0	0	0	0	0	0	0	0	0	0	0	0	0	0	0	0	0	0	0	0	0	0	0	0	0	0	0	0	0	0	0	0	0	0	0	0	0	0	0	0	0	0	0	0	0	0	0	0	0	0	0	0	0	0	0	0	0	0	0	0	0.949086087943456	0	0.618179771073299	0.86781428943783	0	0.835175492434658	0	0.747015908318534	0.575680629843564	0.938512337126523	0.915273113519603	0.757944961872985	0.991633275923661	0.537764662307262	0	0.50494671571044	0.970830456053469	0.555352844032488
0	0	0	0	0	0	0	0	0	0	0	0	0	0	0	0	0	0	0	0	0	0	0	0	0	0	0	0	0	0	0	0	0	0	0	0	0	0	0	0	0	0	0	0	0	0	0	0	0	0	0	0	0	0	0	0	0	0	0	0	0	0	0	0	0	0	0	0	0	0	0	0	0.908723050236458	0.741647619539475	0.918723876357546	0.639323995794681	0.628073801738073	0	0.54007256876195	0	0	0.726132373965197	0.915251573053461	0.970206363894183	0.560916868906298	0.748650984827436	0.705184634156092	0	0	0.519892479747741
0	0	0	0	0	0	0	0	0	0	0	0	0	0	0	0	0	0	0	0	0	0	0	0	0	0	0	0	0	0	0	0	0	0	0	0	0	0	0	0	0	0	0	0	0	0	0	0	0	0	0	0	0	0	0	0	0	0	0	0	0	0	0	0	0	0	0	0	0	0	0	0	0.959438875004645	0.921474734553022	0.778957853351801	0.806296324169393	0.710776073600754	0.627052891581751	0	0	0	0.712913418919122	0.63538638271827	0.50240165611718	0.794591869837054	0.956090884222221	0.822119419910677	0	0	0.618738638144094
0	0	0	0	0	0	0	0	0	0	0	0	0	0	0	0	0	0	0	0	0	0	0	0	0	0	0	0	0	0	0	0	0	0	0	0	0	0	0	0	0	0	0	0	0	0	0	0	0	0	0	0	0	0	0	0	0	0	0	0	0	0	0	0	0	0	0	0	0	0	0	0	0.741821057093689	0.911332728615939	0.76064397595841	0.820841219625973	0.947393525869141	0.544068848649575	0.654106939124634	0	0	0	0.887093522515765	0.653568203063509	0.670111358053252	0.892025826183945	0.9240046158637	0.797778327931619	0.925861083496609	0
