0	0.827710950109435	0	0.956585380729388	0.904387557852756	0.720205130099233	0	0	0	0	0	0	0	0	0	0	0	0	0.965674461243175	0	0	0	0	0	0	0.991709305273934	0.516117396016261	0.59353277499443	0.688557933748488	0.700717793083597	0	0	0	0	0	0	0	0	0	0	0	0	0	0	0	0	0	0	0	0	0	0	0	0	0	0	0	0	0	0	0	0	0	0	0	0	0	0	0	0	0	0	0	0	0	0	0	0	0	0	0	0	0	0	0	0	0	0	0	0
0.553537756369138	0	0.796642137799815	0.870608602907058	0.513306156965875	0	0.648775838387197	0	0	0	0	0	0	0	0	0	0	0	0.956163479504643	0	0	0	0	0.592348116619517	0	0	0.725835323742762	0.842846936433881	0.84092400180292	0.870803276257521	0	0	0	0	0	0	0	0	0	0	0	0	0	0	0	0	0	0	0	0	0	0	0	0	0	0	0	0	0	0	0	0	0	0	0	0	0	0	0	0	0	0	0	0	0	0	0	0	0	0	0	0	0	0	0	0	0	0	0	0
0	0.747626441392699	0	0.809850831867955	0.57147758779815	0.528612891883779	0	0.621983527684518	0	0.995049273949614	0	0	0	0	0	0	0	0	0.705847064005956	0	0	0	0	0	0	0	0	0.919510065943759	0.72764959825818	0.676792310090759	0	0	0	0	0	0	0	0	0	0	0	0	0	0	0	0	0	0	0	0	0	0	0	0	0	0	0	0	0	0	0	0	0	0	0	0	0	0	0	0	0	0	0	0	0	0	0	0	0	0	0	0	0	0	0	0	0	0	0	0
0.728117096161445	0.889444928994294	0.730089167847602	0	0.507788197051179	0.62648074157676	0.572966913917648	0.840416286983407	0	0	0	0	0	0	0	0	0.559119643631018	0	0	0	0	0	0	0	0	0	0	0	0.641539297930933	0.877958398277746	0	0	0	0	0	0	0	0	0	0	0	0	0	0	0	0	0	0	0	0	0	0	0	0	0	0	0	0	0	0	0	0	0	0	0	0	0	0	0	0	0	0	0	0	0	0	0	0	0	0	0	0	0	0	0	0	0	0	0	0
0.743429289380875	0.929284238365693	0.90887185752144	0.749215803101544	0	0.573897919721455	0.947009697125856	0.585490024266752	0	0.531498719870307	0	0	0	0	0	0	0	0.602772110139804	0	0.731636425854239	0	0	0	0	0	0	0	0	0	0.956313655694745	0	0	0	0	0	0	0	0	0	0	0	0	0	0	0	0	0	0	0	0	0	0	0	0	0	0	0	0	0	0	0	0	0	0	0	0	0	0	0	0	0	0	0	0	0	0	0	0	0	0	0	0	0	0	0	0	0	0	0	0
0.768150885101131	0	0.905612588966122	0.899566374006267	0.584556497966362	0	0.929285830042116	0.776777503363167	0.992364128724878	0.779909540995667	0.891007140970908	0	0	0	0	0	0	0	0	0	0	0	0	0	0	0	0	0	0	0	0	0	0	0	0	0	0	0	0	0	0	0	0	0	0	0	0	0	0	0	0	0	0	0	0	0	0	0	0	0	0	0	0	0	0	0	0	0	0	0	0	0	0	0	0	0	0	0	0	0	0	0	0	0	0	0	0	0	0	0
0	0.903702488989115	0	0.783035018188127	0.617704174509421	0.917705079129837	0	0.903612517892859	0.58043010524066	0.503514272108809	0.800519288029893	0.88344752203632	0	0	0	0	0	0	0	0	0	0	0	0	0	0	0	0	0	0	0	0	0	0	0	0	0	0	0	0	0	0	0	0	0	0	0	0	0	0	0	0	0	0	0	0	0	0	0	0	0	0	0	0	0	0	0	0	0	0	0	0	0	0	0	0	0	0	0	0	0	0	0	0	0	0	0	0	0	0
0	0	0.911886616826916	0.816334598898683	0.600814697674291	0.93156988039519	0.85477776594861	0	0.968196291780091	0.514940085567725	0.728287699690046	0.824335400485041	0.780068676383736	0	0	0	0	0	0	0	0	0	0	0	0	0	0	0	0	0	0	0	0	0	0	0	0	0	0	0	0	0	0	0	0	0	0	0	0	0	0	0	0	0	0	0	0	0	0	0	0	0	0	0	0	0	0	0	0	0	0	0	0	0	0	0	0	0	0	0	0	0	0	0	0	0	0	0	0	0
0	0	0	0	0	0.526820781908919	0.672994513355501	0.682768908671933	0	0.789321785552454	0.707586500972316	0.684139536386498	0.68176643373709	0.593577862863324	0	0	0	0	0	0	0	0	0	0	0	0	0	0	0	0	0	0	0	0	0	0	0	0	0	0	0	0	0	0	0	0	0	0	0	0	0	0	0	0	0	0	0	0	0	0	0	0	0	0	0	0	0	0	0	0	0	0	0	0	0	0	0	0	0	0	0	0	0	0	0	0	0	0	0	0
0	0	0.740542253514997	0	0.721735523554083	0.960562842307009	0.619218465118643	0.968779898784542	0.827325327812043	0	0.549397680983522	0	0.563147413815407	0.849778062853067	0	0	0	0	0	0	0	0	0	0.618893043190605	0	0	0.585720454120684	0	0	0	0	0	0	0	0	0	0	0	0	0	0	0	0	0	0	0	0	0	0	0	0	0	0	0	0	0	0	0	0	0	0	0	0	0	0	0	0	0	0	0	0	0	0	0	0	0	0	0	0	0	0	0	0	0	0	0	0	0	0	0
0	0	0	0	0	0.839729577958569	0.585861991721554	0.845100939992651	0.872163448509789	0.887870906096928	0	0.916127089636011	0.947485879780805	0.593262481011265	0.702916837966137	0.600485044020767	0	0	0	0	0	0	0	0	0	0	0	0	0	0	0	0	0	0	0	0	0	0	0	0	0	0	0	0	0	0	0	0	0	0	0	0	0	0	0	0	0	0	0	0	0	0	0	0	0	0	0	0	0	0	0	0	0	0	0	0	0	0	0	0	0	0	0	0	0	0	0	0	0	0
0	0	0	0	0	0	0.504309023439669	0.808941692891091	0.861001629517369	0	0.860163110625	0	0.61612245608346	0.923720617911924	0.709213811007035	0.823580690598279	0.557234458490744	0	0	0	0	0	0	0	0	0	0	0	0	0	0	0	0	0	0	0	0	0	0	0	0	0	0	0	0	0	0	0	0	0	0	0	0	0	0	0	0	0	0	0	0	0	0	0	0	0	0	0	0	0	0	0	0	0	0	0	0	0	0	0	0	0	0	0	0	0	0	0	0	0
0	0	0	0	0	0	0	0.923004857478261	0.892710320941361	0.821941182438079	0.770874601299933	0.707513282198019	0	0.682688634056486	0.933043701901926	0.999521661147942	0.529975097552328	0.687625134895356	0	0	0	0	0	0	0	0	0	0	0	0	0	0	0	0	0	0	0	0	0	0	0	0	0	0	0	0	0	0	0	0	0	0	0	0	0	0	0	0	0	0	0	0	0	0	0	0	0	0	0	0	0	0	0	0	0	0	0	0	0	0	0	0	0	0	0	0	0	0	0	0
0	0	0	0	0	0	0	0	0.946783970325003	0.977999173133468	0.539615306255609	0.661651044922946	0.983018030294172	0	0.547316425017419	0.661157868850671	0.679506687546451	0.63056580722406	0.512341127985646	0	0	0	0	0	0	0	0	0	0	0	0	0	0	0	0	0	0	0	0	0	0	0	0	0	0	0	0	0	0	0	0	0	0	0	0	0	0	0	0	0	0	0	0	0	0	0	0	0	0	0	0	0	0	0	0	0	0	0	0	0	0	0	0	0	0	0	0	0	0	0
0	0	0	0	0	0	0	0	0	0	0.574242359305287	0.518867567915828	0.591177642767359	0.5164363819304	0	0.609841402440328	0.978503706912191	0.677558354880384	0.858275368049382	0.583935897108748	0	0	0	0.798830062348797	0	0	0	0	0	0	0	0	0	0	0	0	0	0	0	0	0	0	0	0	0	0	0	0	0	0	0	0	0	0	0	0	0	0	0	0	0	0	0	0	0	0	0	0	0	0	0	0	0	0	0	0	0	0	0	0	0	0	0	0	0	0	0	0	0	0
0	0	0	0	0	0	0	0	0	0	0.566233961715971	0.636728340228395	0.90726053038909	0.679211325687805	0.873638547859235	0	0.688011951417762	0.980595947792089	0.510234989666048	0.674457901232984	0.588916574839378	0	0	0	0	0	0	0	0	0	0	0	0	0	0	0	0	0	0	0	0	0	0	0	0	0	0	0	0	0	0	0	0	0	0	0	0	0	0	0	0	0	0	0	0	0	0	0	0	0	0	0	0	0	0	0	0	0	0	0	0	0	0	0	0	0	0	0	0	0
0	0	0	0.549087102366054	0	0	0	0	0	0	0	0.796389540383607	0.885675629883475	0.680550139999025	0.936030062075102	0.977152379752941	0	0.769125192953632	0.505170119120816	0.852025251300916	0.666288065458748	0.857360001484644	0	0	0	0	0	0	0	0	0	0	0	0	0	0	0	0	0	0	0	0	0	0	0	0	0	0	0	0	0	0	0	0	0	0	0	0	0	0	0	0	0	0	0	0	0	0	0	0	0	0	0	0	0	0	0	0	0	0	0	0	0	0	0	0	0	0	0	0
0	0	0	0	0.777428752472789	0	0	0	0	0	0	0	0.815041499090316	0.524460635945704	0.822405260622556	0.528035147301772	0.512335698078609	0	0.817393063555228	0.804587854704226	0.68265571860341	0.921731781211165	0	0	0	0	0	0	0	0	0	0	0	0	0	0	0	0	0	0	0	0	0	0	0	0	0	0	0	0	0	0	0	0	0	0	0	0	0	0	0	0	0	0	0	0	0	0	0	0	0	0	0	0	0	0	0	0	0	0	0	0	0	0	0	0	0	0	0	0
0.631782043830545	0.746453849917899	0.598869694716302	0	0	0	0	0	0	0	0	0	0	0.771939222857036	0.615352900641129	0.848609037116014	0.555922396086299	0.836258420370499	0	0.979111964229896	0	0.897048440455648	0	0.664174023781031	0	0	0	0	0	0	0	0	0	0	0	0	0	0	0	0	0	0	0	0	0	0	0	0	0	0	0	0	0	0	0	0	0	0	0	0	0	0	0	0	0	0	0	0	0	0	0	0	0	0	0	0	0	0	0	0	0	0	0	0	0	0	0	0	0	0
0	0	0	0	0.955920551075763	0	0	0	0	0	0	0	0	0	0.566094155732005	0.984869352219891	0.557681793221903	0.70732238343195	0.606677402519801	0	0.530835066112373	0.913146834369449	0.896480751827351	0.891025499849881	0.849293334073348	0	0	0	0	0	0	0	0	0	0	0	0	0	0	0	0	0	0	0	0	0	0	0	0	0	0	0	0	0	0	0	0	0	0	0	0	0	0	0	0	0	0	0	0	0	0	0	0	0	0	0	0	0	0	0	0	0	0	0	0	0	0	0	0	0
0	0	0	0	0	0	0	0	0	0	0	0	0	0	0	0.900972061000854	0.893985999201834	0.500552848267588	0	0.779295484024724	0	0.575966080550679	0.563785089596336	0	0.887790606171965	0.981902627590576	0	0.821861999298339	0	0	0	0	0	0	0	0	0	0	0	0	0	0	0	0	0	0	0	0	0	0	0	0	0	0	0	0	0	0	0	0	0	0	0	0	0	0	0	0	0	0	0	0	0	0	0	0	0	0	0	0	0	0	0	0	0	0	0	0	0	0
0	0	0	0	0	0	0	0	0	0	0	0	0	0	0	0	0.939333747439643	0.989076023736017	0.788262749119928	0.671302421338471	0.691042825755746	0	0.858007897654939	0.969592845653835	0.851915958611539	0.964882756991019	0.644924653757358	0	0	0	0	0	0	0	0	0	0	0	0	0	0	0	0	0	0	0	0	0	0	0	0	0	0	0	0	0	0	0	0	0	0	0	0	0	0	0	0	0	0	0	0	0	0	0	0	0	0	0	0	0	0	0	0	0	0	0	0	0	0	0
0	0	0	0	0	0	0	0	0	0	0	0	0	0	0	0	0	0	0	0.522713266935734	0.86126005030904	0.907182258435207	0	0.895708983953253	0.762526997509186	0	0.771553158875968	0.740623016013542	0	0.805002573844362	0	0	0	0	0	0	0	0	0	0	0	0	0	0	0	0	0	0	0	0	0	0	0	0	0	0	0	0	0	0	0	0	0	0	0	0	0	0	0	0	0	0	0	0	0	0	0	0	0	0	0	0	0	0	0	0	0	0	0	0
0	0.554320056385973	0	0	0	0	0	0	0	0.777437104392034	0	0	0	0	0.907961617515956	0	0	0	0.78702644046035	0.57058004747529	0	0.519434521315277	0.905975500227882	0	0.555367447993476	0.856778623721078	0.75769980759151	0	0.834713303263114	0	0	0	0	0	0	0	0	0	0	0	0	0	0	0	0	0	0	0	0	0	0	0	0	0	0	0	0	0	0	0	0	0	0	0	0	0	0	0	0	0	0	0	0	0	0	0	0	0	0	0	0	0	0	0	0	0	0	0	0	0
0	0	0	0	0	0	0	0	0	0	0	0	0	0	0	0	0	0	0	0.508454258492083	0.834969817961466	0.707045353077084	0.814969645655861	0.958705890630053	0	0.632411953554439	0.857420894248406	0.962774054909322	0.891289934591853	0.837261297625497	0	0	0	0	0	0	0	0	0	0	0	0	0	0	0	0	0	0	0	0	0	0	0	0	0	0	0	0	0	0	0	0	0	0	0	0	0	0	0	0	0	0	0	0	0	0	0	0	0	0	0	0	0	0	0	0	0	0	0	0
0.892018189604804	0	0	0	0	0	0	0	0	0	0	0	0	0	0	0	0	0	0	0	0.88391667925844	0.791834025467136	0	0.905568009425162	0.764922713392531	0	0.975307331350025	0.9834569493502	0.905418727077415	0.525063097518269	0	0	0	0	0	0	0	0	0	0	0	0	0	0	0	0	0	0	0	0	0	0	0	0	0	0	0	0	0	0	0	0	0	0	0	0	0	0	0	0	0	0	0	0	0	0	0	0	0	0	0	0	0	0	0	0	0	0	0	0
0.89615372146387	0.525578200168154	0	0	0	0	0	0	0	0.608027052619077	0	0	0	0	0	0	0	0	0	0	0	0.572257142796913	0.518376095490666	0.701210962967413	0.593826208594129	0.997090036798529	0	0.90330394660926	0.944889681993182	0.879018345281521	0	0	0	0	0	0	0	0	0	0	0	0	0	0	0	0	0	0	0	0	0	0	0	0	0	0	0	0	0	0	0	0	0	0	0	0	0	0	0	0	0	0	0	0	0	0	0	0	0	0	0	0	0	0	0	0	0	0	0	0
0.600100208638375	0.836566128228934	0.98518588991275	0	0	0	0	0	0	0	0	0	0	0	0	0	0	0	0	0	0.693525499842085	0	0.596808440856647	0	0.918110489750279	0.962897214154239	0.920746640219661	0	0.680311591215264	0.577115556612037	0	0	0	0	0	0	0	0	0	0	0	0	0	0	0	0	0	0	0	0	0	0	0	0	0	0	0	0	0	0	0	0	0	0	0	0	0	0	0	0	0	0	0	0	0	0	0	0	0	0	0	0	0	0	0	0	0	0	0	0
0.920292247286772	0.696019882545525	0.7992913663535	0.703521407941182	0	0	0	0	0	0	0	0	0	0	0	0	0	0	0	0	0	0	0	0.507331079214386	0.522054568492965	0.663237274646702	0.642499427596682	0.880952722230916	0	0.943455979985228	0	0	0	0	0	0	0	0	0	0	0	0	0	0	0	0	0	0	0	0	0	0	0	0	0	0	0	0	0	0	0	0	0	0	0	0	0	0	0	0	0	0	0	0	0	0	0	0	0	0	0	0	0	0	0	0	0	0	0	0
0.870788757222219	0.542976579629203	0.855416446729604	0.938286486232623	0.601266018461534	0	0	0	0	0	0	0	0	0	0	0	0	0	0	0	0	0	0.837805812357701	0	0.839691794238534	0.793408313470283	0.530207906354086	0.937089405960374	0.706552417911548	0	0	0	0	0	0	0	0	0	0	0	0	0	0	0	0	0	0	0	0	0	0	0	0	0	0	0	0	0	0	0	0	0	0	0	0	0	0	0	0	0	0	0	0	0	0	0	0	0	0	0	0	0	0	0	0	0	0	0	0	0
0	0	0	0	0	0	0	0	0	0	0	0	0	0	0	0	0	0	0	0	0	0	0	0	0	0	0	0	0	0	0	0.671879554865027	0.963757393993385	0	0	0	0	0	0	0	0.860755871149025	0	0	0	0	0	0	0	0	0	0.881824043983972	0	0	0	0	0	0	0.720774625161048	0	0	0	0	0	0	0	0	0	0	0	0	0	0	0	0	0	0	0	0	0	0	0	0	0	0	0	0	0	0	0	0
0	0	0	0	0	0	0	0	0	0	0	0	0	0	0	0	0	0	0	0	0	0	0	0	0	0	0	0	0	0	0.715043044993805	0	0.741432300451537	0.864906620309156	0.866365178699522	0.815598042421002	0	0	0	0	0	0	0	0	0	0	0	0	0	0	0	0	0	0	0	0	0	0.810650472653249	0.776145512507778	0.737034974872876	0	0	0	0	0	0	0	0	0	0	0	0	0	0	0	0	0	0	0	0	0	0	0	0	0	0	0	0	0	0
0	0	0	0	0	0	0	0	0	0	0	0	0	0	0	0	0	0	0	0	0	0	0	0	0	0	0	0	0	0	0.869531335384628	0.805707913314405	0	0.570660123965231	0.941149404051201	0	0.88069149566216	0	0	0	0	0	0	0	0	0	0	0	0	0	0.99992921067689	0	0	0	0	0	0	0.778392764303339	0.896169952250893	0.591052367497907	0	0	0	0	0	0	0	0	0	0	0	0	0	0	0	0	0	0	0	0	0	0	0	0	0	0	0	0	0	0
0	0	0	0	0	0	0	0	0	0	0	0	0	0	0	0	0	0	0	0	0	0	0	0	0	0	0	0	0	0	0	0.761378875592139	0.52916426062989	0	0.702186678903758	0.689819044051404	0	0.821541658651955	0	0	0	0	0	0	0	0	0	0	0	0	0	0	0	0	0	0	0	0.879723248786874	0	0	0	0	0	0	0	0	0	0	0	0	0	0	0	0	0	0	0	0	0	0	0	0	0	0	0	0	0	0	0	0
0	0	0	0	0	0	0	0	0	0	0	0	0	0	0	0	0	0	0	0	0	0	0	0	0	0	0	0	0	0	0	0.652311524826924	0.947508928073708	0.892867662257526	0	0	0.833376472662325	0.715314311710639	0.671938815509037	0	0.637105542997407	0	0	0	0	0	0.572132467625614	0	0	0	0	0.774552625840012	0	0	0	0	0	0	0	0	0	0	0	0	0	0	0	0	0	0	0	0	0	0	0	0	0	0	0	0	0	0	0	0	0	0	0	0	0	0
0	0	0	0	0	0	0	0	0	0	0	0	0	0	0	0	0	0	0	0	0	0	0	0	0	0	0	0	0	0	0	0.827376013553736	0	0.764694655128928	0	0	0	0.921098625004129	0.664000490705716	0.893478280813507	0	0.892362776702799	0	0	0	0	0	0	0	0	0	0	0	0	0	0	0	0.513739943675862	0	0	0	0	0	0	0	0	0	0	0	0	0	0	0	0	0	0	0	0	0	0	0	0	0	0	0	0	0	0	0	0
0	0	0	0	0	0	0	0	0	0	0	0	0	0	0	0	0	0	0	0	0	0	0	0	0	0	0	0	0	0	0	0	0.828569247142976	0	0.943618955343568	0	0	0.580308162973656	0.731223642918129	0.803105984664644	0.680873696363502	0	0	0	0	0	0	0	0	0	0	0	0.864809539330849	0	0	0	0	0	0	0	0	0	0	0	0	0	0	0	0	0	0	0	0	0	0	0	0	0	0	0	0	0	0	0	0	0	0	0	0	0
0	0	0	0	0	0	0	0	0	0	0	0	0	0	0	0	0	0	0	0	0	0	0	0	0	0	0	0	0	0	0	0	0	0.888343945084962	0.95350086346684	0.854649973052221	0.735719247546006	0	0	0	0.904668903854156	0.512019270123973	0.995689314331686	0	0	0	0	0.657725826621081	0	0	0	0	0	0	0	0	0.559246418609574	0	0	0	0	0	0	0	0	0	0	0	0	0	0	0	0	0	0	0	0	0	0	0	0	0	0	0	0	0	0	0	0	0
0	0	0	0	0	0	0	0	0	0	0	0	0	0	0	0	0	0	0	0	0	0	0	0	0	0	0	0	0	0	0	0	0	0	0.583374110706316	0.844318620170336	0.85348678892001	0	0	0.68596721502549	0.914327368530072	0.83431808163585	0.549803295915177	0	0	0	0	0	0	0	0	0	0	0.923739676527913	0	0	0	0	0	0.683243681767927	0	0	0	0	0	0	0	0	0	0	0	0	0	0	0	0	0	0	0	0	0	0	0	0	0	0	0	0	0	0
0	0	0	0	0	0	0	0	0	0	0	0	0	0	0	0	0	0	0	0	0	0	0	0	0	0	0	0	0	0	0	0	0	0	0	0.58195781455382	0.864768141969726	0	0.678990961072704	0	0.541872431999247	0	0.889849458033495	0.616841027218312	0.618202248268434	0	0	0	0	0.74288027434166	0	0	0	0	0	0	0	0.946848264022482	0.666272597724806	0.688114996267319	0	0	0	0	0	0	0	0	0	0	0	0	0	0	0	0	0	0	0	0	0	0	0	0	0	0	0	0	0	0
0	0	0	0	0	0	0	0	0	0	0	0	0	0	0	0	0	0	0	0	0	0	0	0	0	0	0	0	0	0	0.574718112526723	0	0	0	0.98012465329592	0	0.851554609508414	0.68873642644836	0.555324014934372	0.992914939516211	0	0	0	0.696004216276711	0.620576310354695	0	0	0	0	0	0	0	0	0	0	0	0	0.6488681950554	0	0	0	0	0	0	0	0	0	0	0	0	0	0	0	0	0	0	0	0	0	0	0	0	0	0	0	0	0	0	0	0
0	0	0	0	0	0	0	0	0	0	0	0	0	0	0	0	0	0	0	0	0	0	0	0	0	0	0	0	0	0	0	0	0	0	0	0.616459570433916	0	0.743467265951252	0.636221401019972	0	0	0	0.903091564891358	0.584656859895831	0.531251482553717	0.780644520511517	0	0	0	0	0	0	0	0	0	0	0	0	0	0	0	0	0	0	0	0	0	0	0	0	0	0	0	0	0	0	0	0	0	0	0	0	0	0	0	0	0	0	0	0
0	0	0	0	0	0	0	0	0	0	0	0	0	0	0	0	0	0	0	0	0	0	0	0	0	0	0	0	0	0	0	0	0	0	0	0	0	0.87939659281204	0.655657672234216	0.640861741698771	0	0.552959199915244	0	0.645621526687945	0.71680412692412	0.555552652127103	0.928041710617645	0	0	0	0	0	0.746466167088338	0.712626674328902	0	0	0	0	0	0	0	0	0	0	0	0	0	0	0	0	0	0	0	0	0	0	0	0	0	0	0	0	0	0	0	0	0	0	0	0
0	0	0	0	0	0	0	0	0	0	0	0	0	0	0	0	0	0	0	0	0	0	0	0	0	0	0	0	0	0	0	0	0	0	0	0	0	0	0	0.765945758155533	0.550212218343383	0.841073003607793	0.599775352500985	0	0.949561922603247	0	0.789085340528395	0.518332837696931	0	0	0	0	0	0	0	0.5437751797526	0	0	0	0	0	0	0	0	0	0	0	0	0	0	0	0	0	0	0	0	0	0	0	0	0	0	0	0	0	0	0	0	0	0
0	0	0	0	0	0	0	0	0	0	0	0	0	0	0	0	0	0	0	0	0	0	0	0	0	0	0	0	0	0	0	0	0	0	0	0	0	0	0	0.715420875079292	0.92705374605848	0.531860305100974	0.680855135581516	0.680993203162721	0	0.991206733362328	0.909966441646715	0	0.719448898137719	0	0	0	0	0	0	0	0	0	0	0	0	0	0	0	0	0	0	0	0	0	0	0	0	0	0	0	0	0	0	0	0	0	0	0	0	0	0	0	0	0
0	0	0	0	0	0	0	0	0	0	0	0	0	0	0	0	0	0	0	0	0	0	0	0	0	0	0	0	0	0	0	0	0	0	0	0	0	0	0	0	0	0.929798854032382	0.833602813250358	0	0.591553067533828	0	0	0.917307462381037	0.520118133003948	0	0.595517579555486	0.812769390428743	0	0	0	0	0	0.97157025668929	0	0	0	0	0	0	0	0	0	0	0	0	0	0	0	0	0	0	0	0	0	0	0	0	0	0	0	0	0	0	0	0
0	0	0	0	0	0	0	0	0	0	0	0	0	0	0	0	0	0	0	0	0	0	0	0	0	0	0	0	0	0	0	0	0	0	0.723661751400206	0	0	0	0	0	0	0	0.980124797804499	0.776470107390753	0.73745849133124	0	0	0.506280381179319	0.533741803949826	0	0.582349932565172	0	0.971126279647818	0	0	0	0	0	0	0	0	0	0	0	0	0	0	0	0	0	0	0	0	0	0	0	0	0	0	0	0	0	0	0	0	0	0	0	0	0
0	0	0	0	0	0	0	0	0	0	0	0	0	0	0	0	0	0	0	0	0	0	0	0	0	0	0	0	0	0	0	0	0	0	0	0	0	0.800799954433944	0	0	0	0	0	0.546491273376509	0	0.92488774845351	0.577914519734095	0	0.83504019872843	0.6513535558676	0	0.820108182956452	0	0	0	0	0	0	0.984154086462521	0	0	0	0	0	0	0	0	0	0	0	0	0	0	0	0	0	0	0	0	0	0	0	0	0	0	0	0	0	0	0
0	0	0	0	0	0	0	0	0	0	0	0	0	0	0	0	0	0	0	0	0	0	0	0	0	0	0	0	0	0	0	0	0	0	0	0	0	0	0	0	0	0	0	0	0.628870213066222	0.938687280772065	0.819780367878851	0.51973535652806	0	0	0.813275120051305	0	0.93802922361183	0	0	0.667590700459727	0	0	0	0.593974229398562	0	0	0	0	0	0	0	0	0	0	0	0	0	0	0	0	0	0	0	0	0	0	0	0	0	0	0	0	0	0
0	0	0	0	0	0	0	0	0	0	0	0	0	0	0	0	0	0	0	0	0	0	0	0	0	0	0	0	0	0	0	0	0	0	0	0	0	0	0	0.726890473869109	0	0	0	0	0	0	0	0.6835136087183	0	0	0	0.534352351239193	0.8740041184735	0.753926937703775	0	0	0	0	0	0	0	0	0	0	0	0	0	0	0	0	0	0	0	0	0	0	0	0	0	0	0	0	0	0	0	0	0	0	0	0
0	0	0	0	0	0	0	0	0	0	0	0	0	0	0	0	0	0	0	0	0	0	0	0	0	0	0	0	0	0	0.895683983140075	0	0.631721633103347	0	0	0	0	0	0	0	0	0	0	0	0	0.505982626156161	0.808614685057814	0	0.808792487665979	0	0	0	0	0.615915032756434	0.92755659542052	0	0	0	0.532722871621499	0	0	0	0	0	0	0	0	0	0	0	0	0	0	0	0	0	0	0	0	0	0	0	0	0	0	0	0	0	0	0
0	0	0	0	0	0	0	0	0	0	0	0	0	0	0	0	0	0	0	0	0	0	0	0	0	0	0	0	0	0	0	0	0	0	0.88256889137814	0	0	0	0	0	0	0	0	0	0	0.732939730908102	0	0.813125380877383	0	0.7616457809885	0	0	0	0.848449272199059	0.698760687007725	0.905639564405938	0	0	0	0	0	0	0	0	0	0	0	0	0	0	0	0	0	0	0	0	0	0	0	0	0	0	0	0	0	0	0	0	0	0
0	0	0	0	0	0	0	0	0	0	0	0	0	0	0	0	0	0	0	0	0	0	0	0	0	0	0	0	0	0	0	0	0	0	0	0	0.86410977679156	0	0	0	0	0	0.855035676497973	0	0	0	0.980308694605585	0	0.687398419780414	0.639554817328936	0	0	0	0.794800589154702	0	0.923378619272053	0	0	0	0	0	0	0	0	0	0	0	0	0	0	0	0	0	0	0	0	0	0	0	0	0	0	0	0	0	0	0	0	0	0
0	0	0	0	0	0	0	0	0	0	0	0	0	0	0	0	0	0	0	0	0	0	0	0	0	0	0	0	0	0	0	0	0	0	0	0	0	0	0.991680441267155	0	0	0	0.595477998790439	0	0	0	0	0	0	0.556390734605093	0.638277144569793	0.659381123935341	0.673866986947854	0	0	0.504637028345539	0	0.943342148059302	0	0	0	0	0	0	0	0	0	0	0	0	0	0	0	0	0	0	0	0	0	0	0	0	0	0	0	0	0	0	0	0
0	0	0	0	0	0	0	0	0	0	0	0	0	0	0	0	0	0	0	0	0	0	0	0	0	0	0	0	0	0	0	0	0	0	0	0	0	0	0	0	0	0	0	0	0	0	0	0	0	0	0.511234350484131	0.703413147178953	0	0	0	0.990091693380036	0.843710495519999	0.635607030097653	0.912577957007563	0	0	0	0	0	0	0	0	0	0	0	0	0	0	0	0	0	0	0	0	0	0	0	0	0	0	0	0	0	0	0
0	0	0	0	0	0	0	0	0	0	0	0	0	0	0	0	0	0	0	0	0	0	0	0	0	0	0	0	0	0	0	0	0	0	0	0	0	0	0	0	0	0	0	0.909985878792399	0	0	0	0	0.736329865166025	0	0	0.908743198098411	0.713368470175092	0.586741808050287	0.502344583389698	0	0.578727139308678	0.706818889624187	0	0.965832850295845	0	0	0	0	0	0	0	0	0	0	0	0	0	0	0	0	0	0	0	0	0	0	0	0	0	0	0	0	0	0
0	0	0	0	0	0	0	0	0	0	0	0	0	0	0	0	0	0	0	0	0	0	0	0	0	0	0	0	0	0	0	0	0	0	0	0	0	0.807549540761041	0	0	0	0	0	0	0	0	0	0	0	0	0	0	0	0	0.937013466717226	0.673092723586696	0	0.930864958409963	0.811961326150457	0.817424016260261	0	0	0	0	0	0	0	0	0	0	0	0	0	0	0	0	0	0	0	0	0	0	0	0	0	0	0	0	0	0
0	0	0	0	0	0	0	0	0	0	0	0	0	0	0	0	0	0	0	0	0	0	0	0	0	0	0	0	0	0	0.903322429788122	0.797591147969656	0.67725365775951	0.745225734797532	0	0.65298143963176	0	0	0	0.540646146345911	0.956952639871494	0	0	0	0	0.734931345436865	0	0	0	0	0	0	0	0.786081556126879	0.699743033494872	0.551025082234915	0.92063046248332	0	0	0.501942314961403	0	0	0	0	0	0	0	0	0	0	0	0	0	0	0	0	0	0	0	0	0	0	0	0	0	0	0	0	0	0
0	0	0	0	0	0	0	0	0	0	0	0	0	0	0	0	0	0	0	0	0	0	0	0	0	0	0	0	0	0	0	0.795727575782071	0.702712682160527	0	0	0	0	0	0	0.748251615229811	0	0	0	0	0	0	0	0.795200559394497	0	0	0.831370661356859	0	0	0	0.811840263687661	0	0.812931460108068	0	0	0.759638130737368	0	0	0	0	0	0	0	0	0	0	0	0	0	0	0	0	0	0	0	0	0	0	0	0	0	0	0	0	0	0
0	0	0	0	0	0	0	0	0	0	0	0	0	0	0	0	0	0	0	0	0	0	0	0	0	0	0	0	0	0	0	0.626919850631786	0.667151960391701	0	0	0	0	0	0.662306507485358	0.960755512093653	0	0	0	0	0	0	0	0	0.828375720482079	0	0	0	0	0	0	0.709482085912659	0.530290820948979	0.887249156030756	0.617602772382654	0	0	0	0	0	0	0	0	0	0	0	0	0	0	0	0	0	0	0	0	0	0	0	0	0	0	0	0	0	0	0
0	0	0	0	0	0	0	0	0	0	0	0	0	0	0	0	0	0	0	0	0	0	0	0	0	0	0	0	0	0	0	0	0	0	0	0	0	0	0	0	0	0	0	0	0	0	0	0	0	0	0	0	0	0	0	0	0	0	0	0	0	0	0.798648359665399	0.539403924250401	0.507384687059367	0.826077766705695	0	0	0	0.770706421619509	0	0	0.67063748880073	0	0	0	0.974238764721428	0	0.548919702702808	0	0.549411690986302	0	0	0	0.794980664817637	0.84131187524625	0	0	0	0
0	0	0	0	0	0	0	0	0	0	0	0	0	0	0	0	0	0	0	0	0	0	0	0	0	0	0	0	0	0	0	0	0	0	0	0	0	0	0	0	0	0	0	0	0	0	0	0	0	0	0	0	0	0	0	0	0	0	0	0	0	0	0.839912050724085	0.83733782537122	0.765100206276604	0.76888878344618	0	0.950480253677729	0	0	0	0.666713494005957	0	0	0	0	0.888191742777345	0.729404981210081	0.896976510007399	0	0	0.636466154704438	0.933685105750893	0.526812788689923	0.922825018877889	0	0	0	0.518531416880387	0
0	0	0	0	0	0	0	0	0	0	0	0	0	0	0	0	0	0	0	0	0	0	0	0	0	0	0	0	0	0	0	0	0	0	0	0	0	0	0	0	0	0	0	0	0	0	0	0	0	0	0	0	0	0	0	0	0	0	0	0	0.612813025041362	0.59406839670547	0	0	0	0.779116287552834	0	0.668063030750348	0.664268014038009	0.975497265760026	0.858105416661051	0.608286028334737	0.803737187932452	0	0	0.578479863710132	0.835935608158477	0.654018140129239	0	0	0	0	0	0.696460613965181	0.738265030904402	0.756252451336703	0	0	0.99950823963156	0.612702174614393
0	0	0	0	0	0	0	0	0	0	0	0	0	0	0	0	0	0	0	0	0	0	0	0	0	0	0	0	0	0	0	0	0	0	0	0	0	0	0	0	0	0	0	0	0	0	0	0	0	0	0	0	0	0	0	0	0	0	0	0	0.667670596468119	0.97563296490205	0	0	0	0	0.825712042134659	0.617683970505853	0.68113769631394	0	0.776442020833704	0.596784261918101	0	0	0.914544323614731	0	0	0.84002340977138	0	0.666844771950494	0.96678487052225	0	0	0.562120341713724	0	0	0	0	0	0.50627401002405
0	0	0	0	0	0	0	0	0	0	0	0	0	0	0	0	0	0	0	0	0	0	0	0	0	0	0	0	0	0	0	0	0	0	0	0	0	0	0	0	0	0	0	0	0	0	0	0	0	0	0	0	0	0	0	0	0	0	0	0	0.628602660900454	0.644053638591796	0	0	0	0.556632781164751	0.666917222084517	0	0.589022587701318	0.601999564168738	0.747164980265628	0.804907605645134	0	0	0	0	0	0	0.712689817442717	0	0.880921278119304	0.661783709608038	0	0	0	0	0.578604914387405	0	0.817753842912181	0
0	0	0	0	0	0	0	0	0	0	0	0	0	0	0	0	0	0	0	0	0	0	0	0	0	0	0	0	0	0	0	0	0	0	0	0	0	0	0	0	0	0	0	0	0	0	0	0	0	0	0	0	0	0	0	0	0	0	0	0	0.608123666217798	0.507640346960319	0.547074486743859	0	0.684265803207516	0	0	0	0.930959691739068	0.911775566143074	0	0	0.566199725838231	0.763153680591469	0.819027540088723	0.795075623913175	0	0.960476185307569	0.745842350143318	0	0	0	0.890818656487067	0.58585645130448	0	0	0.644327499073197	0.589028744161842	0	0.972946731804379
0	0	0	0	0	0	0	0	0	0	0	0	0	0	0	0	0	0	0	0	0	0	0	0	0	0	0	0	0	0	0	0	0	0	0	0	0	0	0	0	0	0	0	0	0	0	0	0	0	0	0	0	0	0	0	0	0	0	0	0	0	0	0	0.736560511681038	0.969426184014134	0	0	0.649748145005685	0.872130567599325	0	0.995386823369604	0	0.907571195993004	0	0	0.680103406120422	0	0	0	0.971203947462623	0.644229411198871	0	0	0	0	0	0.53503747499096	0	0.804283832134231	0
0	0	0	0	0	0	0	0	0	0	0	0	0	0	0	0	0	0	0	0	0	0	0	0	0	0	0	0	0	0	0	0	0	0	0	0	0	0	0	0	0	0	0	0	0	0	0	0	0	0	0	0	0	0	0	0	0	0	0	0	0	0.508409804078857	0.962381395779154	0.963376504289167	0	0	0.568696386968189	0	0.695709674863841	0.69746965079256	0.851736327556953	0	0.543872590350436	0	0	0	0.865866934938908	0.540723984153448	0	0	0	0.522173777401316	0.630644983982661	0	0.760902064443385	0.781442578341991	0.733455708188954	0.791237907631394	0	0
0	0	0	0	0	0	0	0	0	0	0	0	0	0	0	0	0	0	0	0	0	0	0	0	0	0	0	0	0	0	0	0	0	0	0	0	0	0	0	0	0	0	0	0	0	0	0	0	0	0	0	0	0	0	0	0	0	0	0	0	0	0	0.705006489323875	0.673748584016438	0.982601531583095	0.639250689171315	0.847172764445719	0.860279715997112	0	0.700696792462644	0	0.542357440115344	0.532912093117946	0.882215099017513	0	0.588735555330988	0	0.58081735146792	0	0.966599768052955	0.750535268779289	0	0	0	0.682573477136843	0	0	0	0	0.722444316745228
0	0	0	0	0	0	0	0	0	0	0	0	0	0	0	0	0	0	0	0	0	0	0	0	0	0	0	0	0	0	0	0	0	0	0	0	0	0	0	0	0	0	0	0	0	0	0	0	0	0	0	0	0	0	0	0	0	0	0	0	0.721276531650974	0	0.828866070384813	0	0.948827344699201	0.669630560714363	0	0.54605368482236	0.961684937106748	0	0	0	0.74795224960372	0.716790666061214	0.605791444555285	0	0	0	0	0.923044312396001	0	0	0.543862240121575	0	0.610725938865789	0.784094576629703	0.538914048590115	0.649845410564769	0	0
0	0	0	0	0	0	0	0	0	0	0	0	0	0	0	0	0	0	0	0	0	0	0	0	0	0	0	0	0	0	0	0	0	0	0	0	0	0	0	0	0	0	0	0	0	0	0	0	0	0	0	0	0	0	0	0	0	0	0	0	0	0	0.780975280964693	0.80300786386993	0.589528388738583	0	0.566163003790641	0.55154596431703	0	0	0	0.572409368532895	0	0	0	0.956569483496311	0.845910476797704	0.651405674094981	0.633936518499732	0	0	0	0	0.636764211359688	0	0.504398758107609	0	0.699528381112995	0.536454094101038	0
0	0	0	0	0	0	0	0	0	0	0	0	0	0	0	0	0	0	0	0	0	0	0	0	0	0	0	0	0	0	0	0	0	0	0	0	0	0	0	0	0	0	0	0	0	0	0	0	0	0	0	0	0	0	0	0	0	0	0	0	0	0.949898072195071	0.792502113602588	0.814015704247984	0.67097621372176	0	0	0	0.921778499557463	0	0.619648654853258	0	0.80894568448102	0.51217521097007	0	0	0.562677311885068	0.501090339467693	0	0.507203434934603	0	0	0	0	0.546580110380317	0	0.683746467785684	0.532454870132001	0	0
0	0	0	0	0	0	0	0	0	0	0	0	0	0	0	0	0	0	0	0	0	0	0	0	0	0	0	0	0	0	0	0	0	0	0	0	0	0	0	0	0	0	0	0	0	0	0	0	0	0	0	0	0	0	0	0	0	0	0	0	0.735361303781908	0	0.785996757986578	0	0	0.582162372371316	0.827560436305964	0.687616061401631	0.598955950790246	0.642447663950951	0	0.555662870606616	0	0	0.640795529864718	0	0	0	0.839707291551782	0	0.974434834501851	0	0.641188882215897	0.837306324565633	0	0	0.959359059108179	0	0	0.718782846345428
0	0	0	0	0	0	0	0	0	0	0	0	0	0	0	0	0	0	0	0	0	0	0	0	0	0	0	0	0	0	0	0	0	0	0	0	0	0	0	0	0	0	0	0	0	0	0	0	0	0	0	0	0	0	0	0	0	0	0	0	0	0	0	0	0	0.971862538184529	0	0	0.655538488642957	0.532941469170766	0	0.857678237051063	0	0	0.607280562907898	0.605357222284827	0.780555336540342	0.676809144647675	0	0.775517545994698	0	0.558976724812689	0	0	0	0	0	0	0	0.788197607471789
0	0	0	0	0	0	0	0	0	0	0	0	0	0	0	0	0	0	0	0	0	0	0	0	0	0	0	0	0	0	0	0	0	0	0	0	0	0	0	0	0	0	0	0	0	0	0	0	0	0	0	0	0	0	0	0	0	0	0	0	0	0	0	0.879817130628481	0	0.953384166826761	0	0	0	0.857848164249211	0	0	0.829352485883029	0.897307193090078	0	0.822967620943228	0	0	0.750883683834616	0.566116542943885	0.882809176440044	0.540604254509228	0	0.932621243079292	0	0	0.92669628298143	0	0.542411619500419	0
0	0	0	0	0	0	0	0	0	0	0	0	0	0	0	0	0	0	0	0	0	0	0	0	0	0	0	0	0	0	0	0	0	0	0	0	0	0	0	0	0	0	0	0	0	0	0	0	0	0	0	0	0	0	0	0	0	0	0	0	0	0	0.968228578352538	0	0	0.916704657819847	0.69208669470802	0	0.630289008176133	0	0.582099172951146	0	0	0.586467474286017	0.517130901427053	0	0.706975404393147	0	0.502087758956521	0.599347551741914	0.752925289839364	0	0.826180144569388	0.751855113911638	0.80817052598746	0.639219367948507	0	0	0.687416496114613	0
0	0	0	0	0	0	0	0	0	0	0	0	0	0	0	0	0	0	0	0	0	0	0	0	0	0	0	0	0	0	0	0	0	0	0	0	0	0	0	0	0	0	0	0	0	0	0	0	0	0	0	0	0	0	0	0	0	0	0	0	0.715886440395849	0.542337009869421	0.908541815083427	0	0	0	0	0.814628107841678	0	0	0.788883813694249	0.557314688916658	0	0.830044069254806	0	0.775798369756745	0	0	0	0.522865511240968	0.662791546745753	0.783829536842126	0	0.991646568363029	0	0	0.581015437152235	0	0.890691805935003	0.968809595724407
0	0	0	0	0	0	0	0	0	0	0	0	0	0	0	0	0	0	0	0	0	0	0	0	0	0	0	0	0	0	0	0	0	0	0	0	0	0	0	0	0	0	0	0	0	0	0	0	0	0	0	0	0	0	0	0	0	0	0	0	0	0.676088720671591	0.649547154451142	0.927293777219717	0	0.826018587339585	0	0.839270360458506	0.94162013678962	0	0.768573953533946	0.507953163765572	0	0.5183330752674	0	0	0	0	0	0.562713352402937	0.72458057084666	0.904073874460484	0	0	0.980070826229628	0.668499264179379	0.93146521438351	0	0	0
0	0	0	0	0	0	0	0	0	0	0	0	0	0	0	0	0	0	0	0	0	0	0	0	0	0	0	0	0	0	0	0	0	0	0	0	0	0	0	0	0	0	0	0	0	0	0	0	0	0	0	0	0	0	0	0	0	0	0	0	0.551043842201238	0.799892217803137	0	0	0.670734980284754	0.9721106497709	0	0	0	0	0.605287689196608	0	0.628294035303892	0	0.997520976555072	0.978880461946914	0	0	0	0.726307750559729	0	0	0	0.827476866516701	0.872264921756905	0.802184608810892	0	0	0	0
0	0	0	0	0	0	0	0	0	0	0	0	0	0	0	0	0	0	0	0	0	0	0	0	0	0	0	0	0	0	0	0	0	0	0	0	0	0	0	0	0	0	0	0	0	0	0	0	0	0	0	0	0	0	0	0	0	0	0	0	0	0	0	0.694486314377818	0	0	0.74331289824687	0	0.780949448938343	0.885019856044094	0	0.57879834230177	0	0.884607129480049	0.736033045354562	0.867378926674194	0.55344116977447	0.866458608726669	0.921181851848774	0	0	0.867232424553682	0	0.531120940192304	0.746087572528576	0	0.957019280914025	0.573772896583951	0	0.745779189397989
0	0	0	0	0	0	0	0	0	0	0	0	0	0	0	0	0	0	0	0	0	0	0	0	0	0	0	0	0	0	0	0	0	0	0	0	0	0	0	0	0	0	0	0	0	0	0	0	0	0	0	0	0	0	0	0	0	0	0	0	0.847168662886012	0	0	0.701555754786523	0.645329197533543	0	0.610713713456714	0	0.714414505061106	0	0	0	0.768818453116445	0	0.965435118206563	0.58336474603768	0.957934926180929	0.823171361532502	0	0	0	0	0.665123552780598	0.696365658240812	0.65073766369688	0	0.76239307359344	0	0.695993455922198	0
0	0	0	0	0	0	0	0	0	0	0	0	0	0	0	0	0	0	0	0	0	0	0	0	0	0	0	0	0	0	0	0	0	0	0	0	0	0	0	0	0	0	0	0	0	0	0	0	0	0	0	0	0	0	0	0	0	0	0	0	0	0.852576661292778	0	0	0.78930837532434	0	0	0.572275942720596	0	0	0	0	0	0.507122947393283	0.780811792015496	0	0.703680679923759	0.789934844304247	0	0.772218209972598	0	0	0.973664523373065	0	0.924628884753526	0.87131538332309	0.798423814270484	0	0.919748004918797	0
0	0	0	0	0	0	0	0	0	0	0	0	0	0	0	0	0	0	0	0	0	0	0	0	0	0	0	0	0	0	0	0	0	0	0	0	0	0	0	0	0	0	0	0	0	0	0	0	0	0	0	0	0	0	0	0	0	0	0	0	0	0.846132400136082	0	0	0	0.885197911486698	0	0.689934374658929	0	0.988673308879593	0	0	0.50172405571644	0	0	0.968698195755067	0	0	0	0	0.510063864881284	0.522642300685975	0	0.798383470925253	0.95739037361954	0	0	0	0	0.865287692331657
0	0	0	0	0	0	0	0	0	0	0	0	0	0	0	0	0	0	0	0	0	0	0	0	0	0	0	0	0	0	0	0	0	0	0	0	0	0	0	0	0	0	0	0	0	0	0	0	0	0	0	0	0	0	0	0	0	0	0	0	0	0.568485557069793	0.754004674794761	0.838485206353353	0	0.665174502262235	0	0	0	0	0.595135745326389	0	0.674006142893914	0	0.969436261274003	0.913624029848143	0.965988672848352	0	0.550994665650822	0.701283930117112	0.562599746198444	0	0.769311038736963	0	0.555198636715027	0	0.882096122000852	0	0	0.999957535336709
0	0	0	0	0	0	0	0	0	0	0	0	0	0	0	0	0	0	0	0	0	0	0	0	0	0	0	0	0	0	0	0	0	0	0	0	0	0	0	0	0	0	0	0	0	0	0	0	0	0	0	0	0	0	0	0	0	0	0	0	0.619687704556027	0.780208392547187	0.60512379990494	0	0	0	0	0.601742926548089	0.92113130193232	0.550958259972518	0	0.703341974664831	0	0	0	0.968156879561269	0	0.926557961702724	0.759717563431293	0.633850584542345	0.659190905302304	0.631333504605297	0.578218928031373	0.944640899038916	0	0	0.52135961253343	0.892301864866464	0	0
0	0	0	0	0	0	0	0	0	0	0	0	0	0	0	0	0	0	0	0	0	0	0	0	0	0	0	0	0	0	0	0	0	0	0	0	0	0	0	0	0	0	0	0	0	0	0	0	0	0	0	0	0	0	0	0	0	0	0	0	0.842815573055475	0	0.712066279214882	0	0	0	0	0.556897476150287	0	0.545864331503501	0.768577871515893	0	0	0	0	0.705394154022568	0	0.692461920634575	0.543088128592753	0	0	0.806522684413581	0	0	0	0	0.684517765063996	0	0	0
0	0	0	0	0	0	0	0	0	0	0	0	0	0	0	0	0	0	0	0	0	0	0	0	0	0	0	0	0	0	0	0	0	0	0	0	0	0	0	0	0	0	0	0	0	0	0	0	0	0	0	0	0	0	0	0	0	0	0	0	0	0	0	0	0.794449650181851	0.642397276552218	0.941523579776487	0.566624910250429	0	0.953581493388214	0	0.515029946671861	0.675500438305283	0	0.933843160551104	0	0.753747833125878	0.889763972125089	0	0.547290554583826	0.535233471590502	0.915729214211185	0	0.944613614551194	0.609127556918069	0.582147281630038	0	0.550328806250779	0.865787076301584	0
0	0	0	0	0	0	0	0	0	0	0	0	0	0	0	0	0	0	0	0	0	0	0	0	0	0	0	0	0	0	0	0	0	0	0	0	0	0	0	0	0	0	0	0	0	0	0	0	0	0	0	0	0	0	0	0	0	0	0	0	0	0	0	0	0	0.993769050064049	0	0.967165416657001	0	0.588646622332808	0.769873225229097	0.958637084032339	0	0	0	0	0	0	0	0.855800154030498	0	0	0	0	0.871813471327314	0	0.589043077979276	0	0.757785846577355	0.799523326229116
0	0	0	0	0	0	0	0	0	0	0	0	0	0	0	0	0	0	0	0	0	0	0	0	0	0	0	0	0	0	0	0	0	0	0	0	0	0	0	0	0	0	0	0	0	0	0	0	0	0	0	0	0	0	0	0	0	0	0	0	0	0.953629144424471	0.881937605589771	0	0.584967508463977	0	0.865723498030474	0	0	0	0.705914653989598	0	0	0	0.838197883262319	0.830017631808116	0.553149272808521	0	0	0	0.699644469777854	0.773237417138463	0	0	0	0	0.906211535590757	0.682849072718477	0	0.522734889734422
0	0	0	0	0	0	0	0	0	0	0	0	0	0	0	0	0	0	0	0	0	0	0	0	0	0	0	0	0	0	0	0	0	0	0	0	0	0	0	0	0	0	0	0	0	0	0	0	0	0	0	0	0	0	0	0	0	0	0	0	0	0	0.725967791957906	0.889665908476978	0	0.930982938028918	0	0	0.702221772676349	0	0	0	0.894284245583474	0.928789702506591	0	0	0.895433228336292	0	0	0.641057222971171	0	0	0.671424984771657	0.884751948534501	0	0	0	0.868474796170765	0.52222732280665	0
