0	0.584703262289008	0.806288138352768	0.803716755965226	0.853664215691008	0.696716357687211	0.851179954083735	0.697707312492316	0	0	0.753903644204867	0	0.861119717999577	0.808804694416891	0.971201361345476	0.645613289376115	0.63745347668301	0	0	0	0	0	0	0	0	0	0	0	0	0	0	0	0	0	0	0	0	0	0	0	0	0	0	0	0	0	0	0	0	0	0	0	0	0	0	0	0	0	0	0	0	0	0	0	0	0	0	0	0	0	0	0	0	0	0	0	0	0	0	0	0	0	0	0	0	0	0	0	0	0
0.990859294857857	0	0.931580040519492	0.922852590616749	0	0.509110781562828	0.667335934534049	0.982298695581463	0	0.647136835532208	0	0	0	0.501086688110527	0.784571336256251	0.806118291898235	0.960549677631948	0.579179624159352	0	0	0	0	0	0	0	0	0	0	0	0	0	0	0	0	0	0	0	0	0	0	0	0	0	0	0	0	0	0	0	0	0	0	0	0	0	0	0	0	0	0	0	0	0	0	0	0	0	0	0	0	0	0	0	0	0	0	0	0	0	0	0	0	0	0	0	0	0	0	0	0
0.60311069329558	0.835638508579971	0	0.87671177759101	0.684193611074979	0.878029357028515	0.667638039866779	0.696334104408159	0.631631675905971	0	0	0	0	0	0.507372988607222	0.87557500353382	0.502800235346264	0.575891789096457	0	0	0	0	0	0	0	0	0	0	0	0	0	0	0	0	0	0	0	0	0	0	0	0	0	0	0	0	0	0	0	0	0	0	0	0	0	0	0	0	0	0	0	0	0	0	0	0	0	0	0	0	0	0	0	0	0	0	0	0	0	0	0	0	0	0	0	0	0	0	0	0
0.830119573678409	0.936198680119583	0.757656833640697	0	0.995790484124426	0.924850452896505	0.757451265984123	0.682148524840615	0.767137117855424	0.672382980309531	0	0	0	0.855617935405257	0	0.651321896366512	0.842446771331024	0.893499444291911	0	0	0	0	0	0	0	0	0	0	0	0	0	0	0	0	0	0	0	0	0	0	0	0	0	0	0	0	0	0	0	0	0	0	0	0	0	0	0	0	0	0	0	0	0	0	0	0	0	0	0	0	0	0	0	0	0	0	0	0	0	0	0	0	0	0	0	0	0	0	0	0
0.900021329565093	0	0.637248980526113	0.774466305673156	0	0.772225327261137	0.694252413886148	0.760247935320354	0.833121087600724	0.809601380411028	0.754380543627871	0	0	0	0	0	0	0.830968840266562	0	0	0	0	0	0	0	0	0	0	0	0	0	0	0	0	0	0	0	0	0	0	0	0	0	0	0	0	0	0	0	0	0	0	0	0	0	0	0	0	0	0	0	0	0	0	0	0	0	0	0	0	0	0	0	0	0	0	0	0	0	0	0	0	0	0	0	0	0	0	0	0
0.803978318755397	0.663399335280025	0.885140933041853	0.888740131214211	0.961440995004503	0	0.56290378284049	0.595440427349279	0.764984025037086	0.921379539695582	0.78141233349281	0.742364426429348	0	0	0	0	0	0.759851561906062	0	0	0	0	0	0	0	0	0	0	0	0	0	0	0	0	0	0	0	0	0	0	0	0	0	0	0	0	0	0	0	0	0	0	0	0	0	0	0	0	0	0	0	0	0	0	0	0	0	0	0	0	0	0	0	0	0	0	0	0	0	0	0	0	0	0	0	0	0	0	0	0
0.503629675516778	0.803973284184893	0.801849776740131	0.725832879608777	0.955248502609574	0.668323360319781	0	0.869799807352115	0.736852746865117	0.792757381583703	0.735863917692239	0.572644147956866	0.780603965272623	0.833705835518378	0	0	0.813459863043612	0	0	0	0	0	0	0	0	0	0	0	0	0	0	0	0	0	0	0	0	0	0	0	0	0	0	0	0	0	0	0	0	0	0	0	0	0	0	0	0	0	0	0	0	0	0	0	0	0	0	0	0	0	0	0	0	0	0	0	0	0	0	0	0	0	0	0	0	0	0	0	0	0
0.754517929897237	0.606016647327591	0.878441629412115	0.621945603473669	0.550010066773498	0.916732220643701	0.626373432938934	0	0	0.633419325769569	0.532635535784838	0.708300064967415	0	0.656343477375335	0	0	0	0.953835141628563	0	0	0	0	0	0	0	0	0	0	0	0	0	0	0	0	0	0	0	0	0	0	0	0	0	0	0	0	0	0	0	0	0	0	0	0	0	0	0	0	0	0	0	0	0	0	0	0	0	0	0	0	0	0	0	0	0	0	0	0	0	0	0	0	0	0	0	0	0	0	0	0
0	0	0.98733564242143	0.645820806592402	0.595862037764274	0.885847900697857	0.551009106249669	0	0	0.789696342597402	0.570754423446233	0.882410546809211	0.636842633398133	0.87061197433207	0.691393937298918	0	0	0	0	0	0	0	0	0	0	0	0	0	0	0	0	0	0	0	0	0	0	0	0	0	0	0	0	0	0	0	0	0	0	0	0	0	0	0	0	0	0	0	0	0	0	0	0	0	0	0	0	0	0	0	0	0	0	0	0	0	0	0	0	0	0	0	0	0	0	0	0	0	0	0
0	0.981190654573165	0	0.815275473342372	0.899589956466976	0.644028632471071	0.768162055059158	0.574262752330157	0.788495856982626	0	0.580897354279513	0.676547879070562	0.527674149057316	0.870199566347894	0.706437807411722	0.6275730885861	0	0	0	0	0	0	0	0	0	0	0	0	0	0	0	0	0	0	0	0	0	0	0	0	0	0	0	0	0	0	0	0	0	0	0	0	0	0	0	0	0	0	0	0	0	0	0	0	0	0	0	0	0	0	0	0	0	0	0	0	0	0	0	0	0	0	0	0	0	0	0	0	0	0
0.909936435695379	0	0	0	0.650591455537204	0.670975027088535	0.730241493613014	0.634706165505925	0.780118010454798	0.977634333653517	0	0.902498527831162	0	0.591548278120879	0.583197929961629	0.902026071428234	0.890977082233723	0	0	0	0	0	0	0	0	0	0	0	0	0	0	0	0	0	0	0	0	0	0	0	0	0	0	0	0	0	0	0	0	0	0	0	0	0	0	0	0	0	0	0	0	0	0	0	0	0	0	0	0	0	0	0	0	0	0	0	0	0	0	0	0	0	0	0	0	0	0	0	0	0
0	0	0	0	0	0.739265584211725	0.751773706491225	0.93715594638482	0.82945419429447	0.637421962451613	0.561713568969464	0	0.638126050886187	0.747518254753772	0.810101805965058	0.656401184781399	0.975791340671623	0.536283644240629	0	0	0	0	0	0	0	0	0	0	0	0	0	0	0	0	0	0	0	0	0	0	0	0	0	0	0	0	0	0	0	0	0	0	0	0	0	0	0	0	0	0	0	0	0	0	0	0	0	0	0	0	0	0	0	0	0	0	0	0	0	0	0	0	0	0	0	0	0	0	0	0
0.895748612161258	0	0	0	0	0	0.63799588480081	0	0.767860534171834	0.74825303484444	0	0.922887772273299	0	0.866953468374622	0.533185708961342	0.891045035742442	0.583904224931217	0.635410671716317	0	0	0	0	0	0	0	0	0	0	0	0	0	0	0	0	0	0	0	0	0	0	0	0	0	0	0	0	0	0	0	0	0	0	0	0	0	0	0	0	0	0	0	0	0	0	0	0	0	0	0	0	0	0	0	0	0	0	0	0	0	0	0	0	0	0	0	0	0	0	0	0
0.719313660029978	0.869148132930684	0	0.8145465987659	0	0	0.538405174354671	0.838845339956314	0.527789083985214	0.831343317924021	0.954264538219237	0.781359459510493	0.640605644580842	0	0	0.933231081137929	0.643866237624873	0.99924362950232	0	0	0	0	0	0	0	0	0	0	0	0	0	0	0	0	0	0	0	0	0	0	0	0	0	0	0	0	0	0	0	0	0	0	0	0	0	0	0	0	0	0	0	0	0	0	0	0	0	0	0	0	0	0	0	0	0	0	0	0	0	0	0	0	0	0	0	0	0	0	0	0
0.700380960251953	0.729310710580665	0.669704979335385	0	0	0	0	0	0.97654919247798	0.96070739059366	0.538810306611031	0.507188218576762	0.559262691053857	0	0	0.642694683789464	0.826286847193378	0.722994771345643	0	0	0	0	0	0	0	0	0	0	0	0	0	0	0	0	0	0	0	0	0	0	0	0	0	0	0	0	0	0	0	0	0	0	0	0	0	0	0	0	0	0	0	0	0	0	0	0	0	0	0	0	0	0	0	0	0	0	0	0	0	0	0	0	0	0	0	0	0	0	0	0
0.903362371694965	0.509356040846676	0.64605473916089	0.50170713302837	0	0	0	0	0	0.832663574304554	0.703270624390038	0.537055059453018	0.531543247896445	0.869888342423772	0.820711973320617	0	0.75619008660862	0.530998346000908	0	0	0	0	0	0	0	0	0	0	0	0	0	0	0	0	0	0	0	0	0	0	0	0	0	0	0	0	0	0	0	0	0	0	0	0	0	0	0	0	0	0	0	0	0	0	0	0	0	0	0	0	0	0	0	0	0	0	0	0	0	0	0	0	0	0	0	0	0	0	0	0
0.888398694811851	0.869499559065256	0.829120684643121	0.951317214075593	0	0	0.670563913041454	0	0	0	0.747910691085321	0.620317314999034	0.585961826693219	0.980751261597558	0.878429052875383	0.705534910353295	0	0.939902317232631	0	0	0	0	0	0	0	0	0	0	0	0	0	0	0	0	0	0	0	0	0	0	0	0	0	0	0	0	0	0	0	0	0	0	0	0	0	0	0	0	0	0	0	0	0	0	0	0	0	0	0	0	0	0	0	0	0	0	0	0	0	0	0	0	0	0	0	0	0	0	0	0
0	0.940481752438026	0.667682038167225	0.70604705000569	0.862822183159246	0.902177275837795	0	0.969363080123638	0	0	0	0.88547789513454	0.722000337136396	0.635671256818899	0.798822294090854	0.8367919642306	0.872754363138817	0	0	0	0	0	0	0	0	0	0	0	0	0	0	0	0	0	0	0	0	0	0	0	0	0	0	0	0	0	0	0	0	0	0	0	0	0	0	0	0	0	0	0	0	0	0	0	0	0	0	0	0	0	0	0	0	0	0	0	0	0	0	0	0	0	0	0	0	0	0	0	0	0
0	0	0	0	0	0	0	0	0	0	0	0	0	0	0	0	0	0	0	0.685976756186605	0	0.755475024446434	0.919914563046417	0.656554051873037	0.95423696966798	0.594416538025692	0	0.93920681137675	0	0.720322820151429	0.512715614550351	0.70727332969584	0.633791962007575	0.946104406981622	0.841035008659345	0.796101137740705	0	0	0	0	0	0	0	0	0	0	0	0	0	0	0	0	0	0	0	0	0	0	0	0	0	0	0	0	0	0	0	0	0	0	0	0	0	0	0	0	0	0	0	0	0	0	0	0	0	0	0	0	0	0
0	0	0	0	0	0	0	0	0	0	0	0	0	0	0	0	0	0	0.681770380617306	0	0.62720707482853	0.865213198502055	0.709136178471627	0	0.641631576180412	0.854861239677614	0.800712643657704	0.9966419167127	0	0	0.669510690198775	0.777625645196246	0.802529826162017	0.583559651069126	0.977687722573371	0.719859077989081	0	0	0	0	0	0	0	0	0	0	0	0	0	0	0	0	0	0	0	0	0	0	0	0	0	0	0	0	0	0	0	0	0	0	0	0	0	0	0	0	0	0	0	0	0	0	0	0	0	0	0	0	0	0
0	0	0	0	0	0	0	0	0	0	0	0	0	0	0	0	0	0	0	0.813807774182906	0	0.954466818136133	0.792530514792181	0.785318976355085	0.561353031115493	0.82673191878459	0.836765726817223	0.997986084052197	0	0	0	0.992080606148546	0.932988932166774	0.539059028541878	0.656231829093928	0	0	0	0	0	0	0	0	0	0	0	0	0	0	0	0	0	0	0	0	0	0	0	0	0	0	0	0	0	0	0	0	0	0	0	0	0	0	0	0	0	0	0	0	0	0	0	0	0	0	0	0	0	0	0
0	0	0	0	0	0	0	0	0	0	0	0	0	0	0	0	0	0	0.632756747483732	0.770546713534338	0.558165136149458	0	0	0	0.942483953866929	0.855114609284105	0.534701354834026	0.599888672813647	0.569032831836022	0.510682075875817	0.581022349132232	0.975844098781584	0	0.830142018834213	0.562112807593957	0.50354934479866	0	0	0	0	0	0	0	0	0	0	0	0	0	0	0	0	0	0	0	0	0	0	0	0	0	0	0	0	0	0	0	0	0	0	0	0	0	0	0	0	0	0	0	0	0	0	0	0	0	0	0	0	0	0
0	0	0	0	0	0	0	0	0	0	0	0	0	0	0	0	0	0	0.534551188381882	0.62393494038814	0.935282513932434	0	0	0.651442385993729	0.699044532138489	0.57701194192831	0.938771921034267	0.800069120880144	0.674556963222507	0.775520329866676	0.537140448400867	0.919595611250241	0.520090982028928	0.51320081693774	0.519656913651858	0.855556027703381	0	0	0	0	0	0	0	0	0	0	0	0	0	0	0	0	0	0	0	0	0	0	0	0	0	0	0	0	0	0	0	0	0	0	0	0	0	0	0	0	0	0	0	0	0	0	0	0	0	0	0	0	0	0
0	0	0	0	0	0	0	0	0	0	0	0	0	0	0	0	0	0	0.635214919582506	0	0.623006021880355	0	0.925748759145296	0	0.770770641368431	0.955396470374384	0.950893882775741	0.561554618593487	0.83217185321278	0.552831882804965	0.536440308729404	0	0	0.582515753308923	0.537304316099043	0.723156747314122	0	0	0	0	0	0	0	0	0	0	0	0	0	0	0	0	0	0	0	0	0	0	0	0	0	0	0	0	0	0	0	0	0	0	0	0	0	0	0	0	0	0	0	0	0	0	0	0	0	0	0	0	0	0
0	0	0	0	0	0	0	0	0	0	0	0	0	0	0	0	0	0	0.651596421101356	0.864533584954432	0.796970126742529	0.571740907990397	0.611624660742869	0.920346433510694	0	0.855857357886617	0.858019056090948	0.821516383976646	0.683419046557298	0.788093389871481	0	0.766521521792619	0	0	0.717123409088252	0.704011598852488	0	0	0	0	0	0	0	0	0	0	0	0	0	0	0	0	0	0	0	0	0	0	0	0	0	0	0	0	0	0	0	0	0	0	0	0	0	0	0	0	0	0	0	0	0	0	0	0	0	0	0	0	0	0
0	0	0	0	0	0	0	0	0	0	0	0	0	0	0	0	0	0	0.982891406321587	0.575034256958726	0.750960498174599	0.792319510910366	0.637790466845964	0.577155696382694	0.864752649694133	0	0.597171953984203	0.607094383073807	0.723099170568151	0.77585393512008	0.553768609105669	0.523907675363694	0.612531829913098	0.754825834581385	0	0	0	0	0	0	0	0	0	0	0	0	0	0	0	0	0	0	0	0	0	0	0	0	0	0	0	0	0	0	0	0	0	0	0	0	0	0	0	0	0	0	0	0	0	0	0	0	0	0	0	0	0	0	0	0
0	0	0	0	0	0	0	0	0	0	0	0	0	0	0	0	0	0	0	0.921496135784795	0.615050139975056	0.517738706273259	0.788046073904471	0.593503097973189	0.66225501394069	0.971354167496741	0	0.735395282304739	0	0.928180614317789	0.601492546542038	0.781310046702195	0.983153778934964	0.877779376866587	0	0	0	0	0	0	0	0	0	0	0	0	0	0	0	0	0	0	0	0	0	0	0	0	0	0	0	0	0	0	0	0	0	0	0	0	0	0	0	0	0	0	0	0	0	0	0	0	0	0	0	0	0	0	0	0
0	0	0	0	0	0	0	0	0	0	0	0	0	0	0	0	0	0	0.747288564579879	0.854315330634	0.692621308479987	0.527799685638148	0.544005208589009	0.543025683475897	0.639391749096128	0.504462724130686	0.576411808534662	0	0.702865962091173	0.571106463109103	0.512532753447674	0.757414323519717	0.977809286067036	0.659645157615732	0.880867763339883	0.520042614295615	0	0	0	0	0	0	0	0	0	0	0	0	0	0	0	0	0	0	0	0	0	0	0	0	0	0	0	0	0	0	0	0	0	0	0	0	0	0	0	0	0	0	0	0	0	0	0	0	0	0	0	0	0	0
0	0	0	0	0	0	0	0	0	0	0	0	0	0	0	0	0	0	0	0	0	0.63059988763717	0.902249685031321	0.531082343709364	0.959585479465515	0.512259692342802	0	0.558738876471408	0	0.718362351349403	0.974827906960033	0.537784600626541	0.684110163529183	0.939616167245287	0.511267971753963	0.872333787494028	0	0	0	0	0	0	0	0	0	0	0	0	0	0	0	0	0	0	0	0	0	0	0	0	0	0	0	0	0	0	0	0	0	0	0	0	0	0	0	0	0	0	0	0	0	0	0	0	0	0	0	0	0	0
0	0	0	0	0	0	0	0	0	0	0	0	0	0	0	0	0	0	0.920783310521219	0	0	0.741684605855761	0.503257930243261	0.987153881709191	0.630589111095194	0.842960486793401	0.931718850215898	0.539737010318056	0.598514261587321	0	0.586681842337511	0.77682312211361	0.65870649656605	0.576942310924524	0.96440400361387	0.699752244949379	0	0	0	0	0	0	0	0	0	0	0	0	0	0	0	0	0	0	0	0	0	0	0	0	0	0	0	0	0	0	0	0	0	0	0	0	0	0	0	0	0	0	0	0	0	0	0	0	0	0	0	0	0	0
0	0	0	0	0	0	0	0	0	0	0	0	0	0	0	0	0	0	0.843980632944956	0.998976749046423	0	0.739757357846886	0.777381924294288	0.717472433283088	0	0.908154874864013	0.960482913958201	0.83316289539251	0.894016137104054	0.986261587229671	0	0.827200380320062	0.681680797878139	0.996748557010142	0.527979137586605	0.676561011432597	0	0	0	0	0	0	0	0	0	0	0	0	0	0	0	0	0	0	0	0	0	0	0	0	0	0	0	0	0	0	0	0	0	0	0	0	0	0	0	0	0	0	0	0	0	0	0	0	0	0	0	0	0	0
0	0	0	0	0	0	0	0	0	0	0	0	0	0	0	0	0	0	0.693562971314644	0.700841308361974	0.80419192935578	0.591870061698017	0.96905721626244	0	0.9066027857055	0.563965147452543	0.504649427354799	0.51271881806499	0.564582847947103	0.59181980138401	0.742665048302662	0	0.531225631507987	0.98804481756865	0.647885113610878	0.553927712689379	0	0	0	0	0	0	0	0	0	0	0	0	0	0	0	0	0	0	0	0	0	0	0	0	0	0	0	0	0	0	0	0	0	0	0	0	0	0	0	0	0	0	0	0	0	0	0	0	0	0	0	0	0	0
0	0	0	0	0	0	0	0	0	0	0	0	0	0	0	0	0	0	0.513692132586206	0.80279262223742	0.758235293172765	0	0.55264505651145	0	0	0.827838885574823	0.981525720922358	0.710710040128673	0.559097820233347	0.610221441409172	0.864814111422896	0.810097675282472	0	0	0	0.707978412333825	0	0	0	0	0	0	0	0	0	0	0	0	0	0	0	0	0	0	0	0	0	0	0	0	0	0	0	0	0	0	0	0	0	0	0	0	0	0	0	0	0	0	0	0	0	0	0	0	0	0	0	0	0	0
0	0	0	0	0	0	0	0	0	0	0	0	0	0	0	0	0	0	0.559740867906427	0.725693641164774	0.514943860914018	0.608077431754058	0.786378188599084	0.740907476100147	0	0.849858376443373	0.812614992842801	0.692707133471957	0.768364102248229	0.887072688803334	0.792757727234815	0.544503630392377	0	0	0.872116076603419	0	0	0	0	0	0	0	0	0	0	0	0	0	0	0	0	0	0	0	0	0	0	0	0	0	0	0	0	0	0	0	0	0	0	0	0	0	0	0	0	0	0	0	0	0	0	0	0	0	0	0	0	0	0	0
0	0	0	0	0	0	0	0	0	0	0	0	0	0	0	0	0	0	0.842823039947045	0.519342006858724	0.797192309554482	0.659466573529725	0.778155573148014	0.558468170657021	0.585654070709089	0	0	0.879869960433151	0.687113906439021	0.571130283072398	0.543073402584641	0.540788310976512	0	0.614759041710439	0	0	0	0	0	0	0	0	0	0	0	0	0	0	0	0	0	0	0	0	0	0	0	0	0	0	0	0	0	0	0	0	0	0	0	0	0	0	0	0	0	0	0	0	0	0	0	0	0	0	0	0	0	0	0	0
0	0	0	0	0	0	0	0	0	0	0	0	0	0	0	0	0	0	0.69748993289192	0.854198968625834	0	0.976349600414023	0.787030432808526	0.978856600826696	0.936658421957865	0	0	0.675910283877277	0.932834895223903	0.9771642065416	0.759240095833472	0.820144838571733	0.832882806740244	0	0	0	0	0	0	0	0	0	0	0	0	0	0	0	0	0	0	0	0	0	0	0	0	0	0	0	0	0	0	0	0	0	0	0	0	0	0	0	0	0	0	0	0	0	0	0	0	0	0	0	0	0	0	0	0	0
0	0	0	0	0	0	0	0	0	0	0	0	0	0	0	0	0	0	0	0	0	0	0	0	0	0	0	0	0	0	0	0	0	0	0	0	0	0.952026185974698	0.76794555485968	0.961212600310336	0	0	0	0	0	0	0	0	0	0	0	0.77174391814822	0.793020851950036	0.607113703996708	0	0	0	0	0	0	0	0	0	0	0	0	0	0	0	0	0	0	0	0	0	0	0	0	0	0	0	0	0	0	0	0	0	0	0	0
0	0	0	0	0	0	0	0	0	0	0	0	0	0	0	0	0	0	0	0	0	0	0	0	0	0	0	0	0	0	0	0	0	0	0	0	0.8140964716254	0	0.832192939304491	0.852008322766619	0.542927698477399	0	0	0	0	0	0	0	0	0	0	0	0.712098573381054	0.914186501874058	0	0	0	0	0	0	0	0	0	0	0	0	0	0	0	0	0	0	0	0	0	0	0	0	0	0	0	0	0	0	0	0	0	0	0	0
0	0	0	0	0	0	0	0	0	0	0	0	0	0	0	0	0	0	0	0	0	0	0	0	0	0	0	0	0	0	0	0	0	0	0	0	0.888489046748817	0.880938388255671	0	0.795280227937388	0.936026685148203	0.922312845700848	0	0	0	0	0	0	0	0	0	0	0	0.941550260995868	0	0	0	0	0	0	0	0	0	0	0	0	0	0	0	0	0	0	0	0	0	0	0	0	0	0	0	0	0	0	0	0	0	0	0	0
0	0	0	0	0	0	0	0	0	0	0	0	0	0	0	0	0	0	0	0	0	0	0	0	0	0	0	0	0	0	0	0	0	0	0	0	0.979249074300982	0.54442514019058	0.608768476237507	0	0.753603984184037	0.773344320140951	0.759836730409148	0	0	0	0	0	0	0	0	0	0	0	0	0	0	0	0	0	0	0	0	0	0	0	0	0	0	0	0	0	0	0	0	0	0	0	0	0	0	0	0	0	0	0	0	0	0	0
0	0	0	0	0	0	0	0	0	0	0	0	0	0	0	0	0	0	0	0	0	0	0	0	0	0	0	0	0	0	0	0	0	0	0	0	0	0.788055318785084	0.815471697738784	0.746619268223914	0	0.708062090717384	0.775367226048788	0.63261747993932	0	0	0	0	0	0	0	0	0	0	0	0	0	0	0	0	0	0	0	0	0	0	0	0	0	0	0	0	0	0	0	0	0	0	0	0	0	0	0	0	0	0	0	0	0	0
0	0	0	0	0	0	0	0	0	0	0	0	0	0	0	0	0	0	0	0	0	0	0	0	0	0	0	0	0	0	0	0	0	0	0	0	0	0	0.72701066188365	0.985036142775269	0.516283778678177	0	0.875893333269866	0.807305475793306	0.549858768797875	0	0	0	0	0	0	0	0	0	0	0	0	0	0	0	0	0	0	0	0	0	0	0	0	0	0	0	0	0	0	0	0	0	0	0	0	0	0	0	0	0	0	0	0	0
0	0	0	0	0	0	0	0	0	0	0	0	0	0	0	0	0	0	0	0	0	0	0	0	0	0	0	0	0	0	0	0	0	0	0	0	0	0	0	0.841511377677957	0.918203195660235	0.514917274630657	0	0.983570180838761	0.521547146404249	0.686683124629347	0	0	0	0	0	0	0	0	0	0	0	0	0	0	0	0	0	0	0	0	0	0	0	0	0	0	0	0	0	0	0	0	0	0	0	0	0	0	0	0	0	0	0	0
0	0	0	0	0	0	0	0	0	0	0	0	0	0	0	0	0	0	0	0	0	0	0	0	0	0	0	0	0	0	0	0	0	0	0	0	0	0	0	0	0.924402389165426	0.969517491976497	0.790058213450621	0	0.567006542555743	0.831249871378898	0.525547173308716	0	0	0	0	0	0	0	0	0	0	0	0	0	0	0	0	0	0	0	0	0	0	0	0	0	0	0	0	0	0	0	0	0	0	0	0	0	0	0	0	0	0	0
0	0	0	0	0	0	0	0	0	0	0	0	0	0	0	0	0	0	0	0	0	0	0	0	0	0	0	0	0	0	0	0	0	0	0	0	0	0	0	0	0	0.529799701363051	0.951270028099313	0.508089525215773	0	0.539332060781665	0.569098063326923	0.896802739793181	0	0	0	0.90849456902098	0	0	0	0	0	0	0	0	0	0	0	0	0	0	0	0	0	0	0	0	0	0	0	0	0	0	0	0	0	0	0	0	0	0	0	0	0	0
0	0	0	0	0	0	0	0	0	0	0	0	0	0	0	0	0	0	0	0	0	0	0	0	0	0	0	0	0	0	0	0	0	0	0	0	0	0	0	0	0	0	0.84430597424951	0.909212927318994	0.738330869566	0	0.738398851280086	0.805390758083727	0.772551432509485	0	0	0	0	0	0	0	0	0	0	0	0	0	0	0	0	0	0	0	0	0	0	0	0	0	0	0	0	0	0	0	0	0	0	0	0	0	0	0	0	0
0	0	0	0	0	0	0	0	0	0	0	0	0	0	0	0	0	0	0	0	0	0	0	0	0	0	0	0	0	0	0	0	0	0	0	0	0	0	0	0	0	0	0	0.95133324989872	0.969077381816252	0.695743617172378	0	0.546603455100011	0.609108041881393	0.864430503768087	0	0	0	0	0	0	0	0	0	0	0	0	0	0	0	0	0	0	0	0	0	0	0	0	0	0	0	0	0	0	0	0	0	0	0	0	0	0	0	0
0	0	0	0	0	0	0	0	0	0	0	0	0	0	0	0	0	0	0	0	0	0	0	0	0	0	0	0	0	0	0	0	0	0	0	0	0	0	0	0	0	0	0	0	0.606142711957969	0.90694411527636	0.902993342747319	0	0.994568955614501	0.93651160499615	0.868124449540208	0	0	0	0	0	0	0	0	0	0	0	0	0	0	0	0	0	0	0	0	0	0	0	0	0	0	0	0	0	0	0	0	0	0	0	0	0	0	0
0	0	0	0	0	0	0	0	0	0	0	0	0	0	0	0	0	0	0	0	0	0	0	0	0	0	0	0	0	0	0	0	0	0	0	0	0	0	0	0	0	0	0	0	0	0.729059246827666	0.646948480723638	0.928513875230071	0	0.614003381089969	0.603953367977352	0.766749428769024	0	0	0	0	0	0	0	0	0	0	0	0	0	0	0	0	0	0	0	0	0	0	0	0	0	0	0	0	0	0	0	0	0	0	0	0	0	0
0	0	0	0	0	0	0	0	0	0	0	0	0	0	0	0	0	0	0	0	0	0	0	0	0	0	0	0	0	0	0	0	0	0	0	0	0	0	0	0	0	0	0	0	0	0	0.609000378524823	0.996695617612039	0.74869739762182	0	0.990985823216951	0.592689063884686	0.593854928015802	0	0	0	0	0	0	0	0	0	0	0	0	0	0	0	0	0	0	0	0	0	0	0	0	0	0	0	0	0	0	0	0	0	0	0	0	0
0	0	0	0	0	0	0	0	0	0	0	0	0	0	0	0	0	0	0	0	0	0	0	0	0	0	0	0	0	0	0	0	0	0	0	0	0	0	0	0	0	0	0	0	0	0	0	0.792999563906682	0.865981354248372	0.619915694165514	0	0.850703427847602	0.592705812609461	0.594353147876378	0	0	0	0	0	0	0	0	0	0	0	0	0	0	0	0	0	0	0	0	0	0	0	0	0	0	0	0	0	0	0	0	0	0	0	0
0	0	0	0	0	0	0	0	0	0	0	0	0	0	0	0	0	0	0	0	0	0	0	0	0	0	0	0	0	0	0	0	0	0	0	0	0.971931999246434	0	0	0	0	0	0	0	0.932697479861939	0	0	0	0.658346470441818	0.836166913469775	0.955800566821303	0	0	0.884727002501405	0	0	0	0	0	0	0	0	0	0	0	0	0	0	0	0	0	0	0	0	0	0	0	0	0	0	0	0	0	0	0	0	0	0	0	0
0	0	0	0	0	0	0	0	0	0	0	0	0	0	0	0	0	0	0	0	0	0	0	0	0	0	0	0	0	0	0	0	0	0	0	0	0.557178354043533	0.801458215941433	0	0	0	0	0	0	0	0	0	0	0	0.588375192957863	0.500089616369772	0	0	0.970186069588128	0	0	0	0	0	0	0	0	0	0	0	0	0	0	0	0	0	0	0	0	0	0	0	0	0	0	0	0	0	0	0	0	0	0	0	0
0	0	0	0	0	0	0	0	0	0	0	0	0	0	0	0	0	0	0	0	0	0	0	0	0	0	0	0	0	0	0	0	0	0	0	0	0.531336865547519	0.85091383482499	0.982389675307481	0	0	0	0	0	0	0	0	0	0	0	0.794071149928181	0.960140308866042	0.739911251197196	0	0	0	0	0	0	0	0	0	0	0	0	0	0	0	0	0	0	0	0	0	0	0	0	0	0	0	0	0	0	0	0	0	0	0	0	0
0	0	0	0	0	0	0	0	0	0	0	0	0	0	0	0	0	0	0	0	0	0	0	0	0	0	0	0	0	0	0	0	0	0	0	0	0	0	0	0	0	0	0	0	0	0	0	0	0	0	0	0	0	0	0	0	0.500637926620834	0.818381612758402	0	0	0.614466466618335	0.661260144502066	0	0.830728861167549	0.572477241836296	0.507757461693592	0.943320066980021	0	0	0	0.977260150733928	0	0	0	0	0	0	0	0	0	0	0	0	0	0	0	0	0	0	0
0	0	0	0	0	0	0	0	0	0	0	0	0	0	0	0	0	0	0	0	0	0	0	0	0	0	0	0	0	0	0	0	0	0	0	0	0	0	0	0	0	0	0	0	0	0	0	0	0	0	0	0	0	0	0	0	0.686620509364335	0.613330772933357	0.8533286082815	0	0	0	0.577553858656941	0.532829178759158	0	0	0.817344086220084	0.791277619661371	0	0	0	0.679632310755125	0	0	0	0	0	0	0	0	0	0	0	0	0	0	0	0	0	0
0	0	0	0	0	0	0	0	0	0	0	0	0	0	0	0	0	0	0	0	0	0	0	0	0	0	0	0	0	0	0	0	0	0	0	0	0	0	0	0	0	0	0	0	0	0	0	0	0	0	0	0	0	0	0.698992156219207	0.935198989502869	0	0	0.61552970823835	0.905338124512819	0	0.842358415293672	0	0	0	0	0	0.594728644106478	0.574022193370492	0.794497999963031	0	0	0	0	0	0	0	0	0	0	0	0	0	0	0	0	0	0	0	0
0	0	0	0	0	0	0	0	0	0	0	0	0	0	0	0	0	0	0	0	0	0	0	0	0	0	0	0	0	0	0	0	0	0	0	0	0	0	0	0	0	0	0	0	0	0	0	0	0	0	0	0	0	0	0.670713749890783	0.845001304337539	0	0	0.675411251985229	0	0	0.60006014367573	0	0	0	0.952022803134273	0.833399908500651	0.658795790285141	0	0	0	0.554757131238438	0	0	0	0	0	0	0	0	0	0	0	0	0	0	0	0	0	0
0	0	0	0	0	0	0	0	0	0	0	0	0	0	0	0	0	0	0	0	0	0	0	0	0	0	0	0	0	0	0	0	0	0	0	0	0	0	0	0	0	0	0	0	0	0	0	0	0	0	0	0	0	0	0	0.583349735641571	0.758318814287763	0.659644288861311	0	0	0	0	0.891612457456394	0	0.52974850675187	0.869684628000814	0.870991698545817	0.859663803700133	0.572041703733061	0	0	0	0	0	0	0	0	0	0	0	0	0	0	0	0	0	0	0	0	0
0	0	0	0	0	0	0	0	0	0	0	0	0	0	0	0	0	0	0	0	0	0	0	0	0	0	0	0	0	0	0	0	0	0	0	0	0	0	0	0	0	0	0	0	0	0	0	0	0	0	0	0	0	0	0	0	0.71788678799384	0	0	0	0.653372684851019	0	0.898458453185578	0	0	0.649289873246531	0	0.639635095764741	0.933793000184527	0.660359366626288	0.515708064777774	0	0	0	0	0	0	0	0	0	0	0	0	0	0	0	0	0	0	0
0	0	0	0	0	0	0	0	0	0	0	0	0	0	0	0	0	0	0	0	0	0	0	0	0	0	0	0	0	0	0	0	0	0	0	0	0	0	0	0	0	0	0	0	0	0	0	0	0	0	0	0	0	0	0.561214853733953	0	0	0	0	0.526686623823035	0	0	0	0.553718455913617	0.756874080102724	0	0	0.880602027575198	0	0.954787056100976	0.714470211322741	0.505537998610899	0	0	0	0	0	0	0	0	0	0	0	0	0	0	0	0	0	0
0	0	0	0	0	0	0	0	0	0	0	0	0	0	0	0	0	0	0	0	0	0	0	0	0	0	0	0	0	0	0	0	0	0	0	0	0	0	0	0	0	0	0	0	0	0	0	0	0	0	0	0	0	0	0.884551310285316	0	0.759450051902022	0.569213116225919	0	0	0	0	0	0	0.514676034294185	0.981970694418321	0.605637601573143	0	0	0	0	0.640548123714613	0	0	0	0	0	0	0	0	0	0	0	0	0	0	0	0	0	0
0	0	0	0	0	0	0	0	0	0	0	0	0	0	0	0	0	0	0	0	0	0	0	0	0	0	0	0	0	0	0	0	0	0	0	0	0	0	0	0	0	0	0	0	0	0	0	0	0	0	0	0	0	0	0	0.504347061193058	0	0	0.615736918245582	0.502925052389828	0	0	0	0	0	0	0.888146305662974	0.827810239684565	0.91982385223112	0	0	0.599702531812639	0	0	0	0	0	0	0	0	0	0	0	0	0	0	0	0	0	0
0	0	0	0	0	0	0	0	0	0	0	0	0	0	0	0	0	0	0	0	0	0	0	0	0	0	0	0	0	0	0	0	0	0	0	0	0	0	0	0	0	0	0	0	0	0	0	0	0	0	0	0	0	0	0.793682881529717	0.821687310877947	0	0	0	0	0.83682054264386	0	0	0	0	0	0.767698071229055	0	0.893268795237543	0	0.818321891645047	0	0	0	0	0	0	0	0	0	0	0	0	0	0	0	0	0	0	0
0	0	0	0	0	0	0	0	0	0	0	0	0	0	0	0	0	0	0	0	0	0	0	0	0	0	0	0	0	0	0	0	0	0	0	0	0	0	0	0	0	0	0	0	0	0	0	0	0	0	0	0	0	0	0.720221025871052	0	0	0	0.94344679825175	0	0.687189929374011	0.913746729287781	0	0	0	0.607514116364118	0.769007369774501	0	0.602173274571408	0	0.99958010922932	0.695397073426728	0	0	0	0	0	0	0	0	0	0	0	0	0	0	0	0	0	0
0	0	0	0	0	0	0	0	0	0	0	0	0	0	0	0	0	0	0	0	0	0	0	0	0	0	0	0	0	0	0	0	0	0	0	0	0	0	0	0	0	0	0	0	0	0	0	0	0	0	0	0	0	0	0.945941640904215	0	0	0.753436941083592	0.984745143290241	0.611242608803717	0	0.548302017412627	0	0	0.825886215581131	0	0	0	0	0.693124072698679	0	0	0	0	0	0	0	0	0	0	0	0	0	0	0	0	0	0	0	0
0	0	0	0	0	0	0	0	0	0	0	0	0	0	0	0	0	0	0	0	0	0	0	0	0	0	0	0	0	0	0	0	0	0	0	0	0	0	0	0	0	0	0	0	0	0	0	0	0	0	0	0	0	0	0.588683808105341	0.61610571056796	0	0.898869980303342	0.621437777495674	0	0	0.698417324038848	0.615474246883653	0.98757908405751	0.905052083618161	0	0	0.734965685092361	0	0	0.627085727022754	0	0	0	0	0	0	0	0	0	0	0	0	0	0	0	0	0	0	0
0	0	0	0	0	0	0	0	0	0	0	0	0	0	0	0	0	0	0	0	0	0	0	0	0	0	0	0	0	0	0	0	0	0	0	0	0	0	0	0	0	0	0	0	0	0	0	0	0	0	0	0	0	0	0	0.64203169774863	0.612442804437428	0.565841396431549	0.908257433151061	0.616833572965556	0.905544777344293	0	0.881759001392135	0	0	0	0.855887187792552	0	0.911533017881307	0	0.52145068706423	0.633878123526819	0	0	0	0	0	0	0	0	0	0	0	0	0	0	0	0	0	0
0	0	0	0	0	0	0	0	0	0	0	0	0	0	0	0	0	0	0	0	0	0	0	0	0	0	0	0	0	0	0	0	0	0	0	0	0	0	0	0	0	0	0	0	0	0	0	0	0	0	0	0	0	0	0	0	0.862359164713663	0	0.69254918681741	0.981257942691955	0	0	0.74146223928262	0.504279504916411	0.843845389011981	0	0	0.869321748597803	0	0.7965780895769	0	0	0	0	0	0	0	0	0	0	0	0	0	0	0	0	0	0	0	0
0	0	0	0	0	0	0	0	0	0	0	0	0	0	0	0	0	0	0	0	0	0	0	0	0	0	0	0	0	0	0	0	0	0	0	0	0	0	0	0	0	0	0	0	0	0	0	0	0	0	0	0	0	0	0	0	0.718232777085698	0	0	0.560423266406286	0.907155814862511	0	0	0	0	0.90501537516364	0	0	0.927678625661728	0	0.638877896495186	0	0	0	0	0	0	0	0	0	0	0	0	0	0	0	0	0	0	0
0	0	0	0	0	0	0	0	0	0	0	0	0	0	0	0	0	0	0	0	0	0	0	0	0	0	0	0	0	0	0	0	0	0	0	0	0	0	0	0	0	0	0	0	0	0	0	0	0	0	0	0	0	0	0.980599360462954	0	0	0	0	0.675057194813371	0.621919699915334	0	0	0.934466316239452	0.718046236898461	0	0.977053221889576	0.550347671702636	0	0.605071441204264	0	0	0	0	0	0	0	0	0	0	0	0	0	0	0	0	0	0	0	0
0	0	0	0	0	0	0	0	0	0	0	0	0	0	0	0	0	0	0	0	0	0	0	0	0	0	0	0	0	0	0	0	0	0	0	0	0	0	0	0	0	0	0	0	0	0	0	0	0	0	0	0	0	0	0	0.872577472638672	0	0.874438196819664	0	0	0.928574232072739	0.977552808182884	0.543730204798326	0	0.981366406425912	0	0	0.687771994286773	0	0	0	0	0	0	0	0	0	0	0	0	0	0	0	0	0	0	0	0	0	0
0	0	0	0	0	0	0	0	0	0	0	0	0	0	0	0	0	0	0	0	0	0	0	0	0	0	0	0	0	0	0	0	0	0	0	0	0	0	0	0	0	0	0	0	0	0	0	0	0	0	0	0	0	0	0	0	0	0	0	0	0	0	0	0	0	0	0	0	0	0	0	0	0	0	0	0.756032758494168	0.652723416150545	0.966504322926941	0.906705775702713	0	0.989827020217242	0	0	0.715315473540653	0.703435115062953	0	0	0	0	0
0	0	0	0	0	0	0	0	0	0	0	0	0	0	0	0	0	0	0	0	0	0	0	0	0	0	0	0	0	0	0	0	0	0	0	0	0	0	0	0	0	0	0	0	0	0	0	0	0	0	0	0	0	0	0	0	0	0	0	0	0	0	0	0	0	0	0	0	0	0	0	0	0	0	0.918787623249665	0	0.718825740460766	0.862104937775632	0.920231515324225	0	0	0.653134947583987	0	0	0	0.629437885891807	0.668119815848217	0.715888075137317	0	0.998564892753145
0	0	0	0	0	0	0	0	0	0	0	0	0	0	0	0	0	0	0	0	0	0	0	0	0	0	0	0	0	0	0	0	0	0	0	0	0	0	0	0	0	0	0	0	0	0	0	0	0	0	0	0	0	0	0	0	0	0	0	0	0	0	0	0	0	0	0	0	0	0	0	0	0	0.73682731681294	0	0	0.758403743510226	0.906576290186993	0.786219883988416	0.84569552116313	0	0.93636463854464	0.934052601342341	0	0	0.803011027391642	0.691024860132955	0.764128571382013	0.535535736849203	0.877479537057348
0	0	0	0	0	0	0	0	0	0	0	0	0	0	0	0	0	0	0	0	0	0	0	0	0	0	0	0	0	0	0	0	0	0	0	0	0	0	0	0	0	0	0	0	0	0	0	0	0	0	0	0	0	0	0	0	0	0	0	0	0	0	0	0	0	0	0	0	0	0	0	0	0.83984027434016	0	0	0	0.666344834334702	0.796841806946366	0.711193305483587	0.838740028610184	0	0.917090504930913	0	0	0.949727569412586	0	0	0	0.981317705985826	0.77534569523078
0	0	0	0	0	0	0	0	0	0	0	0	0	0	0	0	0	0	0	0	0	0	0	0	0	0	0	0	0	0	0	0	0	0	0	0	0	0	0	0	0	0	0	0	0	0	0	0	0	0	0	0	0	0	0	0	0	0	0	0	0	0	0	0	0	0	0	0	0	0	0	0	0.548048826527684	0.914565279892635	0.854399727672615	0.72478066057341	0	0.862889013895638	0	0.757993499525969	0	0.616669581176638	0	0.990639002023407	0.868112684047141	0.745409280554299	0.622929522927141	0	0.595333335564572	0.544221640357684
0	0	0	0	0	0	0	0	0	0	0	0	0	0	0	0	0	0	0	0	0	0	0	0	0	0	0	0	0	0	0	0	0	0	0	0	0	0	0	0	0	0	0	0	0	0	0	0	0	0	0	0	0	0	0	0	0	0	0	0	0	0	0	0	0	0	0	0	0	0	0	0	0.97173327690966	0.815059438932868	0.762815228864558	0.824992750085356	0.819338746251653	0	0.866721727152077	0.930401340860408	0.758719873053469	0	0.747231265691727	0	0.630709510191781	0	0	0	0.953818370801161	0
0	0	0	0	0	0	0	0	0	0	0	0	0	0	0	0	0	0	0	0	0	0	0	0	0	0	0	0	0	0	0	0	0	0	0	0	0	0	0	0	0	0	0	0	0	0	0	0	0	0	0	0	0	0	0	0	0	0	0	0	0	0	0	0	0	0	0	0	0	0	0	0	0.545264055645838	0.734866695811692	0.596806893164791	0.647926404476356	0	0.656783005799914	0	0.748766446352762	0.567171611625728	0.864606109239449	0	0	0	0	0.920181633855209	0	0	0.900307381316079
0	0	0	0	0	0	0	0	0	0	0	0	0	0	0	0	0	0	0	0	0	0	0	0	0	0	0	0	0	0	0	0	0	0	0	0	0	0	0	0	0	0	0	0	0	0	0	0	0	0	0	0	0	0	0	0	0	0	0	0	0	0	0	0	0	0	0	0	0	0	0	0	0	0	0.718814086266478	0.848489133294757	0.903134980209187	0.985413249067908	0.775306682206353	0	0.918199071095258	0	0	0	0.80480136219173	0	0.987513886777789	0.847306844619875	0	0.733884422927299
0	0	0	0	0	0	0	0	0	0	0	0	0	0	0	0	0	0	0	0	0	0	0	0	0	0	0	0	0	0	0	0	0	0	0	0	0	0	0	0	0	0	0	0	0	0	0	0	0	0	0	0	0	0	0	0	0	0	0	0	0	0	0	0	0	0	0	0	0	0	0	0	0.706876753487583	0	0	0	0	0.901226945307271	0.756584687802685	0.629654382213396	0	0.839594975343183	0.71212628668006	0.682288210594696	0	0.944941109764546	0.635937454004322	0	0.617423824413566	0
0	0	0	0	0	0	0	0	0	0	0	0	0	0	0	0	0	0	0	0	0	0	0	0	0	0	0	0	0	0	0	0	0	0	0	0	0	0	0	0	0	0	0	0	0	0	0	0	0	0	0	0	0	0	0	0	0	0	0	0	0	0	0	0	0	0	0	0	0	0	0	0	0	0.651264818845211	0.771550805431291	0.78622889198028	0.839320699172825	0	0.985369046891842	0	0.531559458559675	0	0.914800619542303	0.865087070526702	0.686948619441975	0.739913598582975	0	0	0	0.654322648342827
0	0	0	0	0	0	0	0	0	0	0	0	0	0	0	0	0	0	0	0	0	0	0	0	0	0	0	0	0	0	0	0	0	0	0	0	0	0	0	0	0	0	0	0	0	0	0	0	0	0	0	0	0	0	0	0	0	0	0	0	0	0	0	0	0	0	0	0	0	0	0	0	0	0	0.516080309074994	0	0	0.801165215907233	0	0	0.951568323191368	0.786924235661698	0	0.638341736892536	0.637368861619015	0	0.869541331306725	0.550506019435996	0	0.512063733353107
0	0	0	0	0	0	0	0	0	0	0	0	0	0	0	0	0	0	0	0	0	0	0	0	0	0	0	0	0	0	0	0	0	0	0	0	0	0	0	0	0	0	0	0	0	0	0	0	0	0	0	0	0	0	0	0	0	0	0	0	0	0	0	0	0	0	0	0	0	0	0	0	0.737057025236261	0	0	0	0.925199646035496	0	0	0	0.838699987301915	0.997454908583312	0.838156973403287	0	0	0	0.853167799776977	0.779968715938128	0.990837054369107	0
0	0	0	0	0	0	0	0	0	0	0	0	0	0	0	0	0	0	0	0	0	0	0	0	0	0	0	0	0	0	0	0	0	0	0	0	0	0	0	0	0	0	0	0	0	0	0	0	0	0	0	0	0	0	0	0	0	0	0	0	0	0	0	0	0	0	0	0	0	0	0	0	0.532794873165009	0	0	0.858857990006472	0.650495927967694	0.873975157264468	0	0.998925203258675	0	0.64685072050283	0.906553871853069	0	0	0.733307603109149	0.580113537426987	0	0.851750456221154	0.750302884630914
0	0	0	0	0	0	0	0	0	0	0	0	0	0	0	0	0	0	0	0	0	0	0	0	0	0	0	0	0	0	0	0	0	0	0	0	0	0	0	0	0	0	0	0	0	0	0	0	0	0	0	0	0	0	0	0	0	0	0	0	0	0	0	0	0	0	0	0	0	0	0	0	0	0.755119922028699	0.856752534351275	0	0.532598702013824	0	0	0	0.824721635513949	0.744783172473866	0	0	0.746452506780932	0	0	0.634166706062128	0.829241060965871	0
0	0	0	0	0	0	0	0	0	0	0	0	0	0	0	0	0	0	0	0	0	0	0	0	0	0	0	0	0	0	0	0	0	0	0	0	0	0	0	0	0	0	0	0	0	0	0	0	0	0	0	0	0	0	0	0	0	0	0	0	0	0	0	0	0	0	0	0	0	0	0	0	0	0.58529018134776	0.607741911519477	0	0.537096616041245	0	0.50740646692506	0.565567439946075	0.769321437758304	0	0.925190498809993	0.798258476053627	0.836308849817028	0	0	0.905130937277361	0.923965575463197	0.513278410859803
0	0	0	0	0	0	0	0	0	0	0	0	0	0	0	0	0	0	0	0	0	0	0	0	0	0	0	0	0	0	0	0	0	0	0	0	0	0	0	0	0	0	0	0	0	0	0	0	0	0	0	0	0	0	0	0	0	0	0	0	0	0	0	0	0	0	0	0	0	0	0	0	0	0.779269362028985	0.707586674253988	0	0	0	0	0.668025592302103	0	0	0.543954838576797	0.978502494522175	0	0.837874191611553	0.830958143250866	0	0.903497475685221	0
0	0	0	0	0	0	0	0	0	0	0	0	0	0	0	0	0	0	0	0	0	0	0	0	0	0	0	0	0	0	0	0	0	0	0	0	0	0	0	0	0	0	0	0	0	0	0	0	0	0	0	0	0	0	0	0	0	0	0	0	0	0	0	0	0	0	0	0	0	0	0	0	0	0	0.878024562674371	0.876597579197138	0.633048551757708	0.990020465997288	0	0	0.68617805333054	0	0	0.918405542247292	0.893870509723546	0.937647031351837	0.787839963460658	0.751276058075775	0	0.505089540725458
0	0	0	0	0	0	0	0	0	0	0	0	0	0	0	0	0	0	0	0	0	0	0	0	0	0	0	0	0	0	0	0	0	0	0	0	0	0	0	0	0	0	0	0	0	0	0	0	0	0	0	0	0	0	0	0	0	0	0	0	0	0	0	0	0	0	0	0	0	0	0	0	0	0.50714177524319	0.939111649691686	0.860054223447763	0.923737235295439	0	0.7861538953284	0.603276783872185	0	0.997615749993145	0.702574725164914	0	0.646111365027308	0	0.928872948217292	0	0.880294328063929	0
