0	0.573054399373223	0.537029878569216	0.579789739395722	0.798534741641979	0	0	0	0	0	0	0	0	0	0	0	0	0	0	0	0	0	0	0	0	0	0	0	0	0.726894694457719	0	0	0	0	0	0	0	0	0	0	0	0	0	0	0	0	0	0	0	0	0	0	0	0	0	0	0	0	0	0	0	0	0	0	0	0	0	0	0	0	0	0	0	0	0	0	0	0	0	0	0	0	0	0	0	0	0	0	0	0
0.734434505768933	0	0.577978456967578	0.774937265433715	0.710905781922817	0.776005436762566	0	0	0	0	0	0	0	0	0	0	0	0.958682317497462	0	0	0	0	0.684425924908999	0	0	0	0	0.964268501609579	0.918655289330682	0	0	0	0	0	0	0	0	0	0	0	0	0	0	0	0	0	0	0	0	0	0	0	0	0	0	0	0	0	0	0	0	0	0	0	0	0	0	0	0	0	0	0	0	0	0	0	0	0	0	0	0	0	0	0	0	0	0	0	0	0
0.882936949935787	0.898406215426013	0	0.533424656938383	0	0.677097520951432	0.862669971131977	0	0	0	0	0	0.649221842437556	0	0	0	0	0	0	0.618163257805497	0	0	0	0	0	0	0	0	0.838046399550359	0.949790519014424	0	0	0	0	0	0	0	0	0	0	0	0	0	0	0	0	0	0	0	0	0	0	0	0	0	0	0	0	0	0	0	0	0	0	0	0	0	0	0	0	0	0	0	0	0	0	0	0	0	0	0	0	0	0	0	0	0	0	0	0
0.748730631440962	0.636621726858418	0.689811686542395	0	0.545547314727213	0.652549999596284	0.662810734528961	0.741358658547476	0	0	0	0	0.844706172346176	0	0	0	0	0	0	0	0	0	0	0	0	0	0	0	0	0	0	0	0	0	0	0	0	0	0	0	0	0	0	0	0	0	0	0	0	0	0	0	0	0	0	0	0	0	0	0	0	0	0	0	0	0	0	0	0	0	0	0	0	0	0	0	0	0	0	0	0	0	0	0	0	0	0	0	0	0
0.864279330902503	0.529589047384129	0	0.537834991178469	0	0.869162240957144	0.531396051646692	0.702541911548233	0	0	0	0	0	0	0	0	0	0	0	0	0	0	0	0	0	0	0	0	0.846294496324614	0	0	0	0	0	0	0	0	0	0	0	0	0	0	0	0	0	0	0	0	0	0	0	0	0	0	0	0	0	0	0	0	0	0	0	0	0	0	0	0	0	0	0	0	0	0	0	0	0	0	0	0	0	0	0	0	0	0	0	0	0
0	0.605921587598331	0.721320594968002	0.553741321569668	0.657985746748074	0	0.942443800411187	0.663617486201088	0.839025827435299	0.975383105698561	0	0	0	0	0	0	0	0	0	0	0	0	0	0	0	0	0	0	0	0	0	0	0	0	0	0	0	0	0	0	0	0	0	0	0	0	0	0	0	0	0	0	0	0	0	0	0	0	0	0	0	0	0	0	0	0	0	0	0	0	0	0	0	0	0	0	0	0	0	0	0	0	0	0	0	0	0	0	0	0
0	0	0.696274131628019	0.542932040424847	0.568114255828254	0.643498542765265	0	0	0.758790938749074	0	0.531192767043793	0	0	0.827011135599786	0	0	0	0	0	0	0	0	0	0	0.956003714124866	0	0	0	0	0	0	0	0	0	0	0	0	0	0	0	0	0	0	0	0	0	0	0	0	0	0	0	0	0	0	0	0	0	0	0	0	0	0	0	0	0	0	0	0	0	0	0	0	0	0	0	0	0	0	0	0	0	0	0	0	0	0	0	0	0
0	0	0	0.569715330609356	0.674862923390583	0.906648835749974	0	0	0.509277381805501	0.731581204843984	0.702214499140983	0.893866202284999	0	0	0	0	0	0	0	0	0	0	0	0	0	0	0	0	0.515010766084675	0.801915649766474	0	0	0	0	0	0	0	0	0	0	0	0	0	0	0	0	0	0	0	0	0	0	0	0	0	0	0	0	0	0	0	0	0	0	0	0	0	0	0	0	0	0	0	0	0	0	0	0	0	0	0	0	0	0	0	0	0	0	0	0
0	0	0	0	0	0.779789359389219	0.701051372155701	0.857049472379315	0	0.562824822952206	0.668380247242417	0.869845972590655	0	0	0	0	0.658935998142895	0	0	0	0	0	0	0	0	0	0	0	0.51876556063653	0	0	0	0	0	0	0	0	0	0	0	0	0	0	0	0	0	0	0	0	0	0	0	0	0	0	0	0	0	0	0	0	0	0	0	0	0	0	0	0	0	0	0	0	0	0	0	0	0	0	0	0	0	0	0	0	0	0	0	0	0
0	0	0	0	0	0.684679089439939	0	0.791415752464373	0.701904663717838	0	0	0.937509000564299	0	0.965717907750684	0	0	0	0	0	0	0	0	0	0	0	0	0	0.8300765547943	0	0	0	0	0	0	0	0	0	0	0	0	0	0	0	0	0	0	0	0	0	0	0	0	0	0	0	0	0	0	0	0	0	0	0	0	0	0	0	0	0	0	0	0	0	0	0	0	0	0	0	0	0	0	0	0	0	0	0	0	0	0
0	0	0	0	0	0	0.618807470834081	0.643905460383234	0.551544412600426	0	0	0.830223490064281	0.617223675319039	0.733586096294724	0	0	0	0	0	0	0	0.943635178331232	0	0	0	0	0	0	0	0	0	0	0	0	0	0	0	0	0	0	0	0	0	0	0	0	0	0	0	0	0	0	0	0	0	0	0	0	0	0	0	0	0	0	0	0	0	0	0	0	0	0	0	0	0	0	0	0	0	0	0	0	0	0	0	0	0	0	0	0
0	0	0	0	0	0	0	0.969020995416291	0.536731216914121	0.939316060325939	0.579572801073512	0	0.905456043460031	0.876319496866922	0.736316550456173	0.788068153336046	0	0	0	0	0	0	0	0	0	0	0	0.528498160581414	0	0.701348086162368	0	0	0	0	0	0	0	0	0	0	0	0	0	0	0	0	0	0	0	0	0	0	0	0	0	0	0	0	0	0	0	0	0	0	0	0	0	0	0	0	0	0	0	0	0	0	0	0	0	0	0	0	0	0	0	0	0	0	0	0
0	0	0.643407671223203	0.904016836200807	0	0	0	0	0	0	0.6707292617168	0.575007337772739	0	0.914476772552832	0	0	0.65702873639705	0	0	0	0	0	0	0	0	0	0	0	0.914520111941691	0	0	0	0	0	0	0	0	0	0	0	0	0	0	0	0	0	0	0	0	0	0	0	0	0	0	0	0	0	0	0	0	0	0	0	0	0	0	0	0	0	0	0	0	0	0	0	0	0	0	0	0	0	0	0	0	0	0	0	0	0
0	0	0	0	0	0	0.930652306895366	0	0	0.569813728106799	0.840819562411615	0.572007522675546	0.547604827063153	0	0.512388791581347	0.543784663175739	0	0	0	0	0	0	0	0	0	0.898648132377086	0	0	0	0	0	0	0	0	0	0	0	0	0	0	0	0	0	0	0	0	0	0	0	0	0	0	0	0	0	0	0	0	0	0	0	0	0	0	0	0	0	0	0	0	0	0	0	0	0	0	0	0	0	0	0	0	0	0	0	0	0	0	0	0
0	0	0	0	0	0	0	0	0	0	0	0.641148995914092	0	0.595641887666119	0	0.688762854209379	0.94692193519208	0	0.711177888105928	0	0	0.91545161446079	0	0	0	0	0	0	0.787379201695313	0	0	0	0	0	0	0	0	0	0	0	0	0	0	0	0	0	0	0	0	0	0	0	0	0	0	0	0	0	0	0	0	0	0	0	0	0	0	0	0	0	0	0	0	0	0	0	0	0	0	0	0	0	0	0	0	0	0	0	0	0
0	0	0	0	0	0	0	0	0	0	0	0.625591716657132	0	0.880852356759903	0.68173008967062	0	0	0	0.989073542600242	0.997764517095861	0	0.8362084838726	0	0.583865274170797	0	0	0	0	0	0	0	0	0	0	0	0	0	0	0	0	0	0	0	0	0	0	0	0	0	0	0	0	0	0	0	0	0	0	0	0	0	0	0	0	0	0	0	0	0	0	0	0	0	0	0	0	0	0	0	0	0	0	0	0	0	0	0	0	0	0
0	0	0	0	0	0	0	0	0.571146517184154	0	0	0	0.614534545315241	0	0.975309337190782	0	0	0.849331728874817	0.620426718027115	0	0.758102329531876	0	0	0	0	0	0	0	0	0	0	0	0	0	0	0	0	0	0	0	0	0	0	0	0	0	0	0	0	0	0	0	0	0	0	0	0	0	0	0	0	0	0	0	0	0	0	0	0	0	0	0	0	0	0	0	0	0	0	0	0	0	0	0	0	0	0	0	0	0
0	0.996876905630917	0	0	0	0	0	0	0	0	0	0	0	0	0	0	0.727384998332693	0	0.856980729570561	0	0.995626060363268	0.551145399606099	0	0	0	0.770152095519043	0	0	0	0	0	0	0	0	0	0	0	0	0	0	0	0	0	0	0	0	0	0	0	0	0	0	0	0	0	0	0	0	0	0	0	0	0	0	0	0	0	0	0	0	0	0	0	0	0	0	0	0	0	0	0	0	0	0	0	0	0	0	0	0
0	0	0	0	0	0	0	0	0	0	0	0	0	0	0.896204397186213	0.806292880130493	0.936415797733452	0.762954096947983	0	0.526933401350067	0	0.642013415785438	0.982900368330388	0	0	0	0	0	0	0	0	0	0	0	0	0	0	0	0	0	0	0	0	0	0	0	0	0	0	0	0	0	0	0	0	0	0	0	0	0	0	0	0	0	0	0	0	0	0	0	0	0	0	0	0	0	0	0	0	0	0	0	0	0	0	0	0	0	0	0
0	0	0.667027480034289	0	0	0	0	0	0	0	0	0	0	0	0	0.843325378060249	0	0	0.90041520143216	0	0.753587524617902	0.621637043614883	0.657019367955783	0.918376546306895	0	0	0	0	0	0	0	0	0	0	0	0	0	0	0	0	0	0	0	0	0	0	0	0	0	0	0	0	0	0	0	0	0	0	0	0	0	0	0	0	0	0	0	0	0	0	0	0	0	0	0	0	0	0	0	0	0	0	0	0	0	0	0	0	0	0
0	0	0	0	0	0	0	0	0	0	0	0	0	0	0	0	0.745713468120393	0.514729035458265	0	0.766631646345598	0	0.7519797036384	0.662812860312493	0.82998281540187	0.958139066530357	0	0	0	0	0	0	0	0	0	0	0	0	0	0	0	0	0	0	0	0	0	0	0	0	0	0	0	0	0	0	0	0	0	0	0	0	0	0	0	0	0	0	0	0	0	0	0	0	0	0	0	0	0	0	0	0	0	0	0	0	0	0	0	0	0
0	0	0	0	0	0	0	0	0	0	0.887370641497156	0	0	0	0.528051019538909	0.809583953084003	0	0.810188322668791	0.799865132294784	0.613861966229234	0.865469010360024	0	0.760363259987073	0.778679780454358	0.606483023688649	0.531156675111281	0.828704847479966	0	0	0	0	0	0	0	0	0	0	0	0	0	0	0	0	0	0	0	0	0	0	0	0	0	0	0	0	0	0	0	0	0	0	0	0	0	0	0	0	0	0	0	0	0	0	0	0	0	0	0	0	0	0	0	0	0	0	0	0	0	0	0
0	0.993194083651075	0	0	0	0	0	0	0	0	0	0	0	0	0	0	0	0	0.675788490644063	0.525943153544362	0.523123139285077	0.590387232892466	0	0.955373628246476	0	0.719923539804283	0.596476957099586	0.905494329067413	0.598739461563256	0	0	0	0	0	0	0	0	0	0	0	0	0	0	0	0	0	0	0	0	0	0	0	0	0	0	0	0	0	0	0	0	0	0	0	0	0	0	0	0	0	0	0	0	0	0	0	0	0	0	0	0	0	0	0	0	0	0	0	0	0
0	0	0	0	0	0	0	0	0	0	0	0	0	0	0	0.667966238996115	0	0	0	0.528212556740374	0.743468827204262	0.915730329994535	0.777837002406779	0	0.536991576744473	0.839608621126569	0.504907523363379	0.6089783757388	0	0	0	0	0	0	0	0	0	0	0	0	0	0	0	0	0	0	0	0	0	0	0	0	0	0	0	0	0	0	0	0	0	0	0	0	0	0	0	0	0	0	0	0	0	0	0	0	0	0	0	0	0	0	0	0	0	0	0	0	0	0
0	0	0	0	0	0	0.818151539985326	0	0	0	0	0	0	0	0	0	0	0	0	0	0.798034905430908	0.745099514513917	0	0.726446096542215	0	0.649167187813468	0.917619207980796	0.855593149844626	0.939045959986892	0	0	0	0	0	0	0	0	0	0	0	0	0	0	0	0	0	0	0	0	0	0	0	0	0	0	0	0	0	0	0	0	0	0	0	0	0	0	0	0	0	0	0	0	0	0	0	0	0	0	0	0	0	0	0	0	0	0	0	0	0
0	0	0	0	0	0	0	0	0	0	0	0	0	0.744174433000194	0	0	0	0.582296347881767	0	0	0	0.775342620813045	0.617249422185015	0.860962615851498	0.86591721240203	0	0.735603043452881	0.890990006830701	0.619371760396497	0	0	0	0	0	0	0	0	0	0	0	0	0	0	0	0	0	0	0	0	0	0	0	0	0	0	0	0	0	0	0	0	0	0	0	0	0	0	0	0	0	0	0	0	0	0	0	0	0	0	0	0	0	0	0	0	0	0	0	0	0
0	0	0	0	0	0	0	0	0	0	0	0	0	0	0	0	0	0	0	0	0	0.751200417652161	0.728271246924715	0.968277768889815	0.939963805026685	0.872459548189434	0	0.694790380258699	0.752460385369042	0.589729964906439	0	0	0	0	0	0	0	0	0	0	0	0	0	0	0	0	0	0	0	0	0	0	0	0	0	0	0	0	0	0	0	0	0	0	0	0	0	0	0	0	0	0	0	0	0	0	0	0	0	0	0	0	0	0	0	0	0	0	0	0
0	0.742163607470109	0	0	0	0	0	0	0	0.871074754547011	0	0.88462261317596	0	0	0	0	0	0	0	0	0	0	0.896943203528855	0.988003893934513	0.674636036382422	0.874417752817275	0.765649224530998	0	0.743254992931063	0.896051380581761	0	0	0	0	0	0	0	0	0	0	0	0	0	0	0	0	0	0	0	0	0	0	0	0	0	0	0	0	0	0	0	0	0	0	0	0	0	0	0	0	0	0	0	0	0	0	0	0	0	0	0	0	0	0	0	0	0	0	0	0
0	0.547265425966407	0.571737356800647	0	0.692834707500454	0	0	0.733590352926704	0.778620346189095	0	0	0	0.929369904245413	0	0.864919714126592	0	0	0	0	0	0	0	0.513571447595746	0	0.620706718051048	0.990376148078474	0.778091469881968	0.845236017246727	0	0	0	0	0	0	0	0	0	0	0	0	0	0	0	0	0	0	0	0	0	0	0	0	0	0	0	0	0	0	0	0	0	0	0	0	0	0	0	0	0	0	0	0	0	0	0	0	0	0	0	0	0	0	0	0	0	0	0	0	0	0
0.901500008719994	0	0.600446086344245	0	0	0	0	0.508349112098077	0	0	0	0.541986621204869	0	0	0	0	0	0	0	0	0	0	0	0	0	0	0.565200851159725	0.657892120785617	0	0	0	0	0	0	0	0	0	0	0	0	0	0	0	0	0	0	0	0	0	0	0	0	0	0	0	0	0	0	0	0	0	0	0	0	0	0	0	0	0	0	0	0	0	0	0	0	0	0	0	0	0	0	0	0	0	0	0	0	0	0
0	0	0	0	0	0	0	0	0	0	0	0	0	0	0	0	0	0	0	0	0	0	0	0	0	0	0	0	0	0	0	0.822978702138819	0.528395907356481	0.733030600010289	0.744202372704468	0.921349162020707	0	0	0	0	0	0	0	0	0	0	0	0	0	0	0	0	0	0	0	0	0.960417004596389	0.864035384800272	0.628508754223054	0.540050059614007	0	0	0	0	0	0	0	0	0	0	0	0	0	0	0	0	0	0	0	0	0	0	0	0	0	0	0	0	0	0
0	0	0	0	0	0	0	0	0	0	0	0	0	0	0	0	0	0	0	0	0	0	0	0	0	0	0	0	0	0	0.65883640073284	0	0.708130608926336	0.825333775875392	0.905497748929044	0.520116000422076	0.683535788744333	0	0	0	0	0	0	0	0	0	0	0	0	0	0	0	0	0	0	0	0	0.951675870145697	0	0.786513454526848	0	0	0	0	0	0	0	0	0	0	0	0	0	0	0	0	0	0	0	0	0	0	0	0	0	0	0	0	0	0
0	0	0	0	0	0	0	0	0	0	0	0	0	0	0	0	0	0	0	0	0	0	0	0	0	0	0	0	0	0	0.856321449976531	0.581439442118294	0	0.771347563973412	0.953793199741092	0.917446505105259	0.805768838951344	0.633224050099942	0	0	0	0	0	0	0	0	0	0	0	0	0	0	0	0	0	0	0	0.72104536298564	0.56970536636684	0.610038837269645	0	0	0	0	0	0	0	0	0	0	0	0	0	0	0	0	0	0	0	0	0	0	0	0	0	0	0	0	0	0
0	0	0	0	0	0	0	0	0	0	0	0	0	0	0	0	0	0	0	0	0	0	0	0	0	0	0	0	0	0	0.696318192166488	0.59789474647904	0.89387280068712	0	0.955675150030235	0.528202949727689	0.831051293331853	0.792934156298603	0.746762145792893	0	0	0	0	0	0	0	0	0	0	0	0	0	0	0	0	0.743626890405735	0	0	0.699162074199702	0.995494517395081	0	0	0	0	0	0	0	0	0	0	0	0	0	0	0	0	0	0	0	0	0	0	0	0	0	0	0	0	0	0
0	0	0	0	0	0	0	0	0	0	0	0	0	0	0	0	0	0	0	0	0	0	0	0	0	0	0	0	0	0	0.680315580460067	0.644792323284056	0.624924874492475	0.526764934453018	0	0.860154943007478	0.943597493671902	0.860951686992276	0	0.958020695448744	0.854563069138391	0	0	0	0	0	0	0	0	0	0	0	0	0	0	0	0	0	0	0.913344833112736	0	0	0	0	0	0	0	0	0	0	0	0	0	0	0	0	0	0	0	0	0	0	0	0	0	0	0	0	0	0
0	0	0	0	0	0	0	0	0	0	0	0	0	0	0	0	0	0	0	0	0	0	0	0	0	0	0	0	0	0	0.87258252495203	0.826600005160169	0.848843341895088	0.99945485506932	0.545238084259152	0	0.937673816920101	0.741834594525753	0	0.628806975427265	0.753841509442049	0	0	0	0	0	0	0	0	0	0	0	0.742247746325006	0	0	0	0	0	0	0	0	0	0	0	0	0	0	0	0	0	0	0	0	0	0	0	0	0	0	0	0	0	0	0	0	0	0	0	0	0
0	0	0	0	0	0	0	0	0	0	0	0	0	0	0	0	0	0	0	0	0	0	0	0	0	0	0	0	0	0	0	0.881642793776597	0.591561475150233	0.737694553911985	0.697466229941016	0.599059158236678	0	0.599311005643	0.657573745989096	0.608461380166046	0.751890757115313	0.561172121312471	0	0.926045463622955	0	0	0	0	0	0	0	0	0	0	0	0	0	0	0	0	0	0	0	0	0	0	0	0	0	0	0	0	0	0	0	0	0	0	0	0	0	0	0	0	0	0	0	0	0	0
0	0	0	0	0	0	0	0	0	0	0	0	0	0	0	0	0	0	0	0	0	0	0	0	0	0	0	0	0	0	0	0	0.846139297179434	0.642293978757761	0.754812039914911	0.602735887376089	0.588073754112294	0	0.576800319499818	0.70447489321519	0.643888152494146	0.956030256336159	0	0	0	0	0	0	0	0	0	0	0.743047732549619	0	0	0.597720214153676	0	0	0.617800972277159	0	0	0	0	0	0	0	0	0	0	0	0	0	0	0	0	0	0	0	0	0	0	0	0	0	0	0	0	0	0	0
0	0	0	0	0	0	0	0	0	0	0	0	0	0	0	0	0	0	0	0	0	0	0	0	0	0	0	0	0	0	0	0	0	0.883549872237872	0	0	0.765328535948428	0.514895582241015	0	0.768392762952461	0.708035872941575	0.544459091724996	0.657273209622762	0.773779653241257	0	0	0	0	0	0	0	0	0	0	0	0	0	0	0	0	0	0	0	0	0	0	0	0	0	0	0	0	0	0	0	0	0	0	0	0	0	0	0	0	0	0	0	0	0	0
0	0	0	0	0	0	0	0	0	0	0	0	0	0	0	0	0	0	0	0	0	0	0	0	0	0	0	0	0	0	0	0	0	0	0.683224548817242	0.594655745452705	0.737405742847204	0.799144012981968	0.946144971679357	0	0.533488456879803	0.959837701782047	0.514259432574802	0.681176374454412	0.510294486007793	0	0	0	0	0	0	0	0	0	0	0	0	0	0	0	0	0	0	0	0	0	0	0	0	0	0	0	0	0	0	0	0	0	0	0	0	0	0	0	0	0	0	0	0	0
0	0	0	0	0	0	0	0	0	0	0	0	0	0	0	0	0	0	0	0	0	0	0	0	0	0	0	0	0	0	0	0	0	0	0.694476287761221	0.79495949933879	0.778443171727156	0.923972241287385	0.984756987249472	0.785215576621765	0	0.892328101002623	0.960271054903368	0.976980125972326	0.54308917225482	0.894935095576195	0	0	0	0	0	0	0	0.521421203196064	0	0	0	0	0	0	0	0	0	0	0	0	0	0	0	0	0	0	0	0	0	0	0	0	0	0	0	0	0	0	0	0	0	0	0	0
0	0	0	0	0	0	0	0	0	0	0	0	0	0	0	0	0	0	0	0	0	0	0	0	0	0	0	0	0	0	0	0	0	0	0	0	0.527540879330562	0.581009379471575	0.572536369859398	0.924192813424474	0.63033790849392	0	0.53644746084906	0.846991419158375	0.542472560038124	0	0.930240243311321	0	0	0	0	0.725009562301642	0	0	0	0	0.586519710021938	0	0	0	0	0	0	0	0	0	0	0	0	0	0	0	0	0	0	0	0	0	0	0	0	0	0	0	0	0	0	0	0	0
0	0	0	0	0	0	0	0	0	0	0	0	0	0	0	0	0	0	0	0	0	0	0	0	0	0	0	0	0	0	0	0	0	0	0	0	0	0	0.770043228895404	0.973797798016379	0.510923201972067	0.776123322627062	0	0.760182455711484	0.658550037778774	0.519425257426147	0.64805164880699	0.67923196547085	0	0	0	0	0	0	0	0.616206110950214	0	0	0	0	0	0	0	0	0	0	0	0	0	0	0	0	0	0	0	0	0	0	0	0	0	0	0	0	0	0	0	0	0	0
0	0	0	0	0	0	0	0	0	0	0	0	0	0	0	0	0	0	0	0	0	0	0	0	0	0	0	0	0	0	0	0	0	0	0	0	0.587719241216599	0	0.69422914657275	0.994565552301954	0.523734302207328	0.588938268909829	0.592285967646085	0	0.550062682973784	0.939921530285805	0.850331838624876	0.731523277001811	0	0	0	0	0	0	0	0	0	0	0	0	0	0	0	0	0	0	0	0	0	0	0	0	0	0	0	0	0	0	0	0	0	0	0	0	0	0	0	0	0	0
0	0	0	0	0	0	0	0	0	0	0	0	0	0	0	0	0	0	0	0	0	0	0	0	0	0	0	0	0	0	0	0	0	0	0	0	0	0	0	0.908504241439509	0.677676783731098	0.975648461846473	0.578348085355149	0.81299570179839	0	0.905813826868321	0.563915530006546	0.9378754139444	0.98546792228106	0.768166056073339	0	0	0	0	0	0	0	0	0	0	0	0	0	0	0	0	0	0	0	0	0	0	0	0	0	0	0	0	0	0	0	0	0	0	0	0	0	0	0	0
0	0	0	0	0	0	0	0	0	0	0	0	0	0	0	0	0	0	0	0	0	0	0	0	0	0	0	0	0	0	0	0	0	0	0	0	0	0	0	0	0.694940142224079	0	0.994495085311475	0.706008496469153	0.909339033326531	0	0.712781306309624	0.537510020653451	0.517350800140294	0.734186145917301	0.965448911057133	0	0	0	0	0	0	0	0	0	0	0	0	0	0	0	0	0	0	0	0	0	0	0	0	0	0	0	0	0	0	0	0	0	0	0	0	0	0	0
0	0	0	0	0	0	0	0	0	0	0	0	0	0	0	0	0	0	0	0	0	0	0	0	0	0	0	0	0	0	0	0	0	0	0	0	0	0	0	0	0	0.847480557763095	0.879887291316398	0.844307197025343	0.932770650349513	0.706608227322228	0	0.745417273760012	0.89214963846894	0.605579496385459	0.560568838120253	0.604209577827979	0.943330721131247	0	0	0	0	0	0	0	0	0	0	0	0	0	0	0	0	0	0	0	0	0	0	0	0	0	0	0	0	0	0	0	0	0	0	0	0	0
0	0	0	0	0	0	0	0	0	0	0	0	0	0	0	0	0	0	0	0	0	0	0	0	0	0	0	0	0	0	0	0	0	0	0	0	0	0	0	0	0	0	0.83479582171989	0.557372786771262	0.753658822602898	0.692317660470633	0.56360569577368	0	0.687990699246525	0.618552936623777	0	0.91000366164123	0.898063515358038	0	0	0	0	0	0.843383112718665	0	0	0	0	0	0	0	0	0	0	0	0	0	0	0	0	0	0	0	0	0	0	0	0	0	0	0	0	0	0	0
0	0	0	0	0	0	0	0	0	0	0	0	0	0	0	0	0	0	0	0	0	0	0	0	0	0	0	0	0	0	0	0	0	0	0	0	0	0	0	0	0	0	0	0	0.894011502017298	0.83037072943858	0.861741990775112	0.883599050705867	0	0	0.717498638762607	0.949425056711023	0.836131348808064	0.541387845998885	0	0.941235372030594	0	0	0	0	0	0	0	0	0	0	0	0	0	0	0	0	0	0	0	0	0	0	0	0	0	0	0	0	0	0	0	0	0	0
0	0	0	0	0	0	0	0	0	0	0	0	0	0	0	0	0	0	0	0	0	0	0	0	0	0	0	0	0	0	0	0	0	0	0	0	0	0	0	0	0	0	0	0	0.560568345509422	0.822441405117136	0.539354434654384	0.833951272601355	0	0	0.762023444806362	0.70427079976697	0.559075270992933	0.838368345201331	0.900914598364318	0	0	0	0	0	0	0	0	0	0	0	0	0	0	0	0	0	0	0	0	0	0	0	0	0	0	0	0	0	0	0	0	0	0	0
0	0	0	0	0	0	0	0	0	0	0	0	0	0	0	0	0	0	0	0	0	0	0	0	0	0	0	0	0	0	0	0	0	0	0	0	0	0	0	0	0	0	0	0	0	0.883649094896729	0.558186702668386	0	0.696012129907039	0.638563644167113	0	0.591300124376824	0.978979686189261	0.706711659246002	0	0.642088566617248	0.774655198530836	0	0	0	0	0	0	0	0	0	0	0	0	0	0	0	0	0	0	0	0	0	0	0	0	0	0	0	0	0	0	0	0	0
0	0	0	0	0	0	0	0	0	0	0	0	0	0	0	0	0	0	0	0	0	0	0	0	0	0	0	0	0	0	0	0	0	0	0	0	0	0	0	0	0	0.964973685916936	0	0	0	0	0.519257691473725	0.544455407382411	0.629582756314737	0.778533514912751	0.847164731536368	0	0.883175451118867	0.631896299606111	0.719138166794236	0.932347876491074	0.621076794241772	0	0	0	0	0	0	0	0	0	0	0	0	0	0	0	0	0	0	0	0	0	0	0	0	0	0	0	0	0	0	0	0	0
0	0	0	0	0	0	0	0	0	0	0	0	0	0	0	0	0	0	0	0	0	0	0	0	0	0	0	0	0	0	0	0	0	0	0	0.649849190514354	0	0.869297654696221	0	0	0	0	0	0	0	0	0.947353128703106	0.698935943589377	0.535715371347203	0.876573853554077	0.611556228332342	0.889073143894531	0	0	0.961730952142436	0.585901655511493	0.685646400107313	0	0	0	0	0	0	0	0	0	0	0	0	0	0	0	0	0	0	0	0	0	0	0	0	0	0	0	0	0	0	0	0	0
0	0	0	0	0	0	0	0	0	0	0	0	0	0	0	0	0	0	0	0	0	0	0	0	0	0	0	0	0	0	0	0	0	0	0	0	0	0	0	0	0.788704762575567	0	0	0	0	0	0	0	0.914987468288144	0.860554306897282	0.58910874672042	0.549017045832707	0	0	0	0.810383191611526	0	0.655877784391676	0.836978898985754	0.797862897953637	0	0	0	0	0	0	0	0	0	0	0	0	0	0	0	0	0	0	0	0	0	0	0	0	0	0	0	0	0	0
0	0	0	0	0	0	0	0	0	0	0	0	0	0	0	0	0	0	0	0	0	0	0	0	0	0	0	0	0	0	0	0	0	0	0	0	0	0	0	0	0	0	0	0	0	0	0	0	0	0.555170224938337	0	0.721006922533065	0.769356002914001	0	0	0.713221454880416	0.570748099817032	0.957565367728879	0.764841049182498	0.574028930843726	0	0	0	0	0	0	0	0	0	0	0	0	0	0	0	0	0	0	0	0	0	0	0	0	0	0	0	0	0	0
0	0	0	0	0	0	0	0	0	0	0	0	0	0	0	0	0	0	0	0	0	0	0	0	0	0	0	0	0	0	0	0	0	0.62511391875416	0	0	0	0.971678061102058	0	0	0	0	0.817915102561416	0	0	0	0	0	0.703950298081542	0	0.536048597747075	0.609177143252843	0.526383589741554	0.790781757024237	0.559628623942595	0	0	0.564003069797308	0.578521847640954	0.904976207987413	0	0	0	0	0	0	0	0	0	0	0	0	0	0	0	0	0	0	0	0	0	0	0	0	0	0	0	0	0	0
0	0	0	0	0	0	0	0	0	0	0	0	0	0	0	0	0	0	0	0	0	0	0	0	0	0	0	0	0	0	0.599668262305972	0	0	0	0	0	0	0	0	0	0	0.870005624495654	0	0	0	0	0	0	0	0	0.736255657319616	0.640166088035064	0.988783629624303	0	0.989612527941773	0	0	0.678851117128212	0.981863866571772	0.999063963687006	0	0	0	0	0	0	0	0	0	0	0	0	0	0	0	0	0	0	0	0	0	0	0	0	0	0	0	0	0	0
0	0	0	0	0	0	0	0	0	0	0	0	0	0	0	0	0	0	0	0	0	0	0	0	0	0	0	0	0	0	0.561495405273069	0.845038676047581	0.977871488195628	0	0	0	0	0	0	0	0	0	0	0	0	0	0	0	0	0	0	0	0	0.663852640319511	0.554385064214375	0.876916666748126	0.853918252117783	0	0.533905210396647	0.771351383728566	0	0	0	0	0	0	0	0	0	0	0	0	0	0	0	0	0	0	0	0	0	0	0	0	0	0	0	0	0	0
0	0	0	0	0	0	0	0	0	0	0	0	0	0	0	0	0	0	0	0	0	0	0	0	0	0	0	0	0	0	0.550115136054381	0	0.918762073105074	0.74754663645109	0	0	0	0.590903112204105	0	0	0	0	0	0	0	0	0	0.597522068351962	0	0	0	0	0	0.999309448705574	0.829821494119247	0.971143790587897	0.850144353685022	0.704166752350054	0	0.918557548115475	0	0	0	0	0	0	0	0	0	0	0	0	0	0	0	0	0	0	0	0	0	0	0	0	0	0	0	0	0	0
0	0	0	0	0	0	0	0	0	0	0	0	0	0	0	0	0	0	0	0	0	0	0	0	0	0	0	0	0	0	0.765073343536015	0.705922876877791	0.673781176491872	0.904810693592499	0.649606555439203	0	0	0	0	0	0	0	0	0	0	0	0	0	0	0	0	0	0	0.714624153293145	0.866588396578384	0.866721202024245	0.905914674732307	0.96864402311582	0.509588726175509	0	0	0	0	0	0	0	0	0	0	0	0	0	0	0	0	0	0	0	0	0	0	0	0	0	0	0	0	0	0	0
0	0	0	0	0	0	0	0	0	0	0	0	0	0	0	0	0	0	0	0	0	0	0	0	0	0	0	0	0	0	0	0	0	0	0	0	0	0	0	0	0	0	0	0	0	0	0	0	0	0	0	0	0	0	0	0	0	0	0	0	0	0.833731231522116	0	0.971372748301389	0.791004802903031	0.853382826518447	0	0	0	0	0.816752973599834	0.569609797393988	0	0.539739770532386	0	0	0	0.596266792058283	0.885854714449623	0.753245162591592	0.856075342202713	0.61203538567104	0	0	0	0.904375183168155	0	0.551463123084273	0	0
0	0	0	0	0	0	0	0	0	0	0	0	0	0	0	0	0	0	0	0	0	0	0	0	0	0	0	0	0	0	0	0	0	0	0	0	0	0	0	0	0	0	0	0	0	0	0	0	0	0	0	0	0	0	0	0	0	0	0	0	0.964800702126025	0	0	0	0	0	0.734968255936593	0	0	0	0	0.592466633911813	0	0.651244775849197	0.877824981467105	0.52964582489324	0	0	0	0.522712456519111	0	0	0	0	0.621714665551879	0.655112560035964	0	0	0.559102458979128	0.67176930114706
0	0	0	0	0	0	0	0	0	0	0	0	0	0	0	0	0	0	0	0	0	0	0	0	0	0	0	0	0	0	0	0	0	0	0	0	0	0	0	0	0	0	0	0	0	0	0	0	0	0	0	0	0	0	0	0	0	0	0	0	0	0	0	0.671965265530514	0	0	0.559341906965106	0.523771198429974	0.75833690037491	0.533451229386165	0	0	0	0	0.546262012121509	0	0.929679367245332	0	0.55421603021564	0	0	0	0.866102798304898	0	0.615605724012289	0	0.88601196615375	0	0	0
0	0	0	0	0	0	0	0	0	0	0	0	0	0	0	0	0	0	0	0	0	0	0	0	0	0	0	0	0	0	0	0	0	0	0	0	0	0	0	0	0	0	0	0	0	0	0	0	0	0	0	0	0	0	0	0	0	0	0	0	0.787856697792507	0	0.904718022122067	0	0	0	0	0.775866123375213	0.988774428086804	0.93720086137712	0.536002839499442	0.696484428564833	0.778300440667997	0	0.553199771399187	0	0.91853823932543	0	0.50519880187957	0	0	0	0	0.743536830343253	0	0.855222140192945	0	0	0	0.699268361372108
0	0	0	0	0	0	0	0	0	0	0	0	0	0	0	0	0	0	0	0	0	0	0	0	0	0	0	0	0	0	0	0	0	0	0	0	0	0	0	0	0	0	0	0	0	0	0	0	0	0	0	0	0	0	0	0	0	0	0	0	0.64124944218148	0	0	0	0	0	0	0.700457971726833	0.637878017066518	0.651629594476667	0.828827487053764	0.87530721367295	0.795691100287677	0	0	0.523951875866448	0.793039631727404	0	0	0	0	0	0	0	0	0	0.838310051751569	0.748785584010679	0.574221199911994	0.77884795665973
0	0	0	0	0	0	0	0	0	0	0	0	0	0	0	0	0	0	0	0	0	0	0	0	0	0	0	0	0	0	0	0	0	0	0	0	0	0	0	0	0	0	0	0	0	0	0	0	0	0	0	0	0	0	0	0	0	0	0	0	0.940002771494923	0	0	0	0	0	0.887929676800594	0.665147014221708	0.906044017390135	0.699531686968853	0	0.683123557114262	0	0.533121966141883	0.702200294086682	0	0	0	0.936201799567159	0	0.601315191559627	0	0.831895004291306	0.982524067955718	0	0	0	0	0.927914943483489	0
0	0	0	0	0	0	0	0	0	0	0	0	0	0	0	0	0	0	0	0	0	0	0	0	0	0	0	0	0	0	0	0	0	0	0	0	0	0	0	0	0	0	0	0	0	0	0	0	0	0	0	0	0	0	0	0	0	0	0	0	0	0.576213877856351	0.618874957240756	0	0	0.565804991658854	0	0.911654656266754	0	0	0	0.759789987193551	0.775078763607181	0	0.781157507470935	0.602692467498525	0	0	0	0	0.727060394471213	0	0.548718012595684	0.986221676759474	0	0	0	0	0	0
0	0	0	0	0	0	0	0	0	0	0	0	0	0	0	0	0	0	0	0	0	0	0	0	0	0	0	0	0	0	0	0	0	0	0	0	0	0	0	0	0	0	0	0	0	0	0	0	0	0	0	0	0	0	0	0	0	0	0	0	0	0	0.698937138920177	0.669476321540929	0.976699257461815	0.651728730683758	0.779096239439913	0	0.908788273164283	0	0	0	0	0.98727317358201	0.697221569293606	0	0	0	0	0	0.638287873504525	0	0	0.616780184842031	0	0.700267457313922	0.840131659528062	0	0	0.616501663135294
0	0	0	0	0	0	0	0	0	0	0	0	0	0	0	0	0	0	0	0	0	0	0	0	0	0	0	0	0	0	0	0	0	0	0	0	0	0	0	0	0	0	0	0	0	0	0	0	0	0	0	0	0	0	0	0	0	0	0	0	0	0	0.614129205867494	0.890369070816162	0.923871650641214	0.861192136872768	0	0.825937070448045	0	0	0.896445362322158	0	0.667694567942314	0.630550837684931	0	0.835901389534204	0.532922313419943	0	0	0	0	0	0.924702098874815	0.695400842554894	0.753697478354912	0	0.694026738207826	0.767255805539261	0.949745336875733	0.565585664911348
0	0	0	0	0	0	0	0	0	0	0	0	0	0	0	0	0	0	0	0	0	0	0	0	0	0	0	0	0	0	0	0	0	0	0	0	0	0	0	0	0	0	0	0	0	0	0	0	0	0	0	0	0	0	0	0	0	0	0	0	0	0	0.880495747203639	0.962085040765396	0.978636871667007	0.618900327437591	0	0	0	0	0	0.622031047390614	0	0	0.570441794271034	0.84619728887042	0.791515371347075	0.870885413110386	0	0.551304854523394	0	0.880311101234247	0	0.832824681185088	0.581652369033611	0	0	0	0.525698894428443	0.97268820699647
0	0	0	0	0	0	0	0	0	0	0	0	0	0	0	0	0	0	0	0	0	0	0	0	0	0	0	0	0	0	0	0	0	0	0	0	0	0	0	0	0	0	0	0	0	0	0	0	0	0	0	0	0	0	0	0	0	0	0	0	0.69459032038882	0	0	0.992737624464169	0.767235153400169	0	0	0	0.902711247278476	0	0	0.613916830493732	0.550953183601713	0.697362746517277	0.952220535312028	0.659196597362984	0.834216072125644	0	0.731604077437763	0.510778064606954	0	0	0.601342062197943	0	0	0	0.578077556576258	0.988971952795229	0.70422088744072	0.978320680528588
0	0	0	0	0	0	0	0	0	0	0	0	0	0	0	0	0	0	0	0	0	0	0	0	0	0	0	0	0	0	0	0	0	0	0	0	0	0	0	0	0	0	0	0	0	0	0	0	0	0	0	0	0	0	0	0	0	0	0	0	0.924432043150732	0.790077554626163	0	0.796835964598177	0.518091098941762	0.926698346927498	0.747373577808648	0	0	0.812026224768666	0.87456386568214	0	0.530134589107942	0.827234055658211	0	0.922738480823864	0	0.734500333263452	0	0	0	0	0	0	0.575792431419525	0	0.933548888626963	0.796415573122512	0	0.681464500095569
0	0	0	0	0	0	0	0	0	0	0	0	0	0	0	0	0	0	0	0	0	0	0	0	0	0	0	0	0	0	0	0	0	0	0	0	0	0	0	0	0	0	0	0	0	0	0	0	0	0	0	0	0	0	0	0	0	0	0	0	0	0	0	0.559279305659897	0.878920519835853	0	0.81593055935319	0	0.955228689639796	0	0.612908172616343	0.840879604082767	0	0.510608678025539	0.987117562532328	0.686457937410032	0	0	0	0.910053091585948	0.561603521080043	0	0.645522096842325	0	0	0	0	0	0	0
0	0	0	0	0	0	0	0	0	0	0	0	0	0	0	0	0	0	0	0	0	0	0	0	0	0	0	0	0	0	0	0	0	0	0	0	0	0	0	0	0	0	0	0	0	0	0	0	0	0	0	0	0	0	0	0	0	0	0	0	0.92478414159544	0.90588691550488	0	0	0	0.605966465631297	0	0.955253629492871	0.535583482673258	0	0.953623609583639	0.93800782076003	0.608500276515618	0	0	0	0	0	0	0.992237701604479	0	0	0.585960282086075	0	0	0.685519393737462	0	0	0.962144854082443	0.595552466394011
0	0	0	0	0	0	0	0	0	0	0	0	0	0	0	0	0	0	0	0	0	0	0	0	0	0	0	0	0	0	0	0	0	0	0	0	0	0	0	0	0	0	0	0	0	0	0	0	0	0	0	0	0	0	0	0	0	0	0	0	0	0.521142131390263	0.523941391740748	0.707605260205763	0	0.609623436491789	0.931919104276725	0.958575939160726	0	0.734305509384454	0.741616610105732	0	0.801974357986313	0	0	0.663974815700282	0.986120534565569	0	0	0.780990484161747	0.916122046301354	0	0.872893993424663	0	0	0.514956497738842	0	0	0.990824504823209	0.671876019736987
0	0	0	0	0	0	0	0	0	0	0	0	0	0	0	0	0	0	0	0	0	0	0	0	0	0	0	0	0	0	0	0	0	0	0	0	0	0	0	0	0	0	0	0	0	0	0	0	0	0	0	0	0	0	0	0	0	0	0	0	0	0.734046203619343	0	0	0.876438043405158	0	0.577624912962622	0	0.666764903650399	0.652150680585725	0.634992730005228	0.976981916533357	0.7260687381339	0	0.518535957207816	0	0.614306098304023	0.917592260615501	0	0.983517313900437	0	0.835859026152866	0.974577418005535	0.573205323376463	0.702157729941505	0	0	0	0.563637165811227	0
0	0	0	0	0	0	0	0	0	0	0	0	0	0	0	0	0	0	0	0	0	0	0	0	0	0	0	0	0	0	0	0	0	0	0	0	0	0	0	0	0	0	0	0	0	0	0	0	0	0	0	0	0	0	0	0	0	0	0	0	0	0	0.850621585061527	0.879287394647272	0.517774645250134	0	0	0	0.541455390038501	0.663970295547869	0.908541044771291	0	0	0	0.644864293385648	0.574092171004321	0	0.975218450023167	0	0.522592805757165	0.709941158894434	0.635283680321685	0.652329716780622	0.589422847156545	0.921174281517727	0	0.824770695425124	0.975010490007315	0.982054360634777	0
0	0	0	0	0	0	0	0	0	0	0	0	0	0	0	0	0	0	0	0	0	0	0	0	0	0	0	0	0	0	0	0	0	0	0	0	0	0	0	0	0	0	0	0	0	0	0	0	0	0	0	0	0	0	0	0	0	0	0	0	0.942953898612831	0	0	0	0	0	0	0	0	0.75400127942097	0	0.87044132843299	0	0	0	0.787634399706072	0.718060439867004	0	0.995972181260986	0	0.604430026854305	0.823352187764689	0.53528869859783	0.988076072042282	0	0	0	0.817131617797066	0	0.654361361597793
0	0	0	0	0	0	0	0	0	0	0	0	0	0	0	0	0	0	0	0	0	0	0	0	0	0	0	0	0	0	0	0	0	0	0	0	0	0	0	0	0	0	0	0	0	0	0	0	0	0	0	0	0	0	0	0	0	0	0	0	0.877635047684012	0	0.612261969278595	0.824595984397647	0	0.533583753903829	0	0	0	0	0.622972402318613	0	0	0	0	0	0	0.718018882041749	0	0	0	0	0.926879178749534	0.506981842338861	0	0	0	0.943826395308466	0	0.508675833818507
0	0	0	0	0	0	0	0	0	0	0	0	0	0	0	0	0	0	0	0	0	0	0	0	0	0	0	0	0	0	0	0	0	0	0	0	0	0	0	0	0	0	0	0	0	0	0	0	0	0	0	0	0	0	0	0	0	0	0	0	0.707059671823729	0.641673628400666	0	0	0	0	0	0	0	0.664460940899812	0.903688415508608	0	0.815527046644993	0.913265535646949	0.922413404955356	0.557565175962676	0.501296715002268	0	0	0	0.665850896659218	0	0	0.590362773431655	0.944305890423387	0.719150322407759	0.697951825614746	0.500448452074801	0	0.981784802438866
0	0	0	0	0	0	0	0	0	0	0	0	0	0	0	0	0	0	0	0	0	0	0	0	0	0	0	0	0	0	0	0	0	0	0	0	0	0	0	0	0	0	0	0	0	0	0	0	0	0	0	0	0	0	0	0	0	0	0	0	0.908576943700614	0	0	0	0	0.964387496146165	0.684930145666903	0.893986840872131	0	0	0	0	0.643952269254381	0	0.793850004588321	0	0.86030382210748	0.949182577805521	0	0.552415531466598	0	0.638608257055855	0.568910475240353	0	0.863315777363459	0	0	0.689447854584314	0	0.855131008610556
0	0	0	0	0	0	0	0	0	0	0	0	0	0	0	0	0	0	0	0	0	0	0	0	0	0	0	0	0	0	0	0	0	0	0	0	0	0	0	0	0	0	0	0	0	0	0	0	0	0	0	0	0	0	0	0	0	0	0	0	0.647531495648522	0	0	0	0	0	0	0	0	0.968876810331977	0	0	0	0	0	0.551872867179254	0.930121264855945	0.574711705943987	0	0	0.667972943354415	0	0	0	0.968281848683789	0.510478766195349	0.714480125755065	0	0.610412246065982	0.749202466376338
0	0	0	0	0	0	0	0	0	0	0	0	0	0	0	0	0	0	0	0	0	0	0	0	0	0	0	0	0	0	0	0	0	0	0	0	0	0	0	0	0	0	0	0	0	0	0	0	0	0	0	0	0	0	0	0	0	0	0	0	0	0	0.973734190506847	0	0	0.918981798764519	0.988327354626046	0	0.586110658532005	0	0.827011039252498	0	0.769423545690761	0.630238679001731	0.714381867367598	0.909241769919331	0.68546612668721	0.761712184422608	0.557930108462265	0	0.75065071280553	0	0	0	0	0.744692001716632	0.891610208127244	0.954377287358597	0	0.960455997274035
0	0	0	0	0	0	0	0	0	0	0	0	0	0	0	0	0	0	0	0	0	0	0	0	0	0	0	0	0	0	0	0	0	0	0	0	0	0	0	0	0	0	0	0	0	0	0	0	0	0	0	0	0	0	0	0	0	0	0	0	0	0	0	0.723304358298339	0	0.70348358650729	0.595908168186756	0.823553254570095	0.82567556918361	0.966105786679294	0	0	0	0	0	0.603094358512737	0.871306507158557	0.760525234498269	0.662192958228667	0.639893118648494	0	0	0	0	0	0	0	0	0.91676944800005	0.607001579085016
0	0	0	0	0	0	0	0	0	0	0	0	0	0	0	0	0	0	0	0	0	0	0	0	0	0	0	0	0	0	0	0	0	0	0	0	0	0	0	0	0	0	0	0	0	0	0	0	0	0	0	0	0	0	0	0	0	0	0	0	0	0.738592047744713	0.985297908889751	0	0	0	0	0	0.769344287377355	0.627013404057586	0	0.56185584600761	0	0	0	0.580249566354131	0.738855908523458	0	0	0.608832518514537	0.90058001752996	0.714411912170857	0	0	0	0.6669951932805	0.789259752141612	0	0	0
0	0	0	0	0	0	0	0	0	0	0	0	0	0	0	0	0	0	0	0	0	0	0	0	0	0	0	0	0	0	0	0	0	0	0	0	0	0	0	0	0	0	0	0	0	0	0	0	0	0	0	0	0	0	0	0	0	0	0	0	0.799704111634929	0.530797690556376	0	0.778890478737967	0	0	0	0.853931706178237	0	0	0	0	0	0.59485455130994	0.904118904787997	0	0	0	0	0.836765944923648	0	0.917501444791411	0.558808529071883	0	0.738074808312096	0	0	0	0.635321275709962	0.905569565371254
0	0	0	0	0	0	0	0	0	0	0	0	0	0	0	0	0	0	0	0	0	0	0	0	0	0	0	0	0	0	0	0	0	0	0	0	0	0	0	0	0	0	0	0	0	0	0	0	0	0	0	0	0	0	0	0	0	0	0	0	0	0	0.962504857478876	0	0.991969927231264	0	0	0.537635403591905	0.731980623779852	0	0.801396004561372	0.921063477047408	0	0	0	0	0.795908959756498	0	0	0.572815015507502	0	0.773131076515578	0.664554919693875	0	0.738972040977247	0	0	0.726699231566673	0	0.801415051324968
0	0	0	0	0	0	0	0	0	0	0	0	0	0	0	0	0	0	0	0	0	0	0	0	0	0	0	0	0	0	0	0	0	0	0	0	0	0	0	0	0	0	0	0	0	0	0	0	0	0	0	0	0	0	0	0	0	0	0	0	0.587834164979226	0	0	0	0.904521012244775	0	0	0	0.856896039991816	0	0.710578354885746	0.603206585890299	0	0	0	0	0.642027280539591	0.636801388733353	0.916017377770172	0.999969010293241	0.96885976571731	0	0.579477915130849	0	0	0	0.927830173057123	0	0	0.863903125024137
0	0	0	0	0	0	0	0	0	0	0	0	0	0	0	0	0	0	0	0	0	0	0	0	0	0	0	0	0	0	0	0	0	0	0	0	0	0	0	0	0	0	0	0	0	0	0	0	0	0	0	0	0	0	0	0	0	0	0	0	0	0.996212706365966	0	0	0.608031250334164	0.958691781408624	0	0	0.836475897119468	0.987506421938469	0.596909134507683	0	0	0.859106254771775	0.924731187372783	0.537653681514958	0.513562279976652	0	0	0	0	0.969198112960962	0	0.916438168390777	0	0.600587835380218	0	0	0	0.916020487582363
0	0	0	0	0	0	0	0	0	0	0	0	0	0	0	0	0	0	0	0	0	0	0	0	0	0	0	0	0	0	0	0	0	0	0	0	0	0	0	0	0	0	0	0	0	0	0	0	0	0	0	0	0	0	0	0	0	0	0	0	0	0.686040121092184	0	0.560471424893137	0.891529076179522	0	0	0.941100324282866	0.929205869405242	0.681355178467796	0.944161743903273	0.555067609296375	0	0.821703027750203	0.836963151510199	0	0	0.54291407720877	0.85594792950139	0.800138912276272	0.643371120787911	0.817760549728279	0.674690423349749	0.92051306227555	0	0.697849328732963	0.705442126228591	0.84361021009467	0.958480754655877	0
