0	0.856511144303876	0	0.588831105514693	0.668494914312899	0.71116406376501	0	0	0	0.730928935762623	0.88077412552555	0	0.818410594697164	0.542603276649249	0.730476311373352	0.613862574970443	0.979871327907202	0.892139173618093	0	0	0	0	0	0	0	0	0	0	0	0	0	0	0	0	0	0	0	0	0	0	0	0	0	0	0	0	0	0	0	0	0	0	0	0	0	0	0	0	0	0	0	0	0	0	0	0	0	0	0	0	0	0	0	0	0	0	0	0	0	0	0	0	0	0	0	0	0	0	0	0
0.739986607570679	0	0.544809323802413	0.577086163651136	0.656742447982942	0.971920391097797	0.654799786180321	0.525829078270851	0.801596856522535	0.851816664407465	0	0	0	0.874778340477178	0.531923785932546	0.903936978185607	0.999947319336705	0	0	0	0	0	0	0	0	0	0	0	0	0	0	0	0	0	0	0	0	0	0	0	0	0	0	0	0	0	0	0	0	0	0	0	0	0	0	0	0	0	0	0	0	0	0	0	0	0	0	0	0	0	0	0	0	0	0	0	0	0	0	0	0	0	0	0	0	0	0	0	0	0
0	0.828472713800507	0	0.625576620392271	0.765756516547288	0.962437344943135	0.52789844318225	0.767581813331662	0.575392486542735	0.992230734967857	0	0.732496677392623	0	0	0.904062373310222	0.599658197710063	0.909088939751004	0.753727636230109	0	0	0	0	0	0	0	0	0	0	0	0	0	0	0	0	0	0	0	0	0	0	0	0	0	0	0	0	0	0	0	0	0	0	0	0	0	0	0	0	0	0	0	0	0	0	0	0	0	0	0	0	0	0	0	0	0	0	0	0	0	0	0	0	0	0	0	0	0	0	0	0
0.925491660459495	0.893006175764733	0.776220498442284	0	0.657804089621861	0.663587401794777	0.713113054419818	0.631017315797125	0	0.806094553599785	0.681068019118375	0	0	0	0	0.678048108197092	0.696586250594629	0.623604658227972	0	0	0	0	0	0	0	0	0	0	0	0	0	0	0	0	0	0	0	0	0	0	0	0	0	0	0	0	0	0	0	0	0	0	0	0	0	0	0	0	0	0	0	0	0	0	0	0	0	0	0	0	0	0	0	0	0	0	0	0	0	0	0	0	0	0	0	0	0	0	0	0
0.82657437277295	0.920219943379346	0.59348023384954	0.963358300739426	0	0.505175197777372	0.843013128778742	0.96197439327983	0.758845372862916	0.641243156390617	0.696668811592914	0	0	0	0	0	0.64463668810923	0.681148255413781	0	0	0	0	0	0	0	0	0	0	0	0	0	0	0	0	0	0	0	0	0	0	0	0	0	0	0	0	0	0	0	0	0	0	0	0	0	0	0	0	0	0	0	0	0	0	0	0	0	0	0	0	0	0	0	0	0	0	0	0	0	0	0	0	0	0	0	0	0	0	0	0
0.990077322685329	0.943198992675309	0.823817496239041	0.640583682281466	0.55734249473905	0	0.794436750461547	0	0.734020647741703	0.643901692162302	0.666219815125389	0.618138357339161	0.888021884916749	0	0	0	0.989690462390696	0.628754274415687	0	0	0	0	0	0	0	0	0	0	0	0	0	0	0	0	0	0	0	0	0	0	0	0	0	0	0	0	0	0	0	0	0	0	0	0	0	0	0	0	0	0	0	0	0	0	0	0	0	0	0	0	0	0	0	0	0	0	0	0	0	0	0	0	0	0	0	0	0	0	0	0
0	0.677309459641279	0.962768063468452	0.636481637326068	0.787662507061352	0.915728578499164	0	0.96108669191506	0.662392816249686	0.778351325656722	0.549669820497267	0.555493789682904	0.810524747458386	0	0	0	0	0	0	0	0	0	0	0	0	0	0	0	0	0	0	0	0	0	0	0	0	0	0	0	0	0	0	0	0	0	0	0	0	0	0	0	0	0	0	0	0	0	0	0	0	0	0	0	0	0	0	0	0	0	0	0	0	0	0	0	0	0	0	0	0	0	0	0	0	0	0	0	0	0
0	0.516698737985649	0.861085845430736	0.707882757012438	0.734332275100434	0	0.510121231301496	0	0.874770849613832	0.908736930475369	0.581308135809856	0.976193085542158	0.538387049183835	0.658972583323662	0.707787579432475	0	0	0	0	0	0	0	0	0	0	0	0	0	0	0	0	0	0	0	0	0	0	0	0	0	0	0	0	0	0	0	0	0	0	0	0	0	0	0	0	0	0	0	0	0	0	0	0	0	0	0	0	0	0	0	0	0	0	0	0	0	0	0	0	0	0	0	0	0	0	0	0	0	0	0
0	0.811237248002806	0.58244218130829	0	0.813150533139797	0.982382494697341	0.60839285015897	0.664863378832156	0	0.702846860974961	0	0.839212622985091	0.539773196433686	0	0.722644186348071	0	0	0.590796863212376	0	0	0	0	0	0	0	0	0	0	0	0	0	0	0	0	0	0	0	0	0	0	0	0	0	0	0	0	0	0	0	0	0	0	0	0	0	0	0	0	0	0	0	0	0	0	0	0	0	0	0	0	0	0	0	0	0	0	0	0	0	0	0	0	0	0	0	0	0	0	0	0
0.830708054485549	0.677963783274107	0.619349374178637	0.754185878450886	0.879338488834145	0.808491382264286	0.879123773102933	0.889427452931473	0.510585859382654	0	0.502250155134894	0.93385049102647	0	0.644572011614062	0.937097701715155	0.761062890268258	0	0	0	0	0	0	0	0	0	0	0	0	0	0	0	0	0	0	0	0	0	0	0	0	0	0	0	0	0	0	0	0	0	0	0	0	0	0	0	0	0	0	0	0	0	0	0	0	0	0	0	0	0	0	0	0	0	0	0	0	0	0	0	0	0	0	0	0	0	0	0	0	0	0
0.824385004124359	0	0	0.726253995113854	0.582345510163891	0.543890294601105	0.951280778405494	0.549309606862976	0	0.997435127114351	0	0.955578421317444	0.650245606153143	0.854475495993173	0.513158547308895	0.81395142065386	0	0.539784370546394	0	0	0	0	0	0	0	0	0	0	0	0	0	0	0	0	0	0	0	0	0	0	0	0	0	0	0	0	0	0	0	0	0	0	0	0	0	0	0	0	0	0	0	0	0	0	0	0	0	0	0	0	0	0	0	0	0	0	0	0	0	0	0	0	0	0	0	0	0	0	0	0
0	0	0.605721373974432	0	0	0.899366674094444	0.681724561810552	0.759118177482062	0.893100748785325	0.507244346094202	0.709317755120218	0	0.813667338857958	0.789438710076122	0.900050184135267	0.563017336238132	0	0.577515559523816	0	0	0	0	0	0	0	0	0	0	0	0	0	0	0	0	0	0	0	0	0	0	0	0	0	0	0	0	0	0	0	0	0	0	0	0	0	0	0	0	0	0	0	0	0	0	0	0	0	0	0	0	0	0	0	0	0	0	0	0	0	0	0	0	0	0	0	0	0	0	0	0
0.966294039156184	0	0	0	0	0.515062044997163	0.85360108926353	0.643655726159914	0.688644263798206	0	0.808659777566765	0.91344117374485	0	0.713798928065191	0.61381638508149	0.890148133232402	0	0.514161672836216	0	0	0	0	0	0	0	0	0	0	0	0	0	0	0	0	0	0	0	0	0	0	0	0	0	0	0	0	0	0	0	0	0	0	0	0	0	0	0	0	0	0	0	0	0	0	0	0	0	0	0	0	0	0	0	0	0	0	0	0	0	0	0	0	0	0	0	0	0	0	0	0
0.645531742386468	0.780565092843772	0	0	0	0	0	0.574151922913079	0	0.650868669433378	0.984410376466004	0.636063540761912	0.673396373696623	0	0.502561157117977	0.986270386574649	0.812040363973644	0.81887598868423	0	0	0	0	0	0	0	0	0	0	0	0	0	0	0	0	0	0	0	0	0	0	0	0	0	0	0	0	0	0	0	0	0	0	0	0	0	0	0	0	0	0	0	0	0	0	0	0	0	0	0	0	0	0	0	0	0	0	0	0	0	0	0	0	0	0	0	0	0	0	0	0
0.780478112201663	0.566073772486698	0.728051506661952	0	0	0	0	0.642227535177686	0.893281884651804	0.78687797426687	0.894733864273418	0.928200770214749	0.882992751355468	0.559740936405765	0	0.952961734427974	0	0.524791711973664	0	0	0	0	0	0	0	0	0	0	0	0	0	0	0	0	0	0	0	0	0	0	0	0	0	0	0	0	0	0	0	0	0	0	0	0	0	0	0	0	0	0	0	0	0	0	0	0	0	0	0	0	0	0	0	0	0	0	0	0	0	0	0	0	0	0	0	0	0	0	0	0
0.760137995291546	0.671202273137352	0.858873125641406	0.940864212954735	0	0	0	0	0	0.624072179131147	0.637551824490148	0.65344226823914	0.613055233164751	0.504281777507646	0.896313003482871	0	0.63004062577487	0.891180272884123	0	0	0	0	0	0	0	0	0	0	0	0	0	0	0	0	0	0	0	0	0	0	0	0	0	0	0	0	0	0	0	0	0	0	0	0	0	0	0	0	0	0	0	0	0	0	0	0	0	0	0	0	0	0	0	0	0	0	0	0	0	0	0	0	0	0	0	0	0	0	0	0
0.638751899496529	0.847757820640939	0.954298647697599	0.77423271272362	0.894061227592056	0.506083110909206	0	0	0	0	0	0	0	0.681995544011913	0	0.968933916141152	0	0.902010438515645	0	0	0	0	0	0	0	0	0	0	0	0	0	0	0	0	0	0	0	0	0	0	0	0	0	0	0	0	0	0	0	0	0	0	0	0	0	0	0	0	0	0	0	0	0	0	0	0	0	0	0	0	0	0	0	0	0	0	0	0	0	0	0	0	0	0	0	0	0	0	0	0
0.810606162792433	0	0.596081624328804	0.973047209257078	0.931189676101648	0.565915914692384	0	0	0.562829466485172	0	0.546400099486986	0.980319487313597	0.505235698057665	0.518805224953992	0.576694552941171	0.819512074855011	0.981540950674824	0	0	0	0	0	0	0	0	0	0	0	0	0	0	0	0	0	0	0	0	0	0	0	0	0	0	0	0	0	0	0	0	0	0	0	0	0	0	0	0	0	0	0	0	0	0	0	0	0	0	0	0	0	0	0	0	0	0	0	0	0	0	0	0	0	0	0	0	0	0	0	0	0
0	0	0	0	0	0	0	0	0	0	0	0	0	0	0	0	0	0	0	0.506926640110145	0.663861467490978	0	0	0.701501506449855	0	0.901397898584307	0.696292174139191	0	0	0.597152737057979	0	0	0.840855901048038	0	0	0.653198516431007	0	0	0	0	0	0	0	0	0	0	0	0	0	0	0	0	0	0	0	0	0	0	0	0	0	0	0	0	0	0	0	0	0	0	0	0	0	0	0	0	0	0	0	0	0	0	0	0	0	0	0	0	0	0
0	0	0	0	0	0	0	0	0	0	0	0	0	0	0	0	0	0	0.904730313908287	0	0	0.776673241069655	0	0	0.821633260455894	0.550155730692409	0	0.664572153367726	0	0	0.948185018808489	0	0	0.610618573924492	0	0	0	0	0	0	0	0	0	0	0	0	0	0	0	0	0	0	0	0	0	0	0	0	0	0	0	0	0	0	0	0	0	0	0	0	0	0	0	0	0	0	0	0	0	0	0	0	0	0	0	0	0	0	0	0
0	0	0	0	0	0	0	0	0	0	0	0	0	0	0	0	0	0	0.973648844924853	0	0	0.970338968068061	0.877246758944314	0.815947896089778	0	0.642995048365385	0	0.634638486377346	0.720133374609998	0	0	0.782962471424433	0.54406807574306	0.5250410556443	0	0	0	0	0	0	0	0	0	0	0	0	0	0	0	0	0	0	0	0	0	0	0	0	0	0	0	0	0	0	0	0	0	0	0	0	0	0	0	0	0	0	0	0	0	0	0	0	0	0	0	0	0	0	0	0
0	0	0	0	0	0	0	0	0	0	0	0	0	0	0	0	0	0	0	0.893535854676977	0.717803617811749	0	0.867512038476681	0	0	0.843912298980682	0.549703501343857	0.855362523396839	0.821673529382481	0.885686989036908	0.75642170219126	0.763564811285217	0	0.6894632141149	0	0	0	0	0	0	0	0	0	0	0	0	0	0	0	0	0	0	0	0	0	0	0	0	0	0	0	0	0	0	0	0	0	0	0	0	0	0	0	0	0	0	0	0	0	0	0	0	0	0	0	0	0	0	0	0
0	0	0	0	0	0	0	0	0	0	0	0	0	0	0	0	0	0	0	0	0.71053230459004	0.738963967155194	0	0.793743310982908	0.704536521480986	0.744062197958685	0.646410852464428	0.833036385196556	0	0.705024769730472	0.536616465384825	0.555240473679631	0	0	0.508273250176021	0	0	0	0	0	0	0	0	0	0	0	0	0	0	0	0	0	0	0	0	0	0	0	0	0	0	0	0	0	0	0	0	0	0	0	0	0	0	0	0	0	0	0	0	0	0	0	0	0	0	0	0	0	0	0
0	0	0	0	0	0	0	0	0	0	0	0	0	0	0	0	0	0	0.839028362199463	0	0.728213029678591	0	0.801132818662491	0	0.791163191693535	0.855004755567481	0.965246981374743	0	0.545045154198479	0	0.799380571558781	0	0.731207972047577	0.935888587287408	0	0	0	0	0	0	0	0	0	0	0	0	0	0	0	0	0	0	0	0	0	0	0	0	0	0	0	0	0	0	0	0	0	0	0	0	0	0	0	0	0	0	0	0	0	0	0	0	0	0	0	0	0	0	0	0
0	0	0	0	0	0	0	0	0	0	0	0	0	0	0	0	0	0	0	0.931601361772443	0	0	0.586629371294198	0.51672876287799	0	0.596975093047378	0.575628147103663	0.708864230109482	0.717823872618811	0	0.648235041568793	0.913634051037091	0.525548890671144	0.806450768765979	0	0	0	0	0	0	0	0	0	0	0	0	0	0	0	0	0	0	0	0	0	0	0	0	0	0	0	0	0	0	0	0	0	0	0	0	0	0	0	0	0	0	0	0	0	0	0	0	0	0	0	0	0	0	0	0
0	0	0	0	0	0	0	0	0	0	0	0	0	0	0	0	0	0	0.623737464676437	0.830918154430071	0.713990501940516	0.932158309935	0.547159600520395	0.913277846323553	0.843477387350348	0	0	0.771432039524486	0	0	0.795719995556906	0	0.908543079871283	0.682201958753788	0.762465962847877	0	0	0	0	0	0	0	0	0	0	0	0	0	0	0	0	0	0	0	0	0	0	0	0	0	0	0	0	0	0	0	0	0	0	0	0	0	0	0	0	0	0	0	0	0	0	0	0	0	0	0	0	0	0	0
0	0	0	0	0	0	0	0	0	0	0	0	0	0	0	0	0	0	0.551169773888276	0	0	0.552059559298011	0.915963223302527	0.953066250052922	0.678440067252839	0	0	0	0.565857024206334	0.756680381072344	0.836990559455222	0	0.944794933042115	0	0.506144139744348	0.702051059264223	0	0	0	0	0	0	0	0	0	0	0	0	0	0	0	0	0	0	0	0	0	0	0	0	0	0	0	0	0	0	0	0	0	0	0	0	0	0	0	0	0	0	0	0	0	0	0	0	0	0	0	0	0	0
0	0	0	0	0	0	0	0	0	0	0	0	0	0	0	0	0	0	0	0.705979842553166	0.553921981119585	0.757237002459872	0.58678017094676	0	0.608274323257906	0.65644319265002	0	0	0	0.927252645853619	0.722547753397448	0.768507284243782	0.549869251932474	0.576584188923924	0.598390397958507	0.650163576818328	0	0	0	0	0	0	0	0	0	0	0	0	0	0	0	0	0	0	0	0	0	0	0	0	0	0	0	0	0	0	0	0	0	0	0	0	0	0	0	0	0	0	0	0	0	0	0	0	0	0	0	0	0	0
0	0	0	0	0	0	0	0	0	0	0	0	0	0	0	0	0	0	0	0	0.69438807499259	0.864678305752802	0	0.873462876725515	0.861658047663267	0	0.98030362324758	0	0	0.688897257047644	0.81123762071657	0.789015545333509	0.704479225487638	0	0	0	0	0	0	0	0	0	0	0	0	0	0	0	0	0	0	0	0	0	0	0	0	0	0	0	0	0	0	0	0	0	0	0	0	0	0	0	0	0	0	0	0	0	0	0	0	0	0	0	0	0	0	0	0	0
0	0	0	0	0	0	0	0	0	0	0	0	0	0	0	0	0	0	0.908008096675668	0	0	0.578570632762282	0.850051653523559	0	0	0	0.662145451844795	0.696852925917929	0.687249080816762	0	0.62057803134846	0.62726483314625	0	0	0.798853567288413	0	0	0	0	0	0	0	0	0	0	0	0	0	0	0	0	0	0	0	0	0	0	0	0	0	0	0	0	0	0	0	0	0	0	0	0	0	0	0	0	0	0	0	0	0	0	0	0	0	0	0	0	0	0	0
0	0	0	0	0	0	0	0	0	0	0	0	0	0	0	0	0	0	0	0.781887549695759	0	0.994933265619012	0.539274632273146	0.839706566468066	0.769162726776281	0.995745366574163	0.541345983032357	0.82394671785011	0.967663036402272	0.63999452046381	0	0	0.777474104659874	0	0.982800625024538	0.696760714285469	0	0	0	0	0	0	0	0	0	0	0	0	0	0	0	0	0	0	0	0	0	0	0	0	0	0	0	0	0	0	0	0	0	0	0	0	0	0	0	0	0	0	0	0	0	0	0	0	0	0	0	0	0	0
0	0	0	0	0	0	0	0	0	0	0	0	0	0	0	0	0	0	0	0	0.549532252551337	0.62575992831749	0.770322239408976	0	0.788708753247168	0	0	0.557439064087704	0.979806942721076	0.773036523682059	0	0	0	0.963655715897016	0	0	0	0	0	0	0	0	0	0	0	0	0	0	0	0	0	0	0	0	0	0	0	0	0	0	0	0	0	0	0	0	0	0	0	0	0	0	0	0	0	0	0	0	0	0	0	0	0	0	0	0	0	0	0	0
0	0	0	0	0	0	0	0	0	0	0	0	0	0	0	0	0	0	0.81405758358066	0	0.752050344173927	0	0	0.897641996324514	0.583661622856774	0.509195142402106	0.779880447048056	0.988801802232769	0.795850833777964	0	0.890664208311426	0	0	0.589335416641035	0.946448738466071	0	0	0	0	0	0	0	0	0	0	0	0	0	0	0	0	0	0	0	0	0	0	0	0	0	0	0	0	0	0	0	0	0	0	0	0	0	0	0	0	0	0	0	0	0	0	0	0	0	0	0	0	0	0	0
0	0	0	0	0	0	0	0	0	0	0	0	0	0	0	0	0	0	0	0.549737889808289	0.702399567549768	0.674019617634213	0	0.67311725552536	0.72183490029256	0.92372853695812	0	0.959257780471939	0	0	0	0.74096945141029	0.885557273413973	0	0.886194471179553	0.837211544295175	0	0	0	0	0	0	0	0	0	0	0	0	0	0	0	0	0	0	0	0	0	0	0	0	0	0	0	0	0	0	0	0	0	0	0	0	0	0	0	0	0	0	0	0	0	0	0	0	0	0	0	0	0	0
0	0	0	0	0	0	0	0	0	0	0	0	0	0	0	0	0	0	0	0	0	0	0.655389513427304	0	0	0.902549225103354	0.749006195151885	0.600442305481937	0	0.733730854886226	0.687180670087416	0	0.763902903172071	0.999013299753347	0	0.94544670384303	0	0	0	0	0	0	0	0	0	0	0	0	0	0	0	0	0	0	0	0	0	0	0	0	0	0	0	0	0	0	0	0	0	0	0	0	0	0	0	0	0	0	0	0	0	0	0	0	0	0	0	0	0	0
0	0	0	0	0	0	0	0	0	0	0	0	0	0	0	0	0	0	0.845761234144213	0	0	0	0	0	0	0	0.693902391494319	0.823009487632548	0	0	0.567451240959579	0	0	0.709617442532565	0.890977194202802	0	0	0	0	0	0	0	0	0	0	0	0	0	0	0	0	0	0	0	0	0	0	0	0	0	0	0	0	0	0	0	0	0	0	0	0	0	0	0	0	0	0	0	0	0	0	0	0	0	0	0	0	0	0	0
0	0	0	0	0	0	0	0	0	0	0	0	0	0	0	0	0	0	0	0	0	0	0	0	0	0	0	0	0	0	0	0	0	0	0	0	0	0	0.620954790892384	0	0.957813045727403	0.726923350808561	0	0	0.602045184114095	0	0.622905403226819	0	0	0	0.53304097994855	0	0.720177922303787	0.688051343321032	0	0	0	0	0	0	0	0	0	0	0	0	0	0	0	0	0	0	0	0	0	0	0	0	0	0	0	0	0	0	0	0	0	0	0	0
0	0	0	0	0	0	0	0	0	0	0	0	0	0	0	0	0	0	0	0	0	0	0	0	0	0	0	0	0	0	0	0	0	0	0	0	0	0	0.507416469340771	0.944916277432034	0.954893439007624	0	0.794729665282808	0	0.621888846472486	0.963579379725059	0	0.891038404781547	0	0	0	0.960486021128825	0.843876422620301	0	0	0	0	0	0	0	0	0	0	0	0	0	0	0	0	0	0	0	0	0	0	0	0	0	0	0	0	0	0	0	0	0	0	0	0	0
0	0	0	0	0	0	0	0	0	0	0	0	0	0	0	0	0	0	0	0	0	0	0	0	0	0	0	0	0	0	0	0	0	0	0	0	0.901406566897028	0.616408095072508	0	0	0.531874587510407	0.687960053991342	0.78415504507913	0	0	0	0	0	0	0	0	0	0.903280237441636	0.636102564860506	0	0	0	0	0	0	0	0	0	0	0	0	0	0	0	0	0	0	0	0	0	0	0	0	0	0	0	0	0	0	0	0	0	0	0	0
0	0	0	0	0	0	0	0	0	0	0	0	0	0	0	0	0	0	0	0	0	0	0	0	0	0	0	0	0	0	0	0	0	0	0	0	0	0.759024675534598	0	0	0	0.59601237323822	0.610132429324232	0.907529565882363	0	0	0	0.523767927219986	0.517450573509601	0	0	0	0	0	0	0	0	0	0	0	0	0	0	0	0	0	0	0	0	0	0	0	0	0	0	0	0	0	0	0	0	0	0	0	0	0	0	0	0	0
0	0	0	0	0	0	0	0	0	0	0	0	0	0	0	0	0	0	0	0	0	0	0	0	0	0	0	0	0	0	0	0	0	0	0	0	0.800240081334453	0.721611680085208	0.687124897128663	0	0	0.997256744280901	0.669279513716139	0.88763463199782	0.821774057684594	0	0	0	0.698632415031705	0.665870877502853	0	0	0	0	0	0	0	0	0	0	0	0	0	0	0	0	0	0	0	0	0	0	0	0	0	0	0	0	0	0	0	0	0	0	0	0	0	0	0	0
0	0	0	0	0	0	0	0	0	0	0	0	0	0	0	0	0	0	0	0	0	0	0	0	0	0	0	0	0	0	0	0	0	0	0	0	0.694036313101716	0	0.517699256265494	0.829242836419139	0.910185549772608	0	0.624983013071208	0	0.672723061975465	0	0.550140339128536	0	0	0.53877504258135	0	0	0.690872236880412	0	0	0	0	0	0	0	0	0	0	0	0	0	0	0	0	0	0	0	0	0	0	0	0	0	0	0	0	0	0	0	0	0	0	0	0	0
0	0	0	0	0	0	0	0	0	0	0	0	0	0	0	0	0	0	0	0	0	0	0	0	0	0	0	0	0	0	0	0	0	0	0	0	0	0.783591665315844	0.814349452126136	0.82470879800975	0.69199873794935	0.685555214363553	0	0.760128000496006	0.708677469985469	0	0.752629363209863	0	0	0	0	0	0.795358631320177	0.928259315565381	0	0	0	0	0	0	0	0	0	0	0	0	0	0	0	0	0	0	0	0	0	0	0	0	0	0	0	0	0	0	0	0	0	0	0	0
0	0	0	0	0	0	0	0	0	0	0	0	0	0	0	0	0	0	0	0	0	0	0	0	0	0	0	0	0	0	0	0	0	0	0	0	0	0	0	0.726922510413671	0.863345877161664	0	0.953525932380654	0	0	0.570560565408642	0.572719965136097	0.701934217028545	0	0	0	0.864245307138767	0	0	0	0	0	0	0	0	0	0	0	0	0	0	0	0	0	0	0	0	0	0	0	0	0	0	0	0	0	0	0	0	0	0	0	0	0	0
0	0	0	0	0	0	0	0	0	0	0	0	0	0	0	0	0	0	0	0	0	0	0	0	0	0	0	0	0	0	0	0	0	0	0	0	0.550083876834128	0.654553787633677	0	0	0.831660022258797	0.897240833440383	0.551762192969432	0	0	0.766782869028386	0.934881306628234	0.715326269219748	0	0.986000284966658	0	0	0	0	0	0	0	0	0	0	0	0	0	0	0	0	0	0	0	0	0	0	0	0	0	0	0	0	0	0	0	0	0	0	0	0	0	0	0	0
0	0	0	0	0	0	0	0	0	0	0	0	0	0	0	0	0	0	0	0	0	0	0	0	0	0	0	0	0	0	0	0	0	0	0	0	0	0.612694662587275	0	0	0	0	0	0.700412760488167	0.816011717549707	0	0.900157414127923	0.618079893819487	0.528362593010403	0.688759959021752	0	0	0	0	0	0	0	0	0	0	0	0	0	0	0	0	0	0	0	0	0	0	0	0	0	0	0	0	0	0	0	0	0	0	0	0	0	0	0	0
0	0	0	0	0	0	0	0	0	0	0	0	0	0	0	0	0	0	0	0	0	0	0	0	0	0	0	0	0	0	0	0	0	0	0	0	0.758847788779015	0	0	0	0	0.519131247313184	0.849196692285637	0.945243058273297	0.883093146892265	0.883655000538349	0	0	0	0.685364971510401	0	0.608613429869479	0	0.863210383140837	0	0	0	0	0	0	0	0	0	0	0	0	0	0	0	0	0	0	0	0	0	0	0	0	0	0	0	0	0	0	0	0	0	0	0	0
0	0	0	0	0	0	0	0	0	0	0	0	0	0	0	0	0	0	0	0	0	0	0	0	0	0	0	0	0	0	0	0	0	0	0	0	0	0.553098199095836	0	0.839283592693649	0	0	0	0.606762418900836	0.919192799027723	0.9282461823258	0	0	0.830709938711967	0.506811113291387	0.90370101017551	0.848215741118375	0	0.969297608440181	0	0	0	0	0	0	0	0	0	0	0	0	0	0	0	0	0	0	0	0	0	0	0	0	0	0	0	0	0	0	0	0	0	0	0	0
0	0	0	0	0	0	0	0	0	0	0	0	0	0	0	0	0	0	0	0	0	0	0	0	0	0	0	0	0	0	0	0	0	0	0	0	0	0	0	0.660121512688347	0.755273456785888	0	0	0	0	0.603243909883462	0	0.750743154595604	0	0.803926052184476	0	0.564517251869715	0	0	0	0	0	0	0	0	0	0	0	0	0	0	0	0	0	0	0	0	0	0	0	0	0	0	0	0	0	0	0	0	0	0	0	0	0	0
0	0	0	0	0	0	0	0	0	0	0	0	0	0	0	0	0	0	0	0	0	0	0	0	0	0	0	0	0	0	0	0	0	0	0	0	0	0	0	0	0.862513112532229	0.935538761737369	0	0	0.711170944266538	0.545340057043438	0.615039966429576	0.608140449561397	0.608616449425382	0	0.753060866278699	0	0	0	0	0	0	0	0	0	0	0	0	0	0	0	0	0	0	0	0	0	0	0	0	0	0	0	0	0	0	0	0	0	0	0	0	0	0	0
0	0	0	0	0	0	0	0	0	0	0	0	0	0	0	0	0	0	0	0	0	0	0	0	0	0	0	0	0	0	0	0	0	0	0	0	0.657478331934379	0	0	0	0	0	0	0	0	0	0	0.578588109744254	0	0.647311877241739	0	0.551464671062919	0.629246448111292	0.874179538426463	0	0	0	0	0	0	0	0	0	0	0	0	0	0	0	0	0	0	0	0	0	0	0	0	0	0	0	0	0	0	0	0	0	0	0	0
0	0	0	0	0	0	0	0	0	0	0	0	0	0	0	0	0	0	0	0	0	0	0	0	0	0	0	0	0	0	0	0	0	0	0	0	0	0.882355675495294	0	0	0	0	0	0.672490867130363	0	0	0.947330430975189	0.771727004087795	0.82098792065469	0	0.745545509671056	0	0.873983520164708	0.504374186135005	0	0	0	0	0	0	0	0	0	0	0	0	0	0	0	0	0	0	0	0	0	0	0	0	0	0	0	0	0	0	0	0	0	0	0	0
0	0	0	0	0	0	0	0	0	0	0	0	0	0	0	0	0	0	0	0	0	0	0	0	0	0	0	0	0	0	0	0	0	0	0	0	0.977312028540701	0.572085382604427	0.652063033630309	0	0	0.926505825519003	0.76939099064811	0	0	0	0	0	0	0	0.976796836308619	0.663363826030924	0	0.71038519921417	0	0	0	0	0	0	0	0	0	0	0	0	0	0	0	0	0	0	0	0	0	0	0	0	0	0	0	0	0	0	0	0	0	0	0	0
0	0	0	0	0	0	0	0	0	0	0	0	0	0	0	0	0	0	0	0	0	0	0	0	0	0	0	0	0	0	0	0	0	0	0	0	0.630621958880865	0	0.918656718737633	0	0	0	0.842144982343172	0	0	0	0.890341244284608	0.618081897676823	0	0	0.660340587683898	0.593177232611148	0.898017826632872	0	0	0	0	0	0	0	0	0	0	0	0	0	0	0	0	0	0	0	0	0	0	0	0	0	0	0	0	0	0	0	0	0	0	0	0	0
0	0	0	0	0	0	0	0	0	0	0	0	0	0	0	0	0	0	0	0	0	0	0	0	0	0	0	0	0	0	0	0	0	0	0	0	0	0	0	0	0	0	0	0	0	0	0	0	0	0	0	0	0	0	0	0.886958856455747	0.985075344041264	0.555254123832974	0.632458863100471	0.852135840931384	0.666068667790986	0.62235847868616	0	0	0	0.597139301848557	0.76877544540292	0.543446182260409	0.592634819686942	0.61616357520259	0.880582495090812	0.795833997484451	0	0	0	0	0	0	0	0	0	0	0	0	0	0	0	0	0	0
0	0	0	0	0	0	0	0	0	0	0	0	0	0	0	0	0	0	0	0	0	0	0	0	0	0	0	0	0	0	0	0	0	0	0	0	0	0	0	0	0	0	0	0	0	0	0	0	0	0	0	0	0	0	0.853493525044296	0	0.657966195644226	0.543867984022215	0.716492300185666	0.771091662252977	0.99565976188503	0.587523310342815	0.560998863030315	0	0	0	0.766961977352987	0.771272723838378	0.90000902917815	0.941508853804313	0.723626389524394	0.700200174876536	0	0	0	0	0	0	0	0	0	0	0	0	0	0	0	0	0	0
0	0	0	0	0	0	0	0	0	0	0	0	0	0	0	0	0	0	0	0	0	0	0	0	0	0	0	0	0	0	0	0	0	0	0	0	0	0	0	0	0	0	0	0	0	0	0	0	0	0	0	0	0	0	0.763979242439919	0.852565943707257	0	0.783369321989572	0.791129729026126	0.968239922327303	0.875727019519419	0.573514092999549	0.787974296536952	0.627796325078577	0	0	0	0.562011654924038	0.848241647879966	0.896273724767656	0.861310903379495	0	0	0	0	0	0	0	0	0	0	0	0	0	0	0	0	0	0	0
0	0	0	0	0	0	0	0	0	0	0	0	0	0	0	0	0	0	0	0	0	0	0	0	0	0	0	0	0	0	0	0	0	0	0	0	0	0	0	0	0	0	0	0	0	0	0	0	0	0	0	0	0	0	0.501672960849389	0.815641670951706	0.777017947132763	0	0.936806407116256	0.951882569262994	0.944939646854435	0.725151328847745	0.636011575744162	0.839729959499157	0.835495809201927	0	0	0	0.761409129483209	0.975746553869604	0.548893639104631	0.767674351397116	0	0	0	0	0	0	0	0	0	0	0	0	0	0	0	0	0	0
0	0	0	0	0	0	0	0	0	0	0	0	0	0	0	0	0	0	0	0	0	0	0	0	0	0	0	0	0	0	0	0	0	0	0	0	0	0	0	0	0	0	0	0	0	0	0	0	0	0	0	0	0	0	0.671066778624592	0.82192079919741	0.99878825318174	0.638530150417732	0	0.649576928603608	0.51997442405811	0.626482699408893	0.582536005205537	0.763817066161085	0.864174388354777	0.5492488285444	0	0	0	0.822360894749076	0.986147607988306	0.773477648020302	0	0	0	0	0	0	0	0	0	0	0	0	0	0	0	0	0	0
0	0	0	0	0	0	0	0	0	0	0	0	0	0	0	0	0	0	0	0	0	0	0	0	0	0	0	0	0	0	0	0	0	0	0	0	0	0	0	0	0	0	0	0	0	0	0	0	0	0	0	0	0	0	0.704162921942014	0.71853126873816	0.634878701821092	0.783913534747983	0.601661790064834	0	0.91272309670268	0.554621290250242	0.638830092562002	0.873463353454512	0.76057572360944	0.515478765501952	0.783565574771473	0	0.554434237089413	0	0.935641177467692	0.966236478908694	0	0	0	0	0	0	0	0	0	0	0	0	0	0	0	0	0	0
0	0	0	0	0	0	0	0	0	0	0	0	0	0	0	0	0	0	0	0	0	0	0	0	0	0	0	0	0	0	0	0	0	0	0	0	0	0	0	0	0	0	0	0	0	0	0	0	0	0	0	0	0	0	0.695145768278315	0.84514337944854	0.847840801082142	0.851966226526771	0.634131950737085	0.861171191297338	0	0.656531054364129	0.569378402865408	0.628175763268146	0.534428811656032	0.562354474381488	0.671572122455466	0.965901405428247	0	0	0	0.715445045425395	0	0	0	0	0	0	0	0	0	0	0	0	0	0	0	0	0	0
0	0	0	0	0	0	0	0	0	0	0	0	0	0	0	0	0	0	0	0	0	0	0	0	0	0	0	0	0	0	0	0	0	0	0	0	0	0	0	0	0	0	0	0	0	0	0	0	0	0	0	0	0	0	0.713989756766538	0.511764055245392	0.88381290817122	0.978413869611178	0.941783818717977	0.858713761419769	0.645783212875223	0	0.664748205839616	0.645019372354147	0.713728987780515	0.927786761033895	0.946647518595671	0.666312741093408	0.960983449858532	0	0	0	0	0	0	0	0	0	0	0	0	0	0	0	0	0	0	0	0	0
0	0	0	0	0	0	0	0	0	0	0	0	0	0	0	0	0	0	0	0	0	0	0	0	0	0	0	0	0	0	0	0	0	0	0	0	0	0	0	0	0	0	0	0	0	0	0	0	0	0	0	0	0	0	0	0.997741874938443	0.950424825225413	0.952298989702632	0.8362961639045	0.761376450989335	0.602712913182074	0.594287556743612	0	0.502787629762805	0.634944167902068	0.952840032307223	0.538564245849262	0.604611684322183	0.544165618736862	0.661783167918795	0	0	0	0	0	0	0	0	0	0	0	0	0	0	0	0	0	0	0	0
0	0	0	0	0	0	0	0	0	0	0	0	0	0	0	0	0	0	0	0	0	0	0	0	0	0	0	0	0	0	0	0	0	0	0	0	0	0	0	0	0	0	0	0	0	0	0	0	0	0	0	0	0	0	0	0	0.819432418756653	0.919706457974546	0.838567525853777	0.982236476666545	0.551929247759703	0.738565544011011	0.673609145065908	0	0.78502561757006	0.824456033518451	0.819499177099329	0.726903577964807	0.705872864617199	0.561299906118335	0.824206237442955	0.738654761144471	0	0	0	0	0	0	0	0	0	0	0	0	0	0	0	0	0	0
0	0	0	0	0	0	0	0	0	0	0	0	0	0	0	0	0	0	0	0	0	0	0	0	0	0	0	0	0	0	0	0	0	0	0	0	0	0	0	0	0	0	0	0	0	0	0	0	0	0	0	0	0	0	0	0	0	0.858384521108986	0.944595769708108	0.840133308583538	0.703027392344384	0.690303251882652	0.624787888613997	0.799085877375935	0	0.559223348439604	0.559795084218654	0.670080206185749	0.717646129492979	0.556194895511896	0.570010240941324	0.949513108967312	0	0	0	0	0	0	0	0	0	0	0	0	0	0	0	0	0	0
0	0	0	0	0	0	0	0	0	0	0	0	0	0	0	0	0	0	0	0	0	0	0	0	0	0	0	0	0	0	0	0	0	0	0	0	0	0	0	0	0	0	0	0	0	0	0	0	0	0	0	0	0	0	0.51966980379408	0	0	0	0.823244942393444	0.958035195775559	0.996716046910572	0.592734062549143	0.940841419692633	0.690093223540857	0.649593253040741	0	0.799120516784257	0.771357493279813	0.543537380876104	0.959760543805152	0.614102254254636	0.770499514179776	0	0	0	0	0	0	0	0	0	0	0	0	0	0	0	0	0	0
0	0	0	0	0	0	0	0	0	0	0	0	0	0	0	0	0	0	0	0	0	0	0	0	0	0	0	0	0	0	0	0	0	0	0	0	0	0	0	0	0	0	0	0	0	0	0	0	0	0	0	0	0	0	0.809275576895308	0.654799391305946	0	0	0	0.975482594384478	0.559362913817453	0.992200918888753	0.66054015476949	0.712592749629649	0.521694316986864	0.54487558411176	0	0.907455894358396	0.917132696387174	0.511268838821131	0.818189598863358	0.969147948831889	0	0	0	0	0	0	0	0	0	0	0	0	0	0	0	0	0	0
0	0	0	0	0	0	0	0	0	0	0	0	0	0	0	0	0	0	0	0	0	0	0	0	0	0	0	0	0	0	0	0	0	0	0	0	0	0	0	0	0	0	0	0	0	0	0	0	0	0	0	0	0	0	0.730986359387406	0.648451465278507	0.984959055258541	0	0	0	0.832948455238476	0.769200925844028	0.796757081082799	0.864675901075393	0.616306394487732	0.504664222173688	0.780014670650102	0	0.871127830259884	0.97609753057345	0.952843967663856	0.557024965522815	0	0	0	0	0	0	0	0	0	0	0	0	0	0	0	0	0	0
0	0	0	0	0	0	0	0	0	0	0	0	0	0	0	0	0	0	0	0	0	0	0	0	0	0	0	0	0	0	0	0	0	0	0	0	0	0	0	0	0	0	0	0	0	0	0	0	0	0	0	0	0	0	0.903181781893465	0.685945974696793	0.682888964786393	0.573409949245355	0	0.890667589835151	0	0.641332193659749	0.520980509719948	0.509398491705011	0.967787663527635	0.952596534137697	0.851606688734958	0.602600804559536	0	0.923467618959088	0	0.657896003913523	0	0	0	0	0	0	0	0	0	0	0	0	0	0	0	0	0	0
0	0	0	0	0	0	0	0	0	0	0	0	0	0	0	0	0	0	0	0	0	0	0	0	0	0	0	0	0	0	0	0	0	0	0	0	0	0	0	0	0	0	0	0	0	0	0	0	0	0	0	0	0	0	0.591110232186013	0.897712644374936	0.525760205622754	0.94257516437372	0.871155730739751	0	0	0	0.597003866484006	0.501847342727503	0.755393430001293	0.824992060792835	0.972415068557041	0.70653707371447	0.957999242581326	0	0.982819502739559	0.87417628998175	0	0	0	0	0	0	0	0	0	0	0	0	0	0	0	0	0	0
0	0	0	0	0	0	0	0	0	0	0	0	0	0	0	0	0	0	0	0	0	0	0	0	0	0	0	0	0	0	0	0	0	0	0	0	0	0	0	0	0	0	0	0	0	0	0	0	0	0	0	0	0	0	0.891697226001584	0.627065520264633	0.747424987165259	0.896089153270241	0.686855686075641	0.847102388335748	0	0	0	0.988666875190667	0.728907042097222	0.737106712879572	0.588426996030567	0.590688655553109	0	0.684125384163542	0	0.918842661944185	0	0	0	0	0	0	0	0	0	0	0	0	0	0	0	0	0	0
0	0	0	0	0	0	0	0	0	0	0	0	0	0	0	0	0	0	0	0	0	0	0	0	0	0	0	0	0	0	0	0	0	0	0	0	0	0	0	0	0	0	0	0	0	0	0	0	0	0	0	0	0	0	0.883439317657307	0.857300046980358	0	0.812608024906132	0.8116603468612	0.65338901537756	0.644889913486718	0	0	0.782896316430191	0.542829856861815	0.926289723912945	0.582085227180444	0.84729703889965	0.855654470299278	0.957830399203562	0.729641438765511	0	0	0	0	0	0	0	0	0	0	0	0	0	0	0	0	0	0	0
0	0	0	0	0	0	0	0	0	0	0	0	0	0	0	0	0	0	0	0	0	0	0	0	0	0	0	0	0	0	0	0	0	0	0	0	0	0	0	0	0	0	0	0	0	0	0	0	0	0	0	0	0	0	0	0	0	0	0	0	0	0	0	0	0	0	0	0	0	0	0	0	0	0.750259224901789	0.718808103772012	0.983387258154274	0	0	0	0	0	0	0	0	0	0	0	0.885540090579699	0.560515871970808	0.518290068974761
0	0	0	0	0	0	0	0	0	0	0	0	0	0	0	0	0	0	0	0	0	0	0	0	0	0	0	0	0	0	0	0	0	0	0	0	0	0	0	0	0	0	0	0	0	0	0	0	0	0	0	0	0	0	0	0	0	0	0	0	0	0	0	0	0	0	0	0	0	0	0	0	0.74216519877417	0	0	0.797427540363747	0.988258265645214	0	0	0	0	0	0	0	0	0	0.71815216323282	0.937122241288181	0.953135299603191	0
0	0	0	0	0	0	0	0	0	0	0	0	0	0	0	0	0	0	0	0	0	0	0	0	0	0	0	0	0	0	0	0	0	0	0	0	0	0	0	0	0	0	0	0	0	0	0	0	0	0	0	0	0	0	0	0	0	0	0	0	0	0	0	0	0	0	0	0	0	0	0	0	0.84799902676806	0	0	0.901187100686742	0.690631481154401	0	0	0	0.866077702990125	0	0	0	0.830648759998064	0.706475412912703	0	0.792875721368263	0	0
0	0	0	0	0	0	0	0	0	0	0	0	0	0	0	0	0	0	0	0	0	0	0	0	0	0	0	0	0	0	0	0	0	0	0	0	0	0	0	0	0	0	0	0	0	0	0	0	0	0	0	0	0	0	0	0	0	0	0	0	0	0	0	0	0	0	0	0	0	0	0	0	0.91034347038982	0.837800653837117	0.941947628691376	0	0.836910224333251	0.959524195862394	0.919078199880945	0	0	0	0	0	0	0	0.683871326710575	0	0	0
0	0	0	0	0	0	0	0	0	0	0	0	0	0	0	0	0	0	0	0	0	0	0	0	0	0	0	0	0	0	0	0	0	0	0	0	0	0	0	0	0	0	0	0	0	0	0	0	0	0	0	0	0	0	0	0	0	0	0	0	0	0	0	0	0	0	0	0	0	0	0	0	0	0.583862547497895	0.698341400808452	0.537450128986498	0	0	0.992287492603058	0.779676307394097	0	0.576899093585787	0	0	0	0.828666629026602	0	0	0	0
0	0	0	0	0	0	0	0	0	0	0	0	0	0	0	0	0	0	0	0	0	0	0	0	0	0	0	0	0	0	0	0	0	0	0	0	0	0	0	0	0	0	0	0	0	0	0	0	0	0	0	0	0	0	0	0	0	0	0	0	0	0	0	0	0	0	0	0	0	0	0	0	0	0	0	0.643776482944497	0	0	0	0.78303511425705	0.864932430857659	0	0	0	0	0.58048824385001	0	0.695192491971685	0	0
0	0	0	0	0	0	0	0	0	0	0	0	0	0	0	0	0	0	0	0	0	0	0	0	0	0	0	0	0	0	0	0	0	0	0	0	0	0	0	0	0	0	0	0	0	0	0	0	0	0	0	0	0	0	0	0	0	0	0	0	0	0	0	0	0	0	0	0	0	0	0	0	0	0	0	0.601117740974232	0.65201906162176	0	0	0	0.786711236907633	0.575914643987344	0	0	0	0	0	0	0.951548705257057	0.612102640986397
0	0	0	0	0	0	0	0	0	0	0	0	0	0	0	0	0	0	0	0	0	0	0	0	0	0	0	0	0	0	0	0	0	0	0	0	0	0	0	0	0	0	0	0	0	0	0	0	0	0	0	0	0	0	0	0	0	0	0	0	0	0	0	0	0	0	0	0	0	0	0	0	0	0	0	0	0.681046460320121	0.723129206401025	0	0	0.759659202824316	0.808186772435917	0.980718329922099	0	0	0	0	0	0	0
0	0	0	0	0	0	0	0	0	0	0	0	0	0	0	0	0	0	0	0	0	0	0	0	0	0	0	0	0	0	0	0	0	0	0	0	0	0	0	0	0	0	0	0	0	0	0	0	0	0	0	0	0	0	0	0	0	0	0	0	0	0	0	0	0	0	0	0	0	0	0	0	0	0	0.682227547523902	0	0	0.522760490323094	0.681940381260043	0.712227075092518	0	0.665804312581062	0	0	0	0	0	0	0.561973028227287	0
0	0	0	0	0	0	0	0	0	0	0	0	0	0	0	0	0	0	0	0	0	0	0	0	0	0	0	0	0	0	0	0	0	0	0	0	0	0	0	0	0	0	0	0	0	0	0	0	0	0	0	0	0	0	0	0	0	0	0	0	0	0	0	0	0	0	0	0	0	0	0	0	0	0	0	0	0.716547923390006	0	0.750698262029931	0.61536940526959	0.983696537564076	0	0.536886204034785	0.971744840218896	0.735876751801243	0	0	0	0	0
0	0	0	0	0	0	0	0	0	0	0	0	0	0	0	0	0	0	0	0	0	0	0	0	0	0	0	0	0	0	0	0	0	0	0	0	0	0	0	0	0	0	0	0	0	0	0	0	0	0	0	0	0	0	0	0	0	0	0	0	0	0	0	0	0	0	0	0	0	0	0	0	0	0	0	0	0	0	0	0.800895088383681	0	0.613624975967934	0	0.626982568232656	0.994555020196832	0.888052912819472	0	0	0	0
0	0	0	0	0	0	0	0	0	0	0	0	0	0	0	0	0	0	0	0	0	0	0	0	0	0	0	0	0	0	0	0	0	0	0	0	0	0	0	0	0	0	0	0	0	0	0	0	0	0	0	0	0	0	0	0	0	0	0	0	0	0	0	0	0	0	0	0	0	0	0	0	0	0	0	0	0	0	0	0	0	0.908766719178996	0.798702545253499	0	0.895996273163504	0.784110181104352	0.891022670007417	0	0	0.641195814602334
0	0	0	0	0	0	0	0	0	0	0	0	0	0	0	0	0	0	0	0	0	0	0	0	0	0	0	0	0	0	0	0	0	0	0	0	0	0	0	0	0	0	0	0	0	0	0	0	0	0	0	0	0	0	0	0	0	0	0	0	0	0	0	0	0	0	0	0	0	0	0	0	0	0	0.840741864827482	0	0	0	0	0	0	0.511152967974222	0.957790039455819	0.924531522090164	0	0	0.910875330512063	0.954999034280241	0	0
0	0	0	0	0	0	0	0	0	0	0	0	0	0	0	0	0	0	0	0	0	0	0	0	0	0	0	0	0	0	0	0	0	0	0	0	0	0	0	0	0	0	0	0	0	0	0	0	0	0	0	0	0	0	0	0	0	0	0	0	0	0	0	0	0	0	0	0	0	0	0	0	0	0	0.592173971899426	0	0.80609617301027	0.634046778545152	0	0	0	0	0.819231015753466	0.922121306384883	0	0	0.859862544171838	0	0	0
0	0	0	0	0	0	0	0	0	0	0	0	0	0	0	0	0	0	0	0	0	0	0	0	0	0	0	0	0	0	0	0	0	0	0	0	0	0	0	0	0	0	0	0	0	0	0	0	0	0	0	0	0	0	0	0	0	0	0	0	0	0	0	0	0	0	0	0	0	0	0	0	0	0.888407488281361	0	0.920622280264585	0	0	0	0	0	0	0	0.625436021117305	0.967148491186527	0.61240668141113	0	0.877737008730942	0	0
0	0	0	0	0	0	0	0	0	0	0	0	0	0	0	0	0	0	0	0	0	0	0	0	0	0	0	0	0	0	0	0	0	0	0	0	0	0	0	0	0	0	0	0	0	0	0	0	0	0	0	0	0	0	0	0	0	0	0	0	0	0	0	0	0	0	0	0	0	0	0	0	0.560798909361543	0.579360396419672	0.857378026231008	0	0	0.75181185736914	0	0	0	0	0	0	0.53223578897896	0	0.867683595538597	0	0	0.7375583524931
0	0	0	0	0	0	0	0	0	0	0	0	0	0	0	0	0	0	0	0	0	0	0	0	0	0	0	0	0	0	0	0	0	0	0	0	0	0	0	0	0	0	0	0	0	0	0	0	0	0	0	0	0	0	0	0	0	0	0	0	0	0	0	0	0	0	0	0	0	0	0	0	0.81932793902814	0.645130950614326	0	0	0	0	0.801788543150007	0	0.656694514071	0	0	0	0	0	0	0	0	0.599470929559285
0	0	0	0	0	0	0	0	0	0	0	0	0	0	0	0	0	0	0	0	0	0	0	0	0	0	0	0	0	0	0	0	0	0	0	0	0	0	0	0	0	0	0	0	0	0	0	0	0	0	0	0	0	0	0	0	0	0	0	0	0	0	0	0	0	0	0	0	0	0	0	0	0.58937444550419	0	0	0	0	0	0.968672515148646	0	0	0	0	0.726902884607755	0	0	0	0.596365052063036	0.770528234123317	0
