0	0	0.608371265067074	0.694052565134049	0.741118699520938	0	0.924761063682252	0.78121119227043	0	0.572198106178547	0	0	0.564834605946687	0.831993833531848	0	0.721480778714101	0	0.677293933673523	0.948079970986585	0.955649073838648	0	0	0.567538665015213	0.832488374207571	0	0	0.944339146104301	0	0	0	0	0	0	0	0	0	0	0	0	0	0	0	0	0	0	0	0	0	0	0	0	0	0	0	0	0	0	0	0	0	0	0	0	0	0	0	0	0	0	0	0	0	0	0	0	0	0	0	0	0	0	0	0	0	0	0	0	0	0	0
0	0	0	0	0.6410804440762	0	0.963722602104421	0.607527573975722	0	0	0.737584165955787	0	0	0	0.873278466830293	0	0	0.770918105767188	0	0.781533725999561	0.894046497662378	0.724013110714153	0	0	0	0.660383469216024	0	0	0	0.793632507728317	0	0	0	0	0	0	0	0	0	0	0	0	0	0	0	0	0	0	0	0	0	0	0	0	0	0	0	0	0	0	0	0	0	0	0	0	0	0	0	0	0	0	0	0	0	0	0	0	0	0	0	0	0	0	0	0	0	0	0	0
0.516935921977239	0	0	0.926037969119114	0.803140078852363	0.550924212283027	0.947881958776836	0.92096055798589	0	0.639613453756413	0	0	0.689844398418602	0.858159391379571	0	0	0.587217168734023	0	0.772724977133683	0	0.983269834224964	0	0.651891169160418	0	0	0	0	0	0	0	0	0	0	0	0	0	0	0	0	0	0	0	0	0	0	0	0	0	0	0	0	0	0	0	0	0	0	0	0	0	0	0	0	0	0	0	0	0	0	0	0	0	0	0	0	0	0	0	0	0	0	0	0	0	0	0	0	0	0	0
0.503442538233408	0	0.676750783384898	0	0.586226382185371	0	0.847851787188987	0	0.682819764374178	0.769097132195232	0	0	0.563025968093952	0	0	0.583258693231567	0.98531912961381	0	0	0.715326221508812	0	0.908215294299134	0	0	0	0.568550358357523	0	0	0	0.519441233076145	0	0	0	0	0	0	0	0	0	0	0	0	0	0	0	0	0	0	0	0	0	0	0	0	0	0	0	0	0	0	0	0	0	0	0	0	0	0	0	0	0	0	0	0	0	0	0	0	0	0	0	0	0	0	0	0	0	0	0	0
0.847004403985501	0.977831454953064	0.706963500018214	0.884815923547704	0	0	0.51761541556633	0.973369894955097	0	0	0	0	0.97606908939481	0	0.5436937544945	0	0.734158021233251	0	0	0.950218999154652	0.931714073709745	0	0.692947376334127	0	0	0	0	0.710379427650628	0	0	0	0	0	0	0	0	0	0	0	0	0	0	0	0	0	0	0	0	0	0	0	0	0	0	0	0	0	0	0	0	0	0	0	0	0	0	0	0	0	0	0	0	0	0	0	0	0	0	0	0	0	0	0	0	0	0	0	0	0	0
0	0	0.673462733542385	0	0	0	0.801776405873356	0	0	0	0.952556366684185	0.907146211607882	0.992124524804443	0	0	0.756346969586357	0.586814514422374	0	0.777074252537803	0.925625753167773	0.986546523484447	0.733454117686361	0	0	0	0	0	0	0	0.542250296906924	0	0	0	0	0	0	0	0	0	0	0	0	0	0	0	0	0	0	0	0	0	0	0	0	0	0	0	0	0	0	0	0	0	0	0	0	0	0	0	0	0	0	0	0	0	0	0	0	0	0	0	0	0	0	0	0	0	0	0	0
0.940324640473006	0.702046982461796	0.545616368505414	0.743762718266136	0.961125676692437	0.608419760573762	0	0.953889928363843	0.809473578598645	0.898938817898897	0	0.639224024313299	0	0	0.93132760467626	0	0	0.762721214155853	0.928165555023393	0	0	0	0	0	0	0.854493141845856	0.838476135124408	0	0.946885009896475	0	0	0	0	0	0	0	0	0	0	0	0	0	0	0	0	0	0	0	0	0	0	0	0	0	0	0	0	0	0	0	0	0	0	0	0	0	0	0	0	0	0	0	0	0	0	0	0	0	0	0	0	0	0	0	0	0	0	0	0	0
0.526070740114082	0.559616812557208	0.656758364966093	0	0.954583371803713	0	0.684071448677409	0	0	0.662516829653546	0.877061557725257	0	0	0.732399780441491	0	0	0.653577294808092	0	0.771664690716708	0	0.86319461852823	0	0.65419254009132	0	0.945063397537403	0	0.577062702818535	0.628221663218247	0	0.587346118698183	0	0	0	0	0	0	0	0	0	0	0	0	0	0	0	0	0	0	0	0	0	0	0	0	0	0	0	0	0	0	0	0	0	0	0	0	0	0	0	0	0	0	0	0	0	0	0	0	0	0	0	0	0	0	0	0	0	0	0	0
0	0	0	0.839339665505397	0	0	0.567773562597051	0	0	0	0	0.646716080701449	0	0	0.623137344334992	0.817919007921147	0.757059259045014	0.550893666152782	0.666549525984077	0.617968146487314	0	0	0.845956318261703	0	0	0	0.759606022784316	0.7676645108197	0.780588841768819	0	0	0	0	0	0	0	0	0	0	0	0	0	0	0	0	0	0	0	0	0	0	0	0	0	0	0	0	0	0	0	0	0	0	0	0	0	0	0	0	0	0	0	0	0	0	0	0	0	0	0	0	0	0	0	0	0	0	0	0	0
0.705067382364133	0	0.622874444548867	0.679738707866164	0	0	0.940300460261243	0.735603394892639	0	0	0	0	0	0	0	0	0.504393230269904	0	0	0	0.527556554769507	0.672589969164454	0.945887178272226	0.832489935655685	0.595599963301072	0.922050464579957	0	0	0	0	0	0	0	0	0	0	0	0	0	0	0	0	0	0	0	0	0	0	0	0	0	0	0	0	0	0	0	0	0	0	0	0	0	0	0	0	0	0	0	0	0	0	0	0	0	0	0	0	0	0	0	0	0	0	0	0	0	0	0	0
0	0.722571440447394	0	0	0	0.63031779266412	0	0.686022702000701	0	0	0	0.588875079175247	0	0.524374757437137	0.770209781784847	0	0.557304075063958	0	0.51123413335575	0.971934647229151	0	0	0	0.772931674519559	0	0	0.628722016213883	0.781409746518389	0.646224847895687	0	0	0	0	0	0	0	0	0	0	0	0	0	0	0	0	0	0	0	0	0	0	0	0	0	0	0	0	0	0	0	0	0	0	0	0	0	0	0	0	0	0	0	0	0	0	0	0	0	0	0	0	0	0	0	0	0	0	0	0	0
0	0	0	0	0	0.564092143131568	0.883564558352779	0	0.782682528785751	0	0.855708421144008	0	0.988760195786659	0.803303058983589	0	0.518251491892495	0	0.76178907955903	0.785173689383462	0.551526394133568	0	0.692310993819643	0	0	0.61537594005286	0.778932728815928	0.660577921757425	0.713313658986897	0.871845298217271	0.569605032321812	0	0	0	0	0	0	0	0	0	0	0	0	0	0	0	0	0	0	0	0	0	0	0	0	0	0	0	0	0	0	0	0	0	0	0	0	0	0	0	0	0	0	0	0	0	0	0	0	0	0	0	0	0	0	0	0	0	0	0	0
0.572652337576879	0	0.830539633036564	0.750275253718064	0.856686423625715	0.96840606907888	0	0	0	0	0	0.696386479650488	0	0.501559355895318	0.667056928514395	0.92865337547726	0	0	0	0	0	0	0	0.886200196546709	0	0	0.975312376421628	0.512785404249879	0.876616320920377	0	0	0	0	0	0	0	0	0	0	0	0	0	0	0	0	0	0	0	0	0	0	0	0	0	0	0	0	0	0	0	0	0	0	0	0	0	0	0	0	0	0	0	0	0	0	0	0	0	0	0	0	0	0	0	0	0	0	0	0	0
0.513624137385831	0	0.880781572077591	0	0	0	0	0.782821492970292	0	0	0.946582242197491	0.564838471775499	0.522346714905838	0	0	0.889695866481065	0.627274479982695	0	0	0	0	0	0.854242622831397	0.654531228547296	0	0	0	0.988885429326307	0.812788303633141	0	0	0	0	0	0	0	0	0	0	0	0	0	0	0	0	0	0	0	0	0	0	0	0	0	0	0	0	0	0	0	0	0	0	0	0	0	0	0	0	0	0	0	0	0	0	0	0	0	0	0	0	0	0	0	0	0	0	0	0	0
0	0.961547040883065	0	0	0.58978976601564	0	0.580571730127736	0	0.657894961290768	0	0.560710838398211	0	0.69060074060459	0	0	0.655854382472054	0.80547499391207	0.500010225412418	0	0	0.93245447553144	0.573411035603746	0	0	0	0	0.660363837097064	0	0	0.777829489428182	0	0	0	0	0	0	0	0	0	0	0	0	0	0	0	0	0	0	0	0	0	0	0	0	0	0	0	0	0	0	0	0	0	0	0	0	0	0	0	0	0	0	0	0	0	0	0	0	0	0	0	0	0	0	0	0	0	0	0	0
0.507627082760816	0	0	0.67806953366543	0	0.687140107485096	0	0	0.511196712445425	0	0	0.996212728897448	0.666602417217455	0.693844367239582	0.633588107519249	0	0	0.551133424478036	0	0	0	0.753850634787715	0	0.555444266822318	0.847014116030381	0	0	0	0.698728658275781	0.579440747884389	0	0	0	0	0	0	0	0	0	0	0	0	0	0	0	0	0	0	0	0	0	0	0	0	0	0	0	0	0	0	0	0	0	0	0	0	0	0	0	0	0	0	0	0	0	0	0	0	0	0	0	0	0	0	0	0	0	0	0	0
0	0	0.856736482189108	0.521147513361384	0.77692634766908	0.809912198222069	0	0.908107354551267	0.58793576926244	0.808742149023515	0.973136961903891	0	0	0.960161167560616	0.819482682123311	0	0	0.5616132419501	0.675667708818402	0	0.815657057582557	0.700686268726998	0.630705495929672	0.649630663112638	0	0.889492428109447	0.540180300321983	0	0.672805756130836	0.68024685608036	0	0	0	0	0	0	0	0	0	0	0	0	0	0	0	0	0	0	0	0	0	0	0	0	0	0	0	0	0	0	0	0	0	0	0	0	0	0	0	0	0	0	0	0	0	0	0	0	0	0	0	0	0	0	0	0	0	0	0	0
0.730532583671369	0.542203972897582	0	0	0	0	0.672316472795623	0	0.538353831044239	0	0	0.610634435485097	0	0	0.510363081213673	0.943162789856779	0.553920098371892	0	0	0	0.549852037917851	0.665840617252174	0	0.876636199187302	0.691374359545278	0.891364801378001	0	0	0.522835923034657	0.940109142009083	0	0	0	0	0	0	0	0	0	0	0	0	0	0	0	0	0	0	0	0	0	0	0	0	0	0	0	0	0	0	0	0	0	0	0	0	0	0	0	0	0	0	0	0	0	0	0	0	0	0	0	0	0	0	0	0	0	0	0	0
0.734670611670182	0	0.918768752556767	0	0	0.86505870460011	0.748131649804876	0.713804150450124	0.814993079506779	0	0.729513182317165	0.685673220407614	0	0	0	0	0.526993187652027	0	0	0	0	0.772843810230153	0.858893759306764	0	0.789212917098082	0.88312745587584	0.773771856314605	0	0	0	0	0	0	0	0	0	0	0	0	0	0	0	0	0	0	0	0	0	0	0	0	0	0	0	0	0	0	0	0	0	0	0	0	0	0	0	0	0	0	0	0	0	0	0	0	0	0	0	0	0	0	0	0	0	0	0	0	0	0	0
0.908852781879354	0.916829970210465	0	0.869442268897917	0.898621563424955	0.675837795099007	0	0	0.696139893638816	0	0.674016398855439	0.636553021792783	0	0	0	0	0	0	0	0	0	0.631357832958424	0.999128025680184	0.555317215778576	0.90762982675985	0.507019410170526	0	0	0.968605800625927	0	0	0	0	0	0	0	0	0	0	0	0	0	0	0	0	0	0	0	0	0	0	0	0	0	0	0	0	0	0	0	0	0	0	0	0	0	0	0	0	0	0	0	0	0	0	0	0	0	0	0	0	0	0	0	0	0	0	0	0	0
0	0.981135249260584	0.702551447907637	0	0.987676632581828	0.71390175750711	0	0.833044155730307	0	0.50936329900793	0	0	0	0	0.536697419239868	0	0.982562391726129	0.572580241508157	0	0	0	0.976668538685303	0.553565371075749	0	0	0.609667317541151	0.951128791119011	0	0.584243916956148	0.759815656266747	0	0	0	0	0	0	0	0	0	0	0	0	0	0	0	0	0	0	0	0	0	0	0	0	0	0	0	0	0	0	0	0	0	0	0	0	0	0	0	0	0	0	0	0	0	0	0	0	0	0	0	0	0	0	0	0	0	0	0	0
0	0.690549533084307	0	0.934823445060439	0	0.60678431654002	0	0	0	0.974198826891607	0	0.723697470907116	0	0	0.770741833351109	0.866507413387239	0.569418045605683	0.857355709594677	0.645531560918932	0.589218862713799	0.597643920147613	0	0	0	0.979149225806474	0	0	0.516954430327679	0.682240582928605	0.613726070707822	0	0	0	0	0	0	0	0	0	0	0	0	0	0	0	0	0	0	0	0	0	0	0	0	0	0	0	0	0	0	0	0	0	0	0	0	0	0	0	0	0	0	0	0	0	0	0	0	0	0	0	0	0	0	0	0	0	0	0	0
0.518729059487801	0	0.568623783435321	0	0.616575833388162	0	0	0.826636263798013	0.820214076196865	0.606529314443026	0	0	0	0.973504520813653	0	0	0.810656033436014	0	0.844725330152779	0.553391811608542	0.882773974621369	0	0	0	0.672895600517283	0	0	0.995039039789079	0.938888958007849	0	0	0	0	0	0	0	0	0	0	0	0	0	0	0	0	0	0	0	0	0	0	0	0	0	0	0	0	0	0	0	0	0	0	0	0	0	0	0	0	0	0	0	0	0	0	0	0	0	0	0	0	0	0	0	0	0	0	0	0	0
0.901241043523492	0	0	0	0	0	0	0	0	0.996895458828165	0.779196640224889	0	0.9385768534731	0.812979931527497	0	0.875257548671628	0.567962076267442	0.600075904539363	0	0.584513480677526	0	0	0	0	0	0.953031756666712	0.927979445763165	0	0.799010190887778	0.757931870264671	0	0	0	0	0	0	0	0	0	0	0	0	0	0	0	0	0	0	0	0	0	0	0	0	0	0	0	0	0	0	0	0	0	0	0	0	0	0	0	0	0	0	0	0	0	0	0	0	0	0	0	0	0	0	0	0	0	0	0	0
0	0	0	0	0	0	0	0.66374542272883	0	0.582572686064115	0	0.771469841836106	0	0	0	0.57357421739293	0	0.917688586015653	0.818145856999805	0.954189318588797	0	0.690861133935633	0.928749924893309	0	0	0.986919789835133	0.611049415095774	0	0	0	0	0	0	0	0	0	0	0	0	0	0	0	0	0	0	0	0	0	0	0	0	0	0	0	0	0	0	0	0	0	0	0	0	0	0	0	0	0	0	0	0	0	0	0	0	0	0	0	0	0	0	0	0	0	0	0	0	0	0	0
0	0.698876349822644	0	0.721362824275311	0	0	0.806253383471208	0	0	0.645793847196443	0	0.90631066995455	0	0	0	0	0.834643730270819	0.923541106953303	0.529156886029481	0.50653950771129	0.901300886440451	0	0	0.899610730798689	0.851922884805234	0	0	0.56819856728268	0	0.788881909118536	0	0	0	0	0	0	0	0	0	0	0	0	0	0	0	0	0	0	0	0	0	0	0	0	0	0	0	0	0	0	0	0	0	0	0	0	0	0	0	0	0	0	0	0	0	0	0	0	0	0	0	0	0	0	0	0	0	0	0	0
0.532651631752307	0	0	0	0	0	0.545211222873456	0.93785178815427	0.701113083634796	0	0.55185041634065	0.834223485876888	0.81055489438182	0	0.962030240660309	0	0.678394452094436	0	0.65079819356494	0	0.753561925864188	0	0	0.76756504873015	0.900756779285191	0	0	0	0	0.958575164585443	0	0	0	0	0	0	0	0	0	0	0	0	0	0	0	0	0	0	0	0	0	0	0	0	0	0	0	0	0	0	0	0	0	0	0	0	0	0	0	0	0	0	0	0	0	0	0	0	0	0	0	0	0	0	0	0	0	0	0	0
0	0	0	0	0.618838806501167	0	0	0.675733996647334	0.560430442331746	0	0.8825191047097	0.905840537509245	0.78606591515459	0.565442519238642	0	0	0	0	0	0	0	0.554422378955407	0.735737034565674	0	0	0.968817863470518	0	0	0.977292147768476	0.717224324421234	0	0	0	0	0	0	0	0	0	0	0	0	0	0	0	0	0	0	0	0	0	0	0	0	0	0	0	0	0	0	0	0	0	0	0	0	0	0	0	0	0	0	0	0	0	0	0	0	0	0	0	0	0	0	0	0	0	0	0	0
0	0	0	0	0	0	0.600028312087102	0	0.920057799138688	0	0.70838791795015	0.863944093806354	0.728163637940646	0.556561028149543	0	0.862221781657537	0.832089427230308	0.820210076838721	0	0.923190634539316	0.500529584232697	0.867160261001798	0.96438361736338	0.67184487669585	0	0	0	0.863229843863918	0	0.590099246117604	0	0	0	0	0	0	0	0	0	0	0	0	0	0	0	0	0	0	0	0	0	0	0	0	0	0	0	0	0	0	0	0	0	0	0	0	0	0	0	0	0	0	0	0	0	0	0	0	0	0	0	0	0	0	0	0	0	0	0	0
0	0.834726388871687	0	0.571558187800656	0	0.641623763424404	0	0.812576704027289	0	0	0	0.656355863193091	0	0	0.953913251660935	0.872667971529	0.54544642375407	0.933191526341862	0	0	0.893362672454052	0.593158839067085	0	0.847661879928726	0	0.907612466660523	0.704534400911933	0.638622859089404	0.605339346579093	0	0	0	0	0	0	0	0	0	0	0	0	0	0	0	0	0	0	0	0	0	0	0	0	0	0	0	0	0	0	0	0	0	0	0	0	0	0	0	0	0	0	0	0	0	0	0	0	0	0	0	0	0	0	0	0	0	0	0	0	0
0	0	0	0	0	0	0	0	0	0	0	0	0	0	0	0	0	0	0	0	0	0	0	0	0	0	0	0	0	0	0	0.811170577703376	0.877753696617304	0.957781192011389	0.740417022252755	0	0	0	0	0	0	0	0	0	0	0	0	0	0	0	0	0	0	0	0	0	0.757812090674133	0.724238006948906	0.553233168872864	0.942091953369853	0	0	0	0	0	0	0	0	0	0	0	0	0	0	0	0	0	0	0	0	0	0	0	0	0	0	0	0	0	0
0	0	0	0	0	0	0	0	0	0	0	0	0	0	0	0	0	0	0	0	0	0	0	0	0	0	0	0	0	0	0.558733559391794	0	0.64386959828704	0.754301963445335	0	0.91255411816505	0	0.75687469447288	0	0	0.94152822898264	0	0	0	0	0	0	0	0	0	0	0	0	0	0	0	0	0.742246072076278	0.681019152979762	0	0	0	0	0	0	0	0	0	0	0	0	0	0	0	0	0	0	0	0	0	0	0	0	0	0	0	0	0	0	0
0	0	0	0	0	0	0	0	0	0	0	0	0	0	0	0	0	0	0	0	0	0	0	0	0	0	0	0	0	0	0.836727673221324	0.928100792556157	0	0.847789743649395	0.822818577805515	0	0	0.83491097556947	0	0	0	0	0	0	0	0.889430258104904	0	0	0	0	0	0	0	0	0	0	0	0	0.971857634743172	0.620424120076895	0	0	0	0	0	0	0	0	0	0	0	0	0	0	0	0	0	0	0	0	0	0	0	0	0	0	0	0	0	0
0	0	0	0	0	0	0	0	0	0	0	0	0	0	0	0	0	0	0	0	0	0	0	0	0	0	0	0	0	0	0.868763899080845	0.825023152601502	0.770270682862723	0	0	0.906457962945417	0.792934356795217	0.533900384288305	0	0	0	0	0	0	0	0	0	0	0.667565912843346	0	0	0	0.869156286748709	0	0	0	0.86950540065532	0	0	0.671729592761859	0	0	0	0	0	0	0	0	0	0	0	0	0	0	0	0	0	0	0	0	0	0	0	0	0	0	0	0	0	0
0	0	0	0	0	0	0	0	0	0	0	0	0	0	0	0	0	0	0	0	0	0	0	0	0	0	0	0	0	0	0.601219115502501	0	0.777717035020255	0	0	0.84215365876905	0.796406894451286	0.660963843739555	0.921511917480847	0.625760586876842	0	0	0	0	0	0	0	0	0	0	0.651864256030387	0	0	0	0.634551939041002	0	0	0	0.778442000556513	0	0	0	0	0	0	0	0	0	0	0	0	0	0	0	0	0	0	0	0	0	0	0	0	0	0	0	0	0	0	0
0	0	0	0	0	0	0	0	0	0	0	0	0	0	0	0	0	0	0	0	0	0	0	0	0	0	0	0	0	0	0	0.813806365839898	0	0.602339621644177	0.550262479963159	0	0.755824647249291	0.531906752699922	0.868915928474037	0.764470873515545	0	0	0.719740783132303	0	0	0	0	0	0	0	0	0	0	0	0	0	0	0	0	0	0	0	0	0	0	0	0	0	0	0	0	0	0	0	0	0	0	0	0	0	0	0	0	0	0	0	0	0	0	0
0	0	0	0	0	0	0	0	0	0	0	0	0	0	0	0	0	0	0	0	0	0	0	0	0	0	0	0	0	0	0	0	0	0.548390720197013	0.749053084993945	0.887521272321748	0	0.980951407261075	0.641791480994251	0.824297613684501	0.603334249468944	0	0	0	0	0	0	0	0	0	0	0	0	0	0	0.624814281882708	0	0	0	0	0	0	0	0	0	0	0	0	0	0	0	0	0	0	0	0	0	0	0	0	0	0	0	0	0	0	0	0	0	0
0	0	0	0	0	0	0	0	0	0	0	0	0	0	0	0	0	0	0	0	0	0	0	0	0	0	0	0	0	0	0	0.926826824074151	0.772632806031867	0.827574420888739	0.823050197035275	0.882048297775234	0.656306493608499	0	0	0.973799709613829	0.850615198492612	0.585299846373661	0	0	0	0	0	0	0	0	0	0	0	0	0	0.578064445249171	0	0	0	0	0	0	0	0	0	0	0	0	0	0	0	0	0	0	0	0	0	0	0	0	0	0	0	0	0	0	0	0	0	0
0	0	0	0	0	0	0	0	0	0	0	0	0	0	0	0	0	0	0	0	0	0	0	0	0	0	0	0	0	0	0	0	0	0	0.52108602474826	0.636467756885519	0.884384455189331	0	0	0.958198938068484	0.900872866180274	0	0.690297155311853	0	0.554871605320121	0.596696866136755	0	0	0.535395926178828	0	0	0	0	0	0.651310515917818	0	0	0.666991695223838	0	0	0	0	0	0	0	0	0	0	0	0	0	0	0	0	0	0	0	0	0	0	0	0	0	0	0	0	0	0	0	0
0	0	0	0	0	0	0	0	0	0	0	0	0	0	0	0	0	0	0	0	0	0	0	0	0	0	0	0	0	0	0	0	0	0	0.960363231812153	0.972755200277331	0.785059764645049	0.811167470369822	0.675162345971424	0	0.882604843033387	0.951943774840824	0	0	0	0	0	0	0.702758857420002	0	0	0	0.757613847717967	0	0	0.862639805093923	0	0	0	0	0	0	0	0	0	0	0	0	0	0	0	0	0	0	0	0	0	0	0	0	0	0	0	0	0	0	0	0	0	0
0	0	0	0	0	0	0	0	0	0	0	0	0	0	0	0	0	0	0	0	0	0	0	0	0	0	0	0	0	0	0	0.841490823111661	0	0	0	0	0.515585965954337	0.562722338881873	0.952014796578095	0.579683139259812	0	0	0	0.863251115014759	0	0	0	0.682327805721139	0	0	0.712826157169133	0	0	0.605672253913833	0	0	0.61129660499738	0	0	0	0	0	0	0	0	0	0	0	0	0	0	0	0	0	0	0	0	0	0	0	0	0	0	0	0	0	0	0	0	0
0	0	0	0	0	0	0	0	0	0	0	0	0	0	0	0	0	0	0	0	0	0	0	0	0	0	0	0	0	0	0	0	0	0	0	0	0	0.734150655304145	0	0.822153235678608	0	0	0.732034471417325	0.599712912374242	0.717033565642785	0.6102833412365	0	0	0	0	0	0	0	0	0	0	0	0	0	0	0	0	0	0	0	0	0	0	0	0	0	0	0	0	0	0	0	0	0	0	0	0	0	0	0	0	0	0	0	0
0	0	0	0	0	0	0	0	0	0	0	0	0	0	0	0	0	0	0	0	0	0	0	0	0	0	0	0	0	0	0	0	0	0	0	0.906741573834898	0	0	0.732852435711453	0	0	0.887984849461987	0	0	0.5157316940744	0.567008803151992	0.836073886183089	0	0	0	0	0	0	0	0	0	0	0	0	0	0	0	0	0	0	0	0	0	0	0	0	0	0	0	0	0	0	0	0	0	0	0	0	0	0	0	0	0	0	0
0	0	0	0	0	0	0	0	0	0	0	0	0	0	0	0	0	0	0	0	0	0	0	0	0	0	0	0	0	0	0	0	0	0	0	0	0	0	0	0	0.81655636881183	0.676700967748586	0	0	0.620628306215572	0.924325644360314	0.849233827176064	0.772578370304724	0	0	0	0	0	0	0	0	0	0	0	0	0	0	0	0	0	0	0	0	0	0	0	0	0	0	0	0	0	0	0	0	0	0	0	0	0	0	0	0	0	0
0	0	0	0	0	0	0	0	0	0	0	0	0	0	0	0	0	0	0	0	0	0	0	0	0	0	0	0	0	0	0	0	0	0	0	0	0	0	0.865534301882492	0	0	0.925987129139173	0.762825462333927	0.970603479995903	0	0.835514024541081	0.601206394547235	0	0	0	0	0	0	0.538194998591824	0	0	0	0	0	0.68012839190883	0	0	0	0	0	0	0	0	0	0	0	0	0	0	0	0	0	0	0	0	0	0	0	0	0	0	0	0	0	0
0	0	0	0	0	0	0	0	0	0	0	0	0	0	0	0	0	0	0	0	0	0	0	0	0	0	0	0	0	0	0	0	0.828049393040764	0	0	0	0	0	0.721331426230172	0	0	0.555918223660736	0.994430059571354	0.852193850355934	0.756840260243982	0	0.630743646615355	0	0.936243097750152	0.956048725802609	0	0	0	0.790896284603422	0	0	0.594509533755344	0	0	0	0	0	0	0	0	0	0	0	0	0	0	0	0	0	0	0	0	0	0	0	0	0	0	0	0	0	0	0	0	0
0	0	0	0	0	0	0	0	0	0	0	0	0	0	0	0	0	0	0	0	0	0	0	0	0	0	0	0	0	0	0	0	0	0	0	0	0	0	0	0	0	0	0.839744147517098	0.568631441874555	0.728629701703255	0.647024786480658	0	0	0.904310095120546	0.751970676468805	0.501906307129221	0	0	0	0	0	0.653999039903853	0	0	0	0	0	0	0	0	0	0	0	0	0	0	0	0	0	0	0	0	0	0	0	0	0	0	0	0	0	0	0	0	0
0	0	0	0	0	0	0	0	0	0	0	0	0	0	0	0	0	0	0	0	0	0	0	0	0	0	0	0	0	0	0	0	0	0	0	0	0	0	0	0	0.641962236226588	0	0	0.66887412205632	0	0	0	0	0.62641509436356	0.885953437258649	0	0.987934598652908	0	0	0	0	0	0	0	0	0	0	0	0	0	0	0	0	0	0	0	0	0	0	0	0	0	0	0	0	0	0	0	0	0	0	0	0	0	0
0	0	0	0	0	0	0	0	0	0	0	0	0	0	0	0	0	0	0	0	0	0	0	0	0	0	0	0	0	0	0	0	0	0.725267783248306	0	0	0	0	0.632643631253228	0.553673054429236	0	0	0	0	0	0.804966856711584	0.831355000202852	0.730040698525114	0	0.925993338799187	0	0.663812506842172	0.793833403783726	0	0	0	0	0	0	0	0	0	0	0	0	0	0	0	0	0	0	0	0	0	0	0	0	0	0	0	0	0	0	0	0	0	0	0	0	0
0	0	0	0	0	0	0	0	0	0	0	0	0	0	0	0	0	0	0	0	0	0	0	0	0	0	0	0	0	0	0	0	0	0	0	0	0	0	0	0	0	0	0	0	0	0.868049122808936	0.579346797894151	0.595218807623955	0.607415884905585	0	0.516057910389467	0.612467906076617	0.505678573639139	0.871165099429079	0	0	0	0	0	0.556485471550738	0	0	0	0	0	0	0	0	0	0	0	0	0	0	0	0	0	0	0	0	0	0	0	0	0	0	0	0	0	0
0	0	0	0	0	0	0	0	0	0	0	0	0	0	0	0	0	0	0	0	0	0	0	0	0	0	0	0	0	0	0	0	0	0	0.663565436872882	0	0	0	0	0	0.870535137738121	0	0	0	0	0	0.644287696204224	0	0	0.922275431101435	0	0	0.697517660172726	0.525185209932683	0.505947412876195	0	0	0	0	0	0	0	0	0	0	0	0	0	0	0	0	0	0	0	0	0	0	0	0	0	0	0	0	0	0	0	0	0	0	0
0	0	0	0	0	0	0	0	0	0	0	0	0	0	0	0	0	0	0	0	0	0	0	0	0	0	0	0	0	0	0	0	0	0	0	0	0	0	0	0	0	0	0	0	0	0	0	0.82163676711768	0.974252111445844	0.745144840157797	0	0	0.99201387844826	0.656667001403806	0.94246702090792	0.602590950687568	0	0	0	0	0	0	0	0	0	0	0	0	0	0	0	0	0	0	0	0	0	0	0	0	0	0	0	0	0	0	0	0	0	0
0	0	0	0	0	0	0	0	0	0	0	0	0	0	0	0	0	0	0	0	0	0	0	0	0	0	0	0	0	0	0	0	0	0.747025153449671	0	0	0	0	0	0.832962986937917	0	0	0	0	0	0	0	0	0.708783027888554	0.626525654454363	0.97381803419677	0.945692488854452	0	0.571072483571177	0	0.731433682230348	0.837888588149039	0	0	0	0	0	0	0	0	0	0	0	0	0	0	0	0	0	0	0	0	0	0	0	0	0	0	0	0	0	0	0	0	0
0	0	0	0	0	0	0	0	0	0	0	0	0	0	0	0	0	0	0	0	0	0	0	0	0	0	0	0	0	0	0	0	0	0	0	0	0	0	0	0	0.86782974552817	0	0	0	0.571667976699208	0.80956771380296	0	0	0	0.710714011885019	0.533031381096876	0.975412594879995	0.772771966154686	0	0	0	0.78742217401026	0	0	0	0	0	0	0	0	0	0	0	0	0	0	0	0	0	0	0	0	0	0	0	0	0	0	0	0	0	0	0	0	0
0	0	0	0	0	0	0	0	0	0	0	0	0	0	0	0	0	0	0	0	0	0	0	0	0	0	0	0	0	0	0	0	0	0	0.639931239797263	0	0	0	0.720081106544638	0	0	0	0	0	0	0	0	0	0	0	0.890930795923493	0.828426931257882	0	0	0	0	0	0.523980180187438	0.506760523232107	0	0	0	0	0	0	0	0	0	0	0	0	0	0	0	0	0	0	0	0	0	0	0	0	0	0	0	0	0	0	0
0	0	0	0	0	0	0	0	0	0	0	0	0	0	0	0	0	0	0	0	0	0	0	0	0	0	0	0	0	0	0	0	0	0	0	0	0.876887851922886	0.519758235208116	0	0.799144439691204	0	0	0	0	0	0	0	0	0	0	0	0.799053433141686	0.778697689521592	0	0	0	0.968378979885221	0.932898619141233	0	0	0	0	0	0	0	0	0	0	0	0	0	0	0	0	0	0	0	0	0	0	0	0	0	0	0	0	0	0	0	0
0	0	0	0	0	0	0	0	0	0	0	0	0	0	0	0	0	0	0	0	0	0	0	0	0	0	0	0	0	0	0.594211509676123	0	0	0.807236939573313	0	0	0	0	0	0	0.530476679681652	0	0	0	0	0.964596844585004	0.550313897608159	0	0	0	0	0	0.82075527159091	0.995549707068143	0	0.897016016589743	0	0	0.892125018953599	0	0	0	0	0	0	0	0	0	0	0	0	0	0	0	0	0	0	0	0	0	0	0	0	0	0	0	0	0	0	0
0	0	0	0	0	0	0	0	0	0	0	0	0	0	0	0	0	0	0	0	0	0	0	0	0	0	0	0	0	0	0.799231694692983	0.694564821062827	0	0	0	0	0	0	0.595715536592506	0	0	0	0	0	0	0	0	0	0	0	0	0	0	0	0.771830189894085	0.625762959533371	0	0	0	0.503103811593632	0	0	0	0	0	0	0	0	0	0	0	0	0	0	0	0	0	0	0	0	0	0	0	0	0	0	0	0	0	0
0	0	0	0	0	0	0	0	0	0	0	0	0	0	0	0	0	0	0	0	0	0	0	0	0	0	0	0	0	0	0.564290011922412	0.914969519049787	0.579706989544599	0	0.718606390597095	0	0	0	0	0	0	0	0	0	0	0	0	0	0	0	0	0	0	0	0.544804373365594	0	0.695001192621081	0	0	0	0	0	0	0	0	0	0	0	0	0	0	0	0	0	0	0	0	0	0	0	0	0	0	0	0	0	0	0	0	0
0	0	0	0	0	0	0	0	0	0	0	0	0	0	0	0	0	0	0	0	0	0	0	0	0	0	0	0	0	0	0.85847759474495	0	0.795138642437525	0.92476284746447	0	0	0	0	0	0	0	0	0	0	0.843074353547567	0	0	0	0	0.980349880456727	0	0	0	0	0	0	0	0.926864052877358	0	0	0	0	0	0	0	0	0	0	0	0	0	0	0	0	0	0	0	0	0	0	0	0	0	0	0	0	0	0	0	0
0	0	0	0	0	0	0	0	0	0	0	0	0	0	0	0	0	0	0	0	0	0	0	0	0	0	0	0	0	0	0	0	0	0	0	0	0	0	0	0	0	0	0	0	0	0	0	0	0	0	0	0	0	0	0	0	0	0	0	0	0	0.823819465684252	0.845168868607677	0.592020398157073	0.876509156104389	0.765392361226573	0	0	0	0.576110417144892	0	0	0	0	0	0	0	0	0	0	0	0	0	0	0	0.863290852837666	0.846891159386952	0.863135858728001	0.713627300308154	0.813410811045796
0	0	0	0	0	0	0	0	0	0	0	0	0	0	0	0	0	0	0	0	0	0	0	0	0	0	0	0	0	0	0	0	0	0	0	0	0	0	0	0	0	0	0	0	0	0	0	0	0	0	0	0	0	0	0	0	0	0	0	0	0.699231204203022	0	0.522435500652006	0.707128918354704	0.836872792158256	0.862992596361019	0.706812237206451	0	0	0	0	0	0	0	0	0	0	0	0	0	0	0	0	0	0	0	0.545076575913326	0.863662655202167	0.920588971275605	0.914006515135313
0	0	0	0	0	0	0	0	0	0	0	0	0	0	0	0	0	0	0	0	0	0	0	0	0	0	0	0	0	0	0	0	0	0	0	0	0	0	0	0	0	0	0	0	0	0	0	0	0	0	0	0	0	0	0	0	0	0	0	0	0.995647530228342	0.578317814526653	0	0.647210572096711	0.844379545631949	0.766730138344823	0.954006331379093	0.552403097146343	0	0	0	0.79979360673529	0	0	0	0	0	0	0	0	0	0	0	0	0	0	0	0.511048209443216	0.906185533631574	0.769678214452054
0	0	0	0	0	0	0	0	0	0	0	0	0	0	0	0	0	0	0	0	0	0	0	0	0	0	0	0	0	0	0	0	0	0	0	0	0	0	0	0	0	0	0	0	0	0	0	0	0	0	0	0	0	0	0	0	0	0	0	0	0.859432239387685	0.967269918428613	0.743459473714087	0	0.815155012820391	0.881935199775772	0	0.777702601525007	0.742841649727126	0	0	0	0	0	0.570952945252658	0	0	0	0	0	0	0	0	0	0	0	0	0	0.805579688619174	0.82422706492971
0	0	0	0	0	0	0	0	0	0	0	0	0	0	0	0	0	0	0	0	0	0	0	0	0	0	0	0	0	0	0	0	0	0	0	0	0	0	0	0	0	0	0	0	0	0	0	0	0	0	0	0	0	0	0	0	0	0	0	0	0.673846074859282	0.877233339177274	0.747888842397388	0.791611095759198	0	0.538174774759292	0.683964488559521	0	0	0.50760986657583	0.977958936708146	0	0	0	0	0	0	0	0	0.572534390065314	0	0	0	0	0	0	0	0	0	0.747081086505771
0	0	0	0	0	0	0	0	0	0	0	0	0	0	0	0	0	0	0	0	0	0	0	0	0	0	0	0	0	0	0	0	0	0	0	0	0	0	0	0	0	0	0	0	0	0	0	0	0	0	0	0	0	0	0	0	0	0	0	0	0.836219980997208	0.780270247262649	0.666260968805345	0.98265210068467	0.873641011021632	0	0	0.793675255987664	0.884018369139509	0.971201213524374	0.829995669428096	0	0.723584826132549	0	0	0	0	0	0	0	0	0	0	0	0	0	0	0	0	0
0	0	0	0	0	0	0	0	0	0	0	0	0	0	0	0	0	0	0	0	0	0	0	0	0	0	0	0	0	0	0	0	0	0	0	0	0	0	0	0	0	0	0	0	0	0	0	0	0	0	0	0	0	0	0	0	0	0	0	0	0	0.512550997904075	0.924968370045271	0	0.51945721144735	0	0	0.686987362672881	0.686293698459128	0.676357019289922	0.918123278029163	0.814480092938473	0	0	0	0	0	0	0	0	0	0	0	0	0	0	0	0	0	0
0	0	0	0	0	0	0	0	0	0	0	0	0	0	0	0	0	0	0	0	0	0	0	0	0	0	0	0	0	0	0	0	0	0	0	0	0	0	0	0	0	0	0	0	0	0	0	0	0	0	0	0	0	0	0	0	0	0	0	0	0	0	0.510986091501865	0.669657903908031	0	0.899958349443498	0.807290356505909	0	0	0.914608662423933	0.773481224996302	0.534448319731056	0.72943447485126	0	0	0	0.757139625317089	0	0	0	0	0	0	0	0	0	0	0	0	0
0	0	0	0	0	0	0	0	0	0	0	0	0	0	0	0	0	0	0	0	0	0	0	0	0	0	0	0	0	0	0	0	0	0	0	0	0	0	0	0	0	0	0	0	0	0	0	0	0	0	0	0	0	0	0	0	0	0	0	0	0	0	0	0.642718246523488	0	0.937591104902439	0.82076126850497	0	0	0	0.782461729160157	0.800084033234554	0.852384558149103	0.522792393176366	0	0	0	0	0	0	0	0.56214667178452	0	0.821066827271715	0	0	0	0	0	0
0	0	0	0	0	0	0	0	0	0	0	0	0	0	0	0	0	0	0	0	0	0	0	0	0	0	0	0	0	0	0	0	0	0	0	0	0	0	0	0	0	0	0	0	0	0	0	0	0	0	0	0	0	0	0	0	0	0	0	0	0.684326472231795	0	0	0	0.961266375928646	0.696164609931584	0.743775086053077	0.791033186619196	0	0	0	0.564807783343318	0.826309381892518	0.601522510143948	0.688946913948608	0	0	0	0	0	0	0	0	0	0	0	0	0.52226042161555	0	0
0	0	0	0	0	0	0	0	0	0	0	0	0	0	0	0	0	0	0	0	0	0	0	0	0	0	0	0	0	0	0	0	0	0	0	0	0	0	0	0	0	0	0	0	0	0	0	0	0	0	0	0	0	0	0	0	0	0	0	0	0	0	0	0	0.500915930307041	0.531864170812813	0.533685281072037	0.590515570847589	0.617134364474719	0	0	0.873723666980585	0.812755045242901	0.872473797306664	0.754585340630597	0.843931682317544	0	0.831763968670107	0	0	0	0	0	0	0	0	0	0	0	0
0	0	0	0	0	0	0	0	0	0	0	0	0	0	0	0	0	0	0	0	0	0	0	0	0	0	0	0	0	0	0	0	0	0	0	0	0	0	0	0	0	0	0	0	0	0	0	0	0	0	0	0	0	0	0	0	0	0	0	0	0	0	0.754445513403992	0	0	0	0.932739339901186	0.778010841878439	0.75350429577579	0.715159300929656	0.859022219341553	0	0	0.59939231739409	0.651850560779018	0.959482655098252	0.819106331214049	0	0	0	0	0.798120562706587	0	0	0	0	0	0	0	0
0	0	0	0	0	0	0	0	0	0	0	0	0	0	0	0	0	0	0	0	0	0	0	0	0	0	0	0	0	0	0	0	0	0	0	0	0	0	0	0	0	0	0	0	0	0	0	0	0	0	0	0	0	0	0	0	0	0	0	0	0	0	0	0	0	0.599059442956979	0	0.866865796078148	0.997816234711953	0.545938379870136	0.51320450595281	0	0	0.873680650702101	0.973928925661695	0.9009577965973	0.887578493094379	0.641857201008931	0	0	0	0	0	0	0	0	0	0	0	0
0	0	0	0	0	0	0	0	0	0	0	0	0	0	0	0	0	0	0	0	0	0	0	0	0	0	0	0	0	0	0	0	0	0	0	0	0	0	0	0	0	0	0	0	0	0	0	0	0	0	0	0	0	0	0	0	0	0	0	0	0	0	0	0	0	0	0	0	0.869448800454178	0.555313518922628	0.787353725516002	0.572207926672846	0.893723237046278	0	0.831907061926913	0.865273389172275	0.725888405091638	0.88962679492405	0.616588156178219	0	0	0	0	0	0	0	0.521692623436479	0	0	0
0	0	0	0	0	0	0	0	0	0	0	0	0	0	0	0	0	0	0	0	0	0	0	0	0	0	0	0	0	0	0	0	0	0	0	0	0	0	0	0	0	0	0	0	0	0	0	0	0	0	0	0	0	0	0	0	0	0	0	0	0	0	0	0.885647176169835	0	0	0	0	0	0.794017499494183	0.76298047028132	0.6386316749862	0.596747466283609	0.723576057514311	0	0	0.677170185742732	0.522848359646304	0.952922697503274	0.531825909287197	0	0	0	0	0	0	0	0	0	0.560577350562262
0	0	0	0	0	0	0	0	0	0	0	0	0	0	0	0	0	0	0	0	0	0	0	0	0	0	0	0	0	0	0	0	0	0	0	0	0	0	0	0	0	0	0	0	0	0	0	0	0	0	0	0	0	0	0	0	0	0	0	0	0	0	0	0	0	0	0	0	0	0	0.614368642650136	0.500465934804552	0.793651056655654	0.825586559047784	0	0	0.603220355623431	0.914845426912675	0.832097814295886	0.507291524166966	0.871083228647877	0	0	0	0	0	0	0	0	0
0	0	0	0	0	0	0	0	0	0	0	0	0	0	0	0	0	0	0	0	0	0	0	0	0	0	0	0	0	0	0	0	0	0	0	0	0	0	0	0	0	0	0	0	0	0	0	0	0	0	0	0	0	0	0	0	0	0	0	0	0	0	0	0	0	0	0	0.770882107104483	0	0	0	0.945394818114175	0.611041003304087	0.701177147018183	0.705269638298433	0.64610423138438	0	0.795135149425495	0.951421328965568	0	0.910008426454965	0.995570124153203	0	0	0	0	0	0	0.503810745317464	0
0	0	0	0	0	0	0	0	0	0	0	0	0	0	0	0	0	0	0	0	0	0	0	0	0	0	0	0	0	0	0	0	0	0	0	0	0	0	0	0	0	0	0	0	0	0	0	0	0	0	0	0	0	0	0	0	0	0	0	0	0	0	0	0	0	0	0	0	0	0	0.706695220386869	0	0.792111630121895	0.80994801145627	0.941617555212442	0.920598727971017	0.796359627662597	0	0	0.505548201615632	0.504532907668584	0.65114680156805	0.786024785308604	0	0	0	0	0	0	0
0	0	0	0	0	0	0	0	0	0	0	0	0	0	0	0	0	0	0	0	0	0	0	0	0	0	0	0	0	0	0	0	0	0	0	0	0	0	0	0	0	0	0	0	0	0	0	0	0	0	0	0	0	0	0	0	0	0	0	0	0	0	0	0	0	0	0	0	0	0	0	0	0	0.82902157524925	0.577876079985988	0.827986187672643	0.747097648090935	0	0	0.648778118194587	0.543033586300933	0.509982001778728	0.805453020253787	0.583183617788911	0	0	0	0	0	0
0	0	0	0	0	0	0	0	0	0	0	0	0	0	0	0	0	0	0	0	0	0	0	0	0	0	0	0	0	0	0	0	0	0	0	0	0	0	0	0	0	0	0	0	0	0	0	0	0	0	0	0	0	0	0	0	0	0	0	0	0	0	0	0	0.552434206725372	0	0	0	0	0	0	0	0	0	0.93650335656769	0.538940173925559	0	0.790312383310942	0.621498507196127	0	0.786542473152644	0.859295434328063	0.918435001274478	0.598038525812123	0	0	0	0	0	0.628190736256868
0	0	0	0	0	0	0	0	0	0	0	0	0	0	0	0	0	0	0	0	0	0	0	0	0	0	0	0	0	0	0	0	0	0	0	0	0	0	0	0	0	0	0	0	0	0	0	0	0	0	0	0	0	0	0	0	0	0	0	0	0	0	0	0	0	0	0	0	0	0	0	0	0	0	0	0.74336242818323	0.687685856158218	0.545767377755503	0.838991663670168	0.53764066738802	0	0.736557201393259	0.624012377046818	0.592516742106621	0.528692064728258	0.719399605986568	0	0	0	0
0	0	0	0	0	0	0	0	0	0	0	0	0	0	0	0	0	0	0	0	0	0	0	0	0	0	0	0	0	0	0	0	0	0	0	0	0	0	0	0	0	0	0	0	0	0	0	0	0	0	0	0	0	0	0	0	0	0	0	0	0	0	0	0	0	0	0	0	0.58876657619942	0	0	0.741007005907208	0	0	0	0	0.797283385213827	0.642477237366146	0.531204791448527	0.606392949457909	0.657463698866292	0	0.766276592778011	0	0.782079316424856	0	0.773441520835252	0	0	0
0	0	0	0	0	0	0	0	0	0	0	0	0	0	0	0	0	0	0	0	0	0	0	0	0	0	0	0	0	0	0	0	0	0	0	0	0	0	0	0	0	0	0	0	0	0	0	0	0	0	0	0	0	0	0	0	0	0	0	0	0	0	0	0	0	0	0	0	0	0	0	0	0	0	0	0	0	0.967691312967222	0.838322796111133	0.900346941088833	0.547710854076886	0.643584288388244	0	0.915528753022542	0.626223163151158	0.670068283502014	0.73483985027268	0.901772161856258	0	0
0	0	0	0	0	0	0	0	0	0	0	0	0	0	0	0	0	0	0	0	0	0	0	0	0	0	0	0	0	0	0	0	0	0	0	0	0	0	0	0	0	0	0	0	0	0	0	0	0	0	0	0	0	0	0	0	0	0	0	0	0	0	0	0	0	0	0	0	0.894779448437453	0	0	0	0	0	0	0	0	0	0.922897040060436	0.635329146415229	0.510035321178637	0	0.567282776081801	0	0.608891365347957	0.661952160362323	0.982106554103827	0.793805915773002	0.99623019938771	0
0	0	0	0	0	0	0	0	0	0	0	0	0	0	0	0	0	0	0	0	0	0	0	0	0	0	0	0	0	0	0	0	0	0	0	0	0	0	0	0	0	0	0	0	0	0	0	0	0	0	0	0	0	0	0	0	0	0	0	0	0	0	0	0	0	0	0	0	0	0	0	0	0	0	0	0	0	0	0	0	0.809122840196025	0.859650239838115	0.558971759310906	0.91229475414503	0	0.911795575634422	0.970487557203701	0.66371746443847	0.827959587808748	0.835309776640437
0	0	0	0	0	0	0	0	0	0	0	0	0	0	0	0	0	0	0	0	0	0	0	0	0	0	0	0	0	0	0	0	0	0	0	0	0	0	0	0	0	0	0	0	0	0	0	0	0	0	0	0	0	0	0	0	0	0	0	0	0.751988254317786	0	0	0	0	0	0	0	0	0	0	0	0	0	0	0	0	0	0	0	0.644493639657693	0	0.550785777158735	0.981544507838926	0.68859058599574	0	0.593413788636153	0.56487501278505	0.615371446571749	0.770729325665849
0	0	0	0	0	0	0	0	0	0	0	0	0	0	0	0	0	0	0	0	0	0	0	0	0	0	0	0	0	0	0	0	0	0	0	0	0	0	0	0	0	0	0	0	0	0	0	0	0	0	0	0	0	0	0	0	0	0	0	0	0.645809453223661	0.782760817421166	0	0	0	0	0	0	0	0	0	0	0	0.99547836163331	0	0	0	0	0	0	0	0.970552450339954	0.909707876345885	0.656443535318498	0.952077455473088	0.94580824628157	0	0.849459965802656	0.524418683259089	0
0	0	0	0	0	0	0	0	0	0	0	0	0	0	0	0	0	0	0	0	0	0	0	0	0	0	0	0	0	0	0	0	0	0	0	0	0	0	0	0	0	0	0	0	0	0	0	0	0	0	0	0	0	0	0	0	0	0	0	0	0.785067647618999	0.875013381292886	0.913419944332366	0	0	0	0	0	0	0.927149016290374	0	0	0	0	0	0	0	0	0	0	0	0	0.557658866672879	0.656409334702074	0.574472737940967	0.883928273565131	0.633100556405387	0	0.758143971179592	0
0	0	0	0	0	0	0	0	0	0	0	0	0	0	0	0	0	0	0	0	0	0	0	0	0	0	0	0	0	0	0	0	0	0	0	0	0	0	0	0	0	0	0	0	0	0	0	0	0	0	0	0	0	0	0	0	0	0	0	0	0.88253547209826	0.961416216147796	0.78651770887156	0.762774749724014	0	0	0	0	0	0	0	0	0	0	0	0	0.824974807224128	0	0	0	0	0	0	0.92462792800368	0.55864478198624	0.620251263384579	0.666056027061064	0.698338966513896	0	0.955298543124032
0	0	0	0	0	0	0	0	0	0	0	0	0	0	0	0	0	0	0	0	0	0	0	0	0	0	0	0	0	0	0	0	0	0	0	0	0	0	0	0	0	0	0	0	0	0	0	0	0	0	0	0	0	0	0	0	0	0	0	0	0.657531490486273	0.973514604108966	0.825663732231521	0.596118800213282	0.555602218483984	0	0	0	0	0	0	0	0	0	0.696063802387338	0	0	0	0	0.811843293275773	0	0	0	0	0.845372442653991	0.894743735219892	0	0	0.798781765138777	0
