0	0.769016188917287	0.708052192670938	0.856141631526084	0.596578895357301	0	0	0	0	0	0	0	0	0	0	0	0	0	0	0	0	0	0	0	0	0	0.792935331434797	0	0.971418209950814	0.778174846694125	0	0	0	0	0	0	0	0	0	0	0	0	0	0	0	0	0	0	0	0	0	0	0	0	0	0	0	0	0	0	0	0	0	0	0	0	0	0	0	0	0	0	0	0	0	0	0	0	0	0	0	0	0	0	0	0	0	0	0	0
0.626831987885457	0	0.714245844591023	0.50739543209171	0.599611834196359	0.810293490284404	0	0	0	0	0	0	0	0	0	0	0	0	0	0	0	0	0	0	0	0	0	0.828492540956919	0.564516918266201	0.659508753711693	0	0	0	0	0	0	0	0	0	0	0	0	0	0	0	0	0	0	0	0	0	0	0	0	0	0	0	0	0	0	0	0	0	0	0	0	0	0	0	0	0	0	0	0	0	0	0	0	0	0	0	0	0	0	0	0	0	0	0	0
0.898585473439466	0.985280047346629	0	0.73895284134772	0.935020968612704	0.615454927596056	0.712305330940693	0	0	0	0	0	0	0	0	0	0	0	0	0	0	0	0	0	0	0	0	0	0.560967361355372	0	0	0	0	0	0	0	0	0	0	0	0	0	0	0	0	0	0	0	0	0	0	0	0	0	0	0	0	0	0	0	0	0	0	0	0	0	0	0	0	0	0	0	0	0	0	0	0	0	0	0	0	0	0	0	0	0	0	0	0	0
0.957098318828935	0.72189060842935	0.933231346660367	0	0	0.617021725063419	0.904902882149183	0.505730508362664	0	0	0	0	0	0	0	0	0	0	0	0	0	0	0.823032756324129	0	0	0	0	0	0	0.953523489377257	0	0	0	0	0	0	0	0	0	0	0	0	0	0	0	0	0	0	0	0	0	0	0	0	0	0	0	0	0	0	0	0	0	0	0	0	0	0	0	0	0	0	0	0	0	0	0	0	0	0	0	0	0	0	0	0	0	0	0	0
0.783974872142638	0.95660959659746	0.941312189485302	0	0	0.93361722869976	0.554308129837394	0.674116755485024	0.807274099303819	0.688924554752542	0	0	0	0	0	0	0	0	0	0	0	0	0	0	0	0.704573988681065	0	0	0	0	0	0	0	0	0	0	0	0	0	0	0	0	0	0	0	0	0	0	0	0	0	0	0	0	0	0	0	0	0	0	0	0	0	0	0	0	0	0	0	0	0	0	0	0	0	0	0	0	0	0	0	0	0	0	0	0	0	0	0	0
0	0.852166999199545	0.69691867082323	0.554042820157507	0.725892432422975	0	0	0.504128792418306	0	0.765610234671413	0	0	0	0	0	0	0.93224948923012	0	0	0	0	0	0	0	0	0	0	0	0	0.798196404701811	0	0	0	0	0	0	0	0	0	0	0	0	0	0	0	0	0	0	0	0	0	0	0	0	0	0	0	0	0	0	0	0	0	0	0	0	0	0	0	0	0	0	0	0	0	0	0	0	0	0	0	0	0	0	0	0	0	0	0	0
0	0	0.800568190286135	0.553882178432457	0.862416822566658	0	0	0.759894010334972	0.894075901127833	0.959194484753838	0.843961571987614	0	0	0	0	0	0	0	0	0	0	0	0	0	0.854663781384434	0	0	0	0	0	0	0	0	0	0	0	0	0	0	0	0	0	0	0	0	0	0	0	0	0	0	0	0	0	0	0	0	0	0	0	0	0	0	0	0	0	0	0	0	0	0	0	0	0	0	0	0	0	0	0	0	0	0	0	0	0	0	0	0	0
0	0	0	0.949457674541195	0.973646198514054	0.916508507881857	0.637541168759422	0	0.869966961942248	0.573275628326763	0.836925066903672	0.853106139057028	0	0	0	0	0	0	0	0	0	0	0	0	0	0	0	0	0	0	0	0	0	0	0	0	0	0	0	0	0	0	0	0	0	0	0	0	0	0	0	0	0	0	0	0	0	0	0	0	0	0	0	0	0	0	0	0	0	0	0	0	0	0	0	0	0	0	0	0	0	0	0	0	0	0	0	0	0	0
0	0	0	0	0.994021963807731	0	0.853955056226766	0.906473801182212	0	0.546133669594548	0.895592191148832	0.543247496456204	0.775161325855016	0	0.62761261120734	0	0	0	0	0	0	0	0	0	0	0	0	0	0	0	0	0	0	0	0	0	0	0	0	0	0	0	0	0	0	0	0	0	0	0	0	0	0	0	0	0	0	0	0	0	0	0	0	0	0	0	0	0	0	0	0	0	0	0	0	0	0	0	0	0	0	0	0	0	0	0	0	0	0	0
0	0	0	0	0.646222403794164	0.665949822704549	0.556131818097542	0.640755304597838	0.609373306883232	0	0.794509476424038	0	0	0.999162335202368	0	0	0	0	0	0	0	0	0	0	0.679666904688457	0	0	0	0	0	0	0	0	0	0	0	0	0	0	0	0	0	0	0	0	0	0	0	0	0	0	0	0	0	0	0	0	0	0	0	0	0	0	0	0	0	0	0	0	0	0	0	0	0	0	0	0	0	0	0	0	0	0	0	0	0	0	0	0	0
0	0	0	0	0	0	0.573462956228056	0.548475455742338	0.678891425849466	0.514816247169027	0	0.687714006507221	0.986379526470196	0.707491404305866	0.503631974956491	0	0	0	0	0	0	0	0	0	0	0	0	0	0	0	0	0	0	0	0	0	0	0	0	0	0	0	0	0	0	0	0	0	0	0	0	0	0	0	0	0	0	0	0	0	0	0	0	0	0	0	0	0	0	0	0	0	0	0	0	0	0	0	0	0	0	0	0	0	0	0	0	0	0	0
0	0	0	0	0	0	0	0.697471791507707	0.90960398959147	0	0.578918538119233	0	0.608168872722249	0.771195904966862	0.856471980122501	0.713875969876279	0	0	0	0	0	0	0	0	0	0	0	0	0	0	0	0	0	0	0	0	0	0	0	0	0	0	0	0	0	0	0	0	0	0	0	0	0	0	0	0	0	0	0	0	0	0	0	0	0	0	0	0	0	0	0	0	0	0	0	0	0	0	0	0	0	0	0	0	0	0	0	0	0	0
0	0	0	0	0	0	0	0	0.561777906536879	0	0.880717944879396	0.824147933702678	0	0.574009373572502	0.740335669518731	0.705614970231011	0.96054896383144	0	0	0	0.841599990692991	0	0	0	0	0	0	0	0	0	0	0	0	0	0	0	0	0	0	0	0	0	0	0	0	0	0	0	0	0	0	0	0	0	0	0	0	0	0	0	0	0	0	0	0	0	0	0	0	0	0	0	0	0	0	0	0	0	0	0	0	0	0	0	0	0	0	0	0	0
0	0	0	0	0	0	0	0	0	0.621039450763565	0.544992779051897	0.766843913877937	0.649803101604367	0	0.675576680974507	0.601421512152347	0.90250199250302	0.534639437136379	0	0	0	0.622194507761616	0	0	0	0	0	0	0	0	0	0	0	0	0	0	0	0	0	0	0	0	0	0	0	0	0	0	0	0	0	0	0	0	0	0	0	0	0	0	0	0	0	0	0	0	0	0	0	0	0	0	0	0	0	0	0	0	0	0	0	0	0	0	0	0	0	0	0	0
0	0	0	0	0	0	0	0	0.814576717595688	0	0.876076423980496	0.748745030418545	0.929301516687334	0.933774238657122	0	0.513916818862718	0	0.605188423329958	0.987464637046396	0	0	0	0	0	0	0	0	0	0	0	0	0	0	0	0	0	0	0	0	0	0	0	0	0	0	0	0	0	0	0	0	0	0	0	0	0	0	0	0	0	0	0	0	0	0	0	0	0	0	0	0	0	0	0	0	0	0	0	0	0	0	0	0	0	0	0	0	0	0	0
0	0	0	0	0	0	0	0	0	0	0	0.843999158913072	0.934137286960888	0.543959606097468	0.572303302356112	0	0.94705718984398	0.923345848456857	0.669413061574263	0.578547235898096	0	0	0	0	0	0	0	0	0	0.877417791865858	0	0	0	0	0	0	0	0	0	0	0	0	0	0	0	0	0	0	0	0	0	0	0	0	0	0	0	0	0	0	0	0	0	0	0	0	0	0	0	0	0	0	0	0	0	0	0	0	0	0	0	0	0	0	0	0	0	0	0	0
0	0	0	0	0	0.634597695713706	0	0	0	0	0	0	0.812900201689482	0.779041351795337	0	0.951088670948758	0	0.977890127165038	0.971111047406917	0.921475331951527	0.512874206688694	0	0	0	0	0	0	0	0	0	0	0	0	0	0	0	0	0	0	0	0	0	0	0	0	0	0	0	0	0	0	0	0	0	0	0	0	0	0	0	0	0	0	0	0	0	0	0	0	0	0	0	0	0	0	0	0	0	0	0	0	0	0	0	0	0	0	0	0	0
0	0	0	0	0	0	0	0	0	0	0	0	0	0.939962972273166	0.748583282899745	0.818018036287315	0.738940114896541	0	0.692098100209972	0.603631161535377	0	0.905117335318649	0	0.938616485618638	0	0	0	0	0	0	0	0	0	0	0	0	0	0	0	0	0	0	0	0	0	0	0	0	0	0	0	0	0	0	0	0	0	0	0	0	0	0	0	0	0	0	0	0	0	0	0	0	0	0	0	0	0	0	0	0	0	0	0	0	0	0	0	0	0	0
0	0	0	0	0	0	0	0	0	0	0	0	0	0	0.843866834021008	0.852885444149344	0.898344320317491	0.709553968260198	0	0.526073166695762	0.606271576784486	0.700196085291905	0.651331381539715	0	0	0	0	0	0	0	0	0	0	0	0	0	0	0	0	0	0	0	0	0	0	0	0	0	0	0	0	0	0	0	0	0	0	0	0	0	0	0	0	0	0	0	0	0	0	0	0	0	0	0	0	0	0	0	0	0	0	0	0	0	0	0	0	0	0	0
0	0	0	0	0	0	0	0	0	0	0	0	0	0	0	0.841000658930608	0.849372554031596	0.869412704111755	0.84543021103414	0	0	0.817919585180469	0.64091775744787	0.750979498717732	0	0	0	0	0	0.632624403212984	0	0	0	0	0	0	0	0	0	0	0	0	0	0	0	0	0	0	0	0	0	0	0	0	0	0	0	0	0	0	0	0	0	0	0	0	0	0	0	0	0	0	0	0	0	0	0	0	0	0	0	0	0	0	0	0	0	0	0	0
0	0	0	0	0	0	0	0	0	0	0	0	0.500692257782724	0	0	0	0.96487636977493	0	0.875874241670632	0	0	0.642058080269969	0.544173542519896	0	0.863847725354073	0	0	0	0	0	0	0	0	0	0	0	0	0	0	0	0	0	0	0	0	0	0	0	0	0	0	0	0	0	0	0	0	0	0	0	0	0	0	0	0	0	0	0	0	0	0	0	0	0	0	0	0	0	0	0	0	0	0	0	0	0	0	0	0	0
0	0	0	0	0	0	0	0	0	0	0	0	0	0.64796687063937	0	0	0	0.860332984673464	0.553730132574936	0.984308478267317	0.857963029463232	0	0.876595735231341	0.596405693001227	0.753403650784229	0	0	0.981703201150816	0	0	0	0	0	0	0	0	0	0	0	0	0	0	0	0	0	0	0	0	0	0	0	0	0	0	0	0	0	0	0	0	0	0	0	0	0	0	0	0	0	0	0	0	0	0	0	0	0	0	0	0	0	0	0	0	0	0	0	0	0	0
0	0	0	0.618497451071626	0	0	0	0	0	0	0	0	0	0	0	0	0	0	0.870096376813202	0.817419938138919	0.788913725658527	0.625924046880699	0	0.986230037609901	0.774804055369334	0.567783521349509	0.673088814717514	0	0	0	0	0	0	0	0	0	0	0	0	0	0	0	0	0	0	0	0	0	0	0	0	0	0	0	0	0	0	0	0	0	0	0	0	0	0	0	0	0	0	0	0	0	0	0	0	0	0	0	0	0	0	0	0	0	0	0	0	0	0	0
0	0	0	0	0	0	0	0	0	0	0	0	0	0	0	0	0	0.917451738910456	0	0.668467762912037	0	0.976139056567559	0.853558872750123	0	0.651727183943363	0.649748846778599	0.579308041905569	0.774612708559738	0	0	0	0	0	0	0	0	0	0	0	0	0	0	0	0	0	0	0	0	0	0	0	0	0	0	0	0	0	0	0	0	0	0	0	0	0	0	0	0	0	0	0	0	0	0	0	0	0	0	0	0	0	0	0	0	0	0	0	0	0	0
0	0	0	0	0	0	0.638331690763536	0	0	0.767221248327475	0	0	0	0	0	0	0	0	0	0	0.575332240110099	0.898362768712455	0.819053893211762	0.775319752683251	0	0.574600905285308	0.970846208362648	0	0.797479722303682	0	0	0	0	0	0	0	0	0	0	0	0	0	0	0	0	0	0	0	0	0	0	0	0	0	0	0	0	0	0	0	0	0	0	0	0	0	0	0	0	0	0	0	0	0	0	0	0	0	0	0	0	0	0	0	0	0	0	0	0	0
0	0	0	0	0.983444160435013	0	0	0	0	0	0	0	0	0	0	0	0	0	0	0	0	0	0.945509071333483	0.621991585995662	0.515351869821644	0	0	0.691261972319717	0.650544721521006	0.940747616843222	0	0	0	0	0	0	0	0	0	0	0	0	0	0	0	0	0	0	0	0	0	0	0	0	0	0	0	0	0	0	0	0	0	0	0	0	0	0	0	0	0	0	0	0	0	0	0	0	0	0	0	0	0	0	0	0	0	0	0	0
0.738625081063036	0	0	0	0	0	0	0	0	0	0	0	0	0	0	0	0	0	0	0	0	0	0.638472645586438	0.905211566108803	0.829181608873286	0	0	0.674284295312222	0.503195626333104	0.9637909683681	0	0	0	0	0	0	0	0	0	0	0	0	0	0	0	0	0	0	0	0	0	0	0	0	0	0	0	0	0	0	0	0	0	0	0	0	0	0	0	0	0	0	0	0	0	0	0	0	0	0	0	0	0	0	0	0	0	0	0	0
0	0.902479255933407	0	0	0	0	0	0	0	0	0	0	0	0	0	0	0	0	0	0	0	0.808491399698215	0	0.617298714499876	0	0.580952812387773	0.913822941814757	0	0.877039644698338	0.500316748050343	0	0	0	0	0	0	0	0	0	0	0	0	0	0	0	0	0	0	0	0	0	0	0	0	0	0	0	0	0	0	0	0	0	0	0	0	0	0	0	0	0	0	0	0	0	0	0	0	0	0	0	0	0	0	0	0	0	0	0	0
0.949644357811907	0.611761738542875	0.717355203443632	0	0	0	0	0	0	0	0	0	0	0	0	0	0	0	0	0	0	0	0	0	0.725761731574242	0.974579550944787	0.873822579936891	0.621196700295878	0	0.945554137880127	0	0	0	0	0	0	0	0	0	0	0	0	0	0	0	0	0	0	0	0	0	0	0	0	0	0	0	0	0	0	0	0	0	0	0	0	0	0	0	0	0	0	0	0	0	0	0	0	0	0	0	0	0	0	0	0	0	0	0	0
0.893323239384414	0.919056197428904	0	0.740974446638663	0	0.548727286127029	0	0	0	0	0	0	0	0	0	0.912627169141329	0	0	0	0.54947243079498	0	0	0	0	0	0.570846797444156	0.744899019560952	0.548570565518459	0.712285587625896	0	0	0	0	0	0	0	0	0	0	0	0	0	0	0	0	0	0	0	0	0	0	0	0	0	0	0	0	0	0	0	0	0	0	0	0	0	0	0	0	0	0	0	0	0	0	0	0	0	0	0	0	0	0	0	0	0	0	0	0	0
0	0	0	0	0	0	0	0	0	0	0	0	0	0	0	0	0	0	0	0	0	0	0	0	0	0	0	0	0	0	0	0.971278632283686	0.704719152608004	0.70445284423443	0.909511528118411	0	0.653517057697354	0.656297190700426	0	0	0.610797804338442	0	0	0	0	0	0	0	0.618538624391792	0	0	0	0	0.59568166511298	0	0.668693857081575	0.654063352270337	0.811240695447375	0.810703287419097	0.759975563627681	0	0	0	0	0	0	0	0	0	0	0	0	0	0	0	0	0	0	0	0	0	0	0	0	0	0	0	0	0	0
0	0	0	0	0	0	0	0	0	0	0	0	0	0	0	0	0	0	0	0	0	0	0	0	0	0	0	0	0	0	0.782980718006256	0	0.986153738529734	0.895231287971286	0.586038023813386	0.854355853660842	0.550559513718063	0	0.70658728663035	0.869235354994737	0	0	0	0	0	0	0.679456274483657	0.687142027877329	0	0	0	0	0	0	0.963251466042559	0.568846792532453	0.977834194667158	0.793431360889553	0	0.933121366815623	0	0	0	0	0	0	0	0	0	0	0	0	0	0	0	0	0	0	0	0	0	0	0	0	0	0	0	0	0	0
0	0	0	0	0	0	0	0	0	0	0	0	0	0	0	0	0	0	0	0	0	0	0	0	0	0	0	0	0	0	0.725038818677651	0.54532272902101	0	0	0.789988880534194	0.70608194901087	0.525286917923599	0.761747041925008	0.947570288387751	0.588087863080538	0	0	0	0	0	0	0.590463921651542	0.889876217239384	0	0	0	0	0.759096452831179	0	0	0.712543910944897	0	0.969336097270347	0.515995789943579	0.767117750058413	0	0	0	0	0	0	0	0	0	0	0	0	0	0	0	0	0	0	0	0	0	0	0	0	0	0	0	0	0	0
0	0	0	0	0	0	0	0	0	0	0	0	0	0	0	0	0	0	0	0	0	0	0	0	0	0	0	0	0	0	0.548826100552165	0.967994097436447	0	0	0.890521236260941	0.9101610519831	0	0	0	0.753511363323798	0.782849360746138	0.96038390076793	0.983668957524064	0.51519993244049	0	0.639292857765966	0	0	0	0	0	0	0	0	0	0.948698212270415	0.519321626117345	0.950817003191314	0.988020276770705	0.5992376067841	0	0	0	0	0	0	0	0	0	0	0	0	0	0	0	0	0	0	0	0	0	0	0	0	0	0	0	0	0	0
0	0	0	0	0	0	0	0	0	0	0	0	0	0	0	0	0	0	0	0	0	0	0	0	0	0	0	0	0	0	0.73783070274364	0.585138453589565	0.800735824561483	0.561104463396397	0	0	0.61256220388289	0.895008483443904	0.580916751163321	0.527769470174865	0.885119260801811	0.565311357992752	0	0	0	0	0	0.996867641178426	0	0	0	0	0	0	0	0	0	0.682534972316437	0.522393537842098	0.882433498698662	0	0	0	0	0	0	0	0	0	0	0	0	0	0	0	0	0	0	0	0	0	0	0	0	0	0	0	0	0	0
0	0	0	0	0	0	0	0	0	0	0	0	0	0	0	0	0	0	0	0	0	0	0	0	0	0	0	0	0	0	0	0.502313488295701	0.661324356172625	0.846560000359878	0	0	0.647509073459862	0.909501214470587	0.773315428348983	0.67945856279398	0.800945862579857	0.67712762684545	0.779409178552777	0	0	0	0.679673337405253	0	0	0.527363766536464	0	0	0	0	0	0	0	0	0.847254726226635	0.609732653446895	0	0	0	0	0	0	0	0	0	0	0	0	0	0	0	0	0	0	0	0	0	0	0	0	0	0	0	0	0	0
0	0	0	0	0	0	0	0	0	0	0	0	0	0	0	0	0	0	0	0	0	0	0	0	0	0	0	0	0	0	0.553811637560527	0.546634119821274	0.764513468301289	0	0.724009785214817	0.795296282409782	0	0.663243380378701	0.972276929283382	0	0.65233490535754	0.840047563339794	0	0.718415323459959	0	0	0	0.779956345790065	0	0.713553845737044	0.824191270217247	0	0	0	0	0	0	0	0	0.898484939243913	0	0	0	0	0	0	0	0	0	0	0	0	0	0	0	0	0	0	0	0	0	0	0	0	0	0	0	0	0	0
0	0	0	0	0	0	0	0	0	0	0	0	0	0	0	0	0	0	0	0	0	0	0	0	0	0	0	0	0	0	0.5519206304667	0	0.687766551697928	0	0.986565726560462	0.782119653516958	0.655810134187137	0	0.820025967977736	0.631792019635193	0.964506735525532	0.716761813159805	0.994701420673727	0.680321732111768	0.74486328327886	0	0	0	0	0	0	0	0	0	0	0	0	0	0	0	0	0	0	0	0	0	0	0	0	0	0	0	0	0	0	0	0	0	0	0	0	0	0	0	0	0	0	0	0	0
0	0	0	0	0	0	0	0	0	0	0	0	0	0	0	0	0	0	0	0	0	0	0	0	0	0	0	0	0	0	0	0.6388375298556	0.50175817884591	0	0.855398774295467	0.969465421252411	0.861847133266454	0.554335593225838	0	0	0	0.766828392857713	0.976479623296416	0.654474550711037	0.956023973890519	0.657258571456722	0	0	0	0	0	0	0	0	0.567285902443611	0.964216894616067	0.684618044185531	0	0	0	0	0	0	0	0	0	0	0	0	0	0	0	0	0	0	0	0	0	0	0	0	0	0	0	0	0	0	0	0	0
0	0	0	0	0	0	0	0	0	0	0	0	0	0	0	0	0	0	0	0	0	0	0	0	0	0	0	0	0	0	0	0.890821997990698	0.616513563009695	0.96758187213622	0.673296557427688	0.919475315844781	0	0.849491254643732	0	0	0.900511018565534	0.710642948262149	0.896082835144868	0	0.819279905094882	0.856236776849933	0.810823350707435	0.626763913358372	0	0	0.755432411308954	0	0	0	0.740431640223525	0	0	0	0	0	0	0	0	0	0	0	0	0	0	0	0	0	0	0	0	0	0	0	0	0	0	0	0	0	0	0	0	0	0	0
0	0	0	0	0	0	0	0	0	0	0	0	0	0	0	0	0	0	0	0	0	0	0	0	0	0	0	0	0	0	0.991775973827722	0	0	0.847025637536679	0.842259952371545	0.82089128358876	0.808291950993936	0.661031552110137	0	0.742903770114222	0	0.724768199681954	0	0.997484699439108	0.668228409102981	0.542444200774449	0.584755440355114	0	0	0.779429114997979	0	0.700957021427754	0	0	0	0.835290544153985	0.795860097336353	0	0	0	0	0	0	0	0	0	0	0	0	0	0	0	0	0	0	0	0	0	0	0	0	0	0	0	0	0	0	0	0	0
0	0	0	0	0	0	0	0	0	0	0	0	0	0	0	0	0	0	0	0	0	0	0	0	0	0	0	0	0	0	0	0	0	0.778053941511324	0.548506951722403	0.961571844019504	0.640806687691615	0.8120634080583	0.814617903974461	0.734857311426746	0.870245581420813	0	0.760412682305933	0.550482299374512	0.749336108366547	0	0.669838383119976	0.820548053169113	0	0	0.680613924294556	0	0	0	0.969710790801279	0	0	0	0	0.673920438801664	0	0	0	0	0	0	0	0	0	0	0	0	0	0	0	0	0	0	0	0	0	0	0	0	0	0	0	0	0	0
0	0	0	0	0	0	0	0	0	0	0	0	0	0	0	0	0	0	0	0	0	0	0	0	0	0	0	0	0	0	0	0	0	0.943615935249034	0	0.875118713061406	0	0.800052332596521	0.558832585931954	0.763636325543313	0	0.705291368921698	0	0	0.919406099709245	0	0.835875729082407	0.941115413946885	0	0.546783387738033	0	0	0	0	0.551062120048487	0	0.97036529579694	0.998799569257817	0	0	0	0	0	0	0	0	0	0	0	0	0	0	0	0	0	0	0	0	0	0	0	0	0	0	0	0	0	0	0	0
0	0	0	0	0	0	0	0	0	0	0	0	0	0	0	0	0	0	0	0	0	0	0	0	0	0	0	0	0	0	0	0	0	0.549469316483385	0	0	0.520245404118416	0.979662980169317	0.760284305628242	0	0.881025987964284	0.93459633133327	0	0	0	0	0.605798317123102	0.919655818920921	0.504726827067917	0.879024712973548	0.818184851840756	0	0	0	0.771718874685716	0.882953182326885	0.512502764515693	0	0.814078362903225	0	0	0	0	0	0	0	0	0	0	0	0	0	0	0	0	0	0	0	0	0	0	0	0	0	0	0	0	0	0	0
0	0	0	0	0	0	0	0	0	0	0	0	0	0	0	0	0	0	0	0	0	0	0	0	0	0	0	0	0	0	0	0	0	0	0	0	0	0.635257674477817	0.886016778454923	0.867289795965017	0.709664257065487	0.884965794206576	0.583648500861488	0	0	0.795134724908159	0.72300023681823	0.871765208449448	0	0.645997464974441	0.880429534873402	0	0	0	0	0	0	0	0.844232339280339	0	0	0	0	0	0	0	0	0	0	0	0	0	0	0	0	0	0	0	0	0	0	0	0	0	0	0	0	0	0	0
0	0	0	0	0	0	0	0	0	0	0	0	0	0	0	0	0	0	0	0	0	0	0	0	0	0	0	0	0	0	0	0	0	0.638157653260801	0	0	0	0	0.766110559217185	0.582941857170246	0.947994295049559	0	0	0	0.537279199178558	0	0.875823300688595	0.976780497596745	0	0.59757175745314	0.751175544244623	0	0	0	0	0.911215109066751	0	0.713011200997861	0	0	0	0	0	0	0	0	0	0	0	0	0	0	0	0	0	0	0	0	0	0	0	0	0	0	0	0	0	0	0	0
0	0	0	0	0	0	0	0	0	0	0	0	0	0	0	0	0	0	0	0	0	0	0	0	0	0	0	0	0	0	0	0.955926874490375	0.60088352085577	0	0	0.755245705226754	0	0	0	0.655019826487343	0.619814986116704	0.736213484967069	0.661573278553026	0.682801719074962	0.891262025650238	0.544351489671747	0	0.661429728664199	0	0.858927930133535	0	0.689727965410914	0.877525901053772	0	0	0	0	0	0	0	0	0	0	0	0	0	0	0	0	0	0	0	0	0	0	0	0	0	0	0	0	0	0	0	0	0	0	0	0	0
0	0	0	0	0	0	0	0	0	0	0	0	0	0	0	0	0	0	0	0	0	0	0	0	0	0	0	0	0	0	0	0.917452152770228	0.97700552131571	0	0.60077467308659	0	0.968037864712417	0	0	0.736857701514508	0	0.982848121258345	0.741334107366512	0.938199858523033	0.509362619521181	0.67797328503379	0.953761044583668	0	0	0.897889710162063	0	0.657259006123915	0.701905465342012	0	0.963128334404445	0	0	0	0	0	0	0	0	0	0	0	0	0	0	0	0	0	0	0	0	0	0	0	0	0	0	0	0	0	0	0	0	0	0	0
0	0	0	0	0	0	0	0	0	0	0	0	0	0	0	0	0	0	0	0	0	0	0	0	0	0	0	0	0	0	0.885094110069083	0	0	0	0	0	0	0	0	0	0	0	0	0.5696982735921	0	0	0	0	0	0.637640379477066	0.551028082151367	0	0.920240886644501	0.973547640206702	0.756164561492904	0	0	0.527332081268457	0	0	0	0	0	0	0	0	0	0	0	0	0	0	0	0	0	0	0	0	0	0	0	0	0	0	0	0	0	0	0	0
0	0	0	0	0	0	0	0	0	0	0	0	0	0	0	0	0	0	0	0	0	0	0	0	0	0	0	0	0	0	0	0	0	0	0	0.816460170655482	0.995503202600279	0	0	0	0.917379116058745	0	0.990175084417396	0.865059787841392	0.770142607125999	0.628118061318995	0.730258128971011	0.544828549241471	0.811308134869123	0	0.564082430059017	0	0.853999075153627	0.823941483976714	0	0.823499443392913	0.617597167487454	0	0	0	0	0	0	0	0	0	0	0	0	0	0	0	0	0	0	0	0	0	0	0	0	0	0	0	0	0	0	0	0	0
0	0	0	0	0	0	0	0	0	0	0	0	0	0	0	0	0	0	0	0	0	0	0	0	0	0	0	0	0	0	0	0	0	0	0	0	0.644060072809655	0	0	0.812215615094918	0	0.684161145669683	0	0.932528691938977	0.727985646852972	0.883865295722531	0	0	0.655908657760793	0.888035238472936	0	0.859545638772076	0	0.880342845855169	0.880885185347384	0.513735927713222	0.525876450068385	0.612175982999041	0.546383126339736	0	0	0	0	0	0	0	0	0	0	0	0	0	0	0	0	0	0	0	0	0	0	0	0	0	0	0	0	0	0	0
0	0	0	0	0	0	0	0	0	0	0	0	0	0	0	0	0	0	0	0	0	0	0	0	0	0	0	0	0	0	0	0	0	0	0	0	0	0	0	0	0.722167205835535	0	0	0	0	0	0.673610068020132	0.804687307043673	0	0	0.543316537636005	0	0	0.695882993178291	0.824384925779831	0.68894356647114	0.502479889532905	0.732969842427447	0.537641318896268	0.93092464421557	0	0	0	0	0	0	0	0	0	0	0	0	0	0	0	0	0	0	0	0	0	0	0	0	0	0	0	0	0	0
0	0	0	0	0	0	0	0	0	0	0	0	0	0	0	0	0	0	0	0	0	0	0	0	0	0	0	0	0	0	0	0	0.783353319226098	0	0	0	0	0	0	0	0	0	0	0	0	0	0.790375029261837	0.632527491390367	0.593054148281432	0.632285310976497	0	0	0	0.989241995177353	0.866428165528583	0.919316019560954	0	0.671611209840655	0.571531941239632	0.613881539933553	0	0	0	0	0	0	0	0	0	0	0	0	0	0	0	0	0	0	0	0	0	0	0	0	0	0	0	0	0	0
0	0	0	0	0	0	0	0	0	0	0	0	0	0	0	0	0	0	0	0	0	0	0	0	0	0	0	0	0	0	0.807019467637793	0	0	0	0	0	0	0	0	0	0	0	0	0	0	0	0	0	0.879991236349423	0.968569902416653	0.897979993474229	0.865193398193328	0.752105519540514	0	0.610769326410397	0.756844447443228	0.734797274102452	0.986837501249031	0.924153081706211	0.680123373820658	0	0	0	0	0	0	0	0	0	0	0	0	0	0	0	0	0	0	0	0	0	0	0	0	0	0	0	0	0	0
0	0	0	0	0	0	0	0	0	0	0	0	0	0	0	0	0	0	0	0	0	0	0	0	0	0	0	0	0	0	0	0.929318243633211	0	0	0	0	0	0	0.738012038023262	0.550381820474093	0	0.925537249907451	0.625812690833164	0.747811403980665	0	0	0	0.935694899350867	0.991891844933569	0	0.755693510157678	0.624608431408705	0.939689402824768	0.767819234427775	0	0.872424998867013	0.691590892544231	0.797170616049921	0.98920934494054	0.565650590565405	0	0	0	0	0	0	0	0	0	0	0	0	0	0	0	0	0	0	0	0	0	0	0	0	0	0	0	0	0	0
0	0	0	0	0	0	0	0	0	0	0	0	0	0	0	0	0	0	0	0	0	0	0	0	0	0	0	0	0	0	0.959557138399963	0.808283187236637	0.953796980806845	0.820138119063495	0	0	0	0	0.591161487523191	0	0.752541435917923	0	0	0.904438938635506	0	0.591331339185914	0	0	0	0.779058313316787	0.594626415999804	0.961975358818668	0.732873245758789	0.792257449793553	0.691601708187769	0	0.795928332586512	0.602538436805653	0	0.703244385039705	0	0	0	0	0	0	0	0	0	0	0	0	0	0	0	0	0	0	0	0	0	0	0	0	0	0	0	0	0	0
0	0	0	0	0	0	0	0	0	0	0	0	0	0	0	0	0	0	0	0	0	0	0	0	0	0	0	0	0	0	0.937639987534483	0.952482340385692	0	0.975900716067659	0	0	0	0	0.643345820063629	0	0.525326485047939	0	0.747065059629584	0.693432342270208	0	0	0	0	0	0.923688075086744	0.811767054397046	0.616864810181024	0	0.549393110588567	0.691184068406629	0.716859404016821	0	0	0.627260946444751	0.850093139758534	0	0	0	0	0	0	0	0	0	0	0	0	0	0	0	0	0	0	0	0	0	0	0	0	0	0	0	0	0	0
0	0	0	0	0	0	0	0	0	0	0	0	0	0	0	0	0	0	0	0	0	0	0	0	0	0	0	0	0	0	0.638576285038333	0.716884522100269	0.686047663462428	0.522975206131894	0.671718424535535	0	0	0	0	0	0	0	0.627021293199418	0	0	0.766612948511193	0	0	0.575584592449434	0	0.86107148832392	0.571297131432058	0.843412793622521	0.893692438912319	0.534900714011577	0.545654725300722	0	0	0	0.610809537295029	0	0	0	0	0	0	0	0	0	0	0	0	0	0	0	0	0	0	0	0	0	0	0	0	0	0	0	0	0	0
0	0	0	0	0	0	0	0	0	0	0	0	0	0	0	0	0	0	0	0	0	0	0	0	0	0	0	0	0	0	0.916614785477013	0	0.818849725609801	0.711737882553994	0.936274693216213	0.688891189264687	0	0	0	0	0	0	0	0.611538397187027	0.761276315669494	0	0	0	0	0	0.981581728536039	0.67023491379145	0.594288735630416	0.789982710285065	0.879295945909601	0	0.850017866218859	0	0	0.87331405488839	0	0	0	0	0	0	0	0	0	0	0	0	0	0	0	0	0	0	0	0	0	0	0	0	0	0	0	0	0	0
0	0	0	0	0	0	0	0	0	0	0	0	0	0	0	0	0	0	0	0	0	0	0	0	0	0	0	0	0	0	0.758323183720628	0.798823456451442	0.857630168068797	0.783722013931797	0.640558921091457	0.636211730617906	0.841955465803713	0	0	0	0	0.900954433346054	0	0	0	0	0	0	0	0	0	0.533307646601787	0.931358527327224	0.607409455518415	0.870035722966252	0.868122320384363	0.665315173545364	0.796166045678124	0.554947623377623	0	0	0	0	0	0	0	0	0	0	0	0	0	0	0	0	0	0	0	0	0	0	0	0	0	0	0	0	0	0	0
0	0	0	0	0	0	0	0	0	0	0	0	0	0	0	0	0	0	0	0	0	0	0	0	0	0	0	0	0	0	0	0	0	0	0	0	0	0	0	0	0	0	0	0	0	0	0	0	0	0	0	0	0	0	0	0	0	0	0	0	0	0	0	0	0.507373717099864	0.657494990998498	0.990343311094201	0	0	0	0	0.712841716424514	0	0	0	0	0.574782549235413	0	0	0.915611541923594	0.942987194339966	0.617509856685053	0.734271289145008	0	0	0.979350504692143	0.604920213767947	0	0	0.552854549671483
0	0	0	0	0	0	0	0	0	0	0	0	0	0	0	0	0	0	0	0	0	0	0	0	0	0	0	0	0	0	0	0	0	0	0	0	0	0	0	0	0	0	0	0	0	0	0	0	0	0	0	0	0	0	0	0	0	0	0	0	0	0	0	0.533979659627818	0	0	0.902459530831361	0.504253521840534	0	0	0	0.967454605495592	0.696595268403814	0	0.699257961988666	0	0.5298250773143	0	0	0.645503079252344	0	0.770361637579312	0	0.827785445230257	0	0	0	0	0.615608643125545	0.669591381575608
0	0	0	0	0	0	0	0	0	0	0	0	0	0	0	0	0	0	0	0	0	0	0	0	0	0	0	0	0	0	0	0	0	0	0	0	0	0	0	0	0	0	0	0	0	0	0	0	0	0	0	0	0	0	0	0	0	0	0	0	0	0	0	0.575832300550704	0.726188283935802	0	0	0	0.595239420689128	0.762305210262106	0	0	0	0	0.515278029233966	0	0	0.896795699878076	0	0	0	0	0.974828532473498	0	0.632985145672297	0	0.68821887885164	0	0.759418752614459	0
0	0	0	0	0	0	0	0	0	0	0	0	0	0	0	0	0	0	0	0	0	0	0	0	0	0	0	0	0	0	0	0	0	0	0	0	0	0	0	0	0	0	0	0	0	0	0	0	0	0	0	0	0	0	0	0	0	0	0	0	0	0.658773654460179	0.52672467351598	0	0	0	0	0.751997081522194	0	0.564869748034719	0	0.597983075477145	0	0.961578304563282	0	0	0	0.804145339604262	0	0.595063871798093	0.723116754229426	0	0	0	0.723006722910354	0	0	0.77497477342484	0	0.718873872465785
0	0	0	0	0	0	0	0	0	0	0	0	0	0	0	0	0	0	0	0	0	0	0	0	0	0	0	0	0	0	0	0	0	0	0	0	0	0	0	0	0	0	0	0	0	0	0	0	0	0	0	0	0	0	0	0	0	0	0	0	0.866678506187475	0	0.777882604710458	0	0	0.63978365397958	0	0	0	0	0	0	0.725215462822606	0	0.509492599866306	0	0	0	0	0	0.784024378593748	0.881521707318229	0	0	0.794383191541899	0	0	0	0.764298422922739	0
0	0	0	0	0	0	0	0	0	0	0	0	0	0	0	0	0	0	0	0	0	0	0	0	0	0	0	0	0	0	0	0	0	0	0	0	0	0	0	0	0	0	0	0	0	0	0	0	0	0	0	0	0	0	0	0	0	0	0	0	0.954487260247479	0	0	0	0.703496051493234	0	0	0	0.628853260386606	0	0.875766141579025	0	0	0	0	0.637570157218494	0.719244478309412	0	0	0	0.55396989964421	0	0.520725815027794	0	0	0	0.510318602809544	0.994482285863928	0	0
0	0	0	0	0	0	0	0	0	0	0	0	0	0	0	0	0	0	0	0	0	0	0	0	0	0	0	0	0	0	0	0	0	0	0	0	0	0	0	0	0	0	0	0	0	0	0	0	0	0	0	0	0	0	0	0	0	0	0	0	0.632295239591927	0.671077106083785	0	0	0	0	0	0.954782624268027	0.828825556157661	0.764374212762261	0	0	0.82064996199296	0	0	0	0	0	0.960405144519804	0	0.881491434590959	0	0.871779966338287	0	0.718898804544205	0.551105550574915	0	0	0	0
0	0	0	0	0	0	0	0	0	0	0	0	0	0	0	0	0	0	0	0	0	0	0	0	0	0	0	0	0	0	0	0	0	0	0	0	0	0	0	0	0	0	0	0	0	0	0	0	0	0	0	0	0	0	0	0	0	0	0	0	0	0.632693795945843	0	0.984438875830609	0	0	0.973741638643264	0	0.95685986567234	0	0.58437677939056	0.753353828345394	0.566516425433789	0	0	0	0	0	0	0	0	0.951995254121247	0	0	0	0	0	0	0	0
0	0	0	0	0	0	0	0	0	0	0	0	0	0	0	0	0	0	0	0	0	0	0	0	0	0	0	0	0	0	0	0	0	0	0	0	0	0	0	0	0	0	0	0	0	0	0	0	0	0	0	0	0	0	0	0	0	0	0	0	0	0	0.535549459855051	0	0	0.633623591529145	0.811970707805532	0.597729289037937	0	0	0	0	0.750339557848601	0	0	0	0	0.946900345213783	0.896485884560261	0	0	0.614210709685777	0.675579064315497	0	0	0	0.816453579693615	0	0	0
0	0	0	0	0	0	0	0	0	0	0	0	0	0	0	0	0	0	0	0	0	0	0	0	0	0	0	0	0	0	0	0	0	0	0	0	0	0	0	0	0	0	0	0	0	0	0	0	0	0	0	0	0	0	0	0	0	0	0	0	0	0	0.733596008018904	0.78009656984343	0	0	0.941278889452797	0	0	0	0.868913678867603	0.94622651929258	0	0	0.62075397438959	0.691421425906464	0	0	0	0	0	0	0.797384576361394	0	0	0	0	0	0.543708338072814	0
0	0	0	0	0	0	0	0	0	0	0	0	0	0	0	0	0	0	0	0	0	0	0	0	0	0	0	0	0	0	0	0	0	0	0	0	0	0	0	0	0	0	0	0	0	0	0	0	0	0	0	0	0	0	0	0	0	0	0	0	0	0	0	0	0	0.760790230932022	0	0.579753831354385	0	0.72805725595554	0	0	0	0	0.785434167137473	0.763072073169817	0.730814913187941	0	0	0	0	0	0	0.752537791075098	0	0	0	0	0	0
0	0	0	0	0	0	0	0	0	0	0	0	0	0	0	0	0	0	0	0	0	0	0	0	0	0	0	0	0	0	0	0	0	0	0	0	0	0	0	0	0	0	0	0	0	0	0	0	0	0	0	0	0	0	0	0	0	0	0	0	0.868838313171775	0.828957543837093	0	0.915866083418085	0	0	0	0.693051320127726	0	0.921778848821611	0	0	0	0.624443177073266	0	0	0	0	0.829461561511351	0	0.989805026695412	0	0	0	0.912839681474362	0	0	0	0	0
0	0	0	0	0	0	0	0	0	0	0	0	0	0	0	0	0	0	0	0	0	0	0	0	0	0	0	0	0	0	0	0	0	0	0	0	0	0	0	0	0	0	0	0	0	0	0	0	0	0	0	0	0	0	0	0	0	0	0	0	0	0.876134967312433	0	0	0.535984590564253	0	0.807205529812868	0.691583412768514	0.775978671082163	0	0	0	0	0	0	0.670081399558788	0	0.501001101772053	0	0	0	0	0	0.500055597062605	0.847036204019529	0	0	0	0	0.537977226432038
0	0	0	0	0	0	0	0	0	0	0	0	0	0	0	0	0	0	0	0	0	0	0	0	0	0	0	0	0	0	0	0	0	0	0	0	0	0	0	0	0	0	0	0	0	0	0	0	0	0	0	0	0	0	0	0	0	0	0	0	0	0	0	0.60111706152523	0	0	0	0	0	0	0	0.921781286164156	0	0	0	0	0	0.610159685876328	0	0	0	0.771354942125835	0.833043650499851	0	0.944025020730022	0	0.584049679690468	0	0	0
0	0	0	0	0	0	0	0	0	0	0	0	0	0	0	0	0	0	0	0	0	0	0	0	0	0	0	0	0	0	0	0	0	0	0	0	0	0	0	0	0	0	0	0	0	0	0	0	0	0	0	0	0	0	0	0	0	0	0	0	0	0.960251573330825	0.592853308189049	0	0.706278285389755	0	0	0	0	0.779201310058359	0.930404406262805	0	0	0	0	0	0	0.969936586579183	0	0	0	0	0	0	0	0.639089553512641	0.568975650537664	0.820662455640968	0.671040208515928	0
0	0	0	0	0	0	0	0	0	0	0	0	0	0	0	0	0	0	0	0	0	0	0	0	0	0	0	0	0	0	0	0	0	0	0	0	0	0	0	0	0	0	0	0	0	0	0	0	0	0	0	0	0	0	0	0	0	0	0	0	0	0	0	0	0	0.537854634191763	0	0	0	0.63675489966073	0.81093733439091	0	0.91640858112648	0	0	0	0.511687184356804	0	0	0	0	0	0.630591662719598	0	0	0	0	0	0	0
0	0	0	0	0	0	0	0	0	0	0	0	0	0	0	0	0	0	0	0	0	0	0	0	0	0	0	0	0	0	0	0	0	0	0	0	0	0	0	0	0	0	0	0	0	0	0	0	0	0	0	0	0	0	0	0	0	0	0	0	0.568434869487393	0.819951185618663	0	0	0	0.770653896770466	0	0	0	0	0.976458524712558	0	0	0	0	0.573425598580029	0	0	0	0.575829211423415	0	0.985836305490608	0	0	0.502137110829926	0	0.858965694428812	0	0	0
0	0	0	0	0	0	0	0	0	0	0	0	0	0	0	0	0	0	0	0	0	0	0	0	0	0	0	0	0	0	0	0	0	0	0	0	0	0	0	0	0	0	0	0	0	0	0	0	0	0	0	0	0	0	0	0	0	0	0	0	0	0	0.63777141812841	0.616329235868604	0	0	0	0	0.732139730023912	0	0	0	0.790741855446842	0.558972958295623	0.689914560592779	0	0	0	0	0	0	0.504239357656549	0	0	0.687070331842399	0.741615237876856	0.787690381116756	0.514050915767103	0	0
0	0	0	0	0	0	0	0	0	0	0	0	0	0	0	0	0	0	0	0	0	0	0	0	0	0	0	0	0	0	0	0	0	0	0	0	0	0	0	0	0	0	0	0	0	0	0	0	0	0	0	0	0	0	0	0	0	0	0	0	0	0	0	0	0	0	0.770029287660443	0	0.97026898206565	0	0	0.631531800772852	0	0	0	0	0	0	0	0.83386478182411	0.803286763402815	0.574827629557585	0	0.604851371409791	0	0	0	0.788379015645599	0.768883117576295	0
0	0	0	0	0	0	0	0	0	0	0	0	0	0	0	0	0	0	0	0	0	0	0	0	0	0	0	0	0	0	0	0	0	0	0	0	0	0	0	0	0	0	0	0	0	0	0	0	0	0	0	0	0	0	0	0	0	0	0	0	0.66295047821291	0.85640039068083	0	0.731917078854922	0	0	0	0	0	0	0	0	0	0	0	0	0.622083492350651	0	0.856714041768723	0	0.908775600074306	0	0.577386893699817	0.953082749978421	0	0	0.978959653014349	0.700379040895121	0	0
0	0	0	0	0	0	0	0	0	0	0	0	0	0	0	0	0	0	0	0	0	0	0	0	0	0	0	0	0	0	0	0	0	0	0	0	0	0	0	0	0	0	0	0	0	0	0	0	0	0	0	0	0	0	0	0	0	0	0	0	0.850383171323891	0	0	0.758072112430611	0.73115758110832	0.702640855952635	0.832935854470746	0	0	0	0	0.666994577213537	0	0	0	0	0	0	0.559901137710181	0.755115228593283	0	0	0	0	0	0.549554377863248	0	0	0.67388367023947	0.727013809256514
0	0	0	0	0	0	0	0	0	0	0	0	0	0	0	0	0	0	0	0	0	0	0	0	0	0	0	0	0	0	0	0	0	0	0	0	0	0	0	0	0	0	0	0	0	0	0	0	0	0	0	0	0	0	0	0	0	0	0	0	0.886783984723318	0.586776015940895	0	0	0.779027281638585	0	0	0.830565280363448	0.884561822210191	0	0	0	0	0.780319463262974	0	0	0.68171618924895	0.792196053022014	0.628388814926244	0	0	0	0	0.656651442048409	0	0.573195011502175	0.759206187510227	0.804169518048026	0.836702918362805	0
0	0	0	0	0	0	0	0	0	0	0	0	0	0	0	0	0	0	0	0	0	0	0	0	0	0	0	0	0	0	0	0	0	0	0	0	0	0	0	0	0	0	0	0	0	0	0	0	0	0	0	0	0	0	0	0	0	0	0	0	0.942808329845869	0	0.90020772504493	0	0	0.586237942834307	0.915001573800799	0	0.950439959079115	0.606149974883701	0	0	0	0.941845230186851	0	0.973572750090099	0	0	0	0.524818416204406	0	0	0	0.943424514415845	0	0	0.80838905303903	0	0	0
0	0	0	0	0	0	0	0	0	0	0	0	0	0	0	0	0	0	0	0	0	0	0	0	0	0	0	0	0	0	0	0	0	0	0	0	0	0	0	0	0	0	0	0	0	0	0	0	0	0	0	0	0	0	0	0	0	0	0	0	0	0.634900638368772	0	0	0	0	0	0	0	0	0.650776142805245	0	0.658323249729648	0	0	0	0	0	0.792553562099607	0.531343626593263	0	0.648086932291671	0.725259585849184	0	0.921352886308237	0	0.642203859242266	0.913241891644951	0	0.661683118450364
0	0	0	0	0	0	0	0	0	0	0	0	0	0	0	0	0	0	0	0	0	0	0	0	0	0	0	0	0	0	0	0	0	0	0	0	0	0	0	0	0	0	0	0	0	0	0	0	0	0	0	0	0	0	0	0	0	0	0	0	0	0	0.55062242839502	0.976656865285659	0.666534147820823	0	0.590566531346765	0	0	0	0	0.707867403065121	0.920945497087539	0.913954405044547	0	0	0.512190853928634	0.933491991853484	0	0	0	0	0	0.756485408647135	0	0	0.73680216900966	0.873531837812497	0.9404320837575	0
0	0	0	0	0	0	0	0	0	0	0	0	0	0	0	0	0	0	0	0	0	0	0	0	0	0	0	0	0	0	0	0	0	0	0	0	0	0	0	0	0	0	0	0	0	0	0	0	0	0	0	0	0	0	0	0	0	0	0	0	0.502426072701422	0	0	0	0	0	0.965792673309485	0	0	0	0	0	0	0	0.559832950110999	0	0	0.627590546425735	0	0	0.801389819654729	0.826590226622308	0	0	0	0	0	0.897128275355757	0	0.976805558795313
0	0	0	0	0	0	0	0	0	0	0	0	0	0	0	0	0	0	0	0	0	0	0	0	0	0	0	0	0	0	0	0	0	0	0	0	0	0	0	0	0	0	0	0	0	0	0	0	0	0	0	0	0	0	0	0	0	0	0	0	0.532815159263717	0	0.821573018064245	0	0	0.595104883618188	0	0	0.623346506088778	0	0	0	0	0.519531789142463	0.710270744995419	0	0.79556109960425	0.73523549086043	0	0.926962690302967	0	0.699990479161048	0.69826317557929	0.750742692338797	0.53828061047085	0	0	0.792935874446336	0	0
0	0	0	0	0	0	0	0	0	0	0	0	0	0	0	0	0	0	0	0	0	0	0	0	0	0	0	0	0	0	0	0	0	0	0	0	0	0	0	0	0	0	0	0	0	0	0	0	0	0	0	0	0	0	0	0	0	0	0	0	0	0	0	0.83849243744324	0	0.560276810826943	0	0	0	0	0	0	0	0	0.820726454382535	0	0	0.825658614049346	0.777903458794599	0.966324526136394	0	0.832095686914781	0	0.893614416791856	0.622529807307306	0.734333679581035	0.739131124238184	0	0	0
0	0	0	0	0	0	0	0	0	0	0	0	0	0	0	0	0	0	0	0	0	0	0	0	0	0	0	0	0	0	0	0	0	0	0	0	0	0	0	0	0	0	0	0	0	0	0	0	0	0	0	0	0	0	0	0	0	0	0	0	0	0.689452815362467	0.732920726284571	0	0.618951936740787	0	0	0	0	0.657222123678633	0	0	0	0	0.924683193695305	0	0	0	0.591547026572927	0	0.85608212106954	0.770395797337725	0	0	0.548675393204513	0	0	0	0	0
0	0	0	0	0	0	0	0	0	0	0	0	0	0	0	0	0	0	0	0	0	0	0	0	0	0	0	0	0	0	0	0	0	0	0	0	0	0	0	0	0	0	0	0	0	0	0	0	0	0	0	0	0	0	0	0	0	0	0	0	0.650931464294833	0.543311007188323	0	0.912216319182297	0	0	0	0	0	0	0	0	0.865157288578873	0	0	0	0	0	0	0	0.756648617101347	0	0	0.686548415802628	0	0.659648798246938	0	0	0	0
