0	0	0.797613473913826	0.791118560105201	0	0	0.951468131942097	0	0.931898234572308	0.602089401902807	0	0.524539579205747	0	0	0.870781279647386	0.690661657118051	0.761569951698552	0.594659229298588	0	0	0	0	0	0	0	0	0	0	0	0	0	0	0	0	0	0	0	0	0	0	0	0	0	0	0	0	0	0	0	0	0	0	0	0	0	0	0	0	0	0	0	0	0	0	0	0	0	0	0	0	0	0	0	0	0	0	0	0	0	0	0	0	0	0	0	0	0	0	0	0
0	0	0.523310388224836	0.858033513142859	0.72865974351966	0	0	0	0.796819666171181	0.596227136607467	0.591891891407817	0	0	0	0	0.565015040387944	0.605308936013861	0.965726682243705	0	0	0	0	0	0	0	0	0	0	0	0	0	0	0	0	0	0	0	0	0	0	0	0	0	0	0	0	0	0	0	0	0	0	0	0	0	0	0	0	0	0	0	0	0	0	0	0	0	0	0	0	0	0	0	0	0	0	0	0	0	0	0	0	0	0	0	0	0	0	0	0
0.580702706836621	0.968526447288145	0	0.814640283162066	0	0	0.923333217040039	0.941026138322258	0.923727215795887	0.827025657083994	0	0	0.879893259806598	0	0.64022685909199	0	0	0.662036675842656	0	0	0	0	0	0	0	0	0	0	0	0	0	0	0	0	0	0	0	0	0	0	0	0	0	0	0	0	0	0	0	0	0	0	0	0	0	0	0	0	0	0	0	0	0	0	0	0	0	0	0	0	0	0	0	0	0	0	0	0	0	0	0	0	0	0	0	0	0	0	0	0
0.523766188262378	0.563701043228801	0.972396823773296	0	0.751934695633319	0.733713243789375	0.777331391362815	0	0	0.749629272913067	0	0	0.864299428416215	0	0.534262768090861	0.830195387619495	0	0	0	0	0	0	0	0	0	0	0	0	0	0	0	0	0	0	0	0	0	0	0	0	0	0	0	0	0	0	0	0	0	0	0	0	0	0	0	0	0	0	0	0	0	0	0	0	0	0	0	0	0	0	0	0	0	0	0	0	0	0	0	0	0	0	0	0	0	0	0	0	0	0
0	0.610467883756428	0	0.565254944764304	0	0.939638318310407	0	0.796584544671792	0	0.929078297700152	0.660158203417489	0	0.609296412998832	0.561029882924586	0	0.501508598205153	0	0	0	0	0	0	0	0	0	0	0	0	0	0	0	0	0	0	0	0	0	0	0	0	0	0	0	0	0	0	0	0	0	0	0	0	0	0	0	0	0	0	0	0	0	0	0	0	0	0	0	0	0	0	0	0	0	0	0	0	0	0	0	0	0	0	0	0	0	0	0	0	0	0
0	0	0	0.620518073835398	0.782831295925379	0	0.944043052105968	0.55501767824885	0	0.804748119044748	0	0.992136158245455	0	0.755108633373524	0	0.898532699404598	0	0	0	0	0	0	0	0	0	0	0	0	0	0	0	0	0	0	0	0	0	0	0	0	0	0	0	0	0	0	0	0	0	0	0	0	0	0	0	0	0	0	0	0	0	0	0	0	0	0	0	0	0	0	0	0	0	0	0	0	0	0	0	0	0	0	0	0	0	0	0	0	0	0
0.71813070550488	0	0.797772240219348	0.696827737031686	0	0.954213456646282	0	0	0.85263968888717	0	0.630844605779465	0	0	0.903993759723205	0.911778967918246	0	0.923706580892446	0.737639582285976	0	0	0	0	0	0	0	0	0	0	0	0	0	0	0	0	0	0	0	0	0	0	0	0	0	0	0	0	0	0	0	0	0	0	0	0	0	0	0	0	0	0	0	0	0	0	0	0	0	0	0	0	0	0	0	0	0	0	0	0	0	0	0	0	0	0	0	0	0	0	0	0
0	0	0.632302994381249	0	0.702489598079191	0.652866473109282	0	0	0.85656354365235	0.527848423781066	0	0.956218693547858	0.710779064923144	0.818877300585913	0	0.910990792378325	0	0	0	0	0	0	0	0	0	0	0	0	0	0	0	0	0	0	0	0	0	0	0	0	0	0	0	0	0	0	0	0	0	0	0	0	0	0	0	0	0	0	0	0	0	0	0	0	0	0	0	0	0	0	0	0	0	0	0	0	0	0	0	0	0	0	0	0	0	0	0	0	0	0
0.754084168622883	0.767512415956834	0.571922274917785	0	0	0	0.529952105810177	0.644267424136874	0	0.854732217277146	0.88218767012062	0	0.969847975163088	0.925480951772717	0.921632092720927	0	0.744298747218662	0.528120150587553	0	0	0	0	0	0	0	0	0	0	0	0	0	0	0	0	0	0	0	0	0	0	0	0	0	0	0	0	0	0	0	0	0	0	0	0	0	0	0	0	0	0	0	0	0	0	0	0	0	0	0	0	0	0	0	0	0	0	0	0	0	0	0	0	0	0	0	0	0	0	0	0
0.874390146519595	0.893376246750643	0.671642326012382	0.552061330635645	0.5071917932311	0.688654686879421	0	0.694452585949684	0.779705469256881	0	0.954252571743684	0	0	0.951495993583629	0.827243177747781	0	0.875718356968258	0	0	0	0	0	0	0	0	0	0	0	0	0	0	0	0	0	0	0	0	0	0	0	0	0	0	0	0	0	0	0	0	0	0	0	0	0	0	0	0	0	0	0	0	0	0	0	0	0	0	0	0	0	0	0	0	0	0	0	0	0	0	0	0	0	0	0	0	0	0	0	0	0
0	0.884346369113971	0	0	0.728209035821643	0	0.930389217737046	0	0.728402016167952	0.863155861006313	0	0	0.914338230423411	0.538074604668475	0.83149809351623	0	0.73005323061445	0.525175337342793	0	0	0	0	0	0	0	0	0	0	0	0	0	0	0	0	0	0	0	0	0	0	0	0	0	0	0	0	0	0	0	0	0	0	0	0	0	0	0	0	0	0	0	0	0	0	0	0	0	0	0	0	0	0	0	0	0	0	0	0	0	0	0	0	0	0	0	0	0	0	0	0
0.575920635172313	0	0	0	0	0.982366362015958	0	0.804407515847432	0	0	0	0	0	0.957372187468787	0.695765577510915	0.659993754949206	0.847808997659294	0	0	0	0	0	0	0	0	0	0	0	0	0	0	0	0	0	0	0	0	0	0	0	0	0	0	0	0	0	0	0	0	0	0	0	0	0	0	0	0	0	0	0	0	0	0	0	0	0	0	0	0	0	0	0	0	0	0	0	0	0	0	0	0	0	0	0	0	0	0	0	0	0
0	0	0.678423703893105	0.974479206369735	0.711334145608461	0	0	0.883991323156837	0.777674485348496	0	0.595548541895139	0	0	0.514803330039164	0.784878757717885	0.762568646820914	0.89691370703884	0.975089577533181	0	0	0	0	0	0	0	0	0	0	0	0	0	0	0	0	0	0	0	0	0	0	0	0	0	0	0	0	0	0	0	0	0	0	0	0	0	0	0	0	0	0	0	0	0	0	0	0	0	0	0	0	0	0	0	0	0	0	0	0	0	0	0	0	0	0	0	0	0	0	0	0
0	0	0	0	0.69953950926715	0.977666140168731	0.5920122569402	0.654915675024028	0.798207243702623	0.780565668034291	0.749350357798694	0.703401261734091	0.772559517942447	0	0.989782084758005	0	0	0	0	0	0	0	0	0	0	0	0	0	0	0	0	0	0	0	0	0	0	0	0	0	0	0	0	0	0	0	0	0	0	0	0	0	0	0	0	0	0	0	0	0	0	0	0	0	0	0	0	0	0	0	0	0	0	0	0	0	0	0	0	0	0	0	0	0	0	0	0	0	0	0
0.932883319093293	0	0.777135142304739	0.611221402717374	0	0	0.90623596170915	0	0.882862502668968	0.826800415974904	0.664485918677959	0.726981556415977	0.58809739018142	0.663869745617722	0	0.917571744973179	0.731752028701027	0.789267625945006	0	0	0	0	0	0	0	0	0	0	0	0	0	0	0	0	0	0	0	0	0	0	0	0	0	0	0	0	0	0	0	0	0	0	0	0	0	0	0	0	0	0	0	0	0	0	0	0	0	0	0	0	0	0	0	0	0	0	0	0	0	0	0	0	0	0	0	0	0	0	0	0
0.93941596831532	0.521968287961526	0	0.51117785392582	0.829863936494112	0.709543540019041	0	0.907165951527174	0	0	0	0.705230442919553	0.552921839331313	0	0.61319745153701	0	0	0.676952854318609	0	0	0	0	0	0	0	0	0	0	0	0	0	0	0	0	0	0	0	0	0	0	0	0	0	0	0	0	0	0	0	0	0	0	0	0	0	0	0	0	0	0	0	0	0	0	0	0	0	0	0	0	0	0	0	0	0	0	0	0	0	0	0	0	0	0	0	0	0	0	0	0
0.812032049083232	0.904943200218999	0	0	0	0	0.757205173981947	0	0.745619969476098	0.890101419604475	0.815469392930263	0.995411850418984	0.871263443613071	0	0.538039949022763	0	0	0.747447897850652	0	0	0	0	0	0	0	0	0	0	0	0	0	0	0	0	0	0	0	0	0	0	0	0	0	0	0	0	0	0	0	0	0	0	0	0	0	0	0	0	0	0	0	0	0	0	0	0	0	0	0	0	0	0	0	0	0	0	0	0	0	0	0	0	0	0	0	0	0	0	0	0
0.744655617787934	0.82648738317879	0.703363801763403	0	0	0	0.761615865129747	0	0.686604001002185	0	0.950773089765636	0	0.548318588045367	0	0.582514994856555	0.512276461357432	0.802318644784834	0	0	0	0	0	0	0	0	0	0	0	0	0	0	0	0	0	0	0	0	0	0	0	0	0	0	0	0	0	0	0	0	0	0	0	0	0	0	0	0	0	0	0	0	0	0	0	0	0	0	0	0	0	0	0	0	0	0	0	0	0	0	0	0	0	0	0	0	0	0	0	0	0
0	0	0	0	0	0	0	0	0	0	0	0	0	0	0	0	0	0	0	0.538220195167767	0.558638362443714	0.790101447380594	0.555697623361159	0	0	0	0	0	0	0	0	0	0.820871167771838	0.566556909465264	0.623407959927198	0.613378756781158	0	0	0	0	0	0	0	0	0	0	0	0	0	0	0	0	0	0	0	0	0	0	0	0	0	0	0	0	0	0	0	0	0	0	0	0	0	0	0	0	0	0	0	0	0	0	0	0	0	0	0	0	0	0
0	0	0	0	0	0	0	0	0	0	0	0	0	0	0	0	0	0	0.515850044606875	0	0.911587720806496	0.679844649699968	0.756987205036933	0.526513343125882	0	0	0	0	0	0	0	0	0	0.634289483861155	0.696514297542396	0.813219188788362	0	0	0	0	0	0	0	0	0	0	0	0	0	0	0	0	0	0	0	0	0	0	0	0	0	0	0	0	0	0	0	0	0	0	0	0	0	0	0	0	0	0	0	0	0	0	0	0	0	0	0	0	0	0
0	0	0	0	0	0	0	0	0	0	0	0	0	0	0	0	0	0	0.750775292079087	0.980015498221731	0	0.649974296562648	0.934736897678415	0.624665889904523	0.862987618474931	0	0	0	0	0	0	0	0	0	0.902006667153614	0.965477870631823	0	0	0	0	0	0	0	0	0	0	0	0	0	0	0	0	0	0	0	0	0	0	0	0	0	0	0	0	0	0	0	0	0	0	0	0	0	0	0	0	0	0	0	0	0	0	0	0	0	0	0	0	0	0
0	0	0	0	0	0	0	0	0	0	0	0	0	0	0	0	0	0	0.513055564567418	0.841364217733103	0.575258964971121	0	0	0.834040471809977	0.972142416152929	0.68728873691152	0	0	0	0	0	0	0.734988608904193	0	0	0.771541630875535	0	0	0	0	0	0	0	0	0	0	0	0	0	0	0	0	0	0	0	0	0	0	0	0	0	0	0	0	0	0	0	0	0	0	0	0	0	0	0	0	0	0	0	0	0	0	0	0	0	0	0	0	0	0
0	0	0	0	0	0	0	0	0	0	0	0	0	0	0	0	0	0	0.604914500846868	0.876426110429332	0.920639936510174	0	0	0.574418026496851	0.701662796340548	0.726202312107766	0.775565331500111	0	0	0	0	0	0	0	0	0	0	0	0	0	0	0	0	0	0	0	0	0	0	0	0	0	0	0	0	0	0	0	0	0	0	0	0	0	0	0	0	0	0	0	0	0	0	0	0	0	0	0	0	0	0	0	0	0	0	0	0	0	0	0
0	0	0	0	0	0	0	0	0	0	0	0	0	0	0	0	0	0	0	0.987824684718951	0.932155526313467	0.598413219862914	0.899723873916463	0	0.874934016769854	0.647702763015765	0.515784419068292	0.537569721242473	0	0	0	0	0	0	0	0	0	0	0	0	0	0	0	0	0	0	0	0	0	0	0	0	0	0	0	0	0	0	0	0	0	0	0	0	0	0	0	0	0	0	0	0	0	0	0	0	0	0	0	0	0	0	0	0	0	0	0	0	0	0
0	0	0	0	0	0	0	0	0	0	0	0	0	0	0	0	0	0	0	0	0.547128945729319	0.886335190189099	0.896426488058156	0.861448908646695	0	0.538088250487347	0.855318052325222	0.769496150415442	0.952892719517344	0	0	0	0	0	0	0	0	0	0	0	0	0	0	0	0	0	0	0	0	0	0	0	0	0	0	0	0	0	0	0	0	0	0	0	0	0	0	0	0	0	0	0	0	0	0	0	0	0	0	0	0	0	0	0	0	0	0	0	0	0
0	0	0	0	0	0	0	0	0	0	0	0	0	0	0	0	0	0	0	0	0	0.571712199645719	0.983759451170132	0.96783660355519	0.658433634240213	0	0.929862427863984	0.624270907423442	0.814979516353321	0.586065814876905	0	0	0	0	0	0	0	0	0	0	0	0	0	0	0	0	0	0	0	0	0	0	0	0	0	0	0	0	0	0	0	0	0	0	0	0	0	0	0	0	0	0	0	0	0	0	0	0	0	0	0	0	0	0	0	0	0	0	0	0
0	0	0	0	0	0	0	0	0	0	0	0	0	0	0	0	0	0	0	0	0	0	0.614824784791322	0.920733882812628	0.768494550297361	0.524771226404225	0	0.622851605261775	0.692663791351236	0.760809233148045	0.973866553912092	0	0	0	0	0	0	0	0	0	0	0	0	0	0	0	0	0	0	0	0	0	0	0	0	0	0	0	0	0	0	0	0	0	0	0	0	0	0	0	0	0	0	0	0	0	0	0	0	0	0	0	0	0	0	0	0	0	0	0
0	0	0	0	0	0	0	0	0	0	0	0	0	0	0	0	0	0	0	0	0	0	0	0.556457055379951	0.730525219896663	0.995934305366767	0.698552619699851	0	0.939669352232996	0.87977003751322	0.979682631791435	0.815932866803474	0	0	0	0	0	0	0	0	0	0	0	0	0	0	0	0	0	0	0	0	0	0	0	0	0	0	0	0	0	0	0	0	0	0	0	0	0	0	0	0	0	0	0	0	0	0	0	0	0	0	0	0	0	0	0	0	0	0
0	0	0	0	0	0	0	0	0	0	0	0	0	0	0	0	0	0	0	0	0	0	0	0	0.85263019699506	0.965982467652118	0.758436927437192	0.983294325508855	0	0.927654001838487	0.724700833537409	0.944310048498229	0.868438467629443	0	0	0	0	0	0	0	0	0	0	0	0	0	0	0	0	0	0	0	0	0	0	0	0	0	0	0	0	0	0	0	0	0	0	0	0	0	0	0	0	0	0	0	0	0	0	0	0	0	0	0	0	0	0	0	0	0
0	0	0	0	0	0	0	0	0	0	0	0	0	0	0	0	0	0	0	0	0	0	0	0	0	0.676188582586454	0.729837588319362	0.675326720741342	0.723597146855785	0	0.777192465881282	0.577521599775479	0.998406969573006	0.600769386743513	0	0	0	0	0	0	0	0	0	0	0	0	0	0	0	0	0	0	0	0	0	0	0	0	0	0	0	0	0	0	0	0	0	0	0	0	0	0	0	0	0	0	0	0	0	0	0	0	0	0	0	0	0	0	0	0
0	0	0	0	0	0	0	0	0	0	0	0	0	0	0	0	0	0	0	0	0	0	0	0	0	0	0.804032710623189	0.607317443216704	0.881764751437181	0.551136887229475	0	0	0.555464378233973	0.863048933937325	0.79346516534573	0.982924786018333	0	0	0	0	0	0	0	0	0	0	0	0	0	0	0	0	0	0	0	0	0	0	0	0	0	0	0	0	0	0	0	0	0	0	0	0	0	0	0	0	0	0	0	0	0	0	0	0	0	0	0	0	0	0
0	0	0	0	0	0	0	0	0	0	0	0	0	0	0	0	0	0	0	0	0	0	0	0	0	0	0	0.978034643447593	0.674426777782061	0.542324507503828	0	0	0.712042896519051	0.55856068962952	0.935629325843367	0.744341880899942	0	0	0	0	0	0	0	0	0	0	0	0	0	0	0	0	0	0	0	0	0	0	0	0	0	0	0	0	0	0	0	0	0	0	0	0	0	0	0	0	0	0	0	0	0	0	0	0	0	0	0	0	0	0
0	0	0	0	0	0	0	0	0	0	0	0	0	0	0	0	0	0	0.68191097917574	0	0	0.603073873154895	0	0	0	0	0	0	0.652631335226309	0.853885161778789	0.867491870390811	0.851010865280274	0	0.511419004837637	0.733090392577546	0.639989790440225	0	0	0	0	0	0	0	0	0	0	0	0	0	0	0	0	0	0	0	0	0	0	0	0	0	0	0	0	0	0	0	0	0	0	0	0	0	0	0	0	0	0	0	0	0	0	0	0	0	0	0	0	0	0
0	0	0	0	0	0	0	0	0	0	0	0	0	0	0	0	0	0	0.709288563395045	0.82831305810803	0	0	0	0	0	0	0	0	0	0.879832546684027	0.693946474036065	0.524959361836466	0.577030188280077	0	0.742799622284956	0.726956709930624	0	0	0	0	0	0	0	0	0	0	0	0	0	0	0	0	0	0	0	0	0	0	0	0	0	0	0	0	0	0	0	0	0	0	0	0	0	0	0	0	0	0	0	0	0	0	0	0	0	0	0	0	0	0
0	0	0	0	0	0	0	0	0	0	0	0	0	0	0	0	0	0	0.710676576203284	0.567168298753263	0.970769200738631	0	0	0	0	0	0	0	0	0	0.853904911078273	0.518452263968712	0.878372644495316	0.672589010581804	0	0.644742726675378	0	0	0	0	0	0	0	0	0	0	0	0	0	0	0	0	0	0	0	0	0	0	0	0	0	0	0	0	0	0	0	0	0	0	0	0	0	0	0	0	0	0	0	0	0	0	0	0	0	0	0	0	0	0
0	0	0	0	0	0	0	0	0	0	0	0	0	0	0	0	0	0	0.692417029552345	0.675485089403818	0.915812039692032	0.650150669703069	0	0	0	0	0	0	0	0	0.904058918795399	0.883397456089098	0.758467508172384	0.958330238771195	0.968497150468495	0	0	0	0	0	0	0	0	0	0	0	0	0	0	0	0	0	0	0	0	0	0	0	0	0	0	0	0	0	0	0	0	0	0	0	0	0	0	0	0	0	0	0	0	0	0	0	0	0	0	0	0	0	0	0
0	0	0	0	0	0	0	0	0	0	0	0	0	0	0	0	0	0	0	0	0	0	0	0	0	0	0	0	0	0	0	0	0	0	0	0	0	0	0	0.655063294887553	0.764271621212418	0.857490885496927	0.738911605020594	0.540065081188828	0	0	0.880755989917815	0.710176047289912	0.510466298155568	0.500927831356131	0.681402759192899	0.918422217485446	0.851600218231995	0.802025291295063	0	0	0	0	0	0	0	0	0	0	0	0	0	0	0	0	0	0	0	0	0	0	0	0	0	0	0	0	0	0	0	0	0	0	0	0
0	0	0	0	0	0	0	0	0	0	0	0	0	0	0	0	0	0	0	0	0	0	0	0	0	0	0	0	0	0	0	0	0	0	0	0	0	0	0	0.832971966857859	0	0.677892809161233	0.584756935398987	0.900870840425248	0.956186593523384	0.92111489363554	0	0.868042835663886	0	0.938234032543819	0.694575624748808	0.560094152065589	0	0.78067394047221	0	0	0	0	0	0	0	0	0	0	0	0	0	0	0	0	0	0	0	0	0	0	0	0	0	0	0	0	0	0	0	0	0	0	0	0
0	0	0	0	0	0	0	0	0	0	0	0	0	0	0	0	0	0	0	0	0	0	0	0	0	0	0	0	0	0	0	0	0	0	0	0	0	0	0	0.874819710617471	0	0.951062255638597	0.539411340130787	0	0.567041823629642	0.683603303315001	0.823548338516802	0.780875698655424	0	0.751800190096582	0.894277126546212	0.510371412638182	0.704316209122496	0.674740936659959	0	0	0	0	0	0	0	0	0	0	0	0	0	0	0	0	0	0	0	0	0	0	0	0	0	0	0	0	0	0	0	0	0	0	0	0
0	0	0	0	0	0	0	0	0	0	0	0	0	0	0	0	0	0	0	0	0	0	0	0	0	0	0	0	0	0	0	0	0	0	0	0	0.905456451885349	0.981136740515008	0.57412050521266	0	0	0.801587025443709	0.775489703682374	0.895666645831945	0	0	0.557732056601131	0	0.521516553853001	0.652407291568757	0.718183284288904	0.578365008123152	0	0.680692615294547	0	0	0	0	0	0	0	0	0	0	0	0	0	0	0	0	0	0	0	0	0	0	0	0	0	0	0	0	0	0	0	0	0	0	0	0
0	0	0	0	0	0	0	0	0	0	0	0	0	0	0	0	0	0	0	0	0	0	0	0	0	0	0	0	0	0	0	0	0	0	0	0	0.788795812672848	0	0	0	0	0.614143099433446	0.631904486332824	0.780335045853995	0.735729304491788	0.715070802081893	0.655820716033795	0	0.949047514993256	0	0	0.859279605245011	0	0.899885577198608	0	0	0	0	0	0	0	0	0	0	0	0	0	0	0	0	0	0	0	0	0	0	0	0	0	0	0	0	0	0	0	0	0	0	0	0
0	0	0	0	0	0	0	0	0	0	0	0	0	0	0	0	0	0	0	0	0	0	0	0	0	0	0	0	0	0	0	0	0	0	0	0	0.747215102898775	0.626455270844149	0.654829361815118	0.910557194149859	0.705411487156297	0	0.760317984076668	0.574687991399847	0.578294538582276	0.724698889317508	0	0.800077931565216	0	0.74584035341221	0	0	0	0	0	0	0	0	0	0	0	0	0	0	0	0	0	0	0	0	0	0	0	0	0	0	0	0	0	0	0	0	0	0	0	0	0	0	0	0
0	0	0	0	0	0	0	0	0	0	0	0	0	0	0	0	0	0	0	0	0	0	0	0	0	0	0	0	0	0	0	0	0	0	0	0	0.506372844000072	0.786761266079573	0.80492542978204	0.8490354243258	0.613076913588366	0.877046474057593	0	0.529081494906628	0.740118012480808	0.706721190522569	0	0.92506611199128	0.992856120416283	0.649614297672765	0	0	0	0	0	0	0	0	0	0	0	0	0	0	0	0	0	0	0	0	0	0	0	0	0	0	0	0	0	0	0	0	0	0	0	0	0	0	0	0
0	0	0	0	0	0	0	0	0	0	0	0	0	0	0	0	0	0	0	0	0	0	0	0	0	0	0	0	0	0	0	0	0	0	0	0	0.911389219951528	0.932874869606422	0	0.655855387298568	0.862452649999579	0.676054719770096	0.686275959077678	0	0	0.874037414567642	0.775793494035511	0.527884523664281	0.875818605018605	0.584249748623361	0.737790545640086	0	0.968387202881491	0	0	0	0	0	0	0	0	0	0	0	0	0	0	0	0	0	0	0	0	0	0	0	0	0	0	0	0	0	0	0	0	0	0	0	0	0
0	0	0	0	0	0	0	0	0	0	0	0	0	0	0	0	0	0	0	0	0	0	0	0	0	0	0	0	0	0	0	0	0	0	0	0	0	0.693327111229261	0.623321384854885	0	0.864488397343714	0.664093178138842	0.903893808165219	0	0	0.719886548618447	0.949449057864987	0.596969888920472	0.665606049482336	0.952964451737344	0.697731962180293	0	0.595476990599965	0.512094375354055	0	0	0	0	0	0	0	0	0	0	0	0	0	0	0	0	0	0	0	0	0	0	0	0	0	0	0	0	0	0	0	0	0	0	0	0
0	0	0	0	0	0	0	0	0	0	0	0	0	0	0	0	0	0	0	0	0	0	0	0	0	0	0	0	0	0	0	0	0	0	0	0	0	0.762741461245826	0.667790299747217	0	0.623079859228301	0.720760051357262	0.840886719271757	0.552239782813888	0.831014652651144	0	0.672189346483105	0.674896427325121	0	0.676562774361319	0.822909938023746	0.742015298063316	0	0	0	0	0	0	0	0	0	0	0	0	0	0	0	0	0	0	0	0	0	0	0	0	0	0	0	0	0	0	0	0	0	0	0	0	0	0
0	0	0	0	0	0	0	0	0	0	0	0	0	0	0	0	0	0	0	0	0	0	0	0	0	0	0	0	0	0	0	0	0	0	0	0	0.773189398347058	0	0.785079985697752	0.548874996690097	0.996237225258249	0	0	0.706449991244324	0.944664263467988	0.557606876472923	0	0.59114815500504	0.928316419478407	0.914146859507175	0.570438555772037	0	0.535602251808931	0.939989706470524	0	0	0	0	0	0	0	0	0	0	0	0	0	0	0	0	0	0	0	0	0	0	0	0	0	0	0	0	0	0	0	0	0	0	0	0
0	0	0	0	0	0	0	0	0	0	0	0	0	0	0	0	0	0	0	0	0	0	0	0	0	0	0	0	0	0	0	0	0	0	0	0	0.5580286329304	0.927056147617367	0.512921308729706	0	0	0.966481055723688	0.753552300918351	0.925888585638469	0.671505855460889	0.834414719129779	0.725876693261603	0	0.719080531108739	0.79100253403882	0	0.804288881024775	0.757906863258588	0.73347591119694	0	0	0	0	0	0	0	0	0	0	0	0	0	0	0	0	0	0	0	0	0	0	0	0	0	0	0	0	0	0	0	0	0	0	0	0
0	0	0	0	0	0	0	0	0	0	0	0	0	0	0	0	0	0	0	0	0	0	0	0	0	0	0	0	0	0	0	0	0	0	0	0	0.993616721758549	0	0	0.509784057109759	0.515503169624074	0	0.582427043419764	0.848906892742474	0.874011194798818	0	0.671173452275222	0.846969751653638	0	0.760136986071466	0	0.889784414225768	0.649740163568123	0.652494985744622	0	0	0	0	0	0	0	0	0	0	0	0	0	0	0	0	0	0	0	0	0	0	0	0	0	0	0	0	0	0	0	0	0	0	0	0
0	0	0	0	0	0	0	0	0	0	0	0	0	0	0	0	0	0	0	0	0	0	0	0	0	0	0	0	0	0	0	0	0	0	0	0	0.614048779490932	0.881683079647535	0.674916335612512	0.961059023329699	0	0.582588397185846	0.7759599829862	0.617547459535825	0.500550698760075	0.542612157110894	0.615712883323679	0.913459061762436	0.720802050839502	0	0	0	0.772242791626977	0.718806366356364	0	0	0	0	0	0	0	0	0	0	0	0	0	0	0	0	0	0	0	0	0	0	0	0	0	0	0	0	0	0	0	0	0	0	0	0
0	0	0	0	0	0	0	0	0	0	0	0	0	0	0	0	0	0	0	0	0	0	0	0	0	0	0	0	0	0	0	0	0	0	0	0	0.93160606305478	0.614114966070134	0.515056827021349	0.832058063206008	0	0	0	0.688578407285086	0.91777969920412	0.840122356727274	0.997221955483607	0	0	0	0	0.887798522518589	0.951631890837963	0.528613002990173	0	0	0	0	0	0	0	0	0	0	0	0	0	0	0	0	0	0	0	0	0	0	0	0	0	0	0	0	0	0	0	0	0	0	0	0
0	0	0	0	0	0	0	0	0	0	0	0	0	0	0	0	0	0	0	0	0	0	0	0	0	0	0	0	0	0	0	0	0	0	0	0	0.686325118641537	0.860035138504146	0.959455728011911	0.692567811365031	0.821146441783212	0	0	0	0	0.942830209633644	0	0.57678151222209	0.600828035105464	0	0.714671229188268	0	0	0.511689705583742	0	0	0	0	0	0	0	0	0	0	0	0	0	0	0	0	0	0	0	0	0	0	0	0	0	0	0	0	0	0	0	0	0	0	0	0
0	0	0	0	0	0	0	0	0	0	0	0	0	0	0	0	0	0	0	0	0	0	0	0	0	0	0	0	0	0	0	0	0	0	0	0	0.757006060485125	0	0.539513158803578	0	0	0	0	0.964913219891372	0.754984484432772	0	0.59786594097811	0.947841586197835	0.665637831943278	0.819194847161268	0.905298407312804	0	0	0.514369777462029	0	0	0	0	0	0	0	0	0	0	0	0	0	0	0	0	0	0	0	0	0	0	0	0	0	0	0	0	0	0	0	0	0	0	0	0
0	0	0	0	0	0	0	0	0	0	0	0	0	0	0	0	0	0	0	0	0	0	0	0	0	0	0	0	0	0	0	0	0	0	0	0	0.92254884263101	0.582044589241265	0.889786244059186	0.930146211120707	0.702644044812391	0	0	0	0.837145860381986	0	0.548267183620441	0.633911111129102	0.514141517662828	0.616228253716323	0.639880206868317	0.713768252081969	0.638523282914957	0	0	0	0	0	0	0	0	0	0	0	0	0	0	0	0	0	0	0	0	0	0	0	0	0	0	0	0	0	0	0	0	0	0	0	0	0
0	0	0	0	0	0	0	0	0	0	0	0	0	0	0	0	0	0	0	0	0	0	0	0	0	0	0	0	0	0	0	0	0	0	0	0	0	0	0	0	0	0	0	0	0	0	0	0	0	0	0	0	0	0	0	0.712445818613801	0.718983074614184	0.845138407642052	0	0	0	0	0	0	0	0	0	0	0	0.894880227204588	0.853213546388994	0.634001182477439	0	0	0	0	0	0	0	0	0	0	0	0	0	0	0	0	0	0
0	0	0	0	0	0	0	0	0	0	0	0	0	0	0	0	0	0	0	0	0	0	0	0	0	0	0	0	0	0	0	0	0	0	0	0	0	0	0	0	0	0	0	0	0	0	0	0	0	0	0	0	0	0	0.894770563138546	0	0.77360524978623	0.780371506168685	0.892663310955101	0	0	0	0	0	0	0	0	0	0	0	0.841301932462412	0	0	0	0	0	0	0	0	0	0	0	0	0	0	0	0	0	0	0
0	0	0	0	0	0	0	0	0	0	0	0	0	0	0	0	0	0	0	0	0	0	0	0	0	0	0	0	0	0	0	0	0	0	0	0	0	0	0	0	0	0	0	0	0	0	0	0	0	0	0	0	0	0	0.790847844323878	0.926368462706027	0	0.987398837104845	0.551183348560093	0.656712662514071	0	0	0	0.863565081370122	0	0	0	0	0	0	0	0.976710874934491	0	0	0	0	0	0	0	0	0	0	0	0	0	0	0	0	0	0
0	0	0	0	0	0	0	0	0	0	0	0	0	0	0	0	0	0	0	0	0	0	0	0	0	0	0	0	0	0	0	0	0	0	0	0	0	0	0	0	0	0	0	0	0	0	0	0	0	0	0	0	0	0	0.989849489940705	0.8536300997906	0.694140277603658	0	0.949976648403901	0.895105942916985	0	0	0	0.988195701418682	0	0	0	0	0	0	0.904616280706132	0	0	0	0	0	0	0	0	0	0	0	0	0	0	0	0	0	0	0
0	0	0	0	0	0	0	0	0	0	0	0	0	0	0	0	0	0	0	0	0	0	0	0	0	0	0	0	0	0	0	0	0	0	0	0	0	0	0	0	0	0	0	0	0	0	0	0	0	0	0	0	0	0	0	0.578977661013326	0.722630095061731	0.840687421706149	0	0.672020552590914	0.609754696534651	0.991722319224684	0	0	0	0	0	0	0	0	0	0.678709163103298	0	0	0	0	0	0	0	0	0	0	0	0	0	0	0	0	0	0
0	0	0	0	0	0	0	0	0	0	0	0	0	0	0	0	0	0	0	0	0	0	0	0	0	0	0	0	0	0	0	0	0	0	0	0	0	0	0	0	0	0	0	0	0	0	0	0	0	0	0	0	0	0	0	0	0.649526576659305	0.551097885899226	0.82943198232042	0	0.742049590610243	0.97116336070046	0.641670619411854	0	0	0	0	0	0	0	0	0	0	0	0	0	0	0	0	0	0	0	0	0	0	0	0	0	0	0
0	0	0	0	0	0	0	0	0	0	0	0	0	0	0	0	0	0	0	0	0	0	0	0	0	0	0	0	0	0	0	0	0	0	0	0	0	0	0	0	0	0	0	0	0	0	0	0	0	0	0	0	0	0	0	0	0	0	0.739324096997325	0.707968630368971	0	0.856754255120127	0.852250468046391	0.964388549201892	0	0	0	0	0	0	0	0	0	0	0	0	0	0	0	0	0	0	0	0	0	0	0	0	0	0
0	0	0	0	0	0	0	0	0	0	0	0	0	0	0	0	0	0	0	0	0	0	0	0	0	0	0	0	0	0	0	0	0	0	0	0	0	0	0	0	0	0	0	0	0	0	0	0	0	0	0	0	0	0	0	0	0	0	0.766849674097737	0.743004972156964	0.553142286340786	0	0.902786494454437	0	0.593766690492157	0.796236501332272	0	0	0	0	0	0	0	0	0	0	0	0	0	0	0	0	0	0	0	0	0	0	0	0
0	0	0	0	0	0	0	0	0	0	0	0	0	0	0	0	0	0	0	0	0	0	0	0	0	0	0	0	0	0	0	0	0	0	0	0	0	0	0	0	0	0	0	0	0	0	0	0	0	0	0	0	0	0	0	0	0	0	0	0.662709585916927	0.750978178103392	0.554296865942531	0	0.577574578030733	0.802653222447056	0.958954952794125	0	0	0	0	0	0	0	0	0	0	0	0	0	0	0	0	0	0	0	0	0	0	0	0
0	0	0	0	0	0	0	0	0	0	0	0	0	0	0	0	0	0	0	0	0	0	0	0	0	0	0	0	0	0	0	0	0	0	0	0	0	0	0	0	0	0	0	0	0	0	0	0	0	0	0	0	0	0	0	0	0.706068948638703	0.685812737683486	0	0	0.859772022343674	0	0.556974574152224	0	0	0	0.729692632010419	0	0	0	0.736718141570686	0	0	0	0	0	0	0	0	0	0	0	0	0	0	0	0	0	0	0
0	0	0	0	0	0	0	0	0	0	0	0	0	0	0	0	0	0	0	0	0	0	0	0	0	0	0	0	0	0	0	0	0	0	0	0	0	0	0	0	0	0	0	0	0	0	0	0	0	0	0	0	0	0	0	0	0	0	0	0	0	0.867568972345418	0.977251884604828	0	0	0.826391707064577	0.626852696819998	0	0	0	0	0.613476315360343	0	0	0	0	0	0	0	0	0	0	0	0	0	0	0	0	0	0
0	0	0	0	0	0	0	0	0	0	0	0	0	0	0	0	0	0	0	0	0	0	0	0	0	0	0	0	0	0	0	0	0	0	0	0	0	0	0	0	0	0	0	0	0	0	0	0	0	0	0	0	0	0	0	0	0	0	0	0	0	0.81777676222036	0.710739126280382	0	0.619150986630702	0	0.526370948191558	0.530463298957089	0.529048619855156	0	0	0	0	0	0	0	0	0	0	0	0	0	0	0	0	0	0	0	0	0
0	0	0	0	0	0	0	0	0	0	0	0	0	0	0	0	0	0	0	0	0	0	0	0	0	0	0	0	0	0	0	0	0	0	0	0	0	0	0	0	0	0	0	0	0	0	0	0	0	0	0	0	0	0	0	0	0	0	0	0	0	0	0	0.69765834841166	0.904627388970714	0.597879518048247	0	0.592147736564521	0.931822285405158	0.853793617342865	0	0	0	0	0	0	0	0	0	0	0	0	0	0	0	0	0	0	0	0
0	0	0	0	0	0	0	0	0	0	0	0	0	0	0	0	0	0	0	0	0	0	0	0	0	0	0	0	0	0	0	0	0	0	0	0	0	0	0	0	0	0	0	0	0	0	0	0	0	0	0	0	0	0	0	0	0	0	0	0	0	0	0	0	0	0.760701438656337	0.737519351310084	0	0.811846744926249	0.755987316261119	0.777061355558006	0	0	0	0	0	0	0	0	0	0	0	0	0	0	0	0	0	0	0
0	0	0	0	0	0	0	0	0	0	0	0	0	0	0	0	0	0	0	0	0	0	0	0	0	0	0	0	0	0	0	0	0	0	0	0	0	0	0	0	0	0	0	0	0	0	0	0	0	0	0	0	0	0	0	0	0	0	0	0	0	0	0	0	0	0.696066164651479	0.670212352995035	0.850757520996089	0	0.716344324210516	0.749388368363976	0.668511125384711	0	0	0	0	0	0	0	0	0	0	0	0	0	0	0	0	0	0
0	0	0	0	0	0	0	0	0	0	0	0	0	0	0	0	0	0	0	0	0	0	0	0	0	0	0	0	0	0	0	0	0	0	0	0	0	0	0	0	0	0	0	0	0	0	0	0	0	0	0	0	0	0	0.734083854580866	0	0	0	0	0	0	0	0	0	0	0	0.847157394538305	0.756731153880228	0.920269012018354	0	0.52790349813175	0.969824133279784	0	0	0	0	0	0	0	0	0	0	0	0	0	0	0	0	0	0
0	0	0	0	0	0	0	0	0	0	0	0	0	0	0	0	0	0	0	0	0	0	0	0	0	0	0	0	0	0	0	0	0	0	0	0	0	0	0	0	0	0	0	0	0	0	0	0	0	0	0	0	0	0	0.751942279972609	0.512776657919791	0	0.665880935128916	0	0	0	0	0	0.984199309404445	0	0	0	0.899248105441345	0.831577129669081	0.509823116001997	0	0	0	0	0	0	0	0	0	0	0	0	0	0	0	0	0	0	0	0
0	0	0	0	0	0	0	0	0	0	0	0	0	0	0	0	0	0	0	0	0	0	0	0	0	0	0	0	0	0	0	0	0	0	0	0	0	0	0	0	0	0	0	0	0	0	0	0	0	0	0	0	0	0	0.956315540930923	0	0.658900700251562	0	0.954482010203125	0	0	0	0	0	0.548933357167963	0	0	0	0.666871408390435	0.716535106015428	0	0	0	0	0	0	0	0	0	0	0	0	0	0	0	0	0	0	0	0
0	0	0	0	0	0	0	0	0	0	0	0	0	0	0	0	0	0	0	0	0	0	0	0	0	0	0	0	0	0	0	0	0	0	0	0	0	0	0	0	0	0	0	0	0	0	0	0	0	0	0	0	0	0	0	0	0	0	0	0	0	0	0	0	0	0	0	0	0	0	0	0	0	0.661599268906666	0	0.517482892690612	0.788418119926653	0.830657951615582	0.828499289661813	0.758022276663911	0.855260803205487	0.884338166734071	0.974712706399688	0.689356017972133	0.901914847632805	0.867981731244783	0.768360522318382	0.866778831356643	0.718701126916852	0.691069853495429
0	0	0	0	0	0	0	0	0	0	0	0	0	0	0	0	0	0	0	0	0	0	0	0	0	0	0	0	0	0	0	0	0	0	0	0	0	0	0	0	0	0	0	0	0	0	0	0	0	0	0	0	0	0	0	0	0	0	0	0	0	0	0	0	0	0	0	0	0	0	0	0	0.770858951957161	0	0.579897324265845	0.633314980099288	0.906474562417439	0.609717254980286	0.524671339720136	0.642591973048276	0.661302449301832	0	0.71349601447525	0	0.668851770045896	0	0.921970385641216	0.995587914449312	0.790496381841757	0.879616500105449
0	0	0	0	0	0	0	0	0	0	0	0	0	0	0	0	0	0	0	0	0	0	0	0	0	0	0	0	0	0	0	0	0	0	0	0	0	0	0	0	0	0	0	0	0	0	0	0	0	0	0	0	0	0	0	0	0	0	0	0	0	0	0	0	0	0	0	0	0	0	0	0	0	0.9217240583209	0	0.689166638363097	0.838262484767132	0	0.796889281057109	0.747193265443014	0	0.792892469508221	0.545636743280259	0.866553875747095	0	0.913753706451934	0.750424010434857	0.943440230346111	0.830440771043534	0.86848746216658
0	0	0	0	0	0	0	0	0	0	0	0	0	0	0	0	0	0	0	0	0	0	0	0	0	0	0	0	0	0	0	0	0	0	0	0	0	0	0	0	0	0	0	0	0	0	0	0	0	0	0	0	0	0	0	0	0	0	0	0	0	0	0	0	0	0	0	0	0	0	0	0	0.89739417551412	0.648270624050138	0.556217013613182	0	0.741665841648237	0	0.792647632737843	0.969896195025376	0.69966314269855	0.560891131958584	0.526735687992471	0	0.608871641786742	0	0	0.679097714424963	0	0.715653194653321
0	0	0	0	0	0	0	0	0	0	0	0	0	0	0	0	0	0	0	0	0	0	0	0	0	0	0	0	0	0	0	0	0	0	0	0	0	0	0	0	0	0	0	0	0	0	0	0	0	0	0	0	0	0	0	0	0	0	0	0	0	0	0	0	0	0	0	0	0	0	0	0	0.981153012554784	0.670163245860063	0.56204759342015	0.670840334380997	0	0.693527233346586	0.537867759752902	0	0.770287396567573	0.694324001337948	0.656122921907419	0.65719570810386	0	0.571699871970441	0	0	0.859566822462592	0.63259715599529
0	0	0	0	0	0	0	0	0	0	0	0	0	0	0	0	0	0	0	0	0	0	0	0	0	0	0	0	0	0	0	0	0	0	0	0	0	0	0	0	0	0	0	0	0	0	0	0	0	0	0	0	0	0	0	0	0	0	0	0	0	0	0	0	0	0	0	0	0	0	0	0	0.532733252115829	0.835839232830871	0	0	0.533134376006683	0	0.949568685658897	0.889216773664973	0.599599435183754	0.839602670997923	0.874319166784671	0	0	0.673043195390527	0.969802322786983	0.642390966347471	0.672862127044934	0.757634095903891
0	0	0	0	0	0	0	0	0	0	0	0	0	0	0	0	0	0	0	0	0	0	0	0	0	0	0	0	0	0	0	0	0	0	0	0	0	0	0	0	0	0	0	0	0	0	0	0	0	0	0	0	0	0	0	0	0	0	0	0	0	0	0	0	0	0	0	0	0	0	0	0	0.666571245644657	0.526858932968008	0.641950470342356	0.614407923740708	0.839826673270147	0.854881654329043	0	0	0	0.758430531423222	0.98066148087449	0.9476515917094	0.865483590026945	0	0	0.970826080571592	0.763347198367597	0.912251214672613
0	0	0	0	0	0	0	0	0	0	0	0	0	0	0	0	0	0	0	0	0	0	0	0	0	0	0	0	0	0	0	0	0	0	0	0	0	0	0	0	0	0	0	0	0	0	0	0	0	0	0	0	0	0	0	0	0	0	0	0	0	0	0	0	0	0	0	0	0	0	0	0	0.771375961875581	0.875175434913975	0.825986397410334	0.536006846434696	0	0.703108941863501	0	0	0.749390137790414	0.747104510504622	0.789025982210289	0.59610783988719	0.962281961635962	0	0	0.95473083910473	0.746076581389778	0.679318738883792
0	0	0	0	0	0	0	0	0	0	0	0	0	0	0	0	0	0	0	0	0	0	0	0	0	0	0	0	0	0	0	0	0	0	0	0	0	0	0	0	0	0	0	0	0	0	0	0	0	0	0	0	0	0	0	0	0	0	0	0	0	0	0	0	0	0	0	0	0	0	0	0	0.564961276182388	0.973500301111033	0	0.652598722918171	0.953276117604438	0.974038781432619	0	0.889140164299663	0	0.571223618474475	0.521230861806011	0.868535803475947	0	0.849205736043519	0.594979059090662	0.898283911262805	0.596019062485707	0
0	0	0	0	0	0	0	0	0	0	0	0	0	0	0	0	0	0	0	0	0	0	0	0	0	0	0	0	0	0	0	0	0	0	0	0	0	0	0	0	0	0	0	0	0	0	0	0	0	0	0	0	0	0	0	0	0	0	0	0	0	0	0	0	0	0	0	0	0	0	0	0	0.666707294899306	0	0.907908882398053	0.7993114200831	0.800840347873692	0.853601169281405	0.926206414444617	0.83461833062728	0.93228625059479	0	0.602759148833018	0.574664943307775	0.536311771968219	0.716458121501094	0.950356061162304	0.939838187251692	0.992708184317887	0.63727782035558
0	0	0	0	0	0	0	0	0	0	0	0	0	0	0	0	0	0	0	0	0	0	0	0	0	0	0	0	0	0	0	0	0	0	0	0	0	0	0	0	0	0	0	0	0	0	0	0	0	0	0	0	0	0	0	0	0	0	0	0	0	0	0	0	0	0	0	0	0	0	0	0	0.506234638820243	0.544068409717712	0.816196039797948	0.886548826359221	0.924630272137459	0.844981081662183	0.594319512623528	0.515169310839092	0.614237304295319	0.829837690179952	0	0	0.992977796900118	0.58840254076594	0.733943234604918	0.557571996008793	0.825862913986209	0.602407196681063
0	0	0	0	0	0	0	0	0	0	0	0	0	0	0	0	0	0	0	0	0	0	0	0	0	0	0	0	0	0	0	0	0	0	0	0	0	0	0	0	0	0	0	0	0	0	0	0	0	0	0	0	0	0	0	0	0	0	0	0	0	0	0	0	0	0	0	0	0	0	0	0	0.554997591154154	0	0.574823718272888	0	0.975069843191892	0	0.716402475889518	0.702988483088086	0.573492854066254	0.513282321126283	0	0	0.677884445408161	0.637546777994089	0.880859746340283	0.525675764746441	0.888106262927653	0.585586089362221
0	0	0	0	0	0	0	0	0	0	0	0	0	0	0	0	0	0	0	0	0	0	0	0	0	0	0	0	0	0	0	0	0	0	0	0	0	0	0	0	0	0	0	0	0	0	0	0	0	0	0	0	0	0	0	0	0	0	0	0	0	0	0	0	0	0	0	0	0	0	0	0	0.854698531088354	0.952227379451961	0	0.73810229744193	0	0	0.864548618820364	0.887767264197214	0	0.633511703955575	0.797737266029292	0.528839680421482	0	0.941188083655499	0.859086692743187	0.733661289452766	0.537279875200812	0.90917298055487
0	0	0	0	0	0	0	0	0	0	0	0	0	0	0	0	0	0	0	0	0	0	0	0	0	0	0	0	0	0	0	0	0	0	0	0	0	0	0	0	0	0	0	0	0	0	0	0	0	0	0	0	0	0	0	0	0	0	0	0	0	0	0	0	0	0	0	0	0	0	0	0	0.898363558451262	0	0.915644518322065	0	0.519005188731671	0.535407177840155	0	0	0.779597869247689	0.53605997335402	0.750685178508628	0.829367443233313	0.652893003098748	0	0.773069744600534	0.986090106313101	0.68904123226556	0.500902395994867
0	0	0	0	0	0	0	0	0	0	0	0	0	0	0	0	0	0	0	0	0	0	0	0	0	0	0	0	0	0	0	0	0	0	0	0	0	0	0	0	0	0	0	0	0	0	0	0	0	0	0	0	0	0	0	0	0	0	0	0	0	0	0	0	0	0	0	0	0	0	0	0	0.992332460204518	0.872117762587533	0.659512168989452	0	0	0.580656324312228	0	0	0.705146483492536	0.62294010621055	0.774616009359513	0.757721599719273	0.669245550718212	0.870959137554774	0	0.698899564775905	0.623987088041138	0.534146302101923
0	0	0	0	0	0	0	0	0	0	0	0	0	0	0	0	0	0	0	0	0	0	0	0	0	0	0	0	0	0	0	0	0	0	0	0	0	0	0	0	0	0	0	0	0	0	0	0	0	0	0	0	0	0	0	0	0	0	0	0	0	0	0	0	0	0	0	0	0	0	0	0	0.633733721560717	0.556774965421344	0.638574125499193	0.791151003491481	0	0.535768014907916	0.849950119303616	0.658119449616321	0.83239664274838	0.878161853092625	0.8596989629495	0.836859362323527	0.922039040184592	0.845611885229294	0.609652519760253	0	0.806894894915188	0.549015430425606
0	0	0	0	0	0	0	0	0	0	0	0	0	0	0	0	0	0	0	0	0	0	0	0	0	0	0	0	0	0	0	0	0	0	0	0	0	0	0	0	0	0	0	0	0	0	0	0	0	0	0	0	0	0	0	0	0	0	0	0	0	0	0	0	0	0	0	0	0	0	0	0	0.563522699598554	0.559684617139752	0.775171735983547	0	0.878519858057896	0.774065523467234	0.708364662511657	0.75290154310881	0.724980005810281	0.601414962609454	0.89375037533783	0.561468566775452	0.53783201603827	0.889438093056368	0.757830980616026	0.612002610881726	0	0.824378611802536
0	0	0	0	0	0	0	0	0	0	0	0	0	0	0	0	0	0	0	0	0	0	0	0	0	0	0	0	0	0	0	0	0	0	0	0	0	0	0	0	0	0	0	0	0	0	0	0	0	0	0	0	0	0	0	0	0	0	0	0	0	0	0	0	0	0	0	0	0	0	0	0	0.876122220639982	0.661354386082258	0.891435636799852	0.981358158332709	0.621485324830749	0.760253413450074	0.553814653685486	0.827519391114024	0	0.761046346423977	0.585635004575669	0.659229338076585	0.522604733073058	0.896750712650411	0.760192922567691	0.505467805290138	0.830182417580893	0
