0	0.615904308334465	0.550719738944035	0.617329274260999	0.722393168363548	0	0	0	0	0	0	0	0	0.737352196177449	0	0	0	0	0	0.808666280668149	0	0	0	0	0	0.52394565272947	0.815195768192791	0.676247825549818	0.934865128444622	0.848984700301501	0	0	0	0	0	0	0	0	0	0	0	0	0	0	0	0	0	0	0	0	0	0	0	0	0	0	0	0	0	0	0	0	0	0	0	0	0	0	0	0	0	0	0	0	0	0	0	0	0	0	0	0	0	0	0	0	0	0	0	0
0.640188929709875	0	0.683818101607663	0	0.732901740942117	0.535491271069103	0	0	0	0.773520455958375	0	0	0	0	0.78361986539509	0	0	0	0.699228578573557	0	0	0.79274786162985	0	0	0	0	0.911675471456053	0.543877023315259	0	0.567091951658172	0	0	0	0	0	0	0	0	0	0	0	0	0	0	0	0	0	0	0	0	0	0	0	0	0	0	0	0	0	0	0	0	0	0	0	0	0	0	0	0	0	0	0	0	0	0	0	0	0	0	0	0	0	0	0	0	0	0	0	0
0.650368390766551	0.819335051939763	0	0	0	0.639681322682133	0.510935784025203	0.52343004602186	0.905233739215377	0	0	0	0	0	0	0	0	0	0	0.727118428868392	0	0	0	0	0	0	0	0	0	0.625034830012798	0	0	0	0	0	0	0	0	0	0	0	0	0	0	0	0	0	0	0	0	0	0	0	0	0	0	0	0	0	0	0	0	0	0	0	0	0	0	0	0	0	0	0	0	0	0	0	0	0	0	0	0	0	0	0	0	0	0	0	0
0.757687561386363	0	0	0	0.99562346609696	0.919631677806909	0.692926335465098	0	0.951967428347805	0	0	0.781646643562395	0	0	0	0	0	0	0	0	0	0.571565822204312	0	0	0	0	0	0	0	0.612266836970002	0	0	0	0	0	0	0	0	0	0	0	0	0	0	0	0	0	0	0	0	0	0	0	0	0	0	0	0	0	0	0	0	0	0	0	0	0	0	0	0	0	0	0	0	0	0	0	0	0	0	0	0	0	0	0	0	0	0	0	0
0.724310714701533	0.660757074000969	0	0.87785699296517	0	0.761999004933522	0.881310028020024	0.942529649584113	0.720425693216616	0	0	0	0	0	0	0.905759196243888	0	0	0	0	0	0	0	0	0	0.955378128368656	0	0	0	0	0	0	0	0	0	0	0	0	0	0	0	0	0	0	0	0	0	0	0	0	0	0	0	0	0	0	0	0	0	0	0	0	0	0	0	0	0	0	0	0	0	0	0	0	0	0	0	0	0	0	0	0	0	0	0	0	0	0	0	0
0	0.984355142268476	0.661304857336803	0.636097316899426	0.772356986187271	0	0	0.818959139805194	0.862632471103859	0.704326775230184	0.780672246892673	0	0	0	0	0	0	0	0	0.573259429636341	0	0	0.535192705588346	0	0	0	0.605582876615314	0	0	0	0	0	0	0	0	0	0	0	0	0	0	0	0	0	0	0	0	0	0	0	0	0	0	0	0	0	0	0	0	0	0	0	0	0	0	0	0	0	0	0	0	0	0	0	0	0	0	0	0	0	0	0	0	0	0	0	0	0	0	0
0	0	0.502760819436914	0.974305606993791	0.749889954851903	0	0	0.57934943443711	0	0.771834110546454	0	0.636320043271835	0	0	0.782171969958461	0.994383312157106	0	0	0	0	0.833762681193553	0	0	0	0.917222600698249	0	0	0	0	0	0	0	0	0	0	0	0	0	0	0	0	0	0	0	0	0	0	0	0	0	0	0	0	0	0	0	0	0	0	0	0	0	0	0	0	0	0	0	0	0	0	0	0	0	0	0	0	0	0	0	0	0	0	0	0	0	0	0	0	0
0	0	0.607951351584903	0	0.912147326038646	0.861673803789028	0.587352535207892	0	0.892925386455839	0	0.653508971577894	0.726437826112657	0.744119093270348	0.914047382827545	0	0	0	0	0	0	0	0	0	0	0	0	0	0	0	0	0	0	0	0	0	0	0	0	0	0	0	0	0	0	0	0	0	0	0	0	0	0	0	0	0	0	0	0	0	0	0	0	0	0	0	0	0	0	0	0	0	0	0	0	0	0	0	0	0	0	0	0	0	0	0	0	0	0	0	0
0	0	0.596098733539585	0.736801768552021	0.835656240888963	0.705481538038065	0	0.777884918175492	0	0.740518868841135	0.771044252412987	0.884764351036182	0.562653344312408	0	0	0	0	0	0	0	0	0	0	0	0	0	0	0.698447263496926	0	0	0	0	0	0	0	0	0	0	0	0	0	0	0	0	0	0	0	0	0	0	0	0	0	0	0	0	0	0	0	0	0	0	0	0	0	0	0	0	0	0	0	0	0	0	0	0	0	0	0	0	0	0	0	0	0	0	0	0	0	0
0	0.951090265495545	0	0	0	0.707677777820783	0.587764503057994	0	0.826662079022483	0	0.71758986021587	0.66121000309068	0	0.859246167887166	0.895979277091827	0	0	0	0	0	0	0	0	0	0	0	0	0	0	0	0	0	0	0	0	0	0	0	0	0	0	0	0	0	0	0	0	0	0	0	0	0	0	0	0	0	0	0	0	0	0	0	0	0	0	0	0	0	0	0	0	0	0	0	0	0	0	0	0	0	0	0	0	0	0	0	0	0	0	0
0	0	0	0	0	0.622509016176954	0	0.896821432444413	0.671246658351822	0.706218672644849	0	0.69097865724291	0.510763636641968	0.528378424463952	0.732550341812991	0.647860214704146	0	0	0	0	0	0	0	0	0	0	0	0	0	0	0	0	0	0	0	0	0	0	0	0	0	0	0	0	0	0	0	0	0	0	0	0	0	0	0	0	0	0	0	0	0	0	0	0	0	0	0	0	0	0	0	0	0	0	0	0	0	0	0	0	0	0	0	0	0	0	0	0	0	0
0	0	0	0.787292864658005	0	0	0.766496666838075	0.798407961286965	0.744917952330972	0.504662615256005	0.839961700693472	0	0	0	0	0.534179974422438	0.683547223207294	0	0	0	0.866234620491476	0	0.550885023195214	0	0	0	0	0	0	0	0	0	0	0	0	0	0	0	0	0	0	0	0	0	0	0	0	0	0	0	0	0	0	0	0	0	0	0	0	0	0	0	0	0	0	0	0	0	0	0	0	0	0	0	0	0	0	0	0	0	0	0	0	0	0	0	0	0	0	0
0	0	0	0	0	0	0	0.896065324083572	0.50428545972958	0	0.647762457307668	0	0	0.922885376087505	0.5342815199456	0.579482000002888	0	0.745856277897099	0	0	0	0.783449503526627	0	0	0	0	0	0	0.581070820587448	0.906586728092534	0	0	0	0	0	0	0	0	0	0	0	0	0	0	0	0	0	0	0	0	0	0	0	0	0	0	0	0	0	0	0	0	0	0	0	0	0	0	0	0	0	0	0	0	0	0	0	0	0	0	0	0	0	0	0	0	0	0	0	0
0.71386312661201	0	0	0	0	0	0	0.697983754644437	0	0.959785160297533	0.603795077729646	0	0.510495785123038	0	0.776826060461472	0.746275257575262	0.632401000953357	0.657609993761513	0.732517250382849	0	0	0	0	0.627658379003819	0	0	0	0	0	0	0	0	0	0	0	0	0	0	0	0	0	0	0	0	0	0	0	0	0	0	0	0	0	0	0	0	0	0	0	0	0	0	0	0	0	0	0	0	0	0	0	0	0	0	0	0	0	0	0	0	0	0	0	0	0	0	0	0	0	0
0	0.719902846098174	0	0	0	0	0.582185655390203	0	0	0.608120879009675	0.568784582180364	0	0.783912708667286	0.526229977637581	0	0.62368287328304	0	0.910341310551016	0.826145761720947	0.624045259608601	0	0	0.554419171774433	0	0	0	0.619151061790034	0	0.721413296186253	0	0	0	0	0	0	0	0	0	0	0	0	0	0	0	0	0	0	0	0	0	0	0	0	0	0	0	0	0	0	0	0	0	0	0	0	0	0	0	0	0	0	0	0	0	0	0	0	0	0	0	0	0	0	0	0	0	0	0	0	0
0	0	0	0	0.884460384715442	0	0.915759271426885	0	0	0	0.954013370288799	0.709360159040622	0.848781698952237	0.662017036768154	0.668797997137302	0	0.543898000425051	0.894306785556686	0	0.931426944139299	0.618505652720922	0.940268830119668	0	0.591382679149019	0	0	0	0	0.756660675868347	0	0	0	0	0	0	0	0	0	0	0	0	0	0	0	0	0	0	0	0	0	0	0	0	0	0	0	0	0	0	0	0	0	0	0	0	0	0	0	0	0	0	0	0	0	0	0	0	0	0	0	0	0	0	0	0	0	0	0	0	0
0	0	0	0	0	0	0	0	0	0	0	0.953933394343784	0	0.517541281710325	0	0.686612303843158	0	0.580735305706729	0.685326356919756	0.96274120747497	0.566908755378571	0.932138722085452	0.804528959554453	0	0	0	0	0	0	0	0	0	0	0	0	0	0	0	0	0	0	0	0	0	0	0	0	0	0	0	0	0	0	0	0	0	0	0	0	0	0	0	0	0	0	0	0	0	0	0	0	0	0	0	0	0	0	0	0	0	0	0	0	0	0	0	0	0	0	0
0	0	0	0	0	0	0	0	0	0	0	0	0.65922544894203	0.921121869076039	0.981068662795357	0.995434708870711	0.808478872004086	0	0.607657418148858	0.656832566097548	0.908167588338025	0.604497215350374	0.997045185110476	0	0	0	0	0	0	0	0	0	0	0	0	0	0	0	0	0	0	0	0	0	0	0	0	0	0	0	0	0	0	0	0	0	0	0	0	0	0	0	0	0	0	0	0	0	0	0	0	0	0	0	0	0	0	0	0	0	0	0	0	0	0	0	0	0	0	0
0	0.703343840805593	0	0	0	0	0	0	0	0	0	0	0	0.659683528003073	0.951058088698274	0	0.603278068525595	0.679084349008778	0	0.660249961861607	0	0.555131833241664	0.865539163047623	0	0	0	0	0	0.718500347700684	0	0	0	0	0	0	0	0	0	0	0	0	0	0	0	0	0	0	0	0	0	0	0	0	0	0	0	0	0	0	0	0	0	0	0	0	0	0	0	0	0	0	0	0	0	0	0	0	0	0	0	0	0	0	0	0	0	0	0	0	0
0.871842685752507	0	0.60289671316926	0	0	0.780421318734314	0	0	0	0	0	0	0	0	0.760041835873861	0.704952486456105	0.676162075277562	0.598110412196401	0.540413150957511	0	0	0.759520573699777	0.7076693120107	0.792638656482531	0	0	0	0.655567028122678	0	0	0	0	0	0	0	0	0	0	0	0	0	0	0	0	0	0	0	0	0	0	0	0	0	0	0	0	0	0	0	0	0	0	0	0	0	0	0	0	0	0	0	0	0	0	0	0	0	0	0	0	0	0	0	0	0	0	0	0	0	0
0	0	0	0	0	0	0.531354196224951	0	0	0	0	0.938116054115917	0	0	0	0.898864529304	0.61293972505667	0.536392217081449	0	0	0	0.562771311870877	0.603344971484926	0.545584471638475	0.89733736590944	0.783600177866606	0	0	0	0	0	0	0	0	0	0	0	0	0	0	0	0	0	0	0	0	0	0	0	0	0	0	0	0	0	0	0	0	0	0	0	0	0	0	0	0	0	0	0	0	0	0	0	0	0	0	0	0	0	0	0	0	0	0	0	0	0	0	0	0
0	0.635921045960963	0	0.629447422184203	0	0	0	0	0	0	0	0	0.701970245769238	0	0	0.898214967435419	0.853202173830105	0.697926510421076	0.691230714213383	0.872693759382189	0.666083489631551	0	0.855320805311057	0	0.573362962592188	0	0.507893476349239	0	0	0.879903222496444	0	0	0	0	0	0	0	0	0	0	0	0	0	0	0	0	0	0	0	0	0	0	0	0	0	0	0	0	0	0	0	0	0	0	0	0	0	0	0	0	0	0	0	0	0	0	0	0	0	0	0	0	0	0	0	0	0	0	0	0
0	0	0	0	0	0.838213267602805	0	0	0	0	0	0.540244768483424	0	0	0.854306994362835	0	0.696953049807346	0.889948587227539	0.884354423611471	0.646849389275891	0.974506140168407	0.697394957687306	0	0	0.575960127196373	0	0.853208868326374	0.789230459342367	0	0	0	0	0	0	0	0	0	0	0	0	0	0	0	0	0	0	0	0	0	0	0	0	0	0	0	0	0	0	0	0	0	0	0	0	0	0	0	0	0	0	0	0	0	0	0	0	0	0	0	0	0	0	0	0	0	0	0	0	0	0
0	0	0	0	0	0	0	0	0	0	0	0	0	0.74917160348727	0	0.84081618172386	0	0	0	0.57534170266803	0.934493537534049	0	0	0	0.628620553230841	0.989396912358219	0	0.829035327014733	0.924954764395973	0	0	0	0	0	0	0	0	0	0	0	0	0	0	0	0	0	0	0	0	0	0	0	0	0	0	0	0	0	0	0	0	0	0	0	0	0	0	0	0	0	0	0	0	0	0	0	0	0	0	0	0	0	0	0	0	0	0	0	0	0
0	0	0	0	0	0	0.687518813848117	0	0	0	0	0	0	0	0	0	0	0	0	0	0.843356696701163	0.581465612408919	0.652176463478581	0.685037490439184	0	0.788637349715314	0.797470409068568	0.633349699507528	0	0.530201778745849	0	0	0	0	0	0	0	0	0	0	0	0	0	0	0	0	0	0	0	0	0	0	0	0	0	0	0	0	0	0	0	0	0	0	0	0	0	0	0	0	0	0	0	0	0	0	0	0	0	0	0	0	0	0	0	0	0	0	0	0
0.748283675148008	0	0	0	0.995224470066833	0	0	0	0	0	0	0	0	0	0	0	0	0	0	0	0.59620813767186	0	0	0.777774785115486	0.607864430273525	0	0.760232610340582	0	0.544437662099571	0.749359294771238	0	0	0	0	0	0	0	0	0	0	0	0	0	0	0	0	0	0	0	0	0	0	0	0	0	0	0	0	0	0	0	0	0	0	0	0	0	0	0	0	0	0	0	0	0	0	0	0	0	0	0	0	0	0	0	0	0	0	0	0
0.637118891265221	0.856375998350089	0	0	0	0.568116236449742	0	0	0	0	0	0	0	0	0.655106578125336	0	0	0	0	0	0	0.629384965681199	0.518850694740302	0	0.69445410390151	0.708821874983454	0	0	0.5023154346109	0	0	0	0	0	0	0	0	0	0	0	0	0	0	0	0	0	0	0	0	0	0	0	0	0	0	0	0	0	0	0	0	0	0	0	0	0	0	0	0	0	0	0	0	0	0	0	0	0	0	0	0	0	0	0	0	0	0	0	0	0
0.681678457595638	0.655850285844622	0	0	0	0	0	0	0.53942748989275	0	0	0	0	0	0	0	0	0	0	0.890089165782512	0	0	0.938543625588029	0.994586974558441	0.885180069584159	0	0	0	0.776427404237188	0.663139810124268	0	0	0	0	0	0	0	0	0	0	0	0	0	0	0	0	0	0	0	0	0	0	0	0	0	0	0	0	0	0	0	0	0	0	0	0	0	0	0	0	0	0	0	0	0	0	0	0	0	0	0	0	0	0	0	0	0	0	0	0
0.993462400028855	0	0	0	0	0	0	0	0	0	0	0	0.637901509480942	0	0.98463434298051	0.988553964096179	0	0	0.77995043004842	0	0	0	0	0.564192688983136	0	0.525355121825641	0.62874758545272	0.602864495402911	0	0.763336238405715	0	0	0	0	0	0	0	0	0	0	0	0	0	0	0	0	0	0	0	0	0	0	0	0	0	0	0	0	0	0	0	0	0	0	0	0	0	0	0	0	0	0	0	0	0	0	0	0	0	0	0	0	0	0	0	0	0	0	0	0
0.972448921416606	0.759845305416197	0.552971586719589	0.613470720667951	0	0	0	0	0	0	0	0	0.626482116641081	0	0	0	0	0	0	0	0	0.960541042891445	0	0	0.517496173665895	0.987540430274771	0	0.535942278059854	0.603690125251854	0	0	0	0	0	0	0	0	0	0	0	0	0	0	0	0	0	0	0	0	0	0	0	0	0	0	0	0	0	0	0	0	0	0	0	0	0	0	0	0	0	0	0	0	0	0	0	0	0	0	0	0	0	0	0	0	0	0	0	0	0
0	0	0	0	0	0	0	0	0	0	0	0	0	0	0	0	0	0	0	0	0	0	0	0	0	0	0	0	0	0	0	0.717218028579041	0	0.605529609475763	0.790472562982553	0	0	0	0	0	0	0	0.653175468239648	0	0	0	0	0	0	0	0	0	0	0	0	0	0.541692789952959	0.662096964121539	0.720973378485492	0.712000676161813	0	0	0	0	0	0	0	0	0	0	0	0	0	0	0	0	0	0	0	0	0	0	0	0	0	0	0	0	0	0
0	0	0	0	0	0	0	0	0	0	0	0	0	0	0	0	0	0	0	0	0	0	0	0	0	0	0	0	0	0	0.549265922264131	0	0.707042705074507	0.774685406079561	0.808907484593057	0	0	0	0	0	0	0	0	0	0	0	0	0	0	0	0	0	0	0	0	0	0.862412632669498	0.720441883279795	0.981725959979697	0	0	0	0	0	0	0	0	0	0	0	0	0	0	0	0	0	0	0	0	0	0	0	0	0	0	0	0	0	0	0
0	0	0	0	0	0	0	0	0	0	0	0	0	0	0	0	0	0	0	0	0	0	0	0	0	0	0	0	0	0	0	0.721107603040072	0	0.759074806318447	0.823555087402436	0.609765723019285	0.954460247881748	0	0	0	0	0	0	0	0	0	0	0	0	0	0	0	0	0	0	0	0	0	0.913262976981383	0.501416350766296	0	0	0	0	0	0	0	0	0	0	0	0	0	0	0	0	0	0	0	0	0	0	0	0	0	0	0	0	0	0
0	0	0	0	0	0	0	0	0	0	0	0	0	0	0	0	0	0	0	0	0	0	0	0	0	0	0	0	0	0	0.548531573621112	0.893239848517703	0.676789075371007	0	0.83943189910548	0.540173151639289	0.554568690769922	0.677576686823419	0	0	0	0	0	0	0	0.942587839723827	0	0	0	0	0	0	0	0	0	0	0	0	0	0.774158562628757	0	0	0	0	0	0	0	0	0	0	0	0	0	0	0	0	0	0	0	0	0	0	0	0	0	0	0	0	0	0
0	0	0	0	0	0	0	0	0	0	0	0	0	0	0	0	0	0	0	0	0	0	0	0	0	0	0	0	0	0	0.758390927950298	0.581396285507939	0.726487967619494	0.996794800438795	0	0	0.768998717084728	0.535486232003996	0.978543705078803	0	0	0	0	0	0	0	0	0	0	0	0	0	0	0	0	0	0.83867118126126	0	0	0	0	0	0	0	0	0	0	0	0	0	0	0	0	0	0	0	0	0	0	0	0	0	0	0	0	0	0	0	0	0
0	0	0	0	0	0	0	0	0	0	0	0	0	0	0	0	0	0	0	0	0	0	0	0	0	0	0	0	0	0	0	0	0.948016445027185	0.755925364981611	0	0	0.531561436310737	0.995300204986483	0.508848210656824	0.951809533114692	0	0	0	0	0	0	0	0	0	0	0	0	0	0	0	0	0	0	0	0	0	0	0	0	0	0	0	0	0	0	0	0	0	0	0	0	0	0	0	0	0	0	0	0	0	0	0	0	0	0
0	0	0	0	0	0	0	0	0	0	0	0	0	0	0	0	0	0	0	0	0	0	0	0	0	0	0	0	0	0	0	0	0.833347883837803	0.801834312221278	0.904659718698804	0.73466527443606	0	0.951163363318785	0.619227217740704	0.605116475946879	0.80543094159607	0	0	0	0	0	0	0	0	0	0	0	0	0	0	0	0	0	0	0	0	0	0	0	0	0	0	0	0	0	0	0	0	0	0	0	0	0	0	0	0	0	0	0	0	0	0	0	0	0
0	0	0	0	0	0	0	0	0	0	0	0	0	0	0	0	0	0	0	0	0	0	0	0	0	0	0	0	0	0	0	0	0	0.742880425425529	0.795931404311355	0.632662734439381	0.96909866268167	0	0.759296769605187	0.872407740374249	0.994812125991992	0.929401695618805	0	0	0	0	0	0	0	0	0	0	0	0	0	0.961075685432297	0	0	0	0	0	0	0	0	0	0	0	0	0	0	0	0	0	0	0	0	0	0	0	0	0	0	0	0	0	0	0	0	0	0
0	0	0	0	0	0	0	0	0	0	0	0	0	0	0	0	0	0	0	0	0	0	0	0	0	0	0	0	0	0	0	0	0	0	0.790255504533431	0.897753300170295	0.844767373803221	0.704807014396651	0	0.89748873697972	0.732327422273151	0.981954960857054	0.564622411904205	0	0	0	0	0	0	0	0	0	0	0	0	0	0	0	0	0	0	0	0	0	0	0	0	0	0	0	0	0	0	0	0	0	0	0	0	0	0	0	0	0	0	0	0	0	0	0
0	0	0	0	0	0	0	0	0	0	0	0	0	0	0	0	0	0	0	0	0	0	0	0	0	0	0	0	0	0	0	0	0	0	0	0.638784577547495	0.595376748841333	0.769982928099085	0.856264352037329	0	0.791428285460697	0.940911754869435	0.540116308381621	0.500226376374732	0	0	0	0	0	0	0	0	0	0	0	0	0	0	0	0	0	0	0	0	0	0	0	0	0	0	0	0	0	0	0	0	0	0	0	0	0	0	0	0	0	0	0	0	0	0
0	0	0	0	0	0	0	0	0	0	0	0	0	0	0	0	0	0	0	0	0	0	0	0	0	0	0	0	0	0	0	0	0	0	0	0	0.643628014152138	0.93073997502994	0.557884698312151	0.589773825795162	0	0.941491603136341	0.961984402229555	0.728783385954219	0.849920577840913	0	0	0	0	0	0	0	0	0	0	0	0	0	0	0	0	0	0	0	0	0	0	0	0	0	0	0	0	0	0	0	0	0	0	0	0	0	0	0	0	0	0	0	0	0
0	0	0	0	0	0	0	0	0	0	0	0	0	0	0	0	0	0	0	0	0	0	0	0	0	0	0	0	0	0	0	0	0	0	0	0	0	0.823231326286114	0.981225642731825	0.736348641070606	0.938395329212878	0	0.889779840367972	0.960067803150802	0.702659582450268	0.874854112104448	0	0	0	0	0	0	0	0	0	0	0	0	0	0	0	0	0	0	0	0	0	0	0	0	0	0	0	0	0	0	0	0	0	0	0	0	0	0	0	0	0	0	0	0
0	0	0	0	0	0	0	0	0	0	0	0	0	0	0	0	0	0	0	0	0	0	0	0	0	0	0	0	0	0	0.672920837916707	0	0	0	0	0	0	0	0.873326844670003	0.703607829669994	0.582711857387902	0.613747716300066	0	0.723173925160592	0	0.653564343426885	0.870379370319097	0.544991705645095	0	0	0	0	0	0	0	0	0.793411399629077	0	0	0	0	0	0	0	0	0	0	0	0	0	0	0	0	0	0	0	0	0	0	0	0	0	0	0	0	0	0	0	0	0
0	0	0	0	0	0	0	0	0	0	0	0	0	0	0	0	0	0	0	0	0	0	0	0	0	0	0	0	0	0	0	0	0	0	0	0	0	0	0	0.870615668221998	0.676011988934942	0.619698622346052	0.675533807373793	0	0.801345868729203	0.647603851941889	0.99994058539159	0.587686091905918	0	0	0	0	0	0	0.843658319420145	0	0	0	0	0	0	0	0	0	0	0	0	0	0	0	0	0	0	0	0	0	0	0	0	0	0	0	0	0	0	0	0	0	0	0
0	0	0	0	0	0	0	0	0	0	0	0	0	0	0	0	0	0	0	0	0	0	0	0	0	0	0	0	0	0	0	0	0	0	0	0	0	0	0	0	0.695678441453192	0.682130788512668	0	0.538979571952037	0	0.749908056833377	0.527449033504809	0.885862966409046	0.596372534474442	0	0	0	0	0	0	0	0	0	0	0	0	0	0	0	0	0	0	0	0	0	0	0	0	0	0	0	0	0	0	0	0	0	0	0	0	0	0	0	0	0
0	0	0	0	0	0	0	0	0	0	0	0	0	0	0	0	0	0	0	0	0	0	0	0	0	0	0	0	0	0	0	0	0	0.905333900073747	0	0	0	0	0	0	0	0.992952474947174	0.897493659741519	0.931759126429354	0.937634592428156	0	0	0.693894400640466	0.631326966082855	0.781631926077704	0	0	0	0	0	0	0	0	0	0	0	0	0	0	0	0	0	0	0	0	0	0	0	0	0	0	0	0	0	0	0	0	0	0	0	0	0	0	0	0
0	0	0	0	0	0	0	0	0	0	0	0	0	0	0	0	0	0	0	0	0	0	0	0	0	0	0	0	0	0	0	0	0	0	0	0	0	0	0	0	0	0	0.500288129822958	0.74623056050094	0.779166228225584	0	0	0.833566798654025	0.743849691487898	0.989419704031134	0.732771758844112	0	0	0.803882617994113	0	0	0	0.914579228053231	0	0	0	0	0	0	0	0	0	0	0	0	0	0	0	0	0	0	0	0	0	0	0	0	0	0	0	0	0	0	0	0
0	0	0	0	0	0	0	0	0	0	0	0	0	0	0	0	0	0	0	0	0	0	0	0	0	0	0	0	0	0	0	0	0	0	0	0	0	0	0	0	0	0	0.692203152320179	0.553314625266736	0.743571777347545	0.787874063878056	0.654287373700069	0	0.573129744742321	0.601811415119369	0	0.977778905128881	0	0.977636030530694	0	0	0	0	0	0	0	0	0	0	0	0	0	0	0	0	0	0	0	0	0	0	0	0	0	0	0	0	0	0	0	0	0	0	0	0
0	0	0	0	0	0	0	0	0	0	0	0	0	0	0	0	0	0	0	0	0	0	0	0	0	0	0	0	0	0	0	0	0	0	0	0	0	0	0	0	0	0	0	0	0.746566475646603	0.8095871103425	0.925879286947296	0.609554098789052	0	0.8286983772182	0.730248063423606	0.843855519815247	0.81751681588462	0	0	0	0	0	0	0.703716655479945	0	0	0	0	0	0	0	0	0	0	0	0	0	0	0	0	0	0	0	0	0	0	0	0	0	0	0	0	0	0
0	0	0	0	0	0	0	0	0	0	0	0	0	0	0	0	0	0	0	0	0	0	0	0	0	0	0	0	0	0	0	0	0	0	0	0	0	0	0	0	0	0	0	0	0	0.945346281162644	0.540240541037047	0.710570491851816	0.555792711056134	0	0.764498660433825	0.587612727704211	0.646674121837284	0.565417448687813	0	0	0	0	0	0	0	0	0	0	0	0	0	0	0	0	0	0	0	0	0	0	0	0	0	0	0	0	0	0	0	0	0	0	0	0
0	0	0	0	0	0	0	0	0	0	0	0	0	0	0	0	0	0	0	0	0	0	0	0	0	0	0	0	0	0	0	0	0	0	0	0	0	0	0	0	0	0	0	0	0	0	0.885440128307732	0	0.621456310179664	0.938165363660688	0	0.603214282488838	0.529041088451985	0.642768288859628	0.607117693776921	0	0	0	0	0	0	0	0	0	0	0	0	0	0	0	0	0	0	0	0	0	0	0	0	0	0	0	0	0	0	0	0	0	0	0
0	0	0	0	0	0	0	0	0	0	0	0	0	0	0	0	0	0	0	0	0	0	0	0	0	0	0	0	0	0	0	0	0	0	0	0	0	0	0	0	0	0	0	0	0	0	0	0.830420187797062	0.640049148668471	0.766391407741733	0.631143291641045	0	0.958405220483355	0.884042447943077	0.95761217292732	0.76055674905377	0	0	0	0	0	0	0	0	0	0	0	0	0	0	0	0	0	0	0	0	0	0	0	0	0	0	0	0	0	0	0	0	0	0
0	0	0	0	0	0	0	0	0	0	0	0	0	0	0	0	0	0	0	0	0	0	0	0	0	0	0	0	0	0	0	0	0	0	0	0	0	0	0	0	0	0	0	0	0	0	0	0	0.60321967876977	0.972979895236915	0.585028830685768	0.542035853756787	0	0.887862441892741	0.900135239204982	0.653512784598365	0.956805405820434	0	0	0	0	0	0	0	0	0	0	0	0	0	0	0	0	0	0	0	0	0	0	0	0	0	0	0	0	0	0	0	0	0
0	0	0	0	0	0	0	0	0	0	0	0	0	0	0	0	0	0	0	0	0	0	0	0	0	0	0	0	0	0	0	0	0	0	0	0	0	0	0	0	0	0	0	0	0	0	0.645648411687823	0.682049181369401	0	0.876301289210848	0.54211950558314	0.720395556751825	0.540210667489295	0	0.830942379647631	0.597617654629298	0.61093741131489	0	0	0	0	0	0	0	0	0	0	0	0	0	0	0	0	0	0	0	0	0	0	0	0	0	0	0	0	0	0	0	0	0
0	0	0	0	0	0	0	0	0	0	0	0	0	0	0	0	0	0	0	0	0	0	0	0	0	0	0	0	0	0	0	0	0	0	0	0	0	0	0	0	0	0	0	0.553541931974381	0	0	0	0	0	0	0.72941486717501	0.755985240648616	0.756761856970397	0.986563990009138	0	0.870353367601265	0.939446978549858	0.51486974851978	0	0	0	0	0	0	0	0	0	0	0	0	0	0	0	0	0	0	0	0	0	0	0	0	0	0	0	0	0	0	0	0
0	0	0	0	0	0	0	0	0	0	0	0	0	0	0	0	0	0	0	0	0	0	0	0	0	0	0	0	0	0	0	0	0	0	0	0	0	0.646451413853958	0	0	0	0	0	0	0	0	0	0	0	0	0	0.663263630412916	0.535189668326148	0.573376520090145	0.533016939683797	0	0.833016395339549	0.559269347515335	0.883083450090905	0	0	0	0	0	0	0	0	0	0	0	0	0	0	0	0	0	0	0	0	0	0	0	0	0	0	0	0	0	0	0
0	0	0	0	0	0	0	0	0	0	0	0	0	0	0	0	0	0	0	0	0	0	0	0	0	0	0	0	0	0	0.744412964659912	0.907109998134374	0	0	0.7432457494937	0	0	0	0	0	0	0	0.988513980920921	0	0	0	0	0	0	0	0	0	0.599687171528102	0.836716823286572	0.856934915991741	0.576750619164191	0	0.645136414792738	0	0.50382971622028	0	0	0	0	0	0	0	0	0	0	0	0	0	0	0	0	0	0	0	0	0	0	0	0	0	0	0	0	0	0
0	0	0	0	0	0	0	0	0	0	0	0	0	0	0	0	0	0	0	0	0	0	0	0	0	0	0	0	0	0	0.746619669527173	0.657372032464932	0	0	0	0	0	0	0	0	0	0	0	0	0	0	0.862659203089503	0	0	0	0	0	0	0	0.506122298013701	0.876433108741863	0.818695507065113	0	0.726924272836082	0	0	0	0	0	0	0	0	0	0	0	0	0	0	0	0	0	0	0	0	0	0	0	0	0	0	0	0	0	0	0
0	0	0	0	0	0	0	0	0	0	0	0	0	0	0	0	0	0	0	0	0	0	0	0	0	0	0	0	0	0	0.692965823657291	0.870371047528901	0.557784911734645	0	0	0	0	0	0	0	0	0	0	0	0	0	0	0	0	0	0	0	0	0	0	0.985367178515516	0	0.875084362801611	0	0.581230561418548	0	0	0	0	0	0	0	0	0	0	0	0	0	0	0	0	0	0	0	0	0	0	0	0	0	0	0	0	0	0
0	0	0	0	0	0	0	0	0	0	0	0	0	0	0	0	0	0	0	0	0	0	0	0	0	0	0	0	0	0	0.545773950705885	0	0.711060113964554	0.899054573863924	0	0	0	0	0	0	0	0	0	0	0	0	0	0	0.984121109386914	0	0	0	0	0	0	0	0.957699152759417	0	0.798524744613289	0	0	0	0	0	0	0	0	0	0	0	0	0	0	0	0	0	0	0	0	0	0	0	0	0	0	0	0	0	0	0
0	0	0	0	0	0	0	0	0	0	0	0	0	0	0	0	0	0	0	0	0	0	0	0	0	0	0	0	0	0	0	0	0	0	0	0	0	0	0	0	0	0	0	0	0	0	0	0	0	0	0	0	0	0	0	0	0	0	0	0	0	0.727452236183664	0	0	0.59839157344197	0.86662359507183	0.598632895034594	0	0.649586732500915	0	0.655766013598249	0	0	0	0	0	0	0	0.556604608154629	0.666720730074601	0	0	0	0	0	0	0.981555359252649	0	0	0
0	0	0	0	0	0	0	0	0	0	0	0	0	0	0	0	0	0	0	0	0	0	0	0	0	0	0	0	0	0	0	0	0	0	0	0	0	0	0	0	0	0	0	0	0	0	0	0	0	0	0	0	0	0	0	0	0	0	0	0	0.735948833734909	0	0.92772037711405	0.806843709196456	0.785708945389111	0.79400417454197	0	0	0.88813206895411	0.934743486563977	0	0.857827664169441	0	0	0	0	0	0	0	0.840278068310155	0.638814555608894	0	0	0.97148371810052	0.692113487339521	0.936077629054228	0	0	0.754191255057442	0.712080762079967
0	0	0	0	0	0	0	0	0	0	0	0	0	0	0	0	0	0	0	0	0	0	0	0	0	0	0	0	0	0	0	0	0	0	0	0	0	0	0	0	0	0	0	0	0	0	0	0	0	0	0	0	0	0	0	0	0	0	0	0	0	0.505187707452123	0	0	0	0	0.739442135526705	0.567673868739397	0	0.736544425438933	0	0	0	0.944346239201782	0.604231089819134	0.577813160524683	0.661266622707503	0	0	0.922204920782107	0.986414014358695	0.844100841475171	0	0.962455749124566	0.517276492813951	0	0	0	0	0
0	0	0	0	0	0	0	0	0	0	0	0	0	0	0	0	0	0	0	0	0	0	0	0	0	0	0	0	0	0	0	0	0	0	0	0	0	0	0	0	0	0	0	0	0	0	0	0	0	0	0	0	0	0	0	0	0	0	0	0	0	0.98035004627861	0	0	0.63432662938003	0	0	0.853139962433573	0	0.629801197076937	0.63070316279963	0	0.673965539195062	0	0	0.546142586157264	0	0.862718422089878	0.708919759731733	0.884492943922273	0	0.767304220515092	0	0	0	0.784717281978295	0	0.535951002375626	0.786394062600103	0.832913223896999
0	0	0	0	0	0	0	0	0	0	0	0	0	0	0	0	0	0	0	0	0	0	0	0	0	0	0	0	0	0	0	0	0	0	0	0	0	0	0	0	0	0	0	0	0	0	0	0	0	0	0	0	0	0	0	0	0	0	0	0	0.669076384582934	0.769001722074121	0	0.708720540176167	0	0	0	0.658308389030956	0.964520129569229	0	0	0	0	0.794664562222272	0	0.725577504547233	0.611239270053885	0	0.773726418289689	0.702342985578013	0.61330951889057	0	0.77203290933279	0.741766940735485	0	0.562139674047152	0	0.566778619470231	0	0.671618635294195
0	0	0	0	0	0	0	0	0	0	0	0	0	0	0	0	0	0	0	0	0	0	0	0	0	0	0	0	0	0	0	0	0	0	0	0	0	0	0	0	0	0	0	0	0	0	0	0	0	0	0	0	0	0	0	0	0	0	0	0	0.719257179925113	0.984961965481717	0	0	0	0	0	0	0.578690268763501	0.635598706802428	0	0	0.725000400768193	0.975044059688527	0	0	0.635661904815133	0	0.526662369267507	0.547429228796857	0	0	0.91274781074135	0	0.780240098693674	0.896530795979314	0.556699335127774	0.917090555933864	0	0
0	0	0	0	0	0	0	0	0	0	0	0	0	0	0	0	0	0	0	0	0	0	0	0	0	0	0	0	0	0	0	0	0	0	0	0	0	0	0	0	0	0	0	0	0	0	0	0	0	0	0	0	0	0	0	0	0	0	0	0	0.605438595250603	0	0.604622572138974	0	0	0	0	0.542840534064172	0.532323407362732	0	0.942614495629541	0.943392692767335	0.710521506483143	0.802841991221231	0.831329932206474	0	0	0	0.703041711834141	0.875159960417832	0	0.911488679694044	0	0	0	0.911172625359393	0	0	0	0
0	0	0	0	0	0	0	0	0	0	0	0	0	0	0	0	0	0	0	0	0	0	0	0	0	0	0	0	0	0	0	0	0	0	0	0	0	0	0	0	0	0	0	0	0	0	0	0	0	0	0	0	0	0	0	0	0	0	0	0	0	0	0.574988457298835	0.5218212028294	0.994445000470553	0	0.510328448444929	0	0.686721289369299	0	0	0.632811518313903	0.795874698651245	0	0	0	0.794432446802508	0	0	0	0.804327261897983	0.813202998507373	0.70780849662937	0.953553162264108	0.607908833920058	0	0	0.93533313850736	0	0.998911302963485
0	0	0	0	0	0	0	0	0	0	0	0	0	0	0	0	0	0	0	0	0	0	0	0	0	0	0	0	0	0	0	0	0	0	0	0	0	0	0	0	0	0	0	0	0	0	0	0	0	0	0	0	0	0	0	0	0	0	0	0	0.976546172120858	0.962525392276693	0	0	0.822036934935886	0.57623694531193	0.795203158492929	0.585576520588523	0	0	0.811187001093961	0	0	0.683202671045619	0	0	0.966436310833702	0	0.53771729766392	0	0.635152436862611	0	0.708508296283789	0.507763437796802	0	0.905524411302308	0.572968703065579	0.868509850674297	0.626915071111101	0
0	0	0	0	0	0	0	0	0	0	0	0	0	0	0	0	0	0	0	0	0	0	0	0	0	0	0	0	0	0	0	0	0	0	0	0	0	0	0	0	0	0	0	0	0	0	0	0	0	0	0	0	0	0	0	0	0	0	0	0	0	0.721715412653159	0.726077575240693	0.758976160678658	0	0.967135385613227	0	0	0	0	0.761628841188515	0	0	0.782681559299422	0	0.962101130413116	0	0	0.598433562314434	0	0	0	0.600147965402701	0.529233049472472	0.975669266630223	0	0	0	0	0
0	0	0	0	0	0	0	0	0	0	0	0	0	0	0	0	0	0	0	0	0	0	0	0	0	0	0	0	0	0	0	0	0	0	0	0	0	0	0	0	0	0	0	0	0	0	0	0	0	0	0	0	0	0	0	0	0	0	0	0	0.612434991138058	0	0	0.560756602308523	0	0	0.805770714209832	0	0.700482283708271	0.842064215772882	0	0.657474707663319	0.540166840775395	0.642615882874428	0	0.757374839442241	0.599257105600328	0.81454105103583	0	0	0	0	0.891078463577973	0.547341762991034	0.943619311410705	0.696408259316042	0	0.799992764534419	0.959290569642098	0
0	0	0	0	0	0	0	0	0	0	0	0	0	0	0	0	0	0	0	0	0	0	0	0	0	0	0	0	0	0	0	0	0	0	0	0	0	0	0	0	0	0	0	0	0	0	0	0	0	0	0	0	0	0	0	0	0	0	0	0	0	0.865376583784087	0	0	0	0	0.854657196118867	0.787534123710725	0	0	0.677375318521143	0	0	0	0	0.980073480097105	0.539733742050154	0.948816501116993	0.545243088694067	0	0.638082894535392	0	0.799385749462461	0	0.523773796091709	0.817334115039273	0	0.998848411400879	0	0
0	0	0	0	0	0	0	0	0	0	0	0	0	0	0	0	0	0	0	0	0	0	0	0	0	0	0	0	0	0	0	0	0	0	0	0	0	0	0	0	0	0	0	0	0	0	0	0	0	0	0	0	0	0	0	0	0	0	0	0	0	0	0	0.727355041544418	0	0.999010536434724	0.848842030316346	0.942105025529655	0	0	0.835258247808632	0	0	0	0	0	0.888639009167218	0	0	0.735978748072603	0	0	0.80143084948518	0.840380354669854	0	0.790088731398186	0.524480689118106	0.844236643570487	0.599643413065126	0
0	0	0	0	0	0	0	0	0	0	0	0	0	0	0	0	0	0	0	0	0	0	0	0	0	0	0	0	0	0	0	0	0	0	0	0	0	0	0	0	0	0	0	0	0	0	0	0	0	0	0	0	0	0	0	0	0	0	0	0	0	0	0.858923738596197	0	0.905385395631181	0.510278748779395	0.560641388353931	0	0.877593264765487	0.523591819723093	0.615280209243167	0	0	0	0.82178646708615	0	0.895728327232195	0.590241531169569	0.523676619491358	0	0.562659959218433	0	0	0	0	0	0	0	0	0
0	0	0	0	0	0	0	0	0	0	0	0	0	0	0	0	0	0	0	0	0	0	0	0	0	0	0	0	0	0	0	0	0	0	0	0	0	0	0	0	0	0	0	0	0	0	0	0	0	0	0	0	0	0	0	0	0	0	0	0	0	0	0.532417784175454	0	0	0	0.950229637727828	0	0	0	0	0	0	0.588530637901603	0	0.594035699691666	0	0	0	0	0.667801126495804	0	0	0.811877743091256	0	0.867246538413988	0.667706901113046	0	0.979221467421055	0.506524198764671
0	0	0	0	0	0	0	0	0	0	0	0	0	0	0	0	0	0	0	0	0	0	0	0	0	0	0	0	0	0	0	0	0	0	0	0	0	0	0	0	0	0	0	0	0	0	0	0	0	0	0	0	0	0	0	0	0	0	0	0	0	0	0.604957729953885	0.966662113472976	0.500800806601952	0	0	0	0	0.742503410521255	0.633565432144699	0.762759188792993	0	0	0.839699943426047	0	0	0	0.548156514881084	0.66603092383061	0.731332667495826	0.903322695123412	0.580991084316353	0.888706333239393	0.6126435919815	0.504917226612236	0.98937597263665	0.981962938910991	0	0
0	0	0	0	0	0	0	0	0	0	0	0	0	0	0	0	0	0	0	0	0	0	0	0	0	0	0	0	0	0	0	0	0	0	0	0	0	0	0	0	0	0	0	0	0	0	0	0	0	0	0	0	0	0	0	0	0	0	0	0	0	0	0.890299551982392	0	0.979839165222761	0.53581364836928	0	0.906639915964927	0.833655383029155	0	0.898999494110338	0.946211419152102	0.872861165795878	0.917612824226728	0	0	0	0	0	0.534011836791092	0	0	0	0.570015978271736	0.853378060505469	0	0.539414926131096	0	0.692027155514845	0.609801498327818
0	0	0	0	0	0	0	0	0	0	0	0	0	0	0	0	0	0	0	0	0	0	0	0	0	0	0	0	0	0	0	0	0	0	0	0	0	0	0	0	0	0	0	0	0	0	0	0	0	0	0	0	0	0	0	0	0	0	0	0	0	0	0	0.574089599969191	0	0	0	0	0	0	0.923408312531426	0.780208400484341	0	0.682089053977425	0	0	0	0	0	0	0.64070518938466	0	0.991086462973822	0.665855042205356	0.608606222255497	0	0	0.51214858830376	0	0.776075198652428
0	0	0	0	0	0	0	0	0	0	0	0	0	0	0	0	0	0	0	0	0	0	0	0	0	0	0	0	0	0	0	0	0	0	0	0	0	0	0	0	0	0	0	0	0	0	0	0	0	0	0	0	0	0	0	0	0	0	0	0	0.545731266120363	0	0	0.976619610788542	0.886166359439995	0.743277597720865	0.958880583974538	0	0.930358730041841	0.932798776065609	0	0.526994994888339	0	0.762025234786943	0	0.603577980817107	0	0	0	0.815334444712513	0	0	0.536449908854382	0	0.854549333130204	0.504856181844938	0	0.639335763775635	0.998224059491428	0.818536201536528
0	0	0	0	0	0	0	0	0	0	0	0	0	0	0	0	0	0	0	0	0	0	0	0	0	0	0	0	0	0	0	0	0	0	0	0	0	0	0	0	0	0	0	0	0	0	0	0	0	0	0	0	0	0	0	0	0	0	0	0	0.653321688417692	0.815348110071266	0.518748986837319	0.53445689993675	0.805749628143288	0.972728547434229	0.834728513477482	0	0	0	0	0	0.652447326803639	0	0	0.803947685241635	0.781339958285635	0	0.984988740724373	0	0	0.826378887502663	0	0	0	0.707321158698203	0.61616425716476	0	0	0.655207475215398
0	0	0	0	0	0	0	0	0	0	0	0	0	0	0	0	0	0	0	0	0	0	0	0	0	0	0	0	0	0	0	0	0	0	0	0	0	0	0	0	0	0	0	0	0	0	0	0	0	0	0	0	0	0	0	0	0	0	0	0	0	0.548950434673105	0.635832081690878	0	0.636118886594892	0	0	0.63464741008737	0.666928310362994	0	0	0.541339812544322	0	0.854239532733721	0.804896418371219	0.804270214848741	0	0.698370398255347	0	0	0	0.678297499651301	0	0.697514734596618	0	0	0	0.763379861221934	0	0
0	0	0	0	0	0	0	0	0	0	0	0	0	0	0	0	0	0	0	0	0	0	0	0	0	0	0	0	0	0	0	0	0	0	0	0	0	0	0	0	0	0	0	0	0	0	0	0	0	0	0	0	0	0	0	0	0	0	0	0	0	0	0.822476235566792	0.87614247362942	0	0	0.750218293220868	0.594858801924441	0	0	0	0	0	0	0	0.839622346518138	0	0	0	0.67934842087406	0.674692844474791	0	0.986096523156209	0.783162721130461	0.677046790939924	0.575112733773267	0.627211834771779	0	0	0
0	0	0	0	0	0	0	0	0	0	0	0	0	0	0	0	0	0	0	0	0	0	0	0	0	0	0	0	0	0	0	0	0	0	0	0	0	0	0	0	0	0	0	0	0	0	0	0	0	0	0	0	0	0	0	0	0	0	0	0	0	0	0	0	0.960014811035545	0.646008218943073	0	0.924670381573764	0.978517053915816	0.641619285335694	0.877789102091843	0.534219614084408	0.624709768348224	0	0	0.746159114122116	0	0.503297868444457	0.91665548196093	0	0	0.850371073806034	0	0.645585830105483	0	0	0.745403857193271	0	0	0
0	0	0	0	0	0	0	0	0	0	0	0	0	0	0	0	0	0	0	0	0	0	0	0	0	0	0	0	0	0	0	0	0	0	0	0	0	0	0	0	0	0	0	0	0	0	0	0	0	0	0	0	0	0	0	0	0	0	0	0	0	0.979941454965449	0.53522742266929	0	0.73599048875188	0	0	0.630125481781773	0.549351184555449	0.59117431246605	0.915037915433133	0	0.601418720125512	0	0.540701242467204	0.674594856554484	0.8896286413908	0.73010966621117	0	0	0.891794097706566	0.586675492523888	0.966024178496068	0	0.838997068143971	0.788156117931183	0.71471207423898	0	0	0.800309901256262
0	0	0	0	0	0	0	0	0	0	0	0	0	0	0	0	0	0	0	0	0	0	0	0	0	0	0	0	0	0	0	0	0	0	0	0	0	0	0	0	0	0	0	0	0	0	0	0	0	0	0	0	0	0	0	0	0	0	0	0	0	0.965347432954025	0.865755151494383	0	0	0.979761614446903	0	0.626169249846899	0	0.597152399576586	0.839895178291122	0.743305103549042	0	0	0	0.926279436881707	0.922605852721927	0.838428716622013	0.74126539123527	0	0	0.799711446138599	0	0.812202343652447	0	0	0.688448626086061	0.883053016886019	0	0.752796519010618
0	0	0	0	0	0	0	0	0	0	0	0	0	0	0	0	0	0	0	0	0	0	0	0	0	0	0	0	0	0	0	0	0	0	0	0	0	0	0	0	0	0	0	0	0	0	0	0	0	0	0	0	0	0	0	0	0	0	0	0	0	0.956867895621955	0	0.917820996513108	0.510966728147393	0.551906359175155	0.51765385188149	0	0.746759019817981	0	0.539930298643913	0.828884030166118	0.816448720821395	0	0.805504981898391	0.809863844994602	0	0	0.809905619358854	0.812706220952037	0	0.861029608860507	0	0.63213415237916	0	0	0.515780053719195	0	0.963121888365442	0.857141314053528
0	0	0	0	0	0	0	0	0	0	0	0	0	0	0	0	0	0	0	0	0	0	0	0	0	0	0	0	0	0	0	0	0	0	0	0	0	0	0	0	0	0	0	0	0	0	0	0	0	0	0	0	0	0	0	0	0	0	0	0	0.800646729911296	0	0	0	0	0.876070314623018	0	0	0.852363971565877	0	0	0	0.587621952621319	0	0.927935468633084	0.524902900869864	0.53235619490978	0	0	0.611471615822896	0	0.790445902224691	0.861234879665858	0.798114422079496	0.759837708296538	0.807259066130973	0	0.970566311231097	0	0.577324714003248
0	0	0	0	0	0	0	0	0	0	0	0	0	0	0	0	0	0	0	0	0	0	0	0	0	0	0	0	0	0	0	0	0	0	0	0	0	0	0	0	0	0	0	0	0	0	0	0	0	0	0	0	0	0	0	0	0	0	0	0	0	0	0	0.719125345020686	0.647452894567358	0.86583270386753	0	0.729752027586072	0.822019392600371	0	0.830300404630527	0.913693011528686	0.594666386110664	0	0	0.771034749205267	0	0.577969735347256	0.518176394204055	0	0.93385802366744	0	0	0	0.952835598534721	0	0.963576131796897	0	0	0
0	0	0	0	0	0	0	0	0	0	0	0	0	0	0	0	0	0	0	0	0	0	0	0	0	0	0	0	0	0	0	0	0	0	0	0	0	0	0	0	0	0	0	0	0	0	0	0	0	0	0	0	0	0	0	0	0	0	0	0	0	0.986557832364658	0	0.88440961629686	0	0	0	0	0.569871091247106	0	0.718947169988879	0	0.769529900568548	0	0.770198495611395	0	0.806092658720762	0	0.992603991685017	0	0	0	0	0	0	0.938070907940227	0	0	0	0
0	0	0	0	0	0	0	0	0	0	0	0	0	0	0	0	0	0	0	0	0	0	0	0	0	0	0	0	0	0	0	0	0	0	0	0	0	0	0	0	0	0	0	0	0	0	0	0	0	0	0	0	0	0	0	0	0	0	0	0	0	0.812799221682196	0	0.641526014720986	0.622271363721122	0	0	0.591213746097347	0	0	0	0	0	0	0.601226469161875	0	0.604504804497125	0.7059071209957	0.732917535823275	0.514629440462862	0	0	0	0.863902606721786	0.711505154444821	0.982675138963835	0.705540889552871	0	0	0
