0	0	0	0.810185602845354	0.713514854711688	0	0	0.932663649491882	0.501036343990679	0	0	0.653234268441715	0	0	0	0	0.934258599214261	0.59800709962546	0	0	0	0	0	0	0	0	0	0	0	0	0	0	0	0	0	0	0	0	0	0	0	0	0	0	0	0	0	0	0	0	0	0	0	0	0	0	0	0	0	0	0	0	0	0	0	0	0	0	0	0	0	0	0	0	0	0	0	0	0	0	0	0	0	0	0	0	0	0	0	0
0	0	0.525314889244102	0.81538864383378	0.906065358487714	0.861173898615208	0	0	0	0.800866586236606	0.592930375278758	0	0	0	0	0.84602004105007	0	0.648651041659751	0	0	0	0	0	0	0	0	0	0	0	0	0	0	0	0	0	0	0	0	0	0	0	0	0	0	0	0	0	0	0	0	0	0	0	0	0	0	0	0	0	0	0	0	0	0	0	0	0	0	0	0	0	0	0	0	0	0	0	0	0	0	0	0	0	0	0	0	0	0	0	0
0	0.977571987933958	0	0.571974189455774	0	0	0.807855749539964	0	0	0	0	0	0.675576680026955	0.647103485462911	0.537149579788065	0	0.548589763343298	0	0	0	0	0	0	0	0	0	0	0	0	0	0	0	0	0	0	0	0	0	0	0	0	0	0	0	0	0	0	0	0	0	0	0	0	0	0	0	0	0	0	0	0	0	0	0	0	0	0	0	0	0	0	0	0	0	0	0	0	0	0	0	0	0	0	0	0	0	0	0	0	0
0.66773106432949	0.878766814943025	0.60597634805984	0	0.995192594408274	0	0.90748446545506	0.752647756363596	0	0	0	0.553182831133605	0	0	0.916873305300209	0	0	0.560701157215888	0	0	0	0	0	0	0	0	0	0	0	0	0	0	0	0	0	0	0	0	0	0	0	0	0	0	0	0	0	0	0	0	0	0	0	0	0	0	0	0	0	0	0	0	0	0	0	0	0	0	0	0	0	0	0	0	0	0	0	0	0	0	0	0	0	0	0	0	0	0	0	0
0.50713366938895	0.929221138929294	0	0.8798107243109	0	0.882201510428587	0	0.517168833080824	0.563487472904785	0	0.997534998154464	0	0	0	0	0.703871242418048	0	0	0	0	0	0	0	0	0	0	0	0	0	0	0	0	0	0	0	0	0	0	0	0	0	0	0	0	0	0	0	0	0	0	0	0	0	0	0	0	0	0	0	0	0	0	0	0	0	0	0	0	0	0	0	0	0	0	0	0	0	0	0	0	0	0	0	0	0	0	0	0	0	0
0	0.791701659400207	0	0	0.572172691805834	0	0	0	0.62329654603765	0.784978168317066	0.615048099121048	0.533117270726742	0	0	0	0	0.987053672006977	0	0	0	0	0	0	0	0	0	0	0	0	0	0	0	0	0	0	0	0	0	0	0	0	0	0	0	0	0	0	0	0	0	0	0	0	0	0	0	0	0	0	0	0	0	0	0	0	0	0	0	0	0	0	0	0	0	0	0	0	0	0	0	0	0	0	0	0	0	0	0	0	0
0	0	0.75519039967531	0.591626411462221	0	0	0	0.881008952874998	0.563208490639631	0.973294711357801	0.923171099515682	0	0	0	0	0	0	0	0	0	0	0	0	0	0	0	0	0	0	0	0	0	0	0	0	0	0	0	0	0	0	0	0	0	0	0	0	0	0	0	0	0	0	0	0	0	0	0	0	0	0	0	0	0	0	0	0	0	0	0	0	0	0	0	0	0	0	0	0	0	0	0	0	0	0	0	0	0	0	0
0.833653506345699	0	0	0.884917741829314	0.689750793483139	0	0.547584722734707	0	0.727389859236295	0.902793634517246	0.662562891187259	0	0	0	0	0	0	0	0	0	0	0	0	0	0	0	0	0	0	0	0	0	0	0	0	0	0	0	0	0	0	0	0	0	0	0	0	0	0	0	0	0	0	0	0	0	0	0	0	0	0	0	0	0	0	0	0	0	0	0	0	0	0	0	0	0	0	0	0	0	0	0	0	0	0	0	0	0	0	0
0.874034714448491	0	0	0	0.917608861374393	0.716224970347543	0.73191890299942	0.812927930277246	0	0	0.733594477520856	0.827415499700845	0.913859072295038	0	0.724259469178656	0	0	0	0	0	0	0	0	0	0	0	0	0	0	0	0	0	0	0	0	0	0	0	0	0	0	0	0	0	0	0	0	0	0	0	0	0	0	0	0	0	0	0	0	0	0	0	0	0	0	0	0	0	0	0	0	0	0	0	0	0	0	0	0	0	0	0	0	0	0	0	0	0	0	0
0	0.615011511889081	0	0	0	0.840416275942625	0.782699257294509	0.805233991843031	0	0	0.624779031957987	0.867868948328533	0	0.750713361996186	0	0	0	0	0	0	0	0	0	0	0	0	0	0	0	0	0	0	0	0	0	0	0	0	0	0	0	0	0	0	0	0	0	0	0	0	0	0	0	0	0	0	0	0	0	0	0	0	0	0	0	0	0	0	0	0	0	0	0	0	0	0	0	0	0	0	0	0	0	0	0	0	0	0	0	0
0	0.556235736369625	0	0	0.662781911766694	0.61967468708893	0.925726181748659	0.528436643738251	0.86504586303279	0.975531272750641	0	0.903166243520739	0.830390594943253	0	0	0	0	0.861102711989751	0	0	0	0	0	0	0	0	0	0	0	0	0	0	0	0	0	0	0	0	0	0	0	0	0	0	0	0	0	0	0	0	0	0	0	0	0	0	0	0	0	0	0	0	0	0	0	0	0	0	0	0	0	0	0	0	0	0	0	0	0	0	0	0	0	0	0	0	0	0	0	0
0.647968092256015	0	0	0.909893953838303	0	0.673193016217622	0	0	0.797850062731728	0.633528197110606	0.910261678437273	0	0.783355391986722	0.632083779444028	0	0.834005186556655	0	0.810526985125378	0	0	0	0	0	0	0	0	0	0	0	0	0	0	0	0	0	0	0	0	0	0	0	0	0	0	0	0	0	0	0	0	0	0	0	0	0	0	0	0	0	0	0	0	0	0	0	0	0	0	0	0	0	0	0	0	0	0	0	0	0	0	0	0	0	0	0	0	0	0	0	0
0	0	0.679260071783696	0	0	0	0	0	0.991666358758576	0	0.920653246420484	0.63127415066347	0	0.747106634745782	0.677674540654465	0.635877124122266	0.817492355931555	0.749502942682	0	0	0	0	0	0	0	0	0	0	0	0	0	0	0	0	0	0	0	0	0	0	0	0	0	0	0	0	0	0	0	0	0	0	0	0	0	0	0	0	0	0	0	0	0	0	0	0	0	0	0	0	0	0	0	0	0	0	0	0	0	0	0	0	0	0	0	0	0	0	0	0
0	0	0.651381067465492	0	0	0	0	0	0	0.785494533803166	0	0.9183588719892	0.898523848627417	0	0.646143194660145	0.881037003381132	0.841875070796169	0.989302529479688	0	0	0	0	0	0	0	0	0	0	0	0	0	0	0	0	0	0	0	0	0	0	0	0	0	0	0	0	0	0	0	0	0	0	0	0	0	0	0	0	0	0	0	0	0	0	0	0	0	0	0	0	0	0	0	0	0	0	0	0	0	0	0	0	0	0	0	0	0	0	0	0
0	0	0.587313638682919	0.636279555043386	0	0	0	0	0.609857148940524	0	0	0	0.713245111904558	0.661490744287073	0	0	0.55390703204678	0.787660595852871	0	0	0	0	0	0	0	0	0	0	0	0	0	0	0	0	0	0	0	0	0	0	0	0	0	0	0	0	0	0	0	0	0	0	0	0	0	0	0	0	0	0	0	0	0	0	0	0	0	0	0	0	0	0	0	0	0	0	0	0	0	0	0	0	0	0	0	0	0	0	0	0
0	0.526635673171044	0	0	0.961343974480894	0	0	0	0	0	0	0.56404482485434	0.964290836736847	0.889267687988619	0	0	0.511879826639164	0.64922409297215	0	0	0	0	0	0	0	0	0	0	0	0	0	0	0	0	0	0	0	0	0	0	0	0	0	0	0	0	0	0	0	0	0	0	0	0	0	0	0	0	0	0	0	0	0	0	0	0	0	0	0	0	0	0	0	0	0	0	0	0	0	0	0	0	0	0	0	0	0	0	0	0
0.889482620298378	0	0.875555531836653	0	0	0.525176742523888	0	0	0	0	0	0	0.868522035559109	0.906453474102066	0.81152365187551	0.700298095305988	0	0.789752833185504	0	0	0	0	0	0	0	0	0	0	0	0	0	0	0	0	0	0	0	0	0	0	0	0	0	0	0	0	0	0	0	0	0	0	0	0	0	0	0	0	0	0	0	0	0	0	0	0	0	0	0	0	0	0	0	0	0	0	0	0	0	0	0	0	0	0	0	0	0	0	0	0
0.80103861368142	0.668724006193394	0	0.892827416036345	0	0	0	0	0	0	0.890269855704896	0.723065863165266	0.52649370865041	0.862084894453071	0.607635202314357	0.577146738988265	0.517382104793369	0	0	0	0	0	0	0	0	0	0	0	0	0	0	0	0	0	0	0	0	0	0	0	0	0	0	0	0	0	0	0	0	0	0	0	0	0	0	0	0	0	0	0	0	0	0	0	0	0	0	0	0	0	0	0	0	0	0	0	0	0	0	0	0	0	0	0	0	0	0	0	0	0
0	0	0	0	0	0	0	0	0	0	0	0	0	0	0	0	0	0	0	0.890219160430344	0.85684059416982	0.892679110412792	0.88378039248338	0.748303661077769	0	0	0	0	0	0	0	0.575049739434612	0.790672405594065	0.983187643570216	0.643497554055332	0.760663947070163	0	0	0	0	0	0	0	0	0	0	0	0	0	0	0	0	0	0	0	0	0	0	0	0	0	0	0	0	0	0	0	0	0	0	0	0	0	0	0	0	0	0	0	0	0	0	0	0	0	0	0	0	0	0
0	0	0	0	0	0	0	0	0	0	0	0	0	0	0	0	0	0	0.586036186883967	0	0.788213120763084	0.721933840480714	0.560919139004173	0.646317506096908	0.528431501024761	0	0	0	0	0	0	0	0.567207738515576	0.508288698661955	0.573948088978848	0.685120270980971	0	0	0	0	0	0	0	0	0	0	0	0	0	0	0	0	0	0	0	0	0	0	0	0	0	0	0	0	0	0	0	0	0	0	0	0	0	0	0	0	0	0	0	0	0	0	0	0	0	0	0	0	0	0
0	0	0	0	0	0	0	0	0	0	0	0	0	0	0	0	0	0	0.824023247823144	0.734522807305346	0	0.550123310171353	0.831558947071317	0	0.620574542225371	0.603516039818823	0	0	0	0	0	0.714721253617788	0	0.90823185693024	0.647906237135504	0.652167551601446	0	0	0	0	0	0	0	0	0	0	0	0	0	0	0	0	0	0	0	0	0	0	0	0	0	0	0	0	0	0	0	0	0	0	0	0	0	0	0	0	0	0	0	0	0	0	0	0	0	0	0	0	0	0
0	0	0	0	0	0	0	0	0	0	0	0	0	0	0	0	0	0	0.70750933153392	0.693508462495376	0.618596928443077	0	0.646539743588587	0.766645364548351	0.78463381283569	0.662263023126153	0.910469815859693	0	0	0	0	0	0	0	0.896409231434277	0.926418990097595	0	0	0	0	0	0	0	0	0	0	0	0	0	0	0	0	0	0	0	0	0	0	0	0	0	0	0	0	0	0	0	0	0	0	0	0	0	0	0	0	0	0	0	0	0	0	0	0	0	0	0	0	0	0
0	0	0	0	0	0	0	0	0	0	0	0	0	0	0	0	0	0	0.591316563406601	0.517161006026258	0.645656502558939	0.930551436526422	0	0.9137874263319	0.757532132945667	0.79674163654496	0.524812978385898	0.730363885586699	0	0	0	0	0	0	0	0.64319477843229	0	0	0	0	0	0	0	0	0	0	0	0	0	0	0	0	0	0	0	0	0	0	0	0	0	0	0	0	0	0	0	0	0	0	0	0	0	0	0	0	0	0	0	0	0	0	0	0	0	0	0	0	0	0
0	0	0	0	0	0	0	0	0	0	0	0	0	0	0	0	0	0	0.902611699561867	0.900065966774597	0	0.573891602905116	0.788706759836021	0	0.915860959845911	0.741989341995755	0.919905467221103	0.782264938113336	0.618569088628891	0	0	0	0	0	0	0	0	0	0	0	0	0	0	0	0	0	0	0	0	0	0	0	0	0	0	0	0	0	0	0	0	0	0	0	0	0	0	0	0	0	0	0	0	0	0	0	0	0	0	0	0	0	0	0	0	0	0	0	0	0
0	0	0	0	0	0	0	0	0	0	0	0	0	0	0	0	0	0	0	0.721956862272533	0.93411261916775	0.68617038977032	0.941363182840428	0.632076887341984	0	0.577500769597527	0.844544099111228	0.522425239902135	0.88549509366078	0.993342506064348	0	0	0	0	0	0	0	0	0	0	0	0	0	0	0	0	0	0	0	0	0	0	0	0	0	0	0	0	0	0	0	0	0	0	0	0	0	0	0	0	0	0	0	0	0	0	0	0	0	0	0	0	0	0	0	0	0	0	0	0
0	0	0	0	0	0	0	0	0	0	0	0	0	0	0	0	0	0	0	0	0.598731403061429	0.797273041183165	0.974265218070011	0.890822930104056	0.842205055255641	0	0.886471260307194	0.507336506947494	0.547951001010364	0.892101600059431	0.518748049430103	0	0	0	0	0	0	0	0	0	0	0	0	0	0	0	0	0	0	0	0	0	0	0	0	0	0	0	0	0	0	0	0	0	0	0	0	0	0	0	0	0	0	0	0	0	0	0	0	0	0	0	0	0	0	0	0	0	0	0
0	0	0	0	0	0	0	0	0	0	0	0	0	0	0	0	0	0	0	0	0	0.551352552475206	0.7732149245567	0.874464909657045	0.793471587439415	0.904476738065435	0	0.622449763212626	0.921879125292403	0.781686992787735	0.866916879972517	0.526796466387921	0	0	0	0	0	0	0	0	0	0	0	0	0	0	0	0	0	0	0	0	0	0	0	0	0	0	0	0	0	0	0	0	0	0	0	0	0	0	0	0	0	0	0	0	0	0	0	0	0	0	0	0	0	0	0	0	0	0
0	0	0	0	0	0	0	0	0	0	0	0	0	0	0	0	0	0	0	0	0	0	0.767776921681263	0.748331675594978	0.938883811567013	0.87562769189919	0.765036837463106	0	0.597590570046341	0.62580019606863	0.938334765126969	0.67004772442167	0	0	0.677865009813382	0	0	0	0	0	0	0	0	0	0	0	0	0	0	0	0	0	0	0	0	0	0	0	0	0	0	0	0	0	0	0	0	0	0	0	0	0	0	0	0	0	0	0	0	0	0	0	0	0	0	0	0	0	0	0
0	0	0	0	0	0	0	0	0	0	0	0	0	0	0	0	0	0	0	0	0	0	0	0.930477381677459	0.99795641201824	0.643752626143431	0.601793340095022	0.866148796238418	0	0.561041562953219	0.95338251057191	0.723149996181121	0.543763267652472	0.633611435770175	0	0	0	0	0	0	0	0	0	0	0	0	0	0	0	0	0	0	0	0	0	0	0	0	0	0	0	0	0	0	0	0	0	0	0	0	0	0	0	0	0	0	0	0	0	0	0	0	0	0	0	0	0	0	0	0
0	0	0	0	0	0	0	0	0	0	0	0	0	0	0	0	0	0	0	0	0	0	0	0	0.806592211379548	0.834044142913629	0.783342789471855	0.712887623644696	0.774251149695604	0	0.95560149220584	0.696241982046618	0.801087856142826	0.693802021297174	0.543349090741286	0	0	0	0	0	0	0	0	0	0	0	0	0	0	0	0	0	0	0	0	0	0	0	0	0	0	0	0	0	0	0	0	0	0	0	0	0	0	0	0	0	0	0	0	0	0	0	0	0	0	0	0	0	0	0
0	0	0	0	0	0	0	0	0	0	0	0	0	0	0	0	0	0	0	0	0	0	0	0	0	0.98679539614515	0.941558873339729	0.597945912164905	0.599243921444166	0.635438751954662	0	0.946442335597763	0.551795818605773	0.823501229969986	0.534831833675779	0.653482557822513	0	0	0	0	0	0	0	0	0	0	0	0	0	0	0	0	0	0	0	0	0	0	0	0	0	0	0	0	0	0	0	0	0	0	0	0	0	0	0	0	0	0	0	0	0	0	0	0	0	0	0	0	0	0
0	0	0	0	0	0	0	0	0	0	0	0	0	0	0	0	0	0	0.692843031766393	0	0.680718080439954	0	0	0	0	0	0.775681413751683	0.72407837594413	0.731596797664482	0.620904071061563	0.957950027416337	0	0.891997760265254	0.750573137631222	0.814117547918919	0.992663652589973	0	0	0	0	0	0	0	0	0	0	0	0	0	0	0	0	0	0	0	0	0	0	0	0	0	0	0	0	0	0	0	0	0	0	0	0	0	0	0	0	0	0	0	0	0	0	0	0	0	0	0	0	0	0
0	0	0	0	0	0	0	0	0	0	0	0	0	0	0	0	0	0	0.986825406828759	0.853176097900819	0	0	0	0	0	0	0	0	0.951072686000131	0.989453831209227	0.502763859331429	0.949285264710338	0	0.537381856083	0.610900190488084	0.721824553901565	0	0	0	0	0	0	0	0	0	0	0	0	0	0	0	0	0	0	0	0	0	0	0	0	0	0	0	0	0	0	0	0	0	0	0	0	0	0	0	0	0	0	0	0	0	0	0	0	0	0	0	0	0	0
0	0	0	0	0	0	0	0	0	0	0	0	0	0	0	0	0	0	0.845610052001678	0.670712261243775	0.707802033285807	0	0	0	0	0	0	0	0.929765080925238	0.67711858102565	0.537731907275902	0.829775310364473	0.566832588218126	0	0.527284434685667	0.754972258984891	0	0	0	0	0	0	0	0	0	0	0	0	0	0	0	0	0	0	0	0	0	0	0	0	0	0	0	0	0	0	0	0	0	0	0	0	0	0	0	0	0	0	0	0	0	0	0	0	0	0	0	0	0	0
0	0	0	0	0	0	0	0	0	0	0	0	0	0	0	0	0	0	0.733360305360285	0.698786154283921	0.63516900168528	0.847732796530363	0	0	0	0	0	0.782219785955358	0	0.86147386219308	0.706420403806482	0.623214772122533	0.635171294135083	0.925286082389196	0	0.530743249783557	0	0	0	0	0	0	0	0	0	0	0	0	0	0	0	0	0	0	0	0	0	0	0	0	0	0	0	0	0	0	0	0	0	0	0	0	0	0	0	0	0	0	0	0	0	0	0	0	0	0	0	0	0	0
0	0	0	0	0	0	0	0	0	0	0	0	0	0	0	0	0	0	0.923719824353959	0.739252290053497	0.867816698469646	0.799654291985719	0.818528705207045	0	0	0	0	0	0	0	0.926050139988843	0.860338328213729	0.848853911773664	0.887534787699304	0.955208620184259	0	0	0	0	0	0	0	0	0	0	0	0	0	0	0	0	0	0	0	0	0	0	0	0	0	0	0	0	0	0	0	0	0	0	0	0	0	0	0	0	0	0	0	0	0	0	0	0	0	0	0	0	0	0	0
0	0	0	0	0	0	0	0	0	0	0	0	0	0	0	0	0	0	0	0	0	0	0	0	0	0	0	0	0	0	0	0	0	0	0	0	0	0	0.70626536741701	0	0.631207876688062	0.653183675644774	0.791419316478707	0.691806141914519	0.923886627181897	0	0.641235501425869	0.607963123642674	0	0.679003616913003	0.870142036011045	0	0.805222393694622	0.694303193177978	0	0	0	0	0	0	0	0	0	0	0	0	0	0	0	0	0	0	0	0	0	0	0	0	0	0	0	0	0	0	0	0	0	0	0	0
0	0	0	0	0	0	0	0	0	0	0	0	0	0	0	0	0	0	0	0	0	0	0	0	0	0	0	0	0	0	0	0	0	0	0	0	0	0	0.741532986870123	0.777487481082562	0.949787660594221	0.577109878458021	0	0.761768954079879	0	0.777474726075369	0.578096847156425	0.55401592938022	0.964640530180829	0.774986976342055	0.639708881504546	0.821147503886972	0.713060873688445	0.753976738596255	0	0	0	0	0	0	0	0	0	0	0	0	0	0	0	0	0	0	0	0	0	0	0	0	0	0	0	0	0	0	0	0	0	0	0	0
0	0	0	0	0	0	0	0	0	0	0	0	0	0	0	0	0	0	0	0	0	0	0	0	0	0	0	0	0	0	0	0	0	0	0	0	0.564416163340378	0.512798616009779	0	0.55013466201529	0.94182606168926	0	0.654908815551218	0.571285267003064	0.543991637391707	0.740865786459765	0.789030299149561	0.514640680890867	0.653407753174817	0.855820217288084	0	0	0.769653885494606	0	0	0	0	0	0	0	0	0	0	0	0	0	0	0	0	0	0	0	0	0	0	0	0	0	0	0	0	0	0	0	0	0	0	0	0	0
0	0	0	0	0	0	0	0	0	0	0	0	0	0	0	0	0	0	0	0	0	0	0	0	0	0	0	0	0	0	0	0	0	0	0	0	0	0.899988384233311	0.512224315013845	0	0.838707331183302	0	0	0.713631168517312	0.633728715082546	0.647999679960436	0.793419091789967	0.961154466581575	0.995324990358885	0.85813717165798	0.83978625152164	0	0	0.712037270292323	0	0	0	0	0	0	0	0	0	0	0	0	0	0	0	0	0	0	0	0	0	0	0	0	0	0	0	0	0	0	0	0	0	0	0	0
0	0	0	0	0	0	0	0	0	0	0	0	0	0	0	0	0	0	0	0	0	0	0	0	0	0	0	0	0	0	0	0	0	0	0	0	0.614052488838074	0.617635283854737	0.709783295891404	0.866426097929793	0	0.693425778271577	0.579010257029284	0.503411441602784	0	0.53756350971161	0.717476389088658	0.534480504347462	0.983531524016	0.677610625113401	0.997170151530894	0.659526001344446	0.9606574989812	0.666552838252551	0	0	0	0	0	0	0	0	0	0	0	0	0	0	0	0	0	0	0	0	0	0	0	0	0	0	0	0	0	0	0	0	0	0	0	0
0	0	0	0	0	0	0	0	0	0	0	0	0	0	0	0	0	0	0	0	0	0	0	0	0	0	0	0	0	0	0	0	0	0	0	0	0.800137615256252	0.756409334092434	0	0	0.5277700213363	0	0.599902099587631	0.732928774868157	0.626898652661683	0.932182391199411	0.930187249000958	0.978073696461208	0.889458078078237	0.637407202083965	0.622248797375081	0.58931894562696	0	0	0	0	0	0	0	0	0	0	0	0	0	0	0	0	0	0	0	0	0	0	0	0	0	0	0	0	0	0	0	0	0	0	0	0	0	0
0	0	0	0	0	0	0	0	0	0	0	0	0	0	0	0	0	0	0	0	0	0	0	0	0	0	0	0	0	0	0	0	0	0	0	0	0.518820005371655	0	0.608010111692337	0	0.876761306621752	0.615415956617268	0	0.816416929131903	0.997576590261713	0.615222176370858	0.70028191942798	0.623094047245692	0.540475883960402	0.531432939708059	0.685237770682304	0.983724044497763	0.693228389063532	0.942276070444238	0	0	0	0	0	0	0	0	0	0	0	0	0	0	0	0	0	0	0	0	0	0	0	0	0	0	0	0	0	0	0	0	0	0	0	0
0	0	0	0	0	0	0	0	0	0	0	0	0	0	0	0	0	0	0	0	0	0	0	0	0	0	0	0	0	0	0	0	0	0	0	0	0.562968358532193	0.514648920622654	0.926755994629901	0.606918332808503	0.934512401246798	0.754864902545364	0.90860948455852	0	0.987501797504464	0	0.650208394285898	0.507110759917957	0	0	0.872730888610542	0.70594665179071	0.553292498119765	0.848784642538594	0	0	0	0	0	0	0	0	0	0	0	0	0	0	0	0	0	0	0	0	0	0	0	0	0	0	0	0	0	0	0	0	0	0	0	0
0	0	0	0	0	0	0	0	0	0	0	0	0	0	0	0	0	0	0	0	0	0	0	0	0	0	0	0	0	0	0	0	0	0	0	0	0.650035857503797	0	0.948867211036917	0.803254239959729	0	0.972066433106336	0.570075992908734	0.553323736957771	0	0.658612850380269	0.681257900882152	0	0	0.7978794146724	0.713779868926417	0.907343919032262	0.597458856994954	0.901501988902685	0	0	0	0	0	0	0	0	0	0	0	0	0	0	0	0	0	0	0	0	0	0	0	0	0	0	0	0	0	0	0	0	0	0	0	0
0	0	0	0	0	0	0	0	0	0	0	0	0	0	0	0	0	0	0	0	0	0	0	0	0	0	0	0	0	0	0	0	0	0	0	0	0	0.774607993616782	0.569074102773074	0.931256100886915	0.771448269718714	0.834583094485302	0.936376201470832	0	0.685518254676961	0	0.814940152440159	0.899340990356081	0.706951861668414	0.94786792099716	0	0.775960435769492	0.681368723068292	0.945232301772052	0	0	0	0	0	0	0	0	0	0	0	0	0	0	0	0	0	0	0	0	0	0	0	0	0	0	0	0	0	0	0	0	0	0	0	0
0	0	0	0	0	0	0	0	0	0	0	0	0	0	0	0	0	0	0	0	0	0	0	0	0	0	0	0	0	0	0	0	0	0	0	0	0.566419021129219	0.56596484191052	0.683794408914175	0.860384350570392	0.770539204057124	0.978722345393385	0.644958923423079	0.60742345335545	0.6775797177884	0.801440402018429	0	0.65916419314318	0.868500855235731	0.605897928765286	0.535403266524604	0	0.948246924894829	0.898576326435136	0	0	0	0	0	0	0	0	0	0	0	0	0	0	0	0	0	0	0	0	0	0	0	0	0	0	0	0	0	0	0	0	0	0	0	0
0	0	0	0	0	0	0	0	0	0	0	0	0	0	0	0	0	0	0	0	0	0	0	0	0	0	0	0	0	0	0	0	0	0	0	0	0.891407155349073	0.556260201133479	0.914325126580581	0.685968945845115	0.721816916206552	0.665962754382166	0.776346561028417	0.881761007835571	0	0.511821019829741	0.989598075104383	0	0.533438155125964	0.89456766180031	0.986388264679045	0	0	0.878278184967956	0	0	0	0	0	0	0	0	0	0	0	0	0	0	0	0	0	0	0	0	0	0	0	0	0	0	0	0	0	0	0	0	0	0	0	0
0	0	0	0	0	0	0	0	0	0	0	0	0	0	0	0	0	0	0	0	0	0	0	0	0	0	0	0	0	0	0	0	0	0	0	0	0	0.975095994613086	0.91393585556061	0.812648240082995	0.653600647909504	0.722570200155396	0.676661750758519	0	0	0.971955217738313	0.588947973673088	0.693759040345944	0	0.788649552191564	0.779091916925693	0.933926477379855	0.602374920746845	0.877694541614919	0	0	0	0	0	0	0	0	0	0	0	0	0	0	0	0	0	0	0	0	0	0	0	0	0	0	0	0	0	0	0	0	0	0	0	0
0	0	0	0	0	0	0	0	0	0	0	0	0	0	0	0	0	0	0	0	0	0	0	0	0	0	0	0	0	0	0	0	0	0	0	0	0.63895284744429	0.66487232000107	0.947997270421737	0.591539303230433	0.61878632074308	0.925071908204507	0.924963773263433	0	0.902531340845892	0.957461984758632	0.831945726919324	0.95660399151592	0.585991470196545	0	0.55959241598312	0.712020011257775	0.992226900286583	0.706283306543362	0	0	0	0	0	0	0	0	0	0	0	0	0	0	0	0	0	0	0	0	0	0	0	0	0	0	0	0	0	0	0	0	0	0	0	0
0	0	0	0	0	0	0	0	0	0	0	0	0	0	0	0	0	0	0	0	0	0	0	0	0	0	0	0	0	0	0	0	0	0	0	0	0.806976607376379	0.61305499654923	0	0.712845205108395	0.970096212863513	0.761240617816247	0.604270875961702	0.731215403618139	0.856048979383344	0	0.838361725737509	0.725801286386688	0.719776241856916	0.997021967702523	0	0.527976265333582	0.866564787250691	0.603896441662305	0	0	0	0	0	0	0	0	0	0	0	0	0	0	0	0	0	0	0	0	0	0	0	0	0	0	0	0	0	0	0	0	0	0	0	0
0	0	0	0	0	0	0	0	0	0	0	0	0	0	0	0	0	0	0	0	0	0	0	0	0	0	0	0	0	0	0	0	0	0	0	0	0	0.939642633622291	0	0	0.97117450087349	0.556274825775259	0.748959832089517	0.569646990516187	0.709543205250283	0.535956706551745	0	0	0.712299600299745	0.658802352952102	0.723919130875122	0	0.833152339743574	0.750869526552826	0	0	0	0	0	0	0	0	0	0	0	0	0	0	0	0	0	0	0	0	0	0	0	0	0	0	0	0	0	0	0	0	0	0	0	0
0	0	0	0	0	0	0	0	0	0	0	0	0	0	0	0	0	0	0	0	0	0	0	0	0	0	0	0	0	0	0	0	0	0	0	0	0.610198911955417	0.812052170381999	0.941385633042402	0	0.658254826355605	0	0.654264844732821	0.640049997636121	0.524850263528594	0.61618042766524	0.801990278466544	0	0.763522510037598	0.753514371976318	0.844824299018176	0.9952751344841	0	0.616620178950008	0	0	0	0	0	0	0	0	0	0	0	0	0	0	0	0	0	0	0	0	0	0	0	0	0	0	0	0	0	0	0	0	0	0	0	0
0	0	0	0	0	0	0	0	0	0	0	0	0	0	0	0	0	0	0	0	0	0	0	0	0	0	0	0	0	0	0	0	0	0	0	0	0.933538251919448	0.875331319003479	0	0.59041569036827	0.820346000864999	0	0.89696164987476	0.769665027192178	0.910046343330302	0.839066565978521	0.964912704762814	0.747011488245701	0.615117442140968	0.889202894723758	0.759125759372974	0.780923020521997	0.553160887111486	0	0	0	0	0	0	0	0	0	0	0	0	0	0	0	0	0	0	0	0	0	0	0	0	0	0	0	0	0	0	0	0	0	0	0	0	0
0	0	0	0	0	0	0	0	0	0	0	0	0	0	0	0	0	0	0	0	0	0	0	0	0	0	0	0	0	0	0	0	0	0	0	0	0	0	0	0	0	0	0	0	0	0	0	0	0	0	0	0	0	0	0	0	0.890621192237457	0.791744705997514	0	0	0	0	0	0	0	0.93865189682929	0	0.916355217350369	0.912667015542884	0	0	0	0	0	0	0	0	0	0	0	0	0	0	0	0	0	0	0	0	0
0	0	0	0	0	0	0	0	0	0	0	0	0	0	0	0	0	0	0	0	0	0	0	0	0	0	0	0	0	0	0	0	0	0	0	0	0	0	0	0	0	0	0	0	0	0	0	0	0	0	0	0	0	0	0	0	0.648956187489069	0.547923555644178	0	0	0	0	0	0	0	0.907399048793729	0.785442155469916	0	0	0	0	0	0	0	0	0	0	0	0	0	0	0	0	0	0	0	0	0	0	0
0	0	0	0	0	0	0	0	0	0	0	0	0	0	0	0	0	0	0	0	0	0	0	0	0	0	0	0	0	0	0	0	0	0	0	0	0	0	0	0	0	0	0	0	0	0	0	0	0	0	0	0	0	0	0.627814115315625	0.555019293813339	0	0	0	0.502810306874397	0	0	0	0.533421184817394	0.737796401605712	0	0	0	0	0	0	0	0	0	0	0	0	0	0	0	0	0	0	0	0	0	0	0	0	0
0	0	0	0	0	0	0	0	0	0	0	0	0	0	0	0	0	0	0	0	0	0	0	0	0	0	0	0	0	0	0	0	0	0	0	0	0	0	0	0	0	0	0	0	0	0	0	0	0	0	0	0	0	0	0.605931622238262	0.67225696255133	0	0	0	0.810281315430702	0	0.989129891933975	0	0.896696821740701	0.703992569901763	0	0.924042619322444	0.874816797341419	0	0	0	0	0	0	0	0	0	0	0	0	0	0	0	0	0	0	0	0	0	0
0	0	0	0	0	0	0	0	0	0	0	0	0	0	0	0	0	0	0	0	0	0	0	0	0	0	0	0	0	0	0	0	0	0	0	0	0	0	0	0	0	0	0	0	0	0	0	0	0	0	0	0	0	0	0	0	0	0	0	0.726671341411247	0.660445679889603	0.88128392683018	0	0.963497421860957	0	0	0.915154984255558	0	0.897311508091684	0.617735107005425	0	0	0	0	0	0	0	0	0	0	0	0	0	0	0	0	0	0	0	0
0	0	0	0	0	0	0	0	0	0	0	0	0	0	0	0	0	0	0	0	0	0	0	0	0	0	0	0	0	0	0	0	0	0	0	0	0	0	0	0	0	0	0	0	0	0	0	0	0	0	0	0	0	0	0	0	0.967162522469437	0.649612888138264	0.841185175514647	0	0	0	0	0	0	0	0.972695634142144	0.654562612122587	0	0	0	0.904783880077874	0	0	0	0	0	0	0	0	0	0	0	0	0	0	0	0	0	0
0	0	0	0	0	0	0	0	0	0	0	0	0	0	0	0	0	0	0	0	0	0	0	0	0	0	0	0	0	0	0	0	0	0	0	0	0	0	0	0	0	0	0	0	0	0	0	0	0	0	0	0	0	0	0	0	0	0	0.706707052640372	0	0	0.5808056358611	0	0.854877286485707	0	0	0.559887803990471	0	0.782481498972506	0.895530515443238	0	0	0	0	0	0	0	0	0	0	0	0	0	0	0	0	0	0	0	0
0	0	0	0	0	0	0	0	0	0	0	0	0	0	0	0	0	0	0	0	0	0	0	0	0	0	0	0	0	0	0	0	0	0	0	0	0	0	0	0	0	0	0	0	0	0	0	0	0	0	0	0	0	0	0	0	0	0.859103118964628	0.534829404765959	0	0.881815695205934	0	0	0	0	0.549012471188605	0	0.711551015950261	0	0.723531577064908	0.820365758930768	0	0	0	0	0	0	0	0	0	0	0	0	0	0	0	0	0	0	0
0	0	0	0	0	0	0	0	0	0	0	0	0	0	0	0	0	0	0	0	0	0	0	0	0	0	0	0	0	0	0	0	0	0	0	0	0	0	0	0	0	0	0	0	0	0	0	0	0	0	0	0	0	0	0	0	0	0	0	0	0	0	0	0.558087254221653	0.997498166505659	0	0	0	0	0.956519378601259	0.725454576993349	0	0	0	0	0	0	0	0	0	0	0	0	0	0	0	0	0	0	0
0	0	0	0	0	0	0	0	0	0	0	0	0	0	0	0	0	0	0	0	0	0	0	0	0	0	0	0	0	0	0	0	0	0	0	0	0	0	0	0	0	0	0	0	0	0	0	0	0	0	0	0	0	0	0	0	0.68324798959101	0.756098633087011	0.519664445834188	0	0.812624567750447	0	0.52651454168742	0	0	0	0	0.819523630202947	0	0	0	0.552458278567608	0	0	0	0	0	0	0	0	0	0	0	0	0	0	0	0	0	0
0	0	0	0	0	0	0	0	0	0	0	0	0	0	0	0	0	0	0	0	0	0	0	0	0	0	0	0	0	0	0	0	0	0	0	0	0	0	0	0	0	0	0	0	0	0	0	0	0	0	0	0	0	0	0	0	0.786124033641013	0.782301010035273	0	0	0	0	0.939820478337843	0	0	0.896932538047138	0	0.572695637688666	0	0	0.782848709020971	0.935203779789923	0	0	0	0	0	0	0	0	0	0	0	0	0	0	0	0	0	0
0	0	0	0	0	0	0	0	0	0	0	0	0	0	0	0	0	0	0	0	0	0	0	0	0	0	0	0	0	0	0	0	0	0	0	0	0	0	0	0	0	0	0	0	0	0	0	0	0	0	0	0	0	0	0.649256898210416	0.797639243833427	0	0	0	0	0	0.840342874698688	0	0	0.962211960480451	0	0.565936394472136	0	0	0	0	0.52033691174245	0	0	0	0	0	0	0	0	0	0	0	0	0	0	0	0	0	0
0	0	0	0	0	0	0	0	0	0	0	0	0	0	0	0	0	0	0	0	0	0	0	0	0	0	0	0	0	0	0	0	0	0	0	0	0	0	0	0	0	0	0	0	0	0	0	0	0	0	0	0	0	0	0	0.51853772304281	0	0.686408160094107	0.706995368517067	0.878378847127836	0.568564028324709	0	0	0	0	0.660024852333591	0	0	0	0.920592794118874	0	0	0	0	0	0	0	0	0	0	0	0	0	0	0	0	0	0	0	0
0	0	0	0	0	0	0	0	0	0	0	0	0	0	0	0	0	0	0	0	0	0	0	0	0	0	0	0	0	0	0	0	0	0	0	0	0	0	0	0	0	0	0	0	0	0	0	0	0	0	0	0	0	0	0.534655190370036	0	0	0.510306234182446	0	0.873003333246393	0	0.656417385413701	0	0.98740087441023	0.677179887738794	0	0	0	0	0.719730584586435	0	0	0	0	0	0	0	0	0	0	0	0	0	0	0	0	0	0	0	0
0	0	0	0	0	0	0	0	0	0	0	0	0	0	0	0	0	0	0	0	0	0	0	0	0	0	0	0	0	0	0	0	0	0	0	0	0	0	0	0	0	0	0	0	0	0	0	0	0	0	0	0	0	0	0.70010039626951	0	0	0	0.585913733812927	0	0.656104271148781	0	0	0	0	0	0	0	0	0.886427925165292	0.68908736769988	0.918406808441505	0	0	0	0	0	0	0	0	0	0	0	0	0	0	0	0	0	0
0	0	0	0	0	0	0	0	0	0	0	0	0	0	0	0	0	0	0	0	0	0	0	0	0	0	0	0	0	0	0	0	0	0	0	0	0	0	0	0	0	0	0	0	0	0	0	0	0	0	0	0	0	0	0	0	0	0	0.890553150074355	0	0.821775790253877	0.511374778232156	0.616971810592848	0	0	0	0.850165396736149	0.913230163767025	0.918788207629581	0	0	0	0	0	0	0	0	0	0	0	0	0	0	0	0	0	0	0	0	0
0	0	0	0	0	0	0	0	0	0	0	0	0	0	0	0	0	0	0	0	0	0	0	0	0	0	0	0	0	0	0	0	0	0	0	0	0	0	0	0	0	0	0	0	0	0	0	0	0	0	0	0	0	0	0	0	0	0	0	0	0	0.525524284184018	0.623681753154627	0	0.754939301514158	0	0	0	0.710526414116368	0	0	0	0	0	0	0	0	0	0	0	0	0	0	0	0	0	0	0	0	0
0	0	0	0	0	0	0	0	0	0	0	0	0	0	0	0	0	0	0	0	0	0	0	0	0	0	0	0	0	0	0	0	0	0	0	0	0	0	0	0	0	0	0	0	0	0	0	0	0	0	0	0	0	0	0	0	0	0	0	0.857990118910731	0	0	0	0.738218528094401	0.864749211702378	0.844684993142122	0	0	0.801582707549825	0	0	0	0	0	0	0	0	0	0	0	0	0	0	0	0	0	0	0	0	0
0	0	0	0	0	0	0	0	0	0	0	0	0	0	0	0	0	0	0	0	0	0	0	0	0	0	0	0	0	0	0	0	0	0	0	0	0	0	0	0	0	0	0	0	0	0	0	0	0	0	0	0	0	0	0	0	0	0	0	0	0	0	0	0	0	0	0	0	0	0	0	0	0	0.998817578757787	0.941758391887056	0.585559209048356	0.936937191626689	0.67258209362451	0.74736042870363	0	0	0	0	0.659137687790524	0.986239611299103	0.559043585753017	0.95953499219235	0.806767211076093	0.622644271152652	0.569546018029111
0	0	0	0	0	0	0	0	0	0	0	0	0	0	0	0	0	0	0	0	0	0	0	0	0	0	0	0	0	0	0	0	0	0	0	0	0	0	0	0	0	0	0	0	0	0	0	0	0	0	0	0	0	0	0	0	0	0	0	0	0	0	0	0	0	0	0	0	0	0	0	0	0.50850358194123	0	0.940330141813605	0.745987030056291	0.983140919437216	0.628963179736042	0.659342907550695	0.555326793701112	0	0	0	0	0	0.695264502231815	0.992734118363436	0.736905114788274	0.579430906619069	0.614458254916996
0	0	0	0	0	0	0	0	0	0	0	0	0	0	0	0	0	0	0	0	0	0	0	0	0	0	0	0	0	0	0	0	0	0	0	0	0	0	0	0	0	0	0	0	0	0	0	0	0	0	0	0	0	0	0	0	0	0	0	0	0	0	0	0	0	0	0	0	0	0	0	0	0.63052166456244	0.763137016864183	0	0.7668339876275	0.64995351824031	0.918150019471946	0.57545035205847	0.895672749773999	0.973448765991931	0	0	0	0	0	0.742937754246292	0.932695376778036	0.630083380891663	0.945831257719177
0	0	0	0	0	0	0	0	0	0	0	0	0	0	0	0	0	0	0	0	0	0	0	0	0	0	0	0	0	0	0	0	0	0	0	0	0	0	0	0	0	0	0	0	0	0	0	0	0	0	0	0	0	0	0	0	0	0	0	0	0	0	0	0	0	0	0	0	0	0	0	0	0.815524451556106	0.663420081231636	0.64710002705303	0	0.541064705890563	0.967591134286379	0.964951261245471	0.830701901319077	0.8919180776118	0.978950518563398	0	0.783841169255157	0	0	0	0.700929036272659	0.577527441536424	0.558780686515636
0	0	0	0	0	0	0	0	0	0	0	0	0	0	0	0	0	0	0	0	0	0	0	0	0	0	0	0	0	0	0	0	0	0	0	0	0	0	0	0	0	0	0	0	0	0	0	0	0	0	0	0	0	0	0	0	0	0	0	0	0	0	0	0	0	0	0	0	0	0	0	0	0.946537731349023	0.594907108314375	0.550316220093329	0.750865862293134	0	0	0.702760457747914	0.689959789346229	0.63096592501616	0.744479379784227	0.63183171491516	0.93018447826776	0.729001171051928	0	0	0	0.645149927422793	0.685365118610201
0	0	0	0	0	0	0	0	0	0	0	0	0	0	0	0	0	0	0	0	0	0	0	0	0	0	0	0	0	0	0	0	0	0	0	0	0	0	0	0	0	0	0	0	0	0	0	0	0	0	0	0	0	0	0	0	0	0	0	0	0	0	0	0	0	0	0	0	0	0	0	0	0.985503540299182	0.738446120822051	0.90862741175968	0.727826815393238	0	0	0.545205528770037	0.739513231426485	0.585113799447661	0.756428170034277	0.729437320111077	0.546708861034473	0	0	0	0	0	0.654130184811048
0	0	0	0	0	0	0	0	0	0	0	0	0	0	0	0	0	0	0	0	0	0	0	0	0	0	0	0	0	0	0	0	0	0	0	0	0	0	0	0	0	0	0	0	0	0	0	0	0	0	0	0	0	0	0	0	0	0	0	0	0	0	0	0	0	0	0	0	0	0	0	0	0.938136615888942	0.574408100400852	0.904869802618601	0.827381053016207	0.964645494822332	0.80259814589274	0	0.793943071129707	0.75848007778065	0.547431806494912	0.678973582198862	0.686411887081224	0.689365922431074	0	0	0	0	0
0	0	0	0	0	0	0	0	0	0	0	0	0	0	0	0	0	0	0	0	0	0	0	0	0	0	0	0	0	0	0	0	0	0	0	0	0	0	0	0	0	0	0	0	0	0	0	0	0	0	0	0	0	0	0	0	0	0	0	0	0	0	0	0	0	0	0	0	0	0	0	0	0	0.709508485550644	0.853045301309918	0.540936548452988	0.933186142567124	0.605733373835838	0.673349058510533	0	0.56178549465747	0.982469337545832	0.657485681896082	0.668049126673565	0.534421492398593	0.897174353198856	0	0	0	0
0	0	0	0	0	0	0	0	0	0	0	0	0	0	0	0	0	0	0	0	0	0	0	0	0	0	0	0	0	0	0	0	0	0	0	0	0	0	0	0	0	0	0	0	0	0	0	0	0	0	0	0	0	0	0	0	0	0	0	0	0	0	0	0	0	0	0	0	0	0	0	0	0	0	0.865387062166198	0.829093078822302	0.769824123556752	0.910987199568525	0.789851670128759	0.588545054130382	0	0.818951303509889	0.876607247016977	0.841522094221196	0.620460904530514	0	0.661746836591021	0	0.507611773386422	0
0	0	0	0	0	0	0	0	0	0	0	0	0	0	0	0	0	0	0	0	0	0	0	0	0	0	0	0	0	0	0	0	0	0	0	0	0	0	0	0	0	0	0	0	0	0	0	0	0	0	0	0	0	0	0	0	0	0	0	0	0	0	0	0	0	0	0	0	0	0	0	0	0	0	0	0.893488817863294	0.917441482248981	0.52146266118622	0.808392354566204	0.942702749857613	0.656507282083204	0	0.636467739035917	0.795437923342557	0.722464436349459	0.872632129490753	0.753966919873834	0.557965909739066	0	0
0	0	0	0	0	0	0	0	0	0	0	0	0	0	0	0	0	0	0	0	0	0	0	0	0	0	0	0	0	0	0	0	0	0	0	0	0	0	0	0	0	0	0	0	0	0	0	0	0	0	0	0	0	0	0	0	0	0	0	0	0	0	0	0	0	0	0	0	0	0	0	0	0	0	0	0	0.527162157164734	0.620070014194888	0.702810299574573	0.963759396609153	0.606408744564281	0.511668237406969	0	0.836995842705599	0	0.836713533957357	0.854903534736686	0.812722963196326	0.876792150567909	0.848684551424766
0	0	0	0	0	0	0	0	0	0	0	0	0	0	0	0	0	0	0	0	0	0	0	0	0	0	0	0	0	0	0	0	0	0	0	0	0	0	0	0	0	0	0	0	0	0	0	0	0	0	0	0	0	0	0	0	0	0	0	0	0	0	0	0	0	0	0	0	0	0	0	0	0.856349744519898	0	0	0.939687062015444	0.562347887113998	0.816197387565611	0.657797106227811	0.566123894774298	0.648222828588309	0.840428520761081	0.919432455595599	0	0	0	0	0.931365827162601	0.717744949727709	0.733164891819499
0	0	0	0	0	0	0	0	0	0	0	0	0	0	0	0	0	0	0	0	0	0	0	0	0	0	0	0	0	0	0	0	0	0	0	0	0	0	0	0	0	0	0	0	0	0	0	0	0	0	0	0	0	0	0	0	0	0	0	0	0	0	0	0	0	0	0	0	0	0	0	0	0.515929575860913	0	0	0	0.720148398092601	0	0.582336132383213	0.814110820448093	0.586568133856711	0.652969165974149	0	0	0	0.509531927359796	0.567522377080599	0.781169529855441	0.534758942585282	0.640497558019928
0	0	0	0	0	0	0	0	0	0	0	0	0	0	0	0	0	0	0	0	0	0	0	0	0	0	0	0	0	0	0	0	0	0	0	0	0	0	0	0	0	0	0	0	0	0	0	0	0	0	0	0	0	0	0	0	0	0	0	0	0	0	0	0	0	0	0	0	0	0	0	0	0.970739493914855	0.726370437651539	0	0	0	0	0	0.526694410706846	0	0.73417293224089	0.70881116766596	0	0.729259997857225	0	0.949800090702424	0.754461705223761	0.710509228658528	0.773037304281559
0	0	0	0	0	0	0	0	0	0	0	0	0	0	0	0	0	0	0	0	0	0	0	0	0	0	0	0	0	0	0	0	0	0	0	0	0	0	0	0	0	0	0	0	0	0	0	0	0	0	0	0	0	0	0	0	0	0	0	0	0	0	0	0	0	0	0	0	0	0	0	0	0.856435752769814	0.888375684461869	0.907292694737068	0	0	0	0	0	0.956490699342085	0.676705831985722	0.649860716884335	0	0.569125919205154	0.916625156179083	0	0.844385249168847	0.898998122429838	0.904315025081632
0	0	0	0	0	0	0	0	0	0	0	0	0	0	0	0	0	0	0	0	0	0	0	0	0	0	0	0	0	0	0	0	0	0	0	0	0	0	0	0	0	0	0	0	0	0	0	0	0	0	0	0	0	0	0	0	0	0	0	0	0	0	0	0	0	0	0	0	0	0	0	0	0.641156493261399	0.638657407369088	0.882639382236102	0.6043513580522	0	0	0	0	0	0.821430350975642	0.647131896910709	0.981524088973083	0.686822425974074	0.742461796066773	0.742950960047462	0	0.755706044932313	0.948883539941549
0	0	0	0	0	0	0	0	0	0	0	0	0	0	0	0	0	0	0	0	0	0	0	0	0	0	0	0	0	0	0	0	0	0	0	0	0	0	0	0	0	0	0	0	0	0	0	0	0	0	0	0	0	0	0	0	0	0	0	0	0	0	0	0	0	0	0	0	0	0	0	0	0.582457460175998	0.650968752488261	0.872303874795985	0.981632527725449	0.738653155570462	0	0	0	0.704730240612062	0	0.753200543863961	0.785356899661196	0.624596167316069	0.652760257003895	0.71284288961016	0.604730160923968	0	0.530046348322368
0	0	0	0	0	0	0	0	0	0	0	0	0	0	0	0	0	0	0	0	0	0	0	0	0	0	0	0	0	0	0	0	0	0	0	0	0	0	0	0	0	0	0	0	0	0	0	0	0	0	0	0	0	0	0	0	0	0	0	0	0	0	0	0	0	0	0	0	0	0	0	0	0.911247201370643	0.964397357408861	0.90863569184875	0.843459677659483	0.526154590948982	0.707069042912967	0	0	0	0	0.879046868418044	0.871098081651895	0.898825551242942	0.940506245438506	0.666674036363563	0.510545553085572	0.669537713981183	0
