0	0.977968278952486	0.677790490042134	0.821231915131321	0.899185846266551	0.741128806955113	0	0	0	0	0.885559495517378	0	0	0.872129673110724	0.604332836657961	0.924745179194954	0.825339627292762	0.807086459705468	0	0	0	0	0	0	0	0	0	0	0	0	0	0	0	0	0	0	0	0	0	0	0	0	0	0	0	0	0	0	0	0	0	0	0	0	0	0	0	0	0	0	0	0	0	0	0	0	0	0	0	0	0	0	0	0	0	0	0	0	0	0	0	0	0	0	0	0	0	0	0	0
0.725434978651126	0	0.589515367445891	0.765885696353207	0.888781776873657	0.647029412678622	0.842301049622217	0	0	0	0	0	0	0	0.940578638214594	0.597244334609507	0.977281730876512	0.606767621727349	0	0	0	0	0	0	0	0	0	0	0	0	0	0	0	0	0	0	0	0	0	0	0	0	0	0	0	0	0	0	0	0	0	0	0	0	0	0	0	0	0	0	0	0	0	0	0	0	0	0	0	0	0	0	0	0	0	0	0	0	0	0	0	0	0	0	0	0	0	0	0	0
0.696386491963979	0.746881429748175	0	0.54195457792396	0.99909054150025	0.994225389173801	0.710625250711031	0.863186700484442	0	0	0	0	0.648444798883043	0	0	0.856409853205269	0.807048851507337	0	0	0	0	0	0	0	0	0	0	0	0	0	0	0	0	0	0	0	0	0	0	0	0	0	0	0	0	0	0	0	0	0	0	0	0	0	0	0	0	0	0	0	0	0	0	0	0	0	0	0	0	0	0	0	0	0	0	0	0	0	0	0	0	0	0	0	0	0	0	0	0	0
0.638887254356983	0.695218879420324	0.632257483041294	0	0.644066393800973	0.593052785197814	0.565936714206751	0.988890392965245	0.957376161268484	0	0.80891862846949	0	0	0	0	0	0.515760309652948	0.586809127961966	0	0	0	0	0	0	0	0	0	0	0	0	0	0	0	0	0	0	0	0	0	0	0	0	0	0	0	0	0	0	0	0	0	0	0	0	0	0	0	0	0	0	0	0	0	0	0	0	0	0	0	0	0	0	0	0	0	0	0	0	0	0	0	0	0	0	0	0	0	0	0	0
0.972250674964098	0.819700211575203	0.813628378343891	0.622736751261397	0	0.553852070110152	0.582127763812839	0.652925510684884	0.91447577402497	0.957196723569108	0	0	0	0	0	0	0	0.965047770470318	0	0	0	0	0	0	0	0	0	0	0	0	0	0	0	0	0	0	0	0	0	0	0	0	0	0	0	0	0	0	0	0	0	0	0	0	0	0	0	0	0	0	0	0	0	0	0	0	0	0	0	0	0	0	0	0	0	0	0	0	0	0	0	0	0	0	0	0	0	0	0	0
0.799632450521291	0.647597288997979	0.680184259535116	0.65684722106273	0.683148144886531	0	0.90329712402218	0.757816542588324	0.620216688379902	0	0.691321702129357	0.778975831369215	0	0	0	0	0	0	0	0	0	0	0	0	0	0	0	0	0	0	0	0	0	0	0	0	0	0	0	0	0	0	0	0	0	0	0	0	0	0	0	0	0	0	0	0	0	0	0	0	0	0	0	0	0	0	0	0	0	0	0	0	0	0	0	0	0	0	0	0	0	0	0	0	0	0	0	0	0	0
0	0.832217007343932	0.98438816230192	0.870428324020921	0.847866380387577	0.845617478249681	0	0.554205477610347	0.604322859763489	0.672244582439955	0.860327222215956	0.623215411606828	0	0	0	0	0	0	0	0	0	0	0	0	0	0	0	0	0	0	0	0	0	0	0	0	0	0	0	0	0	0	0	0	0	0	0	0	0	0	0	0	0	0	0	0	0	0	0	0	0	0	0	0	0	0	0	0	0	0	0	0	0	0	0	0	0	0	0	0	0	0	0	0	0	0	0	0	0	0
0	0	0.529416632264473	0.731343966015138	0.549277917350426	0.641066661628729	0.828609392241746	0	0.562887108220001	0.943033482726035	0.854040896843348	0.604109548904658	0.898619429178965	0	0	0	0	0	0	0	0	0	0	0	0	0	0	0	0	0	0	0	0	0	0	0	0	0	0	0	0	0	0	0	0	0	0	0	0	0	0	0	0	0	0	0	0	0	0	0	0	0	0	0	0	0	0	0	0	0	0	0	0	0	0	0	0	0	0	0	0	0	0	0	0	0	0	0	0	0
0	0	0	0.961608654061496	0.831274637382656	0.515131715035853	0.767125642362271	0.701088752528464	0	0	0.537003756048294	0.843855211300813	0.5232464289595	0.795689925655061	0	0	0	0	0	0	0	0	0	0	0	0	0	0	0	0	0	0	0	0	0	0	0	0	0	0	0	0	0	0	0	0	0	0	0	0	0	0	0	0	0	0	0	0	0	0	0	0	0	0	0	0	0	0	0	0	0	0	0	0	0	0	0	0	0	0	0	0	0	0	0	0	0	0	0	0
0	0	0	0	0.605161282720174	0	0.595297778453419	0.900044149331889	0	0	0.645491767117445	0.553975121152057	0.982297044332779	0.533413344326674	0.936976696615033	0	0	0.55474868791981	0	0	0	0	0	0	0	0	0	0	0	0	0	0	0	0	0	0	0	0	0	0	0	0	0	0	0	0	0	0	0	0	0	0	0	0	0	0	0	0	0	0	0	0	0	0	0	0	0	0	0	0	0	0	0	0	0	0	0	0	0	0	0	0	0	0	0	0	0	0	0	0
0.819710369904494	0	0	0.503671158916041	0	0.965335416185698	0.639853329329142	0.520773299074816	0.70166047403256	0.818511699666298	0	0.526541355014123	0.9286052588112	0	0.839132063183017	0.607812324108576	0	0	0	0	0	0	0	0	0	0	0	0	0	0	0	0	0	0	0	0	0	0	0	0	0	0	0	0	0	0	0	0	0	0	0	0	0	0	0	0	0	0	0	0	0	0	0	0	0	0	0	0	0	0	0	0	0	0	0	0	0	0	0	0	0	0	0	0	0	0	0	0	0	0
0	0	0	0	0	0.873565685309231	0.552960482111792	0.84687514114033	0.873077223862748	0.772172414103894	0.803097635639098	0	0.87470650175499	0.704733245603045	0.588942722154286	0.762565709511118	0.542523696790893	0	0	0	0	0	0	0	0	0	0	0	0	0	0	0	0	0	0	0	0	0	0	0	0	0	0	0	0	0	0	0	0	0	0	0	0	0	0	0	0	0	0	0	0	0	0	0	0	0	0	0	0	0	0	0	0	0	0	0	0	0	0	0	0	0	0	0	0	0	0	0	0	0
0	0	0.857890107637497	0	0	0	0	0.889791211710454	0.632705682340128	0.714752305577016	0.727288510877687	0.560806414629649	0	0.603596290842904	0.773377719709804	0	0.786990174558223	0.970635255552597	0	0	0	0	0	0	0	0	0	0	0	0	0	0	0	0	0	0	0	0	0	0	0	0	0	0	0	0	0	0	0	0	0	0	0	0	0	0	0	0	0	0	0	0	0	0	0	0	0	0	0	0	0	0	0	0	0	0	0	0	0	0	0	0	0	0	0	0	0	0	0	0
0.742087330167442	0	0	0	0	0	0	0	0.800117403695497	0.785647648717728	0	0.984299040495439	0.928874798915991	0	0.900626066860965	0.709915834519179	0.935920496827696	0.763141458350327	0	0	0	0	0	0	0	0	0	0	0	0	0	0	0	0	0	0	0	0	0	0	0	0	0	0	0	0	0	0	0	0	0	0	0	0	0	0	0	0	0	0	0	0	0	0	0	0	0	0	0	0	0	0	0	0	0	0	0	0	0	0	0	0	0	0	0	0	0	0	0	0
0.75621937018145	0.786282626530157	0	0	0	0	0	0	0	0.841212646649901	0.587034871300581	0.613818051982419	0.783288389170145	0.642157012676654	0	0.781718788140687	0.511188202202758	0.566235126032862	0	0	0	0	0	0	0	0	0	0	0	0	0	0	0	0	0	0	0	0	0	0	0	0	0	0	0	0	0	0	0	0	0	0	0	0	0	0	0	0	0	0	0	0	0	0	0	0	0	0	0	0	0	0	0	0	0	0	0	0	0	0	0	0	0	0	0	0	0	0	0	0
0.710515515893546	0.83745688675654	0.859430937474763	0	0	0	0	0	0	0	0.721800118137826	0.611159617500865	0	0.681919732407644	0.904516615180056	0	0.761344469813321	0.658586923150548	0	0	0	0	0	0	0	0	0	0	0	0	0	0	0	0	0	0	0	0	0	0	0	0	0	0	0	0	0	0	0	0	0	0	0	0	0	0	0	0	0	0	0	0	0	0	0	0	0	0	0	0	0	0	0	0	0	0	0	0	0	0	0	0	0	0	0	0	0	0	0	0
0.923840148484324	0.806579504734024	0.624757513009118	0.72044399701833	0	0	0	0	0	0	0	0.554512144832381	0.910793387020783	0.685318348595672	0.974086922726074	0.983504441671897	0	0.555010040787195	0	0	0	0	0	0	0	0	0	0	0	0	0	0	0	0	0	0	0	0	0	0	0	0	0	0	0	0	0	0	0	0	0	0	0	0	0	0	0	0	0	0	0	0	0	0	0	0	0	0	0	0	0	0	0	0	0	0	0	0	0	0	0	0	0	0	0	0	0	0	0	0
0.666747668988368	0.846201710162873	0	0.940625447011289	0.594071933866298	0	0	0	0	0.839896395586028	0	0	0.5985973278862	0.575565019627845	0.839385111722688	0.903841715209511	0.921986012268554	0	0	0	0	0	0	0	0	0	0	0	0	0	0	0	0	0	0	0	0	0	0	0	0	0	0	0	0	0	0	0	0	0	0	0	0	0	0	0	0	0	0	0	0	0	0	0	0	0	0	0	0	0	0	0	0	0	0	0	0	0	0	0	0	0	0	0	0	0	0	0	0	0
0	0	0	0	0	0	0	0	0	0	0	0	0	0	0	0	0	0	0	0	0.651932148359802	0.826433146771108	0.654630744041996	0	0.506957558553822	0	0	0	0	0	0	0	0.862364111404772	0	0.590650204626242	0.856109655930901	0	0	0	0	0	0	0	0	0	0	0	0	0	0	0	0	0	0	0	0	0	0	0	0	0	0	0	0	0	0	0	0	0	0	0	0	0	0	0	0	0	0	0	0	0	0	0	0	0	0	0	0	0	0
0	0	0	0	0	0	0	0	0	0	0	0	0	0	0	0	0	0	0	0	0.6066770067159	0.647780157475321	0.521381919585007	0	0	0	0	0	0	0	0	0	0	0	0.898381603578267	0	0	0	0	0	0	0	0	0	0	0	0	0	0	0	0	0	0	0	0	0	0	0	0	0	0	0	0	0	0	0	0	0	0	0	0	0	0	0	0	0	0	0	0	0	0	0	0	0	0	0	0	0	0	0
0	0	0	0	0	0	0	0	0	0	0	0	0	0	0	0	0	0	0.862175137076619	0.56661843800095	0	0.764474446126606	0.757777956548537	0.882435687641803	0.954767208281045	0	0	0	0.527537867751805	0	0	0	0	0	0	0	0	0	0	0	0	0	0	0	0	0	0	0	0	0	0	0	0	0	0	0	0	0	0	0	0	0	0	0	0	0	0	0	0	0	0	0	0	0	0	0	0	0	0	0	0	0	0	0	0	0	0	0	0	0
0	0	0	0	0	0	0	0	0	0	0	0	0	0	0	0	0	0	0.624536328293011	0.983272807734852	0.821730351275169	0	0	0.53506000406646	0	0.810092937009565	0	0.614110459449623	0	0	0	0.575322733448215	0	0	0	0	0	0	0	0	0	0	0	0	0	0	0	0	0	0	0	0	0	0	0	0	0	0	0	0	0	0	0	0	0	0	0	0	0	0	0	0	0	0	0	0	0	0	0	0	0	0	0	0	0	0	0	0	0	0
0	0	0	0	0	0	0	0	0	0	0	0	0	0	0	0	0	0	0.892964229285123	0.700270220997262	0.52629639688634	0	0	0	0.764772457309328	0.881487224012235	0	0	0	0	0	0.627758795741258	0	0	0	0	0	0	0	0	0	0	0	0	0	0	0	0	0	0	0	0	0	0	0	0	0	0	0	0	0	0	0	0	0	0	0	0	0	0	0	0	0	0	0	0	0	0	0	0	0	0	0	0	0	0	0	0	0	0
0	0	0	0	0	0	0	0	0	0	0	0	0	0	0	0	0	0	0	0	0.812696442477778	0.802887144021258	0	0	0.733527906409778	0	0	0	0	0.50787568490739	0	0.904017759088356	0	0	0	0.859971370445705	0	0	0	0	0	0	0	0	0	0	0	0	0	0	0	0	0	0	0	0	0	0	0	0	0	0	0	0	0	0	0	0	0	0	0	0	0	0	0	0	0	0	0	0	0	0	0	0	0	0	0	0	0	0
0	0	0	0	0	0	0	0	0	0	0	0	0	0	0	0	0	0	0.545964786029367	0	0.581121045935711	0	0.953037320811092	0.778887118650014	0	0	0.641430631341753	0	0	0	0	0	0.601644782566301	0	0	0	0	0	0	0	0	0	0	0	0	0	0	0	0	0	0	0	0	0	0	0	0	0	0	0	0	0	0	0	0	0	0	0	0	0	0	0	0	0	0	0	0	0	0	0	0	0	0	0	0	0	0	0	0	0
0	0	0	0	0	0	0	0	0	0	0	0	0	0	0	0	0	0	0	0	0	0.804059653106623	0.805778459127543	0	0	0	0	0.712685292355378	0.968259158266482	0	0	0	0	0	0	0	0	0	0	0	0	0	0	0	0	0	0	0	0	0	0	0	0	0	0	0	0	0	0	0	0	0	0	0	0	0	0	0	0	0	0	0	0	0	0	0	0	0	0	0	0	0	0	0	0	0	0	0	0	0
0	0	0	0	0	0	0	0	0	0	0	0	0	0	0	0	0	0	0	0	0	0	0	0	0.678732628086026	0	0	0	0.510541538185193	0.743393864231583	0	0	0.518077717782068	0	0	0.910432123790825	0	0	0	0	0	0	0	0	0	0	0	0	0	0	0	0	0	0	0	0	0	0	0	0	0	0	0	0	0	0	0	0	0	0	0	0	0	0	0	0	0	0	0	0	0	0	0	0	0	0	0	0	0	0
0	0	0	0	0	0	0	0	0	0	0	0	0	0	0	0	0	0	0	0	0	0.586624672951443	0	0	0	0.697539903370464	0	0	0.656933235594181	0	0	0.828517521356419	0	0	0.6277525982266	0	0	0	0	0	0	0	0	0	0	0	0	0	0	0	0	0	0	0	0	0	0	0	0	0	0	0	0	0	0	0	0	0	0	0	0	0	0	0	0	0	0	0	0	0	0	0	0	0	0	0	0	0	0	0
0	0	0	0	0	0	0	0	0	0	0	0	0	0	0	0	0	0	0	0	0.871022626460631	0	0	0	0	0.855470007728327	0.928273207276579	0.561157876211286	0	0.627979730443653	0.715639028060679	0.995692001900903	0	0.939938380934199	0	0.639003915197958	0	0	0	0	0	0	0	0	0	0	0	0	0	0	0	0	0	0	0	0	0	0	0	0	0	0	0	0	0	0	0	0	0	0	0	0	0	0	0	0	0	0	0	0	0	0	0	0	0	0	0	0	0	0
0	0	0	0	0	0	0	0	0	0	0	0	0	0	0	0	0	0	0	0	0	0	0	0.781401869698015	0	0	0.563656635368587	0	0.763368181378045	0	0.834936192319267	0	0	0	0.593629926596212	0	0	0	0	0	0	0	0	0	0	0	0	0	0	0	0	0	0	0	0	0	0	0	0	0	0	0	0	0	0	0	0	0	0	0	0	0	0	0	0	0	0	0	0	0	0	0	0	0	0	0	0	0	0	0
0	0	0	0	0	0	0	0	0	0	0	0	0	0	0	0	0	0	0	0	0	0	0	0	0	0	0	0	0.57880633443104	0.779996760312775	0	0.831956906700124	0.61038402421595	0.570626051606938	0	0	0	0	0	0	0	0	0	0	0	0	0	0	0	0	0	0	0	0	0	0	0	0	0	0	0	0	0	0	0	0	0	0	0	0	0	0	0	0	0	0	0	0	0	0	0	0	0	0	0	0	0	0	0	0
0	0	0	0	0	0	0	0	0	0	0	0	0	0	0	0	0	0	0	0	0	0.602061525363461	0.924145434834241	0.786864744145119	0	0	0	0.851087977159883	0.947949591435065	0	0.800239954610551	0	0.603069629653102	0.94663877562371	0	0	0	0	0	0	0	0	0	0	0	0	0	0	0	0	0	0	0	0	0	0	0	0	0	0	0	0	0	0	0	0	0	0	0	0	0	0	0	0	0	0	0	0	0	0	0	0	0	0	0	0	0	0	0	0
0	0	0	0	0	0	0	0	0	0	0	0	0	0	0	0	0	0	0.889070051300698	0	0	0	0	0	0.914127410527085	0	0.783088303316689	0	0	0	0.508023524958634	0.771777674093627	0	0.573744697323246	0	0	0	0	0	0	0	0	0	0	0	0	0	0	0	0	0	0	0	0	0	0	0	0	0	0	0	0	0	0	0	0	0	0	0	0	0	0	0	0	0	0	0	0	0	0	0	0	0	0	0	0	0	0	0	0
0	0	0	0	0	0	0	0	0	0	0	0	0	0	0	0	0	0	0	0	0	0	0	0	0	0	0	0	0.84924905431959	0	0.679300101379242	0.976115787239684	0.834992398679174	0	0.911833910558481	0.957041316793336	0	0	0	0	0	0	0	0	0	0	0	0	0	0	0	0	0	0	0	0	0	0	0	0	0	0	0	0	0	0	0	0	0	0	0	0	0	0	0	0	0	0	0	0	0	0	0	0	0	0	0	0	0	0
0	0	0	0	0	0	0	0	0	0	0	0	0	0	0	0	0	0	0.607066640027921	0.918061309659422	0	0	0	0	0	0	0	0.903758071791528	0	0.610447288808237	0	0	0	0.938349357943513	0	0.741058730071391	0	0	0	0	0	0	0	0	0	0	0	0	0	0	0	0	0	0	0	0	0	0	0	0	0	0	0	0	0	0	0	0	0	0	0	0	0	0	0	0	0	0	0	0	0	0	0	0	0	0	0	0	0	0
0	0	0	0	0	0	0	0	0	0	0	0	0	0	0	0	0	0	0.628542739190372	0	0	0	0	0.561305497633576	0	0	0.574339697358524	0	0.531462120095458	0	0	0	0	0.71611491730955	0.989089319676272	0	0	0	0	0	0	0	0	0	0	0	0	0	0	0	0	0	0	0	0	0	0	0	0	0	0	0	0	0	0	0	0	0	0	0	0	0	0	0	0	0	0	0	0	0	0	0	0	0	0	0	0	0	0	0
0	0	0	0	0	0	0	0	0	0	0	0	0	0	0	0	0	0	0	0	0	0	0	0	0	0	0	0	0	0	0	0	0	0	0	0	0	0.861468337527315	0.804379602681302	0.815580914090244	0.583701266260305	0.964098304288048	0.771952515060584	0.688444610136478	0	0	0.749754638508075	0.869180597902265	0.748661130019883	0.79124846042672	0	0.53923552527086	0.715943188528233	0.857210194297238	0	0	0	0	0	0	0	0	0	0	0	0	0	0	0	0	0	0	0	0	0	0	0	0	0	0	0	0	0	0	0	0	0	0	0	0
0	0	0	0	0	0	0	0	0	0	0	0	0	0	0	0	0	0	0	0	0	0	0	0	0	0	0	0	0	0	0	0	0	0	0	0	0.729544905191974	0	0.892221367225431	0.985973830059444	0.625478181872983	0.824303068248101	0.68807683809587	0.89241615918261	0.981720493981812	0	0.829785920536061	0	0.729920604341938	0.720006815332685	0.773990929963901	0.824074576439741	0.948337244304297	0	0	0	0	0	0	0	0	0	0	0	0	0	0	0	0	0	0	0	0	0	0	0	0	0	0	0	0	0	0	0	0	0	0	0	0	0
0	0	0	0	0	0	0	0	0	0	0	0	0	0	0	0	0	0	0	0	0	0	0	0	0	0	0	0	0	0	0	0	0	0	0	0	0.771392679015291	0.902463724479414	0	0.516277373469142	0.974219456142605	0	0.919169282967505	0.649638633079598	0.740003391838304	0.938758882070896	0	0.931936350432191	0	0.834022750173281	0	0	0.781169850686503	0.850812920825138	0	0	0	0	0	0	0	0	0	0	0	0	0	0	0	0	0	0	0	0	0	0	0	0	0	0	0	0	0	0	0	0	0	0	0	0
0	0	0	0	0	0	0	0	0	0	0	0	0	0	0	0	0	0	0	0	0	0	0	0	0	0	0	0	0	0	0	0	0	0	0	0	0.682674423705532	0.751701187394149	0.95051598928413	0	0.829862273984593	0.974179486266348	0.940364191291409	0.782719036230172	0.664532122477956	0.642131970806063	0.953588570083473	0	0	0.711025246513053	0.670072189242013	0.910994459791211	0.777651830157381	0.818917382498838	0	0	0	0	0	0	0	0	0	0	0	0	0	0	0	0	0	0	0	0	0	0	0	0	0	0	0	0	0	0	0	0	0	0	0	0
0	0	0	0	0	0	0	0	0	0	0	0	0	0	0	0	0	0	0	0	0	0	0	0	0	0	0	0	0	0	0	0	0	0	0	0	0.922547464899623	0.971398941368708	0.782100399631743	0.523562060580794	0	0.890672531638984	0.554008600272012	0.839282531613567	0.638338987897607	0.627910038624409	0.791126455630941	0.899905999066427	0	0.622120699074315	0	0.526915483428107	0.546010771232337	0	0	0	0	0	0	0	0	0	0	0	0	0	0	0	0	0	0	0	0	0	0	0	0	0	0	0	0	0	0	0	0	0	0	0	0	0
0	0	0	0	0	0	0	0	0	0	0	0	0	0	0	0	0	0	0	0	0	0	0	0	0	0	0	0	0	0	0	0	0	0	0	0	0.570527636560133	0.85153588647558	0	0.850932963790839	0.988836995223954	0	0.752441968552361	0.706497343739569	0.935786428627529	0.591842383438717	0.800150732365002	0.790206249903624	0.876111914078139	0.62202333711532	0.60962621985162	0	0	0.839043949509309	0	0	0	0	0	0	0	0	0	0	0	0	0	0	0	0	0	0	0	0	0	0	0	0	0	0	0	0	0	0	0	0	0	0	0	0
0	0	0	0	0	0	0	0	0	0	0	0	0	0	0	0	0	0	0	0	0	0	0	0	0	0	0	0	0	0	0	0	0	0	0	0	0.597218121549417	0.944091036887658	0.521782931901166	0.987250788558524	0.6900943396125	0.911734968351383	0	0.887013243640816	0.882563380320952	0.563904512766957	0.832597380453061	0.899850947889167	0.981381353512701	0.788410782095503	0.850937224504745	0	0.984036635726015	0.916825786212448	0	0	0	0	0	0	0	0	0	0	0	0	0	0	0	0	0	0	0	0	0	0	0	0	0	0	0	0	0	0	0	0	0	0	0	0
0	0	0	0	0	0	0	0	0	0	0	0	0	0	0	0	0	0	0	0	0	0	0	0	0	0	0	0	0	0	0	0	0	0	0	0	0.688331653608447	0.958828511968907	0.689689375420163	0.886315815429604	0.699123410542919	0.84279267072273	0.678184278606002	0	0.524053573427114	0.579415704112755	0.582720481389224	0.918223588416399	0.764940753348468	0.848214897472082	0.565062838325026	0.505911053898625	0.761934634319279	0.544248189014014	0	0	0	0	0	0	0	0	0	0	0	0	0	0	0	0	0	0	0	0	0	0	0	0	0	0	0	0	0	0	0	0	0	0	0	0
0	0	0	0	0	0	0	0	0	0	0	0	0	0	0	0	0	0	0	0	0	0	0	0	0	0	0	0	0	0	0	0	0	0	0	0	0	0.588209203135553	0.809476321299735	0.603896372924321	0.906295044827459	0.879480355612725	0.909473669850663	0.788935924845853	0	0.808917164840621	0	0.916372276058522	0.921177797704277	0.756085537035011	0.988561434458126	0.551625045002042	0.562037511427408	0	0	0	0	0	0	0	0	0	0	0	0	0	0	0	0	0	0	0	0	0	0	0	0	0	0	0	0	0	0	0	0	0	0	0	0	0
0	0	0	0	0	0	0	0	0	0	0	0	0	0	0	0	0	0	0	0	0	0	0	0	0	0	0	0	0	0	0	0	0	0	0	0	0	0	0.520230597368911	0.949196100223325	0.601798552237919	0.755684086398893	0.655584278821629	0.738560935528928	0.814365375115508	0	0.512044554439156	0.677446703676514	0	0.833298122528079	0.748168027395436	0	0.824143106016229	0.985667557722588	0	0	0	0	0	0	0	0	0	0	0	0	0	0	0	0	0	0	0	0	0	0	0	0	0	0	0	0	0	0	0	0	0	0	0	0
0	0	0	0	0	0	0	0	0	0	0	0	0	0	0	0	0	0	0	0	0	0	0	0	0	0	0	0	0	0	0	0	0	0	0	0	0.944437614936911	0.924536419920911	0	0.849365318371533	0.913640116587346	0.608626448824114	0.815147095051413	0.654640571856481	0	0.846786736856673	0	0.643928732318846	0	0.622821921658423	0.877669498793367	0.559439300698412	0.859291739483819	0.691302779370739	0	0	0	0	0	0	0	0	0	0	0	0	0	0	0	0	0	0	0	0	0	0	0	0	0	0	0	0	0	0	0	0	0	0	0	0
0	0	0	0	0	0	0	0	0	0	0	0	0	0	0	0	0	0	0	0	0	0	0	0	0	0	0	0	0	0	0	0	0	0	0	0	0.782870254283276	0	0.591750282559949	0	0.509901163168026	0.812670392876756	0.993797157317152	0.800105983552408	0.816315402017626	0.530885921447078	0.969581950238528	0	0.639634455080566	0.566286906198006	0.702179429115044	0.698859088308535	0	0.856121219313421	0	0	0	0	0	0	0	0	0	0	0	0	0	0	0	0	0	0	0	0	0	0	0	0	0	0	0	0	0	0	0	0	0	0	0	0
0	0	0	0	0	0	0	0	0	0	0	0	0	0	0	0	0	0	0	0	0	0	0	0	0	0	0	0	0	0	0	0	0	0	0	0	0.54816850168295	0.679451399524098	0	0	0	0.52087652369904	0.577774912892243	0.815483381783259	0.907617361107049	0	0	0.945780291162784	0	0.653473724025359	0	0.906449345369608	0.587545490218023	0.590918504541957	0	0	0	0	0	0	0	0	0	0	0	0	0	0	0	0	0	0	0	0	0	0	0	0	0	0	0	0	0	0	0	0	0	0	0	0
0	0	0	0	0	0	0	0	0	0	0	0	0	0	0	0	0	0	0	0	0	0	0	0	0	0	0	0	0	0	0	0	0	0	0	0	0.800915461895295	0.618725146393545	0.664695340466639	0.794848864004949	0.741133489854277	0.696776558417661	0.718630274414629	0.764613573958822	0.862487381468866	0.786871176846126	0.910574464115273	0.972762719779336	0.558087882835799	0	0.584067028853638	0.760028917442206	0	0.548919277990863	0	0	0	0	0	0	0	0	0	0	0	0	0	0	0	0	0	0	0	0	0	0	0	0	0	0	0	0	0	0	0	0	0	0	0	0
0	0	0	0	0	0	0	0	0	0	0	0	0	0	0	0	0	0	0	0	0	0	0	0	0	0	0	0	0	0	0	0	0	0	0	0	0	0.599568203675841	0	0.983294233760455	0	0.872443349364147	0.570018596230411	0.877426037974217	0.929119561339699	0.686989960179918	0.86455062937649	0.852471237647846	0	0.953618130813773	0	0.554655621305734	0.761039509617267	0.728271565986106	0	0	0	0	0	0	0	0	0	0	0	0	0	0	0	0	0	0	0	0	0	0	0	0	0	0	0	0	0	0	0	0	0	0	0	0
0	0	0	0	0	0	0	0	0	0	0	0	0	0	0	0	0	0	0	0	0	0	0	0	0	0	0	0	0	0	0	0	0	0	0	0	0.987069217582657	0.720309682912267	0	0.927732602762117	0.988303232912217	0	0	0.529596789797936	0.834466870049981	0	0.959971435374952	0.742368307601212	0.870370479570579	0.952705417292376	0.88917043915375	0	0.724722086773231	0.742063180758884	0	0	0	0	0	0	0	0	0	0	0	0	0	0	0	0	0	0	0	0	0	0	0	0	0	0	0	0	0	0	0	0	0	0	0	0
0	0	0	0	0	0	0	0	0	0	0	0	0	0	0	0	0	0	0	0	0	0	0	0	0	0	0	0	0	0	0	0	0	0	0	0	0.570468829736901	0.645980355124498	0.65359437649965	0.717424676875732	0.713858618443237	0	0.995448197427483	0.770307895445154	0.681966878681833	0.618495575848078	0.715788366727319	0	0.974563848100524	0	0.575349248879196	0.582075787881845	0	0.603082121909131	0	0	0	0	0	0	0	0	0	0	0	0	0	0	0	0	0	0	0	0	0	0	0	0	0	0	0	0	0	0	0	0	0	0	0	0
0	0	0	0	0	0	0	0	0	0	0	0	0	0	0	0	0	0	0	0	0	0	0	0	0	0	0	0	0	0	0	0	0	0	0	0	0.754417886636514	0	0.934071878196844	0.82127743560665	0	0.644256527619229	0.761675742145213	0.892860486519365	0	0.843396288938066	0.815909702433028	0.881927560378308	0.932647503605586	0.552987191641013	0.866822320008645	0.764180152389882	0.555396137272253	0	0	0	0	0	0	0	0	0	0	0	0	0	0	0	0	0	0	0	0	0	0	0	0	0	0	0	0	0	0	0	0	0	0	0	0	0
0	0	0	0	0	0	0	0	0	0	0	0	0	0	0	0	0	0	0	0	0	0	0	0	0	0	0	0	0	0	0	0	0	0	0	0	0	0	0	0	0	0	0	0	0	0	0	0	0	0	0	0	0	0	0	0.780649973505429	0.842594579275288	0.677253323733727	0.554683768875639	0	0.830142647534525	0.646076165737098	0	0.915770184196164	0.741482854370354	0.956900736268922	0	0.507708224473895	0.926162235822541	0	0	0.626673141048216	0	0	0	0	0	0	0	0	0	0	0	0	0	0	0	0	0	0
0	0	0	0	0	0	0	0	0	0	0	0	0	0	0	0	0	0	0	0	0	0	0	0	0	0	0	0	0	0	0	0	0	0	0	0	0	0	0	0	0	0	0	0	0	0	0	0	0	0	0	0	0	0	0.613406725028493	0	0.847434269295079	0.975324488117604	0.981852933707865	0	0	0.881826150308169	0	0	0.992490674141923	0.890548100948375	0.871355485442138	0.5630256968038	0	0.617699954804101	0.814477192442569	0.714431317390059	0	0	0	0	0	0	0	0	0	0	0	0	0	0	0	0	0	0
0	0	0	0	0	0	0	0	0	0	0	0	0	0	0	0	0	0	0	0	0	0	0	0	0	0	0	0	0	0	0	0	0	0	0	0	0	0	0	0	0	0	0	0	0	0	0	0	0	0	0	0	0	0	0.87740204624531	0.561255007528668	0	0.508265774705828	0	0.89739808743727	0	0.53695184382686	0	0	0	0.777505606875402	0.733671058125085	0	0	0.765064433819225	0	0	0	0	0	0	0	0	0	0	0	0	0	0	0	0	0	0	0	0
0	0	0	0	0	0	0	0	0	0	0	0	0	0	0	0	0	0	0	0	0	0	0	0	0	0	0	0	0	0	0	0	0	0	0	0	0	0	0	0	0	0	0	0	0	0	0	0	0	0	0	0	0	0	0.602198760892513	0.829716798737104	0.961271174965702	0	0.547964196917197	0.811834345203735	0	0.515695246801458	0.853427982958975	0.724670051759195	0.960443563838112	0.616050615498437	0.680278234642014	0.95888884970887	0	0.999279938642186	0	0	0	0	0	0	0	0	0	0	0	0	0	0	0	0	0	0	0	0
0	0	0	0	0	0	0	0	0	0	0	0	0	0	0	0	0	0	0	0	0	0	0	0	0	0	0	0	0	0	0	0	0	0	0	0	0	0	0	0	0	0	0	0	0	0	0	0	0	0	0	0	0	0	0.962163786962829	0.866566261056421	0	0.583878875816607	0	0.976022400321358	0.530605270962264	0.859109539578849	0	0.971883116988197	0.829555181042376	0.929955826095195	0.977125182532839	0.53711093970217	0.99125178427786	0.926521703573657	0.571792821555927	0.628458937944759	0	0	0	0	0	0	0	0	0	0	0	0	0	0	0	0	0	0
0	0	0	0	0	0	0	0	0	0	0	0	0	0	0	0	0	0	0	0	0	0	0	0	0	0	0	0	0	0	0	0	0	0	0	0	0	0	0	0	0	0	0	0	0	0	0	0	0	0	0	0	0	0	0	0	0.535902160680308	0.616987059371957	0.871288697675077	0	0.816555847457838	0	0.621053982089526	0.622242261207488	0.587652252854401	0.913035891034061	0.810784930084487	0.553886450997054	0	0.735016130651753	0.774629885212244	0.591180347068807	0	0	0	0	0	0	0	0	0	0	0	0	0	0	0	0	0	0
0	0	0	0	0	0	0	0	0	0	0	0	0	0	0	0	0	0	0	0	0	0	0	0	0	0	0	0	0	0	0	0	0	0	0	0	0	0	0	0	0	0	0	0	0	0	0	0	0	0	0	0	0	0	0.838081882403573	0	0	0	0.725541305359541	0.796073096182638	0	0.530716283469283	0.979851770511339	0	0.511409097527212	0	0.655614032832095	0.549364421535405	0.51757156281252	0.927434245447565	0.876552952237082	0.635150334624076	0	0	0	0	0	0	0	0	0	0	0	0	0	0	0	0	0	0
0	0	0	0	0	0	0	0	0	0	0	0	0	0	0	0	0	0	0	0	0	0	0	0	0	0	0	0	0	0	0	0	0	0	0	0	0	0	0	0	0	0	0	0	0	0	0	0	0	0	0	0	0	0	0.720501861405519	0.807877076015766	0.984212800272239	0.588443674827479	0.745758557410076	0	0.860977543833191	0	0.884531575709432	0.894765250217086	0.981254910113991	0	0	0.761014607784165	0.831589449787918	0.517091142451809	0	0.921854181693378	0	0	0	0	0	0	0	0	0	0	0	0	0	0	0	0	0	0
0	0	0	0	0	0	0	0	0	0	0	0	0	0	0	0	0	0	0	0	0	0	0	0	0	0	0	0	0	0	0	0	0	0	0	0	0	0	0	0	0	0	0	0	0	0	0	0	0	0	0	0	0	0	0	0	0	0.751663084084654	0	0.576807926207583	0.766071797147023	0.593276640983927	0	0.768463676583902	0.547302986793578	0.991659324685927	0.792158073761447	0	0.642534292484516	0	0.663678460029257	0	0	0	0	0	0	0	0	0	0	0	0	0	0	0	0	0	0	0
0	0	0	0	0	0	0	0	0	0	0	0	0	0	0	0	0	0	0	0	0	0	0	0	0	0	0	0	0	0	0	0	0	0	0	0	0	0	0	0	0	0	0	0	0	0	0	0	0	0	0	0	0	0	0.687442003445824	0	0	0.624647021486358	0.654918609656921	0.655151217461371	0	0.991704563755028	0.60617564267195	0	0	0	0.601076453928336	0.951649112334158	0	0.692520297845575	0.625380281220872	0.732598264528354	0	0	0	0	0	0	0	0	0	0	0	0	0	0	0	0	0	0
0	0	0	0	0	0	0	0	0	0	0	0	0	0	0	0	0	0	0	0	0	0	0	0	0	0	0	0	0	0	0	0	0	0	0	0	0	0	0	0	0	0	0	0	0	0	0	0	0	0	0	0	0	0	0.508446520818498	0.806051051771135	0	0.713814912032462	0.549756009371735	0.997924841249473	0.989441719738559	0.963106813780549	0.887027717054356	0	0	0	0.736635695727095	0.852901579839849	0.794688602464101	0.645052812448026	0.589472201434163	0.651188946603672	0	0	0	0	0	0	0	0	0	0	0	0	0	0	0	0	0	0
0	0	0	0	0	0	0	0	0	0	0	0	0	0	0	0	0	0	0	0	0	0	0	0	0	0	0	0	0	0	0	0	0	0	0	0	0	0	0	0	0	0	0	0	0	0	0	0	0	0	0	0	0	0	0.654359099892629	0.850401005583443	0.700196676057133	0.732692593376466	0.883778259163838	0.770607789795104	0	0	0.705919125352808	0	0	0	0.538773312349609	0	0.731597798979708	0.844424420205005	0.730524258911867	0.876390530381314	0	0	0	0	0	0	0	0	0	0	0	0	0	0	0	0	0	0
0	0	0	0	0	0	0	0	0	0	0	0	0	0	0	0	0	0	0	0	0	0	0	0	0	0	0	0	0	0	0	0	0	0	0	0	0	0	0	0	0	0	0	0	0	0	0	0	0	0	0	0	0	0	0	0.974165878061874	0.848171610625907	0.673762152458766	0.879307402700163	0.627436062942432	0.775826848850057	0	0.825049315356149	0.701838366788737	0.612440770226704	0.739322218536795	0	0	0	0.812196108595218	0.777629650248641	0.715665190797609	0	0	0	0	0	0	0	0	0	0	0	0	0	0	0	0	0	0
0	0	0	0	0	0	0	0	0	0	0	0	0	0	0	0	0	0	0	0	0	0	0	0	0	0	0	0	0	0	0	0	0	0	0	0	0	0	0	0	0	0	0	0	0	0	0	0	0	0	0	0	0	0	0.937141240610364	0.590200503439261	0	0.927089562288411	0.547468016453521	0.876814243286302	0.569756177199259	0.551592573441119	0	0.662928446421179	0.90559181599906	0	0	0	0.797780638175158	0.906277698167715	0	0	0	0	0	0	0	0	0	0	0	0	0	0	0	0	0	0	0	0
0	0	0	0	0	0	0	0	0	0	0	0	0	0	0	0	0	0	0	0	0	0	0	0	0	0	0	0	0	0	0	0	0	0	0	0	0	0	0	0	0	0	0	0	0	0	0	0	0	0	0	0	0	0	0.959373791641773	0	0	0	0.768112651167493	0	0.55801951499829	0.954477609972009	0.535603657994544	0	0.658075706962072	0.746920150522928	0	0.525153621254742	0	0	0.789230893978562	0.902894537728479	0	0	0	0	0	0	0	0	0	0	0	0	0	0	0	0	0	0
0	0	0	0	0	0	0	0	0	0	0	0	0	0	0	0	0	0	0	0	0	0	0	0	0	0	0	0	0	0	0	0	0	0	0	0	0	0	0	0	0	0	0	0	0	0	0	0	0	0	0	0	0	0	0	0.516669401824094	0.710058362814594	0.866979112701525	0.695015069651691	0.588986664445041	0.733163705457001	0.907331230995927	0	0.967579083567231	0.556321530052986	0.99586028414966	0.590392416460589	0.625554579500974	0	0	0	0.571713082516827	0	0	0	0	0	0	0	0	0	0	0	0	0	0	0	0	0	0
0	0	0	0	0	0	0	0	0	0	0	0	0	0	0	0	0	0	0	0	0	0	0	0	0	0	0	0	0	0	0	0	0	0	0	0	0	0	0	0	0	0	0	0	0	0	0	0	0	0	0	0	0	0	0	0.850999705935158	0	0	0.665662381848798	0.869957009479178	0.560268950019893	0	0.997586148001286	0.849328001095076	0.576120003788989	0.655149963905899	0.846250218199558	0	0.501612542565767	0	0	0.578799526277488	0	0	0	0	0	0	0	0	0	0	0	0	0	0	0	0	0	0
0	0	0	0	0	0	0	0	0	0	0	0	0	0	0	0	0	0	0	0	0	0	0	0	0	0	0	0	0	0	0	0	0	0	0	0	0	0	0	0	0	0	0	0	0	0	0	0	0	0	0	0	0	0	0.749188367382707	0.837304713830545	0	0	0.700390112627747	0.917324903906853	0.607534285965656	0.666655564795674	0	0.99887176709184	0.694172386226922	0.628879650912616	0.813473774603312	0	0.714079120165044	0.975052904265233	0.771744949268976	0	0	0	0	0	0	0	0	0	0	0	0	0	0	0	0	0	0	0
0	0	0	0	0	0	0	0	0	0	0	0	0	0	0	0	0	0	0	0	0	0	0	0	0	0	0	0	0	0	0	0	0	0	0	0	0	0	0	0	0	0	0	0	0	0	0	0	0	0	0	0	0	0	0	0	0	0	0	0	0	0	0	0	0	0	0	0	0	0	0	0	0	0.581298417431477	0.683065062650801	0.767480394103964	0.977864045028741	0	0	0	0	0	0	0	0	0	0.917204548772747	0.837754300740137	0.931983998780075	0.525257073116715
0	0	0	0	0	0	0	0	0	0	0	0	0	0	0	0	0	0	0	0	0	0	0	0	0	0	0	0	0	0	0	0	0	0	0	0	0	0	0	0	0	0	0	0	0	0	0	0	0	0	0	0	0	0	0	0	0	0	0	0	0	0	0	0	0	0	0	0	0	0	0	0	0.542404842100318	0	0.902568746947712	0.953479577393588	0.55920558015376	0	0	0	0	0	0	0	0	0.894994094445593	0	0.874925419143308	0.829987119212111	0.630902412121341
0	0	0	0	0	0	0	0	0	0	0	0	0	0	0	0	0	0	0	0	0	0	0	0	0	0	0	0	0	0	0	0	0	0	0	0	0	0	0	0	0	0	0	0	0	0	0	0	0	0	0	0	0	0	0	0	0	0	0	0	0	0	0	0	0	0	0	0	0	0	0	0	0.584052322441181	0.649445217326704	0	0.813823109867044	0.948267062982865	0.789963454986285	0.866199450279775	0	0	0	0	0	0	0	0	0	0.536278445438705	0.744548651530567
0	0	0	0	0	0	0	0	0	0	0	0	0	0	0	0	0	0	0	0	0	0	0	0	0	0	0	0	0	0	0	0	0	0	0	0	0	0	0	0	0	0	0	0	0	0	0	0	0	0	0	0	0	0	0	0	0	0	0	0	0	0	0	0	0	0	0	0	0	0	0	0	0.546606242491547	0.508693519650376	0.696703016120095	0	0.870695422622801	0.648205616649252	0.556049051535132	0.793289802777445	0	0	0	0	0	0	0	0	0	0.870982532738137
0	0	0	0	0	0	0	0	0	0	0	0	0	0	0	0	0	0	0	0	0	0	0	0	0	0	0	0	0	0	0	0	0	0	0	0	0	0	0	0	0	0	0	0	0	0	0	0	0	0	0	0	0	0	0	0	0	0	0	0	0	0	0	0	0	0	0	0	0	0	0	0	0.990491811694832	0.800908225561407	0.602074695460337	0.633298043838055	0	0.631432168951403	0.791282251375709	0.945831436508752	0.982661393600378	0	0	0	0	0	0	0	0	0
0	0	0	0	0	0	0	0	0	0	0	0	0	0	0	0	0	0	0	0	0	0	0	0	0	0	0	0	0	0	0	0	0	0	0	0	0	0	0	0	0	0	0	0	0	0	0	0	0	0	0	0	0	0	0	0	0	0	0	0	0	0	0	0	0	0	0	0	0	0	0	0	0	0	0.799577109832224	0.87212870407703	0.572438983514025	0	0.722194643002186	0.675088386812767	0.724283149203055	0.559423681345296	0	0	0	0	0	0	0	0
0	0	0	0	0	0	0	0	0	0	0	0	0	0	0	0	0	0	0	0	0	0	0	0	0	0	0	0	0	0	0	0	0	0	0	0	0	0	0	0	0	0	0	0	0	0	0	0	0	0	0	0	0	0	0	0	0	0	0	0	0	0	0	0	0	0	0	0	0	0	0	0	0	0	0.74492613633809	0.904902886274122	0.589454601959256	0.550460229055346	0	0.996443766673716	0.735834827840153	0.974783588178209	0.9196179872058	0	0	0	0	0	0	0
0	0	0	0	0	0	0	0	0	0	0	0	0	0	0	0	0	0	0	0	0	0	0	0	0	0	0	0	0	0	0	0	0	0	0	0	0	0	0	0	0	0	0	0	0	0	0	0	0	0	0	0	0	0	0	0	0	0	0	0	0	0	0	0	0	0	0	0	0	0	0	0	0	0	0	0.642230676568349	0.580509844280346	0.569244323682885	0.808344490252241	0	0.863473287710724	0.980573588769931	0.570375880088776	0.864758557599588	0	0	0	0	0	0
0	0	0	0	0	0	0	0	0	0	0	0	0	0	0	0	0	0	0	0	0	0	0	0	0	0	0	0	0	0	0	0	0	0	0	0	0	0	0	0	0	0	0	0	0	0	0	0	0	0	0	0	0	0	0	0	0	0	0	0	0	0	0	0	0	0	0	0	0	0	0	0	0	0	0	0	0.504957416754827	0.714408829899097	0.662556611023938	0.927259024735773	0	0.53946478644185	0.970890613638167	0	0.720406888043133	0	0	0.834646613306861	0	0
0	0	0	0	0	0	0	0	0	0	0	0	0	0	0	0	0	0	0	0	0	0	0	0	0	0	0	0	0	0	0	0	0	0	0	0	0	0	0	0	0	0	0	0	0	0	0	0	0	0	0	0	0	0	0	0	0	0	0	0	0	0	0	0	0	0	0	0	0	0	0	0	0	0	0	0	0	0.942999030844081	0.665168463349496	0.728556384412518	0.69016998378338	0	0.57517476356622	0.676357896191586	0.769330102888549	0.866691955167122	0	0	0	0
0	0	0	0	0	0	0	0	0	0	0	0	0	0	0	0	0	0	0	0	0	0	0	0	0	0	0	0	0	0	0	0	0	0	0	0	0	0	0	0	0	0	0	0	0	0	0	0	0	0	0	0	0	0	0	0	0	0	0	0	0	0	0	0	0	0	0	0	0	0	0	0	0	0	0	0	0	0	0.967172419223981	0.69584710894221	0.626195032135346	0.828268698586569	0	0.661399489266298	0.926942944654298	0.51729691087255	0.626230770567446	0	0	0
0	0	0	0	0	0	0	0	0	0	0	0	0	0	0	0	0	0	0	0	0	0	0	0	0	0	0	0	0	0	0	0	0	0	0	0	0	0	0	0	0	0	0	0	0	0	0	0	0	0	0	0	0	0	0	0	0	0	0	0	0	0	0	0	0	0	0	0	0	0	0	0	0	0	0	0	0	0	0	0.947406640665698	0	0.896179243422013	0.777324355273938	0	0.900471152405306	0.98053793946338	0.512934794000771	0.637366697330212	0	0
0	0	0	0	0	0	0	0	0	0	0	0	0	0	0	0	0	0	0	0	0	0	0	0	0	0	0	0	0	0	0	0	0	0	0	0	0	0	0	0	0	0	0	0	0	0	0	0	0	0	0	0	0	0	0	0	0	0	0	0	0	0	0	0	0	0	0	0	0	0	0	0	0	0	0	0	0	0	0	0	0.574011421984105	0.779187090059638	0.938321439454561	0.970426540668867	0	0.521251124669378	0.903210173742903	0.728101295355638	0.973404228055961	0
0	0	0	0	0	0	0	0	0	0	0	0	0	0	0	0	0	0	0	0	0	0	0	0	0	0	0	0	0	0	0	0	0	0	0	0	0	0	0	0	0	0	0	0	0	0	0	0	0	0	0	0	0	0	0	0	0	0	0	0	0	0	0	0	0	0	0	0	0	0	0	0	0	0.602085478913919	0	0	0	0	0	0	0	0.569094908387813	0.87804762816808	0.848532209897458	0.957636233259711	0	0.691000185486365	0.881203991175141	0.543273311252002	0.523788433853673
0	0	0	0	0	0	0	0	0	0	0	0	0	0	0	0	0	0	0	0	0	0	0	0	0	0	0	0	0	0	0	0	0	0	0	0	0	0	0	0	0	0	0	0	0	0	0	0	0	0	0	0	0	0	0	0	0	0	0	0	0	0	0	0	0	0	0	0	0	0	0	0	0.883320986118267	0	0	0	0	0	0	0	0	0	0.588551702392388	0.839202033509133	0.885432286187358	0.554408665369436	0	0.519574184478671	0.785096047275631	0.738520869135838
0	0	0	0	0	0	0	0	0	0	0	0	0	0	0	0	0	0	0	0	0	0	0	0	0	0	0	0	0	0	0	0	0	0	0	0	0	0	0	0	0	0	0	0	0	0	0	0	0	0	0	0	0	0	0	0	0	0	0	0	0	0	0	0	0	0	0	0	0	0	0	0	0.949283055807174	0.689108426484607	0	0	0	0	0	0	0.699615308018881	0	0	0.520450483016109	0.934925060674342	0.535158781351433	0.82703052867938	0	0.686160006890951	0.697422985235393
0	0	0	0	0	0	0	0	0	0	0	0	0	0	0	0	0	0	0	0	0	0	0	0	0	0	0	0	0	0	0	0	0	0	0	0	0	0	0	0	0	0	0	0	0	0	0	0	0	0	0	0	0	0	0	0	0	0	0	0	0	0	0	0	0	0	0	0	0	0	0	0	0.978684792792488	0.607008201436087	0.676948232905886	0	0	0	0	0	0	0	0	0	0.836976660924355	0.654952422085911	0.733160197857608	0.872371218434385	0	0.530475966440786
0	0	0	0	0	0	0	0	0	0	0	0	0	0	0	0	0	0	0	0	0	0	0	0	0	0	0	0	0	0	0	0	0	0	0	0	0	0	0	0	0	0	0	0	0	0	0	0	0	0	0	0	0	0	0	0	0	0	0	0	0	0	0	0	0	0	0	0	0	0	0	0	0.603161469634336	0.600652022950259	0.88083035534996	0.896275132822951	0	0	0	0	0	0	0	0	0	0.558980863210295	0.874419474317562	0.92175316983272	0.686343982500755	0
