0	0	0.797079292995684	0.674546338532104	0.767265821404393	0.785406501707778	0.515712664747871	0	0	0	0	0.594491433221524	0	0.903536827704373	0	0	0.623172945863521	0.561449284585147	0	0.636292691862686	0	0.807837807860243	0	0.842566552348484	0	0.877578050033003	0.566846863243907	0	0.657113616116114	0.758469135683312	0	0	0	0	0	0	0	0	0	0	0	0	0	0	0	0	0	0	0	0	0	0	0	0	0	0	0	0	0	0	0	0	0	0	0	0	0	0	0	0	0	0	0	0	0	0	0	0	0	0	0	0	0	0	0	0	0	0	0	0
0	0	0.797592333973735	0.708722679562057	0.964986274473483	0.996995876878041	0	0	0.709090429973114	0	0	0	0	0	0	0.87997695287011	0	0	0	0	0	0	0.661335088235732	0	0.978653749079872	0	0.59113869678931	0.98186500152795	0.526663282098653	0.585071499246395	0	0	0	0	0	0	0	0	0	0	0	0	0	0	0	0	0	0	0	0	0	0	0	0	0	0	0	0	0	0	0	0	0	0	0	0	0	0	0	0	0	0	0	0	0	0	0	0	0	0	0	0	0	0	0	0	0	0	0	0
0.820879656352815	0.870344144281295	0	0	0	0.902033571131405	0.936776844307712	0.965900914652402	0.68728655480802	0.502250017805501	0	0	0	0	0	0	0	0.621236697326824	0.650247825176893	0	0	0	0	0	0	0	0	0	0.642478118015654	0	0	0	0	0	0	0	0	0	0	0	0	0	0	0	0	0	0	0	0	0	0	0	0	0	0	0	0	0	0	0	0	0	0	0	0	0	0	0	0	0	0	0	0	0	0	0	0	0	0	0	0	0	0	0	0	0	0	0	0	0
0.673632198033879	0.960193588759737	0	0	0	0.620637488250013	0.542473586515335	0.834330209315416	0.814791614636964	0.918555246284595	0	0	0	0	0	0.839664522662174	0	0	0	0	0	0	0	0.782757541921295	0	0	0	0.597345330075515	0.877281727311873	0.549877874606964	0	0	0	0	0	0	0	0	0	0	0	0	0	0	0	0	0	0	0	0	0	0	0	0	0	0	0	0	0	0	0	0	0	0	0	0	0	0	0	0	0	0	0	0	0	0	0	0	0	0	0	0	0	0	0	0	0	0	0	0
0.799929614311285	0.977209186004357	0	0	0	0.840394654613013	0.638487923821975	0.986697926641107	0	0.543351680537604	0.650247057004075	0.514218103135431	0	0.848539522311835	0	0	0	0	0	0	0.540540671446668	0	0	0	0	0	0.746523424123249	0	0.907427846826112	0	0	0	0	0	0	0	0	0	0	0	0	0	0	0	0	0	0	0	0	0	0	0	0	0	0	0	0	0	0	0	0	0	0	0	0	0	0	0	0	0	0	0	0	0	0	0	0	0	0	0	0	0	0	0	0	0	0	0	0	0
0.748039179547496	0.962732540890784	0.561542215281669	0.892903446346409	0.784567452063466	0	0.667535596762364	0.859682424724736	0.628878498059128	0	0.956105037734888	0.5111210417197	0.526784413363833	0	0	0	0	0	0	0	0	0	0	0.827248495792742	0.953353448088686	0.826143066214881	0	0	0	0.966624511131124	0	0	0	0	0	0	0	0	0	0	0	0	0	0	0	0	0	0	0	0	0	0	0	0	0	0	0	0	0	0	0	0	0	0	0	0	0	0	0	0	0	0	0	0	0	0	0	0	0	0	0	0	0	0	0	0	0	0	0	0
0.535859900027036	0	0.747914734922055	0.76840274920333	0.767392293305449	0.663993767391217	0	0.896687847635972	0	0.888626527503674	0.668457394533676	0	0.837699742966729	0.962323698113349	0.832529741305438	0	0	0	0	0	0	0	0.539748581376239	0	0.514321166880281	0	0	0.765075071943891	0.960737560592147	0	0	0	0	0	0	0	0	0	0	0	0	0	0	0	0	0	0	0	0	0	0	0	0	0	0	0	0	0	0	0	0	0	0	0	0	0	0	0	0	0	0	0	0	0	0	0	0	0	0	0	0	0	0	0	0	0	0	0	0	0
0	0	0.94639809796926	0.656740235025549	0.540433235077329	0.699851573113603	0.694107910299772	0	0.8195517484626	0.654208981016026	0	0.939196549493764	0.899949431802312	0.830930718106876	0.691875062117831	0	0	0	0	0	0	0	0	0	0.842322639450683	0	0.855708236202225	0	0	0.966312116363059	0	0	0	0	0	0	0	0	0	0	0	0	0	0	0	0	0	0	0	0	0	0	0	0	0	0	0	0	0	0	0	0	0	0	0	0	0	0	0	0	0	0	0	0	0	0	0	0	0	0	0	0	0	0	0	0	0	0	0	0
0	0.568840084637781	0.715816785083999	0.865054388620513	0	0.793798896629656	0	0.953208285343988	0	0.648492885204654	0.782682445557566	0	0	0.741393211841668	0.762408806368865	0.853934751560214	0	0	0	0	0.575788555794826	0	0.937306289857512	0	0	0	0.547075198173806	0.939376665160163	0	0	0	0	0	0	0	0	0	0	0	0	0	0	0	0	0	0	0	0	0	0	0	0	0	0	0	0	0	0	0	0	0	0	0	0	0	0	0	0	0	0	0	0	0	0	0	0	0	0	0	0	0	0	0	0	0	0	0	0	0	0
0	0	0.809439838870657	0.652722984203004	0.890832170170261	0	0.975482538112257	0.892176479347594	0.644609688486602	0	0.602697899161833	0.633452554512702	0.609320699491845	0	0	0.54083008247958	0.894190670671353	0	0	0	0	0.917302368270517	0.879453698799551	0	0	0	0.970271760893147	0.924368386287016	0	0	0	0	0	0	0	0	0	0	0	0	0	0	0	0	0	0	0	0	0	0	0	0	0	0	0	0	0	0	0	0	0	0	0	0	0	0	0	0	0	0	0	0	0	0	0	0	0	0	0	0	0	0	0	0	0	0	0	0	0	0
0	0	0	0	0.864809366861269	0.655329074137713	0.568483176174628	0	0.700525435542177	0.978875488661523	0	0.534066200948215	0	0	0.686645951221836	0.942806811972076	0	0.933886308445308	0.821460543252733	0	0.641905090198854	0	0	0.974578309938542	0.640421693603118	0	0	0	0	0.598509304101521	0	0	0	0	0	0	0	0	0	0	0	0	0	0	0	0	0	0	0	0	0	0	0	0	0	0	0	0	0	0	0	0	0	0	0	0	0	0	0	0	0	0	0	0	0	0	0	0	0	0	0	0	0	0	0	0	0	0	0	0
0.53438589446875	0	0	0	0.995285526732509	0.516955926443916	0	0.607644191816263	0	0.942422136371728	0.807393082264204	0	0.520693534225108	0.914367641647809	0	0.762818532613406	0.889545770486372	0.515923643261962	0.924704477622602	0	0	0.501517669071754	0	0.633624584298843	0	0.934594404588464	0	0	0	0	0	0	0	0	0	0	0	0	0	0	0	0	0	0	0	0	0	0	0	0	0	0	0	0	0	0	0	0	0	0	0	0	0	0	0	0	0	0	0	0	0	0	0	0	0	0	0	0	0	0	0	0	0	0	0	0	0	0	0	0
0	0	0	0	0	0.555601588721514	0.756262364249241	0.704473370231065	0	0.67948864905028	0	0.618277725050654	0	0.920653814380575	0.535006244918362	0.600426282517418	0.638353262296774	0.600419151524896	0.604809324156632	0.82125734619884	0	0.545340863096205	0	0	0	0	0	0	0	0.809571486906959	0	0	0	0	0	0	0	0	0	0	0	0	0	0	0	0	0	0	0	0	0	0	0	0	0	0	0	0	0	0	0	0	0	0	0	0	0	0	0	0	0	0	0	0	0	0	0	0	0	0	0	0	0	0	0	0	0	0	0	0
0.675645021674468	0	0	0	0.535025175723161	0	0.683014505330903	0.839631468413486	0.892064212538668	0	0	0.808870766651719	0.58962436542359	0	0.755072014236397	0.587084980781698	0.66924363867928	0	0.7332002430417	0	0.693214286540041	0	0	0.837910993716508	0.757697281304845	0	0	0	0	0	0	0	0	0	0	0	0	0	0	0	0	0	0	0	0	0	0	0	0	0	0	0	0	0	0	0	0	0	0	0	0	0	0	0	0	0	0	0	0	0	0	0	0	0	0	0	0	0	0	0	0	0	0	0	0	0	0	0	0	0
0	0	0	0	0	0	0.640821209690502	0.686543079558168	0.921227228808114	0	0.607319062057703	0	0.621270211042247	0.63463350533894	0	0.813048138595942	0	0.541874305266568	0.846548725151501	0.632894731838216	0.881920623380321	0.934276236745553	0	0	0	0	0.558106523703428	0.794387889556073	0	0	0	0	0	0	0	0	0	0	0	0	0	0	0	0	0	0	0	0	0	0	0	0	0	0	0	0	0	0	0	0	0	0	0	0	0	0	0	0	0	0	0	0	0	0	0	0	0	0	0	0	0	0	0	0	0	0	0	0	0	0
0	0.591072280271205	0	0.694423857661187	0	0	0	0	0.736232629266782	0.657948504465491	0.845208453886861	0.719147467730058	0.826139284018719	0.667555935286513	0.591791708661136	0	0.629080967307561	0.735439092179944	0	0.959845694035658	0.733592540342168	0.637811208734213	0.782507635405528	0.841016104175604	0	0	0	0	0	0	0	0	0	0	0	0	0	0	0	0	0	0	0	0	0	0	0	0	0	0	0	0	0	0	0	0	0	0	0	0	0	0	0	0	0	0	0	0	0	0	0	0	0	0	0	0	0	0	0	0	0	0	0	0	0	0	0	0	0	0
0.683094707862181	0	0	0	0	0	0	0	0	0.78741136682123	0	0.942881980693028	0.759820160136743	0.919876778513143	0	0.812718861190271	0	0.51416612467876	0.63386000779304	0.745714776766588	0	0	0	0.878768454547053	0	0.505367668530649	0.924755308761926	0	0	0.620506223860659	0	0	0	0	0	0	0	0	0	0	0	0	0	0	0	0	0	0	0	0	0	0	0	0	0	0	0	0	0	0	0	0	0	0	0	0	0	0	0	0	0	0	0	0	0	0	0	0	0	0	0	0	0	0	0	0	0	0	0	0
0.915853987651806	0	0.549054061337057	0	0	0	0	0	0	0	0.917383340735918	0.954612653105139	0.517759930660756	0	0.683825227313741	0.506635073375733	0.639224885880364	0	0.8105449627363	0.847596289081727	0.507990298108091	0.60123849165686	0	0.881776979412238	0.824110954942627	0	0	0	0	0	0	0	0	0	0	0	0	0	0	0	0	0	0	0	0	0	0	0	0	0	0	0	0	0	0	0	0	0	0	0	0	0	0	0	0	0	0	0	0	0	0	0	0	0	0	0	0	0	0	0	0	0	0	0	0	0	0	0	0	0
0	0	0.568181342490887	0	0	0	0	0	0	0	0.871885890826914	0.726156104486998	0.958724550360998	0.536270384150585	0.829954780521397	0	0.794483943548673	0.745838204279971	0	0.701162391086251	0	0.625909527459092	0.766667343514901	0.822171152243876	0.508424185292514	0.712664604090289	0	0	0	0	0	0	0	0	0	0	0	0	0	0	0	0	0	0	0	0	0	0	0	0	0	0	0	0	0	0	0	0	0	0	0	0	0	0	0	0	0	0	0	0	0	0	0	0	0	0	0	0	0	0	0	0	0	0	0	0	0	0	0	0
0.890273575286608	0	0	0	0	0	0	0	0	0	0	0	0.664252849027018	0	0.726035291265703	0.592283092503617	0.642223711173471	0.756785141961961	0.917573922209054	0	0	0.982894004912212	0.836342758595878	0.907838646459226	0.934863111745878	0.838436993417264	0.681513212841275	0	0	0	0	0	0	0	0	0	0	0	0	0	0	0	0	0	0	0	0	0	0	0	0	0	0	0	0	0	0	0	0	0	0	0	0	0	0	0	0	0	0	0	0	0	0	0	0	0	0	0	0	0	0	0	0	0	0	0	0	0	0	0
0	0	0	0	0.630989119403812	0	0	0	0.929369992380062	0	0.80892940128086	0	0	0.698522092776104	0.959002865425993	0.967870223803454	0	0.751640910422325	0	0	0	0.748604621299565	0.900964816516644	0	0.862917119962159	0.541930788711215	0.624581625702861	0	0	0	0	0	0	0	0	0	0	0	0	0	0	0	0	0	0	0	0	0	0	0	0	0	0	0	0	0	0	0	0	0	0	0	0	0	0	0	0	0	0	0	0	0	0	0	0	0	0	0	0	0	0	0	0	0	0	0	0	0	0	0
0.85836692053306	0	0	0	0	0	0	0	0	0.947090876184351	0	0.55220578890665	0.803655069535623	0	0.825652614493588	0.786122072876953	0	0.838787395397037	0.705326376104873	0.595211701989834	0.712975614291115	0	0.595633955678559	0	0.635108011532127	0.583321965834958	0.845582902519133	0.91487335005262	0.824142536599304	0	0	0	0	0	0	0	0	0	0	0	0	0	0	0	0	0	0	0	0	0	0	0	0	0	0	0	0	0	0	0	0	0	0	0	0	0	0	0	0	0	0	0	0	0	0	0	0	0	0	0	0	0	0	0	0	0	0	0	0	0
0	0.994023492200678	0	0	0	0	0.60876538008349	0	0.796448743744699	0.712830552327726	0	0	0	0	0	0.990027330531838	0	0	0.828188913954516	0.673794803010523	0.591200700119813	0.553386230677505	0	0	0.770748594250225	0	0.787163750410943	0.716075549266023	0.812283462773779	0.761119661736182	0	0	0	0	0	0	0	0	0	0	0	0	0	0	0	0	0	0	0	0	0	0	0	0	0	0	0	0	0	0	0	0	0	0	0	0	0	0	0	0	0	0	0	0	0	0	0	0	0	0	0	0	0	0	0	0	0	0	0	0
0.626214425333292	0	0	0.99081546192889	0	0.646442260002785	0	0	0	0	0.945517462778178	0.574046339043984	0	0.798070445947547	0	0.809239058972119	0.982329066026779	0.861604120702554	0.863722106853118	0.731722968313494	0	0	0	0	0.576477832866496	0.545447324348226	0.686316149804101	0.577592554138278	0.853889336665493	0.817530939282784	0	0	0	0	0	0	0	0	0	0	0	0	0	0	0	0	0	0	0	0	0	0	0	0	0	0	0	0	0	0	0	0	0	0	0	0	0	0	0	0	0	0	0	0	0	0	0	0	0	0	0	0	0	0	0	0	0	0	0	0
0	0.595426758994644	0	0	0	0.78375412652235	0.724741466165807	0.920960088064769	0	0	0.585611075948466	0	0	0.675712760731478	0	0	0	0.767894683007096	0.874659160909697	0.554795017759581	0.88315181653554	0.942089548911839	0.604726822132368	0.639701411777548	0	0.612049659119482	0.68810936733541	0.806181084965283	0	0.673699057600246	0	0	0	0	0	0	0	0	0	0	0	0	0	0	0	0	0	0	0	0	0	0	0	0	0	0	0	0	0	0	0	0	0	0	0	0	0	0	0	0	0	0	0	0	0	0	0	0	0	0	0	0	0	0	0	0	0	0	0	0
0.966979948765413	0	0	0	0	0.817403833283328	0	0	0	0	0	0.733537173969134	0	0	0	0	0.905756486904967	0	0.571649445625296	0.972691501647392	0.865234800258083	0.798823781933554	0	0.640571050833824	0.56314279635466	0	0.705924181745398	0.692832081075599	0.582637535637494	0.609311536986516	0	0	0	0	0	0	0	0	0	0	0	0	0	0	0	0	0	0	0	0	0	0	0	0	0	0	0	0	0	0	0	0	0	0	0	0	0	0	0	0	0	0	0	0	0	0	0	0	0	0	0	0	0	0	0	0	0	0	0	0
0.965153203051871	0.804828417473696	0	0	0.957772157699715	0	0	0.722028433362248	0.883553532796026	0.7724612018002	0	0	0	0	0.862809460369779	0	0.811928439805819	0	0	0.854502389438264	0.892845666895625	0.659378753092249	0.599940054961182	0.972172938019097	0.797929652070309	0.588642733890641	0	0	0.534518789336667	0	0	0	0	0	0	0	0	0	0	0	0	0	0	0	0	0	0	0	0	0	0	0	0	0	0	0	0	0	0	0	0	0	0	0	0	0	0	0	0	0	0	0	0	0	0	0	0	0	0	0	0	0	0	0	0	0	0	0	0	0
0	0.585538598427542	0	0.504145408834421	0	0	0.569232719619449	0	0.936688863217669	0.608356973420016	0	0	0	0	0.679347335364432	0	0	0	0	0	0	0.624806135714587	0.636908416781713	0.799336358950897	0.845424200462874	0.80732119181643	0	0	0	0.978620115699373	0	0	0	0	0	0	0	0	0	0	0	0	0	0	0	0	0	0	0	0	0	0	0	0	0	0	0	0	0	0	0	0	0	0	0	0	0	0	0	0	0	0	0	0	0	0	0	0	0	0	0	0	0	0	0	0	0	0	0	0
0.59454111453849	0.759656376397008	0.766596036015619	0.567169813614429	0.933427667541776	0	0.724657393893917	0	0	0	0	0	0	0	0	0	0	0	0	0	0	0.641145739467596	0.685855457846195	0.554406338583273	0	0.734354951779628	0.527801715601054	0	0	0.723090983002744	0	0	0	0	0	0	0	0	0	0	0	0	0	0	0	0	0	0	0	0	0	0	0	0	0	0	0	0	0	0	0	0	0	0	0	0	0	0	0	0	0	0	0	0	0	0	0	0	0	0	0	0	0	0	0	0	0	0	0	0
0.53433774188943	0.881293538521646	0	0.98081443757782	0	0.866284522983991	0	0.63144513637271	0	0	0.821035230637576	0	0.723153615029519	0	0	0	0.547507054378276	0	0	0	0	0	0.986013816470857	0.724484015670889	0.599213132602908	0.977769581132154	0	0.61209592404605	0.855095391794779	0	0	0	0	0	0	0	0	0	0	0	0	0	0	0	0	0	0	0	0	0	0	0	0	0	0	0	0	0	0	0	0	0	0	0	0	0	0	0	0	0	0	0	0	0	0	0	0	0	0	0	0	0	0	0	0	0	0	0	0	0
0	0	0	0	0	0	0	0	0	0	0	0	0	0	0	0	0	0	0	0	0	0	0	0	0	0	0	0	0	0	0	0.955771724445515	0.852837732442487	0.524531375996908	0.958484885473354	0	0	0	0	0	0	0	0	0	0	0	0	0	0	0	0	0	0	0	0	0	0.513447136990367	0.680137194402304	0.688086258345741	0.619464615291029	0	0	0	0	0	0	0	0	0	0	0	0	0	0	0	0	0	0	0	0	0	0	0	0	0	0	0	0	0	0
0	0	0	0	0	0	0	0	0	0	0	0	0	0	0	0	0	0	0	0	0	0	0	0	0	0	0	0	0	0	0.865623625491386	0	0.825106629483932	0.788860244053211	0.709114022137943	0	0	0	0	0	0	0	0.520951835038584	0	0	0	0	0.966350428234144	0	0	0	0	0	0	0	0	0	0.652381502159681	0.500160197482778	0.997636682407057	0	0	0	0	0	0	0	0	0	0	0	0	0	0	0	0	0	0	0	0	0	0	0	0	0	0	0	0	0	0
0	0	0	0	0	0	0	0	0	0	0	0	0	0	0	0	0	0	0	0	0	0	0	0	0	0	0	0	0	0	0.665164461013611	0.613416531925898	0	0.814948670739949	0.722999008652656	0.838165839843001	0.922640979693722	0	0	0	0	0	0	0	0	0	0	0	0	0	0	0	0	0	0	0	0	0	0	0.961399224566755	0	0	0	0	0	0	0	0	0	0	0	0	0	0	0	0	0	0	0	0	0	0	0	0	0	0	0	0	0	0
0	0	0	0	0	0	0	0	0	0	0	0	0	0	0	0	0	0	0	0	0	0	0	0	0	0	0	0	0	0	0.963638022376307	0.567488127149952	0.549240306332647	0	0.982115685356897	0.520854578081589	0.991106563254798	0.549303372138695	0	0	0	0	0	0	0	0	0.83251688957626	0	0	0	0	0	0	0	0	0	0	0	0	0.935616955485493	0	0	0	0	0	0	0	0	0	0	0	0	0	0	0	0	0	0	0	0	0	0	0	0	0	0	0	0	0	0
0	0	0	0	0	0	0	0	0	0	0	0	0	0	0	0	0	0	0	0	0	0	0	0	0	0	0	0	0	0	0.916442535398784	0.823124896761199	0.754234017384487	0.559158482979613	0	0.921013173745212	0.719911832697355	0.713329564163722	0.63334988464089	0	0	0	0	0	0	0	0	0	0	0	0	0	0	0	0	0	0	0	0	0	0	0	0	0	0	0	0	0	0	0	0	0	0	0	0	0	0	0	0	0	0	0	0	0	0	0	0	0	0	0
0	0	0	0	0	0	0	0	0	0	0	0	0	0	0	0	0	0	0	0	0	0	0	0	0	0	0	0	0	0	0	0	0.972564939114438	0.592306537313789	0.539581926928257	0	0	0.774272375633446	0.72876945248551	0.579446955638167	0	0	0	0	0	0	0	0.941539027680079	0	0	0	0	0	0	0	0	0	0	0	0	0	0	0	0	0	0	0	0	0	0	0	0	0	0	0	0	0	0	0	0	0	0	0	0	0	0	0	0	0	0
0	0	0	0	0	0	0	0	0	0	0	0	0	0	0	0	0	0	0	0	0	0	0	0	0	0	0	0	0	0	0	0	0.911707872195097	0.700849140051756	0.808682132743865	0	0	0.760631041841422	0.723582252427841	0.766459933310704	0.757000149130031	0	0	0	0	0	0	0	0	0	0	0	0	0	0	0	0	0	0	0	0	0	0	0	0	0	0	0	0	0	0	0	0	0	0	0	0	0	0	0	0	0	0	0	0	0	0	0	0	0
0	0	0	0	0	0	0	0	0	0	0	0	0	0	0	0	0	0	0	0	0	0	0	0	0	0	0	0	0	0	0	0	0	0.749410345309756	0.740697478741381	0.594410969056089	0.607407204400924	0	0.931098779809592	0.732303577489006	0.765040935732944	0.778792818206802	0	0	0	0	0	0	0	0	0	0	0	0	0	0	0	0	0	0	0	0	0	0	0	0	0	0	0	0	0	0	0	0	0	0	0	0	0	0	0	0	0	0	0	0	0	0	0	0
0	0	0	0	0	0	0	0	0	0	0	0	0	0	0	0	0	0	0	0	0	0	0	0	0	0	0	0	0	0	0	0	0	0	0.840985096569119	0.607874206381162	0.845183699546549	0.706936880119653	0	0.506875243561278	0.749745524073974	0.957197401843828	0	0.729445495321066	0	0	0	0	0	0	0	0	0	0	0	0	0	0	0	0	0	0	0	0	0	0	0	0	0	0	0	0	0	0	0	0	0	0	0	0	0	0	0	0	0	0	0	0	0	0
0	0	0	0	0	0	0	0	0	0	0	0	0	0	0	0	0	0	0	0	0	0	0	0	0	0	0	0	0	0	0	0	0	0	0	0.62857316174558	0.736614006741038	0.636651324614992	0.856063422065801	0	0.621033888617402	0.985407476731841	0.886770829035315	0.955865665946991	0	0	0	0	0	0	0	0	0	0	0	0	0	0	0	0	0	0	0	0	0	0	0	0	0	0	0	0	0	0	0	0	0	0	0	0	0	0	0	0	0	0	0	0	0	0
0	0	0	0	0	0	0	0	0	0	0	0	0	0	0	0	0	0	0	0	0	0	0	0	0	0	0	0	0	0	0	0	0	0	0	0	0.844972991381642	0.80383517352635	0.539981671861376	0.681451236933627	0	0.596400989268343	0.845228351768603	0.515051701696818	0.960961974825763	0	0	0	0	0	0	0	0	0	0.673237375938003	0	0	0	0	0	0	0	0	0	0	0	0	0	0	0	0	0	0	0	0	0	0	0	0	0	0	0	0	0	0	0	0	0	0	0
0	0	0	0	0	0	0	0	0	0	0	0	0	0	0	0	0	0	0	0	0	0	0	0	0	0	0	0	0	0	0	0	0	0	0	0	0	0.556921544256921	0.938141283006924	0.934423253240471	0.592959338823461	0	0.593893804148244	0.688816190140289	0.637806825676546	0.789017045476993	0	0	0	0	0	0	0	0	0	0	0	0	0.701704778101656	0	0	0	0	0	0	0	0	0	0	0	0	0	0	0	0	0	0	0	0	0	0	0	0	0	0	0	0	0	0	0
0	0	0	0	0	0	0	0	0	0	0	0	0	0	0	0	0	0	0	0	0	0	0	0	0	0	0	0	0	0	0	0.645446250403622	0	0	0	0	0	0	0	0.548727391872252	0.648550682235329	0.860622374292834	0	0.775115539146625	0.541763020343553	0.654328737241717	0	0	0	0.706746869619488	0	0	0	0	0	0	0	0	0	0	0	0	0	0	0	0	0	0	0	0	0	0	0	0	0	0	0	0	0	0	0	0	0	0	0	0	0	0	0	0
0	0	0	0	0	0	0	0	0	0	0	0	0	0	0	0	0	0	0	0	0	0	0	0	0	0	0	0	0	0	0	0	0	0	0	0	0	0	0.778166194156099	0.540357907937017	0.997406233766187	0.903541862570012	0.927847267835504	0	0	0.698860759072781	0.575270221847201	0.873363694941587	0	0	0	0.954908225927237	0	0	0	0	0	0	0	0	0	0	0	0	0	0	0	0	0	0	0	0	0	0	0	0	0	0	0	0	0	0	0	0	0	0	0	0	0	0
0	0	0	0	0	0	0	0	0	0	0	0	0	0	0	0	0	0	0	0	0	0	0	0	0	0	0	0	0	0	0	0	0	0	0	0	0	0	0	0	0.921150612965189	0.803084031636256	0.893481604228785	0	0	0.547171128637839	0	0.549817812331833	0.797512864807204	0	0	0	0	0	0.679667447907474	0	0	0	0	0	0	0	0	0	0	0	0	0	0	0	0	0	0	0	0	0	0	0	0	0	0	0	0	0	0	0	0	0	0	0
0	0	0	0	0	0	0	0	0	0	0	0	0	0	0	0	0	0	0	0	0	0	0	0	0	0	0	0	0	0	0	0	0	0	0	0	0	0	0	0	0	0.683805330022327	0.986658621745437	0.936757251336279	0.698833776341719	0	0.620193669709072	0.919378884569562	0.781415156571873	0.679258682582945	0	0	0	0	0	0	0	0	0	0	0	0	0	0	0	0	0	0	0	0	0	0	0	0	0	0	0	0	0	0	0	0	0	0	0	0	0	0	0	0
0	0	0	0	0	0	0	0	0	0	0	0	0	0	0	0	0	0	0	0	0	0	0	0	0	0	0	0	0	0	0	0	0	0.526286577875339	0	0	0	0	0	0	0	0	0	0.871441850211935	0	0.827082601882261	0	0.550836940282881	0	0.555562724463758	0.862672290298685	0	0	0	0	0	0	0	0	0	0	0	0	0	0	0	0	0	0	0	0	0	0	0	0	0	0	0	0	0	0	0	0	0	0	0	0	0	0	0
0	0	0	0	0	0	0	0	0	0	0	0	0	0	0	0	0	0	0	0	0	0	0	0	0	0	0	0	0	0	0	0.559823715062589	0	0	0	0.821810220792135	0	0	0	0	0	0	0	0.698312227951474	0.595726998762169	0.762533011432416	0.648068283365635	0	0.973184367689569	0	0.763528911690927	0.753153023028628	0	0	0	0	0	0	0	0	0	0	0	0	0	0	0	0	0	0	0	0	0	0	0	0	0	0	0	0	0	0	0	0	0	0	0	0	0	0
0	0	0	0	0	0	0	0	0	0	0	0	0	0	0	0	0	0	0	0	0	0	0	0	0	0	0	0	0	0	0	0	0	0	0	0	0	0	0	0	0	0	0	0	0.516129471606529	0.825631227936571	0	0.515670265955364	0	0.809793254143237	0.641850594059262	0.539620273901335	0.652161631013316	0	0	0	0	0	0	0	0	0	0	0	0	0	0	0	0	0	0	0	0	0	0	0	0	0	0	0	0	0	0	0	0	0	0	0	0	0
0	0	0	0	0	0	0	0	0	0	0	0	0	0	0	0	0	0	0	0	0	0	0	0	0	0	0	0	0	0	0	0	0	0	0	0	0	0	0	0	0	0	0.974990569237543	0	0	0.711472221472101	0.836154919438881	0	0.698826006423781	0	0.725296568999943	0.917656029111017	0	0	0.84163613906963	0.570986636056327	0	0	0	0	0	0	0	0	0	0	0	0	0	0	0	0	0	0	0	0	0	0	0	0	0	0	0	0	0	0	0	0	0	0
0	0	0	0	0	0	0	0	0	0	0	0	0	0	0	0	0	0	0	0	0	0	0	0	0	0	0	0	0	0	0	0	0	0	0	0	0	0	0	0	0	0	0	0	0	0	0.623947278778914	0.538423860594622	0.524665538193364	0.851662822136082	0	0.580538965605424	0.756274097259102	0.80843786601778	0.61186717198848	0	0	0	0	0	0	0	0	0	0	0	0	0	0	0	0	0	0	0	0	0	0	0	0	0	0	0	0	0	0	0	0	0	0	0
0	0	0	0	0	0	0	0	0	0	0	0	0	0	0	0	0	0	0	0	0	0	0	0	0	0	0	0	0	0	0	0	0	0	0	0	0	0	0	0	0	0	0	0.745744658629773	0	0	0	0.836187138718984	0.72883337909008	0.556785739863121	0.754086412187998	0	0.87736819644409	0.626676766099921	0.734593682874687	0.503581263184726	0	0	0	0	0	0	0	0	0	0	0	0	0	0	0	0	0	0	0	0	0	0	0	0	0	0	0	0	0	0	0	0	0	0
0	0	0	0	0	0	0	0	0	0	0	0	0	0	0	0	0	0	0	0	0	0	0	0	0	0	0	0	0	0	0	0	0	0	0	0	0	0	0	0	0	0	0	0	0	0	0	0	0.51648505743441	0	0.667887843107268	0.730844614738773	0	0.640589685720542	0.820637803463755	0.807004868919519	0.762723474789308	0	0	0	0	0	0	0	0	0	0	0	0	0	0	0	0	0	0	0	0	0	0	0	0	0	0	0	0	0	0	0	0	0
0	0	0	0	0	0	0	0	0	0	0	0	0	0	0	0	0	0	0	0	0	0	0	0	0	0	0	0	0	0	0	0	0	0	0	0	0	0	0	0	0	0	0	0	0	0	0	0	0	0	0.94156099275803	0.927954565279192	0.681574273859824	0	0.547543159049662	0.672860657524441	0.694052484090357	0.858932762129786	0	0	0	0	0	0	0	0	0	0	0	0	0	0	0	0	0	0	0	0	0	0	0	0	0	0	0	0	0	0	0	0
0	0	0	0	0	0	0	0	0	0	0	0	0	0	0	0	0	0	0	0	0	0	0	0	0	0	0	0	0	0	0	0	0	0	0	0	0	0	0	0	0.954611608667694	0	0	0	0.675367158253039	0	0	0	0	0.742155431725282	0.889696234259463	0.699352537340526	0.655660279777465	0.781848873715854	0	0.569444324988659	0	0.802137730109977	0.522071785795988	0	0	0	0	0	0	0	0	0	0	0	0	0	0	0	0	0	0	0	0	0	0	0	0	0	0	0	0	0	0	0
0	0	0	0	0	0	0	0	0	0	0	0	0	0	0	0	0	0	0	0	0	0	0	0	0	0	0	0	0	0	0	0	0	0	0	0	0	0	0	0	0	0	0	0	0	0	0	0	0	0.831539719247097	0	0.549618782671873	0.81806329144905	0.722763757859614	0.614016671727187	0	0.586878010974882	0.696715560091436	0.589355408737196	0.814062942455363	0	0	0	0	0	0	0	0	0	0	0	0	0	0	0	0	0	0	0	0	0	0	0	0	0	0	0	0	0	0
0	0	0	0	0	0	0	0	0	0	0	0	0	0	0	0	0	0	0	0	0	0	0	0	0	0	0	0	0	0	0.547524119324334	0	0	0	0	0	0	0	0	0	0	0	0	0	0	0	0	0	0	0	0	0	0.676878086048089	0.548822931946165	0	0.718349398929644	0	0.955790179412956	0.971652803016996	0.715296939526479	0	0	0	0	0	0	0	0	0	0	0	0	0	0	0	0	0	0	0	0	0	0	0	0	0	0	0	0	0	0
0	0	0	0	0	0	0	0	0	0	0	0	0	0	0	0	0	0	0	0	0	0	0	0	0	0	0	0	0	0	0.607112814721961	0.831100381980381	0	0	0	0	0	0	0	0	0	0	0	0	0	0	0	0	0	0	0	0	0	0.941778341835365	0.569831015978103	0.744138656549781	0.848631168185027	0	0.520535412065289	0.522409298440654	0	0	0	0	0	0	0	0	0	0	0	0	0	0	0	0	0	0	0	0	0	0	0	0	0	0	0	0	0	0
0	0	0	0	0	0	0	0	0	0	0	0	0	0	0	0	0	0	0	0	0	0	0	0	0	0	0	0	0	0	0.559409380024573	0.925351505759786	0	0	0	0	0	0	0	0	0	0.639266884996645	0	0	0	0	0	0	0	0	0	0	0	0	0.831800788464511	0.868635810749196	0.995914567349691	0.821955342585908	0	0.687691069017845	0	0	0	0	0	0	0	0	0	0	0	0	0	0	0	0	0	0	0	0	0	0	0	0	0	0	0	0	0	0
0	0	0	0	0	0	0	0	0	0	0	0	0	0	0	0	0	0	0	0	0	0	0	0	0	0	0	0	0	0	0.950875505808419	0.886042454480329	0.962333280012612	0.846995645131098	0	0	0	0	0	0	0	0	0	0	0	0	0	0	0	0	0	0	0	0	0	0.586768446013168	0.586232841260875	0.799053939905718	0.88236882035052	0	0	0	0	0	0	0	0	0	0	0	0	0	0	0	0	0	0	0	0	0	0	0	0	0	0	0	0	0	0	0
0	0	0	0	0	0	0	0	0	0	0	0	0	0	0	0	0	0	0	0	0	0	0	0	0	0	0	0	0	0	0	0	0	0	0	0	0	0	0	0	0	0	0	0	0	0	0	0	0	0	0	0	0	0	0	0	0	0	0	0	0	0	0.705768971472858	0	0	0	0	0.808286530708949	0.937795640158693	0	0	0	0	0.771942355205765	0.605286380995391	0.655369406094999	0.749413291564118	0.8717589312975	0	0	0.584371328566179	0	0	0.723201704563072	0	0.519225363669227	0	0	0	0
0	0	0	0	0	0	0	0	0	0	0	0	0	0	0	0	0	0	0	0	0	0	0	0	0	0	0	0	0	0	0	0	0	0	0	0	0	0	0	0	0	0	0	0	0	0	0	0	0	0	0	0	0	0	0	0	0	0	0	0	0	0	0.537499029269845	0.853931547890997	0	0	0	0	0	0	0	0	0.990282078122929	0	0	0	0	0.738107607393887	0	0	0.983313678839293	0	0.971662770346334	0.864643208907034	0	0	0.810469394448325	0	0	0.912284055436516
0	0	0	0	0	0	0	0	0	0	0	0	0	0	0	0	0	0	0	0	0	0	0	0	0	0	0	0	0	0	0	0	0	0	0	0	0	0	0	0	0	0	0	0	0	0	0	0	0	0	0	0	0	0	0	0	0	0	0	0	0.893651374673503	0.983366867850618	0	0.871093492795093	0	0	0.553080802024428	0	0	0	0	0.749697526678757	0	0	0	0	0	0	0	0	0.57011840146068	0	0.593634891331564	0	0	0	0.706970083323669	0	0	0
0	0	0	0	0	0	0	0	0	0	0	0	0	0	0	0	0	0	0	0	0	0	0	0	0	0	0	0	0	0	0	0	0	0	0	0	0	0	0	0	0	0	0	0	0	0	0	0	0	0	0	0	0	0	0	0	0	0	0	0	0	0.67745498374489	0.530966022450309	0	0.50484827156185	0.758828738801401	0.921922911812219	0	0	0	0	0	0	0	0	0.820473585092333	0.62083143513858	0	0.867338540883672	0	0	0	0	0.984054628154414	0	0.678345759541832	0	0.615315927162889	0.966466541849197	0
0	0	0	0	0	0	0	0	0	0	0	0	0	0	0	0	0	0	0	0	0	0	0	0	0	0	0	0	0	0	0	0	0	0	0	0	0	0	0	0	0	0	0	0	0	0	0	0	0	0	0	0	0	0	0	0	0	0	0	0	0	0	0	0.654653643103405	0	0.940765044154505	0	0.732736700425842	0.708526252431978	0	0.847650545237378	0	0	0	0	0.585576281261188	0	0	0	0	0	0	0	0	0	0	0.869086057386781	0	0.732127362437583	0
0	0	0	0	0	0	0	0	0	0	0	0	0	0	0	0	0	0	0	0	0	0	0	0	0	0	0	0	0	0	0	0	0	0	0	0	0	0	0	0	0	0	0	0	0	0	0	0	0	0	0	0	0	0	0	0	0	0	0	0	0	0	0	0.761345993815823	0.598843038463466	0	0.835040180353205	0	0	0	0	0.861078638284389	0	0	0	0	0	0	0	0.675375019298023	0	0	0.86027698091907	0	0	0.718271368040064	0.62355462226935	0.753595729024901	0	0
0	0	0	0	0	0	0	0	0	0	0	0	0	0	0	0	0	0	0	0	0	0	0	0	0	0	0	0	0	0	0	0	0	0	0	0	0	0	0	0	0	0	0	0	0	0	0	0	0	0	0	0	0	0	0	0	0	0	0	0	0	0	0.928143978865201	0.942366476468517	0	0.919233540830065	0	0.537808020200545	0.584120735791777	0.572474062456603	0	0.863266675192724	0	0.701855867637298	0	0.701767019961624	0	0	0	0	0	0.534914722176064	0	0	0	0.527243251763068	0	0	0	0
0	0	0	0	0	0	0	0	0	0	0	0	0	0	0	0	0	0	0	0	0	0	0	0	0	0	0	0	0	0	0	0	0	0	0	0	0	0	0	0	0	0	0	0	0	0	0	0	0	0	0	0	0	0	0	0	0	0	0	0	0.717951540770422	0	0	0	0.520068505271058	0	0.894139795433941	0	0	0.667942260233555	0	0	0	0	0	0.741324908064622	0	0	0.565791549227552	0.749897280245653	0	0	0.633863520114549	0.601618947270564	0	0	0	0	0.545231672445476	0
0	0	0	0	0	0	0	0	0	0	0	0	0	0	0	0	0	0	0	0	0	0	0	0	0	0	0	0	0	0	0	0	0	0	0	0	0	0	0	0	0	0	0	0	0	0	0	0	0	0	0	0	0	0	0	0	0	0	0	0	0.875834092446907	0	0	0	0.599117040253814	0	0.979982882996294	0	0	0	0	0	0.643558340727907	0	0	0	0	0.902768830054444	0.973643761003454	0	0	0.628302063637816	0	0.674662699574275	0.708654756943474	0	0	0	0	0.541287727449262
0	0	0	0	0	0	0	0	0	0	0	0	0	0	0	0	0	0	0	0	0	0	0	0	0	0	0	0	0	0	0	0	0	0	0	0	0	0	0	0	0	0	0	0	0	0	0	0	0	0	0	0	0	0	0	0	0	0	0	0	0	0	0	0	0	0	0.508562947738182	0.767854058839285	0	0	0.967204435565674	0	0	0	0.943040344334039	0	0	0	0.88332665062512	0.632363092120749	0	0.786568320327585	0.885292041386348	0	0.649215399611448	0.525021166068862	0.959220409675694	0	0	0.724036660193896
0	0	0	0	0	0	0	0	0	0	0	0	0	0	0	0	0	0	0	0	0	0	0	0	0	0	0	0	0	0	0	0	0	0	0	0	0	0	0	0	0	0	0	0	0	0	0	0	0	0	0	0	0	0	0	0	0	0	0	0	0	0	0	0	0.562194107527067	0	0	0	0	0.836451037346834	0	0.685081657512532	0.541985417189769	0	0.880395363087705	0	0.508650641270165	0.895282955697417	0.508452574957583	0	0	0	0	0	0.856146446736912	0	0	0	0.571738023436788	0.590165505702656
0	0	0	0	0	0	0	0	0	0	0	0	0	0	0	0	0	0	0	0	0	0	0	0	0	0	0	0	0	0	0	0	0	0	0	0	0	0	0	0	0	0	0	0	0	0	0	0	0	0	0	0	0	0	0	0	0	0	0	0	0	0	0.747378990112619	0	0	0.618657432371822	0.800439174598343	0	0	0	0.881966717206685	0	0	0.75262440317694	0	0	0	0.761347972166019	0	0	0	0	0	0	0	0	0.621922229120807	0.536517240693472	0.738474628396394	0.771505244458303
0	0	0	0	0	0	0	0	0	0	0	0	0	0	0	0	0	0	0	0	0	0	0	0	0	0	0	0	0	0	0	0	0	0	0	0	0	0	0	0	0	0	0	0	0	0	0	0	0	0	0	0	0	0	0	0	0	0	0	0	0	0.621339676782311	0	0	0	0	0	0	0.834067345506553	0	0.971708569053506	0	0	0	0	0	0.684858675182815	0.637733329830743	0	0.738991823911277	0.853190381759681	0	0	0	0	0	0	0.967057297414333	0	0.515016218468662
0	0	0	0	0	0	0	0	0	0	0	0	0	0	0	0	0	0	0	0	0	0	0	0	0	0	0	0	0	0	0	0	0	0	0	0	0	0	0	0	0	0	0	0	0	0	0	0	0	0	0	0	0	0	0	0	0	0	0	0	0.726469694633095	0	0	0	0	0	0.776574432616585	0	0	0	0	0.785212729748181	0	0	0	0.506098126942337	0	0.98056512209975	0	0.503895042201197	0.565136220874994	0.842542074856032	0.675554474557954	0	0	0.774046455734975	0	0	0	0.997069776831424
0	0	0	0	0	0	0	0	0	0	0	0	0	0	0	0	0	0	0	0	0	0	0	0	0	0	0	0	0	0	0	0	0	0	0	0	0	0	0	0	0	0	0	0	0	0	0	0	0	0	0	0	0	0	0	0	0	0	0	0	0.865127077776126	0	0	0	0	0	0	0	0	0.896170234996061	0.951699803322494	0	0	0	0	0	0.878673647866709	0	0	0.673294923256077	0	0.874072625444032	0	0.814393601521913	0.579784033938013	0	0.662412385173087	0.975787164565566	0	0
0	0	0	0	0	0	0	0	0	0	0	0	0	0	0	0	0	0	0	0	0	0	0	0	0	0	0	0	0	0	0	0	0	0	0	0	0	0	0	0	0	0	0	0	0	0	0	0	0	0	0	0	0	0	0	0	0	0	0	0	0.993580094090585	0	0	0.888922876436329	0.504911608908486	0	0.927546488486052	0.559944974273802	0	0	0	0	0	0.679673610520833	0	0	0	0.605642150250733	0	0	0	0	0	0.857925532792244	0	0	0	0	0	0.553020561732596
0	0	0	0	0	0	0	0	0	0	0	0	0	0	0	0	0	0	0	0	0	0	0	0	0	0	0	0	0	0	0	0	0	0	0	0	0	0	0	0	0	0	0	0	0	0	0	0	0	0	0	0	0	0	0	0	0	0	0	0	0.749613521160676	0	0	0.812933748307428	0	0	0	0	0	0	0.967989377500577	0	0.574004585373318	0	0.965267618848079	0	0	0	0	0.612530302860795	0	0	0	0	0	0	0	0.734258001870251	0	0
0	0	0	0	0	0	0	0	0	0	0	0	0	0	0	0	0	0	0	0	0	0	0	0	0	0	0	0	0	0	0	0	0	0	0	0	0	0	0	0	0	0	0	0	0	0	0	0	0	0	0	0	0	0	0	0	0	0	0	0	0.876649901972566	0.673476739524837	0	0	0	0	0	0	0.787133012352058	0	0.718616439301177	0.926921869861318	0.574115657356138	0.969845449728291	0	0.777608060644874	0	0	0	0	0	0	0.896566850591195	0	0	0	0.574051393229582	0	0	0
0	0	0	0	0	0	0	0	0	0	0	0	0	0	0	0	0	0	0	0	0	0	0	0	0	0	0	0	0	0	0	0	0	0	0	0	0	0	0	0	0	0	0	0	0	0	0	0	0	0	0	0	0	0	0	0	0	0	0	0	0	0	0	0.921122303606301	0	0	0	0.784194375840263	0.633281029636688	0.807862368655291	0.561366009985823	0	0	0	0	0	0	0	0	0	0	0	0.844412907521835	0	0	0	0	0.872197605670538	0	0
0	0	0	0	0	0	0	0	0	0	0	0	0	0	0	0	0	0	0	0	0	0	0	0	0	0	0	0	0	0	0	0	0	0	0	0	0	0	0	0	0	0	0	0	0	0	0	0	0	0	0	0	0	0	0	0	0	0	0	0	0	0	0	0	0	0.770277701984577	0	0.793805532980483	0	0.507540872662246	0	0	0.855224019403292	0.806578765374751	0.62542236633576	0	0.543356842148217	0	0	0	0	0	0	0	0.929077414485006	0.640818681532983	0.953737999280361	0	0	0
0	0	0	0	0	0	0	0	0	0	0	0	0	0	0	0	0	0	0	0	0	0	0	0	0	0	0	0	0	0	0	0	0	0	0	0	0	0	0	0	0	0	0	0	0	0	0	0	0	0	0	0	0	0	0	0	0	0	0	0	0.695743934260996	0.897730680739282	0.70003699321821	0	0	0	0	0	0	0	0	0	0.922365068432392	0.93416639385282	0	0	0	0	0	0	0	0	0	0	0.687494878864752	0.640191857218505	0	0	0.908874442311918	0.880723756014776
0	0	0	0	0	0	0	0	0	0	0	0	0	0	0	0	0	0	0	0	0	0	0	0	0	0	0	0	0	0	0	0	0	0	0	0	0	0	0	0	0	0	0	0	0	0	0	0	0	0	0	0	0	0	0	0	0	0	0	0	0	0	0	0	0	0	0.949766810222618	0	0.711685624902276	0.639536925440169	0	0	0	0.603286166912093	0.799101431097509	0	0	0	0	0	0	0	0.624096697131985	0.634322315347246	0	0.658590336017573	0.874939135572261	0.80065975539329	0	0
0	0	0	0	0	0	0	0	0	0	0	0	0	0	0	0	0	0	0	0	0	0	0	0	0	0	0	0	0	0	0	0	0	0	0	0	0	0	0	0	0	0	0	0	0	0	0	0	0	0	0	0	0	0	0	0	0	0	0	0	0	0.645294342868446	0.811002382639171	0	0	0.753350238584726	0	0.623468963417078	0	0.87062018480243	0	0	0	0.595239193369093	0	0	0	0.740634482303519	0.709271091583271	0	0	0.754114099263432	0	0.885536397508921	0.947626599660077	0	0.695949976105194	0	0	0.690128603606144
0	0	0	0	0	0	0	0	0	0	0	0	0	0	0	0	0	0	0	0	0	0	0	0	0	0	0	0	0	0	0	0	0	0	0	0	0	0	0	0	0	0	0	0	0	0	0	0	0	0	0	0	0	0	0	0	0	0	0	0	0.571028695954187	0.962051342837256	0	0.56769606193704	0	0	0	0.587023222909511	0.662736465893499	0	0	0	0	0	0.742805178903577	0.668387984822168	0	0	0	0	0	0.746786010805107	0.985988204436831	0	0.89909941680828	0	0	0	0.840071296430137	0
0	0	0	0	0	0	0	0	0	0	0	0	0	0	0	0	0	0	0	0	0	0	0	0	0	0	0	0	0	0	0	0	0	0	0	0	0	0	0	0	0	0	0	0	0	0	0	0	0	0	0	0	0	0	0	0	0	0	0	0	0	0	0	0	0	0	0	0	0.856974189522335	0.536285836292916	0.730267088880775	0	0	0	0.744886025513091	0	0	0	0	0.869163514169795	0.556468829885522	0	0.678876731575933	0.618959413476765	0	0	0	0	0.948471714905318	0.647727548030021
0	0	0	0	0	0	0	0	0	0	0	0	0	0	0	0	0	0	0	0	0	0	0	0	0	0	0	0	0	0	0	0	0	0	0	0	0	0	0	0	0	0	0	0	0	0	0	0	0	0	0	0	0	0	0	0	0	0	0	0	0.890895467197241	0	0	0.643465077316593	0	0.95439985130206	0.680281122148488	0	0	0.919586616997262	0	0	0	0.936257710835122	0	0	0	0	0	0.947258521468251	0.756896756082142	0.992266390982732	0	0	0	0	0.674391902230075	0.777749704449002	0	0
0	0	0	0	0	0	0	0	0	0	0	0	0	0	0	0	0	0	0	0	0	0	0	0	0	0	0	0	0	0	0	0	0	0	0	0	0	0	0	0	0	0	0	0	0	0	0	0	0	0	0	0	0	0	0	0	0	0	0	0	0	0.983327328725932	0.843511617984382	0	0.638741713921295	0.998756430759681	0	0	0	0.96301639300624	0	0.894005835923723	0	0	0.699114223666943	0	0	0.514849506738638	0	0.953343414079781	0	0.691916514559513	0.883910158757524	0	0	0.605835416661666	0	0	0	0
0	0	0	0	0	0	0	0	0	0	0	0	0	0	0	0	0	0	0	0	0	0	0	0	0	0	0	0	0	0	0	0	0	0	0	0	0	0	0	0	0	0	0	0	0	0	0	0	0	0	0	0	0	0	0	0	0	0	0	0	0	0	0	0.525174008851031	0	0.588617872420591	0	0	0	0	0	0.768498029452241	0.515622299114642	0	0.994679695345094	0	0.970514193840015	0	0.796966865126065	0	0	0.50849388392179	0	0	0	0.6326065637987	0	0	0.869863233577638	0
0	0	0	0	0	0	0	0	0	0	0	0	0	0	0	0	0	0	0	0	0	0	0	0	0	0	0	0	0	0	0	0	0	0	0	0	0	0	0	0	0	0	0	0	0	0	0	0	0	0	0	0	0	0	0	0	0	0	0	0	0	0	0	0.657223123381585	0.607179704112046	0	0	0.857088235653011	0	0	0.503664398308731	0.59436104329641	0	0	0	0	0	0	0	0	0.969595734238758	0	0	0.876594856843867	0.847705241573975	0	0	0.898217073401605	0	0
0	0	0	0	0	0	0	0	0	0	0	0	0	0	0	0	0	0	0	0	0	0	0	0	0	0	0	0	0	0	0	0	0	0	0	0	0	0	0	0	0	0	0	0	0	0	0	0	0	0	0	0	0	0	0	0	0	0	0	0	0	0.740226638806217	0	0	0	0	0	0	0.654028571814811	0.765613761101091	0.900425760709998	0.988319119408119	0.587855140240391	0.606355481929741	0	0.867326497567536	0	0	0	0	0.90347093168837	0	0.578419591823186	0	0.514700545165869	0	0	0	0	0
