0	0.594852523877074	0.783069689517071	0.85595093551417	0	0	0	0	0	0.744239081316308	0	0	0	0	0.642883703917773	0	0	0	0	0	0	0	0	0.854247203670802	0.862890325775665	0	0	0.993266642611263	0	0	0	0	0	0	0	0	0	0	0	0	0	0	0	0	0	0	0	0	0	0	0	0	0	0	0	0	0	0	0	0	0	0	0	0	0	0	0	0	0	0	0	0	0	0	0	0	0	0	0	0	0	0	0	0	0	0	0	0	0	0
0.712850574900719	0	0	0	0.773503554033519	0.952319301069516	0	0.967775840428823	0	0	0	0.938692130135444	0	0	0.580021072856454	0	0.80465658128594	0	0	0	0	0	0	0	0.552914224605551	0	0.739263662827005	0	0.538620400218892	0.697763349447411	0	0	0	0	0	0	0	0	0	0	0	0	0	0	0	0	0	0	0	0	0	0	0	0	0	0	0	0	0	0	0	0	0	0	0	0	0	0	0	0	0	0	0	0	0	0	0	0	0	0	0	0	0	0	0	0	0	0	0	0
0.974444790470293	0	0	0	0.736898173870767	0.994400590816595	0	0.861779063603706	0	0	0	0	0	0	0.688006483917409	0.569836327078896	0.935680006831527	0	0.76174605084453	0.810440626240599	0	0.678720424709863	0	0	0.540682344293481	0	0	0.518434724596495	0	0	0	0	0	0	0	0	0	0	0	0	0	0	0	0	0	0	0	0	0	0	0	0	0	0	0	0	0	0	0	0	0	0	0	0	0	0	0	0	0	0	0	0	0	0	0	0	0	0	0	0	0	0	0	0	0	0	0	0	0	0
0.956956336821424	0	0	0	0.539400709108186	0	0	0.652069882416026	0.995138944550709	0	0	0	0.500176827496774	0	0	0	0	0	0	0	0	0.979105168899459	0.738893851850935	0.911443878366323	0.55797480138987	0	0.926888361484826	0	0	0.509457994679934	0	0	0	0	0	0	0	0	0	0	0	0	0	0	0	0	0	0	0	0	0	0	0	0	0	0	0	0	0	0	0	0	0	0	0	0	0	0	0	0	0	0	0	0	0	0	0	0	0	0	0	0	0	0	0	0	0	0	0	0
0	0.558359702678364	0.8213691902265	0.790650584405633	0	0	0.905195261149321	0	0	0	0	0	0.712014328231284	0	0	0	0	0.658929384368944	0.645705402407737	0.547906192757485	0	0	0	0	0	0	0.744969446578734	0.732034765264069	0.919951239728513	0	0	0	0	0	0	0	0	0	0	0	0	0	0	0	0	0	0	0	0	0	0	0	0	0	0	0	0	0	0	0	0	0	0	0	0	0	0	0	0	0	0	0	0	0	0	0	0	0	0	0	0	0	0	0	0	0	0	0	0	0
0	0.880783130503741	0.752117033958695	0	0	0	0.819264052782617	0	0	0	0	0	0	0	0	0	0	0	0.876723808911537	0	0	0.899933238329426	0.922122333091069	0	0.76650064831251	0.629587342525163	0.550190077344182	0	0	0	0	0	0	0	0	0	0	0	0	0	0	0	0	0	0	0	0	0	0	0	0	0	0	0	0	0	0	0	0	0	0	0	0	0	0	0	0	0	0	0	0	0	0	0	0	0	0	0	0	0	0	0	0	0	0	0	0	0	0	0
0	0	0	0	0.664896001552213	0.586080884571043	0	0	0	0.780598689953232	0.976559859279752	0.528122617423961	0	0.956533970730505	0	0	0.545663278868611	0	0	0.570731718569362	0	0	0	0	0.665321356962746	0	0	0	0	0	0	0	0	0	0	0	0	0	0	0	0	0	0	0	0	0	0	0	0	0	0	0	0	0	0	0	0	0	0	0	0	0	0	0	0	0	0	0	0	0	0	0	0	0	0	0	0	0	0	0	0	0	0	0	0	0	0	0	0	0
0	0.846180417984201	0.577057763959268	0.951519287433036	0	0	0	0	0	0	0	0.841830361176737	0.758650381806711	0.932671931688704	0	0	0	0	0.631967769976603	0	0	0	0	0	0	0.940302512985783	0.86710869756665	0	0	0	0	0	0	0	0	0	0	0	0	0	0	0	0	0	0	0	0	0	0	0	0	0	0	0	0	0	0	0	0	0	0	0	0	0	0	0	0	0	0	0	0	0	0	0	0	0	0	0	0	0	0	0	0	0	0	0	0	0	0	0
0	0	0	0.892628588361853	0	0	0	0	0	0.540716839783491	0	0.845595819881932	0	0.538755964887863	0	0.863059645699519	0	0	0	0	0	0	0	0	0	0	0.714036492157227	0	0.636973038353258	0.750100211534528	0	0	0	0	0	0	0	0	0	0	0	0	0	0	0	0	0	0	0	0	0	0	0	0	0	0	0	0	0	0	0	0	0	0	0	0	0	0	0	0	0	0	0	0	0	0	0	0	0	0	0	0	0	0	0	0	0	0	0	0
0.747142099574124	0	0	0	0	0	0.959568639352851	0	0.813055474797679	0	0	0.838028899312499	0	0	0.659835112285658	0	0	0.779055161221806	0	0.886068201896023	0.862311593736547	0	0	0	0	0	0	0.793259622423773	0	0.939745426485405	0	0	0	0	0	0	0	0	0	0	0	0	0	0	0	0	0	0	0	0	0	0	0	0	0	0	0	0	0	0	0	0	0	0	0	0	0	0	0	0	0	0	0	0	0	0	0	0	0	0	0	0	0	0	0	0	0	0	0	0
0	0	0	0	0	0	0.77119871134323	0	0	0	0	0	0	0.773806039007403	0	0	0.890487740696094	0.702401276754806	0	0	0	0	0	0	0.94053382604538	0	0.744106707097195	0.686596902381471	0	0	0	0	0	0	0	0	0	0	0	0	0	0	0	0	0	0	0	0	0	0	0	0	0	0	0	0	0	0	0	0	0	0	0	0	0	0	0	0	0	0	0	0	0	0	0	0	0	0	0	0	0	0	0	0	0	0	0	0	0	0
0	0.660012229545191	0	0	0	0	0.513450812325353	0.508781725874789	0.676349465173014	0.885896732619717	0	0	0.593582545130318	0.997170871582023	0	0	0.681932214052812	0	0.622111939402712	0	0.977909992287158	0	0	0.984828292002003	0	0	0	0	0.59222980942136	0	0	0	0	0	0	0	0	0	0	0	0	0	0	0	0	0	0	0	0	0	0	0	0	0	0	0	0	0	0	0	0	0	0	0	0	0	0	0	0	0	0	0	0	0	0	0	0	0	0	0	0	0	0	0	0	0	0	0	0	0
0	0	0	0.667140125868328	0.702460680756533	0	0	0.896169231528033	0	0	0	0.984414750769653	0	0	0	0	0	0.7997398001826	0.969521103890775	0	0	0.619075190052899	0	0	0	0	0.888240725505002	0	0	0	0	0	0	0	0	0	0	0	0	0	0	0	0	0	0	0	0	0	0	0	0	0	0	0	0	0	0	0	0	0	0	0	0	0	0	0	0	0	0	0	0	0	0	0	0	0	0	0	0	0	0	0	0	0	0	0	0	0	0	0
0	0	0	0	0	0	0.903604224340627	0.880926499041456	0.743668105806176	0	0.653017001215749	0.551843394242924	0	0	0.55914130256498	0	0	0.881000984173438	0.995012010263068	0	0.538074860984329	0.92255691340706	0	0	0	0	0	0.926142488614055	0.684229589062968	0	0	0	0	0	0	0	0	0	0	0	0	0	0	0	0	0	0	0	0	0	0	0	0	0	0	0	0	0	0	0	0	0	0	0	0	0	0	0	0	0	0	0	0	0	0	0	0	0	0	0	0	0	0	0	0	0	0	0	0	0
0.652456863277624	0.743208217405124	0.867203709626901	0	0	0	0	0	0	0.772216891588159	0	0	0	0.813254269430951	0	0	0.564889110953664	0.721700640194901	0	0	0	0.962660612974825	0	0.726322340725108	0.552871048617783	0.835663851676107	0	0	0	0	0	0	0	0	0	0	0	0	0	0	0	0	0	0	0	0	0	0	0	0	0	0	0	0	0	0	0	0	0	0	0	0	0	0	0	0	0	0	0	0	0	0	0	0	0	0	0	0	0	0	0	0	0	0	0	0	0	0	0	0
0	0	0.640399126331586	0	0	0	0	0	0.86501839684009	0	0	0	0	0	0	0	0.952764424075054	0.822522993624374	0	0.694458183457809	0	0.879477026835671	0	0.508573998172531	0	0	0	0	0	0	0	0	0	0	0	0	0	0	0	0	0	0	0	0	0	0	0	0	0	0	0	0	0	0	0	0	0	0	0	0	0	0	0	0	0	0	0	0	0	0	0	0	0	0	0	0	0	0	0	0	0	0	0	0	0	0	0	0	0	0
0	0.819771534820545	0.995732148945521	0	0	0	0.546191330125518	0	0	0	0.726874533598874	0.958278319731755	0	0	0.597180562446232	0.915870098567619	0	0	0.738649317207625	0.745867307970006	0	0.805765221831572	0	0	0	0	0	0	0.65649268206793	0	0	0	0	0	0	0	0	0	0	0	0	0	0	0	0	0	0	0	0	0	0	0	0	0	0	0	0	0	0	0	0	0	0	0	0	0	0	0	0	0	0	0	0	0	0	0	0	0	0	0	0	0	0	0	0	0	0	0	0	0
0	0	0	0	0.643605413693484	0	0	0	0	0.787463485842106	0.693381423680204	0	0.629260166761524	0.739668157870705	0.991569862045865	0.722421064740389	0	0	0	0.50954162341813	0	0	0.651209836377474	0	0	0.784757393525701	0	0.673897841014812	0.670681233372454	0.675498274900833	0	0	0	0	0	0	0	0	0	0	0	0	0	0	0	0	0	0	0	0	0	0	0	0	0	0	0	0	0	0	0	0	0	0	0	0	0	0	0	0	0	0	0	0	0	0	0	0	0	0	0	0	0	0	0	0	0	0	0	0
0	0	0.662325636235355	0	0.925077329541196	0.650231613158085	0	0.586738567590497	0	0	0	0.550385440792378	0.951370583957222	0.559514693362675	0	0	0.990587766155408	0	0	0	0	0.793465416239571	0	0.721650831750409	0	0	0.933881178742301	0	0	0.514608778928071	0	0	0	0	0	0	0	0	0	0	0	0	0	0	0	0	0	0	0	0	0	0	0	0	0	0	0	0	0	0	0	0	0	0	0	0	0	0	0	0	0	0	0	0	0	0	0	0	0	0	0	0	0	0	0	0	0	0	0	0
0	0	0.671966740419269	0	0.694599116093811	0	0.950272711351903	0	0	0.736966488825192	0	0	0	0	0	0.57166265261903	0.515698716781211	0.727336932638909	0	0	0	0.704222813004664	0.511651155096812	0	0.676078887599665	0.566043955972825	0	0	0.968695667620262	0	0	0	0	0	0	0	0	0	0	0	0	0	0	0	0	0	0	0	0	0	0	0	0	0	0	0	0	0	0	0	0	0	0	0	0	0	0	0	0	0	0	0	0	0	0	0	0	0	0	0	0	0	0	0	0	0	0	0	0	0
0	0	0	0	0	0	0	0	0	0.712837207131179	0	0.923683552808222	0	0.515216310927248	0	0	0	0	0	0	0	0.993840016306348	0	0	0	0	0	0	0.523674205516399	0	0	0	0	0	0	0	0	0	0	0	0	0	0	0	0	0	0	0	0	0	0	0	0	0	0	0	0	0	0	0	0	0	0	0	0	0	0	0	0	0	0	0	0	0	0	0	0	0	0	0	0	0	0	0	0	0	0	0	0	0
0	0	0.978065204197811	0.98613299803835	0	0.642715096399729	0	0	0	0	0	0	0.528425537384344	0.99194255332036	0.701021504345859	0.685306731524557	0.823906198091766	0	0.603751310750924	0.578039872024455	0.560206009655684	0	0	0	0.969572234469363	0	0	0	0.57919515845895	0	0	0	0	0	0	0	0	0	0	0	0	0	0	0	0	0	0	0	0	0	0	0	0	0	0	0	0	0	0	0	0	0	0	0	0	0	0	0	0	0	0	0	0	0	0	0	0	0	0	0	0	0	0	0	0	0	0	0	0	0
0	0	0	0.918898993210465	0	0.60101252475533	0	0	0	0	0	0	0	0	0	0	0	0.577204506236708	0	0.547420899881657	0	0	0	0.625673239389637	0	0	0	0.952121587128581	0	0	0	0	0	0	0	0	0	0	0	0	0	0	0	0	0	0	0	0	0	0	0	0	0	0	0	0	0	0	0	0	0	0	0	0	0	0	0	0	0	0	0	0	0	0	0	0	0	0	0	0	0	0	0	0	0	0	0	0	0	0
0.689911351345818	0	0	0.865968061894832	0	0	0	0	0	0	0	0.859569987828442	0	0	0.893184023655484	0.647495216150097	0	0	0.662312561234572	0	0	0	0.84570962465729	0	0	0.504322215851736	0.619651144611543	0.831623409483697	0.700610386786895	0	0	0	0	0	0	0	0	0	0	0	0	0	0	0	0	0	0	0	0	0	0	0	0	0	0	0	0	0	0	0	0	0	0	0	0	0	0	0	0	0	0	0	0	0	0	0	0	0	0	0	0	0	0	0	0	0	0	0	0	0
0.615036329409023	0.714856936443935	0.567608013666732	0.873473203618023	0	0.848507187145258	0.937287820822203	0	0	0	0.5741869051655	0	0	0	0.809977235555583	0	0	0	0	0.679809692858661	0	0.500863560976476	0	0	0	0	0	0	0	0	0	0	0	0	0	0	0	0	0	0	0	0	0	0	0	0	0	0	0	0	0	0	0	0	0	0	0	0	0	0	0	0	0	0	0	0	0	0	0	0	0	0	0	0	0	0	0	0	0	0	0	0	0	0	0	0	0	0	0	0
0	0	0	0	0	0.73314051885584	0	0.758532641432389	0	0	0	0	0	0	0.531741330192937	0	0	0.90329326786488	0	0.880291628700105	0	0	0	0.847425006771123	0	0	0	0.736167343613502	0.558750512045732	0	0	0	0	0	0	0	0	0	0	0	0	0	0	0	0	0	0	0	0	0	0	0	0	0	0	0	0	0	0	0	0	0	0	0	0	0	0	0	0	0	0	0	0	0	0	0	0	0	0	0	0	0	0	0	0	0	0	0	0	0
0	0.574466793122049	0	0.778785517846933	0.626419086513361	0.707391515758925	0	0.828085817420069	0.777277810016798	0	0.97356949461782	0	0.935141670386319	0	0	0	0	0	0.582287741100619	0	0	0	0	0.617597100943818	0	0	0	0	0.503073087572438	0.557386309706025	0	0	0	0	0	0	0	0	0	0	0	0	0	0	0	0	0	0	0	0	0	0	0	0	0	0	0	0	0	0	0	0	0	0	0	0	0	0	0	0	0	0	0	0	0	0	0	0	0	0	0	0	0	0	0	0	0	0	0	0
0.573859301320246	0	0.731843048001059	0	0.966905589244194	0	0	0	0	0.971792894259216	0.525138661329251	0	0	0.654639289865691	0	0	0	0.548195456030374	0	0	0	0	0.778176971608441	0.555930157893458	0	0.80779384100789	0	0	0.67288478072327	0	0	0	0	0	0	0	0	0	0	0	0	0	0	0	0	0	0	0	0	0	0	0	0	0	0	0	0	0	0	0	0	0	0	0	0	0	0	0	0	0	0	0	0	0	0	0	0	0	0	0	0	0	0	0	0	0	0	0	0	0
0	0.735432687026697	0	0	0.631885254714721	0	0	0	0.969883319527103	0	0	0.618411294972259	0	0.747889523445163	0	0	0.732937465457134	0.628745440563953	0	0.502234803228304	0.941390872758645	0.513702761533031	0	0.953679632103659	0	0.723600538647157	0.62656305962907	0.865310388721548	0	0	0	0	0	0	0	0	0	0	0	0	0	0	0	0	0	0	0	0	0	0	0	0	0	0	0	0	0	0	0	0	0	0	0	0	0	0	0	0	0	0	0	0	0	0	0	0	0	0	0	0	0	0	0	0	0	0	0	0	0	0
0	0.500724768171166	0	0.657084005843287	0	0	0	0	0.887010615465263	0.52293212869699	0	0	0	0	0	0	0	0.546357240924457	0.972223480093627	0	0	0	0	0	0	0	0.882753083486856	0	0	0	0	0	0	0	0	0	0	0	0	0	0	0	0	0	0	0	0	0	0	0	0	0	0	0	0	0	0	0	0	0	0	0	0	0	0	0	0	0	0	0	0	0	0	0	0	0	0	0	0	0	0	0	0	0	0	0	0	0	0	0
0	0	0	0	0	0	0	0	0	0	0	0	0	0	0	0	0	0	0	0	0	0	0	0	0	0	0	0	0	0	0	0.912464968655901	0.644520644530889	0	0.827885107024744	0.733891906441487	0.994806667632387	0.887334995775273	0	0	0	0	0	0	0.979313478635175	0	0.718834580438388	0.93298914085394	0	0	0	0	0	0.747492144620253	0.985072266338126	0	0.737811491039788	0.875119190984384	0.906971581795985	0.609486342615763	0	0	0	0	0	0	0	0	0	0	0	0	0	0	0	0	0	0	0	0	0	0	0	0	0	0	0	0	0	0
0	0	0	0	0	0	0	0	0	0	0	0	0	0	0	0	0	0	0	0	0	0	0	0	0	0	0	0	0	0	0.844046911881557	0	0.867053251668909	0.732866313783727	0.681667614292908	0	0.956361307772635	0.779138780132171	0.821064901205898	0	0	0	0	0	0	0	0	0.836459022368019	0	0	0.846018013605124	0.817924883736937	0.626394006653638	0	0	0.568449471011085	0.850624530278087	0.609090956881894	0	0.720362258742287	0	0	0	0	0	0	0	0	0	0	0	0	0	0	0	0	0	0	0	0	0	0	0	0	0	0	0	0	0	0
0	0	0	0	0	0	0	0	0	0	0	0	0	0	0	0	0	0	0	0	0	0	0	0	0	0	0	0	0	0	0.711728838883709	0.789688096611319	0	0.65638337642422	0	0.966614849062604	0	0.778573584194534	0	0.526524958719019	0.693412261386763	0.558519039779759	0	0.854369073826812	0	0	0	0	0	0	0	0	0	0.531695637496997	0	0.608698590249191	0.974921586489721	0.725090916678241	0.813887380437299	0	0	0	0	0	0	0	0	0	0	0	0	0	0	0	0	0	0	0	0	0	0	0	0	0	0	0	0	0	0	0
0	0	0	0	0	0	0	0	0	0	0	0	0	0	0	0	0	0	0	0	0	0	0	0	0	0	0	0	0	0	0	0.740723792470279	0.787454400228421	0	0.569991162491304	0	0.608492466027481	0.622831744861329	0.843016601404118	0	0.772215128268531	0.564303956202143	0	0	0.805648433281078	0	0.907457573928029	0	0	0	0	0	0	0	0	0	0	0.607982728605997	0.940894750074926	0	0	0	0	0	0	0	0	0	0	0	0	0	0	0	0	0	0	0	0	0	0	0	0	0	0	0	0	0	0	0
0	0	0	0	0	0	0	0	0	0	0	0	0	0	0	0	0	0	0	0	0	0	0	0	0	0	0	0	0	0	0.949504115628526	0.512874681285508	0	0.829081039450486	0	0.669270603832639	0	0.946041435721132	0	0.668756991974895	0	0.881391274205594	0	0	0	0	0	0	0	0	0	0.605348149416139	0.735204892405238	0	0	0	0.820452046513622	0.876486780524629	0.678298792671625	0.98991078276139	0	0	0	0	0	0	0	0	0	0	0	0	0	0	0	0	0	0	0	0	0	0	0	0	0	0	0	0	0	0
0	0	0	0	0	0	0	0	0	0	0	0	0	0	0	0	0	0	0	0	0	0	0	0	0	0	0	0	0	0	0.813646276864734	0	0.685424760998429	0	0.547385771897494	0	0.939004237015282	0	0	0.598185812368929	0.786193238062367	0	0.70694269251136	0	0	0	0	0.717814967069414	0.601783138162438	0.766451124150274	0	0	0	0	0.510682198816564	0	0	0	0.777434036124461	0.636722767327498	0	0	0	0	0	0	0	0	0	0	0	0	0	0	0	0	0	0	0	0	0	0	0	0	0	0	0	0	0	0
0	0	0	0	0	0	0	0	0	0	0	0	0	0	0	0	0	0	0	0	0	0	0	0	0	0	0	0	0	0	0.738421595967399	0.872377465081712	0	0.501217810039469	0	0.759216843837579	0	0.740436678073764	0.583300903008905	0	0.737342933985172	0.950375810651368	0	0.600492961826717	0	0	0	0.935185188119652	0	0	0	0	0	0	0.801233072095725	0.749213484057712	0	0	0	0.982584734631192	0	0	0	0	0	0	0	0	0	0	0	0	0	0	0	0	0	0	0	0	0	0	0	0	0	0	0	0	0	0
0	0	0	0	0	0	0	0	0	0	0	0	0	0	0	0	0	0	0	0	0	0	0	0	0	0	0	0	0	0	0.841475198838246	0.80199451182075	0.571794261174061	0.708619837046291	0.627739565388174	0	0.50876597828233	0	0.726749538808531	0	0.585133889440049	0.668744706658448	0.694517395391946	0.880489713715185	0.704492477064209	0	0.504848433888871	0	0	0	0	0	0	0	0.698428130731192	0	0.801869254030002	0	0	0	0	0	0	0	0	0	0	0	0	0	0	0	0	0	0	0	0	0	0	0	0	0	0	0	0	0	0	0	0	0
0	0	0	0	0	0	0	0	0	0	0	0	0	0	0	0	0	0	0	0	0	0	0	0	0	0	0	0	0	0	0	0.684727889299759	0	0.592588718987383	0	0	0.904550510186758	0.980342015778132	0	0.615204282602996	0.536085478458054	0.532833366469853	0.740476170827414	0	0.950339809461283	0.86230476214957	0	0.846891586007429	0	0	0	0	0	0.535626879209552	0	0	0	0.689279462730842	0	0	0	0	0	0	0	0	0	0	0	0	0	0	0	0	0	0	0	0	0	0	0	0	0	0	0	0	0	0	0	0
0	0	0	0	0	0	0	0	0	0	0	0	0	0	0	0	0	0	0	0	0	0	0	0	0	0	0	0	0	0	0	0	0.82890690195617	0	0.835955612337372	0.830317130723234	0	0	0.599954464112094	0	0.6685127809858	0.860544944918074	0	0.648359896035106	0.581207295940306	0	0.983777370899956	0	0	0.99424021841701	0	0	0	0	0	0.595745933625418	0	0	0.708580428763007	0.77332619955785	0	0	0	0	0	0	0	0	0	0	0	0	0	0	0	0	0	0	0	0	0	0	0	0	0	0	0	0	0	0
0	0	0	0	0	0	0	0	0	0	0	0	0	0	0	0	0	0	0	0	0	0	0	0	0	0	0	0	0	0	0	0	0.556433676756536	0.82543445869856	0	0.899972777332049	0.585020975529341	0.597007196643316	0.864269963076834	0.742685042445828	0	0.734992966213411	0.995183563964238	0.876038333124295	0	0.613476914285087	0.522441470317667	0	0	0	0	0	0	0	0	0	0.850541057344022	0	0	0	0	0	0	0	0	0	0	0	0	0	0	0	0	0	0	0	0	0	0	0	0	0	0	0	0	0	0	0	0	0
0	0	0	0	0	0	0	0	0	0	0	0	0	0	0	0	0	0	0	0	0	0	0	0	0	0	0	0	0	0	0	0	0.908711742852665	0.500370974320851	0.862999196117253	0	0.904720868004522	0.84728954012808	0.82743100335766	0.787511804299795	0.571181638880204	0	0	0.523506449504578	0.518127670411288	0	0	0.726318017769472	0.845725916066298	0.709858923390966	0	0	0.595818700222522	0	0	0	0	0	0	0	0	0	0	0	0	0	0	0	0	0	0	0	0	0	0	0	0	0	0	0	0	0	0	0	0	0	0	0	0	0
0	0	0	0	0	0	0	0	0	0	0	0	0	0	0	0	0	0	0	0	0	0	0	0	0	0	0	0	0	0	0	0	0	0	0	0.784948017414399	0	0.966823223960366	0.572194652539352	0	0.997374449833536	0	0	0.942481641390141	0.676409719739872	0.977206268886849	0.702355296508193	0.671553413648922	0.698663994380023	0	0	0	0	0	0	0	0.544567114232692	0	0	0	0	0	0	0	0	0	0	0	0	0	0	0	0	0	0	0	0	0	0	0	0	0	0	0	0	0	0	0	0	0
0	0	0	0	0	0	0	0	0	0	0	0	0	0	0	0	0	0	0	0	0	0	0	0	0	0	0	0	0	0	0	0	0.969592195935836	0	0	0	0.54032388969972	0.500434548661748	0	0.922448734903409	0.749998451097508	0.767147226812175	0.70029567202129	0	0	0	0.908018523948547	0.670474652249784	0.862625463402078	0.983687240760312	0.602576723533013	0	0.786073547633838	0	0	0	0	0	0	0	0	0	0	0	0	0	0	0	0	0	0	0	0	0	0	0	0	0	0	0	0	0	0	0	0	0	0	0	0	0
0	0	0	0	0	0	0	0	0	0	0	0	0	0	0	0	0	0	0	0	0	0	0	0	0	0	0	0	0	0	0.704016871834274	0	0	0.744448020747661	0	0	0	0.894312686676366	0.953802798233391	0.706206494787284	0	0.64307471834526	0.792426586168351	0	0	0.694163804304703	0.681954767787062	0.519561310588006	0.870206538912719	0.718518446716914	0.827489287922395	0	0	0.523171682879516	0.959206250900866	0.811039550236278	0	0	0.556997555593915	0	0	0	0	0	0	0	0	0	0	0	0	0	0	0	0	0	0	0	0	0	0	0	0	0	0	0	0	0	0	0
0	0	0	0	0	0	0	0	0	0	0	0	0	0	0	0	0	0	0	0	0	0	0	0	0	0	0	0	0	0	0	0	0	0	0	0	0	0	0.834993946218283	0	0.920661495007133	0	0.886866452408157	0	0.962131107394665	0	0.723139662246526	0.602918741953578	0.764212081297172	0.563281022141197	0.524655961250906	0.593963314912686	0.545473670117935	0	0	0	0	0	0	0	0	0	0	0	0	0	0	0	0	0	0	0	0	0	0	0	0	0	0	0	0	0	0	0	0	0	0	0	0	0
0	0	0	0	0	0	0	0	0	0	0	0	0	0	0	0	0	0	0	0	0	0	0	0	0	0	0	0	0	0	0.871452636932883	0	0	0.728345992099916	0	0	0	0.866890316851407	0	0.795828295990465	0.510947991822234	0	0.648980690378003	0.789284575376321	0.685483409711832	0.736352204124507	0	0.626826144101248	0.522136734024	0.700902055618216	0.926357806768941	0.841219302837422	0.967770613047794	0.912354683233457	0	0	0	0.507012104357336	0	0	0	0	0	0	0	0	0	0	0	0	0	0	0	0	0	0	0	0	0	0	0	0	0	0	0	0	0	0	0	0
0	0	0	0	0	0	0	0	0	0	0	0	0	0	0	0	0	0	0	0	0	0	0	0	0	0	0	0	0	0	0.948551858880572	0.810726979419689	0	0	0	0.582410081447945	0.948207500653739	0	0.784211525027187	0	0	0.978826255449952	0.576131488229366	0.747280292093873	0.714598402573293	0.649540369499602	0.863583282938701	0	0.800424297816519	0.664871154646164	0.66315448397597	0	0.821795126969402	0.693423492150947	0	0	0	0	0	0.750669951862848	0	0	0	0	0	0	0	0	0	0	0	0	0	0	0	0	0	0	0	0	0	0	0	0	0	0	0	0	0	0
0	0	0	0	0	0	0	0	0	0	0	0	0	0	0	0	0	0	0	0	0	0	0	0	0	0	0	0	0	0	0	0	0	0	0	0.55884010359078	0	0	0	0	0	0.763810431340065	0.66153730240052	0.843436942279245	0.593859155176204	0.640007755786968	0.829128165095217	0.714433942998996	0	0.740546008869018	0.716035632583464	0.988135939780192	0.943245171500331	0.673235091767536	0.986013249201058	0	0.639450921110284	0	0	0.830156098560934	0	0	0	0	0	0	0	0	0	0	0	0	0	0	0	0	0	0	0	0	0	0	0	0	0	0	0	0	0	0
0	0	0	0	0	0	0	0	0	0	0	0	0	0	0	0	0	0	0	0	0	0	0	0	0	0	0	0	0	0	0	0	0	0	0	0.993910915187259	0	0	0	0.886663319157568	0	0.562380527760997	0	0.768793873821246	0.646774882103341	0.755699867840619	0.900765808642474	0.815529800229248	0.687728351331031	0	0.545940336364065	0.984260527291472	0.505592066055348	0	0.743676937162289	0.631541207504277	0.585123997816825	0	0	0	0	0	0	0	0	0	0	0	0	0	0	0	0	0	0	0	0	0	0	0	0	0	0	0	0	0	0	0	0	0
0	0	0	0	0	0	0	0	0	0	0	0	0	0	0	0	0	0	0	0	0	0	0	0	0	0	0	0	0	0	0	0.914695378394342	0	0	0	0	0	0	0	0	0	0	0	0.799660594931838	0.503052711850165	0.620418154233688	0.882415422563117	0.926044016539454	0.778455582841732	0.955023768574599	0	0.783894335713532	0.950283938541413	0	0.717526694760981	0	0.867135893268016	0.739667138222171	0.873757878267146	0	0	0	0	0	0	0	0	0	0	0	0	0	0	0	0	0	0	0	0	0	0	0	0	0	0	0	0	0	0	0
0	0	0	0	0	0	0	0	0	0	0	0	0	0	0	0	0	0	0	0	0	0	0	0	0	0	0	0	0	0	0	0.574243591418199	0	0	0.663842798769514	0	0	0	0	0	0	0	0	0	0	0.703518350000951	0.585696616579166	0	0.707340155810964	0.79087867473858	0.65273111949763	0	0.598732515780721	0.613058386490587	0.71194086912783	0	0.753541338328235	0.893431555242069	0.783989884192293	0.695283666525624	0	0	0	0	0	0	0	0	0	0	0	0	0	0	0	0	0	0	0	0	0	0	0	0	0	0	0	0	0	0
0	0	0	0	0	0	0	0	0	0	0	0	0	0	0	0	0	0	0	0	0	0	0	0	0	0	0	0	0	0	0	0.613093092704386	0	0	0.960326376167586	0	0	0	0	0	0	0.605146359365606	0	0.957034836391125	0	0.626831784805076	0.59719673355828	0.736490926554629	0.750699590285931	0.63373752607657	0.64636488936956	0.773180252762082	0	0.578172177887405	0.746870003893857	0.740961926758227	0.827813196337404	0	0.872094066428886	0	0	0	0	0	0	0	0	0	0	0	0	0	0	0	0	0	0	0	0	0	0	0	0	0	0	0	0	0	0	0
0	0	0	0	0	0	0	0	0	0	0	0	0	0	0	0	0	0	0	0	0	0	0	0	0	0	0	0	0	0	0.530441584064858	0	0.743459164700336	0	0	0	0	0	0.930330256266254	0	0	0	0	0	0.851849804738407	0	0.747000079829825	0.568569729515622	0.768368090927933	0	0	0.853395218862473	0.64704185485821	0	0.540804308823284	0.787354872156541	0.677473704598732	0	0.822192958805046	0	0	0	0	0	0	0	0	0	0	0	0	0	0	0	0	0	0	0	0	0	0	0	0	0	0	0	0	0	0	0
0	0	0	0	0	0	0	0	0	0	0	0	0	0	0	0	0	0	0	0	0	0	0	0	0	0	0	0	0	0	0.805692506625673	0	0	0	0	0.56813535619058	0.724537462713067	0.511962819022696	0	0	0	0	0	0	0.632942606632679	0	0	0	0.763170096367867	0.586306193703384	0.679001516280818	0.879041323440864	0.718059602786881	0.897193443626327	0	0.868378914769718	0.782639029865772	0.585341490944419	0.546689219020797	0	0	0	0	0	0	0	0	0	0	0	0	0	0	0	0	0	0	0	0	0	0	0	0	0	0	0	0	0	0	0
0	0	0	0	0	0	0	0	0	0	0	0	0	0	0	0	0	0	0	0	0	0	0	0	0	0	0	0	0	0	0	0.786486582881597	0.777135297817491	0	0	0	0.905932364605641	0	0	0.607287072407222	0	0	0	0	0.846473233660622	0	0	0	0	0.932746706675002	0	0	0.792419634091347	0.525343930798502	0.765661775391085	0	0.728010998081869	0.507901033821992	0	0.857337370304354	0	0	0	0	0	0	0	0	0	0	0	0	0	0	0	0	0	0	0	0	0	0	0	0	0	0	0	0	0	0
0	0	0	0	0	0	0	0	0	0	0	0	0	0	0	0	0	0	0	0	0	0	0	0	0	0	0	0	0	0	0.567398453735451	0.89225861509305	0.555357924760777	0	0.852888674925638	0	0	0.55746987574098	0	0	0.602501479902826	0	0.690660474921123	0	0	0	0	0	0.551551688325735	0.512526494790271	0.681983661957589	0.775559537921538	0.858821637558995	0.82789012564736	0.994268630899537	0.924956411753868	0	0.937504450861162	0	0.813408248001248	0	0	0	0	0	0	0	0	0	0	0	0	0	0	0	0	0	0	0	0	0	0	0	0	0	0	0	0	0	0
0	0	0	0	0	0	0	0	0	0	0	0	0	0	0	0	0	0	0	0	0	0	0	0	0	0	0	0	0	0	0.863406144001612	0.542642669833766	0.645207274120037	0.903494689528553	0.571869855367782	0	0	0	0.914574650484065	0	0	0	0	0	0	0	0.609577492793464	0	0	0	0.870665425749553	0.876954536243147	0	0	0.628173835422389	0.552316522486456	0.568804656019696	0	0	0.649985168097837	0	0	0	0	0	0	0	0	0	0	0	0	0	0	0	0	0	0	0	0	0	0	0	0	0	0	0	0	0	0
0	0	0	0	0	0	0	0	0	0	0	0	0	0	0	0	0	0	0	0	0	0	0	0	0	0	0	0	0	0	0.505433877006534	0	0.599636852374362	0.969668214107828	0.995241667448629	0.9858030741092	0	0	0	0.548792415809905	0	0	0	0	0.833352817475989	0	0	0	0	0	0.765509613318798	0.666419779688866	0.710618775202246	0.538654920840458	0.660217541879923	0	0	0	0	0.898751730295778	0	0	0	0	0	0	0	0	0	0	0	0	0	0	0	0	0	0	0	0	0	0	0	0	0	0	0	0	0	0
0	0	0	0	0	0	0	0	0	0	0	0	0	0	0	0	0	0	0	0	0	0	0	0	0	0	0	0	0	0	0.507836397131692	0.836691413790229	0	0	0.92501409474265	0.681266596857989	0.815851411264838	0	0	0.84386286964721	0	0	0	0	0	0	0	0.988085212203047	0.727418582628527	0	0	0.659443411425829	0	0	0	0.762032074815783	0.695887697557357	0.872989584653461	0.75837566256779	0	0	0	0	0	0	0	0	0	0	0	0	0	0	0	0	0	0	0	0	0	0	0	0	0	0	0	0	0	0	0
0	0	0	0	0	0	0	0	0	0	0	0	0	0	0	0	0	0	0	0	0	0	0	0	0	0	0	0	0	0	0	0	0	0	0	0	0	0	0	0	0	0	0	0	0	0	0	0	0	0	0	0	0	0	0	0	0	0	0	0	0	0.860099312104764	0	0.667025052652798	0.503842472798718	0	0	0	0	0	0.714402233102709	0	0	0	0	0	0	0	0	0	0	0	0	0	0	0	0	0	0.755127612337843	0.529286169644681
0	0	0	0	0	0	0	0	0	0	0	0	0	0	0	0	0	0	0	0	0	0	0	0	0	0	0	0	0	0	0	0	0	0	0	0	0	0	0	0	0	0	0	0	0	0	0	0	0	0	0	0	0	0	0	0	0	0	0	0	0.573201604109797	0	0.911181961567665	0.580479971202898	0.531454717558649	0.688829472443898	0	0	0	0	0	0	0	0	0	0	0	0	0	0	0	0	0	0	0	0	0	0.626071307059794	0	0.606165529953769
0	0	0	0	0	0	0	0	0	0	0	0	0	0	0	0	0	0	0	0	0	0	0	0	0	0	0	0	0	0	0	0	0	0	0	0	0	0	0	0	0	0	0	0	0	0	0	0	0	0	0	0	0	0	0	0	0	0	0	0	0	0.980811157977882	0	0.848098828073108	0	0.537396301729492	0.915652487774214	0.802591673953765	0	0	0.642788743190188	0	0	0	0	0	0	0	0	0	0	0	0	0	0	0	0	0	0.843080743705446	0.839501783216407
0	0	0	0	0	0	0	0	0	0	0	0	0	0	0	0	0	0	0	0	0	0	0	0	0	0	0	0	0	0	0	0	0	0	0	0	0	0	0	0	0	0	0	0	0	0	0	0	0	0	0	0	0	0	0	0	0	0	0	0	0.881849725974137	0.99072001799587	0.57847206631802	0	0.932886763077007	0.524883648131876	0.765417744379531	0.95030941855674	0	0	0	0	0	0	0	0	0	0	0	0	0	0	0	0	0	0	0	0	0	0.796688242280334
0	0	0	0	0	0	0	0	0	0	0	0	0	0	0	0	0	0	0	0	0	0	0	0	0	0	0	0	0	0	0	0	0	0	0	0	0	0	0	0	0	0	0	0	0	0	0	0	0	0	0	0	0	0	0	0	0	0	0	0	0.588123232549733	0.6621037553745	0	0.529540235101043	0	0.810940842188582	0.935623606158988	0.884384234186367	0.635074201937389	0	0	0	0	0	0	0	0	0	0	0	0	0	0	0	0	0	0	0	0	0
0	0	0	0	0	0	0	0	0	0	0	0	0	0	0	0	0	0	0	0	0	0	0	0	0	0	0	0	0	0	0	0	0	0	0	0	0	0	0	0	0	0	0	0	0	0	0	0	0	0	0	0	0	0	0	0	0	0	0	0	0	0.655128201160781	0.728005514507042	0.603688602491569	0.910343811056454	0	0.916808392741854	0.65142586012516	0.985437281148272	0.51374664991431	0	0	0	0	0	0	0	0	0	0	0	0	0	0	0	0	0	0	0	0
0	0	0	0	0	0	0	0	0	0	0	0	0	0	0	0	0	0	0	0	0	0	0	0	0	0	0	0	0	0	0	0	0	0	0	0	0	0	0	0	0	0	0	0	0	0	0	0	0	0	0	0	0	0	0	0	0	0	0	0	0	0	0.513492510177763	0.885729096313951	0.616756673523245	0.502795300691123	0	0.805052313262029	0	0.899898601431499	0.616122614801909	0	0	0	0	0	0	0	0	0	0	0	0.737447116294883	0	0	0	0	0	0	0
0	0	0	0	0	0	0	0	0	0	0	0	0	0	0	0	0	0	0	0	0	0	0	0	0	0	0	0	0	0	0	0	0	0	0	0	0	0	0	0	0	0	0	0	0	0	0	0	0	0	0	0	0	0	0	0	0	0	0	0	0	0	0.510502016595454	0.5640628208746	0.93504421516558	0.945164288150339	0.856759225297547	0	0.752848788697231	0.594732047279431	0	0.56323599835121	0	0	0	0	0	0	0	0	0	0	0.853669627918979	0	0	0	0	0	0	0
0	0	0	0	0	0	0	0	0	0	0	0	0	0	0	0	0	0	0	0	0	0	0	0	0	0	0	0	0	0	0	0	0	0	0	0	0	0	0	0	0	0	0	0	0	0	0	0	0	0	0	0	0	0	0	0	0	0	0	0	0	0	0	0	0.542870918750548	0.626682203531858	0	0.537133598684222	0	0.511840197693874	0.56059057432043	0.517288219598967	0.892502071898086	0	0	0	0	0	0	0	0	0	0	0	0	0	0	0	0.510394409884849	0
0	0	0	0	0	0	0	0	0	0	0	0	0	0	0	0	0	0	0	0	0	0	0	0	0	0	0	0	0	0	0	0	0	0	0	0	0	0	0	0	0	0	0	0	0	0	0	0	0	0	0	0	0	0	0	0	0	0	0	0	0	0	0	0	0	0.980861271330986	0.906116236451424	0.903980558110477	0.796869351259286	0	0.664699128856826	0.748266073006352	0.989004429413558	0.951192999781631	0	0.942663098523758	0	0	0	0	0	0	0	0	0	0	0.770849331443058	0	0	0
0	0	0	0	0	0	0	0	0	0	0	0	0	0	0	0	0	0	0	0	0	0	0	0	0	0	0	0	0	0	0	0	0	0	0	0	0	0	0	0	0	0	0	0	0	0	0	0	0	0	0	0	0	0	0	0	0	0	0	0	0.798973354034748	0	0.540312924598988	0	0	0	0.831471766051577	0	0.549017873982495	0.832187793953158	0	0	0.901304481010663	0.918038212707722	0.966875402062839	0	0	0.628355389520202	0	0	0.793223475653449	0	0	0	0	0	0	0	0	0
0	0	0	0	0	0	0	0	0	0	0	0	0	0	0	0	0	0	0	0	0	0	0	0	0	0	0	0	0	0	0	0	0	0	0	0	0	0	0	0	0	0	0	0	0	0	0	0	0	0	0	0	0	0	0	0	0	0	0	0	0	0	0	0	0	0	0	0.64460860172434	0.725372963425812	0.782324669639348	0	0	0.798845375452453	0.608668326772107	0.552398584985565	0.881850201974002	0	0	0	0	0	0	0	0	0	0	0	0	0	0
0	0	0	0	0	0	0	0	0	0	0	0	0	0	0	0	0	0	0	0	0	0	0	0	0	0	0	0	0	0	0	0	0	0	0	0	0	0	0	0	0	0	0	0	0	0	0	0	0	0	0	0	0	0	0	0	0	0	0	0	0	0	0	0	0	0	0	0	0.545422880234586	0.555921358971445	0.878793388847555	0.869929526916212	0	0.509257524055868	0.955971035306954	0	0.967245932520784	0	0	0	0	0	0	0.983356649080506	0.536662368389582	0	0	0	0	0
0	0	0	0	0	0	0	0	0	0	0	0	0	0	0	0	0	0	0	0	0	0	0	0	0	0	0	0	0	0	0	0	0	0	0	0	0	0	0	0	0	0	0	0	0	0	0	0	0	0	0	0	0	0	0	0	0	0	0	0	0	0	0	0	0	0	0	0	0	0.649175626205919	0.645196392778313	0.973379310422885	0.584505018113848	0	0.985281945877982	0.922114746046575	0.911541272508089	0.784573036124549	0	0	0	0	0	0	0	0	0	0	0	0
0	0	0	0	0	0	0	0	0	0	0	0	0	0	0	0	0	0	0	0	0	0	0	0	0	0	0	0	0	0	0	0	0	0	0	0	0	0	0	0	0	0	0	0	0	0	0	0	0	0	0	0	0	0	0	0	0	0	0	0	0	0	0	0	0	0	0	0	0	0	0.5953882933693	0.758069153142434	0.556167323352329	0.505545713407873	0	0.797817788655348	0.680354429829291	0.942771122453164	0.684904388155384	0	0	0	0	0	0	0	0	0	0	0
0	0	0	0	0	0	0	0	0	0	0	0	0	0	0	0	0	0	0	0	0	0	0	0	0	0	0	0	0	0	0	0	0	0	0	0	0	0	0	0	0	0	0	0	0	0	0	0	0	0	0	0	0	0	0	0	0	0	0	0	0	0	0	0	0	0	0	0	0	0.838330601142115	0	0.842230485250432	0	0.863594003359584	0.683498359185116	0	0.666021983355166	0.911805828037843	0.691299591501658	0	0	0	0	0	0	0	0	0.959769116878835	0	0
0	0	0	0	0	0	0	0	0	0	0	0	0	0	0	0	0	0	0	0	0	0	0	0	0	0	0	0	0	0	0	0	0	0	0	0	0	0	0	0	0	0	0	0	0	0	0	0	0	0	0	0	0	0	0	0	0	0	0	0	0	0	0	0	0	0	0	0	0	0	0	0	0.967087201927898	0.799975561217884	0.831533086893635	0.720053304898283	0	0.82697080325847	0.692642742216089	0.628924671195903	0.600529496340279	0	0	0	0	0	0	0	0	0
0	0	0	0	0	0	0	0	0	0	0	0	0	0	0	0	0	0	0	0	0	0	0	0	0	0	0	0	0	0	0	0	0	0	0	0	0	0	0	0	0	0	0	0	0	0	0	0	0	0	0	0	0	0	0	0	0	0	0	0	0	0	0	0	0	0	0	0	0	0	0.610096636332534	0	0	0.882093867828821	0.748614794944792	0.940700650274441	0.88104495017462	0	0.703261035130006	0.71370591188726	0.614706366141593	0.527531020328431	0	0	0	0	0	0	0	0
0	0	0	0	0	0	0	0	0	0	0	0	0	0	0	0	0	0	0	0	0	0	0	0	0	0	0	0	0	0	0	0	0	0	0	0	0	0	0	0	0	0	0	0	0	0	0	0	0	0	0	0	0	0	0	0	0	0	0	0	0	0	0	0	0	0	0	0	0	0	0	0	0	0	0.713885701771372	0.500355083183913	0.695411933549866	0.719862278050509	0	0.640607385182398	0.68038470235481	0.865255589914037	0.873823420439477	0	0	0	0	0	0	0
0	0	0	0	0	0	0	0	0	0	0	0	0	0	0	0	0	0	0	0	0	0	0	0	0	0	0	0	0	0	0	0	0	0	0	0	0	0	0	0	0	0	0	0	0	0	0	0	0	0	0	0	0	0	0	0	0	0	0	0	0	0	0	0	0	0	0	0	0	0	0	0	0	0	0	0	0.599486053972118	0.767909036697527	0.793739723333297	0	0.819941825901873	0.676577533218678	0.740713307216469	0.952958727439122	0	0	0	0	0	0
0	0	0	0	0	0	0	0	0	0	0	0	0	0	0	0	0	0	0	0	0	0	0	0	0	0	0	0	0	0	0	0	0	0	0	0	0	0	0	0	0	0	0	0	0	0	0	0	0	0	0	0	0	0	0	0	0	0	0	0	0	0	0	0	0	0	0	0	0	0	0.953092618962673	0	0	0	0	0	0.669074999403793	0.941445900756038	0.963008610974353	0.898626602244188	0	0	0.660267763057695	0.674515761260308	0.957460539154233	0	0	0	0	0
0	0	0	0	0	0	0	0	0	0	0	0	0	0	0	0	0	0	0	0	0	0	0	0	0	0	0	0	0	0	0	0	0	0	0	0	0	0	0	0	0	0	0	0	0	0	0	0	0	0	0	0	0	0	0	0	0	0	0	0	0	0	0	0	0	0	0	0	0	0	0	0	0	0	0	0	0	0.718781577205201	0.978924273828858	0.656056322806233	0	0	0.719810810884208	0.918527742947943	0.619019753531204	0.800722421145876	0	0	0	0
0	0	0	0	0	0	0	0	0	0	0	0	0	0	0	0	0	0	0	0	0	0	0	0	0	0	0	0	0	0	0	0	0	0	0	0	0	0	0	0	0	0	0	0	0	0	0	0	0	0	0	0	0	0	0	0	0	0	0	0	0	0	0	0	0	0	0.889541222387863	0.539069068417816	0	0	0	0	0	0	0	0	0	0	0.627111409311673	0.665771851098523	0.647648618153534	0.774211169675876	0	0.722510058391129	0	0.904207868112752	0.979242612201816	0	0	0
0	0	0	0	0	0	0	0	0	0	0	0	0	0	0	0	0	0	0	0	0	0	0	0	0	0	0	0	0	0	0	0	0	0	0	0	0	0	0	0	0	0	0	0	0	0	0	0	0	0	0	0	0	0	0	0	0	0	0	0	0	0	0	0	0	0	0	0	0	0	0	0	0.58309786572868	0	0	0	0	0	0	0.764418796680309	0.834604610708231	0.889919711904335	0.872727662300185	0	0.620634064692947	0	0.657100853320519	0.667275647610486	0	0
0	0	0	0	0	0	0	0	0	0	0	0	0	0	0	0	0	0	0	0	0	0	0	0	0	0	0	0	0	0	0	0	0	0	0	0	0	0	0	0	0	0	0	0	0	0	0	0	0	0	0	0	0	0	0	0	0	0	0	0	0	0	0	0	0	0	0	0	0	0	0	0	0.765170254214795	0	0	0	0	0	0	0	0.981897802628351	0.699278473019943	0	0.648605803778663	0	0.734991343901911	0.57662513957399	0.631761058222733	0.575671778124952	0
0	0	0	0	0	0	0	0	0	0	0	0	0	0	0	0	0	0	0	0	0	0	0	0	0	0	0	0	0	0	0	0	0	0	0	0	0	0	0	0	0	0	0	0	0	0	0	0	0	0	0	0	0	0	0	0	0	0	0	0	0	0	0	0	0	0	0	0	0	0	0	0	0	0	0	0	0	0	0	0	0	0.893622738718704	0.708250835965676	0	0.630466940361495	0	0.596705507844171	0.747734756369131	0.641976891259114	0.527470519392907
0	0	0	0	0	0	0	0	0	0	0	0	0	0	0	0	0	0	0	0	0	0	0	0	0	0	0	0	0	0	0	0	0	0	0	0	0	0	0	0	0	0	0	0	0	0	0	0	0	0	0	0	0	0	0	0	0	0	0	0	0	0	0	0	0	0	0	0	0	0.618689680478106	0	0	0	0	0	0	0	0	0	0	0	0	0.711445623721147	0.878074200023742	0.915048330473208	0.525718826554963	0	0.874722891002039	0.9125037117859	0.552959218019526
0	0	0	0	0	0	0	0	0	0	0	0	0	0	0	0	0	0	0	0	0	0	0	0	0	0	0	0	0	0	0	0	0	0	0	0	0	0	0	0	0	0	0	0	0	0	0	0	0	0	0	0	0	0	0	0	0	0	0	0	0	0.789964341815297	0	0	0	0	0	0	0	0	0	0	0	0	0	0.54106814756423	0	0	0	0	0	0	0	0.547574164547927	0.516549642322211	0.727077967425193	0.677320324900395	0	0.863921900521837	0.533787812415659
0	0	0	0	0	0	0	0	0	0	0	0	0	0	0	0	0	0	0	0	0	0	0	0	0	0	0	0	0	0	0	0	0	0	0	0	0	0	0	0	0	0	0	0	0	0	0	0	0	0	0	0	0	0	0	0	0	0	0	0	0.680148123291495	0	0.643716784201823	0	0	0	0	0	0.567657072410322	0	0	0	0	0	0	0	0	0	0	0	0	0	0	0	0.513298527363114	0.86043870969164	0.819363358234763	0.739413999352044	0	0.844020798788206
0	0	0	0	0	0	0	0	0	0	0	0	0	0	0	0	0	0	0	0	0	0	0	0	0	0	0	0	0	0	0	0	0	0	0	0	0	0	0	0	0	0	0	0	0	0	0	0	0	0	0	0	0	0	0	0	0	0	0	0	0.755036870364618	0.947767938846911	0.914677252434868	0.686460501733979	0	0	0	0	0	0	0	0	0	0	0	0	0	0	0	0	0	0	0	0	0	0.847290940354899	0.528879581474635	0.895737610358664	0.600774911587757	0
