0	0.528316349836251	0.831432361947598	0.652939348974697	0.918522631135435	0	0	0	0	0	0	0	0	0	0	0	0	0	0	0	0	0	0	0	0	0	0.53139598271705	0.548096036207962	0.992880643711496	0.999574169834647	0	0	0	0	0	0	0	0	0	0	0	0	0	0	0	0	0	0	0	0	0	0	0	0	0	0	0	0	0	0	0	0	0	0	0	0	0	0	0	0	0	0	0	0	0	0	0	0	0	0	0	0	0	0	0	0	0	0	0	0
0.600967984782935	0	0.542193219722898	0.986375638625499	0.515139130044168	0	0	0	0	0	0	0	0	0	0	0	0.510609878910519	0	0	0.787299168605593	0	0	0	0	0	0	0	0.577556158789015	0.928091808225909	0.840058426193363	0	0	0	0	0	0	0	0	0	0	0	0	0	0	0	0	0	0	0	0	0	0	0	0	0	0	0	0	0	0	0	0	0	0	0	0	0	0	0	0	0	0	0	0	0	0	0	0	0	0	0	0	0	0	0	0	0	0	0	0
0.692675171420878	0.88391401856256	0	0.73605007572638	0.946131139664791	0.795221916137368	0.708657570647132	0	0	0	0	0	0	0	0	0	0	0	0	0	0	0	0	0	0	0	0	0	0.643565871476109	0.711799319217587	0	0	0	0	0	0	0	0	0	0	0	0	0	0	0	0	0	0	0	0	0	0	0	0	0	0	0	0	0	0	0	0	0	0	0	0	0	0	0	0	0	0	0	0	0	0	0	0	0	0	0	0	0	0	0	0	0	0	0	0
0.56771742685691	0.507917284329342	0.826450022714908	0	0.985464364338188	0.889452402588764	0.854777112949422	0.566578983306732	0	0	0	0	0	0	0	0	0	0	0	0	0	0	0	0	0	0	0	0	0	0.707585619711293	0	0	0	0	0	0	0	0	0	0	0	0	0	0	0	0	0	0	0	0	0	0	0	0	0	0	0	0	0	0	0	0	0	0	0	0	0	0	0	0	0	0	0	0	0	0	0	0	0	0	0	0	0	0	0	0	0	0	0	0
0.89035156879066	0.51405367582728	0.638485767889259	0.683050972109195	0	0	0.575378309246978	0.552935890654129	0.588243618599492	0	0.769941525678439	0	0	0	0	0	0	0	0	0	0	0	0	0	0	0	0	0	0.618909207813122	0	0	0	0	0	0	0	0	0	0	0	0	0	0	0	0	0	0	0	0	0	0	0	0	0	0	0	0	0	0	0	0	0	0	0	0	0	0	0	0	0	0	0	0	0	0	0	0	0	0	0	0	0	0	0	0	0	0	0	0	0
0	0	0.538558371877954	0.598791801987079	0	0	0.56478715849728	0.720684915198037	0.722933995308527	0.971609681153227	0	0	0	0	0	0	0	0	0	0	0	0	0	0	0	0	0	0	0	0	0	0	0	0	0	0	0	0	0	0	0	0	0	0	0	0	0	0	0	0	0	0	0	0	0	0	0	0	0	0	0	0	0	0	0	0	0	0	0	0	0	0	0	0	0	0	0	0	0	0	0	0	0	0	0	0	0	0	0	0
0	0	0.732420936302436	0.784796133902018	0.846900023048279	0.665743975651908	0	0.550847463038244	0.518751145531069	0.809276776221423	0.817204929646382	0	0	0	0	0	0	0	0	0	0	0	0	0	0	0	0	0	0	0	0	0	0	0	0	0	0	0	0	0	0	0	0	0	0	0	0	0	0	0	0	0	0	0	0	0	0	0	0	0	0	0	0	0	0	0	0	0	0	0	0	0	0	0	0	0	0	0	0	0	0	0	0	0	0	0	0	0	0	0
0	0	0	0.895841883685128	0.541564396390739	0.988519703772001	0.637030476509197	0	0.545203660330369	0.708053979371292	0.643364646219819	0.736346927422745	0	0	0	0	0	0	0	0	0	0	0	0	0	0	0	0	0	0	0	0	0	0	0	0	0	0	0	0	0	0	0	0	0	0	0	0	0	0	0	0	0	0	0	0	0	0	0	0	0	0	0	0	0	0	0	0	0	0	0	0	0	0	0	0	0	0	0	0	0	0	0	0	0	0	0	0	0	0
0	0	0	0	0.962077378412444	0.928503744712472	0.500679509035939	0.714766176822271	0	0.619859800272379	0.75693712334403	0.90741076440695	0.686336168069667	0.54057517757245	0	0	0	0	0	0	0	0	0	0	0	0	0	0	0	0	0	0	0	0	0	0	0	0	0	0	0	0	0	0	0	0	0	0	0	0	0	0	0	0	0	0	0	0	0	0	0	0	0	0	0	0	0	0	0	0	0	0	0	0	0	0	0	0	0	0	0	0	0	0	0	0	0	0	0	0
0	0	0	0	0	0.62394510200141	0.641296150668147	0.741040921154262	0.940372881972717	0	0.998117515669683	0.762090325527318	0.542676548279738	0.95058042775973	0	0	0	0	0	0	0	0	0	0	0	0	0	0	0	0	0	0	0	0	0	0	0	0	0	0	0	0	0	0	0	0	0	0	0	0	0	0	0	0	0	0	0	0	0	0	0	0	0	0	0	0	0	0	0	0	0	0	0	0	0	0	0	0	0	0	0	0	0	0	0	0	0	0	0	0
0	0	0	0	0.83755926971339	0	0.806188406192575	0.64784591121551	0.62293161786274	0.68538596912539	0	0	0.762094958133402	0.590329590603531	0.776261720595001	0	0	0	0	0	0	0	0	0.558393895162384	0	0	0	0	0	0	0	0	0	0	0	0	0	0	0	0	0	0	0	0	0	0	0	0	0	0	0	0	0	0	0	0	0	0	0	0	0	0	0	0	0	0	0	0	0	0	0	0	0	0	0	0	0	0	0	0	0	0	0	0	0	0	0	0	0	0
0	0	0	0	0	0	0	0.802189288674387	0.613724138369909	0.963235571037539	0	0	0.632008186994801	0.81813395746323	0.806219335988411	0.753217834395432	0	0	0	0	0	0	0	0	0	0	0.848178778234175	0	0	0	0	0	0	0	0	0	0	0	0	0	0	0	0	0	0	0	0	0	0	0	0	0	0	0	0	0	0	0	0	0	0	0	0	0	0	0	0	0	0	0	0	0	0	0	0	0	0	0	0	0	0	0	0	0	0	0	0	0	0	0
0	0	0	0	0	0	0	0	0.954344578920419	0.945322862553925	0.524168205706722	0.563423581953966	0	0.671260629114994	0.841119478054887	0.82719131907482	0.845206638295034	0	0	0	0	0	0	0	0	0	0	0	0	0	0	0	0	0	0	0	0	0	0	0	0	0	0	0	0	0	0	0	0	0	0	0	0	0	0	0	0	0	0	0	0	0	0	0	0	0	0	0	0	0	0	0	0	0	0	0	0	0	0	0	0	0	0	0	0	0	0	0	0	0
0	0	0	0	0	0	0	0	0.872099316167144	0.512538732888573	0.512851881687188	0.675882349358495	0.595223970266312	0	0.742407780366303	0.954810349439937	0.917058276107482	0	0	0	0	0	0	0	0	0	0	0	0	0	0	0	0	0	0	0	0	0	0	0	0	0	0	0	0	0	0	0	0	0	0	0	0	0	0	0	0	0	0	0	0	0	0	0	0	0	0	0	0	0	0	0	0	0	0	0	0	0	0	0	0	0	0	0	0	0	0	0	0	0
0	0	0	0	0	0	0	0	0	0	0.510978408639079	0.794206080269815	0.76484872770567	0.592115867837641	0	0.753656128894055	0.694498047855927	0.538486292547452	0.892832741681688	0	0	0	0	0	0	0	0	0	0	0	0	0	0	0	0	0	0	0	0	0	0	0	0	0	0	0	0	0	0	0	0	0	0	0	0	0	0	0	0	0	0	0	0	0	0	0	0	0	0	0	0	0	0	0	0	0	0	0	0	0	0	0	0	0	0	0	0	0	0	0
0	0	0	0	0	0	0	0	0	0	0	0.967612698564712	0.514669346491629	0.725361205576455	0.568194745377452	0	0.716913027336657	0	0.846880726110108	0.501176447209429	0	0	0	0	0	0	0	0	0.773663073034432	0	0	0	0	0	0	0	0	0	0	0	0	0	0	0	0	0	0	0	0	0	0	0	0	0	0	0	0	0	0	0	0	0	0	0	0	0	0	0	0	0	0	0	0	0	0	0	0	0	0	0	0	0	0	0	0	0	0	0	0	0
0	0.605731985353987	0	0	0	0	0	0	0	0	0	0	0.802922878842861	0.835910455150642	0.725615585152716	0.91800773500341	0	0.930686555035873	0	0.50236728716334	0.628050905979354	0	0	0	0	0	0	0	0	0	0	0	0	0	0	0	0	0	0	0	0	0	0	0	0	0	0	0	0	0	0	0	0	0	0	0	0	0	0	0	0	0	0	0	0	0	0	0	0	0	0	0	0	0	0	0	0	0	0	0	0	0	0	0	0	0	0	0	0	0
0	0	0	0	0	0	0	0	0	0	0	0	0	0	0.991912417949413	0	0.619655463624365	0	0.569841770422553	0.567650256812183	0.777195268387953	0.63727824039967	0	0	0.966994353404319	0	0	0	0	0	0	0	0	0	0	0	0	0	0	0	0	0	0	0	0	0	0	0	0	0	0	0	0	0	0	0	0	0	0	0	0	0	0	0	0	0	0	0	0	0	0	0	0	0	0	0	0	0	0	0	0	0	0	0	0	0	0	0	0	0
0	0	0	0	0	0	0	0	0	0	0	0	0	0	0.865628094544728	0.720350955410967	0	0.817978505020602	0	0.62185133263878	0.887193141832679	0.745483118242648	0.612021105784207	0	0	0	0	0	0	0	0	0	0	0	0	0	0	0	0	0	0	0	0	0	0	0	0	0	0	0	0	0	0	0	0	0	0	0	0	0	0	0	0	0	0	0	0	0	0	0	0	0	0	0	0	0	0	0	0	0	0	0	0	0	0	0	0	0	0	0
0	0.621606861012959	0	0	0	0	0	0	0	0	0	0	0	0	0	0.678509725564635	0.698594466987051	0.559805753672543	0.959501648365772	0	0.793595592125968	0.553516370813624	0.73345934090414	0.91076907703116	0	0	0	0	0	0	0	0	0	0	0	0	0	0	0	0	0	0	0	0	0	0	0	0	0	0	0	0	0	0	0	0	0	0	0	0	0	0	0	0	0	0	0	0	0	0	0	0	0	0	0	0	0	0	0	0	0	0	0	0	0	0	0	0	0	0
0	0	0	0	0	0	0	0	0	0	0	0	0	0	0	0	0.774456035511977	0.812030068196943	0.570866321022871	0.897219072581936	0	0.76449268306885	0.628575427985354	0.601025955124036	0.811161166808186	0.578227749640349	0	0	0	0	0	0	0	0	0	0	0	0	0	0	0	0	0	0	0	0	0	0	0	0	0	0	0	0	0	0	0	0	0	0	0	0	0	0	0	0	0	0	0	0	0	0	0	0	0	0	0	0	0	0	0	0	0	0	0	0	0	0	0	0
0	0	0	0	0	0	0	0	0	0	0	0	0	0	0	0	0	0.685657154448034	0.759031763171314	0.986901015444309	0.655103782888989	0	0.742378731238514	0.576927928655108	0.673020819252756	0.817783815797159	0	0	0	0	0	0	0	0	0	0	0	0	0	0	0	0	0	0	0	0	0	0	0	0	0	0	0	0	0	0	0	0	0	0	0	0	0	0	0	0	0	0	0	0	0	0	0	0	0	0	0	0	0	0	0	0	0	0	0	0	0	0	0	0
0	0	0	0	0	0	0	0	0	0	0	0	0	0	0	0	0	0	0.779943038531711	0.732649030479929	0.555411635560286	0.59391905936387	0	0.987185891914388	0.802475319356159	0.532928856609526	0.55841215471825	0	0	0	0	0	0	0	0	0	0	0	0	0	0	0	0	0	0	0	0	0	0	0	0	0	0	0	0	0	0	0	0	0	0	0	0	0	0	0	0	0	0	0	0	0	0	0	0	0	0	0	0	0	0	0	0	0	0	0	0	0	0	0
0	0	0	0	0	0	0	0	0	0	0.622758699999537	0	0	0	0	0	0	0	0	0.728016603846066	0.603724869105699	0.941901684235739	0.755761258057937	0	0.782078439941991	0.733134331441742	0	0.966766714032913	0	0	0	0	0	0	0	0	0	0	0	0	0	0	0	0	0	0	0	0	0	0	0	0	0	0	0	0	0	0	0	0	0	0	0	0	0	0	0	0	0	0	0	0	0	0	0	0	0	0	0	0	0	0	0	0	0	0	0	0	0	0
0	0	0	0	0	0	0	0	0	0	0	0	0	0	0	0	0	0.932679433424691	0	0	0.503710829595015	0.982633788977815	0.958034020798076	0.606706620079785	0	0.926751685380268	0.906167254917432	0	0.983237942629841	0	0	0	0	0	0	0	0	0	0	0	0	0	0	0	0	0	0	0	0	0	0	0	0	0	0	0	0	0	0	0	0	0	0	0	0	0	0	0	0	0	0	0	0	0	0	0	0	0	0	0	0	0	0	0	0	0	0	0	0	0
0	0	0	0	0	0	0	0	0	0	0	0	0	0	0	0	0	0	0	0	0.95073816172891	0.618654229631854	0.689875368814821	0.647053157741802	0.607720180548008	0	0.582746315092936	0.505485447031888	0	0.768565844584126	0	0	0	0	0	0	0	0	0	0	0	0	0	0	0	0	0	0	0	0	0	0	0	0	0	0	0	0	0	0	0	0	0	0	0	0	0	0	0	0	0	0	0	0	0	0	0	0	0	0	0	0	0	0	0	0	0	0	0	0
0.753373439860813	0	0	0	0	0	0	0	0	0	0	0.608629064694797	0	0	0	0	0	0	0	0	0	0	0.594964718515622	0	0.598797530602789	0.929294670497779	0	0.830252696060962	0.551691757575875	0	0	0	0	0	0	0	0	0	0	0	0	0	0	0	0	0	0	0	0	0	0	0	0	0	0	0	0	0	0	0	0	0	0	0	0	0	0	0	0	0	0	0	0	0	0	0	0	0	0	0	0	0	0	0	0	0	0	0	0	0
0.949032015527957	0.769541889250486	0	0	0	0	0	0	0	0	0	0	0	0	0	0	0	0	0	0	0	0	0	0.780364591035272	0	0.708854057580363	0.997611743623426	0	0.889098954684605	0.738288833108731	0	0	0	0	0	0	0	0	0	0	0	0	0	0	0	0	0	0	0	0	0	0	0	0	0	0	0	0	0	0	0	0	0	0	0	0	0	0	0	0	0	0	0	0	0	0	0	0	0	0	0	0	0	0	0	0	0	0	0	0
0.827227628955425	0.971072287468127	0.650842004746657	0	0.641438368325452	0	0	0	0	0	0	0	0	0	0	0.915955691967409	0	0	0	0	0	0	0	0	0.774274117997354	0	0.898375638590764	0.728297684362559	0	0.798529146360505	0	0	0	0	0	0	0	0	0	0	0	0	0	0	0	0	0	0	0	0	0	0	0	0	0	0	0	0	0	0	0	0	0	0	0	0	0	0	0	0	0	0	0	0	0	0	0	0	0	0	0	0	0	0	0	0	0	0	0	0
0.569710947772378	0.667596304650308	0.952408629658545	0.6724954116482	0	0	0	0	0	0	0	0	0	0	0	0	0	0	0	0	0	0	0	0	0	0.796555507218583	0	0.8154272473125	0.541386954268049	0	0	0	0	0	0	0	0	0	0	0	0	0	0	0	0	0	0	0	0	0	0	0	0	0	0	0	0	0	0	0	0	0	0	0	0	0	0	0	0	0	0	0	0	0	0	0	0	0	0	0	0	0	0	0	0	0	0	0	0	0
0	0	0	0	0	0	0	0	0	0	0	0	0	0	0	0	0	0	0	0	0	0	0	0	0	0	0	0	0	0	0	0	0	0.769109784498537	0	0	0.571853962124624	0.737093761848411	0	0	0	0	0	0.752255644499348	0	0	0	0	0.770185531843998	0	0	0	0	0.740447587613958	0.637751750144507	0	0.723433516870401	0	0.95150680756609	0	0	0	0	0	0	0	0	0	0	0	0	0	0	0	0	0	0	0	0	0	0	0	0	0	0	0	0	0	0	0
0	0	0	0	0	0	0	0	0	0	0	0	0	0	0	0	0	0	0	0	0	0	0	0	0	0	0	0	0	0	0	0	0	0.869549126392711	0	0	0.945740522438922	0	0	0	0.824954504173	0	0.925530513815899	0.923718036367817	0	0.972595224999985	0	0	0.657058293961	0	0	0.812604859878114	0	0.763579440260473	0	0	0	0	0	0.504981042406824	0	0	0	0	0	0	0	0	0	0	0	0	0	0	0	0	0	0	0	0	0	0	0	0	0	0	0	0	0	0
0	0	0	0	0	0	0	0	0	0	0	0	0	0	0	0	0	0	0	0	0	0	0	0	0	0	0	0	0	0	0	0	0	0.601157964655212	0.881928719128769	0.639994103137783	0	0	0	0.851343015316472	0	0	0.917911658257365	0	0	0	0.901214630307993	0	0	0.883652288447774	0	0	0	0.514835482398413	0.854142547899053	0	0	0	0.798233543482125	0	0	0	0	0	0	0	0	0	0	0	0	0	0	0	0	0	0	0	0	0	0	0	0	0	0	0	0	0	0	0
0	0	0	0	0	0	0	0	0	0	0	0	0	0	0	0	0	0	0	0	0	0	0	0	0	0	0	0	0	0	0.53704023064971	0.607565239753841	0.677312885737499	0	0	0	0	0	0	0.719974715832203	0	0.839874674015695	0.619424426788886	0.658552989690741	0	0	0.638440441338165	0.870624416462254	0	0.512657048170414	0	0.622069347690041	0	0	0	0	0	0	0	0	0	0	0	0	0	0	0	0	0	0	0	0	0	0	0	0	0	0	0	0	0	0	0	0	0	0	0	0	0	0
0	0	0	0	0	0	0	0	0	0	0	0	0	0	0	0	0	0	0	0	0	0	0	0	0	0	0	0	0	0	0	0	0.77846467505863	0	0	0.695273143315909	0.60202246173316	0	0	0.774240997388163	0	0.879142227550138	0	0	0.736637079231503	0	0.678218817296147	0	0	0	0	0.757662683056541	0	0.536575833565655	0	0	0	0	0	0	0	0	0	0	0	0	0	0	0	0	0	0	0	0	0	0	0	0	0	0	0	0	0	0	0	0	0	0	0	0
0	0	0	0	0	0	0	0	0	0	0	0	0	0	0	0	0	0	0	0	0	0	0	0	0	0	0	0	0	0	0	0	0.633063247092946	0	0.678135550049233	0	0	0.63941919951868	0	0	0.543402596880289	0	0.919114577162792	0.519062730014359	0	0	0	0	0.535684981821337	0	0	0	0.803555042503515	0	0	0	0	0.656728341545955	0	0	0	0	0	0	0	0	0	0	0	0	0	0	0	0	0	0	0	0	0	0	0	0	0	0	0	0	0	0	0	0
0	0	0	0	0	0	0	0	0	0	0	0	0	0	0	0	0	0	0	0	0	0	0	0	0	0	0	0	0	0	0.524398339144574	0.84450398041863	0	0	0.763554928361412	0	0	0	0	0	0	0	0	0	0.717301615594327	0	0	0	0	0	0.592555200089606	0.601393793315594	0	0.865376170363471	0	0.551731655439255	0.787247147170476	0.929586795528905	0	0	0	0	0	0	0	0	0	0	0	0	0	0	0	0	0	0	0	0	0	0	0	0	0	0	0	0	0	0	0	0
0	0	0	0	0	0	0	0	0	0	0	0	0	0	0	0	0	0	0	0	0	0	0	0	0	0	0	0	0	0	0.690291291840466	0	0	0	0	0.884016918526982	0	0	0.688450160020495	0.809807064803089	0	0	0.958094999685469	0	0	0	0	0	0	0	0	0	0	0.619283657590166	0	0.700763189231946	0	0.594728951030987	0	0	0	0	0	0	0	0	0	0	0	0	0	0	0	0	0	0	0	0	0	0	0	0	0	0	0	0	0	0	0	0
0	0	0	0	0	0	0	0	0	0	0	0	0	0	0	0	0	0	0	0	0	0	0	0	0	0	0	0	0	0	0	0	0	0	0	0	0	0.700594581957599	0	0	0.819538998557756	0	0.924866474514123	0.953765042947411	0.701032676330369	0	0	0.811889105442414	0.837229605893473	0	0	0	0	0.676683374977627	0	0	0	0	0	0	0	0	0	0	0	0	0	0	0	0	0	0	0	0	0	0	0	0	0	0	0	0	0	0	0	0	0	0	0	0
0	0	0	0	0	0	0	0	0	0	0	0	0	0	0	0	0	0	0	0	0	0	0	0	0	0	0	0	0	0	0	0	0.905297074823445	0.869115209530425	0.924702741046658	0	0	0.668318377433773	0	0	0.573798499829518	0.659561070833907	0	0	0.768644539872919	0	0	0	0	0.837718834057379	0	0	0	0	0.995589352707871	0	0.987603440332367	0	0	0	0	0	0	0	0	0	0	0	0	0	0	0	0	0	0	0	0	0	0	0	0	0	0	0	0	0	0	0	0	0
0	0	0	0	0	0	0	0	0	0	0	0	0	0	0	0	0	0	0	0	0	0	0	0	0	0	0	0	0	0	0	0.871585698980982	0	0	0	0.857109873795694	0	0	0.557359785233138	0.723809673567294	0	0	0.662231232421331	0	0	0	0.649471396412691	0.642046733062744	0.691578947286928	0	0	0	0	0	0	0	0	0	0	0.873678115945721	0	0	0	0	0	0	0	0	0	0	0	0	0	0	0	0	0	0	0	0	0	0	0	0	0	0	0	0	0	0
0	0	0	0	0	0	0	0	0	0	0	0	0	0	0	0	0	0	0	0	0	0	0	0	0	0	0	0	0	0	0	0	0	0.559735440194451	0.847409531021721	0	0	0	0	0.645931344054982	0	0	0	0	0.713644181153256	0.95277917999185	0	0.673259579120988	0.537297770232914	0	0.634133499387373	0	0	0	0.787865570363301	0	0	0	0	0.701933598266209	0	0	0	0	0	0	0	0	0	0	0	0	0	0	0	0	0	0	0	0	0	0	0	0	0	0	0	0	0	0
0	0	0	0	0	0	0	0	0	0	0	0	0	0	0	0	0	0	0	0	0	0	0	0	0	0	0	0	0	0	0	0.988136314977581	0.569811725036175	0.893006368095981	0	0.968041480148651	0	0.958153855740759	0.539632268164497	0	0.523392925428233	0	0	0.692258387101792	0	0.924324033161473	0	0	0	0	0	0	0.636284959704627	0	0	0	0.794834978093722	0	0.891519053642895	0	0	0	0	0	0	0	0	0	0	0	0	0	0	0	0	0	0	0	0	0	0	0	0	0	0	0	0	0	0	0
0	0	0	0	0	0	0	0	0	0	0	0	0	0	0	0	0	0	0	0	0	0	0	0	0	0	0	0	0	0	0.78000994344666	0.731350806250776	0	0.567988097652666	0	0.642152719312733	0	0	0.562868368816324	0	0	0	0.954097581690238	0	0	0.582318226286616	0	0.555784701256465	0.688928476223184	0	0.887342397076174	0	0	0.510032461181181	0	0	0	0	0.740525476414341	0	0	0	0	0	0	0	0	0	0	0	0	0	0	0	0	0	0	0	0	0	0	0	0	0	0	0	0	0	0	0
0	0	0	0	0	0	0	0	0	0	0	0	0	0	0	0	0	0	0	0	0	0	0	0	0	0	0	0	0	0	0	0	0	0	0.596124647794621	0	0.790683781746138	0	0.983404805517433	0.73135478360751	0	0.978609167031776	0	0	0	0	0	0	0.819715806556207	0.593487549018331	0	0	0	0	0.967533985013294	0	0.938698696031268	0	0	0	0	0	0	0	0	0	0	0	0	0	0	0	0	0	0	0	0	0	0	0	0	0	0	0	0	0	0	0	0	0
0	0	0	0	0	0	0	0	0	0	0	0	0	0	0	0	0	0	0	0	0	0	0	0	0	0	0	0	0	0	0	0.643413076790282	0	0	0	0	0	0	0	0	0	0.880146481200254	0.622300331359218	0.845755448852964	0	0	0	0	0.855252932313131	0.750267371200353	0.928065182109074	0.598715151346822	0.523114627100159	0	0.570489744895606	0	0	0	0.894122271649	0.631994605612404	0	0	0	0	0	0	0	0	0	0	0	0	0	0	0	0	0	0	0	0	0	0	0	0	0	0	0	0	0	0
0	0	0	0	0	0	0	0	0	0	0	0	0	0	0	0	0	0	0	0	0	0	0	0	0	0	0	0	0	0	0	0	0.998923816879335	0.973582168487855	0.518603890078766	0	0	0	0	0	0.967583681605666	0	0	0	0	0	0	0.835926669461168	0.772614676692743	0.569493595346312	0	0.907817516904287	0.853907823688435	0	0	0	0	0	0	0	0	0	0	0	0	0	0	0	0	0	0	0	0	0	0	0	0	0	0	0	0	0	0	0	0	0	0	0	0	0
0	0	0	0	0	0	0	0	0	0	0	0	0	0	0	0	0	0	0	0	0	0	0	0	0	0	0	0	0	0	0	0	0	0.90985361578071	0	0	0	0	0.532564756057314	0	0.782967781939018	0.580138887543215	0	0.559269876302289	0	0	0.925038937087436	0	0	0.902289836937321	0.696680987538329	0	0	0	0	0.881290555937625	0	0	0	0	0	0	0	0	0	0	0	0	0	0	0	0	0	0	0	0	0	0	0	0	0	0	0	0	0	0	0	0	0	0
0	0	0	0	0	0	0	0	0	0	0	0	0	0	0	0	0	0	0	0	0	0	0	0	0	0	0	0	0	0	0.582586448178827	0.646275465041652	0	0	0	0.850413031412344	0	0	0.697361044504755	0	0.573790670331266	0.904792765407826	0	0.897730264578616	0.621329717978736	0.544511182600059	0.621944406756197	0	0	0.791791051541965	0.767808906622461	0.799446466563454	0	0.980717712113562	0	0	0.773870844718126	0	0	0	0	0	0	0	0	0	0	0	0	0	0	0	0	0	0	0	0	0	0	0	0	0	0	0	0	0	0	0	0	0
0	0	0	0	0	0	0	0	0	0	0	0	0	0	0	0	0	0	0	0	0	0	0	0	0	0	0	0	0	0	0	0	0.97156191580959	0.657086034587503	0	0	0	0	0	0.77316222302475	0	0	0	0	0.823015527285946	0.682893893368491	0.868188579514443	0.850436027595353	0.783292179799945	0	0.560685506958926	0.566726756219096	0.678232191762288	0.773637943755765	0.924667501076684	0	0	0	0	0.527372961982434	0	0	0	0	0	0	0	0	0	0	0	0	0	0	0	0	0	0	0	0	0	0	0	0	0	0	0	0	0	0
0	0	0	0	0	0	0	0	0	0	0	0	0	0	0	0	0	0	0	0	0	0	0	0	0	0	0	0	0	0	0	0	0	0	0	0	0.743838866347083	0	0	0	0	0.53326542531323	0	0.71244317530835	0	0.631309768462499	0	0.777924520624893	0.892377042898877	0.566882513750752	0	0.659304693786365	0	0	0	0	0	0.908046485274134	0	0.906188432911441	0	0	0	0	0	0	0	0	0	0	0	0	0	0	0	0	0	0	0	0	0	0	0	0	0	0	0	0	0	0
0	0	0	0	0	0	0	0	0	0	0	0	0	0	0	0	0	0	0	0	0	0	0	0	0	0	0	0	0	0	0	0.512856546570723	0	0.947555088501819	0.613761020996704	0	0.526392657060012	0	0	0	0	0	0	0	0	0.753205491581113	0.501816594863814	0	0.743318845623569	0.747567983006189	0.866207254825013	0	0.568569946007196	0	0	0.792935133832962	0	0.680991766799998	0	0	0	0	0	0	0	0	0	0	0	0	0	0	0	0	0	0	0	0	0	0	0	0	0	0	0	0	0	0	0	0
0	0	0	0	0	0	0	0	0	0	0	0	0	0	0	0	0	0	0	0	0	0	0	0	0	0	0	0	0	0	0	0	0	0	0	0.984990562742435	0	0	0	0	0	0	0.539650788898761	0	0	0.528346604049608	0.613545466975849	0	0	0.781184024580318	0	0.769195176435353	0	0.722146407585658	0	0.944550456163853	0.571629299855649	0.959786090166389	0	0	0	0	0	0	0	0	0	0	0	0	0	0	0	0	0	0	0	0	0	0	0	0	0	0	0	0	0	0	0	0
0	0	0	0	0	0	0	0	0	0	0	0	0	0	0	0	0	0	0	0	0	0	0	0	0	0	0	0	0	0	0.811655574741034	0.86950931354864	0.561947075340547	0	0.594313779688353	0	0.771352336276951	0.955151699564897	0.598134792886253	0	0	0	0	0.686608127664434	0	0	0	0	0.735304518242975	0.744877042000047	0	0	0.565480830220267	0	0	0.574122085709117	0	0	0	0	0	0	0	0	0	0	0	0	0	0	0	0	0	0	0	0	0	0	0	0	0	0	0	0	0	0	0	0	0	0
0	0	0	0	0	0	0	0	0	0	0	0	0	0	0	0	0	0	0	0	0	0	0	0	0	0	0	0	0	0	0.683652281348357	0	0.627373573270266	0	0	0	0	0	0	0.909880394218077	0	0.843533075757493	0	0	0.656635145880544	0.703090243012665	0	0	0	0.944857616123593	0	0	0	0	0	0	0.57303453748802	0	0	0.781484538439696	0	0	0	0	0	0	0	0	0	0	0	0	0	0	0	0	0	0	0	0	0	0	0	0	0	0	0	0	0	0
0	0	0	0	0	0	0	0	0	0	0	0	0	0	0	0	0	0	0	0	0	0	0	0	0	0	0	0	0	0	0	0	0	0	0	0	0.929110225959386	0.963540745091312	0	0	0	0	0	0	0	0	0	0.890441144856398	0	0	0	0.944381728188669	0.889664854330988	0.631119409400488	0	0	0.946765547271152	0.583050198852126	0	0.648669170684721	0	0	0	0	0	0	0	0	0	0	0	0	0	0	0	0	0	0	0	0	0	0	0	0	0	0	0	0	0	0
0	0	0	0	0	0	0	0	0	0	0	0	0	0	0	0	0	0	0	0	0	0	0	0	0	0	0	0	0	0	0.932952999151004	0	0	0	0	0	0.728857615234828	0	0	0.527849703910502	0	0	0.953055071936177	0	0.968406149640234	0	0	0	0.627062831777697	0	0	0	0.949713394557471	0	0.651813044133116	0.665805524201843	0	0	0.908213372029911	0	0	0	0	0	0	0	0	0	0	0	0	0	0	0	0	0	0	0	0	0	0	0	0	0	0	0	0	0	0	0
0	0	0	0	0	0	0	0	0	0	0	0	0	0	0	0	0	0	0	0	0	0	0	0	0	0	0	0	0	0	0	0	0	0	0	0.74758030188621	0.516455993219599	0.854281192632537	0	0	0	0	0	0	0	0	0	0	0	0	0.957974728181312	0.585006479360983	0.510381356781558	0	0	0.555532234499028	0	0	0.637562703867298	0	0	0	0	0	0	0	0	0	0	0	0	0	0	0	0	0	0	0	0	0	0	0	0	0	0	0	0	0	0	0
0	0	0	0	0	0	0	0	0	0	0	0	0	0	0	0	0	0	0	0	0	0	0	0	0	0	0	0	0	0	0.839792618750587	0	0.959335168018633	0	0	0	0	0	0	0	0	0	0.516081733825943	0.532227259040703	0	0.629048763520204	0	0	0	0	0	0	0	0	0	0	0.517260778199911	0.838630774798515	0	0	0	0	0	0	0	0	0	0	0	0	0	0	0	0	0	0	0	0	0	0	0	0	0	0	0	0	0	0	0	0
0	0	0	0	0	0	0	0	0	0	0	0	0	0	0	0	0	0	0	0	0	0	0	0	0	0	0	0	0	0	0	0.756003240299918	0	0	0	0	0	0	0	0	0.707178624991982	0.627221116652118	0	0	0	0.649340032523397	0	0	0	0.905261473260555	0.89247197986854	0	0	0	0.850271521773521	0.774283988081862	0	0	0	0	0	0	0	0	0	0	0	0	0	0	0	0	0	0	0	0	0	0	0	0	0	0	0	0	0	0	0	0	0	0
0	0	0	0	0	0	0	0	0	0	0	0	0	0	0	0	0	0	0	0	0	0	0	0	0	0	0	0	0	0	0	0	0	0	0	0	0	0	0	0	0	0	0	0	0	0	0	0	0	0	0	0	0	0	0	0	0	0	0	0	0	0.970119278959901	0.563105238562813	0	0.934797603829687	0.693476390529526	0.961514411616065	0	0	0	0.631126020037675	0	0	0	0.912164763447812	0	0	0	0	0	0	0.66077122354187	0	0	0	0.930006548768428	0	0.835944485904743	0	0.56018883146655
0	0	0	0	0	0	0	0	0	0	0	0	0	0	0	0	0	0	0	0	0	0	0	0	0	0	0	0	0	0	0	0	0	0	0	0	0	0	0	0	0	0	0	0	0	0	0	0	0	0	0	0	0	0	0	0	0	0	0	0	0.68127576114763	0	0.979197616998266	0	0.989941222445399	0.543668379226703	0.887172690966834	0	0.672381229933725	0	0	0.520747816158297	0	0	0.848166850131946	0	0	0	0.77781063686678	0	0.595525010838248	0.94761173818445	0	0	0	0.516083974977322	0.725431221546459	0.98763401933957	0.729753994739152	0.505324833226692
0	0	0	0	0	0	0	0	0	0	0	0	0	0	0	0	0	0	0	0	0	0	0	0	0	0	0	0	0	0	0	0	0	0	0	0	0	0	0	0	0	0	0	0	0	0	0	0	0	0	0	0	0	0	0	0	0	0	0	0	0.848068874925659	0.501659264062448	0	0.570911431766661	0.895808945277763	0.582986025381849	0.779422592146975	0.708561109252436	0.687238919297759	0	0.953007381557077	0	0	0	0	0	0	0.54364239170177	0	0	0	0	0	0	0.957537254139319	0	0.796357861784888	0	0	0.61157879156531
0	0	0	0	0	0	0	0	0	0	0	0	0	0	0	0	0	0	0	0	0	0	0	0	0	0	0	0	0	0	0	0	0	0	0	0	0	0	0	0	0	0	0	0	0	0	0	0	0	0	0	0	0	0	0	0	0	0	0	0	0	0	0.637173334759702	0	0.554551678047595	0	0.725117837479159	0.863774427328113	0.656588712347605	0.990147120843027	0	0	0	0	0.781019250304616	0.661922529901676	0	0	0	0	0	0	0.822481514676885	0	0	0	0	0	0.603959517922166	0.812677477709338
0	0	0	0	0	0	0	0	0	0	0	0	0	0	0	0	0	0	0	0	0	0	0	0	0	0	0	0	0	0	0	0	0	0	0	0	0	0	0	0	0	0	0	0	0	0	0	0	0	0	0	0	0	0	0	0	0	0	0	0	0.507146502069831	0.585575681034013	0.642433775156946	0.846228858230641	0	0.59207923660126	0.795631914692999	0.661177150863126	0.68681398295098	0	0.879124661376119	0	0	0	0	0	0	0	0.6564957168392	0.586588017497643	0	0	0	0	0	0.845956117970138	0.88082172424024	0.861395085645696	0	0.908563583190301
0	0	0	0	0	0	0	0	0	0	0	0	0	0	0	0	0	0	0	0	0	0	0	0	0	0	0	0	0	0	0	0	0	0	0	0	0	0	0	0	0	0	0	0	0	0	0	0	0	0	0	0	0	0	0	0	0	0	0	0	0.6733444707789	0.880314747133289	0.788035077378476	0	0.684616379028267	0	0.782285302646681	0.898861963359963	0.934116791966638	0.741551130040097	0.53086586297358	0	0.832172619682858	0	0	0	0	0	0	0	0	0	0	0	0	0.79789683603361	0.589617861263534	0	0.900693293299302	0
0	0	0	0	0	0	0	0	0	0	0	0	0	0	0	0	0	0	0	0	0	0	0	0	0	0	0	0	0	0	0	0	0	0	0	0	0	0	0	0	0	0	0	0	0	0	0	0	0	0	0	0	0	0	0	0	0	0	0	0	0.582612538478805	0.849074583430212	0.548520097858868	0.751340736113265	0.508403583470285	0.571500149534257	0	0.703723501208036	0.920537393333432	0.982114935115873	0	0	0.990535239731772	0	0	0.511833370743721	0	0	0	0.759051850089695	0	0.837814395116881	0	0.709702112240636	0.717533650870992	0	0	0	0	0
0	0	0	0	0	0	0	0	0	0	0	0	0	0	0	0	0	0	0	0	0	0	0	0	0	0	0	0	0	0	0	0	0	0	0	0	0	0	0	0	0	0	0	0	0	0	0	0	0	0	0	0	0	0	0	0	0	0	0	0	0	0	0.855098590343008	0.710202794545034	0.661756243265292	0.566594021195726	0.913744116173528	0	0.556678392389046	0	0.592165414100783	0.591125817860162	0	0.846206637545848	0	0.67627400112297	0.916798783258494	0	0	0	0	0	0	0	0.988477322321555	0.718774999783588	0	0.735338886415246	0	0.772526147594158
0	0	0	0	0	0	0	0	0	0	0	0	0	0	0	0	0	0	0	0	0	0	0	0	0	0	0	0	0	0	0	0	0	0	0	0	0	0	0	0	0	0	0	0	0	0	0	0	0	0	0	0	0	0	0	0	0	0	0	0	0	0.899674044721389	0.837586663095999	0.608078423984221	0.688944458521985	0.54384307596185	0.591327669321227	0.979152189879437	0	0.638938718796778	0	0.706665525511545	0.656253345644387	0.747857415785092	0.983418731396135	0.888474255215266	0	0.984638869747079	0	0	0	0	0	0	0	0	0	0.887878019198151	0	0
0	0	0	0	0	0	0	0	0	0	0	0	0	0	0	0	0	0	0	0	0	0	0	0	0	0	0	0	0	0	0	0	0	0	0	0	0	0	0	0	0	0	0	0	0	0	0	0	0	0	0	0	0	0	0	0	0	0	0	0	0	0	0	0.859724694184227	0	0.881398114412864	0.870004797991995	0	0.637543470624021	0	0	0.874846358895571	0.944716740291697	0.76207891474979	0.887177393375228	0	0.556932474249483	0	0	0	0	0	0.88693232326892	0	0	0.601094691862705	0	0	0.68671957615975	0
0	0	0	0	0	0	0	0	0	0	0	0	0	0	0	0	0	0	0	0	0	0	0	0	0	0	0	0	0	0	0	0	0	0	0	0	0	0	0	0	0	0	0	0	0	0	0	0	0	0	0	0	0	0	0	0	0	0	0	0	0.877668467135078	0	0.6716550120742	0	0.857928863572535	0.515794823623076	0	0.932855908036941	0	0	0	0.974401112559889	0.829604333243188	0	0.69773723360807	0	0	0.96398871738271	0	0	0	0	0	0	0	0	0.772159741627309	0	0.75269971132517	0
0	0	0	0	0	0	0	0	0	0	0	0	0	0	0	0	0	0	0	0	0	0	0	0	0	0	0	0	0	0	0	0	0	0	0	0	0	0	0	0	0	0	0	0	0	0	0	0	0	0	0	0	0	0	0	0	0	0	0	0	0	0.711279612825431	0	0	0	0	0	0.543699638260304	0.868494574694131	0.745117933942579	0.753954838387571	0	0.823694233721881	0.952221557473535	0.525231633509992	0.935454837158295	0.946422522891834	0.89830461362926	0.72613987091095	0.644294216478961	0	0.710607680317648	0	0	0.955525965287412	0	0.613238523977828	0.799680885277342	0	0.825784684012804
0	0	0	0	0	0	0	0	0	0	0	0	0	0	0	0	0	0	0	0	0	0	0	0	0	0	0	0	0	0	0	0	0	0	0	0	0	0	0	0	0	0	0	0	0	0	0	0	0	0	0	0	0	0	0	0	0	0	0	0	0	0	0	0	0	0.716935740813911	0.858911088056238	0	0.52000913786521	0.746988473311194	0.928156831694976	0.971392462793071	0	0.758936578463994	0.528988228458214	0.644601358763984	0.804260281717367	0.821591373404366	0.812714832055627	0.854520179723288	0	0	0.568211853631368	0	0	0	0	0	0.77542575449675	0
0	0	0	0	0	0	0	0	0	0	0	0	0	0	0	0	0	0	0	0	0	0	0	0	0	0	0	0	0	0	0	0	0	0	0	0	0	0	0	0	0	0	0	0	0	0	0	0	0	0	0	0	0	0	0	0	0	0	0	0	0	0	0	0	0	0	0	0.768491335733431	0.954058013668004	0.992984189049228	0	0.849608944981107	0.825212753753906	0	0.919717098164303	0	0.919139038372784	0.722157733870288	0.548804624422262	0.693548049261217	0.515368151341175	0	0.58823911239013	0.787441148334096	0	0	0	0	0	0
0	0	0	0	0	0	0	0	0	0	0	0	0	0	0	0	0	0	0	0	0	0	0	0	0	0	0	0	0	0	0	0	0	0	0	0	0	0	0	0	0	0	0	0	0	0	0	0	0	0	0	0	0	0	0	0	0	0	0	0	0.993875650858006	0.536728150809304	0	0.682086360474329	0	0	0	0	0.578659101003262	0.635657920341513	0.564856466631692	0.684549660932906	0.628789207090937	0.593828949687315	0	0	0	0	0.826593416052405	0.94312691254856	0.586298096335654	0.765420909884856	0	0	0	0	0.604297836918956	0	0	0
0	0	0	0	0	0	0	0	0	0	0	0	0	0	0	0	0	0	0	0	0	0	0	0	0	0	0	0	0	0	0	0	0	0	0	0	0	0	0	0	0	0	0	0	0	0	0	0	0	0	0	0	0	0	0	0	0	0	0	0	0	0	0	0.601138509469164	0	0	0.882522186769563	0.648508396554426	0.59518234997929	0	0	0.508475666996184	0.644079135761517	0	0	0	0.61941272226386	0.520516590683832	0.530608202730416	0.855864683098908	0.923543145741269	0.807848077047715	0.961077250735568	0	0	0	0	0	0	0
0	0	0	0	0	0	0	0	0	0	0	0	0	0	0	0	0	0	0	0	0	0	0	0	0	0	0	0	0	0	0	0	0	0	0	0	0	0	0	0	0	0	0	0	0	0	0	0	0	0	0	0	0	0	0	0	0	0	0	0	0	0	0	0	0	0	0	0.799233916629824	0	0.82237689656278	0	0.634970049119902	0.657783740669121	0.861832885413181	0	0.814975184832894	0	0.785768881024916	0.55047443391063	0.806887987985491	0.856361917772487	0.927543334566191	0.767623124929899	0.914496257392665	0	0	0	0	0	0
0	0	0	0	0	0	0	0	0	0	0	0	0	0	0	0	0	0	0	0	0	0	0	0	0	0	0	0	0	0	0	0	0	0	0	0	0	0	0	0	0	0	0	0	0	0	0	0	0	0	0	0	0	0	0	0	0	0	0	0	0	0	0.536621661712855	0	0	0	0	0	0.878769544157887	0	0.664608212598142	0.88954553263022	0.917925716530189	0.691267212007451	0	0.768566833401108	0.866683186964316	0	0.834266117612183	0.50358384152133	0.964080159756246	0.773473658904678	0.745223890145751	0	0.991544749745567	0	0	0	0	0
0	0	0	0	0	0	0	0	0	0	0	0	0	0	0	0	0	0	0	0	0	0	0	0	0	0	0	0	0	0	0	0	0	0	0	0	0	0	0	0	0	0	0	0	0	0	0	0	0	0	0	0	0	0	0	0	0	0	0	0	0	0.869160448563385	0	0	0.745973843460186	0	0	0	0	0	0	0.890516825478879	0.667643801377769	0.752422390689027	0.885021601050978	0.771383405677678	0.558010902442225	0.705482744930122	0	0.989745975909883	0.523131503431053	0.724661800084731	0.547469680964314	0	0	0.81628230269854	0	0.775257713009678	0	0
0	0	0	0	0	0	0	0	0	0	0	0	0	0	0	0	0	0	0	0	0	0	0	0	0	0	0	0	0	0	0	0	0	0	0	0	0	0	0	0	0	0	0	0	0	0	0	0	0	0	0	0	0	0	0	0	0	0	0	0	0	0	0	0	0.752451108701945	0	0.578710000654311	0	0	0	0	0.722526605175808	0.595179191269071	0.806304545383674	0.546611950327248	0.822974923130321	0.52242868010628	0.556202597723023	0.787146057650913	0	0	0.540171785683062	0.776278498389757	0.6322350266886	0.897272515207351	0.916151898259975	0.669832932583382	0	0.982482233621558	0
0	0	0	0	0	0	0	0	0	0	0	0	0	0	0	0	0	0	0	0	0	0	0	0	0	0	0	0	0	0	0	0	0	0	0	0	0	0	0	0	0	0	0	0	0	0	0	0	0	0	0	0	0	0	0	0	0	0	0	0	0	0.740634522314584	0	0	0	0	0	0	0	0	0	0	0	0.639796501709951	0.568831621956448	0.595129409493964	0.9840901354136	0.616922177503669	0.935169864484388	0	0	0.551829981927155	0.727281893477641	0.766637161341226	0.938818954578871	0.875569898358362	0.943786141200551	0.556449380017852	0.873146529716003	0
0	0	0	0	0	0	0	0	0	0	0	0	0	0	0	0	0	0	0	0	0	0	0	0	0	0	0	0	0	0	0	0	0	0	0	0	0	0	0	0	0	0	0	0	0	0	0	0	0	0	0	0	0	0	0	0	0	0	0	0	0.554249435646421	0.520150023335495	0	0	0	0	0.564107242227909	0	0	0	0	0.527749677589866	0	0	0.87383725523325	0.954901661931664	0.825386977132392	0.942160041435868	0.61909881893933	0.749890140231037	0.913631158909623	0	0	0.863079238086089	0.587907680588337	0.620132633274897	0.689887794714058	0	0.808955642309319	0.513281135895332
0	0	0	0	0	0	0	0	0	0	0	0	0	0	0	0	0	0	0	0	0	0	0	0	0	0	0	0	0	0	0	0	0	0	0	0	0	0	0	0	0	0	0	0	0	0	0	0	0	0	0	0	0	0	0	0	0	0	0	0	0	0	0	0.856408890481112	0	0	0	0	0	0.620421446067539	0	0	0.940124120383382	0.859314431859007	0	0.973344796586294	0.815277048974599	0.876841178613559	0.614047890620144	0.784373893136358	0.985766815723772	0	0	0.947857416230248	0.568449068623684	0.693945987290825	0	0.997205034611424	0.710676189376248	0.735456901028146
0	0	0	0	0	0	0	0	0	0	0	0	0	0	0	0	0	0	0	0	0	0	0	0	0	0	0	0	0	0	0	0	0	0	0	0	0	0	0	0	0	0	0	0	0	0	0	0	0	0	0	0	0	0	0	0	0	0	0	0	0	0	0	0	0	0	0.859418977042198	0	0	0	0	0	0	0.514891992103189	0	0	0.769320928719737	0	0	0.996852453921608	0.826011557759581	0.547529031439583	0.80577433253115	0	0.600342348505744	0.660458601656908	0	0.590021636412895	0.966612604050811	0.937580003025959
0	0	0	0	0	0	0	0	0	0	0	0	0	0	0	0	0	0	0	0	0	0	0	0	0	0	0	0	0	0	0	0	0	0	0	0	0	0	0	0	0	0	0	0	0	0	0	0	0	0	0	0	0	0	0	0	0	0	0	0	0	0	0.796973903459255	0	0	0	0.638205408875685	0.569738754755396	0	0	0	0.817815788088547	0	0	0	0	0	0.831276695247471	0	0.545383865826109	0.936547294447224	0.632992139029091	0.700810538064431	0.814215589591585	0	0	0	0	0.65412081957086	0.678117790845056
0	0	0	0	0	0	0	0	0	0	0	0	0	0	0	0	0	0	0	0	0	0	0	0	0	0	0	0	0	0	0	0	0	0	0	0	0	0	0	0	0	0	0	0	0	0	0	0	0	0	0	0	0	0	0	0	0	0	0	0	0.604503746167078	0.928734260841578	0	0	0.674702477006347	0.949118098302058	0	0.702863720012137	0	0.923581181838318	0	0	0	0	0	0	0	0	0.558124045030628	0.878592909172727	0.948686919041294	0.655875627241255	0.944969329271396	0.71230910877792	0	0	0.72431989770772	0.766676312359331	0.573800007586352	0
0	0	0	0	0	0	0	0	0	0	0	0	0	0	0	0	0	0	0	0	0	0	0	0	0	0	0	0	0	0	0	0	0	0	0	0	0	0	0	0	0	0	0	0	0	0	0	0	0	0	0	0	0	0	0	0	0	0	0	0	0	0.876422803093784	0.918959871240502	0	0.911227231428933	0.7393599772005	0	0	0	0	0.944507046911006	0.609338700213506	0	0	0.970124318230069	0	0	0	0	0.780452380159843	0.587446238999244	0.690105570841486	0	0	0	0.730158838139199	0	0.515275783647428	0.788317891808285	0.909180408103566
0	0	0	0	0	0	0	0	0	0	0	0	0	0	0	0	0	0	0	0	0	0	0	0	0	0	0	0	0	0	0	0	0	0	0	0	0	0	0	0	0	0	0	0	0	0	0	0	0	0	0	0	0	0	0	0	0	0	0	0	0.586486366380102	0.975259870424499	0	0	0.555421673389593	0	0	0.877088824978292	0.632796913028956	0	0	0.572265711875956	0	0	0	0	0	0	0.98160832209102	0	0.911632550896114	0	0.859656385494193	0.938023271847803	0	0.86500895539758	0.976002685581224	0	0	0
0	0	0	0	0	0	0	0	0	0	0	0	0	0	0	0	0	0	0	0	0	0	0	0	0	0	0	0	0	0	0	0	0	0	0	0	0	0	0	0	0	0	0	0	0	0	0	0	0	0	0	0	0	0	0	0	0	0	0	0	0	0.515634080580424	0	0.782592044406089	0	0.77134284569754	0	0	0	0.624540196655159	0.90591429465523	0	0.843300710403177	0	0	0	0	0	0	0.9018781456767	0.549145000815798	0.86015229500596	0.94570681716644	0.976269526013246	0.586315512426561	0.827726300171352	0.933635132647261	0	0	0.958036933766763
0	0	0	0	0	0	0	0	0	0	0	0	0	0	0	0	0	0	0	0	0	0	0	0	0	0	0	0	0	0	0	0	0	0	0	0	0	0	0	0	0	0	0	0	0	0	0	0	0	0	0	0	0	0	0	0	0	0	0	0	0.95217526686602	0.789566477473225	0.555497661609505	0.694400124508526	0.601822564001094	0	0	0.863143021261048	0	0	0	0.89124782138596	0	0	0	0	0	0	0	0	0	0.69039623914129	0.715227237065391	0.933923273183323	0.789208407575891	0	0.526014604590558	0	0.572261026516872	0
