0	0.859757122655057	0.587168586305981	0.861461055056035	0.662483176299261	0.859294486381126	0.698551395972459	0.799677077154596	0	0	0	0.939805845507856	0.938261882661213	0.808530159186232	0.831578986796681	0.897339778503681	0.886509270603443	0.683099377302746	0	0	0	0	0	0	0	0	0	0	0	0	0	0	0	0	0	0	0	0	0	0	0	0	0	0	0	0	0	0	0	0	0	0	0	0	0	0	0	0	0	0	0	0	0	0	0	0	0	0	0	0	0	0	0	0	0	0	0	0	0	0	0	0	0	0	0	0	0	0	0	0
0.993686281057002	0	0.849092082800794	0.994747353319001	0.727022362137245	0.679066145971147	0.933386424611348	0.656744216136111	0	0.894729111980053	0	0	0.871569483057907	0.574142607011205	0.699389435567972	0.624468181442322	0.893519265161876	0.600480157086361	0	0	0	0	0	0	0	0	0	0	0	0	0	0	0	0	0	0	0	0	0	0	0	0	0	0	0	0	0	0	0	0	0	0	0	0	0	0	0	0	0	0	0	0	0	0	0	0	0	0	0	0	0	0	0	0	0	0	0	0	0	0	0	0	0	0	0	0	0	0	0	0
0.813249116777604	0.826809393492761	0	0.60671759539824	0.815448897169929	0.888649047972905	0.832946615198687	0.795424318554944	0.512658958963629	0.608489791327005	0	0	0	0.635826810454943	0.901654960695192	0.69888364521132	0.965800384311777	0.753280765357633	0	0	0	0	0	0	0	0	0	0	0	0	0	0	0	0	0	0	0	0	0	0	0	0	0	0	0	0	0	0	0	0	0	0	0	0	0	0	0	0	0	0	0	0	0	0	0	0	0	0	0	0	0	0	0	0	0	0	0	0	0	0	0	0	0	0	0	0	0	0	0	0
0.978427548584439	0.632167538232004	0.86239614945541	0	0.865673274630101	0.87706344702592	0.524760719396819	0.96911979696162	0.947055430055196	0.912987353238552	0.906525362724675	0	0	0	0.898808114799626	0.512585667966845	0.717195367634991	0.994743038678851	0	0	0	0	0	0	0	0	0	0	0	0	0	0	0	0	0	0	0	0	0	0	0	0	0	0	0	0	0	0	0	0	0	0	0	0	0	0	0	0	0	0	0	0	0	0	0	0	0	0	0	0	0	0	0	0	0	0	0	0	0	0	0	0	0	0	0	0	0	0	0	0
0.590227082652756	0.542748553265578	0.610812964377746	0.501641309979475	0	0.834464174561453	0.999434427549806	0.8720171468404	0.609713842357236	0.890905397718179	0.672629361675734	0.56226166013839	0	0	0	0.951471670072373	0.710933631843317	0.50557393448393	0	0	0	0	0	0	0	0	0	0	0	0	0	0	0	0	0	0	0	0	0	0	0	0	0	0	0	0	0	0	0	0	0	0	0	0	0	0	0	0	0	0	0	0	0	0	0	0	0	0	0	0	0	0	0	0	0	0	0	0	0	0	0	0	0	0	0	0	0	0	0	0
0.976584725644803	0.908021761358186	0.987299950401946	0.535308807998158	0.728898195838759	0	0.627890594186074	0.564885966068157	0.682791618735473	0.898833394617896	0.85029362025024	0.707521447170778	0.574504843460264	0	0	0	0.87493029592708	0.745519483127361	0	0	0	0	0	0	0	0	0	0	0	0	0	0	0	0	0	0	0	0	0	0	0	0	0	0	0	0	0	0	0	0	0	0	0	0	0	0	0	0	0	0	0	0	0	0	0	0	0	0	0	0	0	0	0	0	0	0	0	0	0	0	0	0	0	0	0	0	0	0	0	0
0.555407175450823	0.742160372781099	0.887516927161409	0.687422770934782	0.567047688958795	0.961097663388479	0	0.649833230561173	0.918934928650532	0	0.684029168550366	0.641625755052331	0.930927238310248	0.780004357948689	0	0.759407634798682	0	0.942553496349284	0	0	0	0	0	0	0	0	0	0	0	0	0	0	0	0	0	0	0	0	0	0	0	0	0	0	0	0	0	0	0	0	0	0	0	0	0	0	0	0	0	0	0	0	0	0	0	0	0	0	0	0	0	0	0	0	0	0	0	0	0	0	0	0	0	0	0	0	0	0	0	0
0.731012481632024	0.544521693443258	0.591224807755158	0.971834461046687	0.916139383959668	0.507237454722348	0.651131044235321	0	0.50906960116139	0.994787915870195	0.867741759812824	0.932066176325349	0.826930293875153	0.626160370366025	0.995604002783081	0	0	0	0	0	0	0	0	0	0	0	0	0	0	0	0	0	0	0	0	0	0	0	0	0	0	0	0	0	0	0	0	0	0	0	0	0	0	0	0	0	0	0	0	0	0	0	0	0	0	0	0	0	0	0	0	0	0	0	0	0	0	0	0	0	0	0	0	0	0	0	0	0	0	0
0	0	0.84791100796832	0.776687203996449	0.54992241096984	0.561644127342139	0.646574696918038	0.781044329219882	0	0.545922206975709	0.525571903550695	0.5271517208179	0.737715802597465	0.707847490753524	0.834124426481212	0.70340240567005	0	0	0	0	0	0	0	0	0	0	0	0	0	0	0	0	0	0	0	0	0	0	0	0	0	0	0	0	0	0	0	0	0	0	0	0	0	0	0	0	0	0	0	0	0	0	0	0	0	0	0	0	0	0	0	0	0	0	0	0	0	0	0	0	0	0	0	0	0	0	0	0	0	0
0	0.75351596931605	0.76380908952783	0.677188990347399	0.788585207356906	0.514936098818142	0	0.727218412241676	0.756773682958754	0	0.819749687058824	0.706360050191515	0.632766520536105	0.812677079913296	0.867279192785433	0.53627951938217	0.565579711407396	0	0	0	0	0	0	0	0	0	0	0	0	0	0	0	0	0	0	0	0	0	0	0	0	0	0	0	0	0	0	0	0	0	0	0	0	0	0	0	0	0	0	0	0	0	0	0	0	0	0	0	0	0	0	0	0	0	0	0	0	0	0	0	0	0	0	0	0	0	0	0	0	0
0	0	0	0.994042843337115	0.727461802236515	0.618342358388908	0.61415998161351	0.732340681793712	0.847190761001375	0.528418675704375	0	0.981445763704144	0.583579899928638	0.581925301902271	0.634271851177385	0.929935752665589	0.559680693135492	0.545912264149061	0	0	0	0	0	0	0	0	0	0	0	0	0	0	0	0	0	0	0	0	0	0	0	0	0	0	0	0	0	0	0	0	0	0	0	0	0	0	0	0	0	0	0	0	0	0	0	0	0	0	0	0	0	0	0	0	0	0	0	0	0	0	0	0	0	0	0	0	0	0	0	0
0.868554000561587	0	0	0	0.582897261416207	0.650912371078031	0.891655990164096	0.557874499465577	0.966545864293315	0.931594489429676	0.589104151803339	0	0.892768650890477	0.500654934636846	0.708852172415243	0.967243550915925	0.952353717709221	0.697033447548341	0	0	0	0	0	0	0	0	0	0	0	0	0	0	0	0	0	0	0	0	0	0	0	0	0	0	0	0	0	0	0	0	0	0	0	0	0	0	0	0	0	0	0	0	0	0	0	0	0	0	0	0	0	0	0	0	0	0	0	0	0	0	0	0	0	0	0	0	0	0	0	0
0.627914725080905	0.585527324165271	0	0	0	0.961804865507455	0.785669126470164	0.826548151283859	0.722306195155282	0.986982347199067	0.833311471153358	0.897934438926488	0	0.898525018322881	0.878856335162501	0.961097843938427	0.676477546526702	0.719056816750003	0	0	0	0	0	0	0	0	0	0	0	0	0	0	0	0	0	0	0	0	0	0	0	0	0	0	0	0	0	0	0	0	0	0	0	0	0	0	0	0	0	0	0	0	0	0	0	0	0	0	0	0	0	0	0	0	0	0	0	0	0	0	0	0	0	0	0	0	0	0	0	0
0.675251452774677	0.914607080492802	0.590761772467217	0	0	0	0.593844523271404	0.995267340368953	0.98411055056999	0.819949949607552	0.510112198784451	0.802127082775194	0.777763766478179	0	0.951376047449513	0.844150263703596	0.745899704488547	0.967531524866828	0	0	0	0	0	0	0	0	0	0	0	0	0	0	0	0	0	0	0	0	0	0	0	0	0	0	0	0	0	0	0	0	0	0	0	0	0	0	0	0	0	0	0	0	0	0	0	0	0	0	0	0	0	0	0	0	0	0	0	0	0	0	0	0	0	0	0	0	0	0	0	0
0.621893932825235	0.940589567628079	0.522323123622647	0.972683989350637	0	0	0	0.779132201072311	0.790726996626205	0.884690015665619	0.906731678743764	0.910449270613997	0.962451411439449	0.556429285034658	0	0.932357510280275	0.970694361270921	0.776104339051203	0	0	0	0	0	0	0	0	0	0	0	0	0	0	0	0	0	0	0	0	0	0	0	0	0	0	0	0	0	0	0	0	0	0	0	0	0	0	0	0	0	0	0	0	0	0	0	0	0	0	0	0	0	0	0	0	0	0	0	0	0	0	0	0	0	0	0	0	0	0	0	0
0.831150375625514	0.547032024257146	0.88762482877593	0.536252400927365	0.507520900239912	0	0.522176943374065	0	0.873015672454801	0.754630951812079	0.750032527646366	0.665569159936353	0.691490037326933	0.746410236951756	0.90429360283971	0	0.584132937482326	0.761370721227592	0	0	0	0	0	0	0	0	0	0	0	0	0	0	0	0	0	0	0	0	0	0	0	0	0	0	0	0	0	0	0	0	0	0	0	0	0	0	0	0	0	0	0	0	0	0	0	0	0	0	0	0	0	0	0	0	0	0	0	0	0	0	0	0	0	0	0	0	0	0	0	0
0.88198938968104	0.809291807855157	0.939501211564636	0.590085257070986	0.644171436306508	0.643717308358343	0	0	0	0.541489124022169	0.578620791543677	0.964741366802955	0.507206607016694	0.780897626248749	0.606819200751145	0.922611354758026	0	0.82925505374195	0	0	0	0	0	0	0	0	0	0	0	0	0	0	0	0	0	0	0	0	0	0	0	0	0	0	0	0	0	0	0	0	0	0	0	0	0	0	0	0	0	0	0	0	0	0	0	0	0	0	0	0	0	0	0	0	0	0	0	0	0	0	0	0	0	0	0	0	0	0	0	0
0.916257601142394	0.867792501617186	0.60044410190415	0.668600987416269	0.592636320587431	0.890883669669897	0.829969020246753	0	0	0	0.904009042945539	0.518879315943494	0.815900535859612	0.77939567248453	0.53789722583523	0.588491599886354	0.515175143893246	0	0	0	0	0	0	0	0	0	0	0	0	0	0	0	0	0	0	0	0	0	0	0	0	0	0	0	0	0	0	0	0	0	0	0	0	0	0	0	0	0	0	0	0	0	0	0	0	0	0	0	0	0	0	0	0	0	0	0	0	0	0	0	0	0	0	0	0	0	0	0	0	0
0	0	0	0	0	0	0	0	0	0	0	0	0	0	0	0	0	0	0	0.634118890251982	0	0.963854826859194	0.731050497187932	0.697464172951361	0	0	0.891773510036329	0.568665785244983	0	0.511820860724353	0	0	0.892183439849249	0.595430028538839	0	0	0	0	0	0	0	0	0	0	0	0	0	0	0	0	0	0	0	0	0	0	0	0	0	0	0	0	0	0	0	0	0	0	0	0	0	0	0	0	0	0	0	0	0	0	0	0	0	0	0	0	0	0	0	0
0	0	0	0	0	0	0	0	0	0	0	0	0	0	0	0	0	0	0.800376591674992	0	0.697854749452863	0	0.909538882809438	0.995502606797141	0.64444926079395	0	0	0.79454357541496	0.991468583096843	0.703665405937732	0.928946507887275	0.605523674301687	0	0.664132353909313	0	0.734536542861247	0	0	0	0	0	0	0	0	0	0	0	0	0	0	0	0	0	0	0	0	0	0	0	0	0	0	0	0	0	0	0	0	0	0	0	0	0	0	0	0	0	0	0	0	0	0	0	0	0	0	0	0	0	0
0	0	0	0	0	0	0	0	0	0	0	0	0	0	0	0	0	0	0	0.539956841983846	0	0.830393838675622	0	0.678193256711346	0.626250453818067	0	0	0.683522636040083	0	0	0.654914708106898	0.894327153177958	0.726627975863981	0	0.97126170572366	0.815408771413659	0	0	0	0	0	0	0	0	0	0	0	0	0	0	0	0	0	0	0	0	0	0	0	0	0	0	0	0	0	0	0	0	0	0	0	0	0	0	0	0	0	0	0	0	0	0	0	0	0	0	0	0	0	0
0	0	0	0	0	0	0	0	0	0	0	0	0	0	0	0	0	0	0.581558356407009	0	0.805675531877609	0	0.74278032188142	0.575849223013716	0.584714278157216	0.63128080142104	0	0.677237689145584	0	0	0	0	0.688434664076426	0.630176871262975	0.845228619865616	0	0	0	0	0	0	0	0	0	0	0	0	0	0	0	0	0	0	0	0	0	0	0	0	0	0	0	0	0	0	0	0	0	0	0	0	0	0	0	0	0	0	0	0	0	0	0	0	0	0	0	0	0	0	0
0	0	0	0	0	0	0	0	0	0	0	0	0	0	0	0	0	0	0.563770990413396	0.542927257767939	0	0.97041095341116	0	0	0	0	0	0.915420216787707	0	0.550258368079575	0.919303668730876	0	0.953660973697716	0.867275639744673	0	0	0	0	0	0	0	0	0	0	0	0	0	0	0	0	0	0	0	0	0	0	0	0	0	0	0	0	0	0	0	0	0	0	0	0	0	0	0	0	0	0	0	0	0	0	0	0	0	0	0	0	0	0	0	0
0	0	0	0	0	0	0	0	0	0	0	0	0	0	0	0	0	0	0.828265882770673	0.578469813664015	0.509684010983135	0.610110437592323	0	0	0	0	0.736949071445239	0.785943788381467	0	0	0	0	0	0.999935937022465	0.952623625370853	0.859124763828974	0	0	0	0	0	0	0	0	0	0	0	0	0	0	0	0	0	0	0	0	0	0	0	0	0	0	0	0	0	0	0	0	0	0	0	0	0	0	0	0	0	0	0	0	0	0	0	0	0	0	0	0	0	0
0	0	0	0	0	0	0	0	0	0	0	0	0	0	0	0	0	0	0	0.938791143909884	0.887663486136456	0.798941003746631	0	0	0	0	0	0.751680466528934	0.824364231398449	0.94528116453716	0	0	0.909851482572062	0	0	0.721156151375014	0	0	0	0	0	0	0	0	0	0	0	0	0	0	0	0	0	0	0	0	0	0	0	0	0	0	0	0	0	0	0	0	0	0	0	0	0	0	0	0	0	0	0	0	0	0	0	0	0	0	0	0	0	0
0	0	0	0	0	0	0	0	0	0	0	0	0	0	0	0	0	0	0	0	0	0.600462320940395	0	0	0	0	0.65074732699226	0.879988103278189	0	0.658100004120332	0.71835799858661	0.938121351796097	0.885873334094142	0	0.856855007696289	0	0	0	0	0	0	0	0	0	0	0	0	0	0	0	0	0	0	0	0	0	0	0	0	0	0	0	0	0	0	0	0	0	0	0	0	0	0	0	0	0	0	0	0	0	0	0	0	0	0	0	0	0	0	0
0	0	0	0	0	0	0	0	0	0	0	0	0	0	0	0	0	0	0.533884599175183	0	0	0	0	0.586356390261323	0	0.587865359950997	0	0.55048278598066	0.843492312575272	0.681913435486555	0.639417662048481	0.959155765483196	0	0.90957246246173	0.625984962220488	0.574580137856211	0	0	0	0	0	0	0	0	0	0	0	0	0	0	0	0	0	0	0	0	0	0	0	0	0	0	0	0	0	0	0	0	0	0	0	0	0	0	0	0	0	0	0	0	0	0	0	0	0	0	0	0	0	0
0	0	0	0	0	0	0	0	0	0	0	0	0	0	0	0	0	0	0.841999824780272	0.556630750114461	0.945908617822584	0.516081542917045	0.749327731320537	0.885315776658923	0.850996171448993	0.714989039206452	0.808378990285618	0	0.989657447523004	0	0.511388681464617	0.884583492144151	0.77722210190911	0	0	0.683746014632972	0	0	0	0	0	0	0	0	0	0	0	0	0	0	0	0	0	0	0	0	0	0	0	0	0	0	0	0	0	0	0	0	0	0	0	0	0	0	0	0	0	0	0	0	0	0	0	0	0	0	0	0	0	0
0	0	0	0	0	0	0	0	0	0	0	0	0	0	0	0	0	0	0	0.558322644854847	0	0	0	0	0.885396313312671	0	0.642289506468494	0.675450577673315	0	0.904941754424154	0	0.653541634049043	0.578103750472606	0	0.857780482028494	0	0	0	0	0	0	0	0	0	0	0	0	0	0	0	0	0	0	0	0	0	0	0	0	0	0	0	0	0	0	0	0	0	0	0	0	0	0	0	0	0	0	0	0	0	0	0	0	0	0	0	0	0	0	0
0	0	0	0	0	0	0	0	0	0	0	0	0	0	0	0	0	0	0.97142247648589	0.854088840143703	0	0	0.567398470614878	0	0.791124106201576	0.894033986960164	0.918604703234595	0	0.642296840748922	0	0	0.848811103700302	0	0	0.855046234793852	0.667784760969151	0	0	0	0	0	0	0	0	0	0	0	0	0	0	0	0	0	0	0	0	0	0	0	0	0	0	0	0	0	0	0	0	0	0	0	0	0	0	0	0	0	0	0	0	0	0	0	0	0	0	0	0	0	0
0	0	0	0	0	0	0	0	0	0	0	0	0	0	0	0	0	0	0	0.998772843786484	0.614534405887289	0	0.674150454162702	0	0	0.540330675371892	0.883089278192176	0.509677234350513	0	0	0	0.953585067972842	0	0.913890981296969	0.582747888734458	0.834848044680472	0	0	0	0	0	0	0	0	0	0	0	0	0	0	0	0	0	0	0	0	0	0	0	0	0	0	0	0	0	0	0	0	0	0	0	0	0	0	0	0	0	0	0	0	0	0	0	0	0	0	0	0	0	0
0	0	0	0	0	0	0	0	0	0	0	0	0	0	0	0	0	0	0	0.874181607591366	0.654656343523385	0	0	0	0	0.698920176773064	0.945597131225428	0.60924371404262	0.700852819283405	0.895607581186514	0.898291176473996	0	0.692624983717631	0	0.953326839774103	0.688455596676937	0	0	0	0	0	0	0	0	0	0	0	0	0	0	0	0	0	0	0	0	0	0	0	0	0	0	0	0	0	0	0	0	0	0	0	0	0	0	0	0	0	0	0	0	0	0	0	0	0	0	0	0	0	0
0	0	0	0	0	0	0	0	0	0	0	0	0	0	0	0	0	0	0.78747678377564	0	0.530206654851536	0.682246574070638	0.523740864475922	0	0.93127004222662	0.936411788792814	0	0.66086197763732	0.947935183077398	0	0	0.581416037517378	0	0.71623844931359	0.507797803767281	0.922798306543116	0	0	0	0	0	0	0	0	0	0	0	0	0	0	0	0	0	0	0	0	0	0	0	0	0	0	0	0	0	0	0	0	0	0	0	0	0	0	0	0	0	0	0	0	0	0	0	0	0	0	0	0	0	0
0	0	0	0	0	0	0	0	0	0	0	0	0	0	0	0	0	0	0.718960246891461	0.86032412850029	0	0.54197344578305	0.59221978193985	0.788173248830955	0	0	0.769117578498661	0	0	0	0.957298604557302	0	0.635495200846862	0	0	0.549694934160262	0	0	0	0	0	0	0	0	0	0	0	0	0	0	0	0	0	0	0	0	0	0	0	0	0	0	0	0	0	0	0	0	0	0	0	0	0	0	0	0	0	0	0	0	0	0	0	0	0	0	0	0	0	0
0	0	0	0	0	0	0	0	0	0	0	0	0	0	0	0	0	0	0	0	0.914356147605055	0.516634790188667	0	0.800275985092086	0	0.690958618480406	0.776388192515732	0	0.676175198187873	0.633589277652628	0.868282654701514	0.897060276254559	0.70978535541078	0	0	0	0	0	0	0	0	0	0	0	0	0	0	0	0	0	0	0	0	0	0	0	0	0	0	0	0	0	0	0	0	0	0	0	0	0	0	0	0	0	0	0	0	0	0	0	0	0	0	0	0	0	0	0	0	0
0	0	0	0	0	0	0	0	0	0	0	0	0	0	0	0	0	0	0	0.586806350024212	0.916323301920718	0	0	0.923397170529947	0.738249517310901	0	0.957365401558155	0.585855494771689	0	0.775634111935684	0.81835897349141	0.800837169590139	0.554280907272473	0.969828156839533	0	0	0	0	0	0	0	0	0	0	0	0	0	0	0	0	0	0	0	0	0	0	0	0	0	0	0	0	0	0	0	0	0	0	0	0	0	0	0	0	0	0	0	0	0	0	0	0	0	0	0	0	0	0	0	0
0	0	0	0	0	0	0	0	0	0	0	0	0	0	0	0	0	0	0	0	0	0	0	0	0	0	0	0	0	0	0	0	0	0	0	0	0	0.561470413883019	0	0.860135563742634	0.740645441222421	0.826635495350749	0.942436944207708	0	0	0	0.579020132018372	0	0.81910291546929	0.51478640940866	0.976768928540326	0.530673116415307	0.995368159226968	0.959370420761958	0	0	0	0	0	0	0	0	0	0	0	0	0	0	0	0	0	0	0	0	0	0	0	0	0	0	0	0	0	0	0	0	0	0	0	0
0	0	0	0	0	0	0	0	0	0	0	0	0	0	0	0	0	0	0	0	0	0	0	0	0	0	0	0	0	0	0	0	0	0	0	0	0.866467549301734	0	0.78175590351634	0.776173019432276	0.604137171276789	0.96140758522896	0.992746273934033	0.83066599343171	0	0	0	0.978464878576631	0	0.514048478733902	0.959588069539304	0	0.56612487674554	0.917662803949544	0	0	0	0	0	0	0	0	0	0	0	0	0	0	0	0	0	0	0	0	0	0	0	0	0	0	0	0	0	0	0	0	0	0	0	0
0	0	0	0	0	0	0	0	0	0	0	0	0	0	0	0	0	0	0	0	0	0	0	0	0	0	0	0	0	0	0	0	0	0	0	0	0	0.634173114411155	0	0.67301201499051	0.545750375908181	0.968663718065085	0	0.66232292511159	0	0.893246655094418	0.82247804134153	0.55902181825686	0	0	0	0.645885479944838	0	0.885605490838436	0	0	0	0	0	0	0	0	0	0	0	0	0	0	0	0	0	0	0	0	0	0	0	0	0	0	0	0	0	0	0	0	0	0	0	0
0	0	0	0	0	0	0	0	0	0	0	0	0	0	0	0	0	0	0	0	0	0	0	0	0	0	0	0	0	0	0	0	0	0	0	0	0.633250346770827	0.653408604140333	0.74164188518895	0	0.709425374050769	0	0.938170285087802	0.946533283156892	0.721363522083441	0.80451403748376	0	0	0.659492794531951	0	0	0.554500986765186	0.758410670144204	0.984887269771782	0	0	0	0	0	0	0	0	0	0	0	0	0	0	0	0	0	0	0	0	0	0	0	0	0	0	0	0	0	0	0	0	0	0	0	0
0	0	0	0	0	0	0	0	0	0	0	0	0	0	0	0	0	0	0	0	0	0	0	0	0	0	0	0	0	0	0	0	0	0	0	0	0.519741056941569	0.877461536609445	0.556767497632995	0.622134740760772	0	0.923529330400239	0.629686823909531	0.985762720765682	0.852385411246354	0.521954535771866	0.780658530466902	0	0.781614061571744	0	0	0	0	0.965162954098743	0	0	0	0	0	0	0	0	0	0	0	0	0	0	0	0	0	0	0	0	0	0	0	0	0	0	0	0	0	0	0	0	0	0	0	0
0	0	0	0	0	0	0	0	0	0	0	0	0	0	0	0	0	0	0	0	0	0	0	0	0	0	0	0	0	0	0	0	0	0	0	0	0.623726421217787	0.759717196634351	0.882705790521366	0	0.699067759599906	0	0.608933231509524	0.916609174456796	0.529069469501355	0.642382228233868	0.974822469157282	0.711324030051135	0	0.805858577689017	0	0	0.869252410697559	0.985745427206208	0	0	0	0	0	0	0	0	0	0	0	0	0	0	0	0	0	0	0	0	0	0	0	0	0	0	0	0	0	0	0	0	0	0	0	0
0	0	0	0	0	0	0	0	0	0	0	0	0	0	0	0	0	0	0	0	0	0	0	0	0	0	0	0	0	0	0	0	0	0	0	0	0.767560079815609	0.517274454186496	0	0.50027364859478	0.65434334452177	0.779248438239128	0	0.612439706524192	0.66736583568677	0.72860252875897	0.816463138828478	0	0	0.867906419507707	0.719595379809999	0	0.69894567376665	0	0	0	0	0	0	0	0	0	0	0	0	0	0	0	0	0	0	0	0	0	0	0	0	0	0	0	0	0	0	0	0	0	0	0	0	0
0	0	0	0	0	0	0	0	0	0	0	0	0	0	0	0	0	0	0	0	0	0	0	0	0	0	0	0	0	0	0	0	0	0	0	0	0	0.645447792934073	0.526853504411159	0.973236169855545	0.572399296480574	0.597828207894696	0.980020474277081	0	0.857904043917509	0.946840717639398	0.893882810002417	0	0.663095017754906	0.905766718295498	0.931362649810799	0	0	0	0	0	0	0	0	0	0	0	0	0	0	0	0	0	0	0	0	0	0	0	0	0	0	0	0	0	0	0	0	0	0	0	0	0	0	0
0	0	0	0	0	0	0	0	0	0	0	0	0	0	0	0	0	0	0	0	0	0	0	0	0	0	0	0	0	0	0	0	0	0	0	0	0	0	0	0.808283314312932	0.880844819600187	0.937177318650507	0.556792581208754	0.587449469855175	0	0.8725805914797	0.920169741455186	0	0	0.938763153551092	0.756810568018012	0.998683152127634	0.58593709147244	0.753864139890687	0	0	0	0	0	0	0	0	0	0	0	0	0	0	0	0	0	0	0	0	0	0	0	0	0	0	0	0	0	0	0	0	0	0	0	0
0	0	0	0	0	0	0	0	0	0	0	0	0	0	0	0	0	0	0	0	0	0	0	0	0	0	0	0	0	0	0	0	0	0	0	0	0	0	0.773180154326753	0.622364225738481	0.915812958209936	0.783606905452885	0.97493085820154	0.922757846046073	0.992673297207941	0	0.732040233078875	0.555892546987099	0.662481437916665	0.555389202720481	0.505006428094094	0	0.562119848114995	0	0	0	0	0	0	0	0	0	0	0	0	0	0	0	0	0	0	0	0	0	0	0	0	0	0	0	0	0	0	0	0	0	0	0	0	0
0	0	0	0	0	0	0	0	0	0	0	0	0	0	0	0	0	0	0	0	0	0	0	0	0	0	0	0	0	0	0	0	0	0	0	0	0.602132693065345	0	0.90659707271208	0	0.73612982371161	0.506468045822538	0.605225437928717	0.563158977040332	0.962687328187109	0.819268808259988	0	0.78252406105744	0.532368908075564	0.84546974181272	0.919785933356716	0.759835995049218	0.518942976869562	0	0	0	0	0	0	0	0	0	0	0	0	0	0	0	0	0	0	0	0	0	0	0	0	0	0	0	0	0	0	0	0	0	0	0	0	0
0	0	0	0	0	0	0	0	0	0	0	0	0	0	0	0	0	0	0	0	0	0	0	0	0	0	0	0	0	0	0	0	0	0	0	0	0	0.737193903739453	0.570050366828885	0	0	0.621992512238455	0	0	0	0.591753175620254	0.870532485449745	0	0.952851094037294	0	0.794717527311686	0.511440868001927	0.61177051033409	0.940945318631842	0	0	0	0	0	0	0	0	0	0	0	0	0	0	0	0	0	0	0	0	0	0	0	0	0	0	0	0	0	0	0	0	0	0	0	0
0	0	0	0	0	0	0	0	0	0	0	0	0	0	0	0	0	0	0	0	0	0	0	0	0	0	0	0	0	0	0	0	0	0	0	0	0.849903764423943	0	0	0.752723005928949	0.749809200932844	0	0	0.670786862092381	0	0.738297753238824	0.772852473813119	0.812817992706885	0	0.621413635894816	0.6557700110822	0.621221432978135	0.594099694104261	0	0	0	0	0	0	0	0	0	0	0	0	0	0	0	0	0	0	0	0	0	0	0	0	0	0	0	0	0	0	0	0	0	0	0	0	0
0	0	0	0	0	0	0	0	0	0	0	0	0	0	0	0	0	0	0	0	0	0	0	0	0	0	0	0	0	0	0	0	0	0	0	0	0.72597314526434	0.795473268168178	0	0	0	0.959912191305314	0.543692294197322	0.632159024806295	0.784844596483165	0.82324308959661	0.827719183393066	0	0.753678709145653	0	0.577967793107914	0.968027147533893	0.900884422188573	0.594932237766106	0	0	0	0	0	0	0	0	0	0	0	0	0	0	0	0	0	0	0	0	0	0	0	0	0	0	0	0	0	0	0	0	0	0	0	0
0	0	0	0	0	0	0	0	0	0	0	0	0	0	0	0	0	0	0	0	0	0	0	0	0	0	0	0	0	0	0	0	0	0	0	0	0.710597269781166	0.69135343017958	0	0	0	0	0.656222141073147	0.80753973586852	0.565355546031905	0.830484218400937	0.943921788154394	0.734562132911522	0.683361442362614	0.520572214308676	0	0.890043592445125	0.711167383861303	0	0	0	0	0	0	0	0	0	0	0	0	0	0	0	0	0	0	0	0	0	0	0	0	0	0	0	0	0	0	0	0	0	0	0	0	0
0	0	0	0	0	0	0	0	0	0	0	0	0	0	0	0	0	0	0	0	0	0	0	0	0	0	0	0	0	0	0	0	0	0	0	0	0.724836410555438	0	0.987650841536869	0.789816632036701	0	0	0	0	0.509691865763063	0	0.672978436230647	0.690693865167663	0.700326070767624	0.706974370819207	0.594030137419081	0	0.613408010453398	0.585182000454383	0	0	0	0	0	0	0	0	0	0	0	0	0	0	0	0	0	0	0	0	0	0	0	0	0	0	0	0	0	0	0	0	0	0	0	0
0	0	0	0	0	0	0	0	0	0	0	0	0	0	0	0	0	0	0	0	0	0	0	0	0	0	0	0	0	0	0	0	0	0	0	0	0.963363446906054	0.89049470812445	0	0.740183071174959	0	0.9876587265699	0.973337693152093	0	0.546261545992482	0.521370540037938	0.760215871589759	0.715197842670908	0.955881906198245	0.50571252043521	0.811014518148357	0.885705698807626	0	0.656636759951658	0	0	0	0	0	0	0	0	0	0	0	0	0	0	0	0	0	0	0	0	0	0	0	0	0	0	0	0	0	0	0	0	0	0	0	0
0	0	0	0	0	0	0	0	0	0	0	0	0	0	0	0	0	0	0	0	0	0	0	0	0	0	0	0	0	0	0	0	0	0	0	0	0.783648517923571	0.652350749065833	0.887381156388515	0.61881102684916	0.619607868562518	0.550110288443021	0	0	0.623659857457003	0	0	0.707331945070442	0	0.881993836203999	0	0.821372979387345	0.769124110395078	0	0	0	0	0	0	0	0	0	0	0	0	0	0	0	0	0	0	0	0	0	0	0	0	0	0	0	0	0	0	0	0	0	0	0	0	0
0	0	0	0	0	0	0	0	0	0	0	0	0	0	0	0	0	0	0	0	0	0	0	0	0	0	0	0	0	0	0	0	0	0	0	0	0	0	0	0	0	0	0	0	0	0	0	0	0	0	0	0	0	0	0	0	0.512030310327078	0.513921777823086	0.951927321300803	0	0	0	0	0	0	0	0	0.991982367955377	0.929162599710963	0	0.545392059008473	0	0	0	0	0	0	0	0	0	0	0	0	0	0	0	0	0	0	0
0	0	0	0	0	0	0	0	0	0	0	0	0	0	0	0	0	0	0	0	0	0	0	0	0	0	0	0	0	0	0	0	0	0	0	0	0	0	0	0	0	0	0	0	0	0	0	0	0	0	0	0	0	0	0	0	0.5170829323464	0.667296975217691	0.844230678499701	0.993537816645358	0	0	0	0	0.632941705799698	0.953269486061992	0	0	0	0	0.928153480319202	0.75379399233511	0	0	0	0	0	0	0	0	0	0	0	0	0	0	0	0	0	0
0	0	0	0	0	0	0	0	0	0	0	0	0	0	0	0	0	0	0	0	0	0	0	0	0	0	0	0	0	0	0	0	0	0	0	0	0	0	0	0	0	0	0	0	0	0	0	0	0	0	0	0	0	0	0.770739680992816	0.679887388139851	0	0	0	0.934323527552723	0.834036388647114	0.987527231557304	0	0.741423124050808	0	0.693500441788003	0	0	0.917422718510337	0.692790935203852	0	0.763604646352525	0	0	0	0	0	0	0	0	0	0	0	0	0	0	0	0	0	0
0	0	0	0	0	0	0	0	0	0	0	0	0	0	0	0	0	0	0	0	0	0	0	0	0	0	0	0	0	0	0	0	0	0	0	0	0	0	0	0	0	0	0	0	0	0	0	0	0	0	0	0	0	0	0.572448748453948	0.676134635980465	0	0	0.518566253736555	0.614094558273423	0	0.728463593421607	0	0	0.709036090140179	0	0	0	0	0	0	0.752500312511494	0	0	0	0	0	0	0	0	0	0	0	0	0	0	0	0	0	0
0	0	0	0	0	0	0	0	0	0	0	0	0	0	0	0	0	0	0	0	0	0	0	0	0	0	0	0	0	0	0	0	0	0	0	0	0	0	0	0	0	0	0	0	0	0	0	0	0	0	0	0	0	0	0.538775948310872	0.837088542925987	0	0.625475186037487	0	0.894137933067016	0.808284441476195	0.516986457047677	0.925306430549986	0	0	0	0	0	0	0	0	0	0	0	0	0	0	0	0	0	0	0	0	0	0	0	0	0	0	0
0	0	0	0	0	0	0	0	0	0	0	0	0	0	0	0	0	0	0	0	0	0	0	0	0	0	0	0	0	0	0	0	0	0	0	0	0	0	0	0	0	0	0	0	0	0	0	0	0	0	0	0	0	0	0	0.639886626127067	0.563293805963734	0.87698183231342	0.67484804196094	0	0	0	0	0.528558789581281	0.753534902988381	0	0.512095837804378	0	0	0.579295803692965	0	0	0	0	0	0	0	0	0	0	0	0	0	0	0	0	0	0	0	0
0	0	0	0	0	0	0	0	0	0	0	0	0	0	0	0	0	0	0	0	0	0	0	0	0	0	0	0	0	0	0	0	0	0	0	0	0	0	0	0	0	0	0	0	0	0	0	0	0	0	0	0	0	0	0	0	0.921267187205189	0	0.674446571956567	0	0	0	0	0.614055503079335	0.681929086226676	0.975871168253432	0	0	0	0	0.516768977195085	0.693114621306632	0	0	0	0	0	0	0	0	0	0	0	0	0	0	0	0	0	0
0	0	0	0	0	0	0	0	0	0	0	0	0	0	0	0	0	0	0	0	0	0	0	0	0	0	0	0	0	0	0	0	0	0	0	0	0	0	0	0	0	0	0	0	0	0	0	0	0	0	0	0	0	0	0	0	0.630531839701546	0.838168533367249	0.996542277250251	0	0	0	0	0	0.709121989854751	0	0	0	0.532494810835549	0.742373986308577	0	0	0	0	0	0	0	0	0	0	0	0	0	0	0	0	0	0	0	0
0	0	0	0	0	0	0	0	0	0	0	0	0	0	0	0	0	0	0	0	0	0	0	0	0	0	0	0	0	0	0	0	0	0	0	0	0	0	0	0	0	0	0	0	0	0	0	0	0	0	0	0	0	0	0	0	0	0	0.610236564438026	0	0	0	0	0.868970441940103	0.869393778731039	0	0.617638147354713	0	0.578076172665723	0	0	0.613621616582009	0	0	0	0	0	0	0	0	0	0	0	0	0	0	0	0	0	0
0	0	0	0	0	0	0	0	0	0	0	0	0	0	0	0	0	0	0	0	0	0	0	0	0	0	0	0	0	0	0	0	0	0	0	0	0	0	0	0	0	0	0	0	0	0	0	0	0	0	0	0	0	0	0	0	0.677498207771778	0	0	0.577688464846012	0.663542408851278	0	0.720233585117029	0	0.58488736515446	0.510247702811785	0	0.880659784867138	0	0	0.568894024872342	0	0	0	0	0	0	0	0	0	0	0	0	0	0	0	0	0	0	0
0	0	0	0	0	0	0	0	0	0	0	0	0	0	0	0	0	0	0	0	0	0	0	0	0	0	0	0	0	0	0	0	0	0	0	0	0	0	0	0	0	0	0	0	0	0	0	0	0	0	0	0	0	0	0	0.58711911876267	0	0.721192192148705	0	0.971578801888087	0.689435267731713	0.623678839596216	0.774307054739708	0.837370516336066	0	0.951051321796015	0.692414770049102	0	0.940423545560554	0	0	0.994348512845083	0	0	0	0	0	0	0	0	0	0	0	0	0	0	0	0	0	0
0	0	0	0	0	0	0	0	0	0	0	0	0	0	0	0	0	0	0	0	0	0	0	0	0	0	0	0	0	0	0	0	0	0	0	0	0	0	0	0	0	0	0	0	0	0	0	0	0	0	0	0	0	0	0	0.609141773150513	0.678539190127513	0	0	0	0.824672883264929	0	0	0.63611569715785	0.851272930383534	0	0.56156661902248	0.82286087056521	0.885319107345994	0.538358748734407	0	0	0	0	0	0	0	0	0	0	0	0	0	0	0	0	0	0	0	0
0	0	0	0	0	0	0	0	0	0	0	0	0	0	0	0	0	0	0	0	0	0	0	0	0	0	0	0	0	0	0	0	0	0	0	0	0	0	0	0	0	0	0	0	0	0	0	0	0	0	0	0	0	0	0	0	0	0	0	0.941269610785069	0	0	0.995805107078137	0	0.692716929911512	0.792182784795378	0	0.713077029366149	0.533467368419069	0.62993877186017	0	0.939299348015089	0	0	0	0	0	0	0	0	0	0	0	0	0	0	0	0	0	0
0	0	0	0	0	0	0	0	0	0	0	0	0	0	0	0	0	0	0	0	0	0	0	0	0	0	0	0	0	0	0	0	0	0	0	0	0	0	0	0	0	0	0	0	0	0	0	0	0	0	0	0	0	0	0.941353933211035	0	0	0	0	0	0	0	0	0.623103425552672	0	0.752290080929969	0.647388424357935	0	0.757737325358286	0.684769711657532	0.951697308118784	0.875992690699992	0	0	0	0	0	0	0	0	0	0	0	0	0	0	0	0	0	0
0	0	0	0	0	0	0	0	0	0	0	0	0	0	0	0	0	0	0	0	0	0	0	0	0	0	0	0	0	0	0	0	0	0	0	0	0	0	0	0	0	0	0	0	0	0	0	0	0	0	0	0	0	0	0.79788880595621	0	0.914675346561448	0	0	0	0	0.857307602706332	0.758977718476727	0	0.673425293498328	0.701105094034137	0.613200297460709	0.95376416643134	0	0	0.9784300121542	0.818461013444194	0	0	0	0	0	0	0	0	0	0	0	0	0	0	0	0	0	0
0	0	0	0	0	0	0	0	0	0	0	0	0	0	0	0	0	0	0	0	0	0	0	0	0	0	0	0	0	0	0	0	0	0	0	0	0	0	0	0	0	0	0	0	0	0	0	0	0	0	0	0	0	0	0	0	0.61115678613311	0	0	0.636559195225096	0	0.5642031881486	0	0	0	0.500454149002448	0.758354656805071	0.655916313082886	0	0	0.978354955430445	0.501082973425309	0	0	0	0	0	0	0	0	0	0	0	0	0	0	0	0	0	0
0	0	0	0	0	0	0	0	0	0	0	0	0	0	0	0	0	0	0	0	0	0	0	0	0	0	0	0	0	0	0	0	0	0	0	0	0	0	0	0	0	0	0	0	0	0	0	0	0	0	0	0	0	0	0.715779093641882	0.906142312641254	0	0	0	0	0.754312849190945	0	0	0.842387355585502	0	0	0	0.876655809997073	0.858100431172957	0.532285701468051	0	0	0	0	0	0	0	0	0	0	0	0	0	0	0	0	0	0	0	0
0	0	0	0	0	0	0	0	0	0	0	0	0	0	0	0	0	0	0	0	0	0	0	0	0	0	0	0	0	0	0	0	0	0	0	0	0	0	0	0	0	0	0	0	0	0	0	0	0	0	0	0	0	0	0	0.841050153276286	0.765150675322554	0.74588584431918	0	0	0.524618238707603	0	0.787182911874525	0	0.762353834956377	0	0.675471081235656	0.587628691611242	0.811558857253228	0.645432822948104	0	0	0	0	0	0	0	0	0	0	0	0	0	0	0	0	0	0	0	0
0	0	0	0	0	0	0	0	0	0	0	0	0	0	0	0	0	0	0	0	0	0	0	0	0	0	0	0	0	0	0	0	0	0	0	0	0	0	0	0	0	0	0	0	0	0	0	0	0	0	0	0	0	0	0	0	0	0	0	0	0	0	0	0	0	0	0	0	0	0	0	0	0	0.777501587009133	0.615173317618002	0.612214170325791	0	0	0	0	0	0.747005089298903	0	0	0	0	0	0.512312197965896	0.97434571167141	0.815486902318368
0	0	0	0	0	0	0	0	0	0	0	0	0	0	0	0	0	0	0	0	0	0	0	0	0	0	0	0	0	0	0	0	0	0	0	0	0	0	0	0	0	0	0	0	0	0	0	0	0	0	0	0	0	0	0	0	0	0	0	0	0	0	0	0	0	0	0	0	0	0	0	0	0.550533809096189	0	0.732028411006364	0	0.985087761178256	0	0	0	0	0	0	0	0	0	0	0	0.847085267912607	0.693590298336909
0	0	0	0	0	0	0	0	0	0	0	0	0	0	0	0	0	0	0	0	0	0	0	0	0	0	0	0	0	0	0	0	0	0	0	0	0	0	0	0	0	0	0	0	0	0	0	0	0	0	0	0	0	0	0	0	0	0	0	0	0	0	0	0	0	0	0	0	0	0	0	0	0.627340328602671	0.503465302563926	0	0.976967904559003	0.821450089498378	0.562933187781765	0	0	0	0	0	0	0	0	0	0	0	0.739059854828156
0	0	0	0	0	0	0	0	0	0	0	0	0	0	0	0	0	0	0	0	0	0	0	0	0	0	0	0	0	0	0	0	0	0	0	0	0	0	0	0	0	0	0	0	0	0	0	0	0	0	0	0	0	0	0	0	0	0	0	0	0	0	0	0	0	0	0	0	0	0	0	0	0.54752142233649	0	0.673051905084575	0	0.652093806717388	0.522121068306187	0.615927653805884	0	0	0	0	0.987101163173671	0	0	0	0	0	0
0	0	0	0	0	0	0	0	0	0	0	0	0	0	0	0	0	0	0	0	0	0	0	0	0	0	0	0	0	0	0	0	0	0	0	0	0	0	0	0	0	0	0	0	0	0	0	0	0	0	0	0	0	0	0	0	0	0	0	0	0	0	0	0	0	0	0	0	0	0	0	0	0	0.533528744999805	0.952915196991099	0.772097227125088	0	0.769309112688788	0.708330420566038	0.888817337420742	0	0	0	0	0	0	0	0	0	0
0	0	0	0	0	0	0	0	0	0	0	0	0	0	0	0	0	0	0	0	0	0	0	0	0	0	0	0	0	0	0	0	0	0	0	0	0	0	0	0	0	0	0	0	0	0	0	0	0	0	0	0	0	0	0	0	0	0	0	0	0	0	0	0	0	0	0	0	0	0	0	0	0	0	0.950022683929437	0.540156143746321	0.851583791429203	0	0.813370443374111	0.510462628858239	0	0	0	0	0.859314116899666	0	0	0	0	0
0	0	0	0	0	0	0	0	0	0	0	0	0	0	0	0	0	0	0	0	0	0	0	0	0	0	0	0	0	0	0	0	0	0	0	0	0	0	0	0	0	0	0	0	0	0	0	0	0	0	0	0	0	0	0	0	0	0	0	0	0	0	0	0	0	0	0	0	0	0	0	0	0	0	0	0.576288256870583	0.970974024906969	0.907096420881322	0	0.757366038401682	0.920275590093912	0.902566199693289	0	0	0	0	0	0	0	0
0	0	0	0	0	0	0	0	0	0	0	0	0	0	0	0	0	0	0	0	0	0	0	0	0	0	0	0	0	0	0	0	0	0	0	0	0	0	0	0	0	0	0	0	0	0	0	0	0	0	0	0	0	0	0	0	0	0	0	0	0	0	0	0	0	0	0	0	0	0	0	0	0	0	0	0	0.86770029634314	0.986498223509719	0.994716242382463	0	0.841131457222932	0.725651930892501	0.502205376905228	0	0	0	0	0	0	0
0	0	0	0	0	0	0	0	0	0	0	0	0	0	0	0	0	0	0	0	0	0	0	0	0	0	0	0	0	0	0	0	0	0	0	0	0	0	0	0	0	0	0	0	0	0	0	0	0	0	0	0	0	0	0	0	0	0	0	0	0	0	0	0	0	0	0	0	0	0	0	0	0	0	0	0	0	0	0.935774778828264	0.548747133098964	0	0.70573269469824	0.547313985180672	0.522762706792273	0	0	0	0	0	0
0	0	0	0	0	0	0	0	0	0	0	0	0	0	0	0	0	0	0	0	0	0	0	0	0	0	0	0	0	0	0	0	0	0	0	0	0	0	0	0	0	0	0	0	0	0	0	0	0	0	0	0	0	0	0	0	0	0	0	0	0	0	0	0	0	0	0	0	0	0	0	0	0.977807776538014	0	0	0	0	0	0.8219558447916	0.750081433561712	0.727185171394691	0	0.745793352674183	0.658690964160178	0.730846437454131	0	0	0	0	0
0	0	0	0	0	0	0	0	0	0	0	0	0	0	0	0	0	0	0	0	0	0	0	0	0	0	0	0	0	0	0	0	0	0	0	0	0	0	0	0	0	0	0	0	0	0	0	0	0	0	0	0	0	0	0	0	0	0	0	0	0	0	0	0	0	0	0	0	0	0	0	0	0	0	0	0	0	0	0	0.964892217180599	0.937953887927626	0.902995852732898	0	0.823047559711265	0.513136184511594	0.669839773042188	0	0	0	0
0	0	0	0	0	0	0	0	0	0	0	0	0	0	0	0	0	0	0	0	0	0	0	0	0	0	0	0	0	0	0	0	0	0	0	0	0	0	0	0	0	0	0	0	0	0	0	0	0	0	0	0	0	0	0	0	0	0	0	0	0	0	0	0	0	0	0	0	0	0	0	0	0	0	0	0.710008719942858	0	0	0	0	0.74675963120249	0.596923641818153	0.924180861154268	0	0	0.602368578961986	0.949002749724134	0	0	0
0	0	0	0	0	0	0	0	0	0	0	0	0	0	0	0	0	0	0	0	0	0	0	0	0	0	0	0	0	0	0	0	0	0	0	0	0	0	0	0	0	0	0	0	0	0	0	0	0	0	0	0	0	0	0	0	0	0	0	0	0	0	0	0	0	0	0	0	0	0	0	0	0	0	0	0	0	0.692438790764698	0	0	0	0.58372853441402	0.979962203476348	0	0	0.743247896754192	0.664383585638932	0.679594252021235	0	0
0	0	0	0	0	0	0	0	0	0	0	0	0	0	0	0	0	0	0	0	0	0	0	0	0	0	0	0	0	0	0	0	0	0	0	0	0	0	0	0	0	0	0	0	0	0	0	0	0	0	0	0	0	0	0	0	0	0	0	0	0	0	0	0	0	0	0	0	0	0	0	0	0	0	0	0	0	0	0	0	0	0	0.5947951239478	0.708322344380563	0.62213299524308	0	0.549307358167585	0.907707775631498	0.593689441603013	0
0	0	0	0	0	0	0	0	0	0	0	0	0	0	0	0	0	0	0	0	0	0	0	0	0	0	0	0	0	0	0	0	0	0	0	0	0	0	0	0	0	0	0	0	0	0	0	0	0	0	0	0	0	0	0	0	0	0	0	0	0	0	0	0	0	0	0	0	0	0	0	0	0	0	0	0	0	0	0	0	0	0	0	0.508597756518658	0.881725814656026	0.62442506165458	0	0.824531180556301	0.878237711849556	0.966419473782387
0	0	0	0	0	0	0	0	0	0	0	0	0	0	0	0	0	0	0	0	0	0	0	0	0	0	0	0	0	0	0	0	0	0	0	0	0	0	0	0	0	0	0	0	0	0	0	0	0	0	0	0	0	0	0	0	0	0	0	0	0	0	0	0	0	0	0	0	0	0	0	0	0.89019854664314	0	0	0	0	0	0	0	0	0	0	0	0.743073340352322	0.541769937718388	0.709118185733534	0	0.817801730018502	0.916367974785585
0	0	0	0	0	0	0	0	0	0	0	0	0	0	0	0	0	0	0	0	0	0	0	0	0	0	0	0	0	0	0	0	0	0	0	0	0	0	0	0	0	0	0	0	0	0	0	0	0	0	0	0	0	0	0	0	0	0	0	0	0	0	0	0	0	0	0	0	0	0	0	0	0.617060234501599	0.905127237231453	0	0	0	0	0	0	0	0	0	0	0	0.536612029573699	0.862012523023434	0.910171904843287	0	0.883328888106624
0	0	0	0	0	0	0	0	0	0	0	0	0	0	0	0	0	0	0	0	0	0	0	0	0	0	0	0	0	0	0	0	0	0	0	0	0	0	0	0	0	0	0	0	0	0	0	0	0	0	0	0	0	0	0	0	0	0	0	0	0	0	0	0	0	0	0	0	0	0	0	0	0.866104201689758	0.780813132064911	0.755705896620161	0	0	0	0	0	0	0	0	0	0	0	0.930373159728942	0.855743969545082	0.863130258690148	0
