0	0.626816273052341	0.606415824959645	0.896682254508545	0.869136484360763	0	0	0.98620716616296	0	0	0	0	0	0	0	0.627817566891752	0	0.735855633796147	0	0	0	0	0	0	0	0	0	0	0	0	0	0	0	0	0	0	0	0	0	0	0	0	0	0	0	0	0	0	0	0	0	0	0	0	0	0	0	0	0	0	0	0	0	0	0	0	0	0	0	0	0	0	0	0	0	0	0	0	0	0	0	0	0	0	0	0	0	0	0	0
0.896517585245408	0	0.772202431829265	0.667353253067971	0.863927709056559	0.768383157380916	0	0	0	0	0	0	0	0	0	0.666806230126533	0.945408421454376	0.936527300961747	0	0	0	0	0	0	0	0	0	0	0	0	0	0	0	0	0	0	0	0	0	0	0	0	0	0	0	0	0	0	0	0	0	0	0	0	0	0	0	0	0	0	0	0	0	0	0	0	0	0	0	0	0	0	0	0	0	0	0	0	0	0	0	0	0	0	0	0	0	0	0	0
0.813065970022783	0.630920759666486	0	0.547337601466532	0.742517697880754	0.952244674042395	0.783955443870609	0	0	0	0	0	0	0	0	0	0	0.538247414109252	0	0	0	0	0	0	0	0	0	0	0	0	0	0	0	0	0	0	0	0	0	0	0	0	0	0	0	0	0	0	0	0	0	0	0	0	0	0	0	0	0	0	0	0	0	0	0	0	0	0	0	0	0	0	0	0	0	0	0	0	0	0	0	0	0	0	0	0	0	0	0	0
0.525245788264016	0.575725373924922	0.961812688899139	0	0.644647591075684	0.834755077083607	0	0	0.835289699077519	0	0	0	0	0	0	0	0.97487125244988	0.546707272058487	0	0	0	0	0	0	0	0	0	0	0	0	0	0	0	0	0	0	0	0	0	0	0	0	0	0	0	0	0	0	0	0	0	0	0	0	0	0	0	0	0	0	0	0	0	0	0	0	0	0	0	0	0	0	0	0	0	0	0	0	0	0	0	0	0	0	0	0	0	0	0	0
0.514027863734942	0.993049576488894	0.696940292824395	0.70692879665103	0	0.804732753548606	0.630965893814295	0.643154598263562	0.693825969044432	0	0	0	0	0	0	0	0	0	0	0	0	0	0	0	0	0	0	0	0	0	0	0	0	0	0	0	0	0	0	0	0	0	0	0	0	0	0	0	0	0	0	0	0	0	0	0	0	0	0	0	0	0	0	0	0	0	0	0	0	0	0	0	0	0	0	0	0	0	0	0	0	0	0	0	0	0	0	0	0	0
0	0.661875089881592	0.768128442792263	0.808797950526213	0.988615264540947	0	0.982242999089882	0.761005433126915	0.550335342381978	0.543029316587007	0	0	0	0	0.682697142949555	0	0.958132011442102	0	0	0	0	0	0	0	0	0	0	0	0	0	0	0	0	0	0	0	0	0	0	0	0	0	0	0	0	0	0	0	0	0	0	0	0	0	0	0	0	0	0	0	0	0	0	0	0	0	0	0	0	0	0	0	0	0	0	0	0	0	0	0	0	0	0	0	0	0	0	0	0	0
0	0	0.688940398216561	0	0.529613514293688	0.580461557262146	0	0	0.792893274140355	0.631930489431588	0.706739038720872	0	0	0	0	0	0.545452844374105	0	0	0	0	0	0	0	0	0	0	0	0	0	0	0	0	0	0	0	0	0	0	0	0	0	0	0	0	0	0	0	0	0	0	0	0	0	0	0	0	0	0	0	0	0	0	0	0	0	0	0	0	0	0	0	0	0	0	0	0	0	0	0	0	0	0	0	0	0	0	0	0	0
0.555862119340268	0	0	0	0.611020094563192	0.934444564580407	0	0	0.644971112718115	0.880730330769883	0	0.957127955727387	0	0	0	0	0	0	0	0	0	0	0	0	0	0	0	0	0	0	0	0	0	0	0	0	0	0	0	0	0	0	0	0	0	0	0	0	0	0	0	0	0	0	0	0	0	0	0	0	0	0	0	0	0	0	0	0	0	0	0	0	0	0	0	0	0	0	0	0	0	0	0	0	0	0	0	0	0	0
0	0	0	0.990794442020136	0.97966918979635	0.840156223223505	0.709991781944001	0.688856989387517	0	0.799499686418857	0.501885117032337	0.83272138568745	0	0	0	0	0.851993345575116	0	0	0	0	0	0	0	0	0	0	0	0	0	0	0	0	0	0	0	0	0	0	0	0	0	0	0	0	0	0	0	0	0	0	0	0	0	0	0	0	0	0	0	0	0	0	0	0	0	0	0	0	0	0	0	0	0	0	0	0	0	0	0	0	0	0	0	0	0	0	0	0	0
0	0	0	0	0	0.801651414005899	0.526558957048769	0.686466364907664	0.72004925437719	0	0.61859892693478	0	0.703382352046089	0.580139239420296	0	0	0.649620022614113	0	0	0	0	0	0	0	0	0	0	0	0	0	0	0	0	0	0	0	0	0	0	0	0	0	0	0	0	0	0	0	0	0	0	0	0	0	0	0	0	0	0	0	0	0	0	0	0	0	0	0	0	0	0	0	0	0	0	0	0	0	0	0	0	0	0	0	0	0	0	0	0	0
0	0	0	0	0	0	0.70434498141214	0	0.837566163065466	0.799624445122729	0	0.905491826643785	0.694390373996695	0.946100787125633	0.642533034702256	0	0	0	0	0	0	0	0	0	0	0	0	0	0	0	0	0	0	0	0	0	0	0	0	0	0	0	0	0	0	0	0	0	0	0	0	0	0	0	0	0	0	0	0	0	0	0	0	0	0	0	0	0	0	0	0	0	0	0	0	0	0	0	0	0	0	0	0	0	0	0	0	0	0	0
0	0	0	0	0	0	0	0.935338600469137	0.850606016422386	0	0.781072811811202	0	0.796672833527405	0.957060212116318	0.713462550189783	0.977693192555953	0.502910491647308	0	0	0	0	0	0	0	0	0	0	0	0	0	0	0	0	0	0	0	0	0	0	0	0	0	0	0	0	0	0	0	0	0	0	0	0	0	0	0	0	0	0	0	0	0	0	0	0	0	0	0	0	0	0	0	0	0	0	0	0	0	0	0	0	0	0	0	0	0	0	0	0	0
0	0	0	0	0	0	0	0	0	0.995406359587004	0.6369510189178	0.697626429483433	0	0.686791494893561	0.961620238248599	0.599351722168964	0.569523136372029	0	0	0	0	0	0	0	0	0	0	0	0	0	0	0	0	0	0	0	0	0	0	0	0	0	0	0	0	0	0	0	0	0	0	0	0	0	0	0	0	0	0	0	0	0	0	0	0	0	0	0	0	0	0	0	0	0	0	0	0	0	0	0	0	0	0	0	0	0	0	0	0	0
0	0	0	0	0	0	0	0	0	0.889830683786027	0.927349379777702	0.652102693599146	0.747318385682868	0	0.703243472730071	0.857622483727466	0.893442917641069	0.529923557299976	0	0	0	0	0	0	0	0	0	0	0	0	0	0	0	0	0	0	0	0	0	0	0	0	0	0	0	0	0	0	0	0	0	0	0	0	0	0	0	0	0	0	0	0	0	0	0	0	0	0	0	0	0	0	0	0	0	0	0	0	0	0	0	0	0	0	0	0	0	0	0	0
0	0	0	0	0	0.654850848960516	0	0	0	0	0.600112664421544	0.820271464083337	0.566169110333487	0.809422816223485	0	0.986568783503076	0.806727877962776	0.981787865356469	0	0	0	0	0	0	0	0	0	0	0	0	0	0	0	0	0	0	0	0	0	0	0	0	0	0	0	0	0	0	0	0	0	0	0	0	0	0	0	0	0	0	0	0	0	0	0	0	0	0	0	0	0	0	0	0	0	0	0	0	0	0	0	0	0	0	0	0	0	0	0	0
0.971875543739969	0.856758365742285	0	0	0	0	0	0	0	0	0	0.761673248028975	0.853719969536702	0.929494825750112	0.746272622695637	0	0.570525469087592	0.860246578421294	0	0	0	0	0	0	0	0	0	0	0	0	0	0	0	0	0	0	0	0	0	0	0	0	0	0	0	0	0	0	0	0	0	0	0	0	0	0	0	0	0	0	0	0	0	0	0	0	0	0	0	0	0	0	0	0	0	0	0	0	0	0	0	0	0	0	0	0	0	0	0	0
0	0.826061370800723	0	0.984423698059788	0	0.892905170855243	0.931241548993335	0	0.972051330023682	0.99682841858264	0	0.545781700800619	0.587733333504434	0.771118209654536	0.74341215808851	0.531867716332373	0	0.868668463224714	0	0	0	0	0	0	0	0	0	0	0	0	0	0	0	0	0	0	0	0	0	0	0	0	0	0	0	0	0	0	0	0	0	0	0	0	0	0	0	0	0	0	0	0	0	0	0	0	0	0	0	0	0	0	0	0	0	0	0	0	0	0	0	0	0	0	0	0	0	0	0	0
0.92158124837306	0.779785853875062	0.958151229114121	0.776318469578511	0	0	0	0	0	0	0	0	0	0.698291585466364	0.631882550166547	0.804106253193041	0.93611216240517	0	0	0	0	0	0	0	0	0	0	0	0	0	0	0	0	0	0	0	0	0	0	0	0	0	0	0	0	0	0	0	0	0	0	0	0	0	0	0	0	0	0	0	0	0	0	0	0	0	0	0	0	0	0	0	0	0	0	0	0	0	0	0	0	0	0	0	0	0	0	0	0	0
0	0	0	0	0	0	0	0	0	0	0	0	0	0	0	0	0	0	0	0.871363295531353	0.873395068718246	0.646240527087816	0.821751824438977	0.550960387269519	0.536198677377337	0	0	0	0	0	0.843274152758229	0.663177507205352	0.901676707609016	0.75168233513436	0.501757554474315	0.564396644802001	0	0	0	0	0	0	0	0	0	0	0	0	0	0	0	0	0	0	0	0	0	0	0	0	0	0	0	0	0	0	0	0	0	0	0	0	0	0	0	0	0	0	0	0	0	0	0	0	0	0	0	0	0	0
0	0	0	0	0	0	0	0	0	0	0	0	0	0	0	0	0	0	0.714270241245192	0	0.695657102100917	0.870657998472416	0.840549983226668	0.731719588416242	0.77239411988661	0.687051318760165	0	0	0	0	0	0.554587392848784	0.861236616600223	0.655794332146083	0.758721142366742	0.862252759264771	0	0	0	0	0	0	0	0	0	0	0	0	0	0	0	0	0	0	0	0	0	0	0	0	0	0	0	0	0	0	0	0	0	0	0	0	0	0	0	0	0	0	0	0	0	0	0	0	0	0	0	0	0	0
0	0	0	0	0	0	0	0	0	0	0	0	0	0	0	0	0	0	0.680725744991245	0.987558357750535	0	0.575702132481151	0.712092180199254	0.855140721177604	0.59247793986455	0.891021640246878	0.930972355023363	0	0	0	0	0	0.526866426352456	0.527946268632427	0.714488399007826	0.688070793254729	0	0	0	0	0	0	0	0	0	0	0	0	0	0	0	0	0	0	0	0	0	0	0	0	0	0	0	0	0	0	0	0	0	0	0	0	0	0	0	0	0	0	0	0	0	0	0	0	0	0	0	0	0	0
0	0	0	0	0	0	0	0	0	0	0	0	0	0	0	0	0	0	0.964145916710764	0.70055951580453	0.745042790935726	0	0.873847029035279	0.83496106748666	0.60674043262233	0.784815538168734	0.924900571460411	0.755080121320995	0	0	0	0	0	0.91489434438076	0.723578837454487	0.561127946352786	0	0	0	0	0	0	0	0	0	0	0	0	0	0	0	0	0	0	0	0	0	0	0	0	0	0	0	0	0	0	0	0	0	0	0	0	0	0	0	0	0	0	0	0	0	0	0	0	0	0	0	0	0	0
0	0	0	0	0	0	0	0	0	0	0	0	0	0	0	0	0	0	0.565319857945509	0.925023999606068	0.591900265422283	0.718945528939339	0	0.686789565386525	0.737170722754957	0.527149380246049	0.92567019849011	0.522133679289733	0.976284598033938	0	0	0	0	0	0.592813855914748	0.861549009940114	0	0	0	0	0	0	0	0	0	0	0	0	0	0	0	0	0	0	0	0	0	0	0	0	0	0	0	0	0	0	0	0	0	0	0	0	0	0	0	0	0	0	0	0	0	0	0	0	0	0	0	0	0	0
0	0	0	0	0	0	0	0	0	0	0	0	0	0	0	0	0	0	0.957641552485322	0.617250778581253	0.733077130286153	0.681706328215299	0.942188371905696	0	0.938057513943564	0.673242600616271	0.650197358209421	0.693114496039652	0.513320165946495	0.517052599401575	0	0	0	0	0	0.85900603950031	0	0	0	0	0	0	0	0	0	0	0	0	0	0	0	0	0	0	0	0	0	0	0	0	0	0	0	0	0	0	0	0	0	0	0	0	0	0	0	0	0	0	0	0	0	0	0	0	0	0	0	0	0	0
0	0	0	0	0	0	0	0	0	0	0	0	0	0	0	0	0	0	0.553553939637273	0.549144958574622	0.748334727069711	0.6165729463779	0.984286788209943	0.534174930836278	0	0.837871834227335	0.956510210004887	0.973124168563171	0.534497071849366	0.611211221840036	0.527897222166422	0	0	0	0	0	0	0	0	0	0	0	0	0	0	0	0	0	0	0	0	0	0	0	0	0	0	0	0	0	0	0	0	0	0	0	0	0	0	0	0	0	0	0	0	0	0	0	0	0	0	0	0	0	0	0	0	0	0	0
0	0	0	0	0	0	0	0	0	0	0	0	0	0	0	0	0	0	0	0.56479421276816	0.596914551087317	0.631274879998241	0.65544863419133	0.743245657381457	0.687793428983417	0	0.858521245735202	0.78482188749278	0.809814813654209	0.982574312976522	0.845463339275077	0.90961885914282	0	0	0	0	0	0	0	0	0	0	0	0	0	0	0	0	0	0	0	0	0	0	0	0	0	0	0	0	0	0	0	0	0	0	0	0	0	0	0	0	0	0	0	0	0	0	0	0	0	0	0	0	0	0	0	0	0	0
0	0	0	0	0	0	0	0	0	0	0	0	0	0	0	0	0	0	0	0	0.72819044819836	0.910299206350486	0.533026442602022	0.662045237183954	0.72842312862575	0.694345184277531	0	0.921472909315596	0.622855586733146	0.979687339212553	0.91949798364448	0.903739391459373	0.504090595438038	0	0	0	0	0	0	0	0	0	0	0	0	0	0	0	0	0	0	0	0	0	0	0	0	0	0	0	0	0	0	0	0	0	0	0	0	0	0	0	0	0	0	0	0	0	0	0	0	0	0	0	0	0	0	0	0	0
0	0	0	0	0	0	0	0	0	0	0	0	0	0	0	0	0	0	0	0	0	0.873293428924932	0.932826678379116	0.618044341331828	0.539958213519146	0.517934269831336	0.55384159096291	0	0.779590588031529	0.930080434956166	0.863687197912562	0.762480406977512	0.554190566381669	0.640783313712162	0	0	0	0	0	0	0	0	0	0	0	0	0	0	0	0	0	0	0	0	0	0	0	0	0	0	0	0	0	0	0	0	0	0	0	0	0	0	0	0	0	0	0	0	0	0	0	0	0	0	0	0	0	0	0	0
0	0	0	0	0	0	0	0	0	0	0	0	0	0	0	0	0	0	0	0	0	0	0.775174533773619	0.933239371056644	0.936975998473051	0.543170144479058	0.618142431272513	0.901541703591324	0	0.757892023466328	0.747679540553765	0.686624833040517	0.828753981132856	0.587243352870686	0.777468018913095	0	0	0	0	0	0	0	0	0	0	0	0	0	0	0	0	0	0	0	0	0	0	0	0	0	0	0	0	0	0	0	0	0	0	0	0	0	0	0	0	0	0	0	0	0	0	0	0	0	0	0	0	0	0	0
0	0	0	0	0	0	0	0	0	0	0	0	0	0	0	0	0	0	0	0	0	0	0	0.645232997302426	0.928207181199418	0.735139542429991	0.712540540350774	0.832013337649882	0.914830906820642	0	0.782609205513087	0.890248816114186	0.871477659886141	0.988634493061992	0.824277723213529	0.864072272170941	0	0	0	0	0	0	0	0	0	0	0	0	0	0	0	0	0	0	0	0	0	0	0	0	0	0	0	0	0	0	0	0	0	0	0	0	0	0	0	0	0	0	0	0	0	0	0	0	0	0	0	0	0	0
0	0	0	0	0	0	0	0	0	0	0	0	0	0	0	0	0	0	0.809184570185612	0	0	0	0	0	0.515036687994253	0.905514302283971	0.741458562250273	0.855488600603544	0.577714590155324	0.926742688122887	0	0.87814933152882	0.885166751835872	0.690675429523365	0.579215707401893	0.983657210058784	0	0	0	0	0	0	0	0	0	0	0	0	0	0	0	0	0	0	0	0	0	0	0	0	0	0	0	0	0	0	0	0	0	0	0	0	0	0	0	0	0	0	0	0	0	0	0	0	0	0	0	0	0	0
0	0	0	0	0	0	0	0	0	0	0	0	0	0	0	0	0	0	0.510009400008759	0.74624189466929	0	0	0	0	0	0.80912368690719	0.545002248018753	0.798998848818531	0.921301840219227	0.520255934569471	0.733665482925578	0	0.626435113825132	0.993367624156886	0.792409172318405	0.805996585154454	0	0	0	0	0	0	0	0	0	0	0	0	0	0	0	0	0	0	0	0	0	0	0	0	0	0	0	0	0	0	0	0	0	0	0	0	0	0	0	0	0	0	0	0	0	0	0	0	0	0	0	0	0	0
0	0	0	0	0	0	0	0	0	0	0	0	0	0	0	0	0	0	0.545465521485062	0.60478910267461	0.887112094816447	0	0	0	0	0	0.765918763391283	0.631479466171832	0.500397181844435	0.947824146469352	0.736739140770954	0.640062077097395	0	0.559568924731342	0.770144735351782	0.976830774412073	0	0	0	0	0	0	0	0	0	0	0	0	0	0	0	0	0	0	0	0	0	0	0	0	0	0	0	0	0	0	0	0	0	0	0	0	0	0	0	0	0	0	0	0	0	0	0	0	0	0	0	0	0	0
0	0	0	0	0	0	0	0	0	0	0	0	0	0	0	0	0	0	0.817111192781817	0.971479071275118	0.555379490975452	0.668029565104842	0	0	0	0	0	0.577478202142403	0.71182539492836	0.901942288541541	0.77800658572202	0.652173979871032	0.616109665342118	0	0.695505765598401	0.909421021189506	0	0	0	0	0	0	0	0	0	0	0	0	0	0	0	0	0	0	0	0	0	0	0	0	0	0	0	0	0	0	0	0	0	0	0	0	0	0	0	0	0	0	0	0	0	0	0	0	0	0	0	0	0	0
0	0	0	0	0	0	0	0	0	0	0	0	0	0	0	0	0	0	0.720496938613759	0.959017984676023	0.707318964927834	0.666359336586118	0.944211721953267	0	0	0	0	0	0.789799327534053	0.815488472072048	0.505288925895465	0.598293083974437	0.594884171950514	0.678816427685012	0	0.905659337134039	0	0	0	0	0	0	0	0	0	0	0	0	0	0	0	0	0	0	0	0	0	0	0	0	0	0	0	0	0	0	0	0	0	0	0	0	0	0	0	0	0	0	0	0	0	0	0	0	0	0	0	0	0	0
0	0	0	0	0	0	0	0	0	0	0	0	0	0	0	0	0	0	0.759899632842806	0.994239403031907	0.830915560749192	0.677030485999206	0.859397782127776	0.657341113727704	0	0	0	0	0	0.887811960191285	0.940598064979545	0.526235081635671	0.657391606971742	0.718403955616632	0.817419256838735	0	0	0	0	0	0	0	0	0	0	0	0	0	0	0	0	0	0	0	0	0	0	0	0	0	0	0	0	0	0	0	0	0	0	0	0	0	0	0	0	0	0	0	0	0	0	0	0	0	0	0	0	0	0	0
0	0	0	0	0	0	0	0	0	0	0	0	0	0	0	0	0	0	0	0	0	0	0	0	0	0	0	0	0	0	0	0	0	0	0	0	0	0.72803888267625	0.926669291722877	0.995271995098882	0.866151217738395	0.811408802040806	0	0	0	0	0	0	0	0	0.540087536623042	0.832267073468199	0.669573338032638	0.813218768566822	0	0	0	0	0	0	0	0	0	0	0	0	0	0	0	0	0	0	0	0	0	0	0	0	0	0	0	0	0	0	0	0	0	0	0	0
0	0	0	0	0	0	0	0	0	0	0	0	0	0	0	0	0	0	0	0	0	0	0	0	0	0	0	0	0	0	0	0	0	0	0	0	0.928734036911069	0	0.623117502433631	0.688311646257402	0.664263731717605	0	0.696329709994154	0.54139259121631	0.518746668042338	0.655446579578916	0	0.535113445398517	0	0	0.868954868450402	0	0	0.59712346599294	0	0	0	0	0	0	0	0	0	0	0	0	0	0	0	0	0	0	0	0	0	0	0	0	0	0	0	0	0	0	0	0	0	0	0	0
0	0	0	0	0	0	0	0	0	0	0	0	0	0	0	0	0	0	0	0	0	0	0	0	0	0	0	0	0	0	0	0	0	0	0	0	0.85043860404739	0.806999150147146	0	0.824609802505271	0.597571553220248	0	0.830535210311863	0.576604577537195	0	0.505688374211996	0	0	0	0	0	0.940132710014721	0.787442129854876	0	0	0	0	0	0	0	0	0	0	0	0	0	0	0	0	0	0	0	0	0	0	0	0	0	0	0	0	0	0	0	0	0	0	0	0	0
0	0	0	0	0	0	0	0	0	0	0	0	0	0	0	0	0	0	0	0	0	0	0	0	0	0	0	0	0	0	0	0	0	0	0	0	0.602818109325726	0.903311604416028	0.941360455820518	0	0.625753527336222	0	0.597852862725369	0.656894653023023	0	0	0.735896819093612	0	0.904702804639465	0	0	0	0.661778576804837	0.842849802857768	0	0	0	0	0	0	0	0	0	0	0	0	0	0	0	0	0	0	0	0	0	0	0	0	0	0	0	0	0	0	0	0	0	0	0	0
0	0	0	0	0	0	0	0	0	0	0	0	0	0	0	0	0	0	0	0	0	0	0	0	0	0	0	0	0	0	0	0	0	0	0	0	0.751325571231251	0.766859185357399	0.838337990426765	0.698809081384591	0	0.804930276789728	0.734083204313986	0.827841498264857	0.745214372996539	0.585164721249142	0	0.780355248025664	0.77997511784635	0	0.621098475917007	0	0.629083940572049	0.753234586874726	0	0	0	0	0	0	0	0	0	0	0	0	0	0	0	0	0	0	0	0	0	0	0	0	0	0	0	0	0	0	0	0	0	0	0	0
0	0	0	0	0	0	0	0	0	0	0	0	0	0	0	0	0	0	0	0	0	0	0	0	0	0	0	0	0	0	0	0	0	0	0	0	0.695173996509428	0	0	0	0.615774052798258	0	0	0.550191435818378	0.633820675207634	0.685983258546896	0.971003625599867	0	0	0	0	0.956280020082843	0	0	0	0	0	0	0	0	0	0	0	0	0	0	0	0	0	0	0	0	0	0	0	0	0	0	0	0	0	0	0	0	0	0	0	0	0	0
0	0	0	0	0	0	0	0	0	0	0	0	0	0	0	0	0	0	0	0	0	0	0	0	0	0	0	0	0	0	0	0	0	0	0	0	0	0.962421733204048	0.812662754138544	0.984770277298639	0.576683724912527	0	0	0	0.996982165787219	0.52420722814526	0.715467989404809	0.590296713479735	0	0	0	0.757273930653478	0	0	0	0	0	0	0	0	0	0	0	0	0	0	0	0	0	0	0	0	0	0	0	0	0	0	0	0	0	0	0	0	0	0	0	0	0	0
0	0	0	0	0	0	0	0	0	0	0	0	0	0	0	0	0	0	0	0	0	0	0	0	0	0	0	0	0	0	0	0	0	0	0	0	0	0.643992015893002	0.995104677994391	0.799979501994341	0.834602299219491	0.733167919147627	0	0	0.880602754878953	0.95815953217668	0.601473179348941	0.737785477072503	0	0	0	0	0.68385414164096	0.86738243372293	0	0	0	0	0	0	0	0	0	0	0	0	0	0	0	0	0	0	0	0	0	0	0	0	0	0	0	0	0	0	0	0	0	0	0	0
0	0	0	0	0	0	0	0	0	0	0	0	0	0	0	0	0	0	0	0	0	0	0	0	0	0	0	0	0	0	0	0	0	0	0	0	0	0.846274577049923	0	0	0.996640623402722	0.99752976727114	0.553215452821005	0.565463941517542	0	0.680178807824712	0	0.594890555956709	0.554137764224619	0.737601219761155	0	0	0	0.556297111094772	0	0	0	0	0	0	0	0	0	0	0	0	0	0	0	0	0	0	0	0	0	0	0	0	0	0	0	0	0	0	0	0	0	0	0	0
0	0	0	0	0	0	0	0	0	0	0	0	0	0	0	0	0	0	0	0	0	0	0	0	0	0	0	0	0	0	0	0	0	0	0	0	0	0.768743047610607	0.940006479887825	0	0.562793390686341	0.712214886654265	0.935914559191673	0.597488101706008	0.966504267322859	0	0	0.559599293297941	0.707746442227127	0.718054753667911	0	0.705537825449971	0	0.529505853922781	0	0	0	0	0	0	0	0	0	0	0	0	0	0	0	0	0	0	0	0	0	0	0	0	0	0	0	0	0	0	0	0	0	0	0	0
0	0	0	0	0	0	0	0	0	0	0	0	0	0	0	0	0	0	0	0	0	0	0	0	0	0	0	0	0	0	0	0	0	0	0	0	0	0	0	0.703544733212978	0	0.692142805067994	0.626165130280263	0.985634747971706	0	0	0	0.576790006534584	0.721013315555437	0.962279834963551	0.507380766546839	0.634982392535275	0	0	0	0	0	0	0	0	0	0	0	0	0	0	0	0	0	0	0	0	0	0	0	0	0	0	0	0	0	0	0	0	0	0	0	0	0	0
0	0	0	0	0	0	0	0	0	0	0	0	0	0	0	0	0	0	0	0	0	0	0	0	0	0	0	0	0	0	0	0	0	0	0	0	0	0.830264690643198	0	0	0.898430972411369	0	0.616010505787569	0.56946185725237	0.894049493839322	0.902049685522174	0.604298567520934	0	0.918798518457891	0.668705453902255	0.718248666534275	0	0	0	0	0	0	0	0	0	0	0	0	0	0	0	0	0	0	0	0	0	0	0	0	0	0	0	0	0	0	0	0	0	0	0	0	0	0	0
0	0	0	0	0	0	0	0	0	0	0	0	0	0	0	0	0	0	0	0	0	0	0	0	0	0	0	0	0	0	0	0	0	0	0	0	0	0	0	0.52882277484341	0.591779174827098	0	0	0	0.914082044312293	0.998634301774706	0.564158397559169	0.782712740284139	0	0.639111092902414	0.873163148727056	0.98215621900403	0	0.807312151632206	0	0	0	0	0	0	0	0	0	0	0	0	0	0	0	0	0	0	0	0	0	0	0	0	0	0	0	0	0	0	0	0	0	0	0	0
0	0	0	0	0	0	0	0	0	0	0	0	0	0	0	0	0	0	0	0	0	0	0	0	0	0	0	0	0	0	0	0	0	0	0	0	0	0	0	0	0	0	0	0	0.89662132862461	0.714920832250857	0.520521088465451	0.842859569435957	0.866606782190946	0	0.523823187971359	0.806777233457533	0.521322744997178	0.960519285214627	0	0	0	0	0	0	0	0	0	0	0	0	0	0	0	0	0	0	0	0	0	0	0	0	0	0	0	0	0	0	0	0	0	0	0	0
0	0	0	0	0	0	0	0	0	0	0	0	0	0	0	0	0	0	0	0	0	0	0	0	0	0	0	0	0	0	0	0	0	0	0	0	0.792389406842728	0.698345501293593	0	0	0.96188131350759	0	0	0	0	0	0.895859231503346	0.837850033583495	0.688190222654678	0.553524566003451	0	0.711112619949377	0.68291577613662	0.807406721372733	0	0	0	0	0	0	0	0	0	0	0	0	0	0	0	0	0	0	0	0	0	0	0	0	0	0	0	0	0	0	0	0	0	0	0	0
0	0	0	0	0	0	0	0	0	0	0	0	0	0	0	0	0	0	0	0	0	0	0	0	0	0	0	0	0	0	0	0	0	0	0	0	0.911694632855392	0	0.959113797877165	0	0	0.569026330019442	0.838792781403248	0	0	0.640482630707413	0.835260164344076	0	0.644063283662365	0.740414502735625	0.743590124752836	0	0.602587812513213	0	0	0	0	0	0	0	0	0	0	0	0	0	0	0	0	0	0	0	0	0	0	0	0	0	0	0	0	0	0	0	0	0	0	0	0	0
0	0	0	0	0	0	0	0	0	0	0	0	0	0	0	0	0	0	0	0	0	0	0	0	0	0	0	0	0	0	0	0	0	0	0	0	0.576046078362771	0	0.613719184027956	0.527577893444042	0.951171083156048	0	0	0.992516943237768	0	0	0	0	0	0.801245473820288	0.72488942769636	0.97977197543444	0	0.951234748347329	0	0	0	0	0	0	0	0	0	0	0	0	0	0	0	0	0	0	0	0	0	0	0	0	0	0	0	0	0	0	0	0	0	0	0	0
0	0	0	0	0	0	0	0	0	0	0	0	0	0	0	0	0	0	0	0	0	0	0	0	0	0	0	0	0	0	0	0	0	0	0	0	0.798883357967268	0.799222324454266	0	0.844007072295468	0.995624874849936	0	0	0.599941765567541	0.662850519318826	0.724378939527693	0	0	0.846307019856705	0.96124099297667	0.817288943584654	0	0.552462751415548	0	0	0	0	0	0	0	0	0	0	0	0	0	0	0	0	0	0	0	0	0	0	0	0	0	0	0	0	0	0	0	0	0	0	0	0	0
0	0	0	0	0	0	0	0	0	0	0	0	0	0	0	0	0	0	0	0	0	0	0	0	0	0	0	0	0	0	0	0	0	0	0	0	0	0	0	0	0	0	0	0	0	0	0	0	0	0	0	0	0	0	0	0.67702278274517	0.768650761501129	0.550666827085204	0.776348621072661	0.71620745082913	0	0	0.906927607697733	0.810786607691884	0.916040345945445	0.605937014409079	0.505239331661937	0.601084167406403	0.586560969263406	0.649336324503979	0.581013578674171	0	0	0	0	0	0	0	0	0	0	0	0	0	0	0	0	0	0	0
0	0	0	0	0	0	0	0	0	0	0	0	0	0	0	0	0	0	0	0	0	0	0	0	0	0	0	0	0	0	0	0	0	0	0	0	0	0	0	0	0	0	0	0	0	0	0	0	0	0	0	0	0	0	0.553819354978533	0	0.827002169678806	0.870663018471025	0.525852491884256	0	0.760600035258558	0.96709332337186	0	0.967747104551409	0.788028608197127	0.866344774943597	0.656628553195965	0	0.540553393207621	0	0.644394809420685	0.627364284536593	0	0	0	0	0	0	0	0	0	0	0	0	0	0	0	0	0	0
0	0	0	0	0	0	0	0	0	0	0	0	0	0	0	0	0	0	0	0	0	0	0	0	0	0	0	0	0	0	0	0	0	0	0	0	0	0	0	0	0	0	0	0	0	0	0	0	0	0	0	0	0	0	0.551378676362843	0.614670700611176	0	0.509321033338708	0	0	0.672698228191051	0.75606600481453	0.748036116728857	0.664327067545647	0.742609536354266	0.570196812710483	0.781851484222782	0.759724550250761	0.514189781184122	0.707748001921888	0.932845589235469	0.736662803841441	0	0	0	0	0	0	0	0	0	0	0	0	0	0	0	0	0	0
0	0	0	0	0	0	0	0	0	0	0	0	0	0	0	0	0	0	0	0	0	0	0	0	0	0	0	0	0	0	0	0	0	0	0	0	0	0	0	0	0	0	0	0	0	0	0	0	0	0	0	0	0	0	0.787365286221191	0.938427683210863	0.75114745872213	0	0.87715486840709	0.782308905594955	0.717865734568421	0.9632094535546	0.86967693166793	0	0.670079143265764	0	0.950040174016149	0.888051135006433	0.801786415322254	0	0	0.755651848060269	0	0	0	0	0	0	0	0	0	0	0	0	0	0	0	0	0	0
0	0	0	0	0	0	0	0	0	0	0	0	0	0	0	0	0	0	0	0	0	0	0	0	0	0	0	0	0	0	0	0	0	0	0	0	0	0	0	0	0	0	0	0	0	0	0	0	0	0	0	0	0	0	0.772378158510045	0.700155793974258	0	0.505203861938119	0	0	0.782563479278861	0.942496338834231	0.514610347195938	0.896081154596965	0.862277619223534	0.907954507310448	0.593181569178769	0.557304565403557	0.948558518808736	0	0	0.511586830820203	0	0	0	0	0	0	0	0	0	0	0	0	0	0	0	0	0	0
0	0	0	0	0	0	0	0	0	0	0	0	0	0	0	0	0	0	0	0	0	0	0	0	0	0	0	0	0	0	0	0	0	0	0	0	0	0	0	0	0	0	0	0	0	0	0	0	0	0	0	0	0	0	0.725943122779955	0	0	0.791655983758907	0	0	0.806405745206151	0.969452987924912	0.601384781844333	0.656584966892538	0.539499549596909	0.69224850602027	0.657105752775056	0.70986350295527	0.719507653037988	0.510771320791066	0	0.727661868093291	0	0	0	0	0	0	0	0	0	0	0	0	0	0	0	0	0	0
0	0	0	0	0	0	0	0	0	0	0	0	0	0	0	0	0	0	0	0	0	0	0	0	0	0	0	0	0	0	0	0	0	0	0	0	0	0	0	0	0	0	0	0	0	0	0	0	0	0	0	0	0	0	0	0.644615219509451	0.666888382756939	0.638883009380984	0.80187753446477	0.653290971544231	0	0	0.589150820667559	0.664940446990237	0.824429534496878	0.517013334426261	0.702595073484791	0.928700555326603	0.871873549623049	0	0.632553975662111	0	0	0	0	0	0	0	0	0	0	0	0	0	0	0	0	0	0	0
0	0	0	0	0	0	0	0	0	0	0	0	0	0	0	0	0	0	0	0	0	0	0	0	0	0	0	0	0	0	0	0	0	0	0	0	0	0	0	0	0	0	0	0	0	0	0	0	0	0	0	0	0	0	0	0.912112678468376	0.930723769142172	0.804658256101274	0.658970092145761	0.528670734906554	0	0	0	0.516212858943683	0.9857174257473	0.540750047995035	0.643578951793415	0.538959606924121	0.756309638401498	0	0	0.679070804005345	0	0	0	0	0	0	0	0	0	0	0	0	0	0	0	0	0	0
0	0	0	0	0	0	0	0	0	0	0	0	0	0	0	0	0	0	0	0	0	0	0	0	0	0	0	0	0	0	0	0	0	0	0	0	0	0	0	0	0	0	0	0	0	0	0	0	0	0	0	0	0	0	0.734050892702521	0	0.872897971312078	0.762866539755407	0.839090205430161	0.56490972277401	0.923519738102231	0	0	0.551733344317334	0.837278047644731	0.884248701670207	0.788254145195116	0.716987756889464	0.817351628286884	0	0.980617578208379	0.643925053189757	0	0	0	0	0	0	0	0	0	0	0	0	0	0	0	0	0	0
0	0	0	0	0	0	0	0	0	0	0	0	0	0	0	0	0	0	0	0	0	0	0	0	0	0	0	0	0	0	0	0	0	0	0	0	0	0	0	0	0	0	0	0	0	0	0	0	0	0	0	0	0	0	0.558853574207919	0.605844373855898	0.556520350417531	0	0.652036992732288	0.596296345481753	0.658758336229505	0.905100340876106	0.894812279420755	0	0.856581246011167	0.93345720591491	0.624616625063372	0.801359131883295	0.825665023856089	0.604680092676792	0.941386092550158	0.841388418430624	0	0	0	0	0	0	0	0	0	0	0	0	0	0	0	0	0	0
0	0	0	0	0	0	0	0	0	0	0	0	0	0	0	0	0	0	0	0	0	0	0	0	0	0	0	0	0	0	0	0	0	0	0	0	0	0	0	0	0	0	0	0	0	0	0	0	0	0	0	0	0	0	0.720300596918937	0.803112723289987	0.521785912020549	0.655325923030034	0.589049225056784	0.528599210963915	0.828049916561552	0.730576829248254	0.533782964487288	0.912270697514518	0	0.511753995054771	0.973963640977888	0.642603961452206	0.7178547964317	0.866501884765703	0.974438036713824	0.607027641348184	0	0	0	0	0	0	0	0	0	0	0	0	0	0	0	0	0	0
0	0	0	0	0	0	0	0	0	0	0	0	0	0	0	0	0	0	0	0	0	0	0	0	0	0	0	0	0	0	0	0	0	0	0	0	0	0	0	0	0	0	0	0	0	0	0	0	0	0	0	0	0	0	0.726007310749241	0.592957288440823	0.881422522987369	0	0.650125683316529	0.854499214363251	0.626815686831792	0.723540478015242	0.611660950062476	0.896434457873446	0.574778938036927	0	0.996552721701354	0.674465746726511	0.641616203869372	0.786014655000811	0.701067853096006	0.567489304435864	0	0	0	0	0	0	0	0	0	0	0	0	0	0	0	0	0	0
0	0	0	0	0	0	0	0	0	0	0	0	0	0	0	0	0	0	0	0	0	0	0	0	0	0	0	0	0	0	0	0	0	0	0	0	0	0	0	0	0	0	0	0	0	0	0	0	0	0	0	0	0	0	0.67010944621787	0.913086859926518	0.992041493355665	0.630615187922763	0.661644588933336	0.763784820228361	0.988322624160768	0.723152400752018	0.791080811631462	0.528512199392605	0.878653804063791	0.7716594246837	0	0.69410324001255	0.900769031084915	0	0.530545311045691	0.790866958248294	0	0	0	0	0	0	0	0	0	0	0	0	0	0	0	0	0	0
0	0	0	0	0	0	0	0	0	0	0	0	0	0	0	0	0	0	0	0	0	0	0	0	0	0	0	0	0	0	0	0	0	0	0	0	0	0	0	0	0	0	0	0	0	0	0	0	0	0	0	0	0	0	0.59025641402514	0	0.581293876597916	0.508353335464969	0.514063105694958	0.745512539134043	0.858331686391443	0.744101900563823	0.814511506484454	0.683070414065987	0.925682958659112	0.968291572249653	0.905746394362667	0	0.708542720495262	0.560779933164688	0.827339356406837	0.764872677105982	0	0	0	0	0	0	0	0	0	0	0	0	0	0	0	0	0	0
0	0	0	0	0	0	0	0	0	0	0	0	0	0	0	0	0	0	0	0	0	0	0	0	0	0	0	0	0	0	0	0	0	0	0	0	0	0	0	0	0	0	0	0	0	0	0	0	0	0	0	0	0	0	0.808268032968379	0.644687745663797	0.501214610633153	0.713965403720326	0.705694855701854	0.586216431010429	0.800263231058421	0.921093753650487	0.551418375990731	0.56348020051908	0.856312141370983	0.763952308990632	0.952487804058276	0.699853613636917	0	0	0.997572740106275	0	0	0	0	0	0	0	0	0	0	0	0	0	0	0	0	0	0	0
0	0	0	0	0	0	0	0	0	0	0	0	0	0	0	0	0	0	0	0	0	0	0	0	0	0	0	0	0	0	0	0	0	0	0	0	0	0	0	0	0	0	0	0	0	0	0	0	0	0	0	0	0	0	0.690231603198795	0	0.732134630104816	0	0	0.871664817387713	0	0	0	0.715108531033967	0.996372394241786	0.663700298057572	0	0.872344016996278	0	0	0.75702309911882	0.556158294354601	0	0	0	0	0	0	0	0	0	0	0	0	0	0	0	0	0	0
0	0	0	0	0	0	0	0	0	0	0	0	0	0	0	0	0	0	0	0	0	0	0	0	0	0	0	0	0	0	0	0	0	0	0	0	0	0	0	0	0	0	0	0	0	0	0	0	0	0	0	0	0	0	0.626770421110911	0.579149007880427	0.778365485663947	0	0	0	0.582500524415985	0	0.516877266143922	0.65005347901264	0.694058772750507	0.903080461867464	0.661945932819199	0.855311084126197	0.908664332667311	0.858980500822931	0	0.522689322636495	0	0	0	0	0	0	0	0	0	0	0	0	0	0	0	0	0	0
0	0	0	0	0	0	0	0	0	0	0	0	0	0	0	0	0	0	0	0	0	0	0	0	0	0	0	0	0	0	0	0	0	0	0	0	0	0	0	0	0	0	0	0	0	0	0	0	0	0	0	0	0	0	0	0.680984841885284	0.909264051995303	0.561675856972026	0.530783868888813	0.672873518823101	0	0.825262533670694	0.879082845116354	0.947392494718192	0.723569514738056	0.994932439073894	0.604094755882752	0.535447114561155	0	0.568526138384066	0.889380551316925	0	0	0	0	0	0	0	0	0	0	0	0	0	0	0	0	0	0	0
0	0	0	0	0	0	0	0	0	0	0	0	0	0	0	0	0	0	0	0	0	0	0	0	0	0	0	0	0	0	0	0	0	0	0	0	0	0	0	0	0	0	0	0	0	0	0	0	0	0	0	0	0	0	0	0	0	0	0	0	0	0	0	0	0	0	0	0	0	0	0	0	0	0	0	0	0	0	0.852531263225556	0.71658650701193	0.507218580199019	0.656586409859164	0	0	0	0.939548486512689	0	0	0	0
0	0	0	0	0	0	0	0	0	0	0	0	0	0	0	0	0	0	0	0	0	0	0	0	0	0	0	0	0	0	0	0	0	0	0	0	0	0	0	0	0	0	0	0	0	0	0	0	0	0	0	0	0	0	0	0	0	0	0	0	0	0	0	0	0	0	0	0	0	0	0	0	0	0	0	0	0.922692067186876	0.955001272442944	0.646146933557469	0.737209412437642	0.825140222475899	0.659021462085686	0	0	0.706275995837427	0.988396277742574	0	0	0.695422626283952	0
0	0	0	0	0	0	0	0	0	0	0	0	0	0	0	0	0	0	0	0	0	0	0	0	0	0	0	0	0	0	0	0	0	0	0	0	0	0	0	0	0	0	0	0	0	0	0	0	0	0	0	0	0	0	0	0	0	0	0	0	0	0	0	0	0	0	0	0	0	0	0	0	0	0	0	0.878711413897904	0.834031094527786	0	0.518747071007951	0.709384165070015	0	0	0.794056547132573	0	0	0.815925474770757	0.976898742603498	0.832307975732817	0	0
0	0	0	0	0	0	0	0	0	0	0	0	0	0	0	0	0	0	0	0	0	0	0	0	0	0	0	0	0	0	0	0	0	0	0	0	0	0	0	0	0	0	0	0	0	0	0	0	0	0	0	0	0	0	0	0	0	0	0	0	0	0	0	0	0	0	0	0	0	0	0	0	0	0	0.942553037326037	0	0	0	0	0	0	0	0	0	0.599430062169319	0.772665117415506	0.556857636017999	0	0	0
0	0	0	0	0	0	0	0	0	0	0	0	0	0	0	0	0	0	0	0	0	0	0	0	0	0	0	0	0	0	0	0	0	0	0	0	0	0	0	0	0	0	0	0	0	0	0	0	0	0	0	0	0	0	0	0	0	0	0	0	0	0	0	0	0	0	0	0	0	0	0	0	0	0.595260108853888	0.980226066078802	0	0	0.984888755651721	0	0.587339527152464	0.751941950012584	0	0.609946588393415	0	0.72478146635763	0	0	0	0	0.593731775633386
0	0	0	0	0	0	0	0	0	0	0	0	0	0	0	0	0	0	0	0	0	0	0	0	0	0	0	0	0	0	0	0	0	0	0	0	0	0	0	0	0	0	0	0	0	0	0	0	0	0	0	0	0	0	0	0	0	0	0	0	0	0	0	0	0	0	0	0	0	0	0	0	0	0.764427588346182	0	0	0.600176567612701	0	0.78514736457738	0.730230856768863	0	0	0	0	0	0	0	0.728611363895713	0	0
0	0	0	0	0	0	0	0	0	0	0	0	0	0	0	0	0	0	0	0	0	0	0	0	0	0	0	0	0	0	0	0	0	0	0	0	0	0	0	0	0	0	0	0	0	0	0	0	0	0	0	0	0	0	0	0	0	0	0	0	0	0	0	0	0	0	0	0	0	0	0	0	0.96621459719637	0.960256910375383	0.983982967999616	0	0	0.954713047661966	0	0.945553667167865	0	0.957063463221526	0	0	0	0	0	0	0.981572351064652	0
0	0	0	0	0	0	0	0	0	0	0	0	0	0	0	0	0	0	0	0	0	0	0	0	0	0	0	0	0	0	0	0	0	0	0	0	0	0	0	0	0	0	0	0	0	0	0	0	0	0	0	0	0	0	0	0	0	0	0	0	0	0	0	0	0	0	0	0	0	0	0	0	0.928532545260916	0.964071348394224	0.870381684319255	0	0.795752739867541	0.737144513111081	0.622401972777781	0	0	0	0	0	0	0	0	0	0	0
0	0	0	0	0	0	0	0	0	0	0	0	0	0	0	0	0	0	0	0	0	0	0	0	0	0	0	0	0	0	0	0	0	0	0	0	0	0	0	0	0	0	0	0	0	0	0	0	0	0	0	0	0	0	0	0	0	0	0	0	0	0	0	0	0	0	0	0	0	0	0	0	0.615299081425421	0.81421495938142	0	0	0.751864919454207	0	0	0	0	0	0	0	0	0	0.690483830305349	0	0.826429612059271	0.666447814658023
0	0	0	0	0	0	0	0	0	0	0	0	0	0	0	0	0	0	0	0	0	0	0	0	0	0	0	0	0	0	0	0	0	0	0	0	0	0	0	0	0	0	0	0	0	0	0	0	0	0	0	0	0	0	0	0	0	0	0	0	0	0	0	0	0	0	0	0	0	0	0	0	0.609946520491916	0.959707800915091	0	0	0	0	0.790356004851365	0	0	0	0	0	0.682908380549758	0	0.758245971294948	0	0	0.723222561119615
0	0	0	0	0	0	0	0	0	0	0	0	0	0	0	0	0	0	0	0	0	0	0	0	0	0	0	0	0	0	0	0	0	0	0	0	0	0	0	0	0	0	0	0	0	0	0	0	0	0	0	0	0	0	0	0	0	0	0	0	0	0	0	0	0	0	0	0	0	0	0	0	0	0	0.912964491153751	0	0.574435404622148	0	0	0	0	0	0	0	0	0.809433331493661	0	0.764266050613748	0	0
0	0	0	0	0	0	0	0	0	0	0	0	0	0	0	0	0	0	0	0	0	0	0	0	0	0	0	0	0	0	0	0	0	0	0	0	0	0	0	0	0	0	0	0	0	0	0	0	0	0	0	0	0	0	0	0	0	0	0	0	0	0	0	0	0	0	0	0	0	0	0	0	0	0	0	0	0	0	0	0	0	0	0	0	0.972229589901118	0.617947079302333	0.873377909720505	0.751137728956457	0	0
0	0	0	0	0	0	0	0	0	0	0	0	0	0	0	0	0	0	0	0	0	0	0	0	0	0	0	0	0	0	0	0	0	0	0	0	0	0	0	0	0	0	0	0	0	0	0	0	0	0	0	0	0	0	0	0	0	0	0	0	0	0	0	0	0	0	0	0	0	0	0	0	0	0.801644560516311	0	0.586462759784274	0.772673341116468	0	0	0	0	0.876961204348995	0	0.704866443427878	0	0.517305088657063	0	0.715889324059854	0	0
0	0	0	0	0	0	0	0	0	0	0	0	0	0	0	0	0	0	0	0	0	0	0	0	0	0	0	0	0	0	0	0	0	0	0	0	0	0	0	0	0	0	0	0	0	0	0	0	0	0	0	0	0	0	0	0	0	0	0	0	0	0	0	0	0	0	0	0	0	0	0	0	0.687919004597717	0.585869343892204	0.785055937173529	0.697910088021688	0	0	0	0	0	0	0.61160329648622	0.753257653033211	0.571320724734849	0	0	0	0	0
0	0	0	0	0	0	0	0	0	0	0	0	0	0	0	0	0	0	0	0	0	0	0	0	0	0	0	0	0	0	0	0	0	0	0	0	0	0	0	0	0	0	0	0	0	0	0	0	0	0	0	0	0	0	0	0	0	0	0	0	0	0	0	0	0	0	0	0	0	0	0	0	0	0	0.838958443407836	0.511445200881967	0	0	0	0	0.503760195784421	0.787825009688818	0	0.648034825306277	0	0	0	0	0.719256743100152	0
0	0	0	0	0	0	0	0	0	0	0	0	0	0	0	0	0	0	0	0	0	0	0	0	0	0	0	0	0	0	0	0	0	0	0	0	0	0	0	0	0	0	0	0	0	0	0	0	0	0	0	0	0	0	0	0	0	0	0	0	0	0	0	0	0	0	0	0	0	0	0	0	0	0	0.952000475006173	0	0	0.531191681129805	0	0	0	0	0.511595220656371	0.994807810723024	0.620824691417155	0	0	0	0.725231756364841	0
0	0	0	0	0	0	0	0	0	0	0	0	0	0	0	0	0	0	0	0	0	0	0	0	0	0	0	0	0	0	0	0	0	0	0	0	0	0	0	0	0	0	0	0	0	0	0	0	0	0	0	0	0	0	0	0	0	0	0	0	0	0	0	0	0	0	0	0	0	0	0	0	0	0.626575019102955	0	0	0	0	0.746204408392622	0	0.553179538576637	0	0	0	0	0	0.582896653294256	0.563808084356028	0	0.976206643490754
0	0	0	0	0	0	0	0	0	0	0	0	0	0	0	0	0	0	0	0	0	0	0	0	0	0	0	0	0	0	0	0	0	0	0	0	0	0	0	0	0	0	0	0	0	0	0	0	0	0	0	0	0	0	0	0	0	0	0	0	0	0	0	0	0	0	0	0	0	0	0	0	0	0	0	0	0.996960287911897	0	0	0	0.910530951724828	0.87415502234341	0	0	0	0	0	0	0.990692457885223	0
