0	0.652169455189466	0.509076649996647	0.90311420542779	0	0.836964272659971	0	0	0	0	0	0.567512304938213	0	0	0	0	0	0	0	0	0	0	0	0	0	0	0	0.99982571755505	0	0.644612426160384	0	0	0	0	0	0	0	0	0	0	0	0	0	0	0	0	0	0	0	0	0	0	0	0	0	0	0	0	0	0	0	0	0	0	0	0	0	0	0	0	0	0	0	0	0	0	0	0	0	0	0	0	0	0	0	0	0	0	0	0
0.705243134758657	0	0.876814248282538	0.979469746013411	0	0	0	0.893761600865241	0	0.920154149682529	0	0	0	0	0	0	0	0	0	0	0	0	0	0	0.895380769655824	0	0.57980180552843	0.978695056063075	0.741181763110316	0.990483122219446	0	0	0	0	0	0	0	0	0	0	0	0	0	0	0	0	0	0	0	0	0	0	0	0	0	0	0	0	0	0	0	0	0	0	0	0	0	0	0	0	0	0	0	0	0	0	0	0	0	0	0	0	0	0	0	0	0	0	0	0
0.793397508469877	0.542187281643635	0	0	0	0.573988653273605	0.669976163556272	0.622122822793385	0	0.571463340003994	0	0	0	0	0	0	0	0	0	0	0.59128659509584	0	0	0	0	0	0.789126010861323	0.825406006304433	0.6611394798488	0	0	0	0	0	0	0	0	0	0	0	0	0	0	0	0	0	0	0	0	0	0	0	0	0	0	0	0	0	0	0	0	0	0	0	0	0	0	0	0	0	0	0	0	0	0	0	0	0	0	0	0	0	0	0	0	0	0	0	0	0
0.979385338889288	0.816772790130911	0	0	0	0.641918304014002	0.963184128340845	0	0	0	0.714636251556768	0.695000408105836	0.931253811112416	0	0	0	0	0	0	0	0	0	0.679576084702797	0.787934755126233	0.865338971475181	0	0	0	0.850222247888953	0.874411987718273	0	0	0	0	0	0	0	0	0	0	0	0	0	0	0	0	0	0	0	0	0	0	0	0	0	0	0	0	0	0	0	0	0	0	0	0	0	0	0	0	0	0	0	0	0	0	0	0	0	0	0	0	0	0	0	0	0	0	0	0
0	0	0	0	0	0	0.888554103572483	0	0.806205752272672	0.816184570068081	0.852609576971589	0	0	0	0	0	0	0	0	0	0	0	0	0	0	0	0	0.574157156298953	0	0.701028417598951	0	0	0	0	0	0	0	0	0	0	0	0	0	0	0	0	0	0	0	0	0	0	0	0	0	0	0	0	0	0	0	0	0	0	0	0	0	0	0	0	0	0	0	0	0	0	0	0	0	0	0	0	0	0	0	0	0	0	0	0
0.8564528628391	0	0.858860019759187	0.765746560342798	0	0	0.828094550966726	0.697231736567352	0.542238814108601	0	0.836869573822716	0	0	0.945447313391414	0	0	0	0	0	0	0	0	0	0	0	0	0	0.913766378468722	0	0.810811326480261	0	0	0	0	0	0	0	0	0	0	0	0	0	0	0	0	0	0	0	0	0	0	0	0	0	0	0	0	0	0	0	0	0	0	0	0	0	0	0	0	0	0	0	0	0	0	0	0	0	0	0	0	0	0	0	0	0	0	0	0
0	0	0.779432766953957	0.934679658432101	0.653106757722884	0.939060444486518	0	0.762239318706636	0.894188939143374	0.704152409815783	0	0	0.952120204169173	0	0	0	0	0	0.805182997571501	0	0.639540615265369	0	0.832656121554547	0	0.811562457491975	0	0	0	0	0	0	0	0	0	0	0	0	0	0	0	0	0	0	0	0	0	0	0	0	0	0	0	0	0	0	0	0	0	0	0	0	0	0	0	0	0	0	0	0	0	0	0	0	0	0	0	0	0	0	0	0	0	0	0	0	0	0	0	0	0
0	0.866063156684197	0.868476557197432	0	0	0.978612429500021	0.857578768019268	0	0.919393843627084	0.973281638552012	0	0.607396886491637	0	0.590512178321626	0	0.743175077720562	0.822658832958883	0	0	0	0	0	0	0	0	0	0.764632889341667	0	0.791192823384439	0	0	0	0	0	0	0	0	0	0	0	0	0	0	0	0	0	0	0	0	0	0	0	0	0	0	0	0	0	0	0	0	0	0	0	0	0	0	0	0	0	0	0	0	0	0	0	0	0	0	0	0	0	0	0	0	0	0	0	0	0
0	0	0	0	0.640172588465349	0.667371175952888	0.978693765258214	0.638030064807204	0	0.766774243962073	0	0	0.653060622802164	0.546684344315955	0	0	0	0	0.731001306383989	0.738357637475321	0	0.59295749003816	0	0	0	0	0	0	0.79664946382295	0	0	0	0	0	0	0	0	0	0	0	0	0	0	0	0	0	0	0	0	0	0	0	0	0	0	0	0	0	0	0	0	0	0	0	0	0	0	0	0	0	0	0	0	0	0	0	0	0	0	0	0	0	0	0	0	0	0	0	0	0
0	0.799006086533615	0.998188027671328	0	0.773612884804888	0	0.669708508254724	0.850754424822237	0.782876748555464	0	0.962873419446134	0.557893907416322	0	0.887639895957161	0	0.92898163275129	0	0	0	0	0	0	0	0	0.975755656958974	0.81822578679396	0	0	0.989594533185805	0	0	0	0	0	0	0	0	0	0	0	0	0	0	0	0	0	0	0	0	0	0	0	0	0	0	0	0	0	0	0	0	0	0	0	0	0	0	0	0	0	0	0	0	0	0	0	0	0	0	0	0	0	0	0	0	0	0	0	0	0
0	0	0	0.959917681095873	0.66314723650136	0.962954540294863	0	0	0	0.718390803601244	0	0	0.531692385144257	0	0	0.609370597119716	0	0	0	0.960859620030829	0	0	0	0	0	0	0	0	0	0.856699265561022	0	0	0	0	0	0	0	0	0	0	0	0	0	0	0	0	0	0	0	0	0	0	0	0	0	0	0	0	0	0	0	0	0	0	0	0	0	0	0	0	0	0	0	0	0	0	0	0	0	0	0	0	0	0	0	0	0	0	0	0
0.853326403581454	0	0	0.763991053139761	0	0	0	0.640950541022382	0	0.677793450458858	0	0	0	0.982185267306064	0.723518163768544	0.653543838082173	0.548968265679734	0	0.862967653446555	0	0	0	0	0	0	0	0	0	0	0	0	0	0	0	0	0	0	0	0	0	0	0	0	0	0	0	0	0	0	0	0	0	0	0	0	0	0	0	0	0	0	0	0	0	0	0	0	0	0	0	0	0	0	0	0	0	0	0	0	0	0	0	0	0	0	0	0	0	0	0
0	0	0	0.550195579349736	0	0	0.858577564343758	0	0.867221734189542	0	0.926695485345673	0	0	0.968496105294639	0.815611977861963	0.574881155678279	0	0.863692492405148	0	0	0	0	0	0	0	0	0	0	0	0	0	0	0	0	0	0	0	0	0	0	0	0	0	0	0	0	0	0	0	0	0	0	0	0	0	0	0	0	0	0	0	0	0	0	0	0	0	0	0	0	0	0	0	0	0	0	0	0	0	0	0	0	0	0	0	0	0	0	0	0
0	0	0	0	0	0.701461829843887	0	0.854874816749962	0.608325108425414	0.798703407671591	0	0.695515464570414	0.6408532208144	0	0.836565856465305	0.831476085737033	0.701427325773983	0.908716608809304	0.573159779180008	0	0	0	0	0	0	0	0	0	0	0.777916254686695	0	0	0	0	0	0	0	0	0	0	0	0	0	0	0	0	0	0	0	0	0	0	0	0	0	0	0	0	0	0	0	0	0	0	0	0	0	0	0	0	0	0	0	0	0	0	0	0	0	0	0	0	0	0	0	0	0	0	0	0
0	0	0	0	0	0	0	0	0	0	0	0.97771235905207	0.868633698210171	0.634146394394605	0	0.721339219553386	0.776244835918536	0.566130690215426	0.806013897058686	0	0	0.639601285157218	0	0	0	0.881406125892807	0	0	0	0	0	0	0	0	0	0	0	0	0	0	0	0	0	0	0	0	0	0	0	0	0	0	0	0	0	0	0	0	0	0	0	0	0	0	0	0	0	0	0	0	0	0	0	0	0	0	0	0	0	0	0	0	0	0	0	0	0	0	0	0
0	0	0	0	0	0	0	0.839131083718807	0	0.798059625661926	0.771466272185055	0.668304235043961	0.880157197969308	0.878350826469007	0.812766763451232	0	0.52421861789764	0.52284452051954	0	0.906410239380676	0.880127723180707	0	0	0	0	0	0	0.995486813860935	0	0	0	0	0	0	0	0	0	0	0	0	0	0	0	0	0	0	0	0	0	0	0	0	0	0	0	0	0	0	0	0	0	0	0	0	0	0	0	0	0	0	0	0	0	0	0	0	0	0	0	0	0	0	0	0	0	0	0	0	0	0
0	0	0	0	0	0	0	0.696711738925318	0	0	0	0.702229276595151	0	0.858579100871925	0.970432462340134	0.798849427935434	0	0	0.707545544832177	0.858174773432622	0.839464460254544	0.91578294305546	0	0	0	0	0	0	0	0	0	0	0	0	0	0	0	0	0	0	0	0	0	0	0	0	0	0	0	0	0	0	0	0	0	0	0	0	0	0	0	0	0	0	0	0	0	0	0	0	0	0	0	0	0	0	0	0	0	0	0	0	0	0	0	0	0	0	0	0
0	0	0	0	0	0	0	0	0	0	0	0	0.765206559203058	0.512359181188415	0.522414952276931	0.664412339568203	0	0	0.729478992494601	0	0.682225663656649	0.697406112188525	0.568707877805678	0	0.906919360482164	0	0	0	0.672779363040132	0	0	0	0	0	0	0	0	0	0	0	0	0	0	0	0	0	0	0	0	0	0	0	0	0	0	0	0	0	0	0	0	0	0	0	0	0	0	0	0	0	0	0	0	0	0	0	0	0	0	0	0	0	0	0	0	0	0	0	0	0
0	0	0	0	0	0	0.97803173090421	0	0.872273133264601	0	0	0.694825613473723	0	0.759780735608302	0.660772915959364	0	0.824613217559466	0.975825277601225	0	0.734636312933274	0.835052018075985	0.558977573343924	0.501355774354425	0	0	0	0	0	0	0	0	0	0	0	0	0	0	0	0	0	0	0	0	0	0	0	0	0	0	0	0	0	0	0	0	0	0	0	0	0	0	0	0	0	0	0	0	0	0	0	0	0	0	0	0	0	0	0	0	0	0	0	0	0	0	0	0	0	0	0
0	0	0	0	0	0	0	0	0.853905999681858	0	0.528377918809982	0	0	0	0	0.928195679379734	0.863006419488825	0	0.931255850392954	0	0.940234430803203	0.505147989742921	0.623210913317818	0.744024654980454	0.729405107091832	0.884435116377891	0.766381462573776	0	0	0	0	0	0	0	0	0	0	0	0	0	0	0	0	0	0	0	0	0	0	0	0	0	0	0	0	0	0	0	0	0	0	0	0	0	0	0	0	0	0	0	0	0	0	0	0	0	0	0	0	0	0	0	0	0	0	0	0	0	0	0
0	0	0.777559856062262	0	0	0	0.543763472696421	0	0	0	0	0	0	0	0	0.750054574503353	0.55605398752471	0.660525508072243	0.705071410749468	0.541906984067819	0	0	0.538636500292034	0	0	0	0	0	0	0	0	0	0	0	0	0	0	0	0	0	0	0	0	0	0	0	0	0	0	0	0	0	0	0	0	0	0	0	0	0	0	0	0	0	0	0	0	0	0	0	0	0	0	0	0	0	0	0	0	0	0	0	0	0	0	0	0	0	0	0
0	0	0	0	0	0	0	0	0.673095738361097	0	0	0	0	0	0.503229416938118	0	0.78502631486207	0.92793466695896	0.938053400862492	0.905124107569998	0	0	0.533462987703257	0.701656903621304	0	0	0.599921424163244	0	0	0.636107483622956	0	0	0	0	0	0	0	0	0	0	0	0	0	0	0	0	0	0	0	0	0	0	0	0	0	0	0	0	0	0	0	0	0	0	0	0	0	0	0	0	0	0	0	0	0	0	0	0	0	0	0	0	0	0	0	0	0	0	0	0
0	0	0	0.589314222901649	0	0	0.792649485656474	0	0	0	0	0	0	0	0	0	0	0.611295166339444	0.833580122179808	0.547526702445653	0.839244803480941	0.858683216097671	0	0.725098118794159	0	0.804908474625582	0	0.929402408204301	0	0	0	0	0	0	0	0	0	0	0	0	0	0	0	0	0	0	0	0	0	0	0	0	0	0	0	0	0	0	0	0	0	0	0	0	0	0	0	0	0	0	0	0	0	0	0	0	0	0	0	0	0	0	0	0	0	0	0	0	0	0
0	0	0	0.920635598887102	0	0	0	0	0	0	0	0	0	0	0	0	0	0	0	0.924285764668424	0	0.960235028336312	0.71779795707636	0	0.898692978060523	0.881307640037678	0.939409842187392	0.609549388386003	0.569634058403784	0	0	0	0	0	0	0	0	0	0	0	0	0	0	0	0	0	0	0	0	0	0	0	0	0	0	0	0	0	0	0	0	0	0	0	0	0	0	0	0	0	0	0	0	0	0	0	0	0	0	0	0	0	0	0	0	0	0	0	0	0
0	0.611727508653283	0	0.684374134514396	0	0	0.943505052143463	0	0	0.719819815751094	0	0	0	0	0	0	0	0.654166801347169	0	0.743659432255624	0	0	0	0.59077807617404	0	0.66614836145944	0.755147897456218	0	0.936827549492679	0	0	0	0	0	0	0	0	0	0	0	0	0	0	0	0	0	0	0	0	0	0	0	0	0	0	0	0	0	0	0	0	0	0	0	0	0	0	0	0	0	0	0	0	0	0	0	0	0	0	0	0	0	0	0	0	0	0	0	0	0
0	0	0	0	0	0	0	0	0	0.824035885500907	0	0	0	0	0.661729637534806	0	0	0	0	0.921418390289851	0	0	0.781189748151294	0.658552963037404	0.962443029261155	0	0	0.53001298563908	0.688925687377917	0.510988127367329	0	0	0	0	0	0	0	0	0	0	0	0	0	0	0	0	0	0	0	0	0	0	0	0	0	0	0	0	0	0	0	0	0	0	0	0	0	0	0	0	0	0	0	0	0	0	0	0	0	0	0	0	0	0	0	0	0	0	0	0
0	0.817540472479577	0.931271955388691	0	0	0	0	0.656238560337269	0	0	0	0	0	0	0	0	0	0	0	0.963936769652889	0	0.537229876581833	0	0.86755712366717	0.706589911993984	0	0	0	0.748188671265285	0.645879685149731	0	0	0	0	0	0	0	0	0	0	0	0	0	0	0	0	0	0	0	0	0	0	0	0	0	0	0	0	0	0	0	0	0	0	0	0	0	0	0	0	0	0	0	0	0	0	0	0	0	0	0	0	0	0	0	0	0	0	0	0
0.669375776219425	0.766952244228946	0.600679459144263	0	0.85827373627595	0.614072666227593	0	0	0	0	0	0	0	0	0	0.716777692251654	0	0	0	0	0	0	0.51076945010646	0.796548090772117	0	0.979493526805203	0	0	0.876825598634792	0	0	0	0	0	0	0	0	0	0	0	0	0	0	0	0	0	0	0	0	0	0	0	0	0	0	0	0	0	0	0	0	0	0	0	0	0	0	0	0	0	0	0	0	0	0	0	0	0	0	0	0	0	0	0	0	0	0	0	0	0
0	0.595029836037612	0.541301575654116	0.897543827734821	0	0	0	0.586932206304268	0.537684555320762	0.572371284627818	0	0	0	0	0	0	0	0.589400973942661	0	0	0	0	0	0.886846866390684	0.981783745082649	0.650988444051418	0.868179377125637	0.747728359039848	0	0	0	0	0	0	0	0	0	0	0	0	0	0	0	0	0	0	0	0	0	0	0	0	0	0	0	0	0	0	0	0	0	0	0	0	0	0	0	0	0	0	0	0	0	0	0	0	0	0	0	0	0	0	0	0	0	0	0	0	0	0
0.791845181088353	0.92503528968579	0	0.623009650242581	0.969921429989494	0.880503892512223	0	0	0	0	0.87351796577629	0	0	0.501201505914941	0	0	0	0	0	0	0	0.566126273903366	0	0	0	0.604669579937739	0.961712655870246	0	0	0	0	0	0	0	0	0	0	0	0	0	0	0	0	0	0	0	0	0	0	0	0	0	0	0	0	0	0	0	0	0	0	0	0	0	0	0	0	0	0	0	0	0	0	0	0	0	0	0	0	0	0	0	0	0	0	0	0	0	0	0
0	0	0	0	0	0	0	0	0	0	0	0	0	0	0	0	0	0	0	0	0	0	0	0	0	0	0	0	0	0	0	0.933972827214052	0.636099978283164	0.824780210113279	0.756706109914255	0	0	0	0	0	0	0	0	0	0	0	0	0	0	0	0	0	0	0	0	0	0	0.795388379906634	0.768845724695979	0.719692988660789	0	0	0	0	0	0	0	0	0	0	0	0	0	0	0	0	0	0	0	0	0	0	0	0	0	0	0	0	0	0
0	0	0	0	0	0	0	0	0	0	0	0	0	0	0	0	0	0	0	0	0	0	0	0	0	0	0	0	0	0	0.838229917651118	0	0.775575422963436	0.769476107911418	0.538571128368069	0	0	0	0	0	0	0	0	0	0	0	0.543587416634422	0	0	0	0	0	0	0	0	0	0	0.997125961048269	0	0.708349278690475	0	0	0	0	0	0	0	0	0	0	0	0	0	0	0	0	0	0	0	0	0	0	0	0	0	0	0	0	0	0
0	0	0	0	0	0	0	0	0	0	0	0	0	0	0	0	0	0	0	0	0	0	0	0	0	0	0	0	0	0	0.701780112172934	0.658313311335064	0	0	0.789580586544967	0.885098791923845	0.559407853673924	0	0	0	0	0	0	0	0	0	0	0	0	0	0	0	0	0	0	0	0	0.549676322004747	0.51679575185851	0.653942116728428	0	0	0	0	0	0	0	0	0	0	0	0	0	0	0	0	0	0	0	0	0	0	0	0	0	0	0	0	0	0
0	0	0	0	0	0	0	0	0	0	0	0	0	0	0	0	0	0	0	0	0	0	0	0	0	0	0	0	0	0	0.61088928254447	0.588829329164055	0	0	0	0.601065070891233	0.840202550097736	0.668411835537618	0	0	0	0	0	0	0	0	0	0	0	0	0	0	0	0	0	0	0.733565922322206	0	0	0.609624604531872	0	0	0	0	0	0	0	0	0	0	0	0	0	0	0	0	0	0	0	0	0	0	0	0	0	0	0	0	0	0
0	0	0	0	0	0	0	0	0	0	0	0	0	0	0	0	0	0	0	0	0	0	0	0	0	0	0	0	0	0	0.56802887762211	0.877028441799241	0.5085919346541	0	0	0.535970243177867	0	0.980356038014374	0.724839716267016	0	0	0	0	0	0	0	0	0	0	0	0	0	0	0	0	0	0	0	0	0.976958100463901	0	0	0	0	0	0	0	0	0	0	0	0	0	0	0	0	0	0	0	0	0	0	0	0	0	0	0	0	0	0
0	0	0	0	0	0	0	0	0	0	0	0	0	0	0	0	0	0	0	0	0	0	0	0	0	0	0	0	0	0	0	0	0.784254738361645	0.634443479674947	0.540688330098487	0	0.693839763111153	0.56380908166378	0.659331451522708	0.74521681027678	0	0	0	0	0	0	0	0	0	0	0	0	0	0	0	0	0	0	0	0	0	0	0	0	0	0	0	0	0	0	0	0	0	0	0	0	0	0	0	0	0	0	0	0	0	0	0	0	0	0
0	0	0	0	0	0	0	0	0	0	0	0	0	0	0	0	0	0	0	0	0	0	0	0	0	0	0	0	0	0	0	0	0.889500004270755	0.844728419348402	0	0.988232966192025	0	0.922500619351487	0.696491553123566	0.938708073226464	0.628576149387938	0	0	0	0	0	0	0	0	0	0	0	0	0	0	0	0	0	0	0	0	0	0	0	0	0	0	0	0	0	0	0	0	0	0	0	0	0	0	0	0	0	0	0	0	0	0	0	0	0
0	0	0	0	0	0	0	0	0	0	0	0	0	0	0	0	0	0	0	0	0	0	0	0	0	0	0	0	0	0	0	0	0	0.580131611370117	0.651033822634608	0.728242843712568	0.709352067198949	0	0.589932434704858	0.928596340553757	0.630111659285425	0.579936165412186	0	0	0	0	0	0	0	0	0	0	0.639878989273628	0	0	0	0	0	0.668969403311526	0	0	0	0	0	0	0	0	0	0	0	0	0	0	0	0	0	0	0	0	0	0	0	0	0	0	0	0	0	0	0
0	0	0	0	0	0	0	0	0	0	0	0	0	0	0	0	0	0	0	0	0	0	0	0	0	0	0	0	0	0	0	0	0	0	0.768031616743745	0.749493631871851	0.97295161580739	0.80583068987572	0	0.582005879863457	0	0.895394501188392	0.80290469088468	0	0	0	0	0	0	0.732825909671665	0	0	0	0	0	0	0	0	0	0	0	0	0	0	0	0	0	0	0	0	0	0	0	0	0	0	0	0	0	0	0	0	0	0	0	0	0	0	0	0
0	0	0	0	0	0	0	0	0	0	0	0	0	0	0	0	0	0	0	0	0	0	0	0	0	0	0	0	0	0	0	0	0	0	0	0.921245549686349	0.53526843720706	0.965822962217974	0.914668001627897	0	0.659977860507393	0.593350171053115	0.652346168531274	0.513209319535422	0	0	0	0.699162409788207	0	0	0	0	0	0	0	0	0	0	0	0	0	0	0	0	0	0	0	0	0	0	0	0	0	0	0	0	0	0	0	0	0	0	0	0	0	0	0	0	0	0
0	0	0	0	0	0	0	0	0	0	0	0	0	0	0	0	0	0	0	0	0	0	0	0	0	0	0	0	0	0	0	0	0	0	0	0	0.826142924787479	0.702739432510679	0	0.894738663634655	0	0.709110627708418	0.669737496689539	0.672757244501705	0	0.858900319688445	0	0	0	0	0	0	0	0	0	0	0	0	0	0	0	0	0	0	0	0	0	0	0	0	0	0	0	0	0	0	0	0	0	0	0	0	0	0	0	0	0	0	0	0
0	0	0	0	0	0	0	0	0	0	0	0	0	0	0	0	0	0	0	0	0	0	0	0	0	0	0	0	0	0	0	0	0	0	0	0	0	0.952649233109573	0.873505232820199	0.732227601977708	0.714011796487974	0	0.534005369928806	0.981517027934142	0.598841103128105	0.700266394622703	0	0	0	0	0	0	0	0	0	0	0	0	0	0	0	0	0	0	0	0	0	0	0	0	0	0	0	0	0	0	0	0	0	0	0	0	0	0	0	0	0	0	0	0
0	0	0	0	0	0	0	0	0	0	0	0	0	0	0	0	0	0	0	0	0	0	0	0	0	0	0	0	0	0	0	0	0	0	0	0	0	0	0.763165999009959	0.798800552693788	0.682780632945845	0.517101442079649	0	0	0.553254689857544	0.671384870428545	0.701634150445123	0	0	0	0.582707877806195	0	0	0	0	0	0	0	0	0	0	0	0	0	0	0	0	0	0	0	0	0	0	0	0	0	0	0	0	0	0	0	0	0	0	0	0	0	0	0
0	0	0	0	0	0	0	0	0	0	0	0	0	0	0	0	0	0	0	0	0	0	0	0	0	0	0	0	0	0	0	0	0	0	0	0	0	0	0	0.559213092791546	0.630693200949716	0.601817345111251	0	0	0.591164198844037	0.66423565008993	0.903320829377129	0.901825397394598	0	0	0	0	0	0	0	0	0	0	0	0	0	0	0	0	0	0	0	0	0	0	0	0	0	0	0	0	0	0	0	0	0	0	0	0	0	0	0	0	0	0
0	0	0	0	0	0	0	0	0	0	0	0	0	0	0	0	0	0	0	0	0	0	0	0	0	0	0	0	0	0	0	0	0	0	0	0	0	0	0	0	0	0.89563855501784	0.7737321322555	0.662769979211261	0	0.543480184460271	0.788457022869149	0.998218199806795	0.901220457366636	0	0	0	0	0	0	0	0	0	0	0	0	0	0	0	0	0	0	0	0	0	0	0	0	0	0	0	0	0	0	0	0	0	0	0	0	0	0	0	0	0
0	0	0	0	0	0	0	0	0	0	0	0	0	0	0	0	0	0	0	0	0	0	0	0	0	0	0	0	0	0	0	0	0	0	0	0	0	0	0	0	0.804092381961638	0.736327854940641	0.673494634608935	0.760501302110349	0.625584977345096	0	0.690529379308346	0.510090786597374	0.963560886915524	0.631839701618083	0	0	0	0	0	0	0	0	0	0	0	0	0	0	0	0	0	0	0	0	0	0	0	0	0	0	0	0	0	0	0	0	0	0	0	0	0	0	0	0
0	0	0	0	0	0	0	0	0	0	0	0	0	0	0	0	0	0	0	0	0	0	0	0	0	0	0	0	0	0	0	0.844251298855137	0	0	0	0	0	0	0	0	0	0	0.848200990123293	0.645842507001785	0.710686012278306	0.501825408161817	0	0.530589310720295	0.72818554325818	0.723942772452564	0.541876620646328	0	0	0	0	0	0	0	0	0	0	0	0	0	0	0	0	0	0	0	0	0	0	0	0	0	0	0	0	0	0	0	0	0	0	0	0	0	0	0
0	0	0	0	0	0	0	0	0	0	0	0	0	0	0	0	0	0	0	0	0	0	0	0	0	0	0	0	0	0	0	0	0	0	0	0	0	0	0	0.856039745929361	0	0	0	0.904698877310558	0.933237348715075	0.679402208102854	0.888668119817088	0	0.638448971889946	0	0.910999109612131	0.64214603119894	0	0	0	0	0	0	0	0	0	0	0	0	0	0	0	0	0	0	0	0	0	0	0	0	0	0	0	0	0	0	0	0	0	0	0	0	0	0
0	0	0	0	0	0	0	0	0	0	0	0	0	0	0	0	0	0	0	0	0	0	0	0	0	0	0	0	0	0	0	0	0	0	0	0	0	0	0	0	0	0	0	0	0.713998577430692	0.70547896275059	0.950251525358666	0.745108136222172	0	0.897704875501314	0.624508369946728	0.823110348435524	0.949461261962223	0	0	0	0	0	0	0	0	0	0	0	0	0	0	0	0	0	0	0	0	0	0	0	0	0	0	0	0	0	0	0	0	0	0	0	0	0
0	0	0	0	0	0	0	0	0	0	0	0	0	0	0	0	0	0	0	0	0	0	0	0	0	0	0	0	0	0	0	0	0	0	0	0	0	0	0.646124958575375	0	0	0	0	0	0	0.824100030420206	0.94950750402834	0	0.886383385734171	0	0.82459240915197	0.961196548917622	0.756665302848806	0.91598270776177	0	0	0	0	0	0	0	0	0	0	0	0	0	0	0	0	0	0	0	0	0	0	0	0	0	0	0	0	0	0	0	0	0	0	0	0
0	0	0	0	0	0	0	0	0	0	0	0	0	0	0	0	0	0	0	0	0	0	0	0	0	0	0	0	0	0	0	0	0	0	0	0	0	0	0	0	0	0	0.836434719483273	0	0	0	0.798155456891819	0.599376174853198	0.983274395910624	0.773267825261111	0	0.751035909935907	0.695927713364916	0.805598958114924	0.919892971195633	0	0	0	0	0	0	0	0	0	0	0	0	0	0	0	0	0	0	0	0	0	0	0	0	0	0	0	0	0	0	0	0	0	0	0
0	0	0	0	0	0	0	0	0	0	0	0	0	0	0	0	0	0	0	0	0	0	0	0	0	0	0	0	0	0	0	0	0	0	0	0	0	0	0	0	0	0	0	0	0	0	0	0.678110796192541	0.793203041906563	0.999405274690428	0.630298475947314	0	0.941536531963707	0.525617520211544	0.966987188958607	0.62868401291204	0.8613924650468	0	0	0	0	0	0	0	0	0	0	0	0	0	0	0	0	0	0	0	0	0	0	0	0	0	0	0	0	0	0	0	0	0
0	0	0	0	0	0	0	0	0	0	0	0	0	0	0	0	0	0	0	0	0	0	0	0	0	0	0	0	0	0	0	0	0	0	0	0	0	0.8485548605672	0	0	0	0	0	0	0	0	0	0	0.700574922345935	0.616288296179842	0.618939740679517	0.598093686962206	0	0	0.937084773244109	0.636128718674831	0.880307488264572	0	0	0	0	0	0	0	0	0	0	0	0	0	0	0	0	0	0	0	0	0	0	0	0	0	0	0	0	0	0	0	0	0
0	0	0	0	0	0	0	0	0	0	0	0	0	0	0	0	0	0	0	0	0	0	0	0	0	0	0	0	0	0	0	0	0	0	0	0	0	0	0	0	0	0	0	0	0	0	0	0	0	0.976596086449299	0.713044311542849	0.855839966392965	0	0	0.915632411338	0.687230860705962	0.51801177711419	0.98594648053177	0	0	0	0	0	0	0	0	0	0	0	0	0	0	0	0	0	0	0	0	0	0	0	0	0	0	0	0	0	0	0	0
0	0	0	0	0	0	0	0	0	0	0	0	0	0	0	0	0	0	0	0	0	0	0	0	0	0	0	0	0	0	0	0	0	0	0	0	0	0	0	0	0	0	0	0	0	0	0	0	0	0	0.840029306941516	0.637845134952375	0.730687088005564	0.742613728679175	0	0.786278889039963	0.504338686270786	0.920077314086365	0.729381639875876	0	0	0	0	0	0	0	0	0	0	0	0	0	0	0	0	0	0	0	0	0	0	0	0	0	0	0	0	0	0	0
0	0	0	0	0	0	0	0	0	0	0	0	0	0	0	0	0	0	0	0	0	0	0	0	0	0	0	0	0	0	0	0	0	0	0	0	0	0	0	0	0	0	0	0	0	0	0	0	0	0	0	0.728782223805637	0.579576323107098	0.666742335214317	0.733965074430702	0	0.769610583222939	0.533512086487308	0.621551912315786	0.671663904227142	0	0	0	0	0	0	0	0	0	0	0	0	0	0	0	0	0	0	0	0	0	0	0	0	0	0	0	0	0	0
0	0	0	0	0	0	0	0	0	0	0	0	0	0	0	0	0	0	0	0	0	0	0	0	0	0	0	0	0	0	0	0	0	0.688175837262509	0	0	0	0	0	0	0	0	0	0	0	0	0	0	0	0	0	0.510358116982221	0.743180614251461	0.972673325083866	0.779227519079064	0.656330209540687	0	0.675493480036229	0.945555949834615	0.669544162857203	0	0	0	0	0	0	0	0	0	0	0	0	0	0	0	0	0	0	0	0	0	0	0	0	0	0	0	0	0	0
0	0	0	0	0	0	0	0	0	0	0	0	0	0	0	0	0	0	0	0	0	0	0	0	0	0	0	0	0	0	0.683575429892721	0.958564105711952	0.627454788169905	0	0	0	0	0	0	0	0	0	0	0	0	0	0	0	0	0	0	0	0	0.770168336454792	0.54125207836439	0.924947889216016	0.624509951719984	0	0.756490272339113	0.839111901285649	0	0	0	0	0	0	0	0	0	0	0	0	0	0	0	0	0	0	0	0	0	0	0	0	0	0	0	0	0	0
0	0	0	0	0	0	0	0	0	0	0	0	0	0	0	0	0	0	0	0	0	0	0	0	0	0	0	0	0	0	0.785802731601368	0	0.618188205904728	0	0	0	0	0.94601198287639	0	0	0	0	0	0	0	0	0	0	0	0	0	0	0	0	0.870894588614256	0.763399880580504	0.609188018267308	0.977971825396676	0	0.640475488276063	0	0	0	0	0	0	0	0	0	0	0	0	0	0	0	0	0	0	0	0	0	0	0	0	0	0	0	0	0	0
0	0	0	0	0	0	0	0	0	0	0	0	0	0	0	0	0	0	0	0	0	0	0	0	0	0	0	0	0	0	0.89413359087279	0.54921411368874	0.586427318914909	0.980799020113548	0.856608809101507	0	0	0	0	0	0	0	0	0	0	0	0	0	0	0	0	0	0	0	0	0.785803768038207	0.958413506436447	0.688212052958411	0.780276557662165	0	0	0	0	0	0	0	0	0	0	0	0	0	0	0	0	0	0	0	0	0	0	0	0	0	0	0	0	0	0	0
0	0	0	0	0	0	0	0	0	0	0	0	0	0	0	0	0	0	0	0	0	0	0	0	0	0	0	0	0	0	0	0	0	0	0	0	0	0	0	0	0	0	0	0	0	0	0	0	0	0	0	0	0	0	0	0	0	0	0	0	0	0.678858453974198	0.633136491876019	0.801919273696456	0.565884418026499	0	0.805873067405115	0.828759296891871	0.897843541757365	0	0	0	0	0.955458181239658	0.924235245575371	0.660315821230516	0.506588238957239	0	0	0.634459239834742	0.828126458636828	0	0	0	0	0.539679115514449	0	0.523390268167045	0.774413539368048	0
0	0	0	0	0	0	0	0	0	0	0	0	0	0	0	0	0	0	0	0	0	0	0	0	0	0	0	0	0	0	0	0	0	0	0	0	0	0	0	0	0	0	0	0	0	0	0	0	0	0	0	0	0	0	0	0	0	0	0	0	0.774162934114575	0	0.894011410779139	0	0.901165876346217	0	0.818350963221571	0	0	0	0	0	0	0.715749463042345	0.743710334060707	0	0.867668095391072	0	0	0.871326464992113	0.985390556837239	0.52207134617997	0	0.734252459748993	0	0	0.96010728712103	0.828708973024639	0.510629377846596	0.618567154189647
0	0	0	0	0	0	0	0	0	0	0	0	0	0	0	0	0	0	0	0	0	0	0	0	0	0	0	0	0	0	0	0	0	0	0	0	0	0	0	0	0	0	0	0	0	0	0	0	0	0	0	0	0	0	0	0	0	0	0	0	0.578778205036597	0.671484240282952	0	0.843908501011377	0	0.765311099960575	0	0.936041943951161	0	0	0	0	0	0	0.620133519788827	0.791506373280753	0	0.736967263948314	0	0.92304398423271	0	0.765521480108916	0	0	0	0.741338855119074	0.815182156206329	0.672822403430739	0	0.550310814421536
0	0	0	0	0	0	0	0	0	0	0	0	0	0	0	0	0	0	0	0	0	0	0	0	0	0	0	0	0	0	0	0	0	0	0	0	0	0	0	0	0	0	0	0	0	0	0	0	0	0	0	0	0	0	0	0	0	0	0	0	0.511845021455914	0	0.979047008440513	0	0	0.805386295076219	0	0	0	0.744791331736987	0.611467076732243	0.561260563232898	0	0	0	0	0	0	0.933102986943145	0	0	0.815652907083895	0.556994203295472	0	0	0	0	0	0.779939336834055	0.732067314521263
0	0	0	0	0	0	0	0	0	0	0	0	0	0	0	0	0	0	0	0	0	0	0	0	0	0	0	0	0	0	0	0	0	0	0	0	0	0	0	0	0	0	0	0	0	0	0	0	0	0	0	0	0	0	0	0	0	0	0	0	0.700201501824429	0.502550348383433	0	0	0	0.692349169198496	0.699773501225693	0.695657924393145	0.784072643120997	0.955141674190956	0.967270722788488	0	0	0	0	0	0	0.670682876892716	0	0.535919979462858	0.587827428818648	0	0	0	0.679059025721098	0.92300417822354	0	0	0	0
0	0	0	0	0	0	0	0	0	0	0	0	0	0	0	0	0	0	0	0	0	0	0	0	0	0	0	0	0	0	0	0	0	0	0	0	0	0	0	0	0	0	0	0	0	0	0	0	0	0	0	0	0	0	0	0	0	0	0	0	0	0	0.741483854287809	0.917402144175395	0.661635124039362	0	0.992234899114015	0	0	0.731511190868658	0.643176653584275	0	0.881606046114306	0.96393262586735	0.5968875136381	0.996420915093412	0.503259963160466	0	0	0	0	0	0	0	0	0	0.756779107142952	0	0.521859157599631	0
0	0	0	0	0	0	0	0	0	0	0	0	0	0	0	0	0	0	0	0	0	0	0	0	0	0	0	0	0	0	0	0	0	0	0	0	0	0	0	0	0	0	0	0	0	0	0	0	0	0	0	0	0	0	0	0	0	0	0	0	0.793400552525392	0.774395118461821	0	0	0.693477764278557	0.842162764082051	0	0.586758943816935	0	0.983013578705121	0.665993450837437	0	0	0.634970128829891	0	0.857349250074538	0	0.649813987315908	0	0.878254783410994	0.989740839336153	0.805240443800266	0.766245151723035	0	0.710084086104317	0	0.639123502381151	0	0	0.512435962426873
0	0	0	0	0	0	0	0	0	0	0	0	0	0	0	0	0	0	0	0	0	0	0	0	0	0	0	0	0	0	0	0	0	0	0	0	0	0	0	0	0	0	0	0	0	0	0	0	0	0	0	0	0	0	0	0	0	0	0	0	0.634699709996042	0	0.935988434788745	0	0.604954208283353	0	0.822439005976531	0	0	0	0.85287262014849	0.962915714275136	0	0.509576429841933	0.970743216224401	0.574428632650554	0.583381123229963	0.866180636214104	0.89089318623547	0	0	0	0.624877779090082	0.679669526223871	0	0.950611500496676	0	0	0	0
0	0	0	0	0	0	0	0	0	0	0	0	0	0	0	0	0	0	0	0	0	0	0	0	0	0	0	0	0	0	0	0	0	0	0	0	0	0	0	0	0	0	0	0	0	0	0	0	0	0	0	0	0	0	0	0	0	0	0	0	0.614805713688388	0	0	0	0.724887945203782	0	0	0	0	0.927074946751453	0	0.646960407441139	0	0.848344702891503	0.687330205660582	0.836572349675634	0	0	0.875291939080956	0	0	0.955945137815452	0	0.987945054663687	0.689678454623099	0	0	0	0.870894634892524	0.861933393995892
0	0	0	0	0	0	0	0	0	0	0	0	0	0	0	0	0	0	0	0	0	0	0	0	0	0	0	0	0	0	0	0	0	0	0	0	0	0	0	0	0	0	0	0	0	0	0	0	0	0	0	0	0	0	0	0	0	0	0	0	0	0	0	0.726167685562002	0.554793967132658	0.616433745346827	0.904199545579584	0	0.501115705418229	0	0	0.681808114432924	0.629820136681712	0.69402424986134	0	0.563118352448878	0	0	0.646253558585465	0.997538675104577	0.653302282982423	0	0.535929561251374	0.704501378213494	0	0	0	0	0	0
0	0	0	0	0	0	0	0	0	0	0	0	0	0	0	0	0	0	0	0	0	0	0	0	0	0	0	0	0	0	0	0	0	0	0	0	0	0	0	0	0	0	0	0	0	0	0	0	0	0	0	0	0	0	0	0	0	0	0	0	0	0	0	0.92086321855201	0.618635908472677	0.542242410823359	0.616222748144189	0.946367000031147	0	0	0	0.782965290671266	0	0.557654412737725	0	0	0.788114774344191	0	0.724638847384764	0	0	0.636900546362397	0	0.66420601669441	0.704180320837035	0	0	0.72949491077936	0	0.606555567415529
0	0	0	0	0	0	0	0	0	0	0	0	0	0	0	0	0	0	0	0	0	0	0	0	0	0	0	0	0	0	0	0	0	0	0	0	0	0	0	0	0	0	0	0	0	0	0	0	0	0	0	0	0	0	0	0	0	0	0	0	0	0	0	0.839645116770045	0	0	0	0.638098060008267	0.959336850066191	0.523874799861306	0.668942204697497	0	0.926266258941769	0	0	0.742101868832846	0	0.917486287107595	0	0.913482573224834	0	0.787111300382003	0	0	0.920510259564956	0.667611726471817	0.626353170741331	0	0	0
0	0	0	0	0	0	0	0	0	0	0	0	0	0	0	0	0	0	0	0	0	0	0	0	0	0	0	0	0	0	0	0	0	0	0	0	0	0	0	0	0	0	0	0	0	0	0	0	0	0	0	0	0	0	0	0	0	0	0	0	0	0	0	0	0	0.835404812313568	0	0	0	0.721187314288971	0	0.558636042329165	0	0	0.73965309093948	0.8609939381568	0.764702973551424	0.676778492121473	0	0.601168832025546	0	0.81273166291141	0.999339935421741	0	0.580705776321296	0	0.684262878710265	0.675795816771729	0	0
0	0	0	0	0	0	0	0	0	0	0	0	0	0	0	0	0	0	0	0	0	0	0	0	0	0	0	0	0	0	0	0	0	0	0	0	0	0	0	0	0	0	0	0	0	0	0	0	0	0	0	0	0	0	0	0	0	0	0	0	0.91530091827076	0.793165324076564	0	0	0	0.83405902667122	0.958631827092533	0.855816261280193	0.809723794382238	0.533978136749513	0.587942545490206	0	0	0	0.509223526889308	0	0	0.686825574366395	0.63599688128065	0	0.718431882973405	0.79399785291852	0.588271542799238	0.592931594222885	0	0	0	0	0	0
0	0	0	0	0	0	0	0	0	0	0	0	0	0	0	0	0	0	0	0	0	0	0	0	0	0	0	0	0	0	0	0	0	0	0	0	0	0	0	0	0	0	0	0	0	0	0	0	0	0	0	0	0	0	0	0	0	0	0	0	0.993820295920233	0.797636124313227	0.825457438945148	0	0	0.604366044600684	0	0.668443644586518	0.570097166258646	0	0	0	0.650736139903987	0.521454764812518	0	0.95877900059825	0.766124977864112	0.836384930364479	0	0.585494558840034	0	0.608387726051481	0	0	0	0.542043527414015	0	0.895439919377338	0	0
0	0	0	0	0	0	0	0	0	0	0	0	0	0	0	0	0	0	0	0	0	0	0	0	0	0	0	0	0	0	0	0	0	0	0	0	0	0	0	0	0	0	0	0	0	0	0	0	0	0	0	0	0	0	0	0	0	0	0	0	0.558482285290743	0	0.93335704449986	0	0	0.9088431392561	0.5575524976539	0.530173799951313	0.716235031972445	0.816058619097597	0	0.786699348548792	0.514910976203093	0	0.814966663420294	0	0.757269554905981	0	0	0	0.660822905180826	0.919732294539167	0.646133415395691	0	0.992696159900078	0	0	0	0	0.717122997055398
0	0	0	0	0	0	0	0	0	0	0	0	0	0	0	0	0	0	0	0	0	0	0	0	0	0	0	0	0	0	0	0	0	0	0	0	0	0	0	0	0	0	0	0	0	0	0	0	0	0	0	0	0	0	0	0	0	0	0	0	0.710745706478013	0.771145098073535	0	0	0	0.882959523691056	0	0.892457259112471	0	0	0.620576753720374	0	0.890188251369233	0	0.582290631943635	0.757735217341706	0	0	0	0.512910209404479	0	0	0.821593546119472	0	0	0.809421639845535	0.596127453975612	0	0.533779962884585	0
0	0	0	0	0	0	0	0	0	0	0	0	0	0	0	0	0	0	0	0	0	0	0	0	0	0	0	0	0	0	0	0	0	0	0	0	0	0	0	0	0	0	0	0	0	0	0	0	0	0	0	0	0	0	0	0	0	0	0	0	0	0	0.705356183631851	0	0.885465687267516	0	0.737892043561099	0.962875206791927	0	0	0	0.796842607108344	0.639678249142367	0.785993707515665	0.570604006956642	0	0	0	0	0	0.618166563435939	0.866351422179824	0	0	0.947543714254091	0.938881343840138	0.602358749962016	0.66708186200904	0.972783596443158	0
0	0	0	0	0	0	0	0	0	0	0	0	0	0	0	0	0	0	0	0	0	0	0	0	0	0	0	0	0	0	0	0	0	0	0	0	0	0	0	0	0	0	0	0	0	0	0	0	0	0	0	0	0	0	0	0	0	0	0	0	0	0	0	0.671086687187999	0	0	0	0.703735283317202	0.849629815492543	0.87731556914975	0.631752570909149	0	0	0.915326514438569	0	0	0	0	0	0.671614890982063	0	0.930854744304616	0.778963768355211	0.948418162605979	0	0	0	0	0	0.792289405189197
0	0	0	0	0	0	0	0	0	0	0	0	0	0	0	0	0	0	0	0	0	0	0	0	0	0	0	0	0	0	0	0	0	0	0	0	0	0	0	0	0	0	0	0	0	0	0	0	0	0	0	0	0	0	0	0	0	0	0	0	0.609119401485806	0.665600318261186	0.663608939026143	0	0.640218793685414	0	0.618897931164861	0	0	0.628844466878691	0	0.762019930882282	0.632425732490135	0	0.954391557669131	0	0.66121534092705	0	0.952954400818375	0	0	0.951112326032247	0	0.528177363010991	0.633736175146448	0.966547439490667	0.606716713479339	0.652556953799017	0	0.833385609549219
0	0	0	0	0	0	0	0	0	0	0	0	0	0	0	0	0	0	0	0	0	0	0	0	0	0	0	0	0	0	0	0	0	0	0	0	0	0	0	0	0	0	0	0	0	0	0	0	0	0	0	0	0	0	0	0	0	0	0	0	0.766440216016588	0.725068673398815	0	0	0.715276650425912	0	0.919116490612581	0	0	0.851180222015581	0	0	0	0.740171525366706	0	0.885632835202565	0	0.754113589229736	0	0	0	0.514343821814954	0	0.705074174768552	0.835239754613522	0.583999574091591	0.850434805308193	0.993640112240796	0	0
0	0	0	0	0	0	0	0	0	0	0	0	0	0	0	0	0	0	0	0	0	0	0	0	0	0	0	0	0	0	0	0	0	0	0	0	0	0	0	0	0	0	0	0	0	0	0	0	0	0	0	0	0	0	0	0	0	0	0	0	0	0.540158942056794	0.639984081702441	0.620731213995857	0	0	0.652877710998497	0	0.549073538597793	0	0.939254080701113	0.74582610721956	0.912831051801053	0.511847343606914	0.855150770584356	0.668651866553473	0	0.908741065771359	0.673156600944703	0.525530487244739	0.694589544251474	0	0.917345996027373	0	0	0	0	0	0	0
0	0	0	0	0	0	0	0	0	0	0	0	0	0	0	0	0	0	0	0	0	0	0	0	0	0	0	0	0	0	0	0	0	0	0	0	0	0	0	0	0	0	0	0	0	0	0	0	0	0	0	0	0	0	0	0	0	0	0	0	0	0	0	0.999682929556252	0	0	0.722019840167331	0.715035208791192	0	0.658430846051903	0	0	0.508297051402678	0.541265653895647	0	0.544610009850509	0.77006102231747	0	0.606439730629908	0	0	0.752259633768656	0	0	0.876387964494678	0.808640412283752	0	0	0.633134242888858	0
0	0	0	0	0	0	0	0	0	0	0	0	0	0	0	0	0	0	0	0	0	0	0	0	0	0	0	0	0	0	0	0	0	0	0	0	0	0	0	0	0	0	0	0	0	0	0	0	0	0	0	0	0	0	0	0	0	0	0	0	0	0.882373953338407	0	0	0	0	0	0.870719512128127	0.857252251659419	0.675353403832004	0.89020011953254	0	0	0.724143711966952	0	0	0	0	0.547412245759205	0.812678530466552	0.991712808635615	0	0	0	0.70178352471049	0.509122474340092	0.831999718151946	0.820575790922681	0.560196406882698	0.835536061597297
0	0	0	0	0	0	0	0	0	0	0	0	0	0	0	0	0	0	0	0	0	0	0	0	0	0	0	0	0	0	0	0	0	0	0	0	0	0	0	0	0	0	0	0	0	0	0	0	0	0	0	0	0	0	0	0	0	0	0	0	0	0	0	0	0.692910440842891	0	0.802229731159898	0	0.835128862815903	0	0.831618897833899	0.781621187656563	0.615572018752103	0	0	0.718051979336773	0	0.815352287537551	0	0.53527940098995	0.959621585812257	0	0.613139011534304	0.567309498921464	0	0.790511854720875	0	0	0.777284688766091	0
0	0	0	0	0	0	0	0	0	0	0	0	0	0	0	0	0	0	0	0	0	0	0	0	0	0	0	0	0	0	0	0	0	0	0	0	0	0	0	0	0	0	0	0	0	0	0	0	0	0	0	0	0	0	0	0	0	0	0	0	0.773958760161552	0	0.848250388786219	0	0.711996229990285	0	0	0.911968007858233	0	0	0	0.724934585946446	0	0	0.621649828250174	0	0.658891162487727	0.604493519404077	0	0.615638869155562	0.918544888715541	0	0.810707464166571	0.686009221492328	0.922961963434147	0	0.694614094064445	0	0.977682293301746	0.904958422989267
0	0	0	0	0	0	0	0	0	0	0	0	0	0	0	0	0	0	0	0	0	0	0	0	0	0	0	0	0	0	0	0	0	0	0	0	0	0	0	0	0	0	0	0	0	0	0	0	0	0	0	0	0	0	0	0	0	0	0	0	0	0.974978785570039	0.548972795588766	0	0	0.652646656953437	0.896392075209292	0	0	0	0	0.658453735229783	0.854091854893303	0	0	0	0.52165106744349	0.795280662927915	0	0.551101986611277	0.989499141490773	0	0	0.761342218656133	0	0.804975420663758	0	0	0.77043379803298	0
0	0	0	0	0	0	0	0	0	0	0	0	0	0	0	0	0	0	0	0	0	0	0	0	0	0	0	0	0	0	0	0	0	0	0	0	0	0	0	0	0	0	0	0	0	0	0	0	0	0	0	0	0	0	0	0	0	0	0	0	0.670475314779248	0.832961926590935	0.716578905848427	0	0	0	0	0	0	0	0.587505134998987	0	0.95657472044758	0	0.723652117430932	0	0	0.794557803625846	0	0.936874027927366	0.651147504589072	0	0	0.972042441171568	0	0	0	0	0	0
0	0	0	0	0	0	0	0	0	0	0	0	0	0	0	0	0	0	0	0	0	0	0	0	0	0	0	0	0	0	0	0	0	0	0	0	0	0	0	0	0	0	0	0	0	0	0	0	0	0	0	0	0	0	0	0	0	0	0	0	0.547252191988789	0.747284377733632	0	0.861009585778271	0	0.778409507967975	0	0	0.955352140614567	0	0	0	0	0	0	0	0.788689578825958	0.929352154793032	0	0	0	0	0.519490136308505	0.586340164896344	0.703062937348127	0.651527488257366	0.580913175828764	0	0	0.807527500421279
0	0	0	0	0	0	0	0	0	0	0	0	0	0	0	0	0	0	0	0	0	0	0	0	0	0	0	0	0	0	0	0	0	0	0	0	0	0	0	0	0	0	0	0	0	0	0	0	0	0	0	0	0	0	0	0	0	0	0	0	0	0.930360567506426	0.792107237553637	0.703513337017122	0	0	0.691322408393929	0	0.788238277802322	0	0.531323443327266	0	0	0	0	0.878252596410625	0	0	0.924383401154447	0.857357545679105	0	0	0	0.903748774398918	0	0.680302422937355	0	0	0.502492523271227	0
