0	0.657945522131838	0.724241416906173	0	0.688367171715852	0.645244648731141	0	0.816895093423519	0.629378996367683	0	0	0.536700043018393	0	0	0	0.836649109471847	0.910577303822614	0.659872099828669	0.759152890074982	0	0	0	0.843194634367234	0	0	0.676052879096226	0.962992439117359	0.821187080433211	0	0	0	0	0	0	0	0	0	0	0	0	0	0	0	0	0	0	0	0	0	0	0	0	0	0	0	0	0	0	0	0	0	0	0	0	0	0	0	0	0	0	0	0	0	0	0	0	0	0	0	0	0	0	0	0	0	0	0	0	0	0
0.520140190879024	0	0.502832272665761	0	0	0.591031847762609	0	0.625123735903818	0	0.835428555932438	0	0.51596212844371	0.671077938096402	0.550374472567325	0	0.965072800833812	0.946775056580171	0	0	0	0	0.708073019336724	0	0.949363854426248	0	0.675483375970335	0	0	0	0	0	0	0	0	0	0	0	0	0	0	0	0	0	0	0	0	0	0	0	0	0	0	0	0	0	0	0	0	0	0	0	0	0	0	0	0	0	0	0	0	0	0	0	0	0	0	0	0	0	0	0	0	0	0	0	0	0	0	0	0
0.939789964530416	0.701555898923765	0	0	0	0.969814650960913	0.938300975140212	0	0	0.644350529074117	0	0	0	0.584684167177468	0.716674268790342	0	0.739555011289266	0.526623620524981	0	0	0.771355272914738	0	0	0	0	0.543751171976197	0.914155626906462	0	0	0	0	0	0	0	0	0	0	0	0	0	0	0	0	0	0	0	0	0	0	0	0	0	0	0	0	0	0	0	0	0	0	0	0	0	0	0	0	0	0	0	0	0	0	0	0	0	0	0	0	0	0	0	0	0	0	0	0	0	0	0
0	0	0	0	0	0.861130761313985	0.729796246208145	0	0.503246423461296	0.948209976572244	0.992150473966916	0	0	0	0.628667916531691	0	0	0.556313516802093	0	0	0	0	0.759230976685424	0	0	0.642175814291103	0	0	0	0.838265905327292	0	0	0	0	0	0	0	0	0	0	0	0	0	0	0	0	0	0	0	0	0	0	0	0	0	0	0	0	0	0	0	0	0	0	0	0	0	0	0	0	0	0	0	0	0	0	0	0	0	0	0	0	0	0	0	0	0	0	0	0
0.591005869650945	0	0	0	0	0.611245431705911	0	0.660891500584389	0.55998272124468	0	0	0	0.613496169541698	0.956312171087256	0.528076974162057	0	0	0.93301355265644	0.744411448094007	0	0	0	0	0.504248258433712	0	0.954343814119414	0	0.860209623395707	0.875234763708479	0.914080168824149	0	0	0	0	0	0	0	0	0	0	0	0	0	0	0	0	0	0	0	0	0	0	0	0	0	0	0	0	0	0	0	0	0	0	0	0	0	0	0	0	0	0	0	0	0	0	0	0	0	0	0	0	0	0	0	0	0	0	0	0
0.853455724527074	0.795557777867673	0.740460019828459	0.977182322759206	0.923990494471329	0	0.686992722493505	0	0.793330732403835	0	0.563004315643343	0	0	0.599930533808617	0.859882453101897	0	0	0	0	0	0	0.870758786320307	0	0	0.881244436788381	0.772506824045165	0.885960814106708	0.812972122111244	0.560944964072447	0	0	0	0	0	0	0	0	0	0	0	0	0	0	0	0	0	0	0	0	0	0	0	0	0	0	0	0	0	0	0	0	0	0	0	0	0	0	0	0	0	0	0	0	0	0	0	0	0	0	0	0	0	0	0	0	0	0	0	0	0
0	0	0.568185699236453	0.868726727164353	0	0.817823657050718	0	0.531537683243044	0	0	0.910635749293043	0	0	0.990634285898942	0	0.814932110148205	0	0.833209656176011	0.857090897156352	0	0	0.532857095634796	0.826186365618201	0	0.806193809709498	0	0.921181684629598	0.813236840665785	0	0.895579152623116	0	0	0	0	0	0	0	0	0	0	0	0	0	0	0	0	0	0	0	0	0	0	0	0	0	0	0	0	0	0	0	0	0	0	0	0	0	0	0	0	0	0	0	0	0	0	0	0	0	0	0	0	0	0	0	0	0	0	0	0
0.618245861082933	0.895539065212121	0	0	0.90131539212325	0	0.822614675467204	0	0.942232052315463	0	0.766380534375826	0	0	0.758923870128395	0.780928328353847	0.835235504746487	0.847937709759981	0.665175338721145	0	0	0	0.802720354471112	0.907760733055851	0	0	0	0.564545359259954	0	0	0	0	0	0	0	0	0	0	0	0	0	0	0	0	0	0	0	0	0	0	0	0	0	0	0	0	0	0	0	0	0	0	0	0	0	0	0	0	0	0	0	0	0	0	0	0	0	0	0	0	0	0	0	0	0	0	0	0	0	0	0
0.862329864075403	0	0	0.619616773068138	0.52959046455703	0.800770697216822	0	0.762454709740246	0	0	0.513965081427481	0.63508037033162	0.747784229612753	0	0.5321336656752	0	0.526538975033617	0.597543869030441	0.529384232153376	0.528939437894049	0.905847067569226	0	0	0.694122394083643	0	0	0	0	0	0.644993646469959	0	0	0	0	0	0	0	0	0	0	0	0	0	0	0	0	0	0	0	0	0	0	0	0	0	0	0	0	0	0	0	0	0	0	0	0	0	0	0	0	0	0	0	0	0	0	0	0	0	0	0	0	0	0	0	0	0	0	0	0
0	0.818284108749852	0.692574926528309	0.559065394606797	0	0	0	0	0	0	0	0.552948343951369	0	0.741405018263417	0	0	0.646688268421098	0.722327945968665	0	0	0	0	0.64249943012521	0	0	0	0	0	0.93200632361772	0	0	0	0	0	0	0	0	0	0	0	0	0	0	0	0	0	0	0	0	0	0	0	0	0	0	0	0	0	0	0	0	0	0	0	0	0	0	0	0	0	0	0	0	0	0	0	0	0	0	0	0	0	0	0	0	0	0	0	0	0
0	0	0	0.70165313999704	0	0.895821201342368	0.80360907638684	0.729494781475329	0.868282604065968	0	0	0.947307278701985	0.972317382068621	0.907643943286449	0.94597572172252	0.687407069307266	0.842095354191319	0.660078984354975	0.922000753739281	0	0.826801411521756	0.552012776791475	0.597863223873576	0.599633751273156	0.643101126099291	0.936435054327637	0.707792479774993	0	0.855824515805624	0	0	0	0	0	0	0	0	0	0	0	0	0	0	0	0	0	0	0	0	0	0	0	0	0	0	0	0	0	0	0	0	0	0	0	0	0	0	0	0	0	0	0	0	0	0	0	0	0	0	0	0	0	0	0	0	0	0	0	0	0
0.8975539717077	0.784917833540713	0	0	0	0	0	0	0.563359194635426	0.693499543431102	0.8809069025213	0	0.534610623404932	0.927542777801881	0.55138969134812	0	0.909777507279365	0.689302323681627	0.95105527495645	0	0.874556526369888	0	0.924981412867858	0.901367674517546	0	0.639093569043969	0	0.580543381043455	0	0.516905746492582	0	0	0	0	0	0	0	0	0	0	0	0	0	0	0	0	0	0	0	0	0	0	0	0	0	0	0	0	0	0	0	0	0	0	0	0	0	0	0	0	0	0	0	0	0	0	0	0	0	0	0	0	0	0	0	0	0	0	0	0
0	0.899276867929697	0	0	0.863096204744549	0	0	0	0.553224242584351	0	0.758155829276636	0.629830042436841	0	0	0.55957344147569	0	0.549107396279682	0.951338317275267	0	0	0	0	0	0	0.894196209999551	0	0	0	0.813385272452932	0.988386451731249	0	0	0	0	0	0	0	0	0	0	0	0	0	0	0	0	0	0	0	0	0	0	0	0	0	0	0	0	0	0	0	0	0	0	0	0	0	0	0	0	0	0	0	0	0	0	0	0	0	0	0	0	0	0	0	0	0	0	0	0
0	0.618932888656184	0.688119563667394	0	0.56629509991036	0.510933162236783	0.804634360314045	0.587746575358306	0	0.900049849041423	0.515512264715098	0.541792637549509	0	0	0.56258651405053	0	0.954417585191288	0	0	0.665166952177853	0.988877764594828	0	0	0	0.54624467214772	0	0	0	0.636357034231945	0	0	0	0	0	0	0	0	0	0	0	0	0	0	0	0	0	0	0	0	0	0	0	0	0	0	0	0	0	0	0	0	0	0	0	0	0	0	0	0	0	0	0	0	0	0	0	0	0	0	0	0	0	0	0	0	0	0	0	0	0
0	0	0.672928901131765	0.889246762075676	0.974657777228569	0.537035396733969	0	0.814019285886729	0.942006861180238	0	0.655307669635983	0.914841528403617	0.85766510917799	0.774195834310471	0	0.761635969751074	0	0	0	0	0.950842479194145	0	0	0	0	0	0.918620035558642	0.89705782235844	0.758276053645202	0	0	0	0	0	0	0	0	0	0	0	0	0	0	0	0	0	0	0	0	0	0	0	0	0	0	0	0	0	0	0	0	0	0	0	0	0	0	0	0	0	0	0	0	0	0	0	0	0	0	0	0	0	0	0	0	0	0	0	0	0
0.584266406754703	0.536145659667191	0	0	0	0	0.860345232463583	0.723235154800167	0	0	0.865901786826333	0	0	0	0.976423799118762	0	0.797924462533755	0	0	0.827371260121834	0	0	0.505153607571024	0	0.878462747514848	0	0.58192531742092	0	0.667910315652921	0	0	0	0	0	0	0	0	0	0	0	0	0	0	0	0	0	0	0	0	0	0	0	0	0	0	0	0	0	0	0	0	0	0	0	0	0	0	0	0	0	0	0	0	0	0	0	0	0	0	0	0	0	0	0	0	0	0	0	0	0
0.809953444423874	0.999826294733963	0.882794205398983	0	0	0	0	0.617506359340121	0.71526357309122	0.500013316639417	0.503677565439888	0.537160135881383	0.860041906138253	0.543619126598138	0	0.830895794303083	0	0.830224422892198	0	0.869250036718909	0	0	0.559276861262358	0	0.986855302266904	0	0	0	0.747307705428361	0.80809667598366	0	0	0	0	0	0	0	0	0	0	0	0	0	0	0	0	0	0	0	0	0	0	0	0	0	0	0	0	0	0	0	0	0	0	0	0	0	0	0	0	0	0	0	0	0	0	0	0	0	0	0	0	0	0	0	0	0	0	0	0
0.67853790353953	0	0.630113955140372	0.580078637410436	0.72794206963108	0	0.6138079115967	0.585906255560378	0.944377767367286	0.511378400670801	0.984276725507093	0.941491299015794	0.913789141259181	0	0	0	0.965229567302802	0	0.673760459769256	0	0	0.853622508169657	0	0.735749019213584	0.851354180655818	0	0	0.758662952804025	0.957894525602555	0	0	0	0	0	0	0	0	0	0	0	0	0	0	0	0	0	0	0	0	0	0	0	0	0	0	0	0	0	0	0	0	0	0	0	0	0	0	0	0	0	0	0	0	0	0	0	0	0	0	0	0	0	0	0	0	0	0	0	0	0
0.601461981374237	0	0	0	0.551999829770262	0	0.936970366393038	0	0.938165688688633	0	0.705349612003369	0.924714406530806	0	0	0	0	0	0.666204942243842	0	0.826406224900993	0	0.852400589845891	0.960702082367844	0	0	0.816479603631561	0	0.797667982216131	0.669832728647746	0.609586243923019	0	0	0	0	0	0	0	0	0	0	0	0	0	0	0	0	0	0	0	0	0	0	0	0	0	0	0	0	0	0	0	0	0	0	0	0	0	0	0	0	0	0	0	0	0	0	0	0	0	0	0	0	0	0	0	0	0	0	0	0
0	0	0	0	0	0	0	0	0.56345836715036	0	0	0	0	0.871453471648752	0	0.72391605008232	0.848070132497461	0	0.80197211245457	0	0	0.550399403762606	0.757900856900854	0.70678941598472	0.79707606684207	0.574259781821713	0	0	0.873165910690767	0	0	0	0	0	0	0	0	0	0	0	0	0	0	0	0	0	0	0	0	0	0	0	0	0	0	0	0	0	0	0	0	0	0	0	0	0	0	0	0	0	0	0	0	0	0	0	0	0	0	0	0	0	0	0	0	0	0	0	0	0
0	0	0.93050301337803	0	0	0	0	0	0.593371098019146	0	0.943551891089666	0.563486712015793	0	0.783079193408443	0.946587235937562	0	0	0	0	0	0	0	0.897631034364433	0.550856000391975	0.863492651577301	0	0	0.617903686732467	0	0.890380979392897	0	0	0	0	0	0	0	0	0	0	0	0	0	0	0	0	0	0	0	0	0	0	0	0	0	0	0	0	0	0	0	0	0	0	0	0	0	0	0	0	0	0	0	0	0	0	0	0	0	0	0	0	0	0	0	0	0	0	0	0
0	0.692280093088053	0	0	0	0.771314994864464	0.572254547069974	0.629960480759005	0	0	0.833298204219634	0	0	0	0	0	0	0.972992067913478	0.888698573310549	0.662785801122641	0	0	0.710927461696964	0.755807942947027	0.52334898983382	0.906693453003016	0.74564626256989	0	0.828180690218619	0.510537389994827	0	0	0	0	0	0	0	0	0	0	0	0	0	0	0	0	0	0	0	0	0	0	0	0	0	0	0	0	0	0	0	0	0	0	0	0	0	0	0	0	0	0	0	0	0	0	0	0	0	0	0	0	0	0	0	0	0	0	0	0
0.736714199325804	0	0	0.539727449636985	0	0	0.954962857599318	0.789881355838233	0	0.745352749325549	0.541915471412914	0.972199845658984	0	0	0	0.706515193752862	0.831804237563215	0	0.690165660114626	0.663389764779575	0.709647492748344	0.549202101151062	0	0.69474468748033	0	0	0	0	0.64591458120062	0.995990382274106	0	0	0	0	0	0	0	0	0	0	0	0	0	0	0	0	0	0	0	0	0	0	0	0	0	0	0	0	0	0	0	0	0	0	0	0	0	0	0	0	0	0	0	0	0	0	0	0	0	0	0	0	0	0	0	0	0	0	0	0
0	0.701184115893991	0	0	0.969768737210612	0	0	0	0.943092507345729	0	0.658120935430118	0.863011623509133	0	0	0	0	0	0.924147430107322	0	0.781564558101103	0.700337726533072	0.854181725456753	0.665611308517321	0	0.89201603819709	0.635789416332836	0	0	0	0	0	0	0	0	0	0	0	0	0	0	0	0	0	0	0	0	0	0	0	0	0	0	0	0	0	0	0	0	0	0	0	0	0	0	0	0	0	0	0	0	0	0	0	0	0	0	0	0	0	0	0	0	0	0	0	0	0	0	0	0
0	0	0	0	0	0.814330434896635	0.750354047456211	0	0	0	0.931177085014059	0	0.503612375864613	0.770735997028781	0	0.788532387017329	0.501578067881431	0.548439060237674	0	0.513148703067682	0.881144651182672	0.961228556780688	0	0.829652975931179	0	0.878828741181865	0.781481232733527	0.675120328413043	0	0.917872839853979	0	0	0	0	0	0	0	0	0	0	0	0	0	0	0	0	0	0	0	0	0	0	0	0	0	0	0	0	0	0	0	0	0	0	0	0	0	0	0	0	0	0	0	0	0	0	0	0	0	0	0	0	0	0	0	0	0	0	0	0
0.546723686979593	0.568533711064415	0.81177014777226	0.949057927899387	0.995282958798258	0.778142977626396	0	0	0	0	0.867788331200366	0.806130001165339	0	0	0	0	0	0	0.550014037589165	0.976889783385918	0	0.904310420300849	0	0.812259340763373	0.675662756175845	0	0	0	0.640447781246436	0	0	0	0	0	0	0	0	0	0	0	0	0	0	0	0	0	0	0	0	0	0	0	0	0	0	0	0	0	0	0	0	0	0	0	0	0	0	0	0	0	0	0	0	0	0	0	0	0	0	0	0	0	0	0	0	0	0	0	0	0
0.91962880968216	0	0.624833049799902	0	0	0.925342488977185	0.936590120006773	0.92193303669989	0	0	0.804956729832308	0	0	0	0.508017749435061	0.886537146457283	0	0	0	0	0	0.649930790915703	0	0	0.678287205242029	0	0	0	0	0.698455106528279	0	0	0	0	0	0	0	0	0	0	0	0	0	0	0	0	0	0	0	0	0	0	0	0	0	0	0	0	0	0	0	0	0	0	0	0	0	0	0	0	0	0	0	0	0	0	0	0	0	0	0	0	0	0	0	0	0	0	0	0
0.862172265898882	0	0	0	0.561163593900019	0.584633575571075	0.639436581931885	0	0	0	0	0.505041586847065	0	0	0.973911659231222	0	0	0.552011105706325	0.553067515799578	0	0.73509609208443	0	0	0	0.884436653877591	0	0	0	0.518998499715614	0	0	0	0	0	0	0	0	0	0	0	0	0	0	0	0	0	0	0	0	0	0	0	0	0	0	0	0	0	0	0	0	0	0	0	0	0	0	0	0	0	0	0	0	0	0	0	0	0	0	0	0	0	0	0	0	0	0	0	0	0
0	0	0	0	0.677907674321424	0.746914292149755	0	0	0	0.557843291096173	0.72816372404062	0	0.713597228980717	0.898536414176254	0.990877836891576	0.638914897310936	0.554179426525315	0.513832930633018	0.993813034280058	0.618084718570771	0	0.892424475259594	0.681988402330458	0	0	0.941385471841206	0	0.719221108043222	0	0	0	0	0	0	0	0	0	0	0	0	0	0	0	0	0	0	0	0	0	0	0	0	0	0	0	0	0	0	0	0	0	0	0	0	0	0	0	0	0	0	0	0	0	0	0	0	0	0	0	0	0	0	0	0	0	0	0	0	0	0
0	0	0	0.966845952636179	0.513023331096113	0	0.790265578179837	0	0.912246093268916	0	0	0.962020425861243	0.998675916044524	0	0	0	0.870627578610637	0	0.92559394831353	0	0.662412696313473	0.764875051190531	0.730544766299403	0	0.533604865421799	0	0.787809113283015	0	0	0	0	0	0	0	0	0	0	0	0	0	0	0	0	0	0	0	0	0	0	0	0	0	0	0	0	0	0	0	0	0	0	0	0	0	0	0	0	0	0	0	0	0	0	0	0	0	0	0	0	0	0	0	0	0	0	0	0	0	0	0
0	0	0	0	0	0	0	0	0	0	0	0	0	0	0	0	0	0	0	0	0	0	0	0	0	0	0	0	0	0	0	0	0.848296998096517	0.74954509405572	0.80623571471764	0.956652825720772	0	0	0	0	0	0	0	0	0	0	0	0	0	0.782727329691712	0	0	0	0.524893066519905	0	0	0.72851095542915	0.60117329152652	0.928157256885136	0.730879186059439	0	0	0	0	0	0	0	0	0	0	0	0	0	0	0	0	0	0	0	0	0	0	0	0	0	0	0	0	0	0
0	0	0	0	0	0	0	0	0	0	0	0	0	0	0	0	0	0	0	0	0	0	0	0	0	0	0	0	0	0	0	0	0.501827796458182	0.553493158694639	0.728376137047557	0.809914837734996	0.759298493237614	0	0	0	0	0	0	0	0	0	0	0	0	0	0	0	0	0	0	0	0.787573124937224	0.620535784446889	0.83630979333452	0.576834492467998	0	0	0	0	0	0	0	0	0	0	0	0	0	0	0	0	0	0	0	0	0	0	0	0	0	0	0	0	0	0
0	0	0	0	0	0	0	0	0	0	0	0	0	0	0	0	0	0	0	0	0	0	0	0	0	0	0	0	0	0	0.963889554944582	0.736769109251343	0	0.584844027097607	0.769663073455507	0	0.580022487087374	0.814940574804719	0	0	0	0	0	0	0	0	0	0	0	0	0.699855100356941	0	0.713923092173235	0	0	0	0	0.670564019378689	0.928540899390228	0.716069837532413	0	0	0	0	0	0	0	0	0	0	0	0	0	0	0	0	0	0	0	0	0	0	0	0	0	0	0	0	0	0
0	0	0	0	0	0	0	0	0	0	0	0	0	0	0	0	0	0	0	0	0	0	0	0	0	0	0	0	0	0	0.517750514087064	0.66687818712053	0.925675108891321	0	0.823942890671723	0.71327522917843	0.530412291260192	0.600607835919192	0.912732350068274	0	0	0	0	0	0	0	0	0	0	0	0	0	0	0	0	0	0	0	0.922368205937611	0.947425378044319	0	0	0	0	0	0	0	0	0	0	0	0	0	0	0	0	0	0	0	0	0	0	0	0	0	0	0	0	0	0
0	0	0	0	0	0	0	0	0	0	0	0	0	0	0	0	0	0	0	0	0	0	0	0	0	0	0	0	0	0	0.632275500972981	0.92541996673692	0.606147580787421	0.547096225038562	0	0.707076958958115	0.531866864671928	0.796547585346168	0.641717573092825	0.98108801696034	0	0	0	0	0	0	0	0	0	0	0	0	0	0	0	0	0	0	0	0.862389405159575	0	0	0	0	0	0	0	0	0	0	0	0	0	0	0	0	0	0	0	0	0	0	0	0	0	0	0	0	0	0
0	0	0	0	0	0	0	0	0	0	0	0	0	0	0	0	0	0	0	0	0	0	0	0	0	0	0	0	0	0	0.888787581521021	0.509515883446604	0	0.862674607871479	0.979156999377555	0	0	0.796736664811591	0.822691015356316	0.875098333459249	0.903083773376935	0.957823574816768	0	0	0	0	0	0	0	0	0	0	0	0	0	0	0	0	0	0	0	0	0	0	0	0	0	0	0	0	0	0	0	0	0	0	0	0	0	0	0	0	0	0	0	0	0	0	0	0
0	0	0	0	0	0	0	0	0	0	0	0	0	0	0	0	0	0	0	0	0	0	0	0	0	0	0	0	0	0	0	0.710774361176247	0.729213690062895	0.852720107318628	0.870980063062289	0	0	0.720246528527337	0.70935363489429	0.695342577803898	0.935223529050016	0	0	0	0	0.86449380387414	0	0	0.93314393342587	0	0	0	0	0	0	0	0	0	0	0	0	0	0	0	0	0	0	0	0	0	0	0	0	0	0	0	0	0	0	0	0	0	0	0	0	0	0	0	0	0
0	0	0	0	0	0	0	0	0	0	0	0	0	0	0	0	0	0	0	0	0	0	0	0	0	0	0	0	0	0	0	0	0.527876512183246	0.625770821863125	0.872321581435894	0.953298062146307	0.704398487244177	0	0.741098867899273	0.636744735492425	0.648235380771109	0.567766497613397	0.818321901905691	0	0	0	0	0	0	0	0	0	0	0	0	0	0	0	0	0	0	0	0	0	0	0	0	0	0	0	0	0	0	0	0	0	0	0	0	0	0	0	0	0	0	0	0	0	0	0
0	0	0	0	0	0	0	0	0	0	0	0	0	0	0	0	0	0	0	0	0	0	0	0	0	0	0	0	0	0	0	0	0	0.874493018711143	0.942312937982529	0.941333444506231	0.905202041722856	0.753970909498678	0	0.672005988266735	0.78124428134652	0.892291699636973	0.782051409985396	0.9105957204055	0	0	0	0	0	0	0	0	0	0	0	0	0	0	0	0	0	0	0	0	0	0	0	0	0	0	0	0	0	0	0	0	0	0	0	0	0	0	0	0	0	0	0	0	0	0
0	0	0	0	0	0	0	0	0	0	0	0	0	0	0	0	0	0	0	0	0	0	0	0	0	0	0	0	0	0	0	0	0	0	0.56292180468214	0.668667200947727	0.907524768495192	0.701688565123076	0.556953356983431	0	0.725335561237028	0.623312736496634	0.756318304318595	0.856976033138746	0.998507899790585	0	0	0	0	0	0	0	0	0	0	0	0	0	0	0	0	0	0	0	0	0	0	0	0	0	0	0	0	0	0	0	0	0	0	0	0	0	0	0	0	0	0	0	0	0
0	0	0	0	0	0	0	0	0	0	0	0	0	0	0	0	0	0	0	0	0	0	0	0	0	0	0	0	0	0	0	0	0	0	0	0.863432664337354	0.683243255729671	0.966455080889732	0.841694678143357	0.820983535438752	0	0.625844650392423	0.71975505259541	0.532993288793383	0.611125356244408	0.550254207083031	0	0	0	0	0	0	0	0	0	0	0	0	0	0	0	0	0	0	0	0	0	0	0	0	0	0	0	0	0	0	0	0	0	0	0	0	0	0	0	0	0	0	0	0
0	0	0	0	0	0	0	0	0	0	0	0	0	0	0	0	0	0	0	0	0	0	0	0	0	0	0	0	0	0	0	0	0	0	0	0.662952197006417	0	0.621316252960436	0.587877261695059	0.540986861091848	0.772380821275385	0	0.84287749391154	0.513709738785112	0.823648547436908	0.978432017276179	0.601595242087272	0	0	0	0	0	0.596332893703226	0	0	0	0	0	0	0	0	0	0	0	0	0	0	0	0	0	0	0	0	0	0	0	0	0	0	0	0	0	0	0	0	0	0	0	0	0
0	0	0	0	0	0	0	0	0	0	0	0	0	0	0	0	0	0	0	0	0	0	0	0	0	0	0	0	0	0	0	0	0	0	0	0	0	0.991548969885128	0.989741645081145	0.729098944192912	0.772728609358302	0.744025327513945	0	0.638971925338091	0.97713587551782	0.67691603513532	0.557311200423415	0.7468973278595	0	0	0	0	0	0	0	0	0	0	0	0	0	0	0	0	0	0	0	0	0	0	0	0	0	0	0	0	0	0	0	0	0	0	0	0	0	0	0	0	0	0
0	0	0	0	0	0	0	0	0	0	0	0	0	0	0	0	0	0	0	0	0	0	0	0	0	0	0	0	0	0	0	0	0	0	0	0	0	0	0.555083480844835	0.872167654164274	0.748101561526069	0.762722528557398	0.662996895171335	0	0.507273324672653	0.889888991339613	0.530576191205446	0.607430214113493	0.860737900457964	0	0	0	0	0.943448418961623	0	0	0	0	0	0	0	0	0	0	0	0	0	0	0	0	0	0	0	0	0	0	0	0	0	0	0	0	0	0	0	0	0	0	0	0
0	0	0	0	0	0	0	0	0	0	0	0	0	0	0	0	0	0	0	0	0	0	0	0	0	0	0	0	0	0	0	0	0	0	0	0	0	0	0	0.758404900431597	0.748042311006185	0.623899519212314	0.842314806982965	0.728842308975132	0	0	0.879893119770911	0.788391639917214	0.867320024563158	0.763871457395323	0	0.551792089894174	0	0	0.602529465172096	0	0	0	0	0	0	0	0	0	0	0	0	0	0	0	0	0	0	0	0	0	0	0	0	0	0	0	0	0	0	0	0	0	0	0
0	0	0	0	0	0	0	0	0	0	0	0	0	0	0	0	0	0	0	0	0	0	0	0	0	0	0	0	0	0	0	0	0	0	0	0	0.664852681288316	0	0	0	0.688146464174991	0.646324044787319	0.818457342778347	0.81224232563304	0	0	0.968111161016276	0.571807784074074	0.622499349067674	0	0.77687914872282	0	0	0	0	0	0	0	0	0	0	0	0	0	0	0	0	0	0	0	0	0	0	0	0	0	0	0	0	0	0	0	0	0	0	0	0	0	0	0
0	0	0	0	0	0	0	0	0	0	0	0	0	0	0	0	0	0	0	0	0	0	0	0	0	0	0	0	0	0	0	0	0	0	0	0	0	0	0	0	0	0.996850644711807	0.82311941037375	0.658283651710073	0.727265797385145	0.990961743725251	0	0.724825459506551	0.802388639759974	0.623001633062749	0.750803488205223	0.67383127702268	0	0	0	0	0	0	0	0	0	0	0	0	0	0	0	0	0	0	0	0	0	0	0	0	0	0	0	0	0	0	0	0	0	0	0	0	0	0
0	0	0	0	0	0	0	0	0	0	0	0	0	0	0	0	0	0	0	0	0	0	0	0	0	0	0	0	0	0	0	0	0	0	0	0	0	0	0	0	0	0	0.50850414475093	0.80519600465521	0.637953718153861	0.774037950900575	0.50438588616948	0	0.680229010445684	0.833678477397663	0.506347421796736	0.827966845468226	0.605976670717349	0	0	0	0	0	0	0	0	0	0	0	0	0	0	0	0	0	0	0	0	0	0	0	0	0	0	0	0	0	0	0	0	0	0	0	0	0
0	0	0	0	0	0	0	0	0	0	0	0	0	0	0	0	0	0	0	0	0	0	0	0	0	0	0	0	0	0	0	0	0	0	0	0	0.773324305689334	0	0	0	0	0	0	0.762615634162102	0.666374947115074	0.848455712369076	0.709120259020536	0.847411894906557	0	0.604694396446427	0.648682031945132	0.755258632448243	0	0.540678413265843	0	0.67604173584028	0	0.964249899579776	0	0	0	0	0	0	0	0	0	0	0	0	0	0	0	0	0	0	0	0	0	0	0	0	0	0	0	0	0	0	0	0
0	0	0	0	0	0	0	0	0	0	0	0	0	0	0	0	0	0	0	0	0	0	0	0	0	0	0	0	0	0	0.576203102228977	0	0	0	0	0	0	0	0	0	0	0	0	0	0.805472178834665	0	0.781923125007323	0.794452817185943	0.627208673859034	0	0.604918111756652	0.713161169426739	0.56031480784156	0	0.52042409101071	0	0	0	0	0	0	0	0	0	0	0	0	0	0	0	0	0	0	0	0	0	0	0	0	0	0	0	0	0	0	0	0	0	0	0
0	0	0	0	0	0	0	0	0	0	0	0	0	0	0	0	0	0	0	0	0	0	0	0	0	0	0	0	0	0	0	0	0.500938766513376	0	0	0	0	0	0	0	0	0	0	0	0	0.626104127666628	0.988908632219431	0.983834404257937	0.809197105602329	0.775211998273728	0	0	0.507693151023311	0.740137222788338	0.787044673407924	0.927028830973828	0	0	0	0	0	0	0	0	0	0	0	0	0	0	0	0	0	0	0	0	0	0	0	0	0	0	0	0	0	0	0	0	0	0
0	0	0	0	0	0	0	0	0	0	0	0	0	0	0	0	0	0	0	0	0	0	0	0	0	0	0	0	0	0	0	0	0	0	0	0	0	0	0	0	0	0	0	0	0.58673048716289	0	0.885799869962803	0.679082017154207	0.647064222038266	0.678936765356866	0	0	0.718964577899224	0	0.830185768597547	0.740865156461305	0.631256426473746	0	0	0	0	0	0	0	0	0	0	0	0	0	0	0	0	0	0	0	0	0	0	0	0	0	0	0	0	0	0	0	0	0
0	0	0	0	0	0	0	0	0	0	0	0	0	0	0	0	0	0	0	0	0	0	0	0	0	0	0	0	0	0	0	0	0.890298040737174	0	0	0	0	0	0	0	0	0.748538344480805	0	0	0	0	0	0.645802374883104	0	0.941861672012386	0.683538194404028	0.828126053241237	0	0	0.857463880031154	0.614065386991116	0.590480329133452	0	0	0.970372459286396	0	0	0	0	0	0	0	0	0	0	0	0	0	0	0	0	0	0	0	0	0	0	0	0	0	0	0	0	0	0
0	0	0	0	0	0	0	0	0	0	0	0	0	0	0	0	0	0	0	0	0	0	0	0	0	0	0	0	0	0	0.90180716392644	0	0	0	0	0	0	0	0	0	0	0	0	0.793423226257483	0	0	0	0	0.790358878463704	0	0.530349308492489	0	0	0	0	0.543142815487062	0.686645748526292	0.679958577736168	0.675918873918854	0	0	0	0	0	0	0	0	0	0	0	0	0	0	0	0	0	0	0	0	0	0	0	0	0	0	0	0	0	0	0
0	0	0	0	0	0	0	0	0	0	0	0	0	0	0	0	0	0	0	0	0	0	0	0	0	0	0	0	0	0	0	0	0	0	0	0	0	0	0	0	0	0	0	0	0.720832355735023	0	0	0	0	0.551393561434131	0.794822576293354	0.601899288188407	0.870483449971824	0	0	0.613790485132695	0.536805784036831	0.556327143351294	0.801728349296638	0.649900366948942	0	0	0	0	0	0	0	0	0	0	0	0	0	0	0	0	0	0	0	0	0	0	0	0	0	0	0	0	0	0
0	0	0	0	0	0	0	0	0	0	0	0	0	0	0	0	0	0	0	0	0	0	0	0	0	0	0	0	0	0	0	0	0	0	0	0	0	0	0	0	0	0	0	0	0	0	0	0	0.775614331953508	0	0.809340454151848	0.502105872879935	0.511900647748826	0.614590391985627	0.85141352223011	0	0.928732524777016	0.763051233274309	0.704030053695991	0.652035292857532	0	0	0	0	0	0	0	0	0	0	0	0	0	0	0	0	0	0	0	0	0	0	0	0	0	0	0	0	0	0
0	0	0	0	0	0	0	0	0	0	0	0	0	0	0	0	0	0	0	0	0	0	0	0	0	0	0	0	0	0	0.842005042416899	0.879161461743628	0	0	0	0	0	0	0	0	0	0	0	0	0	0	0	0	0	0	0	0.727000015523184	0.998806098294683	0.860611073300352	0.734071666602101	0.65131047378707	0	0.96971932101972	0.915125007427497	0.689152205099983	0	0	0	0	0	0	0	0	0	0	0	0	0	0	0	0	0	0	0	0	0	0	0	0	0	0	0	0	0	0
0	0	0	0	0	0	0	0	0	0	0	0	0	0	0	0	0	0	0	0	0	0	0	0	0	0	0	0	0	0	0.539252912852422	0.557207602027239	0.724088947359091	0	0	0	0	0	0	0	0	0	0	0	0	0	0	0	0.634425419330159	0	0	0	0	0.503877180469196	0.529163522403981	0.97976559138799	0.685345645365634	0	0.877677758388957	0.929975603127991	0	0	0	0	0	0	0	0	0	0	0	0	0	0	0	0	0	0	0	0	0	0	0	0	0	0	0	0	0	0
0	0	0	0	0	0	0	0	0	0	0	0	0	0	0	0	0	0	0	0	0	0	0	0	0	0	0	0	0	0	0.955196685842622	0.630004045966832	0.683130984606685	0.932170890006624	0	0	0	0	0	0	0	0	0	0	0	0	0	0	0	0	0	0	0	0.799942767606679	0.777904913950121	0.631718159618256	0.626885266509273	0.500420335276536	0	0.618814751039283	0	0	0	0	0	0	0	0	0	0	0	0	0	0	0	0	0	0	0	0	0	0	0	0	0	0	0	0	0	0
0	0	0	0	0	0	0	0	0	0	0	0	0	0	0	0	0	0	0	0	0	0	0	0	0	0	0	0	0	0	0.577488304651671	0.883851169566276	0.890433343120796	0.727385710585965	0.668361181859217	0	0	0	0	0	0	0	0	0	0	0	0	0	0	0	0	0	0.537839917829968	0	0.917063585472446	0.96340402708924	0.636938729458684	0.590810640901648	0.871050543458483	0	0	0	0	0	0	0	0	0	0	0	0	0	0	0	0	0	0	0	0	0	0	0	0	0	0	0	0	0	0	0
0	0	0	0	0	0	0	0	0	0	0	0	0	0	0	0	0	0	0	0	0	0	0	0	0	0	0	0	0	0	0	0	0	0	0	0	0	0	0	0	0	0	0	0	0	0	0	0	0	0	0	0	0	0	0	0	0	0	0	0	0	0.698000288519004	0.71334519941462	0.610804561370468	0.945251023896058	0	0	0	0	0	0	0	0	0	0	0	0	0.948899274778462	0	0	0	0	0	0	0	0	0	0.658431399259653	0.934259371748131	0.676947953879268
0	0	0	0	0	0	0	0	0	0	0	0	0	0	0	0	0	0	0	0	0	0	0	0	0	0	0	0	0	0	0	0	0	0	0	0	0	0	0	0	0	0	0	0	0	0	0	0	0	0	0	0	0	0	0	0	0	0	0	0	0.893329700662607	0	0.64666243597577	0	0	0.855488434471326	0	0	0	0	0	0.713423389259125	0	0	0	0.804376372798956	0	0	0	0	0.572721324661766	0	0	0.893474943369983	0	0	0	0.779934855742152	0	0.779450417433005
0	0	0	0	0	0	0	0	0	0	0	0	0	0	0	0	0	0	0	0	0	0	0	0	0	0	0	0	0	0	0	0	0	0	0	0	0	0	0	0	0	0	0	0	0	0	0	0	0	0	0	0	0	0	0	0	0	0	0	0	0.713084420521411	0.638695762605181	0	0.671799727788732	0	0.69803541855215	0.82583377227975	0	0	0	0	0	0	0	0	0	0	0	0	0	0	0	0	0	0	0	0	0.65270801750905	0.864289592291406	0.669707408719995
0	0	0	0	0	0	0	0	0	0	0	0	0	0	0	0	0	0	0	0	0	0	0	0	0	0	0	0	0	0	0	0	0	0	0	0	0	0	0	0	0	0	0	0	0	0	0	0	0	0	0	0	0	0	0	0	0	0	0	0	0.85108643399537	0	0.818042220917322	0	0.987362219293694	0	0.862951594271091	0.987241207006858	0	0	0	0	0	0	0.763589326734417	0	0	0	0.768292891138468	0.810947780110739	0	0	0	0	0	0	0	0	0	0.903808758556937
0	0	0	0	0	0	0	0	0	0	0	0	0	0	0	0	0	0	0	0	0	0	0	0	0	0	0	0	0	0	0	0	0	0	0	0	0	0	0	0	0	0	0	0	0	0	0	0	0	0	0	0	0	0	0	0	0	0	0	0	0.796224202238668	0	0	0.773988356729581	0	0	0.972816997205518	0	0.622469104111789	0	0.609141674372883	0.93776686818419	0	0	0	0.79144801722379	0	0	0	0	0	0	0	0	0	0	0	0	0	0
0	0	0	0	0	0	0	0	0	0	0	0	0	0	0	0	0	0	0	0	0	0	0	0	0	0	0	0	0	0	0	0	0	0	0	0	0	0	0	0	0	0	0	0	0	0	0	0	0	0	0	0	0	0	0	0	0	0	0	0	0	0.931265802371965	0.643569228842674	0	0	0	0.806142672682472	0	0.604028583166199	0.773002811243449	0	0	0	0	0	0.975494238956604	0	0	0	0	0.936172055123786	0	0	0	0	0	0	0	0	0
0	0	0	0	0	0	0	0	0	0	0	0	0	0	0	0	0	0	0	0	0	0	0	0	0	0	0	0	0	0	0	0	0	0	0	0	0	0	0	0	0	0	0	0	0	0	0	0	0	0	0	0	0	0	0	0	0	0	0	0	0	0	0.676122931797296	0.578554830664263	0.61901829983431	0.648125133971579	0	0	0.95171288062018	0.685447926952808	0.72406143463491	0	0	0	0	0	0	0	0	0	0	0	0	0	0	0	0	0	0.865408726610793	0
0	0	0	0	0	0	0	0	0	0	0	0	0	0	0	0	0	0	0	0	0	0	0	0	0	0	0	0	0	0	0	0	0	0	0	0	0	0	0	0	0	0	0	0	0	0	0	0	0	0	0	0	0	0	0	0	0	0	0	0	0	0	0	0.977982830793487	0	0	0	0	0.903691070191257	0.940253551018856	0	0.844867940488137	0	0.797471610951348	0	0	0	0	0	0	0	0.982707275563368	0.547008854368199	0	0.827223068983646	0	0	0	0	0.71317801416016
0	0	0	0	0	0	0	0	0	0	0	0	0	0	0	0	0	0	0	0	0	0	0	0	0	0	0	0	0	0	0	0	0	0	0	0	0	0	0	0	0	0	0	0	0	0	0	0	0	0	0	0	0	0	0	0	0	0	0	0	0	0	0	0	0.795418567398185	0.77183799805313	0.652728045103979	0.920791965827375	0	0	0.622734579956191	0.940960252846362	0	0.546634857174623	0	0	0	0	0	0	0	0	0	0	0	0.726578580136865	0	0	0	0
0	0	0	0	0	0	0	0	0	0	0	0	0	0	0	0	0	0	0	0	0	0	0	0	0	0	0	0	0	0	0	0	0	0	0	0	0	0	0	0	0	0	0	0	0	0	0	0	0	0	0	0	0	0	0	0	0	0	0	0	0	0	0	0	0	0.52428487637693	0.667936904692551	0.882262602269672	0	0	0.505462403955109	0.607524913486476	0.831116121230825	0.698217854464304	0	0	0	0	0	0	0	0	0	0	0	0	0	0	0	0
0	0	0	0	0	0	0	0	0	0	0	0	0	0	0	0	0	0	0	0	0	0	0	0	0	0	0	0	0	0	0	0	0	0	0	0	0	0	0	0	0	0	0	0	0	0	0	0	0	0	0	0	0	0	0	0	0	0	0	0	0	0	0	0	0.77151547644629	0	0.753837043595862	0	0.772353404028624	0.715376640132938	0	0	0.961923543458478	0.850393369707772	0	0	0	0	0	0	0	0	0	0	0	0	0	0.705150781798451	0	0
0	0	0	0	0	0	0	0	0	0	0	0	0	0	0	0	0	0	0	0	0	0	0	0	0	0	0	0	0	0	0	0	0	0	0	0	0	0	0	0	0	0	0	0	0	0	0	0	0	0	0	0	0	0	0	0	0	0	0	0	0	0.614361948783935	0	0	0.514320992253492	0	0	0.927876377094992	0.651861097000158	0.699313969153619	0	0	0	0.879628200018607	0	0.894702274544751	0	0	0	0	0.908701521133526	0	0	0	0	0.955509409987986	0.874825491596903	0	0	0
0	0	0	0	0	0	0	0	0	0	0	0	0	0	0	0	0	0	0	0	0	0	0	0	0	0	0	0	0	0	0	0	0	0	0	0	0	0	0	0	0	0	0	0	0	0	0	0	0	0	0	0	0	0	0	0	0	0	0	0	0	0	0	0	0	0	0	0	0	0.535352849674443	0.630547524790905	0	0	0.518744924270834	0.642966947067353	0.752997724565127	0.868212377338839	0	0	0	0	0.801633271992152	0	0	0	0	0	0	0	0
0	0	0	0	0	0	0	0	0	0	0	0	0	0	0	0	0	0	0	0	0	0	0	0	0	0	0	0	0	0	0	0	0	0	0	0	0	0	0	0	0	0	0	0	0	0	0	0	0	0	0	0	0	0	0	0	0	0	0	0	0	0	0	0	0	0	0	0.788065827420668	0.826962753770481	0.922923302253125	0.967452367380204	0.534267666673296	0.686421518544644	0	0.929564664900419	0	0.879913511467065	0	0.548255634709977	0	0	0	0	0	0	0	0	0	0	0
0	0	0	0	0	0	0	0	0	0	0	0	0	0	0	0	0	0	0	0	0	0	0	0	0	0	0	0	0	0	0	0	0	0	0	0	0	0	0	0	0	0	0	0	0	0	0	0	0	0	0	0	0	0	0	0	0	0	0	0	0	0	0	0.921331513810502	0	0	0	0	0	0	0	0	0.918337674195864	0.927046587610302	0	0	0.823871808145098	0.785792277058339	0.599489661376755	0	0.616728395241351	0	0	0	0	0	0	0	0	0
0	0	0	0	0	0	0	0	0	0	0	0	0	0	0	0	0	0	0	0	0	0	0	0	0	0	0	0	0	0	0	0	0	0	0	0	0	0	0	0	0	0	0	0	0	0	0	0	0	0	0	0	0	0	0	0	0	0	0	0	0	0.686003142279654	0	0	0.613535099476175	0.745740313682391	0	0	0	0	0	0.823430619288891	0.699037090670129	0	0	0	0.766172054376356	0.920214126804823	0.624609492482121	0.741874821061907	0	0	0	0	0	0	0	0	0	0
0	0	0	0	0	0	0	0	0	0	0	0	0	0	0	0	0	0	0	0	0	0	0	0	0	0	0	0	0	0	0	0	0	0	0	0	0	0	0	0	0	0	0	0	0	0	0	0	0	0	0	0	0	0	0	0	0	0	0	0	0	0	0	0	0	0	0	0	0	0	0	0	0.945525618671142	0.813670502839744	0.660767936230054	0.513108514015512	0	0.878230796246957	0.607586782661832	0.683741432577764	0.800161351414117	0	0	0	0	0	0	0	0	0
0	0	0	0	0	0	0	0	0	0	0	0	0	0	0	0	0	0	0	0	0	0	0	0	0	0	0	0	0	0	0	0	0	0	0	0	0	0	0	0	0	0	0	0	0	0	0	0	0	0	0	0	0	0	0	0	0	0	0	0	0.58399260183363	0	0	0	0	0	0	0	0	0	0	0	0	0	0.717540487693223	0.551248642757291	0.937496319345541	0	0.894907470556953	0.539546418646618	0.544804876412737	0	0	0	0	0	0	0	0	0
0	0	0	0	0	0	0	0	0	0	0	0	0	0	0	0	0	0	0	0	0	0	0	0	0	0	0	0	0	0	0	0	0	0	0	0	0	0	0	0	0	0	0	0	0	0	0	0	0	0	0	0	0	0	0	0	0	0	0	0	0	0	0	0.982993901858587	0	0	0	0	0	0	0	0	0	0.752289617317629	0.791530931729839	0.504120280024067	0.546727950282748	0.532402788541869	0	0.584781351737863	0	0.574942356698704	0	0	0	0	0	0	0.995961107241523	0
0	0	0	0	0	0	0	0	0	0	0	0	0	0	0	0	0	0	0	0	0	0	0	0	0	0	0	0	0	0	0	0	0	0	0	0	0	0	0	0	0	0	0	0	0	0	0	0	0	0	0	0	0	0	0	0	0	0	0	0	0	0	0	0.607263086335041	0	0	0	0	0	0	0	0	0	0	0	0.713046958435368	0.673845214271294	0.72836227117138	0.614977864900633	0	0.652543003253231	0.985846508864701	0.593795495843478	0	0	0.916277473267473	0	0	0	0
0	0	0	0	0	0	0	0	0	0	0	0	0	0	0	0	0	0	0	0	0	0	0	0	0	0	0	0	0	0	0	0	0	0	0	0	0	0	0	0	0	0	0	0	0	0	0	0	0	0	0	0	0	0	0	0	0	0	0	0	0	0.526948891827434	0	0	0	0.590961082012121	0	0	0	0	0	0.982710081304018	0	0	0.579729470434704	0	0.908596277739204	0.530669968285109	0	0.725950483329521	0	0	0	0	0.664756731096489	0	0	0	0	0
0	0	0	0	0	0	0	0	0	0	0	0	0	0	0	0	0	0	0	0	0	0	0	0	0	0	0	0	0	0	0	0	0	0	0	0	0	0	0	0	0	0	0	0	0	0	0	0	0	0	0	0	0	0	0	0	0	0	0	0	0	0	0	0	0	0	0	0.770213128325136	0	0	0	0	0.674592531941837	0	0	0	0	0	0.547838764741981	0.7828184767731	0	0	0.833702214602537	0	0.960874614465242	0	0	0	0.60943019241809	0
0	0	0	0	0	0	0	0	0	0	0	0	0	0	0	0	0	0	0	0	0	0	0	0	0	0	0	0	0	0	0	0	0	0	0	0	0	0	0	0	0	0	0	0	0	0	0	0	0	0	0	0	0	0	0	0	0	0	0	0	0	0	0	0	0	0	0	0.714387899108662	0	0	0	0	0	0	0	0	0	0	0	0.610904306392856	0	0.945755942204434	0	0.690833420501854	0	0	0.517823065126392	0.740120789588592	0	0.607388712649738
0	0	0	0	0	0	0	0	0	0	0	0	0	0	0	0	0	0	0	0	0	0	0	0	0	0	0	0	0	0	0	0	0	0	0	0	0	0	0	0	0	0	0	0	0	0	0	0	0	0	0	0	0	0	0	0	0	0	0	0	0	0.975868395767163	0	0	0	0	0	0	0	0	0	0	0	0	0	0	0	0	0	0	0	0	0.585612371364873	0	0.527135147543435	0	0.872416760745377	0.501157783332301	0	0
0	0	0	0	0	0	0	0	0	0	0	0	0	0	0	0	0	0	0	0	0	0	0	0	0	0	0	0	0	0	0	0	0	0	0	0	0	0	0	0	0	0	0	0	0	0	0	0	0	0	0	0	0	0	0	0	0	0	0	0	0	0	0	0	0	0	0	0.897393081706631	0	0	0	0	0	0	0	0	0	0	0	0	0.671401502092665	0.940888703635522	0	0.860089840334099	0	0.703766196259651	0.813480688504056	0	0.805330000682024	0
0	0	0	0	0	0	0	0	0	0	0	0	0	0	0	0	0	0	0	0	0	0	0	0	0	0	0	0	0	0	0	0	0	0	0	0	0	0	0	0	0	0	0	0	0	0	0	0	0	0	0	0	0	0	0	0	0	0	0	0	0	0	0	0	0	0	0	0	0.596172907549566	0	0	0.895132727802351	0	0	0	0	0	0	0	0.920608101817974	0	0	0	0	0.934602913145188	0	0	0.792146772855818	0.506353896535624	0.899945823007517
0	0	0	0	0	0	0	0	0	0	0	0	0	0	0	0	0	0	0	0	0	0	0	0	0	0	0	0	0	0	0	0	0	0	0	0	0	0	0	0	0	0	0	0	0	0	0	0	0	0	0	0	0	0	0	0	0	0	0	0	0	0	0	0	0	0	0	0	0	0	0	0.98581396118747	0	0	0	0	0	0	0	0	0	0	0.846265618389019	0.627706777473292	0.625722554067785	0	0	0.585203339101205	0.561167983764816	0.76495368185041
0	0	0	0	0	0	0	0	0	0	0	0	0	0	0	0	0	0	0	0	0	0	0	0	0	0	0	0	0	0	0	0	0	0	0	0	0	0	0	0	0	0	0	0	0	0	0	0	0	0	0	0	0	0	0	0	0	0	0	0	0.603627013700578	0.720446410019054	0.592415404778086	0	0	0	0	0	0	0	0.820994416608423	0	0	0	0	0	0	0	0	0	0	0	0.956495965880349	0.561924690003762	0	0.857990824262062	0.820714456378509	0	0.604259892957171	0.700921149728011
0	0	0	0	0	0	0	0	0	0	0	0	0	0	0	0	0	0	0	0	0	0	0	0	0	0	0	0	0	0	0	0	0	0	0	0	0	0	0	0	0	0	0	0	0	0	0	0	0	0	0	0	0	0	0	0	0	0	0	0	0.879189901209215	0	0.848681168511517	0	0	0	0.687829204544094	0	0	0	0	0	0	0	0	0	0	0	0.666909987169424	0	0	0.573445403763988	0	0	0.681955235893935	0.907026543254213	0.558102026444811	0.910929371483495	0	0.999701102558181
0	0	0	0	0	0	0	0	0	0	0	0	0	0	0	0	0	0	0	0	0	0	0	0	0	0	0	0	0	0	0	0	0	0	0	0	0	0	0	0	0	0	0	0	0	0	0	0	0	0	0	0	0	0	0	0	0	0	0	0	0.80747546205232	0.842075579073363	0.513519304462602	0.538786648640991	0	0	0	0.932022109462818	0	0	0	0	0	0	0	0	0	0	0	0	0	0	0.684822888716509	0	0	0.998429420198255	0.692531451669074	0.850222786835054	0.613508940578867	0
