0	0.892376552169318	0.551505530233591	0.52915264992432	0.662778211518183	0.866735502278661	0	0	0	0.563280199150356	0	0	0	0.756734234786016	0	0.600541273732621	0	0.502329630810365	0	0	0	0	0	0	0	0	0	0	0	0	0	0	0	0	0	0	0	0	0	0	0	0	0	0	0	0	0	0	0	0	0	0	0	0	0	0	0	0	0	0	0	0	0	0	0	0	0	0	0	0	0	0	0	0	0	0	0	0	0	0	0	0	0	0	0	0	0	0	0	0
0.668438463410403	0	0.616338108031962	0	0.713899122190061	0.760601770596418	0.980919521740994	0	0	0	0.630673627672022	0	0	0	0.581596222550281	0.992049256645509	0	0.588961394624198	0	0	0	0	0	0	0	0	0	0	0	0	0	0	0	0	0	0	0	0	0	0	0	0	0	0	0	0	0	0	0	0	0	0	0	0	0	0	0	0	0	0	0	0	0	0	0	0	0	0	0	0	0	0	0	0	0	0	0	0	0	0	0	0	0	0	0	0	0	0	0	0
0.864709763223008	0.714339637414574	0	0.964888922964894	0.609729178833714	0.923382735538794	0.610897151526362	0.834213277628432	0	0	0	0	0	0	0	0.680483900249913	0.554952013365338	0.913275457213774	0	0	0	0	0	0	0	0	0	0	0	0	0	0	0	0	0	0	0	0	0	0	0	0	0	0	0	0	0	0	0	0	0	0	0	0	0	0	0	0	0	0	0	0	0	0	0	0	0	0	0	0	0	0	0	0	0	0	0	0	0	0	0	0	0	0	0	0	0	0	0	0
0.945110622878139	0	0.543557127477463	0	0.880621416669309	0.8851805260039	0.6133260347895	0.560956451672521	0.68518520146357	0	0	0.663471530335315	0	0	0	0	0.501673302433036	0.873211138336834	0	0	0	0	0	0	0	0	0	0	0	0	0	0	0	0	0	0	0	0	0	0	0	0	0	0	0	0	0	0	0	0	0	0	0	0	0	0	0	0	0	0	0	0	0	0	0	0	0	0	0	0	0	0	0	0	0	0	0	0	0	0	0	0	0	0	0	0	0	0	0	0
0.739781343431386	0.615589059951008	0.950792771576625	0.709458813852621	0	0	0.545690660329823	0.865534685780531	0.959538646644172	0	0.523154077124817	0	0.798872846709042	0.938768608656502	0.515431906604097	0.989857998926863	0.818378128857573	0.750012031146559	0	0	0	0	0	0	0	0	0	0	0	0	0	0	0	0	0	0	0	0	0	0	0	0	0	0	0	0	0	0	0	0	0	0	0	0	0	0	0	0	0	0	0	0	0	0	0	0	0	0	0	0	0	0	0	0	0	0	0	0	0	0	0	0	0	0	0	0	0	0	0	0
0.563943916154738	0.68145778178381	0.736950978930959	0.821021082170289	0	0	0.660106259236222	0.502792444928468	0.663126230782973	0.593653759474749	0.527537720288555	0	0.907905370170893	0	0	0	0	0	0	0	0	0	0	0	0	0	0	0	0	0	0	0	0	0	0	0	0	0	0	0	0	0	0	0	0	0	0	0	0	0	0	0	0	0	0	0	0	0	0	0	0	0	0	0	0	0	0	0	0	0	0	0	0	0	0	0	0	0	0	0	0	0	0	0	0	0	0	0	0	0
0	0.953968149584145	0.975340729517447	0.548341887966201	0.649405671219621	0.617358323964468	0	0	0	0.791403252451423	0.868654750117968	0.763803193274856	0.710397831115116	0.912836716421304	0	0.742018879545558	0.825691931439209	0	0	0	0	0	0	0	0	0	0	0	0	0	0	0	0	0	0	0	0	0	0	0	0	0	0	0	0	0	0	0	0	0	0	0	0	0	0	0	0	0	0	0	0	0	0	0	0	0	0	0	0	0	0	0	0	0	0	0	0	0	0	0	0	0	0	0	0	0	0	0	0	0
0	0	0.987264724063102	0.943931035976069	0.81164200765825	0.591985041562409	0	0	0	0.696345714926698	0.657633757345113	0.678114512721124	0.576103938352509	0	0	0	0.600499870872629	0	0	0	0	0	0	0	0	0	0	0	0	0	0	0	0	0	0	0	0	0	0	0	0	0	0	0	0	0	0	0	0	0	0	0	0	0	0	0	0	0	0	0	0	0	0	0	0	0	0	0	0	0	0	0	0	0	0	0	0	0	0	0	0	0	0	0	0	0	0	0	0	0
0	0	0	0.971266142787582	0.516207094598595	0.830198344810318	0	0	0	0.823040267174839	0.738893891613943	0	0.82109353944113	0.682340866019982	0.793443846566593	0	0	0	0	0	0	0	0	0	0	0	0	0	0	0	0	0	0	0	0	0	0	0	0	0	0	0	0	0	0	0	0	0	0	0	0	0	0	0	0	0	0	0	0	0	0	0	0	0	0	0	0	0	0	0	0	0	0	0	0	0	0	0	0	0	0	0	0	0	0	0	0	0	0	0
0.605529968148794	0	0	0	0	0.764211922436386	0.879786312893861	0.899901944819649	0.99734933105231	0	0	0.866903876058129	0.692330537867861	0.567063099533111	0.937805154079738	0	0.553862317891488	0	0	0	0	0	0	0	0	0	0	0	0	0	0	0	0	0	0	0	0	0	0	0	0	0	0	0	0	0	0	0	0	0	0	0	0	0	0	0	0	0	0	0	0	0	0	0	0	0	0	0	0	0	0	0	0	0	0	0	0	0	0	0	0	0	0	0	0	0	0	0	0	0
0	0.684982100865399	0	0	0.601885102557234	0.535922110704324	0.856570670751817	0.502721535634352	0.873532714885445	0	0	0.698174499216402	0.937097219730181	0.552029619071136	0.945401561870309	0.631353403828976	0	0	0	0	0	0	0	0	0	0	0	0	0	0	0	0	0	0	0	0	0	0	0	0	0	0	0	0	0	0	0	0	0	0	0	0	0	0	0	0	0	0	0	0	0	0	0	0	0	0	0	0	0	0	0	0	0	0	0	0	0	0	0	0	0	0	0	0	0	0	0	0	0	0
0	0	0	0.763529306182648	0	0	0.543924863671836	0.930180612141455	0	0.565363799915538	0.618421041535202	0	0.764214384489876	0.685992529631251	0.660577400954192	0	0.625079633160184	0	0	0	0	0	0	0	0	0	0	0	0	0	0	0	0	0	0	0	0	0	0	0	0	0	0	0	0	0	0	0	0	0	0	0	0	0	0	0	0	0	0	0	0	0	0	0	0	0	0	0	0	0	0	0	0	0	0	0	0	0	0	0	0	0	0	0	0	0	0	0	0	0
0	0	0	0	0.551099286459784	0.705982016509637	0.666937361163248	0.801891093399957	0.628763274290686	0.547622655217583	0.571206818094359	0.753036258719975	0	0	0	0.963505425367177	0.590802494595378	0	0	0	0	0	0	0	0	0	0	0	0	0	0	0	0	0	0	0	0	0	0	0	0	0	0	0	0	0	0	0	0	0	0	0	0	0	0	0	0	0	0	0	0	0	0	0	0	0	0	0	0	0	0	0	0	0	0	0	0	0	0	0	0	0	0	0	0	0	0	0	0	0
0.589130290127651	0	0	0	0.939755912692475	0	0.591598739185566	0	0.636545203784357	0.675172680936147	0.719077189900668	0.603556705950752	0	0	0.617316202886361	0.904396946820109	0.666579604756965	0.595102944549948	0	0	0	0	0	0	0	0	0	0	0	0	0	0	0	0	0	0	0	0	0	0	0	0	0	0	0	0	0	0	0	0	0	0	0	0	0	0	0	0	0	0	0	0	0	0	0	0	0	0	0	0	0	0	0	0	0	0	0	0	0	0	0	0	0	0	0	0	0	0	0	0
0	0.92261280616925	0	0	0.963054761181342	0	0	0	0.769894021610845	0.610270892824705	0.628799218659253	0.897212330560586	0	0.799431700179015	0	0.859661557583436	0	0.503878018032201	0	0	0	0	0	0	0	0	0	0	0	0	0	0	0	0	0	0	0	0	0	0	0	0	0	0	0	0	0	0	0	0	0	0	0	0	0	0	0	0	0	0	0	0	0	0	0	0	0	0	0	0	0	0	0	0	0	0	0	0	0	0	0	0	0	0	0	0	0	0	0	0
0.657902292112853	0.865063348836848	0.889862576659446	0	0.593208363266345	0	0.921933469466988	0	0	0	0.975159379172969	0	0.791723174351125	0.748064092365009	0.631879266728309	0	0.909184983895629	0	0	0	0	0	0	0	0	0	0	0	0	0	0	0	0	0	0	0	0	0	0	0	0	0	0	0	0	0	0	0	0	0	0	0	0	0	0	0	0	0	0	0	0	0	0	0	0	0	0	0	0	0	0	0	0	0	0	0	0	0	0	0	0	0	0	0	0	0	0	0	0	0
0	0	0.602594064055251	0.5800904094512	0.641956178218863	0	0.910834406267071	0.573996454023935	0	0.770466049497725	0	0.854052583616763	0.820175401428042	0.634419055165483	0	0.56473706561483	0	0.713803440299401	0	0	0	0	0	0	0	0	0	0	0	0	0	0	0	0	0	0	0	0	0	0	0	0	0	0	0	0	0	0	0	0	0	0	0	0	0	0	0	0	0	0	0	0	0	0	0	0	0	0	0	0	0	0	0	0	0	0	0	0	0	0	0	0	0	0	0	0	0	0	0	0
0.573342494082901	0.990950096928128	0.741539511137712	0.781152306326025	0.623044377327101	0	0	0	0	0	0	0	0	0.502933400003758	0.839866103855476	0	0.54125868917256	0	0	0	0	0	0	0	0	0	0	0	0	0	0	0	0	0	0	0	0	0	0	0	0	0	0	0	0	0	0	0	0	0	0	0	0	0	0	0	0	0	0	0	0	0	0	0	0	0	0	0	0	0	0	0	0	0	0	0	0	0	0	0	0	0	0	0	0	0	0	0	0	0
0	0	0	0	0	0	0	0	0	0	0	0	0	0	0	0	0	0	0	0.537424685234277	0.864836554606336	0.781027142619823	0.724990419147903	0.55548826135936	0.692317341461512	0	0	0	0	0	0.63121223033383	0.953333847244483	0.700332204105881	0.690184391737871	0.947718491142942	0.561214868759216	0	0	0	0	0	0	0	0	0	0	0	0	0	0	0	0	0	0	0	0	0	0	0	0	0	0	0	0	0	0	0	0	0	0	0	0	0	0	0	0	0	0	0	0	0	0	0	0	0	0	0	0	0	0
0	0	0	0	0	0	0	0	0	0	0	0	0	0	0	0	0	0	0.991255933921994	0	0.547803721567543	0.731270598516989	0.529889182525424	0.576410104379658	0.682888595165873	0.882663863712063	0	0	0	0	0	0.565415250253508	0.996817216292778	0.862875426407806	0.816844887509519	0.823629619361319	0	0	0	0	0	0	0	0	0	0	0	0	0	0	0	0	0	0	0	0	0	0	0	0	0	0	0	0	0	0	0	0	0	0	0	0	0	0	0	0	0	0	0	0	0	0	0	0	0	0	0	0	0	0
0	0	0	0	0	0	0	0	0	0	0	0	0	0	0	0	0	0	0.91878469659335	0.694186534796605	0	0.803957720479519	0	0.530884066122685	0.727254763116222	0.516511194999745	0.669241551998589	0.785613114571923	0	0	0	0	0.853102665853995	0.980838799881715	0.548521462753154	0.719752026051953	0	0	0	0	0	0	0	0	0	0	0	0	0	0	0	0	0	0	0	0	0	0	0	0	0	0	0	0	0	0	0	0	0	0	0	0	0	0	0	0	0	0	0	0	0	0	0	0	0	0	0	0	0	0
0	0	0	0	0	0	0	0	0	0	0	0	0	0	0	0	0	0	0.545188958898111	0.608093162316224	0.529363463326122	0	0.974733422417896	0.654236069389136	0.70423575969377	0.93030138051663	0.965327869380444	0.536469255118385	0	0	0	0	0	0.81744550756058	0.975096111900219	0.832311793560407	0	0	0	0	0	0	0	0	0	0	0	0	0	0	0	0	0	0	0	0	0	0	0	0	0	0	0	0	0	0	0	0	0	0	0	0	0	0	0	0	0	0	0	0	0	0	0	0	0	0	0	0	0	0
0	0	0	0	0	0	0	0	0	0	0	0	0	0	0	0	0	0	0.533590847987972	0.951751297526236	0	0.933916080611947	0	0.639996432897099	0.502296734852062	0.876988632586381	0.728789557281897	0.672859818545793	0.745916526542447	0	0	0	0	0	0.978505690483634	0.599699980618321	0	0	0	0	0	0	0	0	0	0	0	0	0	0	0	0	0	0	0	0	0	0	0	0	0	0	0	0	0	0	0	0	0	0	0	0	0	0	0	0	0	0	0	0	0	0	0	0	0	0	0	0	0	0
0	0	0	0	0	0	0	0	0	0	0	0	0	0	0	0	0	0	0.87237346286406	0.62081246583598	0.971169639474589	0.96362172117306	0.825291712873298	0	0.549462187350835	0.615018622364536	0.928071588590328	0.87906615500714	0.648024118468103	0.813127162526203	0	0	0	0	0	0.777705637905926	0	0	0	0	0	0	0	0	0	0	0	0	0	0	0	0	0	0	0	0	0	0	0	0	0	0	0	0	0	0	0	0	0	0	0	0	0	0	0	0	0	0	0	0	0	0	0	0	0	0	0	0	0	0
0	0	0	0	0	0	0	0	0	0	0	0	0	0	0	0	0	0	0.58506978081005	0.685821561365085	0.781422246651144	0.534518531332589	0.542705949868548	0.990700622318806	0	0.908160933160066	0.669492744680725	0.518296996839927	0.956046385269575	0.568845110206864	0.681789306283656	0	0	0	0	0	0	0	0	0	0	0	0	0	0	0	0	0	0	0	0	0	0	0	0	0	0	0	0	0	0	0	0	0	0	0	0	0	0	0	0	0	0	0	0	0	0	0	0	0	0	0	0	0	0	0	0	0	0	0
0	0	0	0	0	0	0	0	0	0	0	0	0	0	0	0	0	0	0	0.988237141032873	0.711171742761599	0.71141416273956	0.581580679190542	0.701137895951026	0.656097705658099	0	0.644223725944388	0.752907626640134	0.979817608914081	0.892785885514833	0.891119116478828	0.694373157288964	0	0	0	0	0	0	0	0	0	0	0	0	0	0	0	0	0	0	0	0	0	0	0	0	0	0	0	0	0	0	0	0	0	0	0	0	0	0	0	0	0	0	0	0	0	0	0	0	0	0	0	0	0	0	0	0	0	0
0	0	0	0	0	0	0	0	0	0	0	0	0	0	0	0	0	0	0	0	0.970321671308595	0.528857080660333	0.935781940704437	0.550181784518143	0.938319815275287	0.780231884970133	0	0.91770337109463	0.585764282219198	0.716206093679326	0.784232549833029	0.721887314968616	0.697952704270316	0	0	0	0	0	0	0	0	0	0	0	0	0	0	0	0	0	0	0	0	0	0	0	0	0	0	0	0	0	0	0	0	0	0	0	0	0	0	0	0	0	0	0	0	0	0	0	0	0	0	0	0	0	0	0	0	0
0	0	0	0	0	0	0	0	0	0	0	0	0	0	0	0	0	0	0	0	0.775054591412831	0.827491933731233	0.936992026780596	0.585721034617708	0.604936366133291	0.621302681644774	0.855327992338903	0	0.650576905625559	0.886060670820287	0.944025706129566	0.915301279637564	0.856248411531198	0.989296174794946	0	0	0	0	0	0	0	0	0	0	0	0	0	0	0	0	0	0	0	0	0	0	0	0	0	0	0	0	0	0	0	0	0	0	0	0	0	0	0	0	0	0	0	0	0	0	0	0	0	0	0	0	0	0	0	0
0	0	0	0	0	0	0	0	0	0	0	0	0	0	0	0	0	0	0	0	0	0	0.765586796271994	0.941990630273774	0.589587850957807	0.620956221413499	0.884963001467975	0.970770461677373	0	0.77412332224198	0.94913760583947	0.880535661685738	0.957411396325653	0.739126550111833	0.774251899277656	0	0	0	0	0	0	0	0	0	0	0	0	0	0	0	0	0	0	0	0	0	0	0	0	0	0	0	0	0	0	0	0	0	0	0	0	0	0	0	0	0	0	0	0	0	0	0	0	0	0	0	0	0	0	0
0	0	0	0	0	0	0	0	0	0	0	0	0	0	0	0	0	0	0	0	0	0	0	0.852540255133375	0.535653177373614	0.607959994323796	0.737977617094886	0.541395969897575	0.934634628758461	0	0.922267786634205	0.768009930336529	0.890198774886405	0.896257224488493	0.65263692914665	0.667166616322915	0	0	0	0	0	0	0	0	0	0	0	0	0	0	0	0	0	0	0	0	0	0	0	0	0	0	0	0	0	0	0	0	0	0	0	0	0	0	0	0	0	0	0	0	0	0	0	0	0	0	0	0	0	0
0	0	0	0	0	0	0	0	0	0	0	0	0	0	0	0	0	0	0.843665542164867	0	0	0	0	0	0.753444417424155	0.845225716698104	0.892635556143279	0.872488332621208	0.674939404767841	0.631462849509113	0	0.528573289174001	0.584005355464179	0.540858403637447	0.70613313484756	0.881972303810821	0	0	0	0	0	0	0	0	0	0	0	0	0	0	0	0	0	0	0	0	0	0	0	0	0	0	0	0	0	0	0	0	0	0	0	0	0	0	0	0	0	0	0	0	0	0	0	0	0	0	0	0	0	0
0	0	0	0	0	0	0	0	0	0	0	0	0	0	0	0	0	0	0.811644476825379	0.987545777140318	0	0	0	0	0	0.693581704046652	0.936608356088264	0.96121989205275	0.894637260892231	0.967718009740692	0.912378977670144	0	0.718199266914511	0.671479744416114	0.602847904173467	0.718219037223033	0	0	0	0	0	0	0	0	0	0	0	0	0	0	0	0	0	0	0	0	0	0	0	0	0	0	0	0	0	0	0	0	0	0	0	0	0	0	0	0	0	0	0	0	0	0	0	0	0	0	0	0	0	0
0	0	0	0	0	0	0	0	0	0	0	0	0	0	0	0	0	0	0.802277480078913	0.900854689431489	0.710615420435028	0	0	0	0	0	0.564569797675474	0.698740793310468	0.98254605100725	0.888382095062298	0.849888038164148	0.796370938752903	0	0.75660714954151	0.508230622196497	0.70876707736757	0	0	0	0	0	0	0	0	0	0	0	0	0	0	0	0	0	0	0	0	0	0	0	0	0	0	0	0	0	0	0	0	0	0	0	0	0	0	0	0	0	0	0	0	0	0	0	0	0	0	0	0	0	0
0	0	0	0	0	0	0	0	0	0	0	0	0	0	0	0	0	0	0.728673026992381	0.769723931643646	0.866433291733942	0.831331729380099	0	0	0	0	0	0.945610594504449	0.812305348036722	0.702535518140773	0.990688581161962	0.930134792790721	0.694856659342316	0	0.757926031614153	0.918679940242978	0	0	0	0	0	0	0	0	0	0	0	0	0	0	0	0	0	0	0	0	0	0	0	0	0	0	0	0	0	0	0	0	0	0	0	0	0	0	0	0	0	0	0	0	0	0	0	0	0	0	0	0	0	0
0	0	0	0	0	0	0	0	0	0	0	0	0	0	0	0	0	0	0.634496128436004	0.943796641746421	0.514261784185285	0.576212462572146	0.730455675226908	0	0	0	0	0	0.578702449018817	0.58569583458174	0.584125837916935	0.864666573053849	0.793998739246081	0.754788479554644	0	0.690691218461526	0	0	0	0	0	0	0	0	0	0	0	0	0	0	0	0	0	0	0	0	0	0	0	0	0	0	0	0	0	0	0	0	0	0	0	0	0	0	0	0	0	0	0	0	0	0	0	0	0	0	0	0	0	0
0	0	0	0	0	0	0	0	0	0	0	0	0	0	0	0	0	0	0.638602625993035	0.847767260402655	0.756572314194674	0.670643056709299	0.87102034977524	0.605218619555701	0	0	0	0	0	0.552718965517981	0.746893250286967	0.895074398692275	0.663090762004911	0.616981635861577	0.543339386330955	0	0	0	0	0	0	0	0	0	0	0	0	0	0	0	0	0	0	0	0	0	0	0	0	0	0	0	0	0	0	0	0	0	0	0	0	0	0	0	0	0	0	0	0	0	0	0	0	0	0	0	0	0	0	0
0	0	0	0	0	0	0	0	0	0	0	0	0	0	0	0	0	0	0	0	0	0	0	0	0	0	0	0	0	0	0	0	0	0	0	0	0	0.544918837978683	0	0.878404847514282	0	0.892016313403099	0.916515070146532	0	0	0	0	0	0	0.910161373215327	0.72841789671037	0	0	0.676752352483884	0	0	0	0	0	0	0	0	0	0	0	0	0	0	0	0	0	0	0	0	0	0	0	0	0	0	0	0	0	0	0	0	0	0	0	0
0	0	0	0	0	0	0	0	0	0	0	0	0	0	0	0	0	0	0	0	0	0	0	0	0	0	0	0	0	0	0	0	0	0	0	0	0.916264064998992	0	0.817841216118276	0	0.924514320483516	0	0	0	0	0	0	0.852526398674322	0	0	0.746067925356614	0	0.589037157306322	0	0	0	0	0	0	0	0	0	0	0	0	0	0	0	0	0	0	0	0	0	0	0	0	0	0	0	0	0	0	0	0	0	0	0	0	0
0	0	0	0	0	0	0	0	0	0	0	0	0	0	0	0	0	0	0	0	0	0	0	0	0	0	0	0	0	0	0	0	0	0	0	0	0	0.839505706075631	0	0	0.627122861127504	0	0.568686739467174	0	0	0.508451043760646	0	0	0	0	0	0.733722496558508	0	0	0	0	0	0	0	0	0	0	0	0	0	0	0	0	0	0	0	0	0	0	0	0	0	0	0	0	0	0	0	0	0	0	0	0	0	0
0	0	0	0	0	0	0	0	0	0	0	0	0	0	0	0	0	0	0	0	0	0	0	0	0	0	0	0	0	0	0	0	0	0	0	0	0.750245323538568	0	0	0	0	0	0.65546310959668	0.609483979320669	0.874810743952356	0	0	0	0.7193940175053	0	0.981219964574481	0	0.564162277118069	0	0	0	0	0	0	0	0	0	0	0	0	0	0	0	0	0	0	0	0	0	0	0	0	0	0	0	0	0	0	0	0	0	0	0	0	0
0	0	0	0	0	0	0	0	0	0	0	0	0	0	0	0	0	0	0	0	0	0	0	0	0	0	0	0	0	0	0	0	0	0	0	0	0	0.966153377571152	0.824195280319351	0	0	0.746255949298185	0	0.970710166637191	0.829985384091637	0	0.821488139452628	0	0	0	0	0.841730449456743	0	0.911920902047311	0	0	0	0	0	0	0	0	0	0	0	0	0	0	0	0	0	0	0	0	0	0	0	0	0	0	0	0	0	0	0	0	0	0	0	0
0	0	0	0	0	0	0	0	0	0	0	0	0	0	0	0	0	0	0	0	0	0	0	0	0	0	0	0	0	0	0	0	0	0	0	0	0.692964593191085	0	0	0	0.991251340344178	0	0.698871316841405	0.633476554688473	0	0.864556859382834	0.729133658357717	0.661117082965782	0.718356709307404	0	0	0	0.879936040387144	0.721218900291933	0	0	0	0	0	0	0	0	0	0	0	0	0	0	0	0	0	0	0	0	0	0	0	0	0	0	0	0	0	0	0	0	0	0	0	0
0	0	0	0	0	0	0	0	0	0	0	0	0	0	0	0	0	0	0	0	0	0	0	0	0	0	0	0	0	0	0	0	0	0	0	0	0.710375845084375	0	0.7718861961828	0.623858982670196	0	0.502743021115798	0	0	0	0.576783200038437	0.666284007405274	0.983752843465267	0	0	0.594614889424968	0.518771820435044	0	0	0	0	0	0	0	0	0	0	0	0	0	0	0	0	0	0	0	0	0	0	0	0	0	0	0	0	0	0	0	0	0	0	0	0	0	0
0	0	0	0	0	0	0	0	0	0	0	0	0	0	0	0	0	0	0	0	0	0	0	0	0	0	0	0	0	0	0	0	0	0	0	0	0	0	0	0.719799882042098	0.724280593795524	0.623174628075568	0	0	0.879852355124075	0	0.771251155440769	0	0	0	0.854705122187244	0	0.699415967693501	0.945546006165586	0	0	0	0	0	0	0	0	0	0	0	0	0	0	0	0	0	0	0	0	0	0	0	0	0	0	0	0	0	0	0	0	0	0	0	0
0	0	0	0	0	0	0	0	0	0	0	0	0	0	0	0	0	0	0	0	0	0	0	0	0	0	0	0	0	0	0	0	0	0	0	0	0	0	0	0.861186330385089	0.643584444588292	0	0	0.545760670625269	0	0	0.504993397517574	0.553228957451413	0	0.799750450637662	0.633864864323625	0	0	0.736008700856777	0	0	0	0	0	0	0	0	0	0	0	0	0	0	0	0	0	0	0	0	0	0	0	0	0	0	0	0	0	0	0	0	0	0	0	0
0	0	0	0	0	0	0	0	0	0	0	0	0	0	0	0	0	0	0	0	0	0	0	0	0	0	0	0	0	0	0	0	0	0	0	0	0	0	0.64267728752729	0	0	0.913060345972106	0.720326569318676	0	0	0	0	0.691434240224724	0.98909220254086	0.909244908477295	0	0.935024849379006	0.674089841916887	0	0	0	0	0	0	0	0	0	0	0	0	0	0	0	0	0	0	0	0	0	0	0	0	0	0	0	0	0	0	0	0	0	0	0	0	0
0	0	0	0	0	0	0	0	0	0	0	0	0	0	0	0	0	0	0	0	0	0	0	0	0	0	0	0	0	0	0	0	0	0	0	0	0	0	0	0	0.56617459044808	0.521348988440473	0.673477098967262	0.858915730235646	0.836303573932371	0	0	0.652023044830325	0.517796430423682	0	0.980622559464609	0.950354515066403	0.980932505241981	0	0	0	0	0	0	0	0	0	0	0	0	0	0	0	0	0	0	0	0	0	0	0	0	0	0	0	0	0	0	0	0	0	0	0	0	0
0	0	0	0	0	0	0	0	0	0	0	0	0	0	0	0	0	0	0	0	0	0	0	0	0	0	0	0	0	0	0	0	0	0	0	0	0	0.512112850595765	0	0	0	0.891822631027029	0.690149066479298	0	0.910478391096563	0.573650588218099	0.98662409326827	0	0.51673382014169	0	0.829129131028212	0.751921681763268	0	0	0	0	0	0	0	0	0	0	0	0	0	0	0	0	0	0	0	0	0	0	0	0	0	0	0	0	0	0	0	0	0	0	0	0	0	0
0	0	0	0	0	0	0	0	0	0	0	0	0	0	0	0	0	0	0	0	0	0	0	0	0	0	0	0	0	0	0	0	0	0	0	0	0	0	0	0.813087240219988	0	0.557628869538473	0	0	0	0.618298667489339	0.865665739309582	0.988564496926463	0	0	0.719011898167256	0	0.815182269537841	0	0	0	0	0	0	0	0	0	0	0	0	0	0	0	0	0	0	0	0	0	0	0	0	0	0	0	0	0	0	0	0	0	0	0	0	0
0	0	0	0	0	0	0	0	0	0	0	0	0	0	0	0	0	0	0	0	0	0	0	0	0	0	0	0	0	0	0	0	0	0	0	0	0.880293077833313	0	0	0	0	0	0	0	0.656939792295676	0.821123590978518	0	0	0	0	0	0.743419036552175	0.823056752111952	0	0	0	0	0	0	0	0	0	0	0	0	0	0	0	0	0	0	0	0	0	0	0	0	0	0	0	0	0	0	0	0	0	0	0	0	0
0	0	0	0	0	0	0	0	0	0	0	0	0	0	0	0	0	0	0	0	0	0	0	0	0	0	0	0	0	0	0	0	0	0	0	0	0.820786203725944	0.747803740982161	0	0.534839708764906	0	0	0.637089773938945	0.830504341412682	0.999009912063111	0	0.848788668159	0.580488694426828	0.690056209324689	0	0	0.954173615473939	0	0	0	0	0	0	0	0	0	0	0	0	0	0	0	0	0	0	0	0	0	0	0	0	0	0	0	0	0	0	0	0	0	0	0	0	0	0
0	0	0	0	0	0	0	0	0	0	0	0	0	0	0	0	0	0	0	0	0	0	0	0	0	0	0	0	0	0	0	0	0	0	0	0	0	0	0.684262683379443	0	0.598007790926832	0	0.870755822745983	0	0	0.567395290754315	0.858768926432512	0.504450817071139	0	0.877160242978017	0.838777119490343	0	0.697485362198518	0.768833551109394	0	0	0	0	0	0	0	0	0	0	0	0	0	0	0	0	0	0	0	0	0	0	0	0	0	0	0	0	0	0	0	0	0	0	0	0
0	0	0	0	0	0	0	0	0	0	0	0	0	0	0	0	0	0	0	0	0	0	0	0	0	0	0	0	0	0	0	0	0	0	0	0	0	0.964453584134736	0	0.527421649026252	0	0.753821545280928	0	0.50684441513269	0	0.815199745236806	0.747964764577078	0	0.649735259034377	0.591074733102734	0	0.984333631015185	0	0.6924622829545	0	0	0	0	0	0	0	0	0	0	0	0	0	0	0	0	0	0	0	0	0	0	0	0	0	0	0	0	0	0	0	0	0	0	0	0
0	0	0	0	0	0	0	0	0	0	0	0	0	0	0	0	0	0	0	0	0	0	0	0	0	0	0	0	0	0	0	0	0	0	0	0	0.659590541955121	0	0	0	0.766199347930679	0.716777569154707	0	0.770190471788783	0.66553542299756	0	0	0	0	0	0	0.912366695881915	0.717545334732089	0	0	0	0	0	0	0	0	0	0	0	0	0	0	0	0	0	0	0	0	0	0	0	0	0	0	0	0	0	0	0	0	0	0	0	0	0
0	0	0	0	0	0	0	0	0	0	0	0	0	0	0	0	0	0	0	0	0	0	0	0	0	0	0	0	0	0	0	0	0	0	0	0	0	0	0	0	0	0	0	0	0	0	0	0	0	0	0	0	0	0	0	0.534743368773495	0.503789188873935	0.990334191572912	0.605120423673497	0.779708487996459	0.510926715786851	0.635705474570112	0.738271378986477	0.72320723843935	0.931082576194452	0.792751473617506	0.989055591514265	0	0	0.625285046034626	0.530092559835659	0.999888649736292	0	0	0	0	0	0	0	0	0	0	0	0	0	0	0	0	0	0
0	0	0	0	0	0	0	0	0	0	0	0	0	0	0	0	0	0	0	0	0	0	0	0	0	0	0	0	0	0	0	0	0	0	0	0	0	0	0	0	0	0	0	0	0	0	0	0	0	0	0	0	0	0	0.873126445413939	0	0.530056425197953	0.568231333078718	0.859133881410472	0.577800305756188	0.871391024682156	0.926604675345355	0.690260348853312	0.575798256645855	0.638175228443471	0.629494986268588	0.929341964274736	0.53052752177446	0.829239323557547	0	0.618500323607836	0.63497605959832	0	0	0	0	0	0	0	0	0	0	0	0	0	0	0	0	0	0
0	0	0	0	0	0	0	0	0	0	0	0	0	0	0	0	0	0	0	0	0	0	0	0	0	0	0	0	0	0	0	0	0	0	0	0	0	0	0	0	0	0	0	0	0	0	0	0	0	0	0	0	0	0	0.596519337472589	0.57920106980691	0	0.583836013049729	0.631872937116742	0	0.741217187692269	0.733673494338818	0.759121593998971	0.611220673384736	0.911550440451976	0.626504566560782	0.984856038805364	0	0	0	0	0	0	0	0	0	0	0	0	0	0	0	0	0	0	0	0	0	0	0
0	0	0	0	0	0	0	0	0	0	0	0	0	0	0	0	0	0	0	0	0	0	0	0	0	0	0	0	0	0	0	0	0	0	0	0	0	0	0	0	0	0	0	0	0	0	0	0	0	0	0	0	0	0	0.918055222991971	0.86067459885082	0.910231580713746	0	0.635782502407702	0.956200147543519	0.603768335687489	0	0.536981464194484	0.52688554867593	0.986766259140012	0.749923890972109	0.928411804786148	0.807532741247329	0.983044235327426	0.877753620179098	0.547026868857316	0.899650690810269	0	0	0	0	0	0	0	0	0	0	0	0	0	0	0	0	0	0
0	0	0	0	0	0	0	0	0	0	0	0	0	0	0	0	0	0	0	0	0	0	0	0	0	0	0	0	0	0	0	0	0	0	0	0	0	0	0	0	0	0	0	0	0	0	0	0	0	0	0	0	0	0	0.892493715633341	0.840435962259581	0.61796445700516	0.676968299674582	0	0.978882151332926	0	0.656710003486365	0.997719469440637	0	0.8318454150487	0	0.503625052040557	0	0	0.969352714751566	0.611458562799112	0.643046872654186	0	0	0	0	0	0	0	0	0	0	0	0	0	0	0	0	0	0
0	0	0	0	0	0	0	0	0	0	0	0	0	0	0	0	0	0	0	0	0	0	0	0	0	0	0	0	0	0	0	0	0	0	0	0	0	0	0	0	0	0	0	0	0	0	0	0	0	0	0	0	0	0	0.998892310714737	0.885649223045632	0	0.728040663295251	0.844069694571987	0	0.503537410329753	0.727212554746517	0.815137171512951	0.802054101526968	0.865702542822999	0.680813345025227	0.872626432591242	0.899584317982639	0.965245376539025	0.528967068159953	0.63215753726545	0.817202839858048	0	0	0	0	0	0	0	0	0	0	0	0	0	0	0	0	0	0
0	0	0	0	0	0	0	0	0	0	0	0	0	0	0	0	0	0	0	0	0	0	0	0	0	0	0	0	0	0	0	0	0	0	0	0	0	0	0	0	0	0	0	0	0	0	0	0	0	0	0	0	0	0	0.894096890411349	0.865741487178375	0.834124949206062	0.753157640328312	0	0.534379317555023	0	0.883280146941091	0	0.927269550281994	0.720798429739275	0.549495842573045	0.855196497394834	0	0.854565642845183	0.948510793395594	0	0.701264019345841	0	0	0	0	0	0	0	0	0	0	0	0	0	0	0	0	0	0
0	0	0	0	0	0	0	0	0	0	0	0	0	0	0	0	0	0	0	0	0	0	0	0	0	0	0	0	0	0	0	0	0	0	0	0	0	0	0	0	0	0	0	0	0	0	0	0	0	0	0	0	0	0	0.812249413538932	0.789361118096262	0.981406090451264	0	0.709409523602261	0.798811243336641	0.751856183568087	0	0	0.594047503754467	0.728435720915357	0	0.794070209281604	0	0.575905108651961	0.72639176542907	0.643770942919053	0.947269314290416	0	0	0	0	0	0	0	0	0	0	0	0	0	0	0	0	0	0
0	0	0	0	0	0	0	0	0	0	0	0	0	0	0	0	0	0	0	0	0	0	0	0	0	0	0	0	0	0	0	0	0	0	0	0	0	0	0	0	0	0	0	0	0	0	0	0	0	0	0	0	0	0	0.950460230867442	0.844139845685039	0.538376729455958	0.816446139425357	0.953567717530209	0.91918801976446	0	0	0	0.847134183791584	0.997313598621164	0	0.682440030160053	0.760795452946066	0.8706793248195	0.848997202193563	0.953829213634858	0.801157176527106	0	0	0	0	0	0	0	0	0	0	0	0	0	0	0	0	0	0
0	0	0	0	0	0	0	0	0	0	0	0	0	0	0	0	0	0	0	0	0	0	0	0	0	0	0	0	0	0	0	0	0	0	0	0	0	0	0	0	0	0	0	0	0	0	0	0	0	0	0	0	0	0	0.682686958311399	0.759270003524627	0.599051776704029	0.782720225950937	0	0.829496521170249	0.569255792678155	0.673994720924163	0.90605197684698	0	0.88467885888382	0.916305380826935	0.617744232595302	0.794643100616409	0.687450045264815	0.752136241728566	0.509765911623531	0.734440324887827	0	0	0	0	0	0	0	0	0	0	0	0	0	0	0	0	0	0
0	0	0	0	0	0	0	0	0	0	0	0	0	0	0	0	0	0	0	0	0	0	0	0	0	0	0	0	0	0	0	0	0	0	0	0	0	0	0	0	0	0	0	0	0	0	0	0	0	0	0	0	0	0	0.556586910403975	0.921345670320783	0.817190688985599	0.878930963623118	0.613731825558567	0.942992938968954	0.526417234591402	0.589511536840353	0.536459113962572	0.80928076458744	0	0.776685635721188	0.706775623306296	0.923141799236339	0.573950604623349	0.745963489393193	0	0.979776638229639	0	0	0	0	0	0	0	0	0	0	0	0	0	0	0	0	0	0
0	0	0	0	0	0	0	0	0	0	0	0	0	0	0	0	0	0	0	0	0	0	0	0	0	0	0	0	0	0	0	0	0	0	0	0	0	0	0	0	0	0	0	0	0	0	0	0	0	0	0	0	0	0	0.809763479404691	0.963639973093833	0.573255682743518	0.525132347605289	0	0.549611335295087	0.852092289375317	0	0	0.514838080526912	0.70785183168296	0	0.709725877203231	0.513848929397128	0	0.609345099726849	0	0.680192512376681	0	0	0	0	0	0	0	0	0	0	0	0	0	0	0	0	0	0
0	0	0	0	0	0	0	0	0	0	0	0	0	0	0	0	0	0	0	0	0	0	0	0	0	0	0	0	0	0	0	0	0	0	0	0	0	0	0	0	0	0	0	0	0	0	0	0	0	0	0	0	0	0	0.660636663486399	0.790812719518453	0.720564917643018	0.760442730558467	0.595484397739022	0.848906901829862	0.661379405651159	0.553737683508635	0.681901530673458	0.894362139755267	0.899295864687192	0.665253720460585	0	0.733841554831286	0.870850095077617	0	0	0.888593434500541	0	0	0	0	0	0	0	0	0	0	0	0	0	0	0	0	0	0
0	0	0	0	0	0	0	0	0	0	0	0	0	0	0	0	0	0	0	0	0	0	0	0	0	0	0	0	0	0	0	0	0	0	0	0	0	0	0	0	0	0	0	0	0	0	0	0	0	0	0	0	0	0	0	0.648966945066006	0	0.646581931025298	0	0.54841373532823	0	0	0.875684383719321	0.520113920344495	0.659820621065059	0.548456316454417	0.53529586086913	0	0.761384130284882	0.938186697150649	0.679018458837519	0.807824454485885	0	0	0	0	0	0	0	0	0	0	0	0	0	0	0	0	0	0
0	0	0	0	0	0	0	0	0	0	0	0	0	0	0	0	0	0	0	0	0	0	0	0	0	0	0	0	0	0	0	0	0	0	0	0	0	0	0	0	0	0	0	0	0	0	0	0	0	0	0	0	0	0	0	0.647941218182867	0	0.747959096370088	0	0.705149801794917	0.914899244942686	0.600518986794826	0.864882312398201	0.703137816700507	0.797308667775708	0	0.627066873666027	0.679418862116126	0	0.931858587225024	0.656102054710862	0.858692578048003	0	0	0	0	0	0	0	0	0	0	0	0	0	0	0	0	0	0
0	0	0	0	0	0	0	0	0	0	0	0	0	0	0	0	0	0	0	0	0	0	0	0	0	0	0	0	0	0	0	0	0	0	0	0	0	0	0	0	0	0	0	0	0	0	0	0	0	0	0	0	0	0	0.943814553047034	0	0	0.643296805648857	0.702321698958446	0.87356354484818	0.725712574700118	0.587488563052759	0.832005539517115	0.828117834863772	0.675051034429618	0.946524988911219	0	0.596631255312761	0.95387165538034	0	0.547023472414667	0.662526914948786	0	0	0	0	0	0	0	0	0	0	0	0	0	0	0	0	0	0
0	0	0	0	0	0	0	0	0	0	0	0	0	0	0	0	0	0	0	0	0	0	0	0	0	0	0	0	0	0	0	0	0	0	0	0	0	0	0	0	0	0	0	0	0	0	0	0	0	0	0	0	0	0	0.978890556351344	0.852168785398478	0	0.848957997313575	0.547943314364382	0.706082494541461	0	0.625669094458265	0.520484699112423	0.875009543631924	0	0	0	0.722739478137516	0.880615887359042	0.928821696530843	0	0.585959141216959	0	0	0	0	0	0	0	0	0	0	0	0	0	0	0	0	0	0
0	0	0	0	0	0	0	0	0	0	0	0	0	0	0	0	0	0	0	0	0	0	0	0	0	0	0	0	0	0	0	0	0	0	0	0	0	0	0	0	0	0	0	0	0	0	0	0	0	0	0	0	0	0	0.74804074526664	0.917061329994044	0	0.916996529728522	0.807886123828512	0.563087031715654	0.912605854879203	0.72791135357032	0.777893729310582	0.911920120810571	0.804841654283524	0.548661646495172	0.73289853390771	0.85946069606901	0.833232785436394	0.907823054743658	0.587701992384442	0	0	0	0	0	0	0	0	0	0	0	0	0	0	0	0	0	0	0
0	0	0	0	0	0	0	0	0	0	0	0	0	0	0	0	0	0	0	0	0	0	0	0	0	0	0	0	0	0	0	0	0	0	0	0	0	0	0	0	0	0	0	0	0	0	0	0	0	0	0	0	0	0	0	0	0	0	0	0	0	0	0	0	0	0	0	0	0	0	0	0	0	0.658899975761286	0.831722816008767	0.606395072207169	0	0	0	0	0	0	0	0	0	0	0	0.973807365359456	0.999243832706225	0.620518595576629
0	0	0	0	0	0	0	0	0	0	0	0	0	0	0	0	0	0	0	0	0	0	0	0	0	0	0	0	0	0	0	0	0	0	0	0	0	0	0	0	0	0	0	0	0	0	0	0	0	0	0	0	0	0	0	0	0	0	0	0	0	0	0	0	0	0	0	0	0	0	0	0	0.649864440649809	0	0.908924184724013	0.835443575637726	0.921117278532812	0	0	0	0	0	0	0	0	0	0	0	0.799548391368486	0.925431019091771
0	0	0	0	0	0	0	0	0	0	0	0	0	0	0	0	0	0	0	0	0	0	0	0	0	0	0	0	0	0	0	0	0	0	0	0	0	0	0	0	0	0	0	0	0	0	0	0	0	0	0	0	0	0	0	0	0	0	0	0	0	0	0	0	0	0	0	0	0	0	0	0	0.762996766087295	0.634667601208371	0	0	0.663540001242489	0.562989650637645	0	0	0	0	0	0.564149139185673	0	0	0	0	0	0
0	0	0	0	0	0	0	0	0	0	0	0	0	0	0	0	0	0	0	0	0	0	0	0	0	0	0	0	0	0	0	0	0	0	0	0	0	0	0	0	0	0	0	0	0	0	0	0	0	0	0	0	0	0	0	0	0	0	0	0	0	0	0	0	0	0	0	0	0	0	0	0	0.561718432778031	0.8318124541968	0	0	0.518455587299436	0.823896334115571	0.886864660355488	0	0	0	0	0	0	0	0	0	0	0
0	0	0	0	0	0	0	0	0	0	0	0	0	0	0	0	0	0	0	0	0	0	0	0	0	0	0	0	0	0	0	0	0	0	0	0	0	0	0	0	0	0	0	0	0	0	0	0	0	0	0	0	0	0	0	0	0	0	0	0	0	0	0	0	0	0	0	0	0	0	0	0	0	0.751763408259836	0.763651743030015	0.867630455688424	0	0.612744306846494	0.929384207319838	0.632445129373735	0	0	0	0	0	0	0	0	0	0
0	0	0	0	0	0	0	0	0	0	0	0	0	0	0	0	0	0	0	0	0	0	0	0	0	0	0	0	0	0	0	0	0	0	0	0	0	0	0	0	0	0	0	0	0	0	0	0	0	0	0	0	0	0	0	0	0	0	0	0	0	0	0	0	0	0	0	0	0	0	0	0	0	0	0.790635131145848	0.903425507929402	0.503291504491988	0	0.529284838987544	0.665854516384925	0.672538321070109	0	0	0	0	0	0	0	0	0
0	0	0	0	0	0	0	0	0	0	0	0	0	0	0	0	0	0	0	0	0	0	0	0	0	0	0	0	0	0	0	0	0	0	0	0	0	0	0	0	0	0	0	0	0	0	0	0	0	0	0	0	0	0	0	0	0	0	0	0	0	0	0	0	0	0	0	0	0	0	0	0	0	0	0	0.665277671581194	0.741644793494085	0.996537861227553	0	0.765754733613876	0.857470382824583	0.682303155604837	0	0	0	0	0	0	0	0
0	0	0	0	0	0	0	0	0	0	0	0	0	0	0	0	0	0	0	0	0	0	0	0	0	0	0	0	0	0	0	0	0	0	0	0	0	0	0	0	0	0	0	0	0	0	0	0	0	0	0	0	0	0	0	0	0	0	0	0	0	0	0	0	0	0	0	0	0	0	0	0	0	0	0	0	0.635790275898546	0.897101952936369	0.783373522589759	0	0.73674581444862	0.512995432627412	0.818190265192044	0	0.527739884845364	0	0	0	0	0
0	0	0	0	0	0	0	0	0	0	0	0	0	0	0	0	0	0	0	0	0	0	0	0	0	0	0	0	0	0	0	0	0	0	0	0	0	0	0	0	0	0	0	0	0	0	0	0	0	0	0	0	0	0	0	0	0	0	0	0	0	0	0	0	0	0	0	0	0	0	0	0	0	0	0	0	0	0.652885032886015	0.544106842115729	0.844253199138729	0	0.780979541075395	0.859644910484304	0.520276533906159	0	0	0	0	0	0
0	0	0	0	0	0	0	0	0	0	0	0	0	0	0	0	0	0	0	0	0	0	0	0	0	0	0	0	0	0	0	0	0	0	0	0	0	0	0	0	0	0	0	0	0	0	0	0	0	0	0	0	0	0	0	0	0	0	0	0	0	0	0	0	0	0	0	0	0	0	0	0	0	0	0	0	0	0	0.802363336146344	0.676532200882524	0.737012285922387	0	0.974649064174054	0.785175616838396	0.628519143542776	0	0.809221508588893	0	0	0
0	0	0	0	0	0	0	0	0	0	0	0	0	0	0	0	0	0	0	0	0	0	0	0	0	0	0	0	0	0	0	0	0	0	0	0	0	0	0	0	0	0	0	0	0	0	0	0	0	0	0	0	0	0	0	0	0	0	0	0	0	0	0	0	0	0	0	0	0	0	0	0	0	0	0	0	0	0	0	0.598198608126102	0.514570685184654	0.83749396164777	0	0.797362860454601	0.817783135428729	0.755947670365659	0	0	0	0
0	0	0	0	0	0	0	0	0	0	0	0	0	0	0	0	0	0	0	0	0	0	0	0	0	0	0	0	0	0	0	0	0	0	0	0	0	0	0	0	0	0	0	0	0	0	0	0	0	0	0	0	0	0	0	0	0	0	0	0	0	0	0	0	0	0	0	0	0	0	0	0	0	0	0.87034315365081	0	0	0	0	0	0.729809020174577	0.563455841851718	0.839570212891346	0	0.985546558440706	0.783923323410811	0.711396610683555	0	0	0
0	0	0	0	0	0	0	0	0	0	0	0	0	0	0	0	0	0	0	0	0	0	0	0	0	0	0	0	0	0	0	0	0	0	0	0	0	0	0	0	0	0	0	0	0	0	0	0	0	0	0	0	0	0	0	0	0	0	0	0	0	0	0	0	0	0	0	0	0	0	0	0	0	0	0	0	0	0	0	0.64423398071809	0	0.920997205687114	0.923605843143411	0.953593078525697	0	0.620080964658617	0	0.536615220814215	0	0.969315401754291
0	0	0	0	0	0	0	0	0	0	0	0	0	0	0	0	0	0	0	0	0	0	0	0	0	0	0	0	0	0	0	0	0	0	0	0	0	0	0	0	0	0	0	0	0	0	0	0	0	0	0	0	0	0	0	0	0	0	0	0	0	0	0	0	0	0	0	0	0	0	0	0	0	0	0	0	0	0	0	0	0	0	0.578977114241099	0.668221740980221	0.931601109638142	0	0.503514447925	0.752627770866674	0.905830826117445	0
0	0	0	0	0	0	0	0	0	0	0	0	0	0	0	0	0	0	0	0	0	0	0	0	0	0	0	0	0	0	0	0	0	0	0	0	0	0	0	0	0	0	0	0	0	0	0	0	0	0	0	0	0	0	0	0	0	0	0	0	0	0	0	0	0	0	0	0	0	0	0	0	0	0	0	0	0	0	0	0	0	0.663630353275136	0	0.770531352771149	0	0.755855801998344	0	0.633401643735599	0.522558361515365	0
0	0	0	0	0	0	0	0	0	0	0	0	0	0	0	0	0	0	0	0	0	0	0	0	0	0	0	0	0	0	0	0	0	0	0	0	0	0	0	0	0	0	0	0	0	0	0	0	0	0	0	0	0	0	0	0	0	0	0	0	0	0	0	0	0	0	0	0	0	0	0	0	0.610920730818588	0	0	0	0	0	0	0	0	0	0	0	0.507699882905445	0.57760833162748	0.920307798973138	0	0.803871986723052	0.929900045636639
0	0	0	0	0	0	0	0	0	0	0	0	0	0	0	0	0	0	0	0	0	0	0	0	0	0	0	0	0	0	0	0	0	0	0	0	0	0	0	0	0	0	0	0	0	0	0	0	0	0	0	0	0	0	0	0	0	0	0	0	0	0	0	0	0	0	0	0	0	0	0	0	0.600723563311729	0.886157319289327	0	0	0	0	0	0	0	0	0	0	0	0.935793956176599	0.678216297741199	0.861287125757709	0	0.802843286160804
0	0	0	0	0	0	0	0	0	0	0	0	0	0	0	0	0	0	0	0	0	0	0	0	0	0	0	0	0	0	0	0	0	0	0	0	0	0	0	0	0	0	0	0	0	0	0	0	0	0	0	0	0	0	0	0	0	0	0	0	0	0	0	0	0	0	0	0	0	0	0	0	0.783846728400182	0.641934442576005	0	0	0	0	0	0	0	0	0	0	0.858087453724095	0	0	0.836364294534147	0.589484428338087	0
