0	0	0	0	0.817846421023609	0	0.536467620048944	0.854443387167297	0.989844656353792	0.739027868870364	0.587685110649378	0	0.923914069930408	0	0.923855839869376	0	0.950242925286273	0.546578371359159	0	0	0	0	0	0	0	0	0	0	0	0	0	0	0	0	0	0	0	0	0	0	0	0	0	0	0	0	0	0	0	0	0	0	0	0	0	0	0	0	0	0	0	0	0	0	0	0	0	0	0	0	0	0	0	0	0	0	0	0	0	0	0	0	0	0	0	0	0	0	0	0
0	0	0.773534548401136	0	0	0.803988790697633	0	0.553171242751562	0.892917772190473	0.820059322814531	0	0.674432172557305	0.752550369653236	0.613139480964577	0.834786217884596	0.530269350605869	0	0.74849463402996	0	0	0	0	0	0	0	0	0	0	0	0	0	0	0	0	0	0	0	0	0	0	0	0	0	0	0	0	0	0	0	0	0	0	0	0	0	0	0	0	0	0	0	0	0	0	0	0	0	0	0	0	0	0	0	0	0	0	0	0	0	0	0	0	0	0	0	0	0	0	0	0
0	0.93994765516765	0	0	0	0.678022724350125	0.78809478731737	0.76630482837002	0.869644594664951	0	0.542223769466798	0	0.782840526291751	0	0.686365650819128	0	0	0.711719359172623	0	0	0	0	0	0	0	0	0	0	0	0	0	0	0	0	0	0	0	0	0	0	0	0	0	0	0	0	0	0	0	0	0	0	0	0	0	0	0	0	0	0	0	0	0	0	0	0	0	0	0	0	0	0	0	0	0	0	0	0	0	0	0	0	0	0	0	0	0	0	0	0
0	0	0	0	0.877492946767929	0	0.58099133145525	0	0	0.870617787602599	0.954387872736896	0.756984585975218	0	0	0.994604401081473	0	0.771238233823493	0	0	0	0	0	0	0	0	0	0	0	0	0	0	0	0	0	0	0	0	0	0	0	0	0	0	0	0	0	0	0	0	0	0	0	0	0	0	0	0	0	0	0	0	0	0	0	0	0	0	0	0	0	0	0	0	0	0	0	0	0	0	0	0	0	0	0	0	0	0	0	0	0
0.824903608520721	0	0	0.724230403579887	0	0.768619255705843	0	0.982668073660702	0	0	0	0	0	0.78101146875039	0.905668844961469	0.762839153112303	0	0.981750407839882	0	0	0	0	0	0	0	0	0	0	0	0	0	0	0	0	0	0	0	0	0	0	0	0	0	0	0	0	0	0	0	0	0	0	0	0	0	0	0	0	0	0	0	0	0	0	0	0	0	0	0	0	0	0	0	0	0	0	0	0	0	0	0	0	0	0	0	0	0	0	0	0
0	0.783333990353533	0.537400324438586	0	0.909030017553334	0	0.920491335354023	0.860987862501408	0	0.742245092527386	0	0	0	0	0.838214302907835	0.586805413771634	0.909567573967357	0	0	0	0	0	0	0	0	0	0	0	0	0	0	0	0	0	0	0	0	0	0	0	0	0	0	0	0	0	0	0	0	0	0	0	0	0	0	0	0	0	0	0	0	0	0	0	0	0	0	0	0	0	0	0	0	0	0	0	0	0	0	0	0	0	0	0	0	0	0	0	0	0
0.897664401940115	0	0.518905735567687	0.568525188244885	0	0.64181253730774	0	0.726305317680583	0	0.51194005819518	0.866421968244992	0.975049983820941	0	0.655783575053239	0.597235239266309	0.778009887111039	0	0	0	0	0	0	0	0	0	0	0	0	0	0	0	0	0	0	0	0	0	0	0	0	0	0	0	0	0	0	0	0	0	0	0	0	0	0	0	0	0	0	0	0	0	0	0	0	0	0	0	0	0	0	0	0	0	0	0	0	0	0	0	0	0	0	0	0	0	0	0	0	0	0
0.90404210067317	0.516678615761445	0.78451118682931	0	0.768956033159084	0.932607446584659	0.733721237547007	0	0.801352678959087	0	0.923117259016001	0	0.933462467607363	0.709604127019354	0.835681389976946	0	0.900554211560512	0.564620284424237	0	0	0	0	0	0	0	0	0	0	0	0	0	0	0	0	0	0	0	0	0	0	0	0	0	0	0	0	0	0	0	0	0	0	0	0	0	0	0	0	0	0	0	0	0	0	0	0	0	0	0	0	0	0	0	0	0	0	0	0	0	0	0	0	0	0	0	0	0	0	0	0
0.565484262692451	0.699502069990451	0.663366278993399	0	0	0	0	0.601288700078496	0	0	0.927374674712454	0.867168632121262	0	0	0	0.932517158887563	0.875256693105511	0	0	0	0	0	0	0	0	0	0	0	0	0	0	0	0	0	0	0	0	0	0	0	0	0	0	0	0	0	0	0	0	0	0	0	0	0	0	0	0	0	0	0	0	0	0	0	0	0	0	0	0	0	0	0	0	0	0	0	0	0	0	0	0	0	0	0	0	0	0	0	0	0
0.530871668514953	0.648009731393022	0	0.936021413471679	0	0.538074975734665	0.947783925725695	0	0	0	0	0.690393432814828	0	0.677024476623019	0.955538489236872	0.928127285967048	0	0.635691829449286	0	0	0	0	0	0	0	0	0	0	0	0	0	0	0	0	0	0	0	0	0	0	0	0	0	0	0	0	0	0	0	0	0	0	0	0	0	0	0	0	0	0	0	0	0	0	0	0	0	0	0	0	0	0	0	0	0	0	0	0	0	0	0	0	0	0	0	0	0	0	0	0
0.651659121365197	0	0.511254731141868	0.522878732356806	0	0	0.508554317504791	0.875000897674854	0.923649694079739	0	0	0	0.851122386158936	0	0.58108917166471	0.963412035792301	0	0	0	0	0	0	0	0	0	0	0	0	0	0	0	0	0	0	0	0	0	0	0	0	0	0	0	0	0	0	0	0	0	0	0	0	0	0	0	0	0	0	0	0	0	0	0	0	0	0	0	0	0	0	0	0	0	0	0	0	0	0	0	0	0	0	0	0	0	0	0	0	0	0
0	0.593236527451201	0	0.893714623961371	0	0	0.672166199857074	0	0.568044480186197	0.653189690525771	0	0	0.817005511383997	0	0	0	0.547821200633906	0.937246073571774	0	0	0	0	0	0	0	0	0	0	0	0	0	0	0	0	0	0	0	0	0	0	0	0	0	0	0	0	0	0	0	0	0	0	0	0	0	0	0	0	0	0	0	0	0	0	0	0	0	0	0	0	0	0	0	0	0	0	0	0	0	0	0	0	0	0	0	0	0	0	0	0
0.620646571514748	0.674365171273926	0.627730441229269	0	0	0	0	0.676895932441988	0	0	0.710527066375467	0.876163159872839	0	0.844476909567868	0.899861241544598	0.975304214242095	0.597739931487326	0.687954261605619	0	0	0	0	0	0	0	0	0	0	0	0	0	0	0	0	0	0	0	0	0	0	0	0	0	0	0	0	0	0	0	0	0	0	0	0	0	0	0	0	0	0	0	0	0	0	0	0	0	0	0	0	0	0	0	0	0	0	0	0	0	0	0	0	0	0	0	0	0	0	0	0
0	0.783623074099012	0	0	0.62509760555554	0	0.8737850485856	0.635683982969888	0	0.997539441090377	0	0	0.719573001497575	0	0.86877927845372	0	0.84822535495633	0.726663108953001	0	0	0	0	0	0	0	0	0	0	0	0	0	0	0	0	0	0	0	0	0	0	0	0	0	0	0	0	0	0	0	0	0	0	0	0	0	0	0	0	0	0	0	0	0	0	0	0	0	0	0	0	0	0	0	0	0	0	0	0	0	0	0	0	0	0	0	0	0	0	0	0
0.61862123756017	0.738646357938753	0.989766431518361	0.977531967883037	0.656219808309794	0.849099226591773	0.756852536819652	0.567135362548087	0	0.617443316756138	0.907102255561262	0	0.593488720398305	0.839217152666733	0	0.81555108541529	0.608246312718461	0	0	0	0	0	0	0	0	0	0	0	0	0	0	0	0	0	0	0	0	0	0	0	0	0	0	0	0	0	0	0	0	0	0	0	0	0	0	0	0	0	0	0	0	0	0	0	0	0	0	0	0	0	0	0	0	0	0	0	0	0	0	0	0	0	0	0	0	0	0	0	0	0
0	0.791088960137516	0	0	0.516702981254761	0.547310363234437	0.961766649907853	0	0.845086445925624	0.530870190852477	0.838128628499234	0	0.93230025113419	0	0.849792394338577	0	0.7861445425958	0.542225793834913	0	0	0	0	0	0	0	0	0	0	0	0	0	0	0	0	0	0	0	0	0	0	0	0	0	0	0	0	0	0	0	0	0	0	0	0	0	0	0	0	0	0	0	0	0	0	0	0	0	0	0	0	0	0	0	0	0	0	0	0	0	0	0	0	0	0	0	0	0	0	0	0
0.544193696750394	0	0	0.694335447461452	0	0.995713009132576	0	0.64364341001743	0.59094936259641	0	0	0.843154453111691	0.511520618479003	0.698766604111833	0.961451626577515	0.965155635980331	0	0.731495169002612	0	0	0	0	0	0	0	0	0	0	0	0	0	0	0	0	0	0	0	0	0	0	0	0	0	0	0	0	0	0	0	0	0	0	0	0	0	0	0	0	0	0	0	0	0	0	0	0	0	0	0	0	0	0	0	0	0	0	0	0	0	0	0	0	0	0	0	0	0	0	0	0
0.572602196491764	0.837439461184164	0.525120033173014	0	0.819229996265879	0	0	0.796342402156717	0	0.759610603656947	0	0.987940546405892	0.503487270975444	0.870875801974262	0	0.659616514649436	0.946109446794836	0	0	0	0	0	0	0	0	0	0	0	0	0	0	0	0	0	0	0	0	0	0	0	0	0	0	0	0	0	0	0	0	0	0	0	0	0	0	0	0	0	0	0	0	0	0	0	0	0	0	0	0	0	0	0	0	0	0	0	0	0	0	0	0	0	0	0	0	0	0	0	0	0
0	0	0	0	0	0	0	0	0	0	0	0	0	0	0	0	0	0	0	0.984470664852159	0.541601444532093	0	0	0.993304714982472	0	0	0	0	0	0	0	0.658231183728751	0	0	0.862600693180145	0.514402040087454	0	0	0	0	0	0	0	0	0	0	0	0	0	0	0	0	0	0	0	0	0	0	0	0	0	0	0	0	0	0	0	0	0	0	0	0	0	0	0	0	0	0	0	0	0	0	0	0	0	0	0	0	0	0
0	0	0	0	0	0	0	0	0	0	0	0	0	0	0	0	0	0	0.926185488439075	0	0.671123501951796	0.553111656735231	0	0	0	0	0	0	0	0	0	0	0	0	0	0	0	0	0	0	0	0	0	0	0	0	0	0	0	0	0	0	0	0	0	0	0	0	0	0	0	0	0	0	0	0	0	0	0	0	0	0	0	0	0	0	0	0	0	0	0	0	0	0	0	0	0	0	0	0
0	0	0	0	0	0	0	0	0	0	0	0	0	0	0	0	0	0	0.741226225580929	0.941995593214015	0	0.624264510824162	0.974692267734568	0	0.659196762248598	0	0	0	0	0	0	0	0.623937371312448	0	0.666838872586976	0.749414377846437	0	0	0	0	0	0	0	0	0	0	0	0	0	0	0	0	0	0	0	0	0	0	0	0	0	0	0	0	0	0	0	0	0	0	0	0	0	0	0	0	0	0	0	0	0	0	0	0	0	0	0	0	0	0
0	0	0	0	0	0	0	0	0	0	0	0	0	0	0	0	0	0	0	0.966988040892689	0.871078256029202	0	0.512948084323811	0.93735774344699	0	0	0	0.992759215057095	0	0.600201198159764	0	0	0	0.839426012140621	0	0	0	0	0	0	0	0	0	0	0	0	0	0	0	0	0	0	0	0	0	0	0	0	0	0	0	0	0	0	0	0	0	0	0	0	0	0	0	0	0	0	0	0	0	0	0	0	0	0	0	0	0	0	0	0
0	0	0	0	0	0	0	0	0	0	0	0	0	0	0	0	0	0	0	0	0.957890086872682	0.567849514079489	0	0	0.505760777918376	0	0	0	0	0.502288229028693	0	0	0.518309979112036	0	0	0.72268843287703	0	0	0	0	0	0	0	0	0	0	0	0	0	0	0	0	0	0	0	0	0	0	0	0	0	0	0	0	0	0	0	0	0	0	0	0	0	0	0	0	0	0	0	0	0	0	0	0	0	0	0	0	0	0
0	0	0	0	0	0	0	0	0	0	0	0	0	0	0	0	0	0	0.933363310867777	0	0	0.617344341842548	0	0	0.978107920048677	0.638452088117112	0.549539729022634	0	0	0	0	0.855950669820707	0	0.559522253990334	0	0	0	0	0	0	0	0	0	0	0	0	0	0	0	0	0	0	0	0	0	0	0	0	0	0	0	0	0	0	0	0	0	0	0	0	0	0	0	0	0	0	0	0	0	0	0	0	0	0	0	0	0	0	0	0
0	0	0	0	0	0	0	0	0	0	0	0	0	0	0	0	0	0	0	0	0.802846661233561	0	0.50541556731935	0.930937571329447	0	0.98111337044472	0	0.583676802038966	0	0	0	0	0.529398238169728	0	0	0	0	0	0	0	0	0	0	0	0	0	0	0	0	0	0	0	0	0	0	0	0	0	0	0	0	0	0	0	0	0	0	0	0	0	0	0	0	0	0	0	0	0	0	0	0	0	0	0	0	0	0	0	0	0
0	0	0	0	0	0	0	0	0	0	0	0	0	0	0	0	0	0	0	0	0	0	0	0.822487465260257	0.790280765079388	0	0.992607631527397	0.512315243558126	0.518248851642493	0	0	0	0	0	0.559501326850112	0	0	0	0	0	0	0	0	0	0	0	0	0	0	0	0	0	0	0	0	0	0	0	0	0	0	0	0	0	0	0	0	0	0	0	0	0	0	0	0	0	0	0	0	0	0	0	0	0	0	0	0	0	0	0
0	0	0	0	0	0	0	0	0	0	0	0	0	0	0	0	0	0	0	0	0	0	0	0.759198421738606	0	0.653993934949319	0	0	0.926785251996858	0.793098662781929	0	0	0.826191164395568	0	0	0	0	0	0	0	0	0	0	0	0	0	0	0	0	0	0	0	0	0	0	0	0	0	0	0	0	0	0	0	0	0	0	0	0	0	0	0	0	0	0	0	0	0	0	0	0	0	0	0	0	0	0	0	0	0
0	0	0	0	0	0	0	0	0	0	0	0	0	0	0	0	0	0	0	0	0	0.987031708069448	0	0	0.943537699217959	0.970213548558119	0	0	0	0	0.587806420237862	0	0	0.890112111805545	0	0	0	0	0	0	0	0	0	0	0	0	0	0	0	0	0	0	0	0	0	0	0	0	0	0	0	0	0	0	0	0	0	0	0	0	0	0	0	0	0	0	0	0	0	0	0	0	0	0	0	0	0	0	0	0
0	0	0	0	0	0	0	0	0	0	0	0	0	0	0	0	0	0	0	0	0	0	0	0	0	0.593451876517679	0.804109045913059	0	0	0.917671214743762	0	0.954205321334663	0.864987173138627	0.969888065110605	0.504796568464155	0	0	0	0	0	0	0	0	0	0	0	0	0	0	0	0	0	0	0	0	0	0	0	0	0	0	0	0	0	0	0	0	0	0	0	0	0	0	0	0	0	0	0	0	0	0	0	0	0	0	0	0	0	0	0
0	0	0	0	0	0	0	0	0	0	0	0	0	0	0	0	0	0	0	0	0	0.921051843904887	0.865983356980943	0	0	0	0.649860191099023	0	0.665669452265598	0	0.64895523736811	0	0.774318865649274	0	0	0	0	0	0	0	0	0	0	0	0	0	0	0	0	0	0	0	0	0	0	0	0	0	0	0	0	0	0	0	0	0	0	0	0	0	0	0	0	0	0	0	0	0	0	0	0	0	0	0	0	0	0	0	0	0
0	0	0	0	0	0	0	0	0	0	0	0	0	0	0	0	0	0	0	0	0	0	0	0	0	0	0	0.986733663597943	0	0.686366064851002	0	0.923144082053833	0.733946971970144	0.768225235937977	0	0	0	0	0	0	0	0	0	0	0	0	0	0	0	0	0	0	0	0	0	0	0	0	0	0	0	0	0	0	0	0	0	0	0	0	0	0	0	0	0	0	0	0	0	0	0	0	0	0	0	0	0	0	0	0
0	0	0	0	0	0	0	0	0	0	0	0	0	0	0	0	0	0	0.546085806745948	0	0	0	0	0.608644405903973	0	0	0	0	0.545143462555256	0	0.590040519403916	0	0	0.820939142758355	0.992884906136526	0	0	0	0	0	0	0	0	0	0	0	0	0	0	0	0	0	0	0	0	0	0	0	0	0	0	0	0	0	0	0	0	0	0	0	0	0	0	0	0	0	0	0	0	0	0	0	0	0	0	0	0	0	0	0
0	0	0	0	0	0	0	0	0	0	0	0	0	0	0	0	0	0	0	0	0.571339920529887	0	0.798737008409853	0	0.698033111220539	0	0.690312328926426	0	0.743192092936129	0.66600248556274	0.510324263272307	0	0	0.822430017840316	0	0	0	0	0	0	0	0	0	0	0	0	0	0	0	0	0	0	0	0	0	0	0	0	0	0	0	0	0	0	0	0	0	0	0	0	0	0	0	0	0	0	0	0	0	0	0	0	0	0	0	0	0	0	0	0
0	0	0	0	0	0	0	0	0	0	0	0	0	0	0	0	0	0	0	0	0	0.887572823797054	0	0.708761501628385	0	0	0	0.729861388133307	0.829093534769491	0	0.936682974381832	0.605700781289268	0.842443950464829	0	0	0	0	0	0	0	0	0	0	0	0	0	0	0	0	0	0	0	0	0	0	0	0	0	0	0	0	0	0	0	0	0	0	0	0	0	0	0	0	0	0	0	0	0	0	0	0	0	0	0	0	0	0	0	0	0
0	0	0	0	0	0	0	0	0	0	0	0	0	0	0	0	0	0	0.99363503793278	0	0.822222213330398	0	0	0	0	0.938146317564006	0	0	0.820147862869649	0	0	0.848087167099963	0	0	0	0.976768250043032	0	0	0	0	0	0	0	0	0	0	0	0	0	0	0	0	0	0	0	0	0	0	0	0	0	0	0	0	0	0	0	0	0	0	0	0	0	0	0	0	0	0	0	0	0	0	0	0	0	0	0	0	0	0
0	0	0	0	0	0	0	0	0	0	0	0	0	0	0	0	0	0	0.515364034432379	0	0.744021856071262	0	0.789363270083516	0	0	0	0	0	0	0	0	0	0	0	0.574203725213299	0	0	0	0	0	0	0	0	0	0	0	0	0	0	0	0	0	0	0	0	0	0	0	0	0	0	0	0	0	0	0	0	0	0	0	0	0	0	0	0	0	0	0	0	0	0	0	0	0	0	0	0	0	0	0
0	0	0	0	0	0	0	0	0	0	0	0	0	0	0	0	0	0	0	0	0	0	0	0	0	0	0	0	0	0	0	0	0	0	0	0	0	0.749180853049081	0.636779826743264	0.622502184589148	0	0	0	0.509226692048102	0.626243986299439	0.998427539124453	0.936427628208871	0.572306983251445	0.997165962695675	0.943426965042312	0.946908504041161	0.939681340123586	0.894446655873997	0.663979589405842	0	0	0	0	0	0	0	0	0	0	0	0	0	0	0	0	0	0	0	0	0	0	0	0	0	0	0	0	0	0	0	0	0	0	0	0
0	0	0	0	0	0	0	0	0	0	0	0	0	0	0	0	0	0	0	0	0	0	0	0	0	0	0	0	0	0	0	0	0	0	0	0	0.799478800404762	0	0	0	0.883725407075461	0.924916770320694	0.916774847886151	0.884588211053827	0.870525897291615	0	0.678530979896914	0	0	0.790824697790311	0.651170990791127	0.587982705023808	0.760995617316042	0.655057935440384	0	0	0	0	0	0	0	0	0	0	0	0	0	0	0	0	0	0	0	0	0	0	0	0	0	0	0	0	0	0	0	0	0	0	0	0
0	0	0	0	0	0	0	0	0	0	0	0	0	0	0	0	0	0	0	0	0	0	0	0	0	0	0	0	0	0	0	0	0	0	0	0	0.858021687673056	0	0	0.806919124043303	0.656798934541613	0.768186090666249	0.521137846534093	0.529687992014256	0	0	0	0	0	0.723583426243999	0.839043247856608	0	0.64068760645016	0.676722869033519	0	0	0	0	0	0	0	0	0	0	0	0	0	0	0	0	0	0	0	0	0	0	0	0	0	0	0	0	0	0	0	0	0	0	0	0
0	0	0	0	0	0	0	0	0	0	0	0	0	0	0	0	0	0	0	0	0	0	0	0	0	0	0	0	0	0	0	0	0	0	0	0	0.63973580733636	0	0.559896240014292	0	0.541385843865666	0.704812282709689	0.821047976643754	0.552201667128987	0.600686479943526	0.874292957946434	0	0	0	0	0	0	0.676622244499436	0.689325806228087	0	0	0	0	0	0	0	0	0	0	0	0	0	0	0	0	0	0	0	0	0	0	0	0	0	0	0	0	0	0	0	0	0	0	0	0
0	0	0	0	0	0	0	0	0	0	0	0	0	0	0	0	0	0	0	0	0	0	0	0	0	0	0	0	0	0	0	0	0	0	0	0	0	0.706182741889545	0.933982352842106	0.900426035548515	0	0.737300153167596	0.859398441832471	0.83265089694088	0.761155805233675	0.798340219800267	0.548312786260214	0	0	0	0	0	0.9981156635349	0.819781162481477	0	0	0	0	0	0	0	0	0	0	0	0	0	0	0	0	0	0	0	0	0	0	0	0	0	0	0	0	0	0	0	0	0	0	0	0
0	0	0	0	0	0	0	0	0	0	0	0	0	0	0	0	0	0	0	0	0	0	0	0	0	0	0	0	0	0	0	0	0	0	0	0	0	0.782137384993482	0.707101350706317	0.621613429068453	0.864593674739583	0	0.569370505074342	0.78676881760241	0.935680123017892	0.835783260906974	0.527286679286029	0.685543653871439	0	0	0	0.55764990580562	0	0.503215119912424	0	0	0	0	0	0	0	0	0	0	0	0	0	0	0	0	0	0	0	0	0	0	0	0	0	0	0	0	0	0	0	0	0	0	0	0
0	0	0	0	0	0	0	0	0	0	0	0	0	0	0	0	0	0	0	0	0	0	0	0	0	0	0	0	0	0	0	0	0	0	0	0	0	0.773420625817229	0.526262377416936	0.586168967415969	0.609413542021697	0.906081152680076	0	0.637040091997446	0.640139795263664	0.681791879446094	0.794447344240214	0.773834720760561	0.649984219809456	0	0	0	0	0	0	0	0	0	0	0	0	0	0	0	0	0	0	0	0	0	0	0	0	0	0	0	0	0	0	0	0	0	0	0	0	0	0	0	0	0
0	0	0	0	0	0	0	0	0	0	0	0	0	0	0	0	0	0	0	0	0	0	0	0	0	0	0	0	0	0	0	0	0	0	0	0	0.828686488975983	0.824139933780181	0.540201190482952	0.727491942669205	0.620117434242295	0.816548492664904	0.808212379128037	0	0.795678152754791	0.996100626581025	0.957498658352397	0.924266064449859	0.722469481519807	0.872241934203655	0	0	0	0	0	0	0	0	0	0	0	0	0	0	0	0	0	0	0	0	0	0	0	0	0	0	0	0	0	0	0	0	0	0	0	0	0	0	0	0
0	0	0	0	0	0	0	0	0	0	0	0	0	0	0	0	0	0	0	0	0	0	0	0	0	0	0	0	0	0	0	0	0	0	0	0	0.583026761512871	0.825007646357208	0	0.850441159142576	0.924258839114131	0.681863300937894	0.903072016392765	0.863387052870664	0	0.833596260299767	0.584512921554665	0.864669330714164	0.83510409200821	0.994424919339814	0.886812435726242	0.666562996661078	0	0	0	0	0	0	0	0	0	0	0	0	0	0	0	0	0	0	0	0	0	0	0	0	0	0	0	0	0	0	0	0	0	0	0	0	0	0
0	0	0	0	0	0	0	0	0	0	0	0	0	0	0	0	0	0	0	0	0	0	0	0	0	0	0	0	0	0	0	0	0	0	0	0	0.784664391075569	0	0	0.806070650164613	0.6573351257635	0.934626025112594	0.503562544478812	0.941957614524808	0.743752015744055	0	0.631252746144915	0.644109323282194	0.594144740487478	0.656182446199386	0.67794637369956	0.538356910361648	0	0	0	0	0	0	0	0	0	0	0	0	0	0	0	0	0	0	0	0	0	0	0	0	0	0	0	0	0	0	0	0	0	0	0	0	0	0
0	0	0	0	0	0	0	0	0	0	0	0	0	0	0	0	0	0	0	0	0	0	0	0	0	0	0	0	0	0	0	0	0	0	0	0	0.613479454845795	0.515526950297248	0	0	0.788264505611391	0.522774691110982	0.906135046254269	0.980532007097433	0.684794191989816	0.573506502900737	0	0.926969005585254	0.644667660348651	0.674220304754647	0.718463622369908	0.82736564267756	0	0.770066961299077	0	0	0	0	0	0	0	0	0	0	0	0	0	0	0	0	0	0	0	0	0	0	0	0	0	0	0	0	0	0	0	0	0	0	0	0
0	0	0	0	0	0	0	0	0	0	0	0	0	0	0	0	0	0	0	0	0	0	0	0	0	0	0	0	0	0	0	0	0	0	0	0	0.824020795421107	0	0	0	0	0.609448147197793	0.685916457214197	0.927481393927293	0.580970199490117	0.554946666668841	0.99378012627484	0	0.695403905421681	0.99082596288321	0	0.715870696651044	0.61851696584169	0.783551382416985	0	0	0	0	0	0	0	0	0	0	0	0	0	0	0	0	0	0	0	0	0	0	0	0	0	0	0	0	0	0	0	0	0	0	0	0
0	0	0	0	0	0	0	0	0	0	0	0	0	0	0	0	0	0	0	0	0	0	0	0	0	0	0	0	0	0	0	0	0	0	0	0	0.851634478739786	0	0	0	0	0	0.646178407232538	0.993483767451686	0.514227193139723	0.58562173679019	0.886637902798979	0.735343311602022	0	0.838005782447495	0.677747549377333	0.790419458228232	0.690689760887044	0.872082845651327	0	0	0	0	0	0	0	0	0	0	0	0	0	0	0	0	0	0	0	0	0	0	0	0	0	0	0	0	0	0	0	0	0	0	0	0
0	0	0	0	0	0	0	0	0	0	0	0	0	0	0	0	0	0	0	0	0	0	0	0	0	0	0	0	0	0	0	0	0	0	0	0	0.597401219769023	0.737357626615708	0.894595594652423	0	0	0	0	0.912863299290808	0.717587919557438	0.510587148559328	0.755507472336947	0.951188843945948	0.544612423712721	0	0.54707452225411	0.832049910534491	0.973921686061525	0	0	0	0	0	0	0	0	0	0	0	0	0	0	0	0	0	0	0	0	0	0	0	0	0	0	0	0	0	0	0	0	0	0	0	0	0
0	0	0	0	0	0	0	0	0	0	0	0	0	0	0	0	0	0	0	0	0	0	0	0	0	0	0	0	0	0	0	0	0	0	0	0	0.590238240853198	0.995048064404014	0.834549023812786	0	0	0	0	0	0.661767387547851	0.824086317120767	0.551081896669738	0	0.962874692469401	0.646482116133287	0	0.978246955691812	0.603220756858306	0.818317302714393	0	0	0	0	0	0	0	0	0	0	0	0	0	0	0	0	0	0	0	0	0	0	0	0	0	0	0	0	0	0	0	0	0	0	0	0
0	0	0	0	0	0	0	0	0	0	0	0	0	0	0	0	0	0	0	0	0	0	0	0	0	0	0	0	0	0	0	0	0	0	0	0	0.854327720549309	0.523096292440206	0	0	0	0.554797261566971	0	0	0.920669589698934	0.981306190382424	0.836322745566847	0.77678236450657	0.914165594899309	0.755844661459646	0.700571166341494	0	0.904710588531236	0.765837048885694	0	0	0	0	0	0	0	0	0	0	0	0	0	0	0	0	0	0	0	0	0	0	0	0	0	0	0	0	0	0	0	0	0	0	0	0
0	0	0	0	0	0	0	0	0	0	0	0	0	0	0	0	0	0	0	0	0	0	0	0	0	0	0	0	0	0	0	0	0	0	0	0	0.632995501957484	0.812868182218798	0.63286215573196	0.731974655659306	0.738341292984377	0	0	0	0	0	0	0.582852880152334	0.990695211510482	0.823794079037351	0.534823370042366	0.75122395804826	0	0.67836554849981	0	0	0	0	0	0	0	0	0	0	0	0	0	0	0	0	0	0	0	0	0	0	0	0	0	0	0	0	0	0	0	0	0	0	0	0
0	0	0	0	0	0	0	0	0	0	0	0	0	0	0	0	0	0	0	0	0	0	0	0	0	0	0	0	0	0	0	0	0	0	0	0	0.580113825386798	0.553877974232459	0.593560965322627	0.522832850041014	0.929171545631198	0.852577000564215	0	0	0	0	0.675331510539394	0.960509402281394	0.70018336210002	0	0.952403552451214	0.698965436975921	0.977891692429158	0	0	0	0	0	0	0	0	0	0	0	0	0	0	0	0	0	0	0	0	0	0	0	0	0	0	0	0	0	0	0	0	0	0	0	0	0
0	0	0	0	0	0	0	0	0	0	0	0	0	0	0	0	0	0	0	0	0	0	0	0	0	0	0	0	0	0	0	0	0	0	0	0	0	0	0	0	0	0	0	0	0	0	0	0	0	0	0	0	0	0	0	0	0.587912716604708	0	0.678102481127471	0	0	0.615882075173802	0	0	0.639606193436452	0	0	0.523745006442604	0.579586395688012	0	0.522068156976901	0.597425949765583	0	0	0	0	0	0	0	0	0	0	0	0	0	0	0	0	0	0
0	0	0	0	0	0	0	0	0	0	0	0	0	0	0	0	0	0	0	0	0	0	0	0	0	0	0	0	0	0	0	0	0	0	0	0	0	0	0	0	0	0	0	0	0	0	0	0	0	0	0	0	0	0	0	0	0.524961743926681	0.60957687496184	0.774613665774663	0.591224629800411	0	0.598553022076826	0	0	0	0	0	0	0	0.9716817881484	0.511621169438012	0.536858252725718	0	0	0	0	0	0	0	0	0	0	0	0	0	0	0	0	0	0
0	0	0	0	0	0	0	0	0	0	0	0	0	0	0	0	0	0	0	0	0	0	0	0	0	0	0	0	0	0	0	0	0	0	0	0	0	0	0	0	0	0	0	0	0	0	0	0	0	0	0	0	0	0	0.757665293528259	0.963097403645197	0	0	0.85906324157982	0.638662271121515	0.823906968145343	0	0.576021958223667	0	0	0	0	0	0	0	0.762048356661573	0.526953823271026	0	0	0	0	0	0	0	0	0	0	0	0	0	0	0	0	0	0
0	0	0	0	0	0	0	0	0	0	0	0	0	0	0	0	0	0	0	0	0	0	0	0	0	0	0	0	0	0	0	0	0	0	0	0	0	0	0	0	0	0	0	0	0	0	0	0	0	0	0	0	0	0	0	0.834133706803615	0	0	0.740005628229209	0.964123435270211	0.629410707967348	0.898083992845276	0.712112812824926	0	0	0	0	0	0	0	0	0.869568775621695	0	0	0	0	0	0	0	0	0	0	0	0	0	0	0	0	0	0
0	0	0	0	0	0	0	0	0	0	0	0	0	0	0	0	0	0	0	0	0	0	0	0	0	0	0	0	0	0	0	0	0	0	0	0	0	0	0	0	0	0	0	0	0	0	0	0	0	0	0	0	0	0	0.668422077424002	0.803605198401519	0.982076500670646	0.830847065882869	0	0.8049919250184	0	0.90873850684908	0.996672984096351	0	0	0	0.590118468445831	0	0	0	0	0	0	0	0	0	0	0	0	0	0	0	0	0	0	0	0	0	0	0
0	0	0	0	0	0	0	0	0	0	0	0	0	0	0	0	0	0	0	0	0	0	0	0	0	0	0	0	0	0	0	0	0	0	0	0	0	0	0	0	0	0	0	0	0	0	0	0	0	0	0	0	0	0	0	0.751534751887146	0.792725825174344	0.783541143851276	0.571711389309718	0	0.523352645262794	0	0.827151088072106	0	0.616170320435564	0.889892689296678	0	0	0.695354159298563	0	0	0	0	0	0	0	0	0	0	0	0	0	0	0	0	0	0	0	0	0
0	0	0	0	0	0	0	0	0	0	0	0	0	0	0	0	0	0	0	0	0	0	0	0	0	0	0	0	0	0	0	0	0	0	0	0	0	0	0	0	0	0	0	0	0	0	0	0	0	0	0	0	0	0	0	0	0.975003278400646	0.854139682774349	0	0.852241632784313	0	0.592294853951496	0.928901772687477	0.559819076912671	0.80435044854749	0	0.876754005827207	0	0	0	0	0	0	0	0	0	0	0	0	0	0	0	0	0	0	0	0	0	0	0
0	0	0	0	0	0	0	0	0	0	0	0	0	0	0	0	0	0	0	0	0	0	0	0	0	0	0	0	0	0	0	0	0	0	0	0	0	0	0	0	0	0	0	0	0	0	0	0	0	0	0	0	0	0	0.528396540976325	0.527969390587473	0	0.703390653312442	0.738635267284632	0	0.871916530505078	0	0.861838184696457	0.631189536168127	0	0.623319211424838	0	0.624153293884673	0	0.83874679051831	0	0	0	0	0	0	0	0	0	0	0	0	0	0	0	0	0	0	0	0
0	0	0	0	0	0	0	0	0	0	0	0	0	0	0	0	0	0	0	0	0	0	0	0	0	0	0	0	0	0	0	0	0	0	0	0	0	0	0	0	0	0	0	0	0	0	0	0	0	0	0	0	0	0	0	0	0.941977834281138	0.747619468690462	0.658391751621081	0.818001969895991	0.801295405214846	0.629674338204341	0	0.874634180618275	0.558892457113008	0.975054222526711	0	0.909222338175749	0.589758993263636	0	0	0	0	0	0	0	0	0	0	0	0	0	0	0	0	0	0	0	0	0
0	0	0	0	0	0	0	0	0	0	0	0	0	0	0	0	0	0	0	0	0	0	0	0	0	0	0	0	0	0	0	0	0	0	0	0	0	0	0	0	0	0	0	0	0	0	0	0	0	0	0	0	0	0	0	0	0	0	0	0	0.519024619857539	0.682940041620752	0.739944372391175	0	0.85413614078795	0.513897557501368	0.544898381012915	0.905241075429709	0	0	0	0	0	0	0	0	0	0	0	0	0	0	0	0	0	0	0	0	0	0
0	0	0	0	0	0	0	0	0	0	0	0	0	0	0	0	0	0	0	0	0	0	0	0	0	0	0	0	0	0	0	0	0	0	0	0	0	0	0	0	0	0	0	0	0	0	0	0	0	0	0	0	0	0	0.840602518113289	0	0	0	0	0.67202354309683	0.73953832067769	0	0.513281078556416	0.53757452932486	0	0	0.776632003224965	0	0.909606157320855	0	0	0	0	0	0	0	0	0	0	0	0	0	0	0	0	0	0	0	0	0
0	0	0	0	0	0	0	0	0	0	0	0	0	0	0	0	0	0	0	0	0	0	0	0	0	0	0	0	0	0	0	0	0	0	0	0	0	0	0	0	0	0	0	0	0	0	0	0	0	0	0	0	0	0	0	0	0	0	0	0.85046585884093	0	0.749504058871888	0.959298107805715	0.679531163060967	0	0	0.526805370131553	0.535251820508926	0.745393881199522	0	0	0	0	0	0	0	0	0	0	0	0	0	0	0	0	0	0	0	0	0
0	0	0	0	0	0	0	0	0	0	0	0	0	0	0	0	0	0	0	0	0	0	0	0	0	0	0	0	0	0	0	0	0	0	0	0	0	0	0	0	0	0	0	0	0	0	0	0	0	0	0	0	0	0	0	0	0	0	0.748476484668626	0	0.764752732318851	0	0	0.935915738367191	0.984870967123353	0.650126386839637	0	0.78361569849558	0.92928703465328	0.550956256184434	0.53338225169833	0.769204372848002	0	0	0	0	0	0	0	0	0	0	0	0	0	0	0	0	0	0
0	0	0	0	0	0	0	0	0	0	0	0	0	0	0	0	0	0	0	0	0	0	0	0	0	0	0	0	0	0	0	0	0	0	0	0	0	0	0	0	0	0	0	0	0	0	0	0	0	0	0	0	0	0	0.690793729502816	0	0	0	0	0	0	0.79554929060673	0.860800835867427	0.801950359273996	0	0.958935579761304	0.844849037062036	0	0.792984500962096	0	0	0	0	0	0	0	0	0	0	0	0	0	0	0	0	0	0	0	0	0
0	0	0	0	0	0	0	0	0	0	0	0	0	0	0	0	0	0	0	0	0	0	0	0	0	0	0	0	0	0	0	0	0	0	0	0	0	0	0	0	0	0	0	0	0	0	0	0	0	0	0	0	0	0	0.605180202538192	0	0	0	0	0.634602194992423	0	0	0.57956908118768	0	0.603016345970607	0.588797636833953	0.850779199783395	0.875890804717876	0	0.819717031240671	0.779429544912344	0	0	0	0	0	0	0	0	0	0	0	0	0	0	0	0	0	0	0
0	0	0	0	0	0	0	0	0	0	0	0	0	0	0	0	0	0	0	0	0	0	0	0	0	0	0	0	0	0	0	0	0	0	0	0	0	0	0	0	0	0	0	0	0	0	0	0	0	0	0	0	0	0	0	0.611309836133561	0	0	0	0	0	0.760739831676331	0	0	0	0	0.952393037596039	0	0.539384909424877	0	0.943502167944361	0.798243075884056	0	0	0	0	0	0	0	0	0	0	0	0	0	0	0	0	0	0
0	0	0	0	0	0	0	0	0	0	0	0	0	0	0	0	0	0	0	0	0	0	0	0	0	0	0	0	0	0	0	0	0	0	0	0	0	0	0	0	0	0	0	0	0	0	0	0	0	0	0	0	0	0	0.884677672298705	0.527029525142223	0.970118404796254	0	0	0	0	0	0	0	0	0	0.724360972784235	0	0.724747958067066	0.877621700563541	0	0.807611571560813	0	0	0	0	0	0	0	0	0	0	0	0	0	0	0	0	0	0
0	0	0	0	0	0	0	0	0	0	0	0	0	0	0	0	0	0	0	0	0	0	0	0	0	0	0	0	0	0	0	0	0	0	0	0	0	0	0	0	0	0	0	0	0	0	0	0	0	0	0	0	0	0	0.738441298406293	0.516897840051316	0.943716274363307	0.78745035764326	0	0	0	0	0	0	0	0	0.810313949515722	0	0	0.810776803033406	0.844619304959009	0	0	0	0	0	0	0	0	0	0	0	0	0	0	0	0	0	0	0
0	0	0	0	0	0	0	0	0	0	0	0	0	0	0	0	0	0	0	0	0	0	0	0	0	0	0	0	0	0	0	0	0	0	0	0	0	0	0	0	0	0	0	0	0	0	0	0	0	0	0	0	0	0	0	0	0	0	0	0	0	0	0	0	0	0	0	0	0	0	0	0	0	0.753838129437927	0.742309481314089	0.660433792954157	0.966460134536155	0.784263470296406	0.878167816982038	0.582930527181905	0	0	0	0.609335546218752	0.525243104595294	0.941757642131009	0.80554304128307	0.85830017731987	0.840870449412305	0.758858904772535
0	0	0	0	0	0	0	0	0	0	0	0	0	0	0	0	0	0	0	0	0	0	0	0	0	0	0	0	0	0	0	0	0	0	0	0	0	0	0	0	0	0	0	0	0	0	0	0	0	0	0	0	0	0	0	0	0	0	0	0	0	0	0	0	0	0	0	0	0	0	0	0	0.575276435149591	0	0.766639420678016	0.87453756454327	0.756702233017083	0.630587831900467	0.715301144097798	0.879804846919757	0.628201775740307	0	0	0	0.639453816700037	0.861108633546146	0.966609032545486	0.731541361065298	0.704881587120814	0.725350172715732
0	0	0	0	0	0	0	0	0	0	0	0	0	0	0	0	0	0	0	0	0	0	0	0	0	0	0	0	0	0	0	0	0	0	0	0	0	0	0	0	0	0	0	0	0	0	0	0	0	0	0	0	0	0	0	0	0	0	0	0	0	0	0	0	0	0	0	0	0	0	0	0	0.552185701671298	0.698122472294463	0	0.765303549907025	0.835135134821799	0.809230768602109	0.710205311614757	0.974777576219052	0.694116437418599	0.514305181945634	0	0	0	0.743454708824483	0.680816626318463	0.565682296769938	0.9774057252634	0.688870822696852
0	0	0	0	0	0	0	0	0	0	0	0	0	0	0	0	0	0	0	0	0	0	0	0	0	0	0	0	0	0	0	0	0	0	0	0	0	0	0	0	0	0	0	0	0	0	0	0	0	0	0	0	0	0	0	0	0	0	0	0	0	0	0	0	0	0	0	0	0	0	0	0	0.584354438277545	0.811546270609927	0.859732354032918	0	0.767049906702497	0.61558245966786	0.790730468645501	0.575465281811473	0.629039890672214	0.64714948656289	0.825085660982386	0	0	0	0.930120143693383	0.876370755261089	0.732360840434988	0.658944839713468
0	0	0	0	0	0	0	0	0	0	0	0	0	0	0	0	0	0	0	0	0	0	0	0	0	0	0	0	0	0	0	0	0	0	0	0	0	0	0	0	0	0	0	0	0	0	0	0	0	0	0	0	0	0	0	0	0	0	0	0	0	0	0	0	0	0	0	0	0	0	0	0	0.537154117864075	0.938832762180635	0.611519686968603	0.978996610859908	0	0.506941600850858	0.862868430859321	0.537419581909104	0.919388346154473	0.981668052170963	0.909356725879514	0.977085338263527	0	0	0	0.658746287043171	0.977832293900133	0.693058278183983
0	0	0	0	0	0	0	0	0	0	0	0	0	0	0	0	0	0	0	0	0	0	0	0	0	0	0	0	0	0	0	0	0	0	0	0	0	0	0	0	0	0	0	0	0	0	0	0	0	0	0	0	0	0	0	0	0	0	0	0	0	0	0	0	0	0	0	0	0	0	0	0	0.614332787750489	0.853883438269397	0.921026372025494	0.933785818969248	0.617519344861906	0	0.908640444226427	0.791510787895459	0.818435997942367	0.781615977654572	0.975206289552235	0.914043284682522	0.612987644126865	0	0	0	0.567450372529954	0.918524105294293
0	0	0	0	0	0	0	0	0	0	0	0	0	0	0	0	0	0	0	0	0	0	0	0	0	0	0	0	0	0	0	0	0	0	0	0	0	0	0	0	0	0	0	0	0	0	0	0	0	0	0	0	0	0	0	0	0	0	0	0	0	0	0	0	0	0	0	0	0	0	0	0	0.535277558723442	0.963025753830944	0.934925279812185	0.550802356638034	0.909084995238415	0.668475342582386	0	0.989255378673395	0.605304992316439	0.618112018466381	0.850806993403243	0.532762469297029	0.775553016767386	0.827686323401329	0	0	0	0.870547243845928
0	0	0	0	0	0	0	0	0	0	0	0	0	0	0	0	0	0	0	0	0	0	0	0	0	0	0	0	0	0	0	0	0	0	0	0	0	0	0	0	0	0	0	0	0	0	0	0	0	0	0	0	0	0	0	0	0	0	0	0	0	0	0	0	0	0	0	0	0	0	0	0	0.974921840663139	0.817869165679386	0.644935777469013	0.836908944983935	0.994651775254521	0.698912930049853	0.763487025930401	0	0.891825641780983	0.647042336444395	0	0.76419601397412	0.725734421469845	0.648850802820242	0.555140286469572	0	0.538014640496931	0
0	0	0	0	0	0	0	0	0	0	0	0	0	0	0	0	0	0	0	0	0	0	0	0	0	0	0	0	0	0	0	0	0	0	0	0	0	0	0	0	0	0	0	0	0	0	0	0	0	0	0	0	0	0	0	0	0	0	0	0	0	0	0	0	0	0	0	0	0	0	0	0	0	0.986862951004349	0.564381771317552	0.564491104606651	0.668840726288918	0.986679740194712	0.804010317237821	0.799437264502951	0	0.561086999830778	0.543930482954035	0.601143111452911	0.875550769982888	0.674594775022616	0.847527592051917	0.83648686147871	0	0
0	0	0	0	0	0	0	0	0	0	0	0	0	0	0	0	0	0	0	0	0	0	0	0	0	0	0	0	0	0	0	0	0	0	0	0	0	0	0	0	0	0	0	0	0	0	0	0	0	0	0	0	0	0	0	0	0	0	0	0	0	0	0	0	0	0	0	0	0	0	0	0	0	0	0.944527925915	0.617514361705448	0.538644320843579	0.999725881777424	0.641176792179839	0.905407130235454	0.982910903148953	0	0.617639571791277	0.849720439646255	0.887735267751578	0.789001322170156	0.71452904932929	0.612289106554722	0.552834666542914	0
0	0	0	0	0	0	0	0	0	0	0	0	0	0	0	0	0	0	0	0	0	0	0	0	0	0	0	0	0	0	0	0	0	0	0	0	0	0	0	0	0	0	0	0	0	0	0	0	0	0	0	0	0	0	0	0	0	0	0	0	0	0	0	0	0	0	0	0	0	0	0	0	0	0	0	0.554423988286686	0.767988466381241	0.618378675258281	0.664038923785782	0	0.693033308742663	0.649087753842954	0	0.551757264054953	0.78497712357392	0.838937632606327	0.678099118374407	0.518036738745827	0.875350094728187	0.514319970055456
0	0	0	0	0	0	0	0	0	0	0	0	0	0	0	0	0	0	0	0	0	0	0	0	0	0	0	0	0	0	0	0	0	0	0	0	0	0	0	0	0	0	0	0	0	0	0	0	0	0	0	0	0	0	0	0	0	0	0	0	0	0	0	0	0	0	0	0	0	0	0	0	0.7496958240436	0	0	0	0.888903588862447	0.833494080102693	0.865223416073013	0.879954458473061	0.508232437478328	0.707668425738735	0.735981719093519	0	0.576881004574797	0.869737237992212	0.73106819057942	0.796179214088209	0.598445528927732	0.871549093124235
0	0	0	0	0	0	0	0	0	0	0	0	0	0	0	0	0	0	0	0	0	0	0	0	0	0	0	0	0	0	0	0	0	0	0	0	0	0	0	0	0	0	0	0	0	0	0	0	0	0	0	0	0	0	0	0	0	0	0	0	0	0	0	0	0	0	0	0	0	0	0	0	0.790174233420468	0.874804526728527	0	0	0	0.890757856865177	0.82760079210312	0.571953300800823	0.572152481611092	0.567911449802456	0.850706577490622	0.909997343199733	0	0.874222167017165	0.600600972237562	0.513782775674188	0.521645668919836	0.951101631169434
0	0	0	0	0	0	0	0	0	0	0	0	0	0	0	0	0	0	0	0	0	0	0	0	0	0	0	0	0	0	0	0	0	0	0	0	0	0	0	0	0	0	0	0	0	0	0	0	0	0	0	0	0	0	0	0	0	0	0	0	0	0	0	0	0	0	0	0	0	0	0	0	0.9238074393755	0.764304551231546	0.698081680093512	0	0	0	0.57835378060535	0.588039420752402	0.585205921090209	0.865871829028406	0.902934068741531	0.757638092893098	0.547234926875267	0	0.521435447312959	0.783086711707047	0.549981428907985	0.725956259447706
0	0	0	0	0	0	0	0	0	0	0	0	0	0	0	0	0	0	0	0	0	0	0	0	0	0	0	0	0	0	0	0	0	0	0	0	0	0	0	0	0	0	0	0	0	0	0	0	0	0	0	0	0	0	0	0	0	0	0	0	0	0	0	0	0	0	0	0	0	0	0	0	0.598443765235177	0.754161030534754	0.799134492878933	0.612046481023098	0	0	0	0.669307431429206	0.59523232067464	0.84403235447344	0.562870360628206	0.807656246710942	0.845932723323639	0.680395854477528	0	0.751715711062836	0.503248393102644	0.612384643569725
0	0	0	0	0	0	0	0	0	0	0	0	0	0	0	0	0	0	0	0	0	0	0	0	0	0	0	0	0	0	0	0	0	0	0	0	0	0	0	0	0	0	0	0	0	0	0	0	0	0	0	0	0	0	0	0	0	0	0	0	0	0	0	0	0	0	0	0	0	0	0	0	0.891158717407806	0.802108409325516	0.582048905961538	0.534082044594463	0.511710917359245	0	0	0	0.911007560833514	0.539975557690394	0.816123901212562	0.97422738826702	0.79359543130781	0.801793657083566	0.596696128902647	0	0.795944932677246	0.825754963231929
0	0	0	0	0	0	0	0	0	0	0	0	0	0	0	0	0	0	0	0	0	0	0	0	0	0	0	0	0	0	0	0	0	0	0	0	0	0	0	0	0	0	0	0	0	0	0	0	0	0	0	0	0	0	0	0	0	0	0	0	0	0	0	0	0	0	0	0	0	0	0	0	0.757521699234202	0.819178745494043	0.811109702621867	0.645761906560597	0.990835622194488	0.555512859854606	0	0.598587438559254	0	0.827175157543285	0.615574995996199	0.785629478611738	0.517214012100917	0.680401977944061	0.843342209564244	0.665409741316162	0	0.848503274791271
0	0	0	0	0	0	0	0	0	0	0	0	0	0	0	0	0	0	0	0	0	0	0	0	0	0	0	0	0	0	0	0	0	0	0	0	0	0	0	0	0	0	0	0	0	0	0	0	0	0	0	0	0	0	0	0	0	0	0	0	0	0	0	0	0	0	0	0	0	0	0	0	0.528264333824841	0.859474313302095	0.522131933072587	0.840168125564592	0.544087233896421	0.75226997844609	0.541184589594364	0	0	0	0.588236039095349	0.69883281846239	0.9434019177264	0.858481557864686	0.822929753885239	0.894828896655958	0.639223607105618	0
