0	0	0	0.572415836370457	0	0.831970436334611	0	0.857090296501821	0	0	0	0.582008741777851	0	0.713221306164562	0.527625921755153	0.658690430809659	0	0.621223729585511	0	0	0	0	0.580634056121266	0	0	0	0.604095391661635	0.840912681063142	0.632765840283062	0	0	0	0	0	0	0	0	0	0	0	0	0	0	0	0	0	0	0	0	0	0	0	0	0	0	0	0	0	0	0	0	0	0	0	0	0	0	0	0	0	0	0	0	0	0	0	0	0	0	0	0	0	0	0	0	0	0	0	0	0
0	0	0.53820982175696	0.896441428617252	0	0.684930760785309	0	0	0.589084997015095	0	0.95445235508063	0.562118997800572	0.648400424489895	0.707297788523892	0.971818695959847	0.797743235844617	0	0	0	0	0	0	0	0	0	0	0.695193142306515	0	0.558731314642913	0	0	0	0	0	0	0	0	0	0	0	0	0	0	0	0	0	0	0	0	0	0	0	0	0	0	0	0	0	0	0	0	0	0	0	0	0	0	0	0	0	0	0	0	0	0	0	0	0	0	0	0	0	0	0	0	0	0	0	0	0
0	0.847887778110072	0	0	0.748698527054645	0	0	0.968518328002223	0	0	0.749646788443221	0.624486571798094	0.634380833042377	0.997398147110447	0	0	0	0	0.517690466103567	0.876975091262797	0	0	0	0.955899948438779	0.703095170500912	0	0	0.726061276788726	0	0.694488585821717	0	0	0	0	0	0	0	0	0	0	0	0	0	0	0	0	0	0	0	0	0	0	0	0	0	0	0	0	0	0	0	0	0	0	0	0	0	0	0	0	0	0	0	0	0	0	0	0	0	0	0	0	0	0	0	0	0	0	0	0
0.624589380726259	0.844469427837113	0	0	0.922978325428526	0.505988006626165	0.604690085232671	0	0.806631338617022	0	0	0.554687733609195	0	0	0.627207713703602	0.980238791056224	0	0	0	0.693880806000405	0	0.538506294740787	0	0.522703683211214	0.844316763334846	0.910192042247761	0	0.516140070419853	0	0	0	0	0	0	0	0	0	0	0	0	0	0	0	0	0	0	0	0	0	0	0	0	0	0	0	0	0	0	0	0	0	0	0	0	0	0	0	0	0	0	0	0	0	0	0	0	0	0	0	0	0	0	0	0	0	0	0	0	0	0
0	0	0.784296546946474	0.597454804631303	0	0.663935784599466	0	0	0.510113046862165	0	0	0.909070652380312	0	0.84745625939528	0.727432899613561	0	0	0	0	0	0	0	0.757568162265831	0.757122590218849	0.863648486779006	0	0	0	0.873288920487499	0	0	0	0	0	0	0	0	0	0	0	0	0	0	0	0	0	0	0	0	0	0	0	0	0	0	0	0	0	0	0	0	0	0	0	0	0	0	0	0	0	0	0	0	0	0	0	0	0	0	0	0	0	0	0	0	0	0	0	0	0
0.50159842776393	0.744814837158722	0	0.868088510028	0.858860815214096	0	0.525840156070969	0.968957302406003	0	0.969572250119801	0.57660478962386	0.658211204287443	0	0	0.870724650827474	0.94766565645538	0	0.52753749047788	0.996543913847001	0	0.865199717309964	0.593117494858389	0	0	0	0	0.699055982243432	0.578116389232396	0	0	0	0	0	0	0	0	0	0	0	0	0	0	0	0	0	0	0	0	0	0	0	0	0	0	0	0	0	0	0	0	0	0	0	0	0	0	0	0	0	0	0	0	0	0	0	0	0	0	0	0	0	0	0	0	0	0	0	0	0	0
0	0	0	0.953486108106871	0	0.965619775380309	0	0.72679539975568	0	0	0.608032557168252	0.878904350940435	0.628711134141371	0	0	0.608629009500898	0	0	0	0.659147728583894	0	0.712748166836875	0	0.598134670066643	0	0	0.914075812294331	0.788352337542284	0	0	0	0	0	0	0	0	0	0	0	0	0	0	0	0	0	0	0	0	0	0	0	0	0	0	0	0	0	0	0	0	0	0	0	0	0	0	0	0	0	0	0	0	0	0	0	0	0	0	0	0	0	0	0	0	0	0	0	0	0	0
0.825462970082046	0	0.561680783454212	0	0	0.810577153546762	0.818738261480287	0	0.991026548906055	0	0.579671754325739	0.617074394215984	0	0	0	0	0	0	0.709029389387934	0.677103493590227	0.670930009947569	0.769487217831394	0	0.775150033521915	0.513732650630534	0	0	0	0.790714895911376	0.697053723973732	0	0	0	0	0	0	0	0	0	0	0	0	0	0	0	0	0	0	0	0	0	0	0	0	0	0	0	0	0	0	0	0	0	0	0	0	0	0	0	0	0	0	0	0	0	0	0	0	0	0	0	0	0	0	0	0	0	0	0	0
0	0.649193166586425	0	0.65187516867357	0.659227606295152	0	0	0.955553327160882	0	0.509267226732902	0.609460816295477	0.914041092289217	0.926550754274141	0	0	0.933260198661084	0	0	0	0	0.799460877788899	0.771130752808342	0.694712749738932	0.622494898888782	0	0.663757749821148	0.728510505570908	0	0	0	0	0	0	0	0	0	0	0	0	0	0	0	0	0	0	0	0	0	0	0	0	0	0	0	0	0	0	0	0	0	0	0	0	0	0	0	0	0	0	0	0	0	0	0	0	0	0	0	0	0	0	0	0	0	0	0	0	0	0	0
0	0	0	0	0	0.681146864979444	0	0	0.530578016498265	0	0	0.67398589857846	0	0	0	0	0	0	0.984276544025683	0.753666158749231	0.627290631737298	0.516534633716914	0	0	0	0	0.66736824824845	0	0.711882161372055	0	0	0	0	0	0	0	0	0	0	0	0	0	0	0	0	0	0	0	0	0	0	0	0	0	0	0	0	0	0	0	0	0	0	0	0	0	0	0	0	0	0	0	0	0	0	0	0	0	0	0	0	0	0	0	0	0	0	0	0	0
0	0.919811623502705	0.95459005098231	0	0	0.518805735055124	0.779453211869762	0.847398335719135	0.751643223616177	0	0	0.88646649179548	0.544492511279225	0.748469143892209	0.747303094042294	0	0	0.831119730778641	0	0.637698358345064	0	0	0	0	0.795117296207887	0	0	0	0	0.868128718984237	0	0	0	0	0	0	0	0	0	0	0	0	0	0	0	0	0	0	0	0	0	0	0	0	0	0	0	0	0	0	0	0	0	0	0	0	0	0	0	0	0	0	0	0	0	0	0	0	0	0	0	0	0	0	0	0	0	0	0	0
0.902371412102667	0.694795329220208	0.895114652027257	0.741950121500844	0.850095516774009	0.520532335049542	0.562754576382842	0.935175737258614	0.754985417872618	0.808574841978151	0.852000426580445	0	0.557302681957731	0.613047145384415	0	0.881509557024714	0	0	0.886087148580283	0	0.681969618674437	0	0	0	0	0	0.557920585633205	0.881522622147762	0.891092535275064	0.900598423864614	0	0	0	0	0	0	0	0	0	0	0	0	0	0	0	0	0	0	0	0	0	0	0	0	0	0	0	0	0	0	0	0	0	0	0	0	0	0	0	0	0	0	0	0	0	0	0	0	0	0	0	0	0	0	0	0	0	0	0	0
0	0.549759742131824	0.839709666473183	0	0	0	0.589833229904368	0	0.678563241390402	0	0.727413450982798	0.842388760389754	0	0.977702059574733	0.949328852271245	0.967753459077719	0.598281251889669	0.509707216598143	0.785341699866358	0.545230997656124	0.829794433264388	0	0	0	0	0.720850508333473	0	0	0	0	0	0	0	0	0	0	0	0	0	0	0	0	0	0	0	0	0	0	0	0	0	0	0	0	0	0	0	0	0	0	0	0	0	0	0	0	0	0	0	0	0	0	0	0	0	0	0	0	0	0	0	0	0	0	0	0	0	0	0	0
0.861713599026878	0.671541140010882	0.95010214606279	0	0.808148150554226	0	0	0	0	0	0.989883110137113	0.516649185215939	0.501249126933106	0	0.57116494192633	0	0.81412789940819	0	0.949043757253658	0.644652187722859	0	0.990308428408542	0	0	0	0.684099133467778	0.798036254691415	0	0.950704992110686	0	0	0	0	0	0	0	0	0	0	0	0	0	0	0	0	0	0	0	0	0	0	0	0	0	0	0	0	0	0	0	0	0	0	0	0	0	0	0	0	0	0	0	0	0	0	0	0	0	0	0	0	0	0	0	0	0	0	0	0	0
0.727252265896698	0.83978523173444	0	0.650659169860399	0.698934315896393	0.925444477829219	0	0	0	0	0.797691930588683	0	0.876233079490277	0.791691114367966	0	0.649817343161876	0	0	0.913174777590016	0.869629811403087	0.529830514731833	0	0	0.781773565867305	0.812538761373558	0.942759803869255	0	0	0	0	0	0	0	0	0	0	0	0	0	0	0	0	0	0	0	0	0	0	0	0	0	0	0	0	0	0	0	0	0	0	0	0	0	0	0	0	0	0	0	0	0	0	0	0	0	0	0	0	0	0	0	0	0	0	0	0	0	0	0	0
0.966257724087588	0.542261859874483	0	0.952152209259531	0	0.721849522769498	0.710895549766941	0	0.541341203498463	0	0	0.593133659841523	0.729056405844188	0	0.668834293701075	0	0.523685299629087	0.622441916540261	0.93463072638031	0	0	0.970982396030089	0	0.919888373049383	0	0	0	0	0.545771537566259	0	0	0	0	0	0	0	0	0	0	0	0	0	0	0	0	0	0	0	0	0	0	0	0	0	0	0	0	0	0	0	0	0	0	0	0	0	0	0	0	0	0	0	0	0	0	0	0	0	0	0	0	0	0	0	0	0	0	0	0	0
0	0	0	0	0	0	0	0	0	0	0	0	0.627107972944701	0.571701853415998	0	0.74079348365994	0	0	0.854494618896349	0.608213723360666	0	0.582289296451066	0.916048710434251	0.62529707855286	0.728112341569419	0	0.888065110980341	0.953455342875698	0	0.710493032696036	0	0	0	0	0	0	0	0	0	0	0	0	0	0	0	0	0	0	0	0	0	0	0	0	0	0	0	0	0	0	0	0	0	0	0	0	0	0	0	0	0	0	0	0	0	0	0	0	0	0	0	0	0	0	0	0	0	0	0	0
0.831435918058547	0	0	0	0	0.765109615401189	0	0	0	0	0.909993809805958	0	0.821429471638981	0	0	0.768809257889327	0	0	0.864346966806456	0.843803309598855	0.631750574367428	0	0.506695241154312	0.991665498425871	0.946974375154737	0.973357667705607	0.748675454452226	0	0	0.564273767283101	0	0	0	0	0	0	0	0	0	0	0	0	0	0	0	0	0	0	0	0	0	0	0	0	0	0	0	0	0	0	0	0	0	0	0	0	0	0	0	0	0	0	0	0	0	0	0	0	0	0	0	0	0	0	0	0	0	0	0	0
0	0	0.644022426553258	0	0	0.528741934397754	0	0.762837220868759	0	0.861330627943429	0	0.563328833899656	0.519116904606762	0.55441995164127	0.825922442441791	0.550897715208062	0.657180364596961	0.857017513945813	0	0	0.993971988712457	0.604396861888437	0.843493640005619	0.943934225361953	0	0.590202228547557	0	0.757752798054766	0	0	0	0	0	0	0	0	0	0	0	0	0	0	0	0	0	0	0	0	0	0	0	0	0	0	0	0	0	0	0	0	0	0	0	0	0	0	0	0	0	0	0	0	0	0	0	0	0	0	0	0	0	0	0	0	0	0	0	0	0	0
0	0	0.675839120104414	0.728865688624375	0	0	0.743659720117643	0.841332598715304	0	0.639243009353175	0.688644001571326	0	0.905236234158462	0.94636304968787	0.79914993453004	0	0.715372604975121	0.778808485146567	0	0	0.60827861784094	0.91707383390603	0.972418529692413	0	0.584917083472689	0.784903148256365	0.895789812851306	0	0.67409301047501	0	0	0	0	0	0	0	0	0	0	0	0	0	0	0	0	0	0	0	0	0	0	0	0	0	0	0	0	0	0	0	0	0	0	0	0	0	0	0	0	0	0	0	0	0	0	0	0	0	0	0	0	0	0	0	0	0	0	0	0	0
0	0	0	0	0	0.530352048801572	0	0.516434828826929	0.603704174577638	0.562685138427025	0	0.831230272767635	0.756477129037038	0	0.565049568923757	0	0	0.716934187502712	0.817246641677212	0.564983365383761	0	0.774805426869023	0.550945745360947	0.837637961103175	0.662487603695984	0	0.839169791251857	0	0.95337866283233	0.510866164580059	0	0	0	0	0	0	0	0	0	0	0	0	0	0	0	0	0	0	0	0	0	0	0	0	0	0	0	0	0	0	0	0	0	0	0	0	0	0	0	0	0	0	0	0	0	0	0	0	0	0	0	0	0	0	0	0	0	0	0	0
0	0	0	0.898611327118982	0	0.939570500810614	0.852663384789685	0.771640844951321	0.56241128246385	0.5010460067898	0	0	0	0.948412574159851	0	0.914929508209272	0.55785147319578	0	0.750086507977431	0.964663317699619	0.803073319299042	0	0	0.821414053003219	0	0	0	0	0.594590674945936	0	0	0	0	0	0	0	0	0	0	0	0	0	0	0	0	0	0	0	0	0	0	0	0	0	0	0	0	0	0	0	0	0	0	0	0	0	0	0	0	0	0	0	0	0	0	0	0	0	0	0	0	0	0	0	0	0	0	0	0	0
0.785460757887445	0	0	0	0.632675691184989	0	0	0	0.535400648155871	0	0	0	0	0	0	0	0.905236619103262	0.762449602051552	0.726267347577433	0.822582857219177	0.833272202831559	0	0	0.650638786794376	0	0.82656498776534	0	0	0.794361834151411	0.874722991921303	0	0	0	0	0	0	0	0	0	0	0	0	0	0	0	0	0	0	0	0	0	0	0	0	0	0	0	0	0	0	0	0	0	0	0	0	0	0	0	0	0	0	0	0	0	0	0	0	0	0	0	0	0	0	0	0	0	0	0	0
0	0	0.665853054605843	0.510045600829852	0.765297757287639	0	0.504249053524003	0.738849360026474	0.817984847911842	0	0	0	0	0	0.863629212774686	0.97361507166006	0.811224900423662	0.909893204508603	0.894803275092808	0	0.815591596912683	0.610574630671139	0.988603323424593	0	0.673808078072774	0	0	0.530876422362388	0.697511358692007	0	0	0	0	0	0	0	0	0	0	0	0	0	0	0	0	0	0	0	0	0	0	0	0	0	0	0	0	0	0	0	0	0	0	0	0	0	0	0	0	0	0	0	0	0	0	0	0	0	0	0	0	0	0	0	0	0	0	0	0	0
0	0	0.889650843451897	0.895290681634028	0.907352490626366	0	0	0.60808211059927	0	0	0.638939558312622	0	0	0	0.614238445805827	0	0.842723373515634	0.707140812663852	0	0.933089745043058	0.866166436071942	0	0	0.681014807381433	0	0	0.672884225366204	0.831298776499423	0.90650745862714	0	0	0	0	0	0	0	0	0	0	0	0	0	0	0	0	0	0	0	0	0	0	0	0	0	0	0	0	0	0	0	0	0	0	0	0	0	0	0	0	0	0	0	0	0	0	0	0	0	0	0	0	0	0	0	0	0	0	0	0	0
0	0	0	0.741856051801535	0	0	0	0	0.723452430294332	0	0	0	0.985188619483238	0.510642088508349	0.906846415603577	0	0	0.814162649922828	0.942666427768665	0.656392461918557	0	0	0.753567395325077	0	0	0	0.938626150871894	0	0	0	0	0	0	0	0	0	0	0	0	0	0	0	0	0	0	0	0	0	0	0	0	0	0	0	0	0	0	0	0	0	0	0	0	0	0	0	0	0	0	0	0	0	0	0	0	0	0	0	0	0	0	0	0	0	0	0	0	0	0	0
0.511058990480519	0.737495047409004	0	0	0	0.931927038986515	0.908052370295493	0	0.794927619093867	0.985592094907054	0	0.641821705858447	0	0.945809764566028	0	0	0.901793329330001	0.663655899186453	0	0.591572548922988	0.743266086989375	0	0	0	0.865958960013195	0.533943322091742	0	0	0	0	0	0	0	0	0	0	0	0	0	0	0	0	0	0	0	0	0	0	0	0	0	0	0	0	0	0	0	0	0	0	0	0	0	0	0	0	0	0	0	0	0	0	0	0	0	0	0	0	0	0	0	0	0	0	0	0	0	0	0	0
0.836031280520571	0	0.667248748889742	0.543897191011578	0	0.905508396741734	0.764481396751821	0	0	0	0	0.916349098275396	0	0	0	0	0.728787069877375	0	0.63127173022929	0	0	0	0	0.619129550431552	0.947335868802217	0	0	0	0.579722597792134	0	0	0	0	0	0	0	0	0	0	0	0	0	0	0	0	0	0	0	0	0	0	0	0	0	0	0	0	0	0	0	0	0	0	0	0	0	0	0	0	0	0	0	0	0	0	0	0	0	0	0	0	0	0	0	0	0	0	0	0	0
0.764003738546935	0.53027131569142	0	0	0.683697936177992	0	0	0.72590907468267	0	0.679770037635143	0	0.899267623689473	0	0.811205538357291	0	0.770347645624661	0	0	0	0.850432101779974	0.67862699174522	0.629668508212953	0.978867434547145	0.799753763051802	0.859072256374267	0	0	0.977998599231169	0	0.796711860986384	0	0	0	0	0	0	0	0	0	0	0	0	0	0	0	0	0	0	0	0	0	0	0	0	0	0	0	0	0	0	0	0	0	0	0	0	0	0	0	0	0	0	0	0	0	0	0	0	0	0	0	0	0	0	0	0	0	0	0	0
0	0	0.755510154515956	0	0	0	0	0.955887190786749	0	0	0.67094929525532	0.963124518822516	0	0	0	0	0.719575158994454	0.807274016152197	0	0	0.943746654176532	0	0.657705216519245	0	0	0	0	0	0.739883162968961	0	0	0	0	0	0	0	0	0	0	0	0	0	0	0	0	0	0	0	0	0	0	0	0	0	0	0	0	0	0	0	0	0	0	0	0	0	0	0	0	0	0	0	0	0	0	0	0	0	0	0	0	0	0	0	0	0	0	0	0	0
0	0	0	0	0	0	0	0	0	0	0	0	0	0	0	0	0	0	0	0	0	0	0	0	0	0	0	0	0	0	0	0.884110235621777	0	0.76412841923107	0.807982654812349	0	0	0.619684008699579	0	0	0	0	0	0	0	0	0	0	0	0	0	0	0	0	0	0.726047009937551	0.656979871791446	0.918097314009712	0.73935431789217	0	0	0	0	0	0	0	0	0	0	0	0	0	0	0	0	0	0	0	0	0	0	0	0	0	0	0	0	0	0	0
0	0	0	0	0	0	0	0	0	0	0	0	0	0	0	0	0	0	0	0	0	0	0	0	0	0	0	0	0	0	0.835269145773392	0	0	0.749047728787064	0.797578759560249	0.670767452567627	0	0	0	0	0	0	0	0	0	0	0.608885794136318	0	0	0	0	0	0	0	0	0	0.660570817953177	0.918489591010572	0.803177569123617	0.948705445006258	0	0	0	0	0	0	0	0	0	0	0	0	0	0	0	0	0	0	0	0	0	0	0	0	0	0	0	0	0	0
0	0	0	0	0	0	0	0	0	0	0	0	0	0	0	0	0	0	0	0	0	0	0	0	0	0	0	0	0	0	0	0	0	0.827053798221481	0.8145836357311	0.557028725539493	0.92008744713059	0	0	0	0	0	0	0	0	0	0	0	0	0	0	0	0	0	0.824668109774149	0	0	0	0.998059743464676	0.630215674095859	0	0	0	0	0	0	0	0	0	0	0	0	0	0	0	0	0	0	0	0	0	0	0	0	0	0	0	0	0	0
0	0	0	0	0	0	0	0	0	0	0	0	0	0	0	0	0	0	0	0	0	0	0	0	0	0	0	0	0	0	0.805815843984097	0.86237022151726	0.982622290520603	0	0.665639592570926	0.570754451559176	0.951384428412009	0.91956539078092	0	0	0	0	0	0	0	0	0	0	0	0	0	0	0	0	0	0	0	0	0	0.920037962428625	0	0	0	0	0	0	0	0	0	0	0	0	0	0	0	0	0	0	0	0	0	0	0	0	0	0	0	0	0	0
0	0	0	0	0	0	0	0	0	0	0	0	0	0	0	0	0	0	0	0	0	0	0	0	0	0	0	0	0	0	0.770132931369587	0.908451302288896	0.667694161848068	0.613304048127918	0	0.971735111239804	0.771153942582554	0.674345860975181	0.601516934517551	0.521057047309066	0	0	0	0	0	0	0	0	0	0	0	0	0	0	0.74983538042323	0	0	0	0	0	0	0	0	0	0	0	0	0	0	0	0	0	0	0	0	0	0	0	0	0	0	0	0	0	0	0	0	0	0	0
0	0	0	0	0	0	0	0	0	0	0	0	0	0	0	0	0	0	0	0	0	0	0	0	0	0	0	0	0	0	0	0.748194386276884	0.85811379428388	0.693706392902193	0.705811699855282	0	0.578390922118627	0.993900585069051	0.509802929063886	0.505376869828137	0.590271762026105	0	0	0	0	0	0	0	0	0	0	0	0	0	0	0	0	0	0	0	0	0	0	0	0	0	0	0	0	0	0	0	0	0	0	0	0	0	0	0	0	0	0	0	0	0	0	0	0	0
0	0	0	0	0	0	0	0	0	0	0	0	0	0	0	0	0	0	0	0	0	0	0	0	0	0	0	0	0	0	0	0	0.649346546178709	0.969452183005491	0.965229594869327	0.853773677480779	0	0.861817313095847	0.526539920425176	0.780894848913245	0.590966152330577	0	0	0	0	0	0	0	0	0	0	0	0	0	0	0	0	0	0	0	0	0	0	0	0	0	0	0	0	0	0	0	0	0	0	0	0	0	0	0	0	0	0	0	0	0	0	0	0	0
0	0	0	0	0	0	0	0	0	0	0	0	0	0	0	0	0	0	0	0	0	0	0	0	0	0	0	0	0	0	0.795165462941439	0	0	0.961330144693769	0.617622144878916	0.57221214918235	0.680362050598203	0	0.618869260115492	0	0.612855073534216	0.750131677629633	0	0	0	0	0.748101917380929	0	0	0	0	0	0	0	0	0	0	0	0	0	0	0	0	0	0	0	0	0	0	0	0	0	0	0	0	0	0	0	0	0	0	0	0	0	0	0	0	0	0	0
0	0	0	0	0	0	0	0	0	0	0	0	0	0	0	0	0	0	0	0	0	0	0	0	0	0	0	0	0	0	0	0	0	0	0.725140590525891	0.873130512621965	0.5422930390535	0.66427368655275	0	0.588851369596399	0.72483991758985	0.979620658438114	0.730410110114387	0	0	0	0	0	0	0	0	0	0	0	0	0	0	0	0	0	0	0	0	0	0	0	0	0	0	0	0	0	0	0	0	0	0	0	0	0	0	0	0	0	0	0	0	0	0	0
0	0	0	0	0	0	0	0	0	0	0	0	0	0	0	0	0	0	0	0	0	0	0	0	0	0	0	0	0	0	0	0	0	0	0.651246470952955	0.753249086540168	0.508876623243011	0	0.525212713353066	0	0.746176515903652	0	0.705608895700105	0	0	0	0	0	0	0	0	0	0.643839269707436	0	0	0	0	0	0	0	0	0	0	0	0	0	0	0	0	0	0	0	0	0	0	0	0	0	0	0	0	0	0	0	0	0	0	0	0	0
0	0	0	0	0	0	0	0	0	0	0	0	0	0	0	0	0	0	0	0	0	0	0	0	0	0	0	0	0	0	0	0	0	0	0	0.903761572033612	0.610289608599387	0.882318247374969	0.659877921663039	0.55094045507986	0	0.852610085831789	0	0	0.910581227541793	0.695659436888006	0	0	0.526929189067216	0	0	0	0	0	0	0	0.760833644290306	0	0.761991138018797	0	0	0	0	0	0	0	0	0	0	0	0	0	0	0	0	0	0	0	0	0	0	0	0	0	0	0	0	0	0	0
0	0	0	0	0	0	0	0	0	0	0	0	0	0	0	0	0	0	0	0	0	0	0	0	0	0	0	0	0	0	0	0	0	0	0	0	0	0.72945284398674	0.741059151576005	0	0.694194083368665	0	0.698329472055854	0.926293653271165	0	0	0	0	0.817089963306472	0	0	0	0	0.994964360936245	0	0	0	0	0	0	0	0	0	0	0	0	0	0	0	0	0	0	0	0	0	0	0	0	0	0	0	0	0	0	0	0	0	0	0	0
0	0	0	0	0	0	0	0	0	0	0	0	0	0	0	0	0	0	0	0	0	0	0	0	0	0	0	0	0	0	0	0	0	0	0	0	0	0	0.707472347363484	0.969782253308028	0	0.615151503488204	0	0.900119079654241	0.592465297998928	0	0.835862991676351	0	0	0	0	0	0.709712850435708	0	0	0.911981063928771	0	0	0	0	0	0	0	0	0	0	0	0	0	0	0	0	0	0	0	0	0	0	0	0	0	0	0	0	0	0	0	0	0	0
0	0	0	0	0	0	0	0	0	0	0	0	0	0	0	0	0	0	0	0	0	0	0	0	0	0	0	0	0	0	0	0	0	0	0	0	0	0	0	0	0	0.85879529951316	0.954712091484156	0	0.816491185180304	0.801691811032416	0	0.794236386211681	0	0.54994823273637	0	0	0	0	0	0	0	0	0	0.860558272949716	0	0	0	0	0	0	0	0	0	0	0	0	0	0	0	0	0	0	0	0	0	0	0	0	0	0	0	0	0	0
0	0	0	0	0	0	0	0	0	0	0	0	0	0	0	0	0	0	0	0	0	0	0	0	0	0	0	0	0	0	0	0	0	0	0	0	0	0	0	0	0.774462452543277	0	0.555057020208282	0.730625752482529	0	0.595400936015989	0.91303564204021	0.974823158962069	0	0	0	0	0	0	0	0.585988317260416	0.510435189151058	0	0	0	0	0	0	0	0	0	0	0	0	0	0	0	0	0	0	0	0	0	0	0	0	0	0	0	0	0	0	0	0	0
0	0	0	0	0	0	0	0	0	0	0	0	0	0	0	0	0	0	0	0	0	0	0	0	0	0	0	0	0	0	0	0	0	0	0	0	0	0	0	0	0.591696019401876	0	0	0.873982289162774	0.841083699417281	0	0	0.973496731192025	0	0	0.979213257623817	0	0	0.931171458459826	0.703308813460113	0.940504155237492	0	0	0	0	0	0	0	0	0	0	0	0	0	0	0	0	0	0	0	0	0	0	0	0	0	0	0	0	0	0	0	0	0	0
0	0	0	0	0	0	0	0	0	0	0	0	0	0	0	0	0	0	0	0	0	0	0	0	0	0	0	0	0	0	0	0.501609867416805	0	0	0	0	0	0.722257779028594	0	0	0	0	0.619481517808212	0	0.653750513841161	0	0	0.834524931138609	0.734358791144242	0.750384101973863	0.547239096600409	0	0	0	0	0	0	0	0	0	0	0	0	0	0	0	0	0	0	0	0	0	0	0	0	0	0	0	0	0	0	0	0	0	0	0	0	0	0	0
0	0	0	0	0	0	0	0	0	0	0	0	0	0	0	0	0	0	0	0	0	0	0	0	0	0	0	0	0	0	0	0	0	0	0	0	0	0	0	0	0	0	0	0.99145778696249	0.617632626214014	0.609480053202139	0.783052261826658	0	0.604390226396744	0.940362411043458	0.694087518708089	0.834896035628933	0	0	0	0	0	0	0	0	0	0	0	0	0	0	0	0	0	0	0	0	0	0	0	0	0	0	0	0	0	0	0	0	0	0	0	0	0	0
0	0	0	0	0	0	0	0	0	0	0	0	0	0	0	0	0	0	0	0	0	0	0	0	0	0	0	0	0	0	0	0	0	0	0	0	0	0	0	0	0.90153141046689	0.947322135592496	0	0	0	0	0.860092548170304	0.683734696666239	0	0	0.707370108714446	0.951922678367156	0.775758339976127	0	0	0	0	0	0	0	0	0	0	0	0	0	0	0	0	0	0	0	0	0	0	0	0	0	0	0	0	0	0	0	0	0	0	0	0	0
0	0	0	0	0	0	0	0	0	0	0	0	0	0	0	0	0	0	0	0	0	0	0	0	0	0	0	0	0	0	0	0	0	0	0	0	0	0	0	0	0	0	0	0.731392627344083	0	0	0.659075447042422	0.918027161268778	0	0	0	0.778459545025946	0.702689234410867	0.520067201251611	0	0	0	0	0	0	0	0	0	0	0	0	0	0	0	0	0	0	0	0	0	0	0	0	0	0	0	0	0	0	0	0	0	0	0	0
0	0	0	0	0	0	0	0	0	0	0	0	0	0	0	0	0	0	0	0	0	0	0	0	0	0	0	0	0	0	0	0	0	0	0	0	0	0	0	0	0	0	0	0	0	0.721487724269846	0.607129704991471	0.829221510857504	0.670156070928223	0	0	0.742877588767901	0.697286968623615	0.839845305636165	0.734253157206537	0	0	0	0	0	0	0	0	0	0	0	0	0	0	0	0	0	0	0	0	0	0	0	0	0	0	0	0	0	0	0	0	0	0	0
0	0	0	0	0	0	0	0	0	0	0	0	0	0	0	0	0	0	0	0	0	0	0	0	0	0	0	0	0	0	0	0	0	0	0	0	0	0	0	0	0	0	0	0	0	0	0	0.944997745550407	0.878674712495197	0.607353960851815	0.521871643742047	0	0.896921278873982	0.521472700241075	0	0.726492330585554	0	0	0	0.555684931653516	0	0	0	0	0	0	0	0	0	0	0	0	0	0	0	0	0	0	0	0	0	0	0	0	0	0	0	0	0	0
0	0	0	0	0	0	0	0	0	0	0	0	0	0	0	0	0	0	0	0	0	0	0	0	0	0	0	0	0	0	0	0	0	0	0	0	0	0	0	0.572736921396791	0	0	0.679750153820543	0	0	0	0	0	0.81734826258209	0.81294415154468	0.745230549194472	0.948583872424854	0	0.736442481780744	0.709587589646324	0.941418277119064	0.776575406380235	0	0	0	0	0	0	0	0	0	0	0	0	0	0	0	0	0	0	0	0	0	0	0	0	0	0	0	0	0	0	0	0	0
0	0	0	0	0	0	0	0	0	0	0	0	0	0	0	0	0	0	0	0	0	0	0	0	0	0	0	0	0	0	0	0	0	0	0	0	0	0	0	0	0	0.625344217250023	0	0	0	0.576528358681252	0	0	0	0.981333981878949	0.955991312888029	0.5372322797007	0.9264870609268	0	0.545315044266385	0.76219993200967	0	0.715909641916942	0	0	0	0	0	0	0	0	0	0	0	0	0	0	0	0	0	0	0	0	0	0	0	0	0	0	0	0	0	0	0	0
0	0	0	0	0	0	0	0	0	0	0	0	0	0	0	0	0	0	0	0	0	0	0	0	0	0	0	0	0	0	0	0	0.521721911089517	0	0.563331913733149	0	0	0	0	0	0	0	0	0	0	0.516428776606526	0	0	0	0	0.652013116834278	0	0.529196822357285	0.930261849042189	0	0.913333854455553	0	0.69805911573443	0	0	0	0	0	0	0	0	0	0	0	0	0	0	0	0	0	0	0	0	0	0	0	0	0	0	0	0	0	0	0	0
0	0	0	0	0	0	0	0	0	0	0	0	0	0	0	0	0	0	0	0	0	0	0	0	0	0	0	0	0	0	0.877019074309026	0	0	0	0	0	0	0	0	0	0	0	0.501869036800314	0	0.955311281719922	0.52328810510468	0	0	0	0	0	0.543616451965356	0.988504888741567	0.863172214531628	0.773697511226689	0	0	0.991176647687327	0	0.760115737942074	0	0	0	0	0	0	0	0	0	0	0	0	0	0	0	0	0	0	0	0	0	0	0	0	0	0	0	0	0	0
0	0	0	0	0	0	0	0	0	0	0	0	0	0	0	0	0	0	0	0	0	0	0	0	0	0	0	0	0	0	0.60150195890466	0.865853112429836	0	0	0	0	0	0	0	0	0.878321622778979	0	0	0	0.834018312568698	0	0	0	0	0	0	0	0.814659574843967	0	0	0	0	0	0	0	0	0	0	0	0	0	0	0	0	0	0	0	0	0	0	0	0	0	0	0	0	0	0	0	0	0	0	0	0	0
0	0	0	0	0	0	0	0	0	0	0	0	0	0	0	0	0	0	0	0	0	0	0	0	0	0	0	0	0	0	0.843745596419945	0.714442098977298	0	0	0	0	0	0	0	0	0	0	0	0	0	0	0	0	0	0	0	0	0	0.768233010469794	0.714977977915176	0.838971646774123	0	0	0.761038088184158	0.645069911896346	0	0	0	0	0	0	0	0	0	0	0	0	0	0	0	0	0	0	0	0	0	0	0	0	0	0	0	0	0	0
0	0	0	0	0	0	0	0	0	0	0	0	0	0	0	0	0	0	0	0	0	0	0	0	0	0	0	0	0	0	0.820506697483687	0.611948608246581	0.558952182085303	0	0	0	0	0	0	0	0.921025659612619	0	0	0	0	0	0	0	0	0	0	0	0	0	0	0	0	0.873716333650515	0	0.798725217375136	0	0	0	0	0	0	0	0	0	0	0	0	0	0	0	0	0	0	0	0	0	0	0	0	0	0	0	0	0	0
0	0	0	0	0	0	0	0	0	0	0	0	0	0	0	0	0	0	0	0	0	0	0	0	0	0	0	0	0	0	0	0.58365861138891	0.772096937791968	0.683460647299244	0	0	0	0	0	0	0	0	0	0.739725808185333	0	0	0	0	0	0	0	0.796534178006781	0	0	0	0.82727411769166	0	0.704945134634195	0.603810404884243	0	0	0	0	0	0	0	0	0	0	0	0	0	0	0	0	0	0	0	0	0	0	0	0	0	0	0	0	0	0	0
0	0	0	0	0	0	0	0	0	0	0	0	0	0	0	0	0	0	0	0	0	0	0	0	0	0	0	0	0	0	0	0	0	0	0	0	0	0	0	0	0	0	0	0	0	0	0	0	0	0	0	0	0	0	0	0	0	0	0	0	0	0.657987084021357	0.856522172359213	0.921675142398441	0	0.945323259735836	0	0	0	0	0	0	0	0	0	0	0	0	0	0	0.742777929363614	0	0	0	0	0.615367340217816	0.719249824329893	0.957147474425358	0.696162793364291	0.563577273857002
0	0	0	0	0	0	0	0	0	0	0	0	0	0	0	0	0	0	0	0	0	0	0	0	0	0	0	0	0	0	0	0	0	0	0	0	0	0	0	0	0	0	0	0	0	0	0	0	0	0	0	0	0	0	0	0	0	0	0	0	0.613253399572922	0	0.692604354521733	0.755818521458217	0.771884788617864	0.830424859063814	0.810517641172929	0	0	0	0	0	0	0	0	0	0	0	0	0	0	0	0	0	0	0	0.55278075398812	0.94731390686571	0.781100911985265	0.516287124185625
0	0	0	0	0	0	0	0	0	0	0	0	0	0	0	0	0	0	0	0	0	0	0	0	0	0	0	0	0	0	0	0	0	0	0	0	0	0	0	0	0	0	0	0	0	0	0	0	0	0	0	0	0	0	0	0	0	0	0	0	0.759551582171367	0.660743356514085	0	0.798225160865507	0.575761456534973	0.598589584621235	0.959630166785216	0.630431819768179	0	0	0	0	0	0	0	0	0	0	0	0	0	0	0.72361846844083	0	0	0	0	0.565646699172423	0.701935586409364	0.801098850306198
0	0	0	0	0	0	0	0	0	0	0	0	0	0	0	0	0	0	0	0	0	0	0	0	0	0	0	0	0	0	0	0	0	0	0	0	0	0	0	0	0	0	0	0	0	0	0	0	0	0	0	0	0	0	0	0	0	0	0	0	0.501426657069598	0.561621597652027	0.589232671164042	0	0.588306261191907	0.94758656803939	0.629720404296671	0.647153391173304	0.755674668676469	0	0	0	0	0	0	0	0	0	0	0	0	0	0	0	0	0	0	0	0.75769014128892	0.600813548938691
0	0	0	0	0	0	0	0	0	0	0	0	0	0	0	0	0	0	0	0	0	0	0	0	0	0	0	0	0	0	0	0	0	0	0	0	0	0	0	0	0	0	0	0	0	0	0	0	0	0	0	0	0	0	0	0	0	0	0	0	0	0.94468568842733	0.651775148885318	0.922884114327842	0	0.935507507545478	0.523668750009701	0	0.560631018108831	0.98972425925611	0	0	0	0	0	0	0.99076583950513	0	0	0	0	0	0	0	0	0	0	0	0	0.698458412415847
0	0	0	0	0	0	0	0	0	0	0	0	0	0	0	0	0	0	0	0	0	0	0	0	0	0	0	0	0	0	0	0	0	0	0	0	0	0	0	0	0	0	0	0	0	0	0	0	0	0	0	0	0	0	0	0	0	0	0	0	0.761699908893885	0.620666937931744	0.860803672016806	0.713151369342979	0.629804898076336	0	0.98686911340362	0.869762331492425	0.966820574152301	0.633089734418024	0.915287314582775	0	0	0	0	0	0	0	0	0	0	0	0	0	0	0	0	0	0	0
0	0	0	0	0	0	0	0	0	0	0	0	0	0	0	0	0	0	0	0	0	0	0	0	0	0	0	0	0	0	0	0	0	0	0	0	0	0	0	0	0	0	0	0	0	0	0	0	0	0	0	0	0	0	0	0	0	0	0	0	0	0.946228297236125	0.888469436834177	0.826235940628042	0.959455595898212	0.975397627246459	0	0.971297325426187	0.860740874936535	0	0.881566225663363	0.962993060430075	0	0	0	0	0	0	0	0	0	0	0	0	0	0	0	0	0	0.907293972949622
0	0	0	0	0	0	0	0	0	0	0	0	0	0	0	0	0	0	0	0	0	0	0	0	0	0	0	0	0	0	0	0	0	0	0	0	0	0	0	0	0	0	0	0	0	0	0	0	0	0	0	0	0	0	0	0	0	0	0	0	0	0	0.752421143722994	0.831198433358275	0	0.883748235635122	0.564685087570374	0	0.664413903485196	0.503903160128992	0.518057805688173	0.588475241350524	0.827655954265554	0	0	0	0	0	0	0	0	0	0	0	0	0	0	0	0	0
0	0	0	0	0	0	0	0	0	0	0	0	0	0	0	0	0	0	0	0	0	0	0	0	0	0	0	0	0	0	0	0	0	0	0	0	0	0	0	0	0	0	0	0	0	0	0	0	0	0	0	0	0	0	0	0	0	0	0	0	0	0	0	0.777300214777778	0.930092804691022	0.69423538885579	0.899374407737819	0.943829750992576	0	0.728067307279699	0.89164467361816	0.979513729130296	0.564470006919722	0.515339246143397	0	0	0	0	0	0	0	0	0	0	0	0	0	0	0	0
0	0	0	0	0	0	0	0	0	0	0	0	0	0	0	0	0	0	0	0	0	0	0	0	0	0	0	0	0	0	0	0	0	0	0	0	0	0	0	0	0	0	0	0	0	0	0	0	0	0	0	0	0	0	0	0	0	0	0	0	0	0	0	0	0.987418030289571	0.720775966061435	0	0.919120674496304	0.656335722841371	0	0.892811145680457	0.721776903626596	0.821755018625353	0.561567154488213	0.574819055918029	0	0	0	0	0	0	0	0	0	0	0	0	0	0	0
0	0	0	0	0	0	0	0	0	0	0	0	0	0	0	0	0	0	0	0	0	0	0	0	0	0	0	0	0	0	0	0	0	0	0	0	0	0	0	0	0	0	0	0	0	0	0	0	0	0	0	0	0	0	0	0	0	0	0	0	0	0	0	0	0	0.787677838216088	0.551838689104854	0.683025434426122	0.788021422668211	0.971000306561217	0	0.528347855236942	0	0.728733846719539	0.793841938024834	0.764231328975096	0	0	0.928105800655671	0	0	0	0	0.807842639392102	0	0	0	0	0	0
0	0	0	0	0	0	0	0	0	0	0	0	0	0	0	0	0	0	0	0	0	0	0	0	0	0	0	0	0	0	0	0	0	0	0	0	0	0	0	0	0	0	0	0	0	0	0	0	0	0	0	0	0	0	0	0	0	0	0	0	0	0	0	0	0	0	0.776109132107893	0.860585179427756	0.896471845825962	0.765807340485884	0.972322550282488	0	0	0.56869533519945	0.813467077596014	0.609043637629083	0	0	0	0	0	0	0.518838143208709	0	0	0	0	0.747685242110558	0	0
0	0	0	0	0	0	0	0	0	0	0	0	0	0	0	0	0	0	0	0	0	0	0	0	0	0	0	0	0	0	0	0	0	0	0	0	0	0	0	0	0	0	0	0	0	0	0	0	0	0	0	0	0	0	0	0	0	0	0	0	0	0	0	0	0	0	0	0.96536991300125	0.559892102330554	0.897488607983698	0	0	0	0.789726930601773	0.886309627463897	0.579440675098626	0.766028146180565	0.677879030012793	0	0	0	0	0	0	0	0	0	0	0	0
0	0	0	0	0	0	0	0	0	0	0	0	0	0	0	0	0	0	0	0	0	0	0	0	0	0	0	0	0	0	0	0	0	0	0	0	0	0	0	0	0	0	0	0	0	0	0	0	0	0	0	0	0	0	0	0	0	0	0	0	0	0	0	0	0	0	0	0	0.897548471566897	0.773628864611231	0.565118166901026	0.518523912098381	0.895405558499053	0	0.509779129786674	0.553311242399511	0.511418592065366	0.731832677444555	0.89521909615652	0	0	0	0	0	0	0	0	0	0	0
0	0	0	0	0	0	0	0	0	0	0	0	0	0	0	0	0	0	0	0	0	0	0	0	0	0	0	0	0	0	0	0	0	0	0	0	0	0	0	0	0	0	0	0	0	0	0	0	0	0	0	0	0	0	0	0	0	0	0	0	0	0	0	0	0	0	0	0	0	0.811084130890138	0.792717816098124	0.644273232098273	0.721217096068553	0.809989215147324	0	0.74073144079497	0.503767769663633	0.956858820786392	0.696291777659921	0.858290240975054	0	0	0	0	0	0	0	0	0	0
0	0	0	0	0	0	0	0	0	0	0	0	0	0	0	0	0	0	0	0	0	0	0	0	0	0	0	0	0	0	0	0	0	0	0	0	0	0	0	0	0	0	0	0	0	0	0	0	0	0	0	0	0	0	0	0	0	0	0	0	0	0	0	0	0	0	0	0	0	0	0.725623761245648	0.831935499478565	0.677380035272612	0.738771873973323	0.704138755997573	0	0.960177371084302	0.866322781972081	0.57786909343129	0.779336558412252	0.863546177699248	0	0	0	0	0	0	0	0	0
0	0	0	0	0	0	0	0	0	0	0	0	0	0	0	0	0	0	0	0	0	0	0	0	0	0	0	0	0	0	0	0	0	0	0	0	0	0	0	0	0	0	0	0	0	0	0	0	0	0	0	0	0	0	0	0	0	0	0	0	0	0	0	0	0.725436299327503	0	0	0	0	0	0	0	0.545751947812035	0.61833670460147	0.509731711763263	0.623306308395835	0	0	0.637429095370672	0.689114511022211	0.942871151072102	0.980177167538036	0	0	0.99133797180119	0	0	0	0	0
0	0	0	0	0	0	0	0	0	0	0	0	0	0	0	0	0	0	0	0	0	0	0	0	0	0	0	0	0	0	0	0	0	0	0	0	0	0	0	0	0	0	0	0	0	0	0	0	0	0	0	0	0	0	0	0	0	0	0	0	0	0	0	0	0	0	0	0	0	0	0	0	0.925016509930983	0.694931778698927	0.784630124530095	0.650576053322865	0	0	0.565134186478123	0.748582935922028	0.755230323173649	0.864434798408784	0.799819038645342	0	0	0	0	0	0	0
0	0	0	0	0	0	0	0	0	0	0	0	0	0	0	0	0	0	0	0	0	0	0	0	0	0	0	0	0	0	0	0	0	0	0	0	0	0	0	0	0	0	0	0	0	0	0	0	0	0	0	0	0	0	0	0	0	0	0	0	0	0	0	0	0	0	0	0	0	0	0.861943494411399	0	0	0.58310402936631	0.7737415736802	0.587470399780638	0.634981163526297	0.74217894122272	0	0.868258432632211	0.894688890284703	0.955550895215512	0.807631699314018	0.99130179862763	0	0	0	0	0	0
0	0	0	0	0	0	0	0	0	0	0	0	0	0	0	0	0	0	0	0	0	0	0	0	0	0	0	0	0	0	0	0	0	0	0	0	0	0	0	0	0	0	0	0	0	0	0	0	0	0	0	0	0	0	0	0	0	0	0	0	0	0	0	0	0	0	0	0	0	0	0	0	0	0	0.882890913529997	0.838055596970352	0.534975483959023	0.935867052806417	0.713370185472707	0	0.569740398192843	0.870084671611981	0.939945917551569	0.893090072968587	0.645539610574234	0	0	0	0	0
0	0	0	0	0	0	0	0	0	0	0	0	0	0	0	0	0	0	0	0	0	0	0	0	0	0	0	0	0	0	0	0	0	0	0	0	0	0	0	0	0	0	0	0	0	0	0	0	0	0	0	0	0	0	0	0	0	0	0	0	0.90789475218148	0	0	0	0	0	0	0	0	0	0	0	0	0	0	0.734283201495881	0.816977922348627	0.56329870863233	0.888368669864273	0.825526680936511	0	0.766495642998953	0.732760692067267	0.534115736146884	0.976088179525105	0.914770570001496	0	0	0	0
0	0	0	0	0	0	0	0	0	0	0	0	0	0	0	0	0	0	0	0	0	0	0	0	0	0	0	0	0	0	0	0	0	0	0	0	0	0	0	0	0	0	0	0	0	0	0	0	0	0	0	0	0	0	0	0	0	0	0	0	0	0	0	0	0	0	0	0	0	0	0	0	0	0	0	0	0.533117458251955	0.811009595921235	0.857997693930587	0.629252219387825	0.935006230906755	0	0.859073929984592	0.56239339178673	0.687294790381971	0.713298183919806	0.829848288526516	0	0	0
0	0	0	0	0	0	0	0	0	0	0	0	0	0	0	0	0	0	0	0	0	0	0	0	0	0	0	0	0	0	0	0	0	0	0	0	0	0	0	0	0	0	0	0	0	0	0	0	0	0	0	0	0	0	0	0	0	0	0	0	0	0	0.568321934375099	0	0	0	0	0	0	0	0	0.52273958974003	0	0	0	0	0	0.630955274334211	0.966484276023741	0.844744208519831	0.969185882655406	0.598892878517858	0	0	0.909153256554276	0.721978123286297	0.608579876706888	0.719273459908808	0	0
0	0	0	0	0	0	0	0	0	0	0	0	0	0	0	0	0	0	0	0	0	0	0	0	0	0	0	0	0	0	0	0	0	0	0	0	0	0	0	0	0	0	0	0	0	0	0	0	0	0	0	0	0	0	0	0	0	0	0	0	0	0	0	0	0	0	0	0	0	0	0.65935977628744	0	0	0	0	0	0	0	0.533533232007489	0.64882971377321	0.609425437636405	0.620933058400038	0	0	0	0.508607718608071	0.614562560558894	0.5870573267859	0.769736546072119	0
0	0	0	0	0	0	0	0	0	0	0	0	0	0	0	0	0	0	0	0	0	0	0	0	0	0	0	0	0	0	0	0	0	0	0	0	0	0	0	0	0	0	0	0	0	0	0	0	0	0	0	0	0	0	0	0	0	0	0	0	0	0	0	0	0	0	0	0	0	0	0	0	0	0	0	0	0.584075311948673	0	0	0.786093357198434	0.861782881363745	0.641597197429275	0.684887426680921	0	0	0.649269914146556	0.857297366836941	0.67770494092938	0.839232073686621	0.629510339459593
0	0	0	0	0	0	0	0	0	0	0	0	0	0	0	0	0	0	0	0	0	0	0	0	0	0	0	0	0	0	0	0	0	0	0	0	0	0	0	0	0	0	0	0	0	0	0	0	0	0	0	0	0	0	0	0	0	0	0	0	0.739649049081893	0	0	0	0	0	0	0	0	0	0	0	0	0	0	0	0	0	0	0	0.665870052645575	0.62488500813128	0.618779158137915	0.610053829395636	0.652864070443563	0	0.559268275209283	0.785456014099865	0.968766510664916	0.719238643691614
0	0	0	0	0	0	0	0	0	0	0	0	0	0	0	0	0	0	0	0	0	0	0	0	0	0	0	0	0	0	0	0	0	0	0	0	0	0	0	0	0	0	0	0	0	0	0	0	0	0	0	0	0	0	0	0	0	0	0	0	0.858256179906805	0.979719912639383	0	0	0	0	0	0	0	0	0	0	0	0	0	0	0	0	0	0	0	0.840055834496612	0.727247147831271	0.778887264558873	0.899733775651958	0.634484766524617	0	0.510481213969762	0.613640160728805	0.702780129562017
0	0	0	0	0	0	0	0	0	0	0	0	0	0	0	0	0	0	0	0	0	0	0	0	0	0	0	0	0	0	0	0	0	0	0	0	0	0	0	0	0	0	0	0	0	0	0	0	0	0	0	0	0	0	0	0	0	0	0	0	0.92336520315818	0.98736186493077	0.900564909057038	0	0	0	0	0	0	0	0	0.527573444127863	0	0	0	0	0	0	0	0	0	0	0.686147677807964	0.668682213166954	0.87495494673801	0.556735456306576	0.559539086263288	0	0.684063837489317	0.742185471417936
0	0	0	0	0	0	0	0	0	0	0	0	0	0	0	0	0	0	0	0	0	0	0	0	0	0	0	0	0	0	0	0	0	0	0	0	0	0	0	0	0	0	0	0	0	0	0	0	0	0	0	0	0	0	0	0	0	0	0	0	0.967097164129792	0.650849123464389	0.976741881537376	0.535906718157414	0	0	0	0	0	0	0	0	0	0	0	0	0	0	0	0	0	0	0	0.919471194746543	0.851866544866411	0.527805855628557	0.513361322882451	0.566387160362507	0	0.614778874593562
0	0	0	0	0	0	0	0	0	0	0	0	0	0	0	0	0	0	0	0	0	0	0	0	0	0	0	0	0	0	0	0	0	0	0	0	0	0	0	0	0	0	0	0	0	0	0	0	0	0	0	0	0	0	0	0	0	0	0	0	0.68802537864777	0.662358269711033	0.761626289645285	0.591017579077086	0.841174601069857	0	0.55314667805956	0	0	0	0	0	0	0	0	0	0	0	0	0	0	0	0	0	0.90807636298052	0.745534924854624	0.69585518093335	0.507444503409204	0.776244702642052	0
